Mechanical Governor - Abrupt Load Increase(1800 W) - Initially Constant Load (1500 W)
Trial: 2
Date: 3-31-2023
Time: 3:31 PM
Ambient Temp: 81
Head Temp: 209.1

------ Microcontroller Engine Governor - Version: 1.16 ------
-------------------------------------------------------------
PID Gains:        Kp: 0.013000   Ki: 0.025000   Kd: 1.000000
-------------------------------------------------------------
Set RPM:             3600    |  Min RPM:                300
                             |
RPM Precision        10       |  PID I Precision:         70
                             |
Start Steps:         850     |  Max Steps:               1200
                             |
RPM Calc Interval:   1       |  Num Magnets:             1
                             |
LCD Update Interval: 400     |  Serial Update Interval:  50
-------------------------------------------------------------

Time,RPM,Steps Remaining, PID p, PID i, PID d, RPM Change, P Cmd, I Cmd, D Cmd
1226,0.00,0,0,0,0,0.00,0,0,0
1276,0.00,0,0,0,0,0.00,0,0,0
1326,0.00,0,0,0,0,0.00,0,0,0
1376,0.00,0,0,0,0,0.00,0,0,0
1426,0.00,0,0,0,0,0.00,0,0,0
1476,0.00,0,0,0,0,0.00,0,0,0
1526,0.00,0,0,0,0,0.00,0,0,0
1576,0.00,0,0,0,0,0.00,0,0,0
1626,0.00,0,0,0,0,0.00,0,0,0
1676,0.00,0,0,0,0,0.00,0,0,0
1726,0.00,0,0,0,0,0.00,0,0,0
1776,0.00,0,0,0,0,0.00,0,0,0
1826,0.00,0,0,0,0,0.00,0,0,0
1876,0.00,0,0,0,0,0.00,0,0,0
1926,0.00,0,0,0,0,0.00,0,0,0
1976,0.00,0,0,0,0,0.00,0,0,0
2026,0.00,0,0,0,0,0.00,0,0,0
2076,0.00,0,0,0,0,0.00,0,0,0
2126,0.00,0,0,0,0,0.00,0,0,0
2176,0.00,0,0,0,0,0.00,0,0,0
2226,0.00,0,0,0,0,0.00,0,0,0
2276,0.00,0,0,0,0,0.00,0,0,0
2326,0.00,0,0,0,0,0.00,0,0,0
2376,0.00,0,0,0,0,0.00,0,0,0
2426,0.00,0,0,0,0,0.00,0,0,0
2476,0.00,0,0,0,0,0.00,0,0,0
2526,0.00,0,0,0,0,0.00,0,0,0
2576,0.00,0,0,0,0,0.00,0,0,0
2626,0.00,0,0,0,0,0.00,0,0,0
2676,0.00,0,0,0,0,0.00,0,0,0
2726,0.00,0,0,0,0,0.00,0,0,0
2776,0.00,0,0,0,0,0.00,0,0,0
2826,0.00,0,0,0,0,0.00,0,0,0
2876,0.00,0,0,0,0,0.00,0,0,0
2926,0.00,0,0,0,0,0.00,0,0,0
2976,0.00,0,0,0,0,0.00,0,0,0
3026,0.00,0,0,0,0,0.00,0,0,0
3076,0.00,0,0,0,0,0.00,0,0,0
3126,0.00,0,0,0,0,0.00,0,0,0
3176,0.00,0,0,0,0,0.00,0,0,0
3226,0.00,0,0,0,0,0.00,0,0,0
3276,0.00,0,0,0,0,0.00,0,0,0
3326,0.00,0,0,0,0,0.00,0,0,0
3376,0.00,0,0,0,0,0.00,0,0,0
3426,0.00,0,0,0,0,0.00,0,0,0
3476,0.00,0,0,0,0,0.00,0,0,0
3526,0.00,0,0,0,0,0.00,0,0,0
3576,0.00,0,0,0,0,0.00,0,0,0
3627,0.00,0,0,0,0,0.00,0,0,0
3677,0.00,0,0,0,0,0.00,0,0,0
3727,0.00,0,0,0,0,0.00,0,0,0
3777,0.00,0,0,0,0,0.00,0,0,0
3827,0.00,0,0,0,0,0.00,0,0,0
3877,0.00,0,0,0,0,0.00,0,0,0
3927,0.00,0,0,0,0,0.00,0,0,0
3977,0.00,0,0,0,0,0.00,0,0,0
4027,0.00,0,0,0,0,0.00,0,0,0
4077,0.00,0,0,0,0,0.00,0,0,0
4127,0.00,0,0,0,0,0.00,0,0,0
4177,0.00,0,0,0,0,0.00,0,0,0
4227,0.00,0,0,0,0,0.00,0,0,0
4277,0.00,0,0,0,0,0.00,0,0,0
4327,0.00,0,0,0,0,0.00,0,0,0
4377,0.00,0,0,0,0,0.00,0,0,0
4427,0.00,0,0,0,0,0.00,0,0,0
4477,0.00,0,0,0,0,0.00,0,0,0
4527,0.00,0,0,0,0,0.00,0,0,0
4577,0.00,0,0,0,0,0.00,0,0,0
4627,0.00,0,0,0,0,0.00,0,0,0
4677,0.00,0,0,0,0,0.00,0,0,0
4727,0.00,0,0,0,0,0.00,0,0,0
4777,0.00,0,0,0,0,0.00,0,0,0
4827,0.00,0,0,0,0,0.00,0,0,0
4877,0.00,0,0,0,0,0.00,0,0,0
4927,0.00,0,0,0,0,0.00,0,0,0
4977,0.00,0,0,0,0,0.00,0,0,0
5027,0.00,0,0,0,0,0.00,0,0,0
5078,0.00,0,0,0,0,0.00,0,0,0
5128,0.00,0,0,0,0,0.00,0,0,0
5178,0.00,0,0,0,0,0.00,0,0,0
5228,0.00,0,0,0,0,0.00,0,0,0
5278,0.00,0,0,0,0,0.00,0,0,0
5328,0.00,0,0,0,0,0.00,0,0,0
5378,0.00,0,0,0,0,0.00,0,0,0
5428,0.00,0,0,0,0,0.00,0,0,0
5478,0.00,0,0,0,0,0.00,0,0,0
5528,0.00,0,0,0,0,0.00,0,0,0
5578,0.00,0,0,0,0,0.00,0,0,0
5628,0.00,0,0,0,0,0.00,0,0,0
5678,0.00,0,0,0,0,0.00,0,0,0
5728,0.00,0,0,0,0,0.00,0,0,0
5778,0.00,0,0,0,0,0.00,0,0,0
5828,0.00,0,0,0,0,0.00,0,0,0
5878,0.00,0,0,0,0,0.00,0,0,0
5928,0.00,0,0,0,0,0.00,0,0,0
5978,0.00,0,0,0,0,0.00,0,0,0
6028,0.00,0,0,0,0,0.00,0,0,0
6078,0.00,0,0,0,0,0.00,0,0,0
6128,0.00,0,0,0,0,0.00,0,0,0
6178,0.00,0,0,0,0,0.00,0,0,0
6228,0.00,0,0,0,0,0.00,0,0,0
6278,0.00,0,0,0,0,0.00,0,0,0
6328,0.00,0,0,0,0,0.00,0,0,0
6378,0.00,0,0,0,0,0.00,0,0,0
6428,0.00,0,0,0,0,0.00,0,0,0
6478,0.00,0,0,0,0,0.00,0,0,0
6528,0.00,0,0,0,0,0.00,0,0,0
6578,0.00,0,0,0,0,0.00,0,0,0
6628,0.00,0,0,0,0,0.00,0,0,0
6678,0.00,0,0,0,0,0.00,0,0,0
6728,0.00,0,0,0,0,0.00,0,0,0
6778,0.00,0,0,0,0,0.00,0,0,0
6828,0.00,0,0,0,0,0.00,0,0,0
6878,0.00,0,0,0,0,0.00,0,0,0
6928,0.00,0,0,0,0,0.00,0,0,0
6978,0.00,0,0,0,0,0.00,0,0,0
7028,0.00,0,0,0,0,0.00,0,0,0
7078,0.00,0,0,0,0,0.00,0,0,0
7128,0.00,0,0,0,0,0.00,0,0,0
7178,0.00,0,0,0,0,0.00,0,0,0
7228,0.00,0,0,0,0,0.00,0,0,0
7278,0.00,0,0,0,0,0.00,0,0,0
7328,0.00,0,0,0,0,0.00,0,0,0
7378,0.00,0,0,0,0,0.00,0,0,0
7428,0.00,0,0,0,0,0.00,0,0,0
7478,0.00,0,0,0,0,0.00,0,0,0
7528,0.00,0,0,0,0,0.00,0,0,0
7578,0.00,0,0,0,0,0.00,0,0,0
7628,0.00,0,0,0,0,0.00,0,0,0
7678,0.00,0,0,0,0,0.00,0,0,0
7728,0.00,0,0,0,0,0.00,0,0,0
7778,0.00,0,0,0,0,0.00,0,0,0
7828,0.00,0,0,0,0,0.00,0,0,0
7878,0.00,0,0,0,0,0.00,0,0,0
7928,0.00,0,0,0,0,0.00,0,0,0
7979,0.00,0,0,0,0,0.00,0,0,0
8029,0.00,0,0,0,0,0.00,0,0,0
8079,0.00,0,0,0,0,0.00,0,0,0
8129,0.00,0,0,0,0,0.00,0,0,0
8179,0.00,0,0,0,0,0.00,0,0,0
8229,0.00,0,0,0,0,0.00,0,0,0
8279,0.00,0,0,0,0,0.00,0,0,0
8329,0.00,0,0,0,0,0.00,0,0,0
8379,0.00,0,0,0,0,0.00,0,0,0
8429,0.00,0,0,0,0,0.00,0,0,0
8479,0.00,0,0,0,0,0.00,0,0,0
8529,0.00,0,0,0,0,0.00,0,0,0
8579,0.00,0,0,0,0,0.00,0,0,0
8629,0.00,0,0,0,0,0.00,0,0,0
8679,0.00,0,0,0,0,0.00,0,0,0
8729,0.00,0,0,0,0,0.00,0,0,0
8779,0.00,0,0,0,0,0.00,0,0,0
8829,0.00,0,0,0,0,0.00,0,0,0
8879,0.00,0,0,0,0,0.00,0,0,0
8929,0.00,0,0,0,0,0.00,0,0,0
8979,0.00,0,0,0,0,0.00,0,0,0
9029,0.00,0,0,0,0,0.00,0,0,0
9079,0.00,0,0,0,0,0.00,0,0,0
9129,0.00,0,0,0,0,0.00,0,0,0
9179,0.00,0,0,0,0,0.00,0,0,0
9229,0.00,0,0,0,0,0.00,0,0,0
9279,0.00,0,0,0,0,0.00,0,0,0
9329,0.00,0,0,0,0,0.00,0,0,0
9379,0.00,0,0,0,0,0.00,0,0,0
9430,0.00,0,0,0,0,0.00,0,0,0
9480,0.00,0,0,0,0,0.00,0,0,0
9530,0.00,0,0,0,0,0.00,0,0,0
9580,0.00,0,0,0,0,0.00,0,0,0
9630,0.00,0,0,0,0,0.00,0,0,0
9680,0.00,0,0,0,0,0.00,0,0,0
9730,0.00,0,0,0,0,0.00,0,0,0
9780,0.00,0,0,0,0,0.00,0,0,0
9830,0.00,0,0,0,0,0.00,0,0,0
9880,0.00,0,0,0,0,0.00,0,0,0
9930,0.00,0,0,0,0,0.00,0,0,0
9980,inf,0,0,0,0,inf,0,0,0
10030,inf,0,0,0,0,inf,0,0,0
10080,inf,0,0,0,0,inf,0,0,0
10130,inf,0,0,0,0,inf,0,0,0
11290,1973.51,20,21,0,0,inf,21,0,0
11340,3813.88,-15,-2,0,-17,-267.78,29,1,168
11390,3630.20,0,0,0,0,165.34,32,1,168
11440,3581.66,0,0,0,0,36.28,32,1,168
11490,3607.50,0,0,0,0,25.77,32,1,168
11540,3570.58,0,0,0,0,47.37,32,1,168
11590,3628.45,0,0,0,0,-45.93,32,1,168
11640,3581.66,0,0,0,0,42.40,32,1,168
11691,3607.50,0,0,0,0,27.50,32,1,168
11741,3569.73,0,0,0,0,49.09,32,1,168
11791,3617.07,0,0,0,0,-35.41,32,1,168
11841,3580.81,0,0,0,0,47.64,32,1,168
11891,3628.45,0,0,0,0,-45.93,32,1,168
11941,3581.66,0,0,0,0,58.23,32,1,168
11991,3617.94,0,0,0,0,-36.28,32,1,168
12041,3581.66,0,0,0,0,36.28,32,1,168
12091,3608.37,0,0,0,0,39.57,32,1,168
12141,3567.18,0,0,0,0,97.61,33,2,170
12191,3617.94,0,0,0,0,-51.61,33,2,170
12241,3591.95,0,0,0,0,-34.57,33,2,170
12291,3617.07,0,0,0,0,-35.41,33,2,170
12341,3591.09,0,0,0,0,-33.72,33,2,170
12391,3617.07,0,0,0,0,-35.41,33,2,170
12441,3591.09,0,0,0,0,-33.72,33,2,170
12491,3623.19,0,0,0,0,-31.23,33,2,170
12541,3591.95,0,0,0,0,-39.17,33,2,170
12591,3641.66,0,0,-1,0,-49.71,33,3,170
12641,3584.23,0,0,0,0,57.43,33,4,170
12691,3608.37,0,0,0,0,32.76,33,4,170
12741,3581.66,0,0,0,0,37.16,33,4,170
12791,3617.94,0,0,0,0,-47.37,33,4,170
12841,3581.66,0,0,0,0,36.28,33,4,170
12891,3580.81,0,0,0,0,53.79,33,4,170
12941,3745.32,0,-1,0,0,-37.04,38,4,195
12991,3544.42,0,0,1,0,432.25,45,5,238
13041,3544.42,0,0,1,0,430.14,52,6,294
13091,3544.42,0,0,1,0,468.42,60,7,349
13142,3544.42,0,0,1,0,408.15,67,8,405
13192,3543.59,0,0,1,0,487.59,75,9,452
13242,3543.59,0,0,1,0,410.02,82,10,510
13292,3544.42,0,0,1,0,541.66,91,11,573
13342,3630.20,0,0,0,0,323.41,99,11,634
13392,3544.42,0,0,1,0,408.15,107,12,694
13442,3544.42,0,0,1,0,501.98,115,13,750
13492,3543.59,0,0,1,0,268.36,118,14,772
13542,3543.59,0,0,1,0,267.39,121,15,794
13592,3545.26,0,0,1,0,299.91,125,16,819
13642,3544.42,0,0,1,0,257.86,129,17,843
13692,3544.42,0,0,1,0,278.21,132,18,865
13742,3429.36,0,2,0,0,381.62,137,18,887
13792,3568.03,0,0,0,0,44.69,139,18,887
13842,3618.82,0,0,0,0,-43.98,139,18,887
13892,3572.28,0,0,0,0,51.78,139,18,887
13942,3607.50,0,0,0,0,32.02,139,18,887
13992,3570.58,0,0,0,0,46.49,139,18,887
14042,3627.57,0,0,0,0,-58.69,139,18,887
14092,3580.81,0,0,0,0,47.64,139,18,887
14142,3624.06,0,0,0,0,-33.83,139,18,887
14192,3591.95,0,0,0,0,-37.28,139,18,887
14242,3608.37,0,0,0,0,35.46,139,18,887
14292,3570.58,0,0,0,0,45.62,139,18,887
14342,3624.94,0,0,0,0,-34.70,139,18,887
14392,3581.66,0,0,0,0,47.66,139,18,887
14442,3628.45,0,0,0,0,-46.79,139,18,887
14492,3584.23,0,0,0,0,23.27,139,18,887
14542,3617.94,0,0,0,0,-36.28,139,18,887
14592,3581.66,0,0,0,0,37.16,139,18,887
14642,3618.82,0,0,0,0,-37.16,139,18,887
14692,3591.95,0,0,0,0,-28.57,139,18,887
14742,3618.82,0,0,0,0,-37.16,139,18,887
14792,3571.43,0,0,0,0,47.39,139,18,887
14842,3617.94,0,0,0,0,-46.52,139,18,887
14892,3585.09,0,0,0,0,23.29,139,18,887
14942,3632.84,0,0,0,0,-40.89,139,18,887
14992,3591.95,0,0,0,0,-43.49,139,18,887
15042,3616.20,0,0,0,0,-25.11,139,18,887
15092,3581.66,0,0,0,0,35.41,139,18,887
15142,3618.82,0,0,0,0,-38.01,139,18,887
15192,3571.43,0,0,0,0,45.64,139,18,887
15242,3617.94,0,0,0,0,-37.14,139,18,887
15292,3585.09,0,0,0,0,22.42,139,18,887
15342,3618.82,0,0,0,0,-48.24,139,18,887
15392,3581.66,0,0,0,0,37.16,139,18,887
15442,3618.82,0,0,0,0,-46.54,139,18,887
15492,3581.66,0,0,0,0,46.79,139,18,887
15542,3628.45,0,0,0,0,-47.64,139,18,887
15592,3581.66,0,0,0,0,41.53,139,18,887
15642,3624.06,0,0,0,0,-32.97,139,18,887
15692,3581.66,0,0,0,0,35.41,139,18,887
15742,3624.94,0,0,0,0,-34.70,139,18,887
15792,3591.95,0,0,0,0,-34.56,139,18,887
15842,3624.06,0,0,0,0,-32.97,139,18,887
15892,3580.81,0,0,0,0,43.26,139,18,887
15942,3618.82,0,0,0,0,-47.39,139,18,887
15992,3580.81,0,0,0,0,47.64,139,18,887
16043,3607.50,0,0,0,0,27.43,139,18,887
16093,3576.54,0,0,0,0,30.10,139,18,887
16143,3608.37,0,0,0,0,27.47,139,18,887
16193,3573.98,0,0,0,0,67.68,139,20,887
16243,3639.01,0,0,0,0,-57.35,139,20,887
16293,3591.95,0,0,0,0,-40.89,139,20,887
16343,3624.94,0,0,0,0,-34.70,139,20,887
16393,3581.66,0,0,0,0,46.79,139,20,887
16443,3618.82,0,0,0,0,-38.01,139,20,887
16493,3585.09,0,0,0,0,23.29,139,20,887
16543,3618.82,0,0,0,0,-49.09,139,20,887
16593,3574.83,0,0,0,0,86.38,139,22,887
16643,3607.50,0,0,0,0,33.39,139,22,887
16693,3576.54,0,0,0,0,31.83,139,22,887
16743,3629.32,0,0,0,0,-47.66,139,22,887
16793,3581.66,0,0,0,0,51.18,139,22,887
16843,3618.82,0,0,0,0,-48.24,139,22,887
16893,3568.03,0,0,0,0,40.34,139,22,887
16943,3617.94,0,0,0,0,-36.28,139,22,887
16993,3591.95,0,0,0,0,-36.46,139,22,887
17043,3617.94,0,0,0,0,-37.14,139,22,887
17093,3576.54,0,0,0,0,30.10,139,22,887
17143,3618.82,0,0,0,0,-37.16,139,22,887
17193,3581.66,0,0,0,0,37.16,139,22,887
17243,3617.94,0,0,0,0,-37.14,139,22,887
17293,3568.03,0,0,0,0,40.34,139,22,887
17343,3607.50,0,0,0,0,24.90,139,22,887
17393,3575.69,0,0,0,0,32.69,139,22,887
17443,3628.45,0,0,0,0,-46.79,139,22,887
17494,3583.37,0,0,0,0,24.13,139,22,887
17544,3617.07,0,0,0,0,-45.64,139,22,887
17594,3575.69,0,0,0,0,32.69,139,22,887
17644,3608.37,0,0,0,0,38.68,139,22,887
17694,3570.58,0,0,0,0,47.37,139,22,887
17744,3624.06,0,0,0,0,-32.97,139,22,887
17794,3580.81,0,0,0,0,45.01,139,22,887
17844,3617.07,0,0,0,0,-34.56,139,22,887
17894,3580.81,0,0,0,0,47.64,139,22,887
17944,3617.07,0,0,0,0,-35.41,139,22,887
17994,3575.69,0,0,0,0,32.69,139,22,887
18044,3618.82,0,0,0,0,-46.54,139,22,887
18094,3580.81,0,0,0,0,48.52,139,22,887
18144,3626.69,0,0,0,0,-44.18,139,22,887
18194,3580.81,0,0,0,0,36.27,139,22,887
18244,3628.45,0,0,0,0,-45.93,139,22,887
18294,3581.66,0,0,0,0,34.54,139,22,887
18344,3624.94,0,0,0,0,-32.99,139,22,887
18394,3581.66,0,0,0,0,34.54,139,22,887
18444,3608.37,0,0,0,0,28.45,139,22,887
18494,3575.69,0,0,0,0,32.69,139,22,887
18544,3606.64,0,0,0,0,29.32,139,22,887
18594,3617.94,0,0,0,0,-40.55,139,22,887
18644,3544.42,0,0,1,0,407.10,148,23,954
18694,3544.42,0,0,1,0,501.98,156,24,1013
18744,3577.39,0,0,0,0,221.04,159,24,1013
18794,3630.20,0,0,0,0,146.23,162,24,1013
18844,3543.59,0,0,1,0,267.39,166,25,1039
18894,3620.56,0,0,0,0,167.31,169,25,1039
18944,3544.42,0,0,1,0,266.55,173,26,1063
18994,3618.82,0,0,0,0,-32.87,173,27,1063
19044,3581.66,0,0,0,0,30.18,173,27,1063
19094,3618.82,0,0,0,0,-34.59,173,27,1063
19144,3580.81,0,0,0,0,45.01,173,27,1063
19194,3596.26,0,0,0,0,19.83,173,27,1063
19244,3572.28,0,0,0,0,27.43,173,27,1063
19294,3618.82,0,0,0,0,-38.87,173,27,1063
19344,3579.95,0,0,0,0,49.37,173,27,1063
19394,3617.94,0,0,0,0,-36.28,173,27,1063
19444,3591.09,0,0,0,0,-49.37,173,27,1063
19494,3617.07,0,0,0,0,-38.83,173,27,1063
19544,3579.95,0,0,0,0,38.87,173,27,1063
19594,3617.07,0,0,0,0,-35.41,173,27,1063
19644,3579.95,0,0,0,0,38.87,173,27,1063
19694,3629.32,0,0,0,0,-57.90,173,27,1063
19744,3579.95,0,0,0,0,38.87,173,27,1063
19794,3617.94,0,0,0,0,-35.43,173,27,1063
19844,3580.81,0,0,0,0,48.52,173,27,1063
19894,3606.64,0,0,0,0,37.17,173,27,1063
19944,3569.73,0,0,0,0,49.09,173,27,1063
19994,3607.50,0,0,0,0,41.27,173,27,1063
20044,3573.98,0,0,0,0,22.28,173,27,1063
20094,3608.37,0,0,0,0,31.02,173,27,1063
20144,3573.98,0,0,0,0,24.00,173,27,1063
20194,3618.82,0,0,0,0,-56.72,173,27,1063
20244,3573.13,0,0,0,0,24.85,173,27,1063
20294,3617.07,0,0,0,0,-45.64,173,27,1063
20344,3580.81,0,0,0,0,48.52,173,27,1063
20395,3617.07,0,0,0,0,-34.56,173,27,1063
20445,3570.58,0,0,0,0,45.62,173,27,1063
20495,3606.64,0,0,0,0,38.68,173,27,1063
20545,3576.54,0,0,0,0,30.97,173,27,1063
20595,3619.69,0,0,0,0,-38.88,173,27,1063
20645,3581.66,0,0,0,0,36.28,173,27,1063
20695,3628.45,0,0,0,0,-47.64,173,27,1063
20745,3581.66,0,0,0,0,36.28,173,27,1063
20795,3617.94,0,0,0,0,-37.14,173,27,1063
20845,3580.81,0,0,0,0,48.52,173,27,1063
20895,3617.94,0,0,0,0,-36.28,173,27,1063
20945,3565.49,0,0,0,0,32.50,173,27,1063
20995,3608.37,0,0,0,0,25.74,173,27,1063
21045,3581.66,0,0,0,0,36.28,173,27,1063
21095,3624.06,0,0,0,0,-32.11,173,27,1063
21145,3571.43,0,0,0,0,46.52,173,27,1063
21195,3608.37,0,0,0,0,24.00,173,27,1063
21245,3567.18,0,0,0,0,41.19,173,27,1063
21295,3606.64,0,0,0,0,25.73,173,27,1063
21345,3574.83,0,0,0,0,32.67,173,27,1063
21395,3607.50,0,0,0,0,39.53,173,27,1063
21445,3584.23,0,0,0,0,22.41,173,27,1063
21495,3628.45,0,0,0,0,-47.64,173,27,1063
21545,3571.43,0,0,0,0,45.64,173,27,1063
21595,3615.33,0,0,0,0,-24.23,173,27,1063
21645,3581.66,0,0,0,0,36.28,173,27,1063
21695,3618.82,0,0,0,0,-38.87,173,27,1063
21745,3562.10,0,0,0,0,54.97,173,27,1063
21795,3618.82,0,0,0,0,-49.09,173,27,1063
21846,3576.54,0,0,0,0,31.83,173,27,1063
21896,3608.37,0,0,0,0,32.70,173,27,1063
21946,3585.09,0,0,0,0,22.42,173,27,1063
21996,3629.32,0,0,0,0,-57.90,173,27,1063
22046,3567.18,0,0,0,0,41.19,173,27,1063
22096,3596.26,0,0,0,0,40.36,173,27,1063
22146,3574.83,0,0,0,0,33.54,173,27,1063
22196,3608.37,0,0,0,0,39.53,173,27,1063
22246,3581.66,0,0,0,0,35.41,173,27,1063
22296,3597.98,0,0,0,0,30.16,173,27,1063
22346,3555.34,0,0,1,0,33.17,173,29,1063
22396,3608.37,0,0,1,0,33.22,173,30,1063
22446,3618.82,0,0,0,0,-44.84,173,30,1063
22496,3546.10,0,0,1,0,402.31,181,31,1130
22546,3544.42,0,0,1,0,515.12,189,32,1190
22596,3545.26,0,0,1,0,404.19,197,33,1248
22646,3544.42,0,0,1,0,537.21,206,34,1299
22696,3546.10,0,0,1,0,403.35,214,35,1357
22746,3544.42,0,0,1,0,549.46,223,36,1409
22796,3544.42,0,0,1,0,289.93,227,37,1434
22846,3620.56,0,0,0,0,170.19,231,37,1434
22896,3544.42,0,0,1,0,266.55,235,38,1460
22946,3620.56,0,0,0,0,167.31,238,38,1460
22996,3578.24,0,0,0,0,221.15,242,38,1460
23046,3619.69,0,0,0,0,159.60,246,38,1460
23096,3580.81,0,0,0,0,43.26,246,38,1460
23146,3606.64,0,0,0,0,39.66,246,38,1460
23196,3569.73,0,0,0,0,46.47,246,38,1460
23246,3620.56,0,0,0,0,-61.00,246,39,1460
23296,3570.58,0,0,0,0,49.99,246,39,1460
23346,3617.94,0,0,0,0,-37.14,246,39,1460
23396,3580.81,0,0,0,0,43.26,246,39,1460
23446,3608.37,0,0,0,0,31.00,246,39,1460
23496,3565.49,0,0,0,0,31.64,246,39,1460
23546,3607.50,0,0,0,0,34.21,246,39,1460
23596,3571.43,0,0,0,0,49.14,246,40,1460
23646,3617.94,0,0,0,0,-46.52,246,40,1460
23696,3591.95,0,0,0,0,-29.43,246,40,1460
23746,3608.37,0,0,0,0,36.28,246,40,1460
23796,3576.54,0,0,0,0,31.83,246,40,1460
23846,3618.82,0,0,0,0,-45.69,246,40,1460
23896,3575.69,0,0,0,0,32.69,246,40,1460
23946,3607.50,0,0,0,0,34.23,246,40,1460
23996,3568.03,0,0,0,0,38.61,246,40,1460
24046,3617.94,0,0,0,0,-51.61,246,40,1460
24096,3576.54,0,0,0,0,31.83,246,40,1460
24146,3618.82,0,0,0,0,-42.28,246,40,1460
24196,3571.43,0,0,0,0,47.39,246,40,1460
24246,3628.45,0,0,0,0,-45.93,246,40,1460
24296,3556.19,0,0,1,0,41.80,246,41,1460
24346,3610.11,0,0,0,0,-50.55,246,42,1460
24396,3571.43,0,0,0,0,46.52,246,42,1460
24446,3608.37,0,0,0,0,30.16,246,42,1460
24496,3568.88,0,0,0,0,37.76,246,42,1460
24546,3617.94,0,0,0,0,-44.81,246,42,1460
24596,3568.88,0,0,0,0,39.49,246,42,1460
24646,3608.37,0,0,0,0,30.14,246,42,1460
24696,3591.95,0,0,0,0,-35.43,246,42,1460
24747,3616.20,0,0,0,0,-24.25,246,42,1460
24797,3584.23,0,0,0,0,24.14,246,42,1460
24847,3617.94,0,0,0,0,-36.28,246,42,1460
24897,3571.43,0,0,0,0,47.39,246,42,1460
24947,3618.82,0,0,0,0,-37.16,246,42,1460
24997,3579.95,0,0,0,0,38.87,246,42,1460
25047,3626.69,0,0,0,0,-62.90,246,42,1460
25097,3580.81,0,0,0,0,37.14,246,42,1460
25147,3616.20,0,0,0,0,-34.54,246,42,1460
25197,3570.58,0,0,0,0,48.24,246,42,1460
25247,3618.82,0,0,0,0,-37.16,246,42,1460
25297,3579.95,0,0,0,0,38.87,246,42,1460
25347,3597.12,0,0,0,0,41.25,246,42,1460
25397,3568.03,0,0,0,0,38.61,246,42,1460
25447,3607.50,0,0,0,0,28.46,246,42,1460
25497,3582.52,0,0,0,0,45.93,246,42,1460
25547,3617.94,0,0,0,0,-37.14,246,42,1460
25597,3576.54,0,0,0,0,31.83,246,42,1460
25647,3608.37,0,0,0,0,31.83,246,42,1460
25697,3568.88,0,0,0,0,39.49,246,42,1460
25747,3617.94,0,0,0,0,-45.67,246,42,1460
25797,3579.95,0,0,0,0,38.87,246,42,1460
25847,3665.69,0,0,-1,0,-143.74,247,43,1460
25897,3567.18,0,0,0,0,41.19,247,43,1460
25947,3607.50,0,0,0,0,42.06,247,43,1460
25997,3576.54,0,0,0,0,30.10,247,43,1460
26047,3607.50,0,0,0,0,25.74,247,43,1460
26097,3580.81,0,0,0,0,38.01,247,43,1460
26147,3608.37,0,0,0,0,38.68,247,43,1460
26198,3600.58,0,0,1,0,51.34,247,44,1460
26248,3544.42,0,0,1,0,406.06,256,45,1521
26298,3544.42,0,0,1,0,515.12,264,46,1582
26348,3545.26,0,0,1,0,404.19,272,47,1640
26398,3543.59,0,0,1,0,472.48,280,48,1687
26448,3546.10,0,0,1,0,404.39,287,49,1738
26498,3544.42,0,0,1,0,446.00,295,50,1780
26548,3587.66,0,0,0,0,188.78,298,50,1780
26598,3614.46,0,0,0,0,128.99,300,50,1783
26648,3566.33,0,0,0,0,187.42,303,50,1784
26698,3609.24,0,-1,0,-7,-202.73,305,50,1791
26748,3575.69,0,0,0,0,139.95,307,50,1797
26798,3615.33,0,0,0,0,49.46,308,51,1797
26848,3565.49,0,0,0,0,29.91,308,51,1797
26898,3608.37,0,0,0,0,22.29,308,51,1797
26948,3579.95,0,0,0,0,35.38,308,51,1797
26998,3618.82,0,0,0,0,-41.43,308,51,1797
27048,3580.81,0,0,0,0,36.27,308,51,1797
27098,3606.64,0,0,0,0,43.86,308,51,1797
27148,3567.18,0,0,0,0,41.19,308,51,1797
27198,3618.82,0,0,0,0,-43.13,308,51,1797
27248,3582.52,0,0,0,0,45.05,308,51,1797
27298,3615.33,0,0,0,0,-25.09,308,51,1797
27348,3576.54,0,0,0,0,30.10,308,51,1797
27398,3607.50,0,0,0,0,34.24,308,51,1797
27448,3571.43,0,0,0,0,47.39,308,51,1797
27498,3608.37,0,0,0,0,31.85,308,51,1797
27548,3567.18,0,0,0,0,40.32,308,51,1797
27598,3606.64,0,0,0,0,32.70,308,51,1797
27648,3575.69,0,0,0,0,32.69,308,51,1797
27698,3618.82,0,0,0,0,-42.28,308,51,1797
27748,3568.03,0,0,0,0,39.47,308,51,1797
27798,3608.37,0,0,0,0,30.17,308,51,1797
27848,3557.03,0,0,1,0,40.95,308,52,1797
27898,3598.85,0,0,1,0,34.08,308,53,1797
27948,3567.18,0,0,0,0,40.32,308,53,1797
27998,3608.37,0,0,0,0,34.41,308,53,1797
28048,3576.54,0,0,0,0,30.10,308,53,1797
28098,3618.82,0,0,0,0,-48.24,308,53,1797
28148,3571.43,0,0,0,0,46.52,308,53,1797
28198,3608.37,0,0,0,0,33.55,308,53,1797
28248,3571.43,0,0,0,0,47.39,308,53,1797
28298,3608.37,0,0,0,0,49.14,308,53,1797
28348,3568.03,0,0,0,0,40.34,308,53,1797
28398,3618.82,0,0,0,0,-37.16,308,53,1797
28448,3564.64,0,0,0,0,33.35,308,53,1797
28498,3607.50,0,0,0,0,24.87,308,53,1797
28548,3570.58,0,0,0,0,46.49,308,53,1797
28598,3597.12,0,0,0,0,40.40,308,53,1797
28648,3568.88,0,0,0,0,39.49,308,53,1797
28698,3607.50,0,0,0,0,39.49,308,53,1797
28748,3581.66,0,0,0,0,37.16,308,53,1797
28798,3608.37,0,0,0,0,22.42,308,53,1797
28848,3572.28,0,0,0,0,25.71,308,53,1797
28898,3607.50,0,0,0,0,34.23,308,53,1797
28948,3565.49,0,0,0,0,32.50,308,54,1797
28998,3597.98,0,0,0,0,21.33,308,54,1797
29048,3573.13,0,0,0,0,23.99,308,54,1797
29099,3606.64,0,0,0,0,40.42,308,54,1797
29149,3567.18,0,0,0,0,40.32,308,54,1797
29199,3597.12,0,0,0,0,25.72,308,54,1797
29249,3571.43,0,0,0,0,47.39,308,54,1797
29299,3608.37,0,0,0,0,31.83,308,54,1797
29349,3576.54,0,0,0,0,30.97,308,54,1797
29399,3576.54,0,0,0,0,31.83,308,54,1797
29449,3545.26,0,0,1,0,297.94,314,55,1828
29499,3543.59,0,0,1,0,272.24,318,56,1853
29549,3604.04,0,-2,0,-2,-295.28,321,56,1855
29599,3566.33,0,0,0,0,178.05,323,56,1859
29649,3609.24,0,0,-1,-2,-158.48,324,57,1861
29699,3585.09,0,0,0,0,71.67,324,58,1861
29749,3608.37,0,0,0,0,28.51,324,58,1861
29799,3582.52,0,0,0,0,33.68,324,58,1861
29849,3618.82,0,0,0,0,-40.57,324,58,1861
29899,3571.43,0,0,0,0,46.52,324,58,1861
29949,3597.98,0,0,0,0,32.69,324,58,1861
29999,3574.83,0,0,0,0,29.20,324,58,1861
30049,3607.50,0,0,0,0,40.42,324,58,1861
30099,3580.81,0,0,0,0,37.14,324,58,1861
30149,3617.07,0,0,0,0,-31.99,324,58,1861
30199,3579.95,0,0,0,0,38.87,324,58,1861
30249,3617.07,0,0,0,0,-34.56,324,58,1861
30299,3579.95,0,0,0,0,38.87,324,58,1861
30349,3586.80,0,0,0,0,-15.37,324,58,1861
30399,3557.03,0,0,1,0,41.82,324,60,1861
30449,3607.50,0,0,0,0,32.55,324,60,1861
30499,3567.18,0,0,0,0,40.32,324,60,1861
30550,3606.64,0,0,0,0,40.36,324,60,1861
30600,3574.83,0,0,0,0,33.54,324,60,1861
30650,3617.94,0,0,0,0,-37.14,324,60,1861
30700,3581.66,0,0,0,0,46.79,324,60,1861
30750,3618.82,0,0,0,0,-38.01,324,60,1861
30800,3581.66,0,0,0,0,37.16,324,60,1861
30850,3607.50,0,0,0,0,38.88,324,60,1861
30900,3571.43,0,0,0,0,45.64,324,60,1861
30950,3608.37,0,0,0,0,39.53,324,60,1861
31000,3560.41,0,0,0,0,47.96,324,60,1861
31050,3608.37,0,0,0,0,47.96,324,60,1861
31100,3575.69,0,0,0,0,31.82,324,60,1861
31150,3617.07,0,0,0,0,-44.79,324,60,1861
31200,3575.69,0,0,0,0,32.69,324,60,1861
31250,3618.82,0,0,0,0,-51.64,324,60,1861
31300,3572.28,0,0,0,0,45.67,324,60,1861
31350,3618.82,0,0,0,0,-48.24,324,60,1861
31400,3571.43,0,0,0,0,57.02,324,60,1861
31450,3608.37,0,0,0,0,40.63,324,60,1861
31500,3584.23,0,0,0,0,23.27,324,60,1861
31550,3618.82,0,0,0,0,-38.87,324,60,1861
31600,3576.54,0,0,0,0,30.10,324,60,1861
31650,3608.37,0,0,0,0,39.76,324,60,1861
31700,3585.09,0,0,0,0,23.29,324,60,1861
31750,3618.82,0,0,0,0,-47.39,324,60,1861
31800,3581.66,0,0,0,0,37.16,324,60,1861
31850,3618.82,0,0,0,0,-47.39,324,60,1861
31900,3651.41,0,0,-1,0,-112.84,324,62,1861
31950,3618.82,0,0,0,0,-37.16,324,62,1861
32000,3571.43,0,0,0,0,47.39,324,62,1861
32050,3607.50,0,0,0,0,28.45,324,62,1861
32100,3590.23,0,0,0,0,-34.59,324,62,1861
32150,3607.50,0,0,0,0,37.16,324,62,1861
32200,3580.81,0,0,0,0,37.14,324,62,1861
32250,3618.82,0,0,0,0,-33.73,324,62,1861
32300,3569.73,0,0,0,0,38.64,324,62,1861
32350,3606.64,0,0,0,0,37.83,324,62,1861
32400,3576.54,0,0,0,0,31.83,324,62,1861
32450,3607.50,0,0,0,0,40.38,324,62,1861
32500,3576.54,0,0,0,0,30.97,324,62,1861
32550,3608.37,0,0,0,0,38.68,324,62,1861
32600,3576.54,0,0,0,0,31.83,324,62,1861
32650,3597.98,0,0,0,0,48.26,324,62,1861
32700,3607.50,0,0,0,0,26.56,324,62,1861
32750,3543.59,0,0,1,0,407.94,333,63,1921
32800,3544.42,0,0,1,0,491.09,341,64,1981
32850,3546.10,0,0,1,0,403.35,348,65,2034
32900,3544.42,0,0,1,0,420.68,355,66,2071
32950,3575.69,0,0,0,0,130.76,356,67,2074
33000,3609.24,0,-1,0,-4,-168.59,358,67,2078
33050,3571.43,0,0,0,0,119.52,360,67,2083
33100,3615.33,0,0,0,0,25.45,360,69,2083
33150,3585.09,0,0,0,0,66.33,360,71,2083
33200,3623.19,0,0,0,0,5.26,360,71,2083
33250,3572.28,0,0,0,0,57.05,360,71,2083
33300,3617.94,0,0,0,0,-32.00,360,71,2083
33350,3581.66,0,0,0,0,33.67,360,71,2083
33400,3608.37,0,0,0,0,29.16,360,71,2083
33451,3576.54,0,0,0,0,24.90,360,71,2083
33501,3607.50,0,0,0,0,26.68,360,71,2083
33551,3570.58,0,0,0,0,45.62,360,71,2083
33601,3617.07,0,0,0,0,-37.12,360,71,2083
33651,3580.81,0,0,0,0,36.27,360,71,2083
33701,3617.07,0,0,0,0,-47.34,360,71,2083
33751,3570.58,0,0,0,0,47.37,360,71,2083
33801,3607.50,0,0,0,0,38.03,360,71,2083
33851,3576.54,0,0,0,0,31.83,360,71,2083
33901,3618.82,0,0,0,0,-38.87,360,71,2083
33951,3571.43,0,0,0,0,46.52,360,71,2083
34001,3618.82,0,0,0,0,-43.98,360,71,2083
34051,3581.66,0,0,0,0,37.16,360,71,2083
34101,3616.20,0,0,0,0,-25.11,360,71,2083
34151,3580.81,0,0,0,0,36.27,360,71,2083
34201,3617.94,0,0,0,0,-37.14,360,71,2083
34251,3576.54,0,0,0,0,31.83,360,71,2083
34301,3607.50,0,0,0,0,33.36,360,71,2083
34351,3575.69,0,0,0,0,31.82,360,71,2083
34401,3606.64,0,0,0,0,26.58,360,71,2083
34451,3574.83,0,0,0,0,33.54,360,71,2083
34501,3607.50,0,0,0,0,39.53,360,71,2083
34551,3568.03,0,0,0,0,38.61,360,71,2083
34601,3618.82,0,0,0,0,-49.09,360,71,2083
34651,3571.43,0,0,0,0,57.90,360,71,2083
34701,3618.82,0,0,0,0,-38.01,360,71,2083
34751,3576.54,0,0,0,0,31.83,360,71,2083
34801,3608.37,0,0,0,0,32.70,360,71,2083
34851,3581.66,0,0,0,0,36.28,360,71,2083
34902,3608.37,0,0,0,0,37.16,360,71,2083
34952,3571.43,0,0,0,0,47.39,360,71,2083
35002,3617.94,0,0,0,0,-46.52,360,71,2083
35052,3580.81,0,0,0,0,37.14,360,71,2083
35102,3596.26,0,0,0,0,33.36,360,71,2083
35152,3568.88,0,0,0,0,39.49,360,71,2083
35202,3608.37,0,0,0,0,29.30,360,71,2083
35252,3568.03,0,0,0,0,38.61,360,71,2083
35302,3608.37,0,0,0,0,48.85,360,71,2083
35352,3571.43,0,0,0,0,46.52,360,71,2083
35402,3617.94,0,0,0,0,-35.43,360,71,2083
35452,3570.58,0,0,0,0,48.24,360,71,2083
35502,3606.64,0,0,0,0,47.41,360,71,2083
35552,3580.81,0,0,0,0,38.01,360,71,2083
35602,3617.07,0,0,0,0,-35.41,360,71,2083
35652,3580.81,0,0,0,0,38.01,360,71,2083
35702,3617.07,0,0,0,0,-35.41,360,71,2083
35752,3580.81,0,0,0,0,38.01,360,71,2083
35802,3617.94,0,0,0,0,-46.52,360,71,2083
35852,3579.95,0,0,0,0,38.87,360,71,2083
35902,3617.07,0,0,0,0,-34.56,360,71,2083
35952,3580.81,0,0,0,0,37.14,360,71,2083
36002,3618.82,0,0,0,0,-47.39,360,71,2083
36052,3590.23,0,0,0,0,-25.97,360,71,2083
36102,3627.57,0,0,0,0,-45.05,360,71,2083
36152,3590.23,0,0,0,0,-38.01,360,71,2083
36202,3617.94,0,0,0,0,-36.28,360,71,2083
36252,3583.37,0,0,0,0,25.00,360,71,2083
36302,3606.64,0,0,0,0,49.75,360,71,2083
36352,3568.03,0,0,0,0,39.47,360,71,2083
36402,3607.50,0,0,0,0,42.12,360,71,2083
36452,3571.43,0,0,0,0,45.64,360,71,2083
36502,3617.94,0,0,0,0,-37.14,360,71,2083
36552,3581.66,0,0,0,0,35.41,360,71,2083
36602,3624.94,0,0,0,0,-33.85,360,71,2083
36652,3617.07,0,0,0,0,-37.97,360,71,2083
36702,3546.10,0,0,1,0,403.35,368,72,2144
36752,3541.91,0,0,1,0,379.66,375,73,2192
36802,3546.10,0,0,1,0,402.31,381,74,2230
36852,3545.26,0,0,1,0,357.94,387,75,2266
36902,3546.10,0,0,1,0,366.26,393,76,2298
36952,3545.26,0,0,1,0,329.71,398,77,2329
37002,3562.10,0,0,0,0,60.21,398,77,2329
37052,3597.98,0,0,0,0,26.53,398,77,2329
37102,3555.34,0,0,1,0,33.17,398,78,2329
37152,3608.37,0,0,0,0,30.79,398,78,2329
37202,3571.43,0,0,0,0,48.26,398,78,2329
37252,3628.45,0,0,0,0,-46.79,398,78,2329
37302,3591.95,0,0,0,0,-51.08,398,78,2329
37352,3624.06,0,0,0,0,-33.83,398,78,2329
37402,3591.95,0,0,0,0,-46.76,398,78,2329
37452,3629.32,0,0,0,0,-48.52,398,78,2329
37502,3584.23,0,0,0,0,23.27,398,78,2329
37552,3609.24,0,0,0,0,42.06,398,78,2329
37602,3576.54,0,0,0,0,30.97,398,78,2329
37652,3607.50,0,0,0,0,24.87,398,78,2329
37702,3571.43,0,0,0,0,47.39,398,78,2329
37752,3607.50,0,0,0,0,38.01,398,78,2329
37803,3577.39,0,0,0,0,30.11,398,78,2329
37853,3618.82,0,0,0,0,-42.28,398,78,2329
37903,3579.95,0,0,0,0,38.87,398,78,2329
37953,3617.07,0,0,0,0,-35.41,398,78,2329
38003,3580.81,0,0,0,0,37.14,398,78,2329
38053,3617.07,0,0,0,0,-32.84,398,78,2329
38103,3580.81,0,0,0,0,37.14,398,78,2329
38153,3617.07,0,0,0,0,-40.53,398,78,2329
38203,3583.37,0,0,0,0,24.13,398,78,2329
38253,3606.64,0,0,0,0,37.17,398,78,2329
38303,3574.83,0,0,0,0,32.67,398,78,2329
38353,3618.82,0,0,0,0,-37.16,398,78,2329
38403,3580.81,0,0,0,0,48.52,398,78,2329
38453,3616.20,0,0,0,0,-34.54,398,78,2329
38503,3591.09,0,0,0,0,-49.37,398,78,2329
38553,3623.19,0,0,0,0,-30.37,398,78,2329
38603,3580.81,0,0,0,0,47.64,398,78,2329
38653,3617.94,0,0,0,0,-46.52,398,78,2329
38703,3579.95,0,0,0,0,38.87,398,78,2329
38753,3617.94,0,0,0,0,-36.28,398,78,2329
38803,3579.95,0,0,0,0,35.38,398,78,2329
38853,3606.64,0,0,0,0,28.45,398,78,2329
38903,3583.37,0,0,0,0,24.13,398,78,2329
38953,3623.19,0,0,0,0,-31.23,398,78,2329
39003,3590.23,0,0,0,0,-39.72,398,78,2329
39053,3617.94,0,0,0,0,-36.28,398,78,2329
39103,3581.66,0,0,0,0,37.16,398,78,2329
39153,3608.37,0,0,0,0,32.70,398,78,2329
39203,3555.34,0,0,1,0,32.31,398,79,2329
39254,3599.71,0,0,1,0,34.91,398,80,2329
39304,3565.49,0,0,0,0,32.50,398,80,2329
39354,3608.37,0,0,1,0,40.97,398,81,2329
39404,3580.81,0,0,0,0,37.14,398,81,2329
39454,3617.94,0,0,0,0,-46.52,398,81,2329
39504,3579.95,0,0,0,0,38.87,398,81,2329
39554,3609.24,0,0,0,0,38.05,398,81,2329
39604,3568.03,0,0,0,0,38.61,398,81,2329
39654,3618.82,0,0,0,0,-49.09,398,81,2329
39704,3571.43,0,0,0,0,45.64,398,81,2329
39754,3607.50,0,0,0,0,25.01,398,81,2329
39804,3576.54,0,0,0,0,31.83,398,81,2329
39854,3618.82,0,0,0,0,-50.79,398,81,2329
39904,3571.43,0,0,0,0,47.39,398,81,2329
39954,3608.37,0,0,0,0,31.83,398,81,2329
40004,3583.37,0,0,0,0,25.00,398,81,2329
40054,3617.07,0,0,0,0,-45.64,398,81,2329
40104,3434.07,0,2,0,0,77.17,402,81,2329
40154,3378.38,0,2,0,0,70.69,405,81,2329
40204,3423.09,0,2,0,-3,-71.14,412,81,2334
40254,3380.66,0,2,0,0,69.99,418,81,2340
40304,3513.70,0,1,0,0,-97.62,422,81,2340
40354,3498.95,0,1,0,0,52.19,424,82,2340
40404,3590.23,0,0,0,0,46.19,424,82,2340
40454,3543.59,0,0,1,0,56.99,424,84,2340
40504,3587.66,0,0,0,0,-35.68,424,85,2340
40554,3526.92,0,0,0,0,51.32,424,86,2340
40604,3571.43,0,0,0,0,-55.25,425,86,2340
40654,3516.17,0,1,0,0,53.55,426,86,2340
40704,3590.23,0,0,0,0,57.28,426,86,2340
40754,3590.23,0,0,0,0,60.82,426,86,2340
40804,3544.42,0,0,1,0,437.52,434,87,2402
40854,3544.42,0,0,1,0,292.88,440,88,2446
40904,3544.42,0,0,1,0,200.90,443,89,2449
40954,3592.81,0,1,0,0,25.77,444,89,2449
41004,3545.26,0,0,1,0,43.26,444,91,2449
41054,3568.88,0,0,0,0,-32.81,444,92,2449
41104,3526.92,0,0,0,0,53.88,445,92,2449
41154,3588.52,0,0,0,0,-61.59,445,92,2449
41204,3546.94,0,0,1,0,32.16,445,94,2449
41254,3597.98,0,0,1,0,40.78,445,95,2449
41304,3541.08,0,0,1,0,56.91,445,97,2449
41354,3599.71,0,0,1,0,41.66,445,98,2449
41404,3555.34,0,0,1,0,34.03,445,100,2449
41454,3589.38,0,0,0,0,-41.60,445,101,2449
41504,3546.10,0,0,1,0,43.28,445,103,2449
41554,3589.38,0,0,0,0,-40.76,445,104,2449
41604,3551.14,0,0,1,0,104.73,446,106,2452
41654,3598.85,0,0,1,0,56.39,446,107,2452
41704,3549.46,0,0,1,0,48.53,446,109,2452
41754,3588.52,0,0,0,0,-51.61,446,110,2452
41804,3555.34,0,0,1,0,33.17,446,112,2452
41854,3598.85,0,0,1,0,51.94,446,113,2452
41904,3556.19,0,0,1,0,43.52,446,115,2452
41954,3589.38,0,0,0,0,-41.60,446,116,2452
42004,3546.94,0,0,1,0,42.44,446,118,2452
42054,3597.98,0,0,1,0,41.64,446,119,2452
42104,3536.90,0,0,1,0,51.61,446,121,2452
42155,3541.08,0,0,1,0,49.16,446,122,2452
42205,3545.26,0,0,1,0,406.27,455,123,2517
42255,3545.26,0,0,1,0,383.50,462,124,2566
42305,3587.66,0,0,0,0,192.58,466,124,2566
42355,3548.62,0,0,1,0,160.58,469,125,2576
42405,3604.90,0,0,1,0,2.52,469,126,2576
42455,3563.79,0,0,0,0,32.47,469,127,2576
42505,3589.38,0,0,0,0,-30.66,469,128,2576
42555,3546.94,0,0,1,0,42.44,469,130,2576
42605,3587.66,0,0,0,0,-46.58,469,131,2576
42655,3546.94,0,0,1,0,41.58,469,133,2576
42705,3588.52,0,0,0,0,-41.58,469,134,2576
42755,3546.94,0,0,1,0,40.72,469,136,2576
42805,3598.85,0,0,1,0,46.07,469,137,2576
42855,3556.19,0,0,1,0,33.19,469,139,2576
42905,3588.52,0,0,0,0,-49.11,469,140,2576
42955,3526.09,0,0,0,0,53.00,469,141,2576
43005,3589.38,0,0,0,0,-54.14,469,142,2576
43055,3545.26,0,0,1,0,44.11,469,144,2576
43105,3599.71,0,0,1,0,42.46,469,145,2576
43155,3555.34,0,0,1,0,44.37,469,147,2576
43205,3597.98,0,0,1,0,41.84,469,148,2576
43255,3557.87,0,0,1,0,40.11,469,150,2576
43305,3589.38,0,0,0,0,-32.34,469,151,2576
43355,3555.34,0,0,1,0,34.03,469,153,2576
43405,3599.71,0,0,1,0,42.72,469,154,2576
43455,3536.07,0,0,1,0,42.18,469,156,2576
43505,3589.38,0,0,0,0,-53.31,469,157,2576
43555,3536.07,0,0,1,0,43.03,469,159,2576
43606,3589.38,0,0,0,0,-56.64,469,160,2576
43656,3579.10,0,0,0,0,-36.35,469,161,2576
43706,3545.26,0,0,1,0,402.11,478,162,2645
43756,3545.26,0,0,1,0,395.88,485,163,2694
43806,3545.26,0,0,1,0,342.76,491,164,2729
43856,3597.98,0,-2,0,0,-365.59,495,164,2729
43906,3550.30,0,0,1,0,154.32,497,165,2739
43956,3579.10,0,0,0,0,-19.53,497,166,2739
44006,3536.90,0,0,1,0,37.93,497,168,2739
44056,3579.95,0,0,0,0,-33.01,497,169,2739
44106,3556.19,0,0,1,0,43.52,497,171,2739
44156,3599.71,0,0,1,0,44.37,497,172,2739
44206,3551.98,0,0,1,0,57.26,497,174,2739
44256,3597.98,0,0,1,0,41.01,497,175,2739
44306,3557.87,0,0,1,0,40.11,497,177,2739
44356,3598.85,0,0,1,0,43.52,497,178,2739
44406,3556.19,0,0,1,0,42.66,497,180,2739
44456,3589.38,0,0,0,0,-33.19,497,181,2739
44506,3540.24,0,0,1,0,49.99,497,183,2739
44556,3579.95,0,0,0,0,-43.88,497,184,2739
44606,3536.07,0,0,1,0,52.45,497,186,2739
44656,3599.71,0,0,1,0,49.46,497,187,2739
44706,3566.33,0,0,0,0,31.65,497,188,2739
44756,3607.50,0,0,0,0,30.77,497,188,2739
44806,3564.64,0,0,0,0,35.07,497,189,2739
44856,3599.71,0,0,1,0,42.66,497,190,2739
44906,3557.87,0,0,1,0,40.11,497,192,2739
44956,3599.71,0,0,1,0,41.82,497,193,2739
45006,3547.78,0,0,1,0,51.07,497,195,2739
45056,3589.38,0,0,0,0,-39.08,497,196,2739
45106,3556.19,0,0,1,0,43.52,497,198,2739
45156,3589.38,0,0,0,0,-32.34,497,199,2739
45206,3547.78,0,0,1,0,30.47,497,201,2739
45256,3546.94,0,0,1,0,32.16,497,202,2739
45306,3546.10,0,0,1,0,405.43,505,203,2801
45356,3546.10,0,0,1,0,385.75,512,204,2849
45406,3597.98,0,0,0,0,1.70,512,204,2849
45456,3547.78,0,0,1,0,50.21,512,206,2849
45506,3589.38,0,0,0,0,-39.92,512,207,2849
45556,3551.14,0,0,1,0,51.17,512,209,2849
45606,3597.98,0,0,0,0,25.60,512,209,2849
45656,3560.41,0,0,0,0,46.23,512,209,2849
45706,3599.71,0,0,1,0,38.39,512,210,2849
45756,3556.19,0,0,1,0,42.66,512,212,2849
45806,3599.71,0,0,1,0,51.94,512,213,2849
45856,3557.87,0,0,1,0,40.97,512,215,2849
45906,3596.26,0,0,0,0,40.17,512,215,2849
45956,3566.33,0,0,0,0,31.65,512,216,2849
46006,3598.85,0,0,1,0,40.93,512,217,2849
46056,3556.19,0,0,1,0,43.52,512,219,2849
46106,3598.85,0,0,1,0,50.23,512,220,2849
46156,3546.94,0,0,1,0,41.58,512,222,2849
46206,3568.03,0,0,0,0,-31.13,512,223,2849
46256,3536.07,0,0,1,0,32.81,512,225,2849
46306,3579.95,0,0,0,0,-33.85,512,226,2849
46356,3555.34,0,0,1,0,34.03,512,228,2849
46406,3597.98,0,0,1,0,41.88,512,229,2849
46456,3566.33,0,0,0,0,29.93,512,229,2849
46507,3597.98,0,0,0,0,32.48,512,229,2849
46557,3556.19,0,0,1,0,43.52,512,231,2849
46607,3598.85,0,0,1,0,50.23,512,232,2849
46657,3537.74,0,0,1,0,49.92,512,234,2849
46707,3588.52,0,0,0,0,-42.42,512,235,2849
46757,3546.94,0,0,1,0,41.58,512,237,2849
46807,3557.03,0,0,1,0,31.49,512,238,2849
46857,3546.10,0,0,1,0,488.33,522,239,2927
46907,3546.10,0,0,1,0,421.11,529,240,2978
46957,3544.42,0,0,1,0,290.91,535,241,3021
47007,3546.94,0,0,1,0,230.45,539,242,3021
47057,3588.52,0,0,0,0,76.28,540,243,3026
47107,3555.34,0,0,1,0,33.17,540,245,3026
47157,3599.71,0,0,1,0,48.39,540,246,3026
47207,3549.46,0,0,1,0,48.53,540,248,3026
47257,3597.98,0,0,1,0,49.39,540,249,3026
47307,3557.03,0,0,1,0,30.63,540,251,3026
47357,3589.38,0,0,0,0,-39.08,540,252,3026
47407,3547.78,0,0,1,0,51.94,540,254,3026
47457,3590.23,0,0,1,0,34.03,540,255,3026
47507,3546.10,0,0,1,0,33.85,540,257,3026
47557,3590.23,0,0,1,0,34.71,540,258,3026
47607,3545.26,0,0,1,0,23.62,540,260,3026
47657,3589.38,0,0,0,0,-43.28,540,261,3026
47707,3556.19,0,0,1,0,33.19,540,263,3026
47757,3590.23,0,0,1,0,44.11,540,264,3026
47807,3541.08,0,0,1,0,49.16,540,266,3026
47857,3597.98,0,0,1,0,40.78,540,267,3026
47907,3557.03,0,0,1,0,30.63,540,269,3026
47958,3598.85,0,0,1,0,42.68,540,270,3026
48008,3556.19,0,0,1,0,40.93,540,271,3026
48058,3598.85,0,0,1,0,43.52,540,272,3026
48108,3551.14,0,0,1,0,56.37,540,273,3026
48158,3597.98,0,0,0,0,47.96,540,273,3026
48208,3556.19,0,0,1,0,40.93,540,274,3026
48258,3598.85,0,0,1,0,43.52,540,275,3026
48308,3545.26,0,0,1,0,44.11,540,277,3026
48358,3589.38,0,0,0,0,-43.28,540,278,3026
48409,3541.08,0,0,1,0,58.64,540,280,3026
48459,3568.03,0,0,0,0,-31.13,540,281,3026
48509,3579.95,0,0,0,0,-56.34,540,281,3026
48559,3546.10,0,0,1,0,401.27,549,282,3098
48609,3594.54,0,-1,0,-3,-168.69,550,283,3101
48659,3551.14,0,0,1,0,87.87,551,284,3101
48709,3598.85,0,0,1,0,34.79,551,285,3101
48759,3541.91,0,0,1,0,50.04,551,287,3101
48809,3598.85,0,0,1,0,40.74,551,288,3101
48859,3546.94,0,0,1,0,41.58,551,290,3101
48909,3589.38,0,0,0,0,-47.46,551,291,3101
48959,3546.10,0,0,1,0,43.28,551,293,3101
49009,3579.95,0,0,0,0,-39.71,551,294,3101
49059,3546.10,0,0,1,0,43.28,551,296,3101
49110,3588.52,0,0,0,0,-38.22,551,297,3101
49160,3547.78,0,0,1,0,51.94,551,299,3101
49210,3599.71,0,0,1,0,50.23,551,300,3101
49260,3577.39,0,0,0,0,-8.51,551,301,3101
49310,3587.66,0,0,0,0,-38.20,551,302,3101
49360,3557.87,0,0,1,0,40.11,551,304,3101
49410,3598.85,0,0,1,0,50.26,551,305,3101
49460,3546.10,0,0,1,0,43.28,551,307,3101
49510,3579.10,0,0,0,0,-23.75,551,308,3101
49560,3546.10,0,0,1,0,43.28,551,310,3101
49610,3589.38,0,0,0,0,-43.28,551,311,3101
49660,3547.78,0,0,1,0,42.46,551,313,3101
49710,3599.71,0,0,1,0,43.28,551,314,3101
49760,3557.03,0,0,1,0,41.82,551,316,3101
49810,3597.98,0,0,1,0,50.26,551,317,3101
49860,3557.03,0,0,1,0,32.34,551,319,3101
49910,3599.71,0,0,1,0,41.86,551,320,3101
49960,3548.62,0,0,1,0,50.23,551,322,3101
50010,3546.10,0,0,1,0,32.15,551,323,3101
50060,3532.74,0,0,1,0,175.55,556,324,3129
50110,3545.26,0,0,1,0,318.73,559,326,3149
50160,3592.81,0,-1,0,-8,-312.99,562,326,3157
50210,3545.26,0,0,1,0,115.06,563,328,3161
50260,3596.26,0,0,0,0,29.83,563,328,3161
50310,3546.94,0,0,1,0,41.58,563,330,3161
50360,3600.58,0,0,1,0,32.36,563,331,3161
50410,3582.52,0,0,0,0,45.93,563,331,3161
50460,3611.85,0,0,0,0,-19.89,563,331,3161
50510,3595.40,0,0,-1,0,-12.34,563,332,3161
50560,3616.20,0,0,0,0,-15.62,563,332,3161
50610,3574.83,0,0,0,0,33.54,563,332,3161
50660,3608.37,0,0,0,0,34.41,563,332,3161
50710,3581.66,0,0,0,0,37.16,563,332,3161
50760,3616.20,0,0,0,0,-25.11,563,332,3161
50810,3579.95,0,0,0,0,38.87,563,332,3161
50860,3617.94,0,0,0,0,-37.14,563,332,3161
50910,3580.81,0,0,0,0,38.01,563,332,3161
50960,3618.82,0,0,0,0,-38.87,563,332,3161
51010,3591.09,0,0,0,0,-29.43,563,332,3161
51060,3614.46,0,0,0,0,-22.50,563,332,3161
51110,3580.81,0,0,0,0,38.01,563,332,3161
51160,3608.37,0,0,0,0,39.49,563,332,3161
51210,3581.66,0,0,0,0,35.41,563,332,3161
51260,3617.94,0,0,0,0,-37.14,563,332,3161
51310,3581.66,0,0,0,0,36.28,563,332,3161
51360,3624.94,0,0,0,0,-32.99,563,332,3161
51410,3580.81,0,0,0,0,47.64,563,332,3161
51460,3614.46,0,0,0,0,-22.50,563,332,3161
51510,3580.81,0,0,0,0,44.13,563,332,3161
51560,3624.06,0,0,0,0,-32.11,563,332,3161
51610,3582.52,0,0,0,0,41.55,563,332,3161
51660,3618.82,0,0,0,0,-47.39,563,332,3161
51710,3579.95,0,0,0,0,38.87,563,332,3161
51760,3629.32,0,0,0,0,-47.66,563,332,3161
51810,3591.95,0,0,0,0,-32.02,563,332,3161
51860,3628.45,0,0,0,0,-46.79,563,332,3161
51910,3591.95,0,0,0,0,-42.52,563,332,3161
51960,3618.82,0,0,0,0,-37.16,563,332,3161
52011,3582.52,0,0,0,0,45.93,563,332,3161
52061,3629.32,0,0,0,0,-49.37,563,332,3161
52111,3576.54,0,0,0,0,30.10,563,332,3161
52161,3608.37,0,0,0,0,25.87,563,332,3161
52211,3581.66,0,0,0,0,37.16,563,332,3161
52261,3628.45,0,0,0,0,-47.64,563,332,3161
52311,3591.95,0,0,0,0,-38.19,563,332,3161
52361,3624.94,0,0,0,0,-34.70,563,332,3161
52411,3565.49,0,0,0,0,30.77,563,332,3161
52461,3597.12,0,0,0,0,35.06,563,332,3161
52511,3568.88,0,0,0,0,38.62,563,332,3161
52561,3617.94,0,0,0,0,-32.86,563,332,3161
52611,3581.66,0,0,0,0,37.16,563,332,3161
52661,3624.06,0,0,0,0,-32.11,563,332,3161
52711,3591.09,0,0,0,0,-40.57,563,332,3161
52761,3617.94,0,0,0,0,-36.28,563,332,3161
52811,3591.95,0,0,0,0,-40.79,563,332,3161
52861,3616.20,0,0,0,0,-25.97,563,332,3161
52911,3581.66,0,0,0,0,47.66,563,332,3161
52961,3597.98,0,0,0,0,21.33,563,332,3161
53011,3567.18,0,0,0,0,40.32,563,332,3161
53061,3617.94,0,0,0,0,-36.28,563,332,3161
53111,3581.66,0,0,0,0,47.66,563,332,3161
53161,3624.94,0,0,0,0,-32.99,563,332,3161
53211,3591.95,0,0,0,0,-40.79,563,332,3161
53261,3607.50,0,0,0,0,53.49,563,332,3161
53311,3566.33,0,0,0,0,31.65,563,332,3161
53361,3587.66,0,0,0,0,-30.63,563,333,3161
53411,3557.87,0,0,1,0,38.39,563,334,3161
53462,3598.85,0,0,1,0,43.52,563,335,3161
53512,3567.18,0,0,0,0,40.32,563,335,3161
53562,3629.32,0,0,0,0,-47.66,563,335,3161
53612,3581.66,0,0,0,0,46.79,563,335,3161
53662,3607.50,0,0,0,0,-35.41,563,335,3161
53712,3567.18,0,0,0,0,41.19,563,335,3161
53762,3585.09,0,0,0,0,-18.75,563,335,3161
53812,3557.87,0,0,1,0,40.11,563,337,3161
53862,3607.50,0,0,0,0,25.73,563,337,3161
53912,3571.43,0,0,0,0,46.52,563,337,3161
53962,3618.82,0,0,0,0,-47.39,563,337,3161
54012,3575.69,0,0,0,0,32.69,563,337,3161
54062,3576.54,0,0,0,0,31.83,563,337,3161
54112,3608.37,-33,-3,0,-45,-684.27,571,337,3224
54162,3544.42,0,0,1,0,576.46,580,338,3289
54212,3546.10,0,0,1,0,401.27,588,339,3349
54262,3544.42,0,0,1,0,534.99,597,340,3400
54312,3546.10,0,0,1,0,401.27,605,341,3457
54362,3544.42,0,0,1,0,443.88,613,342,3499
54412,3602.31,0,0,0,0,-102.40,613,342,3499
54462,3568.03,0,0,0,0,36.01,613,342,3499
54512,3619.69,0,0,0,0,-48.26,613,342,3499
54562,3580.81,0,0,0,0,43.26,613,342,3499
54612,3632.84,0,0,0,0,-37.44,613,342,3499
54662,3581.66,0,0,0,0,46.79,613,342,3499
54712,3618.82,0,0,0,0,-36.30,613,342,3499
54762,3581.66,0,0,0,0,38.03,613,342,3499
54812,3618.82,0,0,0,0,-43.98,613,342,3499
54862,3575.69,0,0,0,0,26.62,613,342,3499
54912,3606.64,0,0,0,0,27.46,613,342,3499
54962,3579.95,0,0,0,0,38.87,613,342,3499
55012,3617.94,0,0,0,0,-36.28,613,342,3499
55062,3579.95,0,0,0,0,38.87,613,342,3499
55112,3628.45,0,0,0,0,-46.79,613,342,3499
55162,3591.09,0,0,0,0,-29.43,613,342,3499
55212,3617.07,0,0,0,0,-35.41,613,342,3499
55262,3580.81,0,0,0,0,48.52,613,342,3499
55312,3617.94,0,0,0,0,-46.52,613,342,3499
55362,3567.18,0,0,0,0,41.19,613,342,3499
55412,3618.82,0,0,0,0,-43.13,613,342,3499
55462,3580.81,0,0,0,0,37.14,613,342,3499
55512,3618.82,0,0,0,0,-48.24,613,342,3499
55562,3570.58,0,0,0,0,47.37,613,342,3499
55612,3618.82,0,0,0,0,-38.01,613,342,3499
55662,3581.66,0,0,0,0,35.41,613,342,3499
55712,3619.69,0,0,0,0,-38.88,613,342,3499
55762,3576.54,0,0,0,0,30.97,613,342,3499
55812,3608.37,0,0,0,0,41.19,613,342,3499
55862,3560.41,0,0,0,0,47.96,613,342,3499
55912,3610.11,0,0,0,0,-50.55,613,343,3499
55962,3572.28,0,0,0,0,25.71,613,343,3499
56012,3618.82,0,0,0,0,-51.64,613,343,3499
56062,3581.66,0,0,0,0,37.16,613,343,3499
56112,3629.32,0,0,0,0,-47.66,613,343,3499
56162,3579.95,0,0,0,0,38.87,613,343,3499
56212,3607.50,0,0,0,0,38.03,613,343,3499
56262,3576.54,0,0,0,0,30.97,613,343,3499
56312,3608.37,0,0,0,0,33.54,613,343,3499
56363,3572.28,0,0,0,0,44.79,613,343,3499
56413,3608.37,0,0,0,0,33.54,613,343,3499
56463,3568.03,0,0,0,0,40.34,613,343,3499
56513,3599.71,0,0,0,0,47.96,613,343,3499
56563,3575.69,0,0,0,0,31.82,613,343,3499
56613,3627.57,0,0,0,0,-45.91,613,343,3499
56663,3580.81,0,0,0,0,47.64,613,343,3499
56713,3617.94,0,0,0,0,-35.43,613,343,3499
56763,3569.73,0,0,0,0,49.09,613,343,3499
56813,3617.07,0,0,0,0,-35.41,613,343,3499
56863,3580.81,0,0,0,0,38.01,613,343,3499
56913,3576.54,0,0,0,0,5.12,613,343,3499
56963,3591.09,0,0,0,0,-2.62,613,343,3499
57013,3617.94,0,0,0,0,-36.28,613,343,3499
57063,3582.52,0,0,0,0,46.81,613,343,3499
57113,3607.50,0,0,0,0,23.29,613,343,3499
57163,3583.37,0,0,0,0,24.13,613,343,3499
57213,3617.07,0,0,0,0,-40.53,613,343,3499
57263,3579.95,0,0,0,0,38.87,613,343,3499
57313,3617.07,0,0,0,0,-35.41,613,343,3499
57363,3580.81,0,0,0,0,48.52,613,343,3499
57413,3617.07,0,0,0,0,-35.41,613,343,3499
57463,3580.81,0,0,0,0,37.14,613,343,3499
57513,3629.32,0,0,0,0,-46.81,613,343,3499
57563,3581.66,0,0,0,0,47.66,613,343,3499
57613,3607.50,0,0,0,0,37.16,613,343,3499
57663,3570.58,0,0,0,0,47.37,613,343,3499
57713,3498.13,0,1,0,0,78.40,614,343,3499
57763,3570.58,0,0,0,0,42.14,615,343,3504
57814,3607.50,0,0,0,0,41.19,615,343,3504
57864,3565.49,0,0,0,0,30.77,615,343,3504
57914,3597.12,0,0,0,0,29.93,615,343,3504
57964,3573.13,0,0,0,0,24.85,615,343,3504
58014,3606.64,0,0,0,0,24.87,615,343,3504
58064,3580.81,0,0,0,0,37.14,615,343,3504
58114,3591.95,0,0,0,0,-37.14,615,343,3504
58164,3545.26,0,0,1,0,421.94,623,344,3563
58214,3546.10,0,0,1,0,577.05,632,345,3629
58264,3546.10,0,0,1,0,401.27,640,346,3693
58314,3544.42,0,0,1,0,521.72,649,347,3743
58364,3546.10,0,0,1,0,400.23,657,348,3800
58414,3543.59,0,0,1,0,522.56,666,349,3847
58464,3619.69,0,0,0,0,145.37,669,349,3847
58514,3577.39,0,0,0,0,209.53,673,349,3847
58564,3618.82,0,0,0,0,145.30,676,349,3847
58614,3587.66,0,0,0,0,186.88,680,349,3847
58664,3617.94,0,0,0,0,145.23,683,349,3847
58714,3566.33,0,0,0,0,196.84,687,349,3847
58764,3597.98,0,0,0,0,30.80,687,349,3847
58814,3568.88,0,0,0,0,38.62,687,350,3847
58864,3617.94,0,0,0,0,-36.28,687,350,3847
58914,3582.52,0,0,0,0,45.93,687,350,3847
58964,3628.45,0,0,0,0,-39.93,687,350,3847
59014,3571.43,0,0,0,0,41.29,687,350,3847
59064,3608.37,0,0,0,0,49.09,687,350,3847
59114,3585.09,0,0,0,0,22.42,687,350,3847
59164,3617.94,0,0,0,0,-32.86,687,350,3847
59214,3581.66,0,0,0,0,36.28,687,350,3847
59264,3607.50,0,0,0,0,31.82,687,350,3847
59314,3559.56,0,0,1,0,47.94,687,351,3847
59364,3675.57,0,0,0,-4,-172.53,688,351,3851
59414,3568.03,0,0,0,0,40.34,688,351,3851
59464,3608.37,0,0,0,0,40.38,688,351,3851
59514,3576.54,0,0,0,0,30.97,688,351,3851
59564,3597.98,0,0,0,0,31.83,688,351,3851
59614,3585.09,0,0,0,0,23.29,688,351,3851
59664,3617.94,0,0,0,0,-32.86,688,351,3851
59714,3571.43,0,0,0,0,47.39,688,351,3851
59764,3651.41,0,0,-1,0,-119.51,688,353,3851
59814,3579.95,0,0,0,0,37.99,688,353,3851
59864,3617.07,0,0,0,0,-35.41,688,353,3851
59914,3579.95,0,0,0,0,38.87,688,353,3851
59964,3606.64,0,0,0,0,32.70,688,353,3851
60014,3567.18,0,0,0,0,41.19,688,353,3851
60064,3597.98,0,0,0,0,25.71,688,353,3851
60114,3565.49,0,0,0,0,31.64,688,353,3851
60164,3607.50,0,0,0,0,35.85,688,353,3851
60214,3583.37,0,0,0,0,24.13,688,353,3851
60264,3617.07,0,0,0,0,-40.53,688,353,3851
60314,3574.83,0,0,0,0,33.54,688,353,3851
60364,3618.82,0,0,0,0,-42.28,688,353,3851
60414,3580.81,0,0,0,0,38.01,688,353,3851
60464,3608.37,0,0,0,0,25.01,688,353,3851
60514,3568.03,0,0,0,0,38.61,688,353,3851
60564,3608.37,0,0,0,0,49.11,688,353,3851
60614,3568.03,0,0,0,0,39.47,688,353,3851
60664,3597.98,0,0,0,0,39.49,688,353,3851
60715,3563.79,0,0,0,0,34.19,688,353,3851
60765,3617.07,0,0,0,0,-40.53,688,353,3851
60815,3583.37,0,0,0,0,25.00,688,353,3851
60865,3608.37,0,0,0,0,30.17,688,353,3851
60915,3576.54,0,0,0,0,30.10,688,353,3851
60965,3608.37,0,0,0,0,27.43,688,353,3851
61015,3576.54,0,0,0,0,31.83,688,353,3851
61065,3618.82,0,0,0,0,-47.39,688,353,3851
61115,3573.98,0,0,0,0,24.00,688,353,3851
61165,3606.64,0,0,0,0,33.41,688,353,3851
61215,3580.81,0,0,0,0,37.14,688,353,3851
61265,3628.45,0,0,0,0,-57.02,688,353,3851
61315,3590.23,0,0,0,0,-39.72,688,353,3851
61365,3617.07,0,0,0,0,-35.41,688,353,3851
61415,3572.28,0,0,0,0,25.71,688,353,3851
61465,3617.94,0,0,0,0,-42.26,688,353,3851
61515,3579.95,0,0,0,0,38.87,688,353,3851
61565,3608.37,0,0,0,0,25.87,688,353,3851
61615,3617.07,0,0,0,0,-45.64,688,353,3851
61665,3546.10,0,0,1,0,402.31,696,354,3915
61715,3545.26,0,0,1,0,396.92,703,355,3964
61765,3545.26,0,0,1,0,391.75,710,356,4002
61815,3546.10,0,0,1,0,342.93,716,357,4034
61865,3545.26,0,0,1,0,340.75,721,358,4064
61915,3544.42,0,0,1,0,255.93,725,359,4090
61965,3566.33,0,0,0,0,41.17,725,359,4090
62015,3607.50,0,0,0,0,22.30,725,359,4090
62065,3571.43,0,0,0,0,39.55,725,359,4090
62115,3608.37,0,0,0,0,29.22,725,359,4090
62166,3557.87,0,0,1,0,38.39,725,360,4090
62216,3606.64,0,0,0,0,26.52,725,360,4090
62266,3574.83,0,0,0,0,33.54,725,360,4090
62316,3617.07,0,0,0,0,-37.12,725,360,4090
62366,3579.95,0,0,0,0,36.25,725,360,4090
62416,3608.37,0,0,0,0,50.57,725,360,4090
62466,3565.49,0,0,0,0,30.77,725,360,4090
62516,3608.37,0,0,0,0,31.83,725,360,4090
62566,3576.54,0,0,0,0,31.83,725,360,4090
62616,3608.37,0,0,1,0,30.63,725,361,4090
62666,3575.69,0,0,0,0,31.82,725,361,4090
62716,3597.98,0,0,0,0,33.35,725,361,4090
62766,3560.41,0,0,0,0,47.96,725,361,4090
62816,3599.71,0,0,1,0,39.25,725,362,4090
62866,3566.33,0,0,0,0,41.17,725,362,4090
62916,3617.94,0,0,0,0,-45.67,725,362,4090
62966,3571.43,0,0,0,0,46.52,725,362,4090
63016,3597.12,0,0,0,0,27.43,725,362,4090
63066,3568.03,0,0,0,0,40.34,725,362,4090
63116,3597.98,0,0,0,0,32.50,725,362,4090
63166,3569.73,0,0,0,0,49.09,725,362,4090
63216,3607.50,0,0,0,0,49.14,725,362,4090
63266,3565.49,0,0,0,0,31.64,725,362,4090
63316,3618.82,0,0,0,0,-46.54,725,362,4090
63366,3571.43,0,0,0,0,47.39,725,362,4090
63416,3608.37,0,0,0,0,39.49,725,362,4090
63466,3571.43,0,0,0,0,46.52,725,362,4090
63516,3608.37,0,0,0,0,47.39,725,362,4090
63566,3579.95,0,0,0,0,38.87,725,362,4090
63616,3605.77,0,0,0,0,38.03,725,362,4090
63666,3574.83,0,0,0,0,33.54,725,362,4090
63716,3607.50,0,0,0,0,34.21,725,362,4090
63766,3565.49,0,0,0,0,33.36,725,363,4090
63816,3618.82,0,0,0,0,-42.28,725,363,4090
63866,3571.43,0,0,0,0,47.39,725,363,4090
63916,3608.37,0,0,0,0,39.47,725,363,4090
63966,3575.69,0,0,0,0,31.82,725,363,4090
64016,3617.07,0,0,0,0,-45.64,725,363,4090
64066,3573.13,0,0,0,0,23.99,725,363,4090
64116,3617.94,0,0,0,0,-41.41,725,363,4090
64166,3585.09,0,0,0,0,23.29,725,363,4090
64216,3607.50,0,0,0,0,29.30,725,363,4090
64266,3571.43,0,0,0,0,45.64,725,363,4090
64316,3618.82,0,0,0,0,-38.87,725,363,4090
64366,3581.66,0,0,0,0,36.28,725,363,4090
64416,3618.82,0,0,0,0,-38.87,725,363,4090
64466,3572.28,0,0,0,0,55.29,725,363,4090
64516,3570.58,0,0,0,0,49.11,725,363,4090
64566,3834.36,0,-3,0,-8,-126.07,733,363,4126
64616,3612.72,0,0,0,0,264.25,740,363,4193
64666,3545.26,0,0,1,0,330.71,746,364,4227
64716,3543.59,0,0,1,0,280.02,750,365,4253
64766,3604.04,0,-1,0,-6,-270.08,752,365,4259
64816,3568.03,0,0,0,0,145.76,754,365,4266
64866,3617.94,0,0,0,0,-43.96,754,365,4266
64916,3581.66,0,0,0,0,41.53,754,365,4266
64966,3608.37,0,0,0,0,26.65,754,365,4266
65016,3639.01,0,0,0,0,-78.60,754,365,4266
65067,3608.37,0,0,0,0,36.21,754,365,4266
65117,3570.58,0,0,0,0,42.14,754,365,4266
65167,3606.64,0,0,0,0,38.79,754,365,4266
65217,3569.73,0,0,0,0,48.22,754,365,4266
65267,3608.37,0,0,0,0,49.70,754,365,4266
65317,3573.98,0,0,0,0,23.14,754,365,4266
65367,3608.37,0,0,0,0,26.57,754,365,4266
65417,3579.10,0,0,0,0,29.27,754,365,4266
65467,3608.37,0,0,0,0,37.16,754,365,4266
65517,3566.33,0,0,0,0,42.04,754,365,4266
65567,3597.98,0,0,1,0,40.97,754,366,4266
65617,3565.49,0,0,0,0,30.77,754,366,4266
65667,3587.66,0,0,0,0,-14.53,754,366,4266
65717,3556.19,0,0,1,0,43.52,754,368,4266
65767,3597.12,0,0,0,0,32.51,754,368,4266
65817,3676.47,0,0,0,-5,-177.52,755,369,4271
65867,3618.82,0,0,0,0,-38.87,755,369,4271
65917,3591.95,0,0,0,0,-42.28,755,369,4271
65967,3628.45,0,0,0,0,-47.64,755,369,4271
66017,3585.09,0,0,0,0,21.55,755,369,4271
66067,3607.50,0,0,0,0,25.01,755,369,4271
66117,3565.49,0,0,0,0,32.50,755,369,4271
66167,3607.50,0,0,0,0,24.00,755,369,4271
66217,3568.88,0,0,0,0,39.49,755,369,4271
66267,3605.77,0,0,0,0,32.51,755,369,4271
66317,3576.54,0,0,0,0,31.83,755,369,4271
66367,3608.37,0,0,0,0,26.57,755,369,4271
66417,3572.28,0,0,0,0,45.67,755,369,4271
66467,3628.45,0,0,0,0,-46.79,755,369,4271
66518,3581.66,0,0,0,0,46.79,755,369,4271
66568,3607.50,0,0,0,0,48.22,755,369,4271
66618,3567.18,0,0,0,0,29.94,755,369,4271
66668,3617.94,0,0,0,0,-43.96,755,369,4271
66718,3583.37,0,0,0,0,25.00,755,369,4271
66768,3596.26,0,0,0,0,29.32,755,369,4271
66818,3572.28,0,0,0,0,25.71,755,369,4271
66868,3608.37,0,0,0,0,40.32,755,369,4271
66918,3576.54,0,0,0,0,30.10,755,369,4271
66968,3597.12,0,0,0,0,25.73,755,369,4271
67018,3569.73,0,0,0,0,37.77,755,369,4271
67068,3606.64,0,0,0,0,24.00,755,369,4271
67118,3580.81,0,0,0,0,37.14,755,369,4271
67168,3617.07,0,0,0,0,-35.41,755,369,4271
67218,3583.37,0,0,0,0,25.00,755,369,4271
67268,3597.98,0,0,0,0,25.74,755,369,4271
67318,3585.09,0,0,0,0,21.55,755,369,4271
67368,3608.37,0,0,0,0,25.87,755,369,4271
67418,3571.43,0,0,0,0,45.64,755,369,4271
67468,3597.98,0,0,0,0,34.41,755,369,4271
67518,3577.39,0,0,0,0,30.11,755,369,4271
67568,3608.37,0,0,0,0,22.28,755,369,4271
67618,3608.37,0,0,0,0,36.94,755,369,4271
67668,3545.26,0,0,1,0,404.19,764,370,4328
67718,3543.59,0,0,1,0,526.97,773,371,4389
67768,3544.42,0,0,1,0,264.62,776,372,4411
67818,3608.37,0,-2,0,0,-316.72,779,372,4411
67868,3559.56,0,0,1,0,189.50,782,373,4413
67918,3602.31,0,0,-1,-3,-165.76,783,374,4416
67968,3564.64,0,0,0,0,81.45,783,375,4416
68018,3608.37,0,0,0,0,32.69,783,375,4416
68068,3572.28,0,0,0,0,50.91,783,375,4416
68118,3608.37,0,0,0,0,39.66,783,375,4416
68168,3558.72,0,0,1,0,47.05,783,376,4416
68218,3608.37,0,0,0,0,25.74,783,376,4416
68268,3576.54,0,0,0,0,30.10,783,376,4416
68318,3617.94,0,0,0,0,-50.76,783,376,4416
68368,3571.43,0,0,0,0,47.39,783,376,4416
68418,3608.37,0,0,0,0,30.97,783,376,4416
68468,3575.69,0,0,0,0,32.69,783,376,4416
68518,3607.50,0,0,0,0,36.28,783,376,4416
68568,3570.58,0,0,0,0,47.37,783,376,4416
68618,3617.07,0,0,0,0,-45.64,783,376,4416
68668,3580.81,0,0,0,0,38.01,783,376,4416
68718,3606.64,0,0,0,0,32.70,783,376,4416
68768,3568.03,0,0,0,0,39.47,783,376,4416
68818,3608.37,0,0,0,0,40.38,783,376,4416
68868,3576.54,0,0,0,0,31.83,783,376,4416
68918,3597.98,0,0,0,0,41.21,783,376,4416
68968,3575.69,0,0,0,0,31.82,783,376,4416
69018,3618.82,0,0,0,0,-33.73,783,376,4416
69068,3579.95,0,0,0,0,38.87,783,376,4416
69118,3596.26,0,0,0,0,30.98,783,376,4416
69168,3573.98,0,0,0,0,24.00,783,376,4416
69218,3609.24,0,0,1,0,41.86,783,377,4416
69268,3573.98,0,0,0,0,24.00,783,377,4416
69318,3597.12,0,0,1,0,42.68,783,378,4416
69368,3567.18,0,0,0,0,40.32,783,378,4416
69419,3608.37,0,0,0,0,41.17,783,378,4416
69469,3576.54,0,0,0,0,30.10,783,378,4416
69519,3608.37,0,0,0,0,33.55,783,378,4416
69569,3571.43,0,0,0,0,47.39,783,378,4416
69619,3608.37,0,0,0,0,31.83,783,378,4416
69669,3568.03,0,0,0,0,39.47,783,378,4416
69719,3608.37,0,0,0,0,31.83,783,378,4416
69769,3564.64,0,0,0,0,33.35,783,378,4416
69819,3607.50,0,0,0,0,33.33,783,378,4416
69869,3565.49,0,0,0,0,31.64,783,378,4416
69919,3599.71,0,0,1,0,38.39,783,379,4416
69969,3566.33,0,0,0,0,41.17,783,379,4416
70019,3596.26,0,0,0,0,31.82,783,379,4416
70069,3576.54,0,0,0,0,31.83,783,379,4416
70119,3617.94,0,0,0,0,-34.57,783,379,4416
70169,3565.49,0,0,0,0,31.64,783,379,4416
70219,3597.98,0,0,0,0,41.19,783,379,4416
70269,3547.78,0,0,1,0,50.21,783,380,4416
70319,3462.60,0,1,0,0,56.04,785,380,4416
70369,3342.99,0,3,0,3,67.65,792,380,4420
70419,3198.29,0,5,0,2,54.80,805,380,4426
70469,3113.32,0,6,0,2,59.26,816,380,4429
70519,3130.22,0,6,0,0,0.65,837,380,4453
70569,2922.27,0,8,0,0,17.76,853,380,4462
70619,2774.18,8,10,0,2,63.50,881,380,4467
70669,2686.25,3,11,0,2,68.57,902,380,4469
70719,2610.51,0,12,0,2,61.86,926,380,4471
70769,2528.66,0,13,0,2,56.66,952,380,4474
70819,2444.59,0,15,0,2,63.77,981,380,4476
70870,2366.68,0,16,0,2,62.08,1012,380,4478
70920,2281.72,1,17,0,2,65.70,1045,380,4480
70970,2206.21,6,18,0,2,62.05,1080,380,4482
71020,2128.87,12,19,0,2,60.27,1117,380,4484
71070,2049.18,21,20,0,2,62.90,1156,380,4486
71120,2034.45,0,20,0,0,14.73,1176,380,4486
71170,1956.44,11,21,0,0,15.69,1218,380,4488
71220,1898.01,0,22,0,1,58.42,1240,380,4489
71270,1819.28,11,23,0,1,62.77,1285,380,4490
71320,1806.79,0,23,0,0,12.49,1308,380,4490
71370,1732.70,13,24,0,0,10.67,1356,380,4491
71420,1667.59,0,25,0,1,65.11,1381,380,4492
71470,1596.25,26,26,0,1,61.02,1432,380,4493
71520,1582.28,13,26,0,0,13.98,1458,380,4493
71570,1520.22,4,27,0,1,62.06,1485,380,4494
71620,1510.27,0,27,0,0,9.95,1512,380,4494
71670,1436.51,27,28,0,0,7.47,1568,380,4495
71720,1371.24,22,28,0,1,65.27,1596,380,4496
71770,1364.01,17,29,0,0,7.23,1625,380,4496
71820,1296.68,14,29,0,1,67.33,1654,380,4497
71870,1279.43,13,30,0,0,17.25,1684,380,4497
71920,1231.53,9,30,0,0,47.90,1714,380,4497
71970,1216.35,9,30,0,0,15.18,1744,380,4497
72020,1146.09,13,31,0,1,70.26,1775,380,4498
72070,1142.25,15,31,0,0,3.84,1806,380,4498
72120,1071.81,23,32,0,1,70.44,1838,380,4499
72170,1067.46,28,32,0,0,4.35,1870,380,4499
72220,1067.46,0,32,0,0,4.35,1870,380,4499
72270,1002.34,0,33,0,1,65.12,1903,380,4500
72320,990.30,0,33,0,0,12.04,1936,380,4500
72370,925.81,17,34,0,1,64.48,1970,380,4501
72420,909.70,32,34,0,0,16.11,2004,380,4501
72470,909.70,0,34,0,0,16.11,2004,380,4501
72520,838.97,4,35,0,0,70.72,2039,380,4501
72570,826.40,28,36,0,0,12.57,2075,380,4501
72620,826.40,0,36,0,0,12.57,2075,380,4501
72670,754.87,10,36,0,0,71.53,2111,380,4501
72720,754.87,0,36,0,0,71.53,2111,380,4501
72770,737.35,0,37,0,0,17.51,2148,380,4501
72820,666.58,31,38,0,0,70.78,2186,380,4501
72870,666.58,0,38,0,0,70.78,2186,380,4501
72920,637.38,26,38,0,0,29.20,2224,380,4501
72970,637.38,0,38,0,0,29.20,2224,380,4501
73020,557.89,34,39,0,0,79.49,2263,380,4501
73070,557.89,0,39,0,0,79.49,2263,380,4501
73120,557.89,0,39,0,0,79.49,2263,380,4501
73170,519.71,0,40,0,0,38.18,2303,380,4501
73220,519.71,0,40,0,0,38.18,2303,380,4501
73270,519.71,0,40,0,0,38.18,2303,380,4501
73320,423.14,0,41,0,0,96.57,2344,380,4501
73370,423.14,0,41,0,0,96.57,2344,380,4501
73420,423.14,0,41,0,0,96.57,2344,380,4501
73470,360.76,10,42,0,0,62.38,2386,380,4501
73520,360.76,0,42,0,0,62.38,2386,380,4501
73570,360.76,0,42,0,0,62.38,2386,380,4501
73620,360.76,0,42,0,0,62.38,2386,380,4501
74776,44.86,0,42,0,0,62.38,2386,380,4501
74826,44.86,0,42,0,0,62.38,2386,380,4501
74876,44.86,0,42,0,0,62.38,2386,380,4501
74926,44.86,0,42,0,0,62.38,2386,380,4501
74976,44.86,0,42,0,0,62.38,2386,380,4501
75026,0.00,0,42,0,0,62.38,2386,380,4501
75076,0.00,0,42,0,0,62.38,2386,380,4501
75126,0.00,0,42,0,0,62.38,2386,380,4501
75176,0.00,0,42,0,0,62.38,2386,380,4501
75226,0.00,0,42,0,0,62.38,2386,380,4501
75276,0.00,0,42,0,0,62.38,2386,380,4501
75326,0.00,0,42,0,0,62.38,2386,380,4501
75376,0.00,0,42,0,0,62.38,2386,380,4501
75426,0.00,0,42,0,0,62.38,2386,380,4501
75476,0.00,0,42,0,0,62.38,2386,380,4501
75526,0.00,0,42,0,0,62.38,2386,380,4501
75576,0.00,0,42,0,0,62.38,2386,380,4501
75626,0.00,0,42,0,0,62.38,2386,380,4501
75676,0.00,0,42,0,0,62.38,2386,380,4501
75726,0.00,0,42,0,0,62.38,2386,380,4501
75776,0.00,0,42,0,0,62.38,2386,380,4501
75826,0.00,0,42,0,0,62.38,2386,380,4501
75876,0.00,0,42,0,0,62.38,2386,380,4501
75926,0.00,0,42,0,0,62.38,2386,380,4501
75976,0.00,0,42,0,0,62.38,2386,380,4501
76026,0.00,0,42,0,0,62.38,2386,380,4501
76076,0.00,0,42,0,0,62.38,2386,380,4501
76126,0.00,0,42,0,0,62.38,2386,380,4501
76176,0.00,0,42,0,0,62.38,2386,380,4501
76226,0.00,0,42,0,0,62.38,2386,380,4501
76276,0.00,0,42,0,0,62.38,2386,380,4501
76326,0.00,0,42,0,0,62.38,2386,380,4501
76376,0.00,0,42,0,0,62.38,2386,380,4501
76426,0.00,0,42,0,0,62.38,2386,380,4501
76476,0.00,0,42,0,0,62.38,2386,380,4501
76526,0.00,0,42,0,0,62.38,2386,380,4501
76576,0.00,0,42,0,0,62.38,2386,380,4501
76626,0.00,0,42,0,0,62.38,2386,380,4501
76676,0.00,0,42,0,0,62.38,2386,380,4501
76726,0.00,0,42,0,0,62.38,2386,380,4501
76776,0.00,0,42,0,0,62.38,2386,380,4501
76826,0.00,0,42,0,0,62.38,2386,380,4501
76876,0.00,0,42,0,0,62.38,2386,380,4501
76926,0.00,0,42,0,0,62.38,2386,380,4501
76976,0.00,0,42,0,0,62.38,2386,380,4501
77026,0.00,0,42,0,0,62.38,2386,380,4501
77076,0.00,0,42,0,0,62.38,2386,380,4501
77126,0.00,0,42,0,0,62.38,2386,380,4501
77176,0.00,0,42,0,0,62.38,2386,380,4501
77227,0.00,0,42,0,0,62.38,2386,380,4501
77277,0.00,0,42,0,0,62.38,2386,380,4501
77327,0.00,0,42,0,0,62.38,2386,380,4501
77377,0.00,0,42,0,0,62.38,2386,380,4501
77427,0.00,0,42,0,0,62.38,2386,380,4501
77477,0.00,0,42,0,0,62.38,2386,380,4501
77527,0.00,0,42,0,0,62.38,2386,380,4501
77577,0.00,0,42,0,0,62.38,2386,380,4501
77627,0.00,0,42,0,0,62.38,2386,380,4501
77677,0.00,0,42,0,0,62.38,2386,380,4501
77727,0.00,0,42,0,0,62.38,2386,380,4501
77777,0.00,0,42,0,0,62.38,2386,380,4501
77827,0.00,0,42,0,0,62.38,2386,380,4501
77877,0.00,0,42,0,0,62.38,2386,380,4501
77927,0.00,0,42,0,0,62.38,2386,380,4501
77977,0.00,0,42,0,0,62.38,2386,380,4501
78027,0.00,0,42,0,0,62.38,2386,380,4501
78077,0.00,0,42,0,0,62.38,2386,380,4501
78127,0.00,0,42,0,0,62.38,2386,380,4501
78177,0.00,0,42,0,0,62.38,2386,380,4501
78227,0.00,0,42,0,0,62.38,2386,380,4501
78277,0.00,0,42,0,0,62.38,2386,380,4501
78327,0.00,0,42,0,0,62.38,2386,380,4501
78377,0.00,0,42,0,0,62.38,2386,380,4501
78427,0.00,0,42,0,0,62.38,2386,380,4501
78477,0.00,0,42,0,0,62.38,2386,380,4501
78527,0.00,0,42,0,0,62.38,2386,380,4501
78577,0.00,0,42,0,0,62.38,2386,380,4501
78627,0.00,0,42,0,0,62.38,2386,380,4501
78678,0.00,0,42,0,0,62.38,2386,380,4501
78728,0.00,0,42,0,0,62.38,2386,380,4501
78778,0.00,0,42,0,0,62.38,2386,380,4501
78828,0.00,0,42,0,0,62.38,2386,380,4501
78878,0.00,0,42,0,0,62.38,2386,380,4501
78928,0.00,0,42,0,0,62.38,2386,380,4501
78978,0.00,0,42,0,0,62.38,2386,380,4501
79028,0.00,0,42,0,0,62.38,2386,380,4501
79078,0.00,0,42,0,0,62.38,2386,380,4501
79128,0.00,0,42,0,0,62.38,2386,380,4501
79178,0.00,0,42,0,0,62.38,2386,380,4501
79228,0.00,0,42,0,0,62.38,2386,380,4501
79278,0.00,0,42,0,0,62.38,2386,380,4501
79328,0.00,0,42,0,0,62.38,2386,380,4501
79378,0.00,0,42,0,0,62.38,2386,380,4501
79428,0.00,0,42,0,0,62.38,2386,380,4501
79478,0.00,0,42,0,0,62.38,2386,380,4501
79528,0.00,0,42,0,0,62.38,2386,380,4501
79578,0.00,0,42,0,0,62.38,2386,380,4501
79628,0.00,0,42,0,0,62.38,2386,380,4501
79678,0.00,0,42,0,0,62.38,2386,380,4501
79728,0.00,0,42,0,0,62.38,2386,380,4501
79778,0.00,0,42,0,0,62.38,2386,380,4501
79828,0.00,0,42,0,0,62.38,2386,380,4501
79878,0.00,0,42,0,0,62.38,2386,380,4501
79928,0.00,0,42,0,0,62.38,2386,380,4501
79978,0.00,0,42,0,0,62.38,2386,380,4501
80028,0.00,0,42,0,0,62.38,2386,380,4501
80078,0.00,0,42,0,0,62.38,2386,380,4501
80128,0.00,0,42,0,0,62.38,2386,380,4501
80178,0.00,0,42,0,0,62.38,2386,380,4501
80228,0.00,0,42,0,0,62.38,2386,380,4501
80278,0.00,0,42,0,0,62.38,2386,380,4501
