Mechanical Governor - Abrupt Load Increase(1800 W) - Initially Constant Load (1500 W)
Trial: 10
Date: 3-31-2023
Time: 3:53 PM
Ambient Temp: 81
Head Temp: 214.5

------ Microcontroller Engine Governor - Version: 1.16 ------
-------------------------------------------------------------
PID Gains:        Kp: 0.013000   Ki: 0.025000   Kd: 1.000000
-------------------------------------------------------------
Set RPM:             3600    |  Min RPM:                300
                             |
RPM Precision        10       |  PID I Precision:         70
                             |
Start Steps:         850     |  Max Steps:               1200
                             |
RPM Calc Interval:   1       |  Num Magnets:             1
                             |
LCD Update Interval: 400     |  Serial Update Interval:  50
-------------------------------------------------------------

Time,RPM,Steps Remaining, PID p, PID i, PID d, RPM Change, P Cmd, I Cmd, D Cmd
1226,0.00,0,0,0,0,0.00,0,0,0
1276,0.00,0,0,0,0,0.00,0,0,0
1326,0.00,0,0,0,0,0.00,0,0,0
1376,0.00,0,0,0,0,0.00,0,0,0
1426,0.00,0,0,0,0,0.00,0,0,0
1476,0.00,0,0,0,0,0.00,0,0,0
1526,0.00,0,0,0,0,0.00,0,0,0
1576,0.00,0,0,0,0,0.00,0,0,0
1626,0.00,0,0,0,0,0.00,0,0,0
1676,0.00,0,0,0,0,0.00,0,0,0
1726,0.00,0,0,0,0,0.00,0,0,0
1776,0.00,0,0,0,0,0.00,0,0,0
1826,0.00,0,0,0,0,0.00,0,0,0
1876,0.00,0,0,0,0,0.00,0,0,0
1926,0.00,0,0,0,0,0.00,0,0,0
1976,0.00,0,0,0,0,0.00,0,0,0
2026,0.00,0,0,0,0,0.00,0,0,0
2076,0.00,0,0,0,0,0.00,0,0,0
2126,0.00,0,0,0,0,0.00,0,0,0
2176,0.00,0,0,0,0,0.00,0,0,0
2226,0.00,0,0,0,0,0.00,0,0,0
2276,0.00,0,0,0,0,0.00,0,0,0
2326,0.00,0,0,0,0,0.00,0,0,0
2376,0.00,0,0,0,0,0.00,0,0,0
2426,0.00,0,0,0,0,0.00,0,0,0
2476,0.00,0,0,0,0,0.00,0,0,0
2526,0.00,0,0,0,0,0.00,0,0,0
2576,0.00,0,0,0,0,0.00,0,0,0
2626,0.00,0,0,0,0,0.00,0,0,0
2676,0.00,0,0,0,0,0.00,0,0,0
2726,0.00,0,0,0,0,0.00,0,0,0
2776,0.00,0,0,0,0,0.00,0,0,0
2826,0.00,0,0,0,0,0.00,0,0,0
2876,0.00,0,0,0,0,0.00,0,0,0
2926,0.00,0,0,0,0,0.00,0,0,0
2976,0.00,0,0,0,0,0.00,0,0,0
3026,0.00,0,0,0,0,0.00,0,0,0
3076,0.00,0,0,0,0,0.00,0,0,0
3126,0.00,0,0,0,0,0.00,0,0,0
3176,0.00,0,0,0,0,0.00,0,0,0
3226,0.00,0,0,0,0,0.00,0,0,0
3276,0.00,0,0,0,0,0.00,0,0,0
3326,0.00,0,0,0,0,0.00,0,0,0
3376,0.00,0,0,0,0,0.00,0,0,0
3426,0.00,0,0,0,0,0.00,0,0,0
3476,0.00,0,0,0,0,0.00,0,0,0
3526,0.00,0,0,0,0,0.00,0,0,0
3576,0.00,0,0,0,0,0.00,0,0,0
3627,0.00,0,0,0,0,0.00,0,0,0
3677,0.00,0,0,0,0,0.00,0,0,0
3727,0.00,0,0,0,0,0.00,0,0,0
3777,0.00,0,0,0,0,0.00,0,0,0
3827,0.00,0,0,0,0,0.00,0,0,0
3877,0.00,0,0,0,0,0.00,0,0,0
3927,0.00,0,0,0,0,0.00,0,0,0
3977,0.00,0,0,0,0,0.00,0,0,0
4027,0.00,0,0,0,0,0.00,0,0,0
4077,0.00,0,0,0,0,0.00,0,0,0
4127,0.00,0,0,0,0,0.00,0,0,0
4177,0.00,0,0,0,0,0.00,0,0,0
4227,0.00,0,0,0,0,0.00,0,0,0
4277,0.00,0,0,0,0,0.00,0,0,0
4327,0.00,0,0,0,0,0.00,0,0,0
4377,0.00,0,0,0,0,0.00,0,0,0
4427,0.00,0,0,0,0,0.00,0,0,0
4477,0.00,0,0,0,0,0.00,0,0,0
4527,0.00,0,0,0,0,0.00,0,0,0
4577,0.00,0,0,0,0,0.00,0,0,0
4627,0.00,0,0,0,0,0.00,0,0,0
4677,0.00,0,0,0,0,0.00,0,0,0
4727,0.00,0,0,0,0,0.00,0,0,0
4777,0.00,0,0,0,0,0.00,0,0,0
4827,0.00,0,0,0,0,0.00,0,0,0
4877,0.00,0,0,0,0,0.00,0,0,0
4927,0.00,0,0,0,0,0.00,0,0,0
4977,0.00,0,0,0,0,0.00,0,0,0
5027,0.00,0,0,0,0,0.00,0,0,0
5078,0.00,0,0,0,0,0.00,0,0,0
5128,0.00,0,0,0,0,0.00,0,0,0
5178,0.00,0,0,0,0,0.00,0,0,0
5228,0.00,0,0,0,0,0.00,0,0,0
5278,0.00,0,0,0,0,0.00,0,0,0
5328,0.00,0,0,0,0,0.00,0,0,0
5378,0.00,0,0,0,0,0.00,0,0,0
5428,0.00,0,0,0,0,0.00,0,0,0
5478,0.00,0,0,0,0,0.00,0,0,0
5528,0.00,0,0,0,0,0.00,0,0,0
5578,0.00,0,0,0,0,0.00,0,0,0
5628,0.00,0,0,0,0,0.00,0,0,0
5678,0.00,0,0,0,0,0.00,0,0,0
5728,0.00,0,0,0,0,0.00,0,0,0
5778,0.00,0,0,0,0,0.00,0,0,0
5828,0.00,0,0,0,0,0.00,0,0,0
5878,0.00,0,0,0,0,0.00,0,0,0
5928,0.00,0,0,0,0,0.00,0,0,0
5978,0.00,0,0,0,0,0.00,0,0,0
6028,0.00,0,0,0,0,0.00,0,0,0
6078,0.00,0,0,0,0,0.00,0,0,0
6128,0.00,0,0,0,0,0.00,0,0,0
6178,0.00,0,0,0,0,0.00,0,0,0
6228,0.00,0,0,0,0,0.00,0,0,0
6278,0.00,0,0,0,0,0.00,0,0,0
6328,0.00,0,0,0,0,0.00,0,0,0
6378,0.00,0,0,0,0,0.00,0,0,0
6428,0.00,0,0,0,0,0.00,0,0,0
6478,0.00,0,0,0,0,0.00,0,0,0
6528,0.00,0,0,0,0,0.00,0,0,0
6578,0.00,0,0,0,0,0.00,0,0,0
6628,0.00,0,0,0,0,0.00,0,0,0
6678,0.00,0,0,0,0,0.00,0,0,0
6728,0.00,0,0,0,0,0.00,0,0,0
6778,0.00,0,0,0,0,0.00,0,0,0
6828,0.00,0,0,0,0,0.00,0,0,0
6878,0.00,0,0,0,0,0.00,0,0,0
6928,0.00,0,0,0,0,0.00,0,0,0
6978,0.00,0,0,0,0,0.00,0,0,0
7028,0.00,0,0,0,0,0.00,0,0,0
7078,0.00,0,0,0,0,0.00,0,0,0
7128,0.00,0,0,0,0,0.00,0,0,0
7178,0.00,0,0,0,0,0.00,0,0,0
7228,0.00,0,0,0,0,0.00,0,0,0
7278,0.00,0,0,0,0,0.00,0,0,0
7328,0.00,0,0,0,0,0.00,0,0,0
7378,0.00,0,0,0,0,0.00,0,0,0
7428,0.00,0,0,0,0,0.00,0,0,0
7478,0.00,0,0,0,0,0.00,0,0,0
7528,0.00,0,0,0,0,0.00,0,0,0
7578,0.00,0,0,0,0,0.00,0,0,0
7628,0.00,0,0,0,0,0.00,0,0,0
7678,0.00,0,0,0,0,0.00,0,0,0
7728,0.00,0,0,0,0,0.00,0,0,0
7778,0.00,0,0,0,0,0.00,0,0,0
7828,0.00,0,0,0,0,0.00,0,0,0
7878,0.00,0,0,0,0,0.00,0,0,0
7928,0.00,0,0,0,0,0.00,0,0,0
7979,0.00,0,0,0,0,0.00,0,0,0
8029,0.00,0,0,0,0,0.00,0,0,0
8079,0.00,0,0,0,0,0.00,0,0,0
8129,0.00,0,0,0,0,0.00,0,0,0
8179,0.00,0,0,0,0,0.00,0,0,0
8229,0.00,0,0,0,0,0.00,0,0,0
8279,0.00,0,0,0,0,0.00,0,0,0
8329,0.00,0,0,0,0,0.00,0,0,0
8379,0.00,0,0,0,0,0.00,0,0,0
8429,0.00,0,0,0,0,0.00,0,0,0
8479,0.00,0,0,0,0,0.00,0,0,0
8529,0.00,0,0,0,0,0.00,0,0,0
8579,0.00,0,0,0,0,0.00,0,0,0
8629,0.00,0,0,0,0,0.00,0,0,0
8679,0.00,0,0,0,0,0.00,0,0,0
8729,0.00,0,0,0,0,0.00,0,0,0
8779,0.00,0,0,0,0,0.00,0,0,0
8829,0.00,0,0,0,0,0.00,0,0,0
8879,0.00,0,0,0,0,0.00,0,0,0
8929,0.00,0,0,0,0,0.00,0,0,0
8979,0.00,0,0,0,0,0.00,0,0,0
9029,0.00,0,0,0,0,0.00,0,0,0
9079,0.00,0,0,0,0,0.00,0,0,0
9129,0.00,0,0,0,0,0.00,0,0,0
9179,0.00,0,0,0,0,0.00,0,0,0
9229,0.00,0,0,0,0,0.00,0,0,0
9279,0.00,0,0,0,0,0.00,0,0,0
9329,0.00,0,0,0,0,0.00,0,0,0
9379,0.00,0,0,0,0,0.00,0,0,0
9430,0.00,0,0,0,0,0.00,0,0,0
9480,0.00,0,0,0,0,0.00,0,0,0
9530,0.00,0,0,0,0,0.00,0,0,0
9580,0.00,0,0,0,0,0.00,0,0,0
9630,0.00,0,0,0,0,0.00,0,0,0
9680,0.00,0,0,0,0,0.00,0,0,0
9730,0.00,0,0,0,0,0.00,0,0,0
9780,0.00,0,0,0,0,0.00,0,0,0
9830,0.00,0,0,0,0,0.00,0,0,0
9880,inf,0,0,0,0,inf,0,0,0
9930,inf,0,0,0,0,inf,0,0,0
9980,502.31,18,40,0,0,inf,40,0,0
10030,502.31,0,40,0,0,inf,40,0,0
10080,652.86,8,38,0,-1,-150.54,78,0,1
10130,1076.58,2,32,0,-7,-423.73,110,0,8
10180,1099.38,13,32,0,0,-22.80,142,0,8
10230,1516.68,0,27,0,-10,-417.30,169,0,18
10280,1696.45,15,24,0,-4,-175.00,220,0,22
10330,1709.99,5,24,0,0,-13.54,244,0,22
10380,2010.18,11,20,0,0,-18.42,284,0,31
10430,2273.07,11,17,0,0,-7.90,318,0,41
10480,2497.92,6,14,0,0,10.02,346,0,50
10530,2724.30,0,11,0,1,23.96,368,0,62
10580,3149.94,0,5,0,-10,-193.11,389,0,83
10630,3344.48,0,3,0,-10,-183.93,397,0,93
10680,3507.13,0,1,0,0,80.53,402,0,108
10730,3754.69,0,-2,0,0,-107.72,404,2,110
10780,3887.02,-24,-3,0,-22,-342.59,413,3,173
10830,3646.09,0,0,-1,0,22.29,414,5,173
10880,3664.79,0,0,-1,0,-31.95,414,6,173
10930,3602.31,0,0,0,0,10.53,414,6,173
10980,3643.43,0,0,-1,0,-41.99,414,7,173
11030,3625.82,0,0,0,0,17.61,414,8,173
11080,3626.69,0,0,0,0,-21.79,414,9,173
11130,3571.43,0,0,0,0,56.14,414,9,173
11180,3607.50,0,0,0,0,41.27,414,9,173
11230,3580.81,0,0,0,0,38.01,414,9,173
11280,3628.45,0,0,0,0,-47.64,414,9,173
11330,3581.66,0,0,0,0,37.16,414,9,173
11380,3618.82,0,0,0,0,-38.01,414,9,173
11430,3581.66,0,0,0,0,36.28,414,9,173
11480,3597.98,0,0,0,0,53.77,414,9,173
11530,3571.43,0,0,0,0,46.52,414,9,173
11580,3615.33,0,0,0,0,-23.37,414,9,173
11630,3581.66,0,0,0,0,37.16,414,9,173
11680,3639.89,0,0,0,0,-59.94,414,9,173
11730,3591.95,0,0,0,0,-54.75,414,9,173
11780,3602.31,0,0,0,0,-40.89,414,9,173
11830,3543.59,0,0,1,0,489.76,423,10,236
11881,3816.79,-18,-2,0,-17,-272.37,433,11,310
11931,3588.52,0,0,0,0,184.12,436,11,310
11981,3624.06,0,0,0,0,-32.11,436,11,310
12032,3581.66,0,0,0,0,43.28,436,11,310
12082,3608.37,0,0,0,0,40.63,436,11,310
12132,3582.52,0,0,0,0,15.47,436,11,310
12182,3618.82,0,0,0,0,-47.39,436,11,310
12232,3571.43,0,0,0,0,57.90,436,11,310
12282,3628.45,0,0,0,0,-45.93,436,11,310
12332,3581.66,0,0,0,0,57.35,436,11,310
12382,3626.69,0,0,0,0,-25.25,436,11,310
12432,3590.23,0,0,0,0,-33.85,436,11,310
12482,3627.57,0,0,0,0,-45.91,436,11,310
12532,3590.23,0,0,0,0,-37.14,436,11,310
12582,3617.07,0,0,0,0,-44.79,436,11,310
12632,3628.45,0,0,0,0,-45.93,436,11,310
12682,3544.42,0,0,1,0,406.06,445,12,379
12732,3544.42,0,0,1,0,522.82,454,13,430
12783,3828.48,-18,-2,0,-17,-282.38,464,14,507
12833,3588.52,0,0,0,0,172.77,467,14,507
12883,3624.94,0,0,0,0,-32.99,467,14,507
12933,3593.67,0,0,0,0,-33.83,467,14,507
12983,3624.06,0,0,0,0,-32.97,467,14,507
13033,3581.66,0,0,0,0,32.80,467,14,507
13083,3618.82,0,0,0,0,-38.01,467,14,507
13133,3581.66,0,0,0,0,35.41,467,14,507
13184,3608.37,0,0,0,0,30.17,467,14,507
13234,3576.54,0,0,0,0,31.83,467,14,507
13284,3618.82,0,0,0,0,-37.16,467,14,507
13334,3581.66,0,0,0,0,36.28,467,14,507
13384,3616.20,0,0,0,0,-25.11,467,14,507
13434,3581.66,0,0,0,0,47.66,467,14,507
13484,3591.09,0,0,0,0,-38.90,467,14,507
13534,3544.42,0,0,1,0,432.25,474,15,563
13584,3543.59,0,0,1,0,493.01,482,16,624
13634,3545.26,0,0,1,0,406.27,490,17,682
13684,3544.42,0,0,1,0,522.82,499,18,732
13734,3545.26,0,0,1,0,405.23,507,19,789
13784,3545.26,0,0,1,0,381.44,514,20,824
13834,3625.82,0,0,0,0,24.71,514,21,824
13884,3593.67,0,-1,0,-3,-164.58,515,22,827
13934,3628.45,0,0,0,0,98.26,517,22,831
13984,3588.52,0,0,0,0,186.02,520,22,831
14034,3544.42,0,0,1,0,257.86,524,23,853
14084,3545.26,0,0,1,0,289.09,528,24,875
14134,3616.20,0,0,0,0,-21.66,528,25,875
14184,3582.52,0,0,0,0,37.17,528,25,875
14234,3617.94,0,0,0,0,-34.57,528,25,875
14284,3581.66,0,0,0,0,49.42,528,25,875
14334,3623.19,0,0,0,0,-8.73,528,25,875
14384,3582.52,0,0,0,0,56.49,528,25,875
14434,3628.45,0,0,0,0,-42.50,528,25,875
14484,3581.66,0,0,0,0,40.65,528,25,875
14534,3617.94,0,0,0,0,-33.72,528,25,875
14584,3580.81,0,0,0,0,41.51,528,25,875
14635,3617.94,0,0,0,0,-35.43,528,25,875
14685,3581.66,0,0,0,0,40.65,528,25,875
14735,3608.37,0,0,0,0,30.10,528,25,875
14785,3585.09,0,0,0,0,21.55,528,25,875
14835,3628.45,0,0,0,0,-39.93,528,25,875
14885,3571.43,0,0,0,0,52.64,528,25,875
14935,3608.37,0,0,0,0,30.89,528,25,875
14985,3572.28,0,0,0,0,57.92,528,26,875
15035,3617.94,0,0,0,0,-41.41,528,26,875
15085,3580.81,0,0,0,0,38.01,528,26,875
15135,3608.37,0,0,0,0,40.65,528,26,875
15185,3573.13,0,0,0,0,24.85,528,26,875
15235,3616.20,0,0,0,0,-48.17,528,26,875
15285,3580.81,0,0,0,0,38.01,528,26,875
15335,3614.46,0,0,0,0,-22.50,528,26,875
15385,3583.37,0,0,0,0,78.74,528,28,875
15435,3597.12,0,0,0,0,25.60,528,28,875
15485,3576.54,0,0,0,0,30.10,528,28,875
15535,3617.94,0,0,0,0,-43.11,528,28,875
15585,3570.58,0,0,0,0,48.24,528,28,875
15635,3628.45,0,0,0,0,-56.17,528,28,875
15685,3581.66,0,0,0,0,36.28,528,28,875
15735,3597.98,0,0,0,0,40.36,528,28,875
15785,3567.18,0,0,0,0,40.32,528,28,875
15835,3606.64,0,0,0,0,24.89,528,28,875
15885,3568.03,0,0,0,0,40.34,528,28,875
15935,3608.37,0,0,0,0,35.97,528,28,875
15985,3591.95,0,0,0,0,-41.43,528,28,875
16035,3618.82,0,0,0,0,-38.01,528,28,875
16086,3592.81,0,0,0,0,-57.02,528,28,875
16136,3607.50,0,0,0,0,-30.37,528,28,875
16186,3571.43,0,0,0,0,45.64,528,28,875
16236,3618.82,0,0,0,0,-38.01,528,28,875
16286,3582.52,0,0,0,0,45.93,528,28,875
16336,3628.45,0,0,0,0,-47.64,528,28,875
16386,3581.66,0,0,0,0,34.54,528,28,875
16436,3607.50,0,0,0,0,40.40,528,28,875
16486,3568.88,0,0,0,0,38.62,528,28,875
16536,3608.37,0,0,0,0,28.45,528,28,875
16586,3571.43,0,0,0,0,47.39,528,28,875
16636,3617.94,0,0,0,0,-36.28,528,28,875
16686,3581.66,0,0,0,0,37.16,528,28,875
16736,3618.82,0,0,0,0,-42.28,528,28,875
16786,3581.66,0,0,0,0,37.16,528,28,875
16836,3628.45,0,0,0,0,-46.79,528,28,875
16886,3571.43,0,0,0,0,46.52,528,28,875
16936,3618.82,0,0,0,0,-42.28,528,28,875
16986,3581.66,0,0,0,0,36.28,528,28,875
17036,3617.94,0,0,0,0,-36.28,528,28,875
17086,3580.81,0,0,0,0,38.01,528,28,875
17136,3608.37,0,0,0,0,40.65,528,28,875
17186,3580.81,0,0,0,0,37.14,528,28,875
17236,3618.82,0,0,0,0,-46.54,528,28,875
17286,3579.95,0,0,0,0,38.87,528,28,875
17336,3605.77,0,0,0,0,30.18,528,28,875
17386,3570.58,0,0,0,0,47.37,528,28,875
17436,3597.12,0,0,0,0,34.24,528,28,875
17486,3571.43,0,0,0,0,45.64,528,28,875
17536,3597.98,0,0,0,0,40.63,528,28,875
17586,3568.03,0,0,0,0,40.34,528,28,875
17636,3628.45,0,0,0,0,-46.79,528,28,875
17686,3581.66,0,0,0,0,36.28,528,28,875
17736,3617.94,0,0,0,0,-35.43,528,28,875
17786,3581.66,0,0,0,0,46.79,528,28,875
17836,3617.94,0,0,0,0,-37.14,528,28,875
17886,3581.66,0,0,0,0,33.67,528,28,875
17936,3607.50,0,0,0,0,24.04,528,28,875
17986,3571.43,0,0,0,0,47.39,528,28,875
18036,3608.37,0,0,0,0,38.68,528,28,875
18086,3608.37,0,0,0,0,31.83,528,28,875
18136,3544.42,0,0,1,0,406.06,537,29,933
18186,3423.09,0,2,0,0,384.01,541,30,950
18236,3545.26,0,0,1,0,292.04,544,31,969
18286,3544.42,0,0,1,0,281.13,548,32,994
18336,3545.26,0,0,1,0,312.76,552,33,1019
18386,3544.42,0,0,1,0,292.88,557,34,1045
18436,3543.59,0,0,1,0,267.39,560,35,1067
18486,3629.32,0,0,0,0,-53.64,560,36,1067
18536,3592.81,0,0,0,0,-35.51,560,36,1067
18586,3617.94,0,0,0,0,-36.28,560,36,1067
18636,3582.52,0,0,0,0,47.69,560,36,1067
18686,3624.06,0,0,0,0,-32.11,560,36,1067
18736,3592.81,0,0,0,0,-45.03,560,36,1067
18786,3628.45,0,0,0,0,-41.65,560,36,1067
18836,3581.66,0,0,0,0,41.53,560,36,1067
18886,3607.50,0,0,0,0,36.89,560,36,1067
18936,3571.43,0,0,0,0,41.29,560,37,1067
18987,3618.82,0,0,0,0,-44.84,560,37,1067
19037,3591.95,0,0,0,0,-32.89,560,37,1067
19087,3616.20,0,0,0,0,-25.11,560,37,1067
19137,3561.25,0,0,0,0,48.85,560,37,1067
19187,3608.37,0,0,0,0,51.56,560,37,1067
19237,3574.83,0,0,0,0,31.80,560,37,1067
19287,3617.07,0,0,0,0,-32.84,560,37,1067
19337,3579.95,0,0,0,0,38.87,560,37,1067
19387,3617.07,0,0,0,0,-34.56,560,37,1067
19437,3567.18,0,0,0,0,41.19,560,37,1067
19487,3607.50,0,0,0,0,25.72,560,37,1067
19537,3571.43,0,0,0,0,45.64,560,37,1067
19587,3617.94,0,0,0,0,-37.14,560,37,1067
19637,3581.66,0,0,0,0,35.41,560,37,1067
19687,3608.37,0,0,0,0,33.55,560,37,1067
19737,3576.54,0,0,0,0,31.83,560,37,1067
19787,3608.37,0,0,0,0,24.14,560,37,1067
19837,3581.66,0,0,0,0,37.16,560,37,1067
19887,3618.82,0,0,0,0,-37.16,560,37,1067
19937,3581.66,0,0,0,0,37.16,560,37,1067
19987,3608.37,0,0,0,0,40.34,560,37,1067
20037,3584.23,0,0,0,0,23.27,560,37,1067
20087,3607.50,0,0,0,0,32.70,560,37,1067
20137,3580.81,0,0,0,0,38.01,560,37,1067
20187,3617.07,0,0,0,0,-35.41,560,37,1067
20237,3580.81,0,0,0,0,47.64,560,37,1067
20287,3615.33,0,0,0,0,-23.37,560,37,1067
20337,3579.95,0,0,0,0,38.87,560,37,1067
20387,3596.26,0,0,0,0,29.32,560,37,1067
20438,3574.83,0,0,0,0,33.54,560,37,1067
20488,3628.45,0,0,0,0,-57.87,560,37,1067
20538,3584.23,0,0,0,0,24.14,560,37,1067
20588,3618.82,0,0,0,0,-43.13,560,37,1067
20638,3571.43,0,0,0,0,45.64,560,37,1067
20688,3628.45,0,0,0,0,-47.64,560,37,1067
20738,3581.66,0,0,0,0,36.28,560,37,1067
20788,3607.50,0,0,0,0,39.76,560,37,1067
20838,3576.54,0,0,0,0,30.10,560,37,1067
20888,3607.50,0,0,0,0,33.39,560,37,1067
20938,3576.54,0,0,0,0,31.83,560,37,1067
20988,3618.82,0,0,0,0,-50.79,560,37,1067
21038,3575.69,0,0,0,0,32.69,560,37,1067
21088,3617.07,0,0,0,0,-48.19,560,37,1067
21138,3569.73,0,0,0,0,49.09,560,37,1067
21188,3617.94,0,0,0,0,-57.54,560,37,1067
21238,3571.43,0,0,0,0,45.64,560,37,1067
21288,3617.94,0,0,0,0,-37.14,560,37,1067
21338,3591.95,0,0,0,0,-37.12,560,37,1067
21388,3624.06,0,0,0,0,-32.97,560,37,1067
21438,3582.52,0,0,0,0,41.55,560,37,1067
21488,3607.50,0,0,0,0,38.88,560,37,1067
21538,3557.87,0,0,1,0,38.39,560,38,1067
21588,3610.11,0,0,0,0,-50.55,560,39,1067
21638,3581.66,0,0,0,0,37.16,560,39,1067
21688,3617.94,0,0,0,0,-35.43,560,39,1067
21738,3575.69,0,0,0,0,32.69,560,39,1067
21788,3617.07,0,0,0,0,-54.97,560,39,1067
21838,3579.95,0,0,0,0,38.87,560,39,1067
21888,3617.07,0,0,0,0,-35.41,560,39,1067
21938,3580.81,0,0,0,0,43.26,560,39,1067
21988,3617.07,0,0,0,0,-45.64,560,39,1067
22038,3579.95,0,0,0,0,38.87,560,39,1067
22088,3617.07,0,0,0,0,-44.79,560,39,1067
22138,3579.95,0,0,0,0,38.87,560,39,1067
22188,3582.52,0,0,0,0,38.05,560,39,1067
22238,3608.37,-30,-3,0,-42,-641.97,567,39,1126
22288,3544.42,0,0,1,0,484.59,575,40,1185
22338,3545.26,0,0,1,0,367.10,582,41,1236
22388,3546.10,0,0,1,0,366.26,588,42,1271
22438,3545.26,0,0,1,0,317.73,593,43,1300
22488,3545.26,0,0,1,0,315.74,598,44,1327
22538,3617.94,0,0,0,0,-36.28,598,44,1327
22588,3571.43,0,0,0,0,49.14,598,44,1327
22638,3606.64,0,0,0,0,20.55,598,44,1327
22688,3564.64,0,0,0,0,31.62,598,44,1327
22738,3599.71,0,0,1,0,25.52,598,45,1327
22788,3568.03,0,0,0,0,41.21,598,45,1327
22838,3624.06,0,0,0,0,-32.11,598,45,1327
22888,3581.66,0,0,0,0,47.66,598,45,1327
22938,3597.98,0,0,0,0,25.72,598,45,1327
22988,3567.18,0,0,0,0,40.32,598,45,1327
23038,3587.66,0,0,0,0,-19.63,598,45,1327
23088,3574.83,0,0,0,0,23.15,598,46,1327
23138,3617.94,0,0,0,0,-34.57,598,46,1327
23188,3592.81,0,0,0,0,-47.62,598,46,1327
23238,3633.72,0,0,0,0,-43.49,598,46,1327
23288,3570.58,0,0,0,0,58.75,598,46,1327
23339,3599.71,0,0,1,0,50.55,598,47,1327
23389,3557.87,0,0,1,0,37.52,598,48,1327
23439,3608.37,0,0,0,0,24.04,598,48,1327
23489,3585.09,0,0,0,0,23.29,598,48,1327
23539,3606.64,0,0,0,0,24.87,598,48,1327
23589,3575.69,0,0,0,0,31.82,598,48,1327
23639,3607.50,0,0,0,0,25.73,598,48,1327
23689,3585.09,0,0,0,0,22.42,598,48,1327
23739,3618.82,0,0,0,0,-38.87,598,48,1327
23789,3576.54,0,0,0,0,30.10,598,48,1327
23839,3618.82,0,0,0,0,-48.24,598,48,1327
23889,3581.66,0,0,0,0,35.41,598,48,1327
23939,3608.37,0,0,0,0,30.16,598,48,1327
23989,3576.54,0,0,0,0,31.83,598,48,1327
24039,3587.66,0,0,0,0,-2.57,598,48,1327
24089,3556.19,0,0,1,0,40.93,598,49,1327
24139,3608.37,0,0,0,0,49.75,598,49,1327
24189,3576.54,0,0,0,0,30.10,598,49,1327
24239,3607.50,0,0,0,0,41.25,598,49,1327
24289,3568.88,0,0,0,0,38.62,598,49,1327
24339,3617.94,0,0,0,0,-40.55,598,49,1327
24389,3571.43,0,0,0,0,47.39,598,49,1327
24439,3617.94,0,0,0,0,-40.55,598,49,1327
24489,3570.58,0,0,0,0,48.24,598,49,1327
24539,3627.57,0,0,0,0,-55.29,598,49,1327
24589,3579.95,0,0,0,0,38.87,598,49,1327
24639,3625.82,0,0,0,0,-33.00,598,49,1327
24689,3591.95,0,0,0,0,-33.85,598,49,1327
24739,3606.64,0,0,0,0,32.55,598,49,1327
24790,3573.13,0,0,0,0,23.99,598,49,1327
24840,3618.82,0,0,0,0,-48.24,598,49,1327
24890,3571.43,0,0,0,0,46.52,598,49,1327
24940,3607.50,0,0,0,0,34.21,598,49,1327
24990,3571.43,0,0,0,0,46.52,598,49,1327
25040,3619.69,0,0,0,0,-48.26,598,49,1327
25090,3571.43,0,0,0,0,47.39,598,49,1327
25140,3608.37,0,0,0,0,39.49,598,49,1327
25190,3574.83,0,0,0,0,33.54,598,49,1327
25240,3617.07,0,0,0,0,-35.41,598,49,1327
25290,3580.81,0,0,0,0,48.52,598,49,1327
25340,3606.64,0,0,0,0,32.70,598,49,1327
25390,3573.98,0,0,0,0,22.28,598,49,1327
25440,3609.24,0,0,0,0,29.30,598,49,1327
25490,3576.54,0,0,0,0,30.10,598,49,1327
25540,3618.82,0,0,0,0,-38.01,598,49,1327
25590,3581.66,0,0,0,0,36.28,598,49,1327
25640,3618.82,0,0,0,0,-38.01,598,49,1327
25690,3597.98,0,0,0,0,38.01,598,49,1327
25740,3545.26,0,0,1,0,354.89,604,50,1374
25790,3543.59,0,0,1,0,274.18,608,51,1402
25840,3577.39,0,0,0,0,199.04,611,51,1402
25890,3607.50,0,-1,0,-4,-283.11,613,51,1406
25940,3573.98,0,0,0,0,170.40,615,51,1409
25990,3605.77,0,-1,0,-6,-189.18,617,51,1415
26040,3559.56,0,0,1,0,47.94,617,52,1415
26090,3607.50,0,0,0,0,37.68,617,52,1415
26140,3571.43,0,0,0,0,42.16,617,52,1415
26190,3618.82,0,0,0,0,-42.28,617,52,1415
26240,3582.52,0,0,0,0,42.42,617,52,1415
26290,3618.82,0,0,0,0,-47.39,617,52,1415
26340,3567.18,0,0,0,0,41.19,617,52,1415
26390,3607.50,0,0,0,0,48.85,617,52,1415
26440,3568.03,0,0,0,0,38.61,617,52,1415
26490,3607.50,0,0,0,0,35.92,617,52,1415
26540,3565.49,0,0,0,0,32.50,617,52,1415
26590,3607.50,0,0,0,0,48.85,617,52,1415
26640,3567.18,0,0,0,0,40.32,617,52,1415
26690,3607.50,0,0,0,0,-12.77,617,52,1415
26740,3568.88,0,0,0,0,39.49,617,53,1415
26790,3607.50,0,0,0,0,33.36,617,53,1415
26840,3585.09,0,0,0,0,23.29,617,53,1415
26890,3607.50,0,0,0,0,38.90,617,53,1415
26940,3567.18,0,0,0,0,41.19,617,53,1415
26990,3595.40,0,0,0,0,34.23,617,53,1415
27040,3568.88,0,0,0,0,37.76,617,53,1415
27090,3602.31,0,0,0,0,-49.94,617,53,1415
27140,3565.49,0,0,0,0,32.50,617,53,1415
27190,3608.37,0,0,0,0,40.36,617,53,1415
27240,3570.58,0,0,0,0,47.37,617,53,1415
27290,3617.07,0,0,0,0,-31.99,617,53,1415
27340,3555.34,0,0,1,0,32.31,617,54,1415
27390,3599.71,0,0,1,0,42.72,617,55,1415
27440,3581.66,0,0,0,0,36.28,617,55,1415
27490,3617.94,0,0,0,0,-36.28,617,55,1415
27540,3557.87,0,0,1,0,40.11,617,56,1415
27590,3596.26,0,0,0,0,22.19,617,56,1415
27640,3567.18,0,0,0,0,41.19,617,56,1415
27691,3608.37,0,0,0,0,33.55,617,56,1415
27741,3576.54,0,0,0,0,30.10,617,56,1415
27791,3607.50,0,0,0,0,30.17,617,56,1415
27841,3573.98,0,0,0,0,24.00,617,56,1415
27891,3607.50,0,0,0,0,37.63,617,56,1415
27941,3575.69,0,0,0,0,31.82,617,56,1415
27991,3606.64,0,0,0,0,24.15,617,56,1415
28041,3575.69,0,0,0,0,31.82,617,56,1415
28091,3618.82,0,0,0,0,-48.24,617,56,1415
28141,3573.98,0,0,0,0,23.14,617,56,1415
28191,3597.12,0,0,0,0,27.43,617,56,1415
28241,3585.09,0,0,0,0,22.42,617,56,1415
28291,3617.94,0,0,0,0,-36.28,617,56,1415
28341,3571.43,0,0,0,0,47.39,617,56,1415
28391,3608.37,0,0,0,0,39.49,617,56,1415
28441,3608.37,0,0,0,0,33.54,617,56,1415
28491,3546.10,0,0,1,0,405.43,626,57,1472
28541,3546.10,0,0,1,0,411.68,633,58,1520
28591,3546.10,0,0,1,0,397.12,640,59,1569
28641,3628.45,0,0,0,0,53.44,641,59,1569
28691,3583.37,0,0,0,0,125.83,643,59,1575
28741,3605.77,0,-1,0,-6,-189.18,645,59,1581
28791,3578.24,0,0,0,0,101.83,647,59,1585
28841,3602.31,0,0,0,0,-71.95,647,60,1585
28891,3571.43,0,0,0,0,46.52,647,60,1585
28941,3608.37,0,0,0,0,43.96,647,60,1585
28991,3580.81,0,0,0,0,33.65,647,60,1585
29041,3597.12,0,0,0,0,37.94,647,60,1585
29091,3546.94,0,0,1,0,28.75,647,61,1585
29142,3610.11,0,0,0,0,-52.23,647,62,1585
29192,3566.33,0,0,0,0,41.17,647,62,1585
29242,3617.07,0,0,0,0,-43.09,647,62,1585
29292,3580.81,0,0,0,0,37.14,647,62,1585
29342,3616.20,0,0,0,0,-34.54,647,62,1585
29392,3579.95,0,0,0,0,38.87,647,62,1585
29442,3596.26,0,0,0,0,25.73,647,62,1585
29492,3557.87,0,0,1,0,38.39,647,63,1585
29542,3588.52,0,0,0,0,-51.61,647,64,1585
29592,3561.25,0,0,0,0,48.85,647,65,1585
29642,3618.82,0,0,0,0,-49.09,647,65,1585
29692,3592.81,0,0,0,0,-46.76,647,65,1585
29742,3617.94,0,0,0,0,-37.14,647,65,1585
29792,3576.54,0,0,0,0,30.10,647,65,1585
29842,3589.38,0,0,0,0,-32.34,647,66,1585
29892,3563.79,0,0,0,0,34.19,647,66,1585
29942,3606.64,0,0,0,0,37.83,647,66,1585
29992,3581.66,0,0,0,0,36.28,647,66,1585
30042,3608.37,0,0,0,0,25.87,647,66,1585
30092,3576.54,0,0,0,0,30.97,647,66,1585
30142,3618.82,0,0,0,0,-43.13,647,66,1585
30192,3571.43,0,0,0,0,47.39,647,66,1585
30242,3608.37,0,0,0,0,32.70,647,66,1585
30292,3581.66,0,0,0,0,37.16,647,66,1585
30342,3617.94,0,0,0,0,-32.86,647,66,1585
30392,3581.66,0,0,0,0,37.16,647,66,1585
30442,3587.66,0,0,0,0,-11.12,647,66,1585
30492,3564.64,0,0,0,0,33.35,647,66,1585
30542,3618.82,0,0,0,0,-46.54,647,66,1585
30592,3568.03,0,0,0,0,39.47,647,66,1585
30642,3597.98,0,0,0,0,25.74,647,66,1585
30692,3555.34,0,0,1,0,42.64,647,67,1585
30742,3606.64,0,0,0,0,48.88,647,67,1585
30792,3574.83,0,0,0,0,33.54,647,67,1585
30842,3617.94,0,0,0,0,-35.43,647,67,1585
30892,3560.41,0,0,0,0,47.96,647,67,1585
30942,3607.50,0,0,0,0,34.21,647,67,1585
30992,3585.09,0,0,0,0,23.29,647,67,1585
31042,3617.94,0,0,0,0,-36.28,647,67,1585
31092,3591.09,0,0,0,0,-29.43,647,67,1585
31142,3616.20,0,0,0,0,-25.11,647,67,1585
31192,3581.66,0,0,0,0,36.28,647,67,1585
31242,3607.50,0,0,0,0,25.72,647,67,1585
31293,3559.56,0,0,1,0,48.81,647,68,1585
31343,3596.26,0,0,0,0,49.72,647,68,1585
31393,3558.72,0,0,1,0,49.65,647,69,1585
31443,3608.37,0,0,0,0,51.44,647,69,1585
31493,3618.82,0,0,0,0,-52.48,647,69,1585
31543,3545.26,0,0,1,0,403.15,655,70,1645
31593,3546.10,0,0,1,0,324.87,661,71,1689
31643,3544.42,0,0,1,0,293.86,666,72,1717
31693,3591.09,0,-2,0,-1,-316.21,670,72,1718
31744,3566.33,0,0,0,0,137.37,672,72,1727
31794,3615.33,0,0,0,0,36.97,672,74,1727
31844,3574.83,0,0,0,0,76.58,672,76,1727
31894,3618.82,0,0,0,0,-11.31,672,76,1727
31944,3566.33,0,0,0,0,32.51,672,77,1727
31994,3607.50,0,0,0,0,26.63,672,77,1727
32044,3580.81,0,0,0,0,36.27,672,77,1727
32094,3629.32,0,0,0,0,-49.37,672,77,1727
32144,3580.81,0,0,0,0,38.88,672,77,1727
32194,3606.64,0,0,0,0,33.49,672,77,1727
32244,3560.41,0,0,0,0,57.54,672,77,1727
32294,3599.71,0,0,1,0,34.03,672,78,1727
32344,3574.83,0,0,0,0,100.74,673,78,1731
32394,3618.82,0,0,0,0,-47.39,673,78,1731
32444,3581.66,0,0,0,0,37.16,673,78,1731
32494,3618.82,0,0,0,0,-47.39,673,78,1731
32544,3571.43,0,0,0,0,47.39,673,78,1731
32594,3618.82,0,0,0,0,-47.39,673,78,1731
32644,3585.09,0,0,0,0,23.29,673,78,1731
32694,3608.37,0,0,0,0,29.32,673,78,1731
32744,3570.58,0,0,0,0,104.99,674,78,1734
32794,3596.26,0,0,0,0,41.21,674,78,1734
32844,3576.54,0,0,0,0,30.10,674,78,1734
32894,3617.94,0,0,0,0,-37.14,674,78,1734
32944,3581.66,0,0,0,0,35.41,674,78,1734
32994,3608.37,0,0,0,0,33.55,674,78,1734
33044,3576.54,0,0,0,0,31.83,674,78,1734
33094,3608.37,0,0,0,0,32.70,674,78,1734
33144,3576.54,0,0,0,0,32.70,674,78,1734
33195,3617.94,0,0,0,0,-36.28,674,78,1734
33245,3571.43,0,0,0,0,47.39,674,78,1734
33295,3597.98,0,0,1,0,31.49,674,79,1734
33345,3557.87,0,0,1,0,38.39,674,80,1734
33395,3597.98,0,0,0,0,26.46,674,80,1734
33445,3576.54,0,0,0,0,30.97,674,80,1734
33495,3617.94,0,0,0,0,-35.43,674,80,1734
33545,3581.66,0,0,0,0,38.03,674,80,1734
33595,3617.07,0,0,0,0,-49.04,674,80,1734
33645,3575.69,0,0,0,0,32.69,674,80,1734
33695,3597.12,0,0,0,0,27.43,674,80,1734
33745,3568.88,0,0,0,0,37.76,674,80,1734
33795,3618.82,0,0,0,0,-49.09,674,80,1734
33845,3581.66,0,0,0,0,37.16,674,80,1734
33895,3607.50,0,0,0,0,38.62,674,80,1734
33945,3576.54,0,0,0,0,31.83,674,80,1734
33995,3606.64,0,0,0,0,32.55,674,80,1734
34045,3557.03,0,0,1,0,40.09,674,81,1734
34095,3608.37,0,0,0,0,27.49,674,81,1734
34145,3582.52,0,0,0,0,45.05,674,81,1734
34195,3624.94,0,0,0,0,-33.85,674,81,1734
34245,3576.54,0,0,0,0,30.10,674,81,1734
34295,3607.50,0,0,0,0,33.39,674,81,1734
34345,3568.88,0,0,0,0,39.49,674,81,1734
34395,3607.50,0,0,0,0,41.21,674,81,1734
34445,3583.37,0,0,0,0,25.00,674,81,1734
34495,3606.64,0,0,0,0,17.21,674,81,1734
34545,3580.81,0,0,0,0,37.14,674,81,1734
34595,3617.07,0,0,0,0,-31.99,674,81,1734
34646,3573.13,0,0,0,0,24.85,674,81,1734
34696,3607.50,0,0,0,0,34.21,674,81,1734
34746,3568.88,0,0,0,0,39.49,674,81,1734
34796,3607.50,0,0,0,0,24.87,674,81,1734
34846,3608.37,0,0,0,0,41.17,674,81,1734
34896,3544.42,0,0,1,0,407.10,683,82,1792
34946,3544.42,0,0,1,0,543.88,692,83,1852
34996,3543.59,0,0,1,0,290.77,696,84,1876
35046,3543.59,0,0,1,0,281.97,700,85,1901
35096,3544.42,0,0,1,0,255.93,703,86,1924
35146,3604.90,0,-1,0,-6,-243.54,705,86,1930
35196,3576.54,0,0,0,0,160.38,707,86,1934
35246,3619.69,0,0,0,0,91.34,709,86,1941
35296,3580.81,0,0,0,0,39.76,709,86,1941
35346,3608.37,0,0,0,0,29.29,709,86,1941
35396,3576.54,0,0,0,0,25.77,709,86,1941
35446,3608.37,0,0,0,0,24.94,709,86,1941
35496,3576.54,0,0,0,0,32.70,709,86,1941
35546,3619.69,0,0,0,0,-38.88,709,86,1941
35596,3576.54,0,0,0,0,31.83,709,86,1941
35646,3597.12,0,0,0,0,33.36,709,86,1941
35696,3572.28,0,0,0,0,25.71,709,86,1941
35746,3608.37,0,0,0,0,33.55,709,86,1941
35796,3572.28,0,0,0,0,45.67,709,86,1941
35846,3608.37,0,0,0,0,33.55,709,86,1941
35896,3585.09,0,0,0,0,21.55,709,86,1941
35946,3598.85,0,0,0,0,30.17,709,86,1941
35996,3585.09,0,0,0,0,23.29,709,86,1941
36046,3608.37,0,0,0,0,38.03,709,86,1941
36096,3568.03,0,0,0,0,40.34,709,86,1941
36146,3608.37,0,0,0,0,38.68,709,86,1941
36196,3567.18,0,0,0,0,41.19,709,86,1941
36246,3617.07,0,0,0,0,-35.41,709,86,1941
36296,3590.23,0,0,0,0,-38.01,709,86,1941
36346,3606.64,0,0,0,0,45.91,709,86,1941
36396,3579.95,0,0,0,0,38.87,709,86,1941
36446,3606.64,0,0,0,0,38.05,709,86,1941
36496,3557.03,0,0,1,0,30.63,709,88,1941
36546,3608.37,0,0,0,0,27.32,709,88,1941
36596,3576.54,0,0,0,0,30.97,709,88,1941
36646,3618.82,0,0,0,0,-50.79,709,88,1941
36696,3574.83,0,0,0,0,33.54,709,88,1941
36746,3629.32,0,0,0,0,-46.81,709,88,1941
36796,3591.95,0,0,0,0,-40.81,709,88,1941
36846,3597.12,0,0,0,0,35.41,709,88,1941
36896,3564.64,0,0,0,0,33.35,709,88,1941
36946,3608.37,0,0,0,0,40.36,709,88,1941
36996,3576.54,0,0,0,0,30.10,709,88,1941
37046,3607.50,0,0,0,0,40.63,709,88,1941
37096,3585.09,0,0,0,0,21.55,709,88,1941
37146,3609.24,0,0,0,0,40.63,709,88,1941
37196,3568.03,0,0,0,0,40.34,709,88,1941
37246,3607.50,0,0,0,0,40.36,709,88,1941
37296,3583.37,0,0,0,0,25.00,709,88,1941
37346,3617.94,0,0,0,0,-36.28,709,88,1941
37396,3575.69,0,0,0,0,32.69,709,88,1941
37446,3599.71,0,0,1,0,31.49,709,89,1941
37496,3568.88,0,0,0,0,38.62,709,90,1941
37547,3618.82,0,0,0,0,-35.44,709,90,1941
37597,3581.66,0,0,0,0,37.16,709,90,1941
37647,3616.20,0,0,0,0,-25.97,709,90,1941
37697,3581.66,0,0,0,0,34.54,709,90,1941
37747,3597.98,0,0,0,0,25.01,709,90,1941
37797,3576.54,0,0,0,0,31.83,709,90,1941
37847,3597.12,0,0,0,0,24.87,709,90,1941
37897,3575.69,0,0,0,0,32.69,709,90,1941
37947,3577.39,0,0,0,0,-5.96,709,90,1941
37997,3560.41,0,0,0,0,49.70,709,90,1941
38047,3607.50,0,0,0,0,35.92,709,90,1941
38097,3568.03,0,0,0,0,39.47,709,90,1941
38147,3570.58,0,0,0,0,40.40,709,90,1941
38197,3545.26,0,0,1,0,354.89,715,91,1990
38247,3545.26,0,0,1,0,417.75,721,92,2029
38297,3545.26,0,0,1,0,386.59,728,93,2077
38347,3545.26,0,0,1,0,381.44,735,94,2112
38397,3727.63,0,-1,0,0,51.66,741,94,2124
38447,3568.03,0,0,0,0,230.40,745,94,2124
38497,3606.64,0,0,0,0,42.24,745,94,2124
38547,3570.58,0,0,0,0,46.49,745,94,2124
38597,3623.19,0,0,0,0,-32.95,745,94,2124
38647,3591.09,0,0,0,0,-39.85,745,94,2124
38697,3617.94,0,0,0,0,-31.14,745,94,2124
38747,3579.95,0,0,0,0,35.38,745,94,2124
38797,3617.07,0,0,0,0,-37.12,745,94,2124
38847,3574.83,0,0,0,0,30.94,745,94,2124
38897,3606.64,0,0,0,0,41.29,745,94,2124
38947,3576.54,0,0,0,0,30.97,745,94,2124
38998,3618.82,0,0,0,0,-49.09,745,94,2124
39048,3582.52,0,0,0,0,45.05,745,94,2124
39098,3608.37,0,0,0,0,49.99,745,94,2124
39148,3576.54,0,0,0,0,30.10,745,94,2124
39198,3607.50,0,0,0,0,25.73,745,94,2124
39248,3572.28,0,0,0,0,45.67,745,94,2124
39298,3597.98,0,0,0,0,31.83,745,94,2124
39348,3575.69,0,0,0,0,31.82,745,94,2124
39398,3585.94,0,0,0,0,-17.06,745,94,2124
39448,3560.41,0,0,0,0,48.83,745,95,2124
39498,3608.37,0,0,0,0,42.06,745,95,2124
39548,3565.49,0,0,0,0,32.50,745,95,2124
39598,3617.07,0,0,0,0,-51.59,745,95,2124
39648,3570.58,0,0,0,0,47.37,745,95,2124
39698,3617.07,0,0,0,0,-31.99,745,95,2124
39748,3591.09,0,0,0,0,-32.11,745,95,2124
39798,3624.94,0,0,0,0,-32.13,745,95,2124
39848,3579.95,0,0,0,0,38.87,745,95,2124
39898,3607.50,0,0,0,0,48.85,745,95,2124
39948,3574.83,0,0,0,0,33.54,745,95,2124
39998,3618.82,0,0,0,0,-40.57,745,95,2124
40048,3580.81,0,0,0,0,36.27,745,95,2124
40098,3482.70,0,1,0,0,4.86,747,95,2124
40148,3373.06,0,2,0,0,64.15,753,95,2124
40198,3367.76,0,3,0,0,73.40,758,95,2126
40248,3517.82,0,1,0,0,190.46,766,95,2159
40298,3434.07,0,2,0,0,72.25,771,95,2159
40348,3551.98,0,0,1,0,-81.36,772,96,2159
40398,3568.88,0,0,0,0,-36.97,773,97,2159
40448,3597.98,0,0,1,0,62.66,773,98,2159
40498,3547.78,0,0,1,0,41.60,773,100,2159
40548,3577.39,0,0,0,0,-40.49,773,101,2159
40598,3509.59,0,1,0,0,49.13,774,102,2159
40648,3551.14,0,0,1,0,-45.64,775,103,2159
40698,3517.00,0,1,0,0,53.58,777,103,2159
40748,3588.52,0,0,0,0,-61.59,777,103,2159
40798,3541.08,0,0,1,0,58.64,777,105,2159
40848,3578.24,0,0,0,0,-41.34,777,106,2159
40898,3516.17,0,1,0,0,51.86,778,106,2159
40948,3571.43,0,0,0,0,-65.12,779,106,2159
40998,3526.92,0,0,0,0,43.66,780,106,2159
41048,3533.57,0,0,1,0,56.67,780,107,2159
41098,3586.80,0,0,0,0,183.94,784,107,2159
41148,3545.26,0,0,1,0,140.24,786,108,2168
41198,3585.94,0,0,0,0,-20.46,786,108,2168
41248,3526.92,0,0,0,0,49.62,786,109,2168
41298,3577.39,0,0,0,0,-47.15,786,110,2168
41348,3546.94,0,0,1,0,40.72,786,112,2168
41398,3597.98,0,0,1,0,49.39,786,113,2168
41448,3557.87,0,0,1,0,40.11,786,115,2168
41498,3589.38,0,0,0,0,-43.28,786,116,2168
41548,3540.24,0,0,1,0,49.99,786,118,2168
41598,3580.81,0,0,0,0,-48.90,786,119,2168
41648,3536.07,0,0,1,0,43.03,786,121,2168
41698,3589.38,0,0,0,0,-42.44,786,122,2168
41748,3536.07,0,0,1,0,43.03,786,124,2168
41798,3589.38,0,0,0,0,-42.44,786,125,2168
41848,3546.94,0,0,1,0,32.16,786,127,2168
41899,3579.10,0,0,0,0,-30.48,786,128,2168
41949,3536.07,0,0,1,0,53.31,786,130,2168
41999,3591.09,0,0,1,0,35.55,786,131,2168
42049,3546.10,0,0,1,0,43.28,786,133,2168
42099,3598.85,0,0,1,0,50.28,786,134,2168
42149,3550.30,0,0,1,0,59.81,786,136,2168
42199,3589.38,0,0,0,0,-45.79,786,137,2168
42249,3541.08,0,0,1,0,57.77,786,139,2168
42299,3587.66,0,0,0,0,-45.75,786,140,2168
42349,3541.08,0,0,1,0,56.91,786,142,2168
42399,3547.78,0,0,1,0,31.32,786,143,2168
42449,3546.10,0,0,1,0,403.35,795,144,2233
42499,3349.71,20,3,0,31,534.29,804,144,2308
42549,3584.23,0,0,0,0,65.41,805,145,2321
42599,3541.91,0,0,1,0,55.21,805,147,2321
42649,3587.66,0,0,0,0,-46.58,805,148,2321
42699,3546.94,0,0,1,0,40.72,805,150,2321
42749,3578.24,0,0,0,0,-41.34,805,151,2321
42799,3517.00,0,1,0,0,71.52,806,152,2321
42849,3587.66,0,0,0,0,-46.58,806,153,2321
42899,3536.90,0,0,1,0,51.61,806,155,2321
42949,3578.24,0,0,0,0,-40.51,806,156,2321
42999,3548.62,0,0,1,0,50.23,806,158,2321
43049,3587.66,0,0,0,0,-38.20,806,159,2321
43099,3546.94,0,0,1,0,40.72,806,161,2321
43149,3588.52,0,0,0,0,-51.61,806,162,2321
43199,3556.19,0,0,1,0,33.19,806,164,2321
43249,3599.71,0,0,1,0,34.03,806,165,2321
43299,3556.19,0,0,1,0,42.66,806,167,2321
43350,3588.52,0,0,0,0,-37.38,806,168,2321
43400,3557.87,0,0,1,0,40.11,806,170,2321
43450,3587.66,0,0,0,0,-38.20,806,171,2321
43500,3536.90,0,0,1,0,50.76,806,173,2321
43550,3588.52,0,0,0,0,-51.61,806,174,2321
43600,3498.95,0,1,0,0,89.57,807,175,2321
43650,3587.66,0,0,0,0,-45.75,807,176,2321
43700,3536.90,0,0,1,0,50.76,807,178,2321
43750,3536.90,0,0,1,0,43.05,807,179,2321
43800,3545.26,0,0,1,0,404.19,816,180,2388
43850,3348.96,19,3,0,31,558.31,825,180,2467
43900,3543.59,0,0,1,0,337.40,829,181,2494
43950,3543.59,0,0,1,0,119.42,830,183,2494
44000,3598.85,0,0,1,0,40.74,830,184,2494
44050,3541.91,0,0,1,0,124.67,831,186,2500
44100,3589.38,0,0,0,0,-42.44,831,187,2500
44150,3546.94,0,0,1,0,42.44,831,189,2500
44200,3589.38,0,0,0,0,-51.64,831,190,2500
44250,3536.07,0,0,1,0,53.31,831,192,2500
44300,3589.38,0,0,0,0,-40.76,831,193,2500
44350,3535.23,0,0,1,0,43.86,831,195,2500
44400,3589.38,0,0,0,0,-53.31,831,196,2500
44450,3536.07,0,0,1,0,43.03,831,198,2500
44500,3578.24,0,0,0,0,-41.34,831,199,2500
44550,3536.90,0,0,1,0,52.47,831,201,2500
44600,3577.39,0,0,0,0,-35.48,831,202,2500
44650,3536.90,0,0,1,0,40.49,831,204,2500
44700,3588.52,0,0,0,0,-51.61,831,205,2500
44750,3536.90,0,0,1,0,50.76,831,207,2500
44800,3587.66,0,0,0,0,-40.72,831,208,2500
44850,3547.78,0,0,1,0,29.61,831,210,2500
44900,3588.52,0,0,0,0,-40.74,831,211,2500
44950,3546.94,0,0,1,0,41.58,831,213,2500
45000,3589.38,0,0,0,0,-39.92,831,214,2500
45050,3579.10,0,0,0,0,-26.28,831,215,2500
45100,3545.26,0,0,1,0,402.11,839,216,2564
45150,3602.31,0,0,0,0,-73.52,839,217,2564
45200,3540.24,0,0,1,0,50.85,839,219,2564
45250,3589.38,0,0,0,0,-33.19,839,220,2564
45300,3548.62,0,0,1,0,50.23,839,222,2564
45350,3596.26,0,0,0,0,30.72,839,222,2564
45400,3546.94,0,0,1,0,41.58,839,224,2564
45450,3598.85,0,0,1,0,41.58,839,225,2564
45500,3546.94,0,0,1,0,40.72,839,227,2564
45550,3589.38,0,0,0,0,-39.92,839,228,2564
45600,3545.26,0,0,1,0,44.11,839,230,2564
45650,3589.38,0,0,0,0,-39.92,839,231,2564
45700,3547.78,0,0,1,0,51.94,839,233,2564
45750,3598.85,0,0,1,0,51.94,839,234,2564
45800,3549.46,0,0,1,0,50.26,839,236,2564
45850,3588.52,0,0,0,0,-32.33,839,237,2564
45900,3557.03,0,0,1,0,31.49,839,239,2564
45950,3588.52,0,0,0,0,-41.58,839,240,2564
46000,3546.94,0,0,1,0,40.72,839,242,2564
46050,3599.71,0,0,1,0,46.07,839,243,2564
46100,3556.19,0,0,1,0,42.66,839,245,2564
46150,3589.38,0,0,0,0,-30.66,839,246,2564
46200,3557.03,0,0,1,0,32.34,839,248,2564
46251,3598.85,0,0,1,0,33.22,839,249,2564
46301,3557.03,0,0,1,0,40.95,839,251,2564
46351,3599.71,0,0,1,0,40.80,839,252,2564
46401,3556.19,0,0,1,0,42.66,839,254,2564
46451,3599.71,0,0,1,0,32.36,839,255,2564
46501,3546.10,0,0,1,0,42.42,839,257,2564
46551,3548.62,0,0,1,0,41.62,839,258,2564
46601,3545.26,0,0,1,0,404.19,847,259,2625
46651,3545.26,0,0,1,0,371.19,854,260,2672
46701,3597.98,0,-2,0,0,-397.29,858,260,2672
46751,3539.41,0,0,1,0,164.30,861,261,2682
46801,3588.52,0,0,0,0,-31.49,861,263,2682
46851,3547.78,0,0,1,0,40.74,861,265,2682
46901,3588.52,0,0,0,0,-40.74,861,266,2682
46951,3547.78,0,0,1,0,51.94,861,268,2682
47001,3599.71,0,0,1,0,44.11,861,269,2682
47051,3563.79,0,0,0,0,35.92,861,270,2682
47101,3588.52,0,0,0,0,-32.33,861,271,2682
47151,3557.03,0,0,1,0,31.49,861,273,2682
47201,3588.52,0,0,0,0,-51.61,861,274,2682
47251,3547.78,0,0,1,0,30.47,861,276,2682
47301,3598.85,0,0,1,0,41.36,861,277,2682
47351,3546.94,0,0,1,0,40.72,861,279,2682
47401,3597.98,0,0,1,0,41.58,861,280,2682
47451,3557.03,0,0,1,0,32.34,861,282,2682
47501,3599.71,0,0,1,0,42.48,861,283,2682
47551,3556.19,0,0,1,0,42.66,861,285,2682
47601,3589.38,0,0,0,0,-43.28,861,286,2682
47651,3565.49,0,0,0,0,5.09,861,287,2682
47702,3589.38,0,0,0,0,-40.76,861,288,2682
47752,3546.94,0,0,1,0,42.44,861,290,2682
47802,3587.66,0,0,0,0,-35.68,861,291,2682
47852,3549.46,0,0,1,0,48.53,861,293,2682
47902,3599.71,0,0,1,0,31.49,861,294,2682
47952,3556.19,0,0,1,0,42.66,861,296,2682
48002,3598.85,0,0,1,0,51.94,861,297,2682
48052,3540.24,0,0,1,0,10.06,861,299,2682
48102,3546.10,0,0,1,0,405.43,870,300,2747
48152,3544.42,0,0,1,0,477.02,878,301,2806
48202,3545.26,0,0,1,0,402.11,885,302,2861
48252,3544.42,0,0,1,0,285.04,890,303,2890
48302,3536.90,0,0,1,0,192.59,892,304,2897
48352,3579.95,0,0,0,0,-37.20,892,305,2897
48402,3546.10,0,0,1,0,41.56,892,307,2897
48452,3518.65,0,1,0,0,27.45,893,308,2897
48502,3536.07,0,0,1,0,48.16,893,309,2897
48552,3579.10,0,0,0,0,-38.86,893,310,2897
48602,3546.94,0,0,1,0,32.16,893,312,2897
48652,3599.71,0,0,1,0,32.18,893,313,2897
48702,3545.26,0,0,1,0,44.11,893,315,2897
48752,3589.38,0,0,0,0,-34.03,893,316,2897
48802,3547.78,0,0,1,0,51.94,893,318,2897
48852,3589.38,0,0,0,0,-43.28,893,319,2897
48902,3536.07,0,0,1,0,53.31,893,321,2897
48952,3589.38,0,0,0,0,-49.13,893,322,2897
49002,3526.09,0,0,0,0,52.15,893,323,2897
49052,3578.24,0,0,0,0,-43.01,893,324,2897
49102,3546.10,0,0,1,0,43.28,893,326,2897
49152,3589.38,0,0,0,0,-53.31,893,327,2897
49202,3546.10,0,0,1,0,43.28,893,329,2897
49252,3590.23,0,0,1,0,42.48,893,330,2897
49302,3546.94,0,0,1,0,42.44,893,332,2897
49352,3599.71,0,0,1,0,32.18,893,333,2897
49402,3546.94,0,0,1,0,40.72,893,335,2897
49452,3546.94,0,0,1,0,41.58,893,336,2897
49502,3597.98,0,-2,0,0,-363.62,897,336,2897
49552,3545.26,0,0,1,0,170.37,900,337,2906
49602,3587.66,0,0,0,0,-0.86,900,338,2906
49652,3545.26,0,0,1,0,42.40,900,340,2906
49702,3589.38,0,0,0,0,-38.24,900,341,2906
49752,3548.62,0,0,1,0,46.78,900,343,2906
49802,3589.38,0,0,0,0,-43.28,900,344,2906
49852,3540.24,0,0,1,0,49.99,900,346,2906
49902,3579.10,0,0,0,0,-38.86,900,347,2906
49952,3535.23,0,0,1,0,54.14,900,349,2906
50002,3589.38,0,0,0,0,-34.03,900,350,2906
50052,3548.62,0,0,1,0,50.23,900,352,2906
50102,3589.38,0,0,0,0,-42.44,900,353,2906
50152,3546.94,0,0,1,0,42.44,900,355,2906
50202,3587.66,0,0,0,0,-38.20,900,356,2906
50252,3546.94,0,0,1,0,40.72,900,358,2906
50302,3588.52,0,0,0,0,-40.74,900,359,2906
50352,3566.33,0,0,0,0,31.65,900,360,2906
50402,3624.06,0,0,0,0,-33.83,900,360,2906
50452,3604.04,0,0,-1,0,-51.43,900,361,2906
50502,3643.43,0,0,-1,0,-41.12,900,362,2906
50552,3591.95,0,0,0,0,-36.58,900,362,2906
50603,3607.50,0,0,0,0,43.03,900,362,2906
50653,3571.43,0,0,0,0,47.39,900,362,2906
50703,3617.94,0,0,0,0,-36.28,900,362,2906
50753,3581.66,0,0,0,0,47.66,900,362,2906
50803,3617.94,0,0,0,0,-35.43,900,362,2906
50853,3571.43,0,0,0,0,46.52,900,362,2906
50903,3607.50,0,0,0,0,37.16,900,362,2906
50953,3575.69,0,0,0,0,31.82,900,362,2906
51003,3606.64,0,0,0,0,23.29,900,362,2906
51053,3570.58,0,0,0,0,48.24,900,362,2906
51103,3606.64,0,0,0,0,47.39,900,362,2906
51153,3574.83,0,0,0,0,33.54,900,362,2906
51203,3617.94,0,0,0,0,-33.72,900,362,2906
51253,3580.81,0,0,0,0,48.52,900,362,2906
51303,3628.45,0,0,0,0,-45.93,900,362,2906
51353,3591.09,0,0,0,0,-50.23,900,362,2906
51403,3617.07,0,0,0,0,-35.41,900,362,2906
51453,3564.64,0,0,0,0,33.35,900,362,2906
51503,3607.50,0,0,0,0,42.04,900,362,2906
51553,3573.98,0,0,0,0,22.28,900,362,2906
51603,3618.82,0,0,0,0,-51.64,900,362,2906
51653,3571.43,0,0,0,0,47.39,900,362,2906
51703,3608.37,0,0,0,0,23.29,900,362,2906
51753,3585.09,0,0,0,0,23.29,900,362,2906
51803,3628.45,0,0,0,0,-46.79,900,362,2906
51853,3591.95,0,0,0,0,-30.29,900,362,2906
51903,3607.50,0,0,0,0,32.80,900,362,2906
51953,3581.66,0,0,0,0,37.16,900,362,2906
52003,3618.82,0,0,0,0,-37.16,900,362,2906
52054,3576.54,0,0,0,0,30.97,900,362,2906
52104,3615.33,0,0,0,0,-17.34,900,362,2906
52154,3576.54,0,0,0,0,31.83,900,362,2906
52204,3618.82,0,0,0,0,-34.59,900,362,2906
52254,3618.82,0,0,0,0,-41.43,900,362,2906
52304,3615.33,0,0,0,0,150.68,911,362,2978
52354,3608.37,0,0,0,0,39.64,911,362,2978
52404,3545.26,0,0,1,0,320.72,917,363,3011
52454,3544.42,0,0,1,0,290.91,922,364,3039
52504,3607.50,0,-2,0,0,-327.21,925,364,3039
52554,3608.37,0,-2,0,0,-342.33,929,364,3039
52604,3570.58,0,0,0,0,190.71,933,364,3040
52654,3601.44,0,-1,0,-8,-231.92,935,364,3048
52704,3568.03,0,0,0,0,36.87,935,364,3048
52754,3597.12,0,0,0,0,30.88,935,364,3048
52804,3581.66,0,0,0,0,29.32,935,364,3048
52854,3628.45,0,0,0,0,-42.50,935,364,3048
52904,3593.67,0,0,0,0,-40.83,935,364,3048
52954,3618.82,0,0,0,0,-29.44,935,364,3048
53004,3576.54,0,0,0,0,30.97,935,364,3048
53054,3608.37,0,0,0,0,30.97,935,364,3048
53104,3581.66,0,0,0,0,36.28,935,364,3048
53154,3597.12,0,0,0,0,30.10,935,364,3048
53204,3558.72,0,0,1,0,48.78,935,365,3048
53254,3608.37,0,0,0,0,25.74,935,365,3048
53304,3581.66,0,0,0,0,35.41,935,365,3048
53354,3618.82,0,0,0,0,-38.01,935,365,3048
53404,3585.09,0,0,0,0,22.42,935,365,3048
53454,3608.37,0,0,0,0,25.87,935,365,3048
53504,3581.66,0,0,0,0,35.41,935,365,3048
53554,3608.37,0,0,0,0,37.14,935,365,3048
53604,3576.54,0,0,0,0,30.97,935,365,3048
53654,3608.37,0,0,0,0,32.69,935,365,3048
53704,3579.10,0,0,0,0,29.27,935,365,3048
53754,3618.82,0,0,0,0,-50.79,935,365,3048
53804,3581.66,0,0,0,0,37.16,935,365,3048
53854,3618.82,0,0,0,0,-37.16,935,365,3048
53904,3581.66,0,0,0,0,36.28,935,365,3048
53954,3618.82,0,0,0,0,-33.73,935,365,3048
54004,3581.66,0,0,0,0,37.16,935,365,3048
54054,3617.94,0,0,0,0,-36.28,935,365,3048
54104,3581.66,0,0,0,0,37.16,935,365,3048
54154,3608.37,0,0,0,0,30.10,935,365,3048
54204,3581.66,0,0,0,0,37.16,935,365,3048
54254,3617.94,0,0,0,0,-32.86,935,365,3048
54304,3570.58,0,0,0,0,48.24,935,365,3048
54354,3617.07,0,0,0,0,-45.64,935,365,3048
54404,3569.73,0,0,0,0,49.09,935,365,3048
54454,3616.20,0,0,0,0,-33.68,935,365,3048
54504,3580.81,0,0,0,0,48.52,935,365,3048
54554,3605.77,0,0,0,0,-47.64,935,365,3048
54604,3559.56,0,0,1,0,47.94,935,366,3048
54654,3589.38,0,0,0,0,-33.19,935,367,3048
54704,3576.54,0,0,0,0,31.83,935,367,3048
54754,3618.82,0,0,0,0,-47.39,935,367,3048
54804,3581.66,0,0,0,0,36.28,935,367,3048
54854,3608.37,0,0,0,0,22.42,935,367,3048
54904,3568.88,0,0,0,0,39.49,935,367,3048
54955,3618.82,0,0,0,0,-46.54,935,367,3048
55005,3579.95,0,0,0,0,38.87,935,367,3048
55055,3617.07,0,0,0,0,-40.53,935,367,3048
55105,3570.58,0,0,0,0,47.37,935,367,3048
55155,3617.07,0,0,0,0,-45.64,935,367,3048
55205,3570.58,0,0,0,0,48.24,935,367,3048
55255,3608.37,0,0,0,0,41.19,935,367,3048
55305,3566.33,0,0,0,0,29.93,935,367,3048
55355,3597.98,0,0,0,0,22.28,935,367,3048
55405,3572.28,0,0,0,0,45.67,935,367,3048
55455,3618.82,0,0,0,0,-46.54,935,367,3048
55505,3591.95,0,0,0,0,-31.14,935,367,3048
55555,3608.37,0,0,0,0,39.78,935,367,3048
55605,3560.41,0,0,0,0,58.41,935,367,3048
55655,3607.50,0,0,0,0,46.52,935,367,3048
55705,3569.73,0,0,0,0,48.22,935,367,3048
55755,3618.82,0,0,0,0,-51.64,935,367,3048
55805,3579.95,0,0,0,0,38.87,935,367,3048
55855,3580.81,0,0,0,0,38.88,935,367,3048
55905,3545.26,0,0,1,0,405.23,943,368,3111
55955,3544.42,0,0,1,0,498.70,951,369,3171
56005,3545.26,0,0,1,0,401.07,958,370,3227
56055,3544.42,0,0,1,0,431.19,965,371,3265
56105,3545.26,0,0,1,0,374.26,972,372,3312
56155,3546.10,0,0,1,0,338.90,977,373,3346
56205,3608.37,0,0,0,0,39.72,977,373,3346
56255,3570.58,0,0,0,0,52.61,977,373,3346
56305,3618.82,0,0,0,0,-33.73,977,373,3346
56355,3567.18,0,0,0,0,35.99,977,373,3346
56406,3607.50,0,0,0,0,31.71,977,373,3346
56456,3571.43,0,0,0,0,38.68,977,373,3346
56506,3608.37,0,0,0,0,28.35,977,373,3346
56556,3581.66,0,0,0,0,34.54,977,373,3346
56606,3629.32,0,0,0,0,-48.52,977,373,3346
56656,3581.66,0,0,0,0,33.67,977,373,3346
56706,3597.98,0,0,0,0,38.68,977,373,3346
56756,3573.13,0,0,0,0,25.72,977,374,3346
56806,3606.64,0,0,0,0,38.62,977,374,3346
56856,3576.54,0,0,0,0,31.83,977,374,3346
56906,3607.50,0,0,0,0,34.21,977,374,3346
56956,3576.54,0,0,0,0,30.97,977,374,3346
57006,3618.82,0,0,0,0,-42.28,977,374,3346
57056,3585.09,0,0,0,0,23.29,977,374,3346
57106,3608.37,0,0,0,0,30.97,977,374,3346
57156,3566.33,0,0,0,0,41.17,977,374,3346
57206,3606.64,0,0,0,0,31.64,977,374,3346
57256,3575.69,0,0,0,0,32.69,977,374,3346
57306,3597.98,0,0,0,0,41.19,977,374,3346
57356,3568.03,0,0,0,0,96.76,978,375,3348
57406,3608.37,0,0,0,0,32.70,978,375,3348
57456,3568.88,0,0,0,0,39.49,978,375,3348
57506,3608.37,0,0,0,0,31.83,978,375,3348
57556,3570.58,0,0,0,0,48.24,978,375,3348
57606,3607.50,0,0,0,0,31.83,978,375,3348
57656,3575.69,0,0,0,0,31.82,978,375,3348
57706,3607.50,0,0,0,0,32.69,978,375,3348
57756,3574.83,0,0,0,0,79.25,979,376,3348
57806,3618.82,0,0,0,0,-43.98,979,376,3348
57856,3576.54,0,0,0,0,30.97,979,376,3348
57906,3607.50,0,0,0,0,37.76,979,376,3348
57956,3575.69,0,0,0,0,32.69,979,376,3348
58006,3607.50,0,0,0,0,40.34,979,376,3348
58056,3574.83,0,0,0,0,33.54,979,376,3348
58106,3618.82,0,0,0,0,-33.73,979,376,3348
58156,3590.23,0,0,0,0,-39.72,979,376,3348
58206,3606.64,0,0,0,0,31.94,979,376,3348
58256,3573.98,0,0,0,0,22.28,979,376,3348
58306,3608.37,0,0,0,0,34.41,979,376,3348
58356,3576.54,0,0,0,0,30.10,979,376,3348
58406,3618.82,0,0,0,0,-47.39,979,376,3348
58456,3570.58,0,0,0,0,48.24,979,376,3348
58506,3608.37,0,0,0,0,46.52,979,376,3348
58556,3566.33,0,0,0,0,22.18,979,376,3348
58606,3609.24,0,0,1,0,40.93,979,377,3348
58656,3557.87,0,0,1,0,38.39,979,378,3348
58706,3608.37,0,0,0,0,22.18,979,378,3348
58756,3618.82,0,0,0,0,-49.09,979,378,3348
58807,3814.85,-16,-2,0,-15,-269.59,990,379,3436
58857,3563.79,0,0,0,0,190.90,994,379,3438
58907,3607.50,0,0,0,0,30.76,994,379,3438
58957,3565.49,0,0,0,0,31.64,994,379,3438
59008,3608.37,0,0,0,0,30.97,994,379,3438
59058,3581.66,0,0,0,0,37.16,994,379,3438
59108,3587.66,0,0,0,0,-26.41,994,379,3438
59158,3589.38,0,0,0,0,-36.56,994,380,3438
59208,3545.26,0,0,1,0,402.11,1002,381,3506
59258,3545.26,0,0,1,0,411.48,1009,382,3555
59308,3545.26,0,0,1,0,420.89,1016,383,3603
59358,3604.90,0,0,-1,0,-101.81,1016,385,3603
59408,3561.25,0,0,0,0,63.69,1016,386,3603
59458,3606.64,0,0,0,0,35.22,1016,386,3603
59508,3579.95,0,0,0,0,31.02,1016,386,3603
59558,3606.64,0,0,0,0,32.86,1016,386,3603
59608,3567.18,0,0,0,0,37.72,1016,386,3603
59658,3618.82,0,0,0,0,-51.64,1016,386,3603
59708,3571.43,0,0,0,0,45.64,1016,386,3603
59758,3598.85,0,0,0,0,37.14,1016,386,3603
59808,3571.43,0,0,0,0,47.39,1016,386,3603
59858,3607.50,0,0,0,0,45.36,1016,386,3603
59908,3572.28,0,0,0,0,25.71,1016,386,3603
59958,3597.12,0,0,0,0,39.47,1016,386,3603
60008,3565.49,0,0,0,0,32.50,1016,387,3603
60058,3607.50,0,0,0,0,24.85,1016,387,3603
60108,3568.88,0,0,0,0,39.49,1016,387,3603
60158,3608.37,0,0,0,0,30.10,1016,387,3603
60208,3573.13,0,0,0,0,24.85,1016,387,3603
60258,3606.64,0,0,0,0,30.97,1016,387,3603
60308,3557.87,0,0,1,0,40.11,1016,388,3603
60358,3607.50,0,0,0,0,34.19,1016,388,3603
60408,3568.88,0,0,0,0,38.62,1016,388,3603
60459,3617.94,0,0,0,0,-36.28,1016,388,3603
60509,3576.54,0,0,0,0,31.83,1016,388,3603
60559,3597.98,0,0,0,0,46.52,1016,388,3603
60609,3556.19,0,0,1,0,40.93,1016,389,3603
60659,3597.12,0,0,0,0,24.85,1016,389,3603
60709,3568.03,0,0,0,0,39.47,1016,389,3603
60759,3597.12,0,0,0,0,29.93,1016,389,3603
60809,3574.83,0,0,0,0,32.67,1016,389,3603
60859,3617.07,0,0,0,0,-40.53,1016,389,3603
60909,3572.28,0,0,0,0,25.71,1016,389,3603
60959,3587.66,0,0,0,0,-23.02,1016,389,3603
61009,3565.49,0,0,0,0,32.50,1016,389,3603
61059,3607.50,0,0,0,0,30.10,1016,389,3603
61109,3575.69,0,0,0,0,32.69,1016,389,3603
61159,3617.07,0,0,0,0,-45.64,1016,389,3603
61209,3557.87,0,0,1,0,19.52,1016,390,3603
61259,3599.71,0,0,1,0,33.17,1016,391,3603
61309,3566.33,0,0,0,0,41.17,1016,391,3603
61359,3619.69,0,0,0,0,-48.26,1016,391,3603
61409,3591.09,0,0,0,0,-41.43,1016,391,3603
61459,3608.37,0,0,0,0,39.78,1016,391,3603
61509,3575.69,0,0,0,0,31.82,1016,391,3603
61559,3596.26,0,0,0,0,46.52,1016,391,3603
61609,3566.33,0,0,0,0,31.65,1016,391,3603
61659,3597.12,0,0,0,0,23.13,1016,391,3603
61709,3576.54,0,0,0,0,31.83,1016,391,3603
61759,3609.24,0,0,0,0,45.64,1016,391,3603
61809,3572.28,0,0,0,0,24.84,1016,391,3603
61859,3568.03,0,0,0,0,40.34,1016,391,3603
61910,3545.26,0,0,1,0,402.11,1025,392,3668
61960,3544.42,0,0,1,0,526.13,1034,393,3729
62010,3545.26,0,0,1,0,403.15,1042,394,3787
62060,3545.26,0,0,1,0,404.19,1049,395,3826
62110,3545.26,0,0,1,0,367.10,1056,396,3863
62160,3546.10,0,0,1,0,363.21,1062,397,3895
62210,3546.10,0,0,1,0,327.87,1067,398,3925
62260,3572.28,0,0,0,0,58.80,1067,398,3925
62310,3608.37,0,0,0,0,31.85,1067,398,3925
62360,3570.58,0,0,0,0,39.53,1067,398,3925
62410,3596.26,0,0,0,0,39.44,1067,398,3925
62460,3557.87,0,0,1,0,36.66,1067,399,3925
62510,3607.50,0,0,0,0,23.99,1067,399,3925
62560,3581.66,0,0,0,0,37.16,1067,399,3925
62610,3617.94,0,0,0,0,-45.67,1067,399,3925
62660,3576.54,0,0,0,0,30.97,1067,399,3925
62710,3606.64,0,0,0,0,23.14,1067,399,3925
62760,3573.13,0,0,0,0,24.85,1067,399,3925
62810,3587.66,0,0,0,0,-22.17,1067,399,3925
62860,3556.19,0,0,1,0,33.19,1067,401,3925
62910,3598.85,0,0,1,0,40.11,1067,402,3925
62960,3568.03,0,0,0,0,40.34,1067,403,3925
63010,3607.50,0,0,0,0,34.21,1067,403,3925
63060,3565.49,0,0,0,0,34.23,1067,404,3925
63110,3606.64,0,0,0,0,22.28,1067,404,3925
63160,3567.18,0,0,0,0,41.19,1067,404,3925
63210,3607.50,0,0,0,0,40.32,1067,404,3925
63260,3560.41,0,0,0,0,45.36,1067,404,3925
63310,3608.37,0,0,0,0,29.23,1067,404,3925
63360,3564.64,0,0,0,0,33.35,1067,404,3925
63410,937500.00,-12134,-12140,0,0,-933903.75,13207,404,3925
63460,3562.10,0,0,0,0,131.57,13209,404,3930
63510,3597.98,0,0,0,0,39.44,13209,404,3930
63560,3565.49,0,0,0,0,32.50,13209,404,3930
63610,3597.98,0,0,1,0,46.80,13209,405,3930
63660,3568.88,0,0,0,0,36.89,13209,405,3930
63710,3597.12,0,0,0,0,31.62,13209,405,3930
63760,3564.64,0,0,0,0,33.35,13209,405,3930
63810,3606.64,0,0,0,0,30.95,13209,405,3930
63860,3566.33,0,0,0,0,41.17,13209,405,3930
63910,3607.50,0,0,0,0,38.59,13209,405,3930
63960,3557.87,0,0,1,0,38.39,13209,406,3930
64010,3598.85,0,0,1,0,39.23,13209,407,3930
64060,3573.13,0,0,0,0,23.99,13209,407,3930
64110,3607.50,0,0,0,0,39.45,13209,407,3930
64160,3571.43,0,0,0,0,45.64,13209,407,3930
64210,3608.37,0,0,0,0,31.82,13209,407,3930
64260,3618.82,0,0,0,0,-44.84,13209,407,3930
64310,3546.10,0,0,1,0,399.19,13217,408,3992
64360,3543.59,0,0,1,0,325.38,13223,409,4036
64410,3546.94,0,0,1,0,220.01,13227,410,4036
64460,3595.40,0,0,-1,0,-142.64,13228,411,4036
64510,3558.72,0,0,1,0,45.32,13228,413,4036
64560,3608.37,0,0,0,0,31.61,13228,413,4036
64610,3560.41,0,0,0,0,48.83,13228,413,4036
64660,3579.10,0,0,0,0,-22.91,13228,414,4036
64710,3556.19,0,0,1,0,43.52,13228,416,4036
64760,3597.12,0,0,0,0,21.31,13228,416,4036
64811,3560.41,0,0,0,0,47.96,13228,416,4036
64861,3597.98,0,0,0,0,44.49,13228,416,4036
64911,3567.18,0,0,0,0,41.19,13228,416,4036
64961,3608.37,0,0,0,0,39.44,13228,416,4036
65011,3559.56,0,0,1,0,47.07,13228,417,4036
65061,3568.88,0,0,0,0,-12.69,13228,418,4036
65111,3546.94,0,0,1,0,41.58,13228,420,4036
65161,3598.85,0,0,1,0,42.66,13228,421,4036
65211,3563.79,0,0,0,0,34.19,13228,421,4036
65261,3606.64,0,0,0,0,36.89,13228,421,4036
65311,3560.41,0,0,0,0,48.83,13228,422,4036
65361,3608.37,0,0,0,0,38.59,13228,422,4036
65411,3557.87,0,0,1,0,40.11,13228,423,4036
65461,3587.66,0,0,0,0,-38.20,13228,424,4036
65511,3557.03,0,0,1,0,30.63,13228,426,4036
65561,3589.38,0,0,0,0,-32.34,13228,427,4036
65611,3566.33,0,0,0,0,34.24,13228,428,4036
65661,3589.38,0,0,0,0,-33.19,13228,429,4036
65711,3546.10,0,0,1,0,33.85,13228,431,4036
65761,3589.38,0,0,0,0,-33.19,13228,432,4036
65811,3560.41,0,0,0,0,47.96,13228,432,4036
65861,3607.50,0,0,0,0,43.90,13228,432,4036
65911,3556.19,0,0,1,0,41.80,13228,433,4036
65961,3599.71,0,0,1,0,33.17,13228,434,4036
66011,3557.87,0,0,1,0,38.39,13228,435,4036
66061,3557.03,0,0,1,0,28.91,13228,436,4036
66111,3546.10,0,0,1,0,401.27,13237,437,4105
66161,3544.42,0,0,1,0,487.83,13245,438,4164
66211,3747.19,0,-1,0,0,-42.57,13250,438,4192
66262,3544.42,0,0,1,0,289.93,13255,439,4220
66312,3601.44,0,-2,0,-1,-316.84,13259,439,4221
66362,3594.54,0,-1,0,0,3167.21,13302,439,4317
66412,3609.24,0,-1,0,-7,-211.68,13304,439,4324
66462,3553.66,0,0,1,0,93.31,13305,441,4324
66512,3588.52,0,0,0,0,-32.33,13305,442,4324
66562,3557.87,0,0,1,0,38.39,13305,444,4324
66612,3599.71,0,0,1,0,40.11,13305,445,4324
66662,3556.19,0,0,1,0,40.93,13305,446,4324
66712,3607.50,0,0,0,0,23.14,13305,446,4324
66762,3568.03,0,0,0,0,38.61,13305,446,4324
66812,3608.37,0,0,0,0,47.37,13305,446,4324
66862,3568.03,0,0,0,0,40.34,13305,446,4324
66912,3597.98,0,0,0,0,38.61,13305,446,4324
66962,3564.64,0,0,0,0,33.35,13305,446,4324
67012,3579.95,0,0,0,0,-31.34,13305,447,4324
67062,3556.19,0,0,1,0,22.91,13305,449,4324
67112,3599.71,0,0,1,0,29.77,13305,450,4324
67162,3565.49,0,0,0,0,30.77,13305,450,4324
67212,3597.98,0,0,0,0,38.59,13305,450,4324
67262,3564.64,0,0,0,0,33.35,13305,450,4324
67312,3587.66,0,0,0,0,-28.10,13305,451,4324
67362,3557.03,0,0,1,0,31.49,13305,453,4324
67412,3607.50,0,0,0,0,38.62,13305,453,4324
67462,3556.19,0,0,1,0,40.93,13305,454,4324
67512,3597.12,0,0,0,0,33.35,13305,454,4324
67562,3557.03,0,0,1,0,40.09,13305,455,4324
67612,3597.98,0,0,0,0,22.18,13305,455,4324
67662,3567.18,0,0,0,0,40.32,13305,455,4324
67712,3597.98,0,0,0,0,36.89,13305,455,4324
67762,3573.98,0,0,0,0,22.28,13305,455,4324
67812,3607.50,0,0,0,0,30.95,13305,455,4324
67862,3557.87,0,0,1,0,39.25,13305,456,4324
67912,3596.26,0,0,0,0,24.00,13305,456,4324
67962,3548.62,0,0,1,0,48.51,13305,457,4324
68012,3610.11,0,0,0,0,-54.76,13305,458,4324
68062,3568.03,0,0,0,0,40.34,13305,458,4324
68112,3566.33,0,0,0,0,30.79,13305,458,4324
68162,3545.26,0,0,1,0,402.11,13314,459,4392
68212,3544.42,0,0,1,0,529.45,13323,460,4454
68262,3546.10,0,0,1,0,401.27,13331,461,4509
68312,3545.26,0,0,1,0,404.19,13338,462,4546
68362,3591.09,0,0,0,0,-64.32,13338,463,4546
68412,3560.41,0,0,0,0,51.44,13338,464,4546
68462,3608.37,0,0,0,0,26.62,13338,464,4546
68512,3571.43,0,0,0,0,47.39,13338,464,4546
68562,3586.80,0,0,0,0,-14.52,13338,464,4546
68612,3559.56,0,0,1,0,43.61,13338,465,4546
68662,3608.37,0,0,0,0,38.61,13338,465,4546
68712,3575.69,0,0,0,0,32.69,13338,465,4546
68762,3607.50,0,0,0,0,29.91,13338,465,4546
68812,3566.33,0,0,0,0,29.93,13338,465,4546
68862,3597.98,0,0,0,0,38.57,13338,465,4546
68912,3556.19,0,0,1,0,41.80,13338,466,4546
68962,3597.12,0,0,0,0,20.48,13338,466,4546
69012,3573.98,0,0,0,0,22.28,13338,466,4546
69062,3608.37,0,0,0,0,40.30,13338,466,4546
69112,3566.33,0,0,0,0,31.65,13338,466,4546
69163,3606.64,0,0,0,0,29.91,13338,466,4546
69213,3573.13,0,0,0,0,23.99,13338,466,4546
69263,3599.71,0,0,1,0,38.37,13338,467,4546
69313,3565.49,0,0,0,0,32.50,13338,467,4546
69363,3598.85,0,0,1,0,46.21,13338,468,4546
69413,3563.79,0,0,0,0,35.92,13338,469,4546
69463,3599.71,0,0,1,0,39.21,13338,470,4546
69513,3568.03,0,0,0,0,39.47,13338,470,4546
69563,3588.52,0,0,0,0,-30.64,13338,471,4546
69613,3565.49,0,0,0,0,33.36,13338,472,4546
69663,3607.50,0,0,0,0,30.94,13338,472,4546
69713,3571.43,0,0,0,0,46.52,13338,472,4546
69763,3599.71,0,0,1,0,36.66,13338,473,4546
69813,3563.79,0,0,0,0,35.06,13338,474,4546
69863,3589.38,0,0,0,0,-34.03,13338,475,4546
69913,3568.88,0,0,0,0,39.49,13338,475,4546
69963,3588.52,0,0,0,0,-30.64,13338,476,4546
70013,3551.14,0,0,1,0,57.23,13338,477,4546
70063,3472.22,0,1,0,0,42.30,13340,477,4546
70113,3325.94,11,3,0,22,378.68,13350,477,4607
70163,3205.81,7,5,0,11,218.06,13361,477,4636
70213,3087.05,5,6,0,1,35.34,13378,477,4640
70263,3007.22,0,7,0,1,32.30,13392,477,4643
70313,2924.55,0,8,0,1,22.99,13408,477,4646
70363,2790.70,20,10,0,16,338.21,13436,477,4702
70413,2810.57,0,10,0,-7,-154.76,13458,477,4714
70463,2615.97,0,12,0,2,66.91,13481,477,4721
70513,2536.35,0,13,0,2,63.75,13506,477,4723
70563,2461.03,0,14,0,2,55.32,13534,477,4725
70614,2378.69,0,15,0,2,56.77,13564,477,4728
70664,2297.44,0,16,0,2,64.76,13596,477,4730
70714,2218.61,1,17,0,2,63.80,13630,477,4732
70764,2143.47,7,18,0,2,59.82,13666,477,4734
70814,2063.27,15,19,0,2,61.97,13704,477,4736
70864,2049.18,0,20,0,0,14.09,13724,477,4736
70914,1971.35,6,21,0,0,16.20,13765,477,4738
70964,1896.09,20,22,0,0,18.88,13808,477,4739
71014,1837.33,4,22,0,1,58.76,13830,477,4740
71064,1763.88,22,23,0,1,57.40,13876,477,4741
71114,1748.25,6,24,0,0,15.62,13900,477,4741
71164,1687.10,0,24,0,1,61.15,13924,477,4742
71214,1614.64,17,25,0,1,59.65,13974,477,4743
71264,1601.54,3,25,0,0,13.10,13999,477,4743
71314,1540.67,0,26,0,1,60.86,14025,477,4744
71364,1463.99,25,27,0,1,63.98,14078,477,4745
71414,1456.88,15,27,0,0,7.11,14105,477,4745
71464,1381.47,13,28,0,1,75.41,14133,477,4746
71514,1390.95,4,28,0,0,-9.48,14161,477,4746
71564,1316.02,1,29,0,1,74.93,14190,477,4747
71614,1308.79,0,29,0,0,7.23,14219,477,4747
71664,1241.21,0,30,0,1,67.58,14249,477,4748
71714,1235.38,0,30,0,0,5.83,14279,477,4748
71764,1167.41,0,31,0,1,67.98,14310,477,4749
71814,1161.26,0,31,0,0,6.15,14341,477,4749
71864,1091.23,8,32,0,1,70.03,14373,477,4750
71914,1087.11,9,32,0,0,4.11,14405,477,4750
71964,1024.52,20,33,0,1,62.59,14438,477,4751
72014,1008.27,28,33,0,0,16.25,14471,477,4751
72064,1008.27,0,33,0,0,16.25,14471,477,4751
72114,933.47,0,34,0,1,74.79,14505,477,4752
72164,929.94,9,34,0,0,3.53,14539,477,4752
72214,860.34,29,35,0,0,69.61,14574,477,4752
72264,860.34,0,35,0,0,69.61,14574,477,4752
72314,847.36,0,35,0,0,12.98,14609,477,4752
72364,771.33,30,36,0,0,76.03,14645,477,4752
72414,771.33,0,36,0,0,76.03,14645,477,4752
72464,759.65,8,36,0,0,11.68,14681,477,4752
72514,759.65,0,36,0,0,11.68,14681,477,4752
72564,686.78,0,37,0,0,72.87,14718,477,4752
72614,686.78,0,37,0,0,72.87,14718,477,4752
72664,647.53,0,38,0,0,39.25,14756,477,4752
72714,647.53,0,38,0,0,39.25,14756,477,4752
72764,594.32,0,39,0,0,53.21,14795,477,4752
72814,594.32,0,39,0,0,53.21,14795,477,4752
72864,546.83,2,39,0,0,47.49,14834,477,4752
72914,546.83,0,39,0,0,47.49,14834,477,4752
72964,453.91,36,40,0,0,92.91,14874,477,4752
73014,453.91,0,40,0,0,92.91,14874,477,4752
73064,453.91,0,40,0,0,92.91,14874,477,4752
73114,395.73,38,41,0,0,58.19,14915,477,4752
73164,395.73,0,41,0,0,58.19,14915,477,4752
73214,395.73,0,41,0,0,58.19,14915,477,4752
73264,395.73,0,41,0,0,58.19,14915,477,4752
74449,44.86,0,41,0,0,58.19,14915,477,4752
74499,44.86,0,41,0,0,58.19,14915,477,4752
74549,44.86,0,41,0,0,58.19,14915,477,4752
74599,44.86,0,41,0,0,58.19,14915,477,4752
74649,44.86,0,41,0,0,58.19,14915,477,4752
74699,0.00,0,41,0,0,58.19,14915,477,4752
74749,0.00,0,41,0,0,58.19,14915,477,4752
74799,0.00,0,41,0,0,58.19,14915,477,4752
74849,0.00,0,41,0,0,58.19,14915,477,4752
74899,0.00,0,41,0,0,58.19,14915,477,4752
74949,0.00,0,41,0,0,58.19,14915,477,4752
74999,0.00,0,41,0,0,58.19,14915,477,4752
75049,0.00,0,41,0,0,58.19,14915,477,4752
75099,0.00,0,41,0,0,58.19,14915,477,4752
75149,0.00,0,41,0,0,58.19,14915,477,4752
75199,0.00,0,41,0,0,58.19,14915,477,4752
75249,0.00,0,41,0,0,58.19,14915,477,4752
75299,0.00,0,41,0,0,58.19,14915,477,4752
75350,0.00,0,41,0,0,58.19,14915,477,4752
75400,0.00,0,41,0,0,58.19,14915,477,4752
75450,0.00,0,41,0,0,58.19,14915,477,4752
75500,0.00,0,41,0,0,58.19,14915,477,4752
75550,0.00,0,41,0,0,58.19,14915,477,4752
75600,0.00,0,41,0,0,58.19,14915,477,4752
75650,0.00,0,41,0,0,58.19,14915,477,4752
75700,0.00,0,41,0,0,58.19,14915,477,4752
75750,0.00,0,41,0,0,58.19,14915,477,4752
75800,0.00,0,41,0,0,58.19,14915,477,4752
75850,0.00,0,41,0,0,58.19,14915,477,4752
75900,0.00,0,41,0,0,58.19,14915,477,4752
75950,0.00,0,41,0,0,58.19,14915,477,4752
76000,0.00,0,41,0,0,58.19,14915,477,4752
76050,0.00,0,41,0,0,58.19,14915,477,4752
76100,0.00,0,41,0,0,58.19,14915,477,4752
76150,0.00,0,41,0,0,58.19,14915,477,4752
76200,0.00,0,41,0,0,58.19,14915,477,4752
76250,0.00,0,41,0,0,58.19,14915,477,4752
76300,0.00,0,41,0,0,58.19,14915,477,4752
76350,0.00,0,41,0,0,58.19,14915,477,4752
76400,0.00,0,41,0,0,58.19,14915,477,4752
76450,0.00,0,41,0,0,58.19,14915,477,4752
76500,0.00,0,41,0,0,58.19,14915,477,4752
76550,0.00,0,41,0,0,58.19,14915,477,4752
76600,0.00,0,41,0,0,58.19,14915,477,4752
76650,0.00,0,41,0,0,58.19,14915,477,4752
76700,0.00,0,41,0,0,58.19,14915,477,4752
76750,0.00,0,41,0,0,58.19,14915,477,4752
76800,0.00,0,41,0,0,58.19,14915,477,4752
76850,0.00,0,41,0,0,58.19,14915,477,4752
76900,0.00,0,41,0,0,58.19,14915,477,4752
76950,0.00,0,41,0,0,58.19,14915,477,4752
77000,0.00,0,41,0,0,58.19,14915,477,4752
77050,0.00,0,41,0,0,58.19,14915,477,4752
77100,0.00,0,41,0,0,58.19,14915,477,4752
77150,0.00,0,41,0,0,58.19,14915,477,4752
77200,0.00,0,41,0,0,58.19,14915,477,4752
77250,0.00,0,41,0,0,58.19,14915,477,4752
77300,0.00,0,41,0,0,58.19,14915,477,4752
77350,0.00,0,41,0,0,58.19,14915,477,4752
77400,0.00,0,41,0,0,58.19,14915,477,4752
77450,0.00,0,41,0,0,58.19,14915,477,4752
77500,0.00,0,41,0,0,58.19,14915,477,4752
77550,0.00,0,41,0,0,58.19,14915,477,4752
77600,0.00,0,41,0,0,58.19,14915,477,4752
77650,0.00,0,41,0,0,58.19,14915,477,4752
77700,0.00,0,41,0,0,58.19,14915,477,4752
77750,0.00,0,41,0,0,58.19,14915,477,4752
77800,0.00,0,41,0,0,58.19,14915,477,4752
77850,0.00,0,41,0,0,58.19,14915,477,4752
77900,0.00,0,41,0,0,58.19,14915,477,4752
77950,0.00,0,41,0,0,58.19,14915,477,4752
78000,0.00,0,41,0,0,58.19,14915,477,4752
78050,0.00,0,41,0,0,58.19,14915,477,4752
78100,0.00,0,41,0,0,58.19,14915,477,4752
78150,0.00,0,41,0,0,58.19,14915,477,4752
78200,0.00,0,41,0,0,58.19,14915,477,4752
78251,0.00,0,41,0,0,58.19,14915,477,4752
78301,0.00,0,41,0,0,58.19,14915,477,4752
78351,0.00,0,41,0,0,58.19,14915,477,4752
78401,0.00,0,41,0,0,58.19,14915,477,4752
78451,0.00,0,41,0,0,58.19,14915,477,4752
78501,0.00,0,41,0,0,58.19,14915,477,4752
78551,0.00,0,41,0,0,58.19,14915,477,4752
78601,0.00,0,41,0,0,58.19,14915,477,4752
78651,0.00,0,41,0,0,58.19,14915,477,4752
78701,0.00,0,41,0,0,58.19,14915,477,4752
78751,0.00,0,41,0,0,58.19,14915,477,4752
78801,0.00,0,41,0,0,58.19,14915,477,4752
78851,0.00,0,41,0,0,58.19,14915,477,4752
78901,0.00,0,41,0,0,58.19,14915,477,4752
78951,0.00,0,41,0,0,58.19,14915,477,4752
79001,0.00,0,41,0,0,58.19,14915,477,4752
79051,0.00,0,41,0,0,58.19,14915,477,4752
79101,0.00,0,41,0,0,58.19,14915,477,4752
79151,0.00,0,41,0,0,58.19,14915,477,4752
79201,0.00,0,41,0,0,58.19,14915,477,4752
79251,0.00,0,41,0,0,58.19,14915,477,4752
79301,0.00,0,41,0,0,58.19,14915,477,4752
79351,0.00,0,41,0,0,58.19,14915,477,4752
79401,0.00,0,41,0,0,58.19,14915,477,4752
79451,0.00,0,41,0,0,58.19,14915,477,4752
79501,0.00,0,41,0,0,58.19,14915,477,4752
79551,0.00,0,41,0,0,58.19,14915,477,4752
79601,0.00,0,41,0,0,58.19,14915,477,4752
79651,0.00,0,41,0,0,58.19,14915,477,4752
79702,0.00,0,41,0,0,58.19,14915,477,4752
79752,0.00,0,41,0,0,58.19,14915,477,4752
79802,0.00,0,41,0,0,58.19,14915,477,4752
79852,0.00,0,41,0,0,58.19,14915,477,4752
79902,0.00,0,41,0,0,58.19,14915,477,4752
79952,0.00,0,41,0,0,58.19,14915,477,4752
80002,0.00,0,41,0,0,58.19,14915,477,4752
80052,0.00,0,41,0,0,58.19,14915,477,4752
80102,0.00,0,41,0,0,58.19,14915,477,4752
80152,0.00,0,41,0,0,58.19,14915,477,4752
80202,0.00,0,41,0,0,58.19,14915,477,4752
80252,0.00,0,41,0,0,58.19,14915,477,4752
