Mechanical Governor - Abrupt Load Increase(1800 W) - Initially Constant Load (1500 W)
Trial: 8
Date: 3-31-2023
Time: 3:48 PM
Ambient Temp: 81
Head Temp: 213.2

------ Microcontroller Engine Governor - Version: 1.16 ------
-------------------------------------------------------------
PID Gains:        Kp: 0.013000   Ki: 0.025000   Kd: 1.000000
-------------------------------------------------------------
Set RPM:             3600    |  Min RPM:                300
                             |
RPM Precision        10       |  PID I Precision:         70
                             |
Start Steps:         850     |  Max Steps:               1200
                             |
RPM Calc Interval:   1       |  Num Magnets:             1
                             |
LCD Update Interval: 400     |  Serial Update Interval:  50
-------------------------------------------------------------

Time,RPM,Steps Remaining, PID p, PID i, PID d, RPM Change, P Cmd, I Cmd, D Cmd
1226,0.00,0,0,0,0,0.00,0,0,0
1276,0.00,0,0,0,0,0.00,0,0,0
1326,0.00,0,0,0,0,0.00,0,0,0
1376,0.00,0,0,0,0,0.00,0,0,0
1426,0.00,0,0,0,0,0.00,0,0,0
1476,0.00,0,0,0,0,0.00,0,0,0
1526,0.00,0,0,0,0,0.00,0,0,0
1576,0.00,0,0,0,0,0.00,0,0,0
1626,0.00,0,0,0,0,0.00,0,0,0
1676,0.00,0,0,0,0,0.00,0,0,0
1726,0.00,0,0,0,0,0.00,0,0,0
1776,0.00,0,0,0,0,0.00,0,0,0
1826,0.00,0,0,0,0,0.00,0,0,0
1876,0.00,0,0,0,0,0.00,0,0,0
1926,0.00,0,0,0,0,0.00,0,0,0
1976,0.00,0,0,0,0,0.00,0,0,0
2026,0.00,0,0,0,0,0.00,0,0,0
2076,0.00,0,0,0,0,0.00,0,0,0
2126,0.00,0,0,0,0,0.00,0,0,0
2176,0.00,0,0,0,0,0.00,0,0,0
2226,0.00,0,0,0,0,0.00,0,0,0
2276,0.00,0,0,0,0,0.00,0,0,0
2326,0.00,0,0,0,0,0.00,0,0,0
2376,0.00,0,0,0,0,0.00,0,0,0
2426,0.00,0,0,0,0,0.00,0,0,0
2476,0.00,0,0,0,0,0.00,0,0,0
2526,0.00,0,0,0,0,0.00,0,0,0
2576,0.00,0,0,0,0,0.00,0,0,0
2626,0.00,0,0,0,0,0.00,0,0,0
2676,0.00,0,0,0,0,0.00,0,0,0
2726,0.00,0,0,0,0,0.00,0,0,0
2776,0.00,0,0,0,0,0.00,0,0,0
2826,0.00,0,0,0,0,0.00,0,0,0
2876,0.00,0,0,0,0,0.00,0,0,0
2926,0.00,0,0,0,0,0.00,0,0,0
2976,0.00,0,0,0,0,0.00,0,0,0
3026,0.00,0,0,0,0,0.00,0,0,0
3076,0.00,0,0,0,0,0.00,0,0,0
3126,0.00,0,0,0,0,0.00,0,0,0
3176,0.00,0,0,0,0,0.00,0,0,0
3226,0.00,0,0,0,0,0.00,0,0,0
3276,0.00,0,0,0,0,0.00,0,0,0
3326,0.00,0,0,0,0,0.00,0,0,0
3376,0.00,0,0,0,0,0.00,0,0,0
3426,0.00,0,0,0,0,0.00,0,0,0
3476,0.00,0,0,0,0,0.00,0,0,0
3526,0.00,0,0,0,0,0.00,0,0,0
3576,0.00,0,0,0,0,0.00,0,0,0
3627,0.00,0,0,0,0,0.00,0,0,0
3677,0.00,0,0,0,0,0.00,0,0,0
3727,0.00,0,0,0,0,0.00,0,0,0
3777,0.00,0,0,0,0,0.00,0,0,0
3827,0.00,0,0,0,0,0.00,0,0,0
3877,0.00,0,0,0,0,0.00,0,0,0
3927,0.00,0,0,0,0,0.00,0,0,0
3977,0.00,0,0,0,0,0.00,0,0,0
4027,0.00,0,0,0,0,0.00,0,0,0
4077,0.00,0,0,0,0,0.00,0,0,0
4127,0.00,0,0,0,0,0.00,0,0,0
4177,0.00,0,0,0,0,0.00,0,0,0
4227,0.00,0,0,0,0,0.00,0,0,0
4277,0.00,0,0,0,0,0.00,0,0,0
4327,0.00,0,0,0,0,0.00,0,0,0
4377,0.00,0,0,0,0,0.00,0,0,0
4427,0.00,0,0,0,0,0.00,0,0,0
4477,0.00,0,0,0,0,0.00,0,0,0
4527,0.00,0,0,0,0,0.00,0,0,0
4577,0.00,0,0,0,0,0.00,0,0,0
4627,0.00,0,0,0,0,0.00,0,0,0
4677,0.00,0,0,0,0,0.00,0,0,0
4727,0.00,0,0,0,0,0.00,0,0,0
4777,0.00,0,0,0,0,0.00,0,0,0
4827,0.00,0,0,0,0,0.00,0,0,0
4877,0.00,0,0,0,0,0.00,0,0,0
4927,0.00,0,0,0,0,0.00,0,0,0
4977,0.00,0,0,0,0,0.00,0,0,0
5027,0.00,0,0,0,0,0.00,0,0,0
5078,0.00,0,0,0,0,0.00,0,0,0
5128,0.00,0,0,0,0,0.00,0,0,0
5178,0.00,0,0,0,0,0.00,0,0,0
5228,0.00,0,0,0,0,0.00,0,0,0
5278,0.00,0,0,0,0,0.00,0,0,0
5328,0.00,0,0,0,0,0.00,0,0,0
5378,0.00,0,0,0,0,0.00,0,0,0
5428,0.00,0,0,0,0,0.00,0,0,0
5478,0.00,0,0,0,0,0.00,0,0,0
5528,0.00,0,0,0,0,0.00,0,0,0
5578,0.00,0,0,0,0,0.00,0,0,0
5628,0.00,0,0,0,0,0.00,0,0,0
5678,0.00,0,0,0,0,0.00,0,0,0
5728,0.00,0,0,0,0,0.00,0,0,0
5778,0.00,0,0,0,0,0.00,0,0,0
5828,0.00,0,0,0,0,0.00,0,0,0
5878,0.00,0,0,0,0,0.00,0,0,0
5928,0.00,0,0,0,0,0.00,0,0,0
5978,0.00,0,0,0,0,0.00,0,0,0
6028,0.00,0,0,0,0,0.00,0,0,0
6078,0.00,0,0,0,0,0.00,0,0,0
6128,0.00,0,0,0,0,0.00,0,0,0
6178,0.00,0,0,0,0,0.00,0,0,0
6228,0.00,0,0,0,0,0.00,0,0,0
6278,0.00,0,0,0,0,0.00,0,0,0
6328,0.00,0,0,0,0,0.00,0,0,0
6378,0.00,0,0,0,0,0.00,0,0,0
6428,0.00,0,0,0,0,0.00,0,0,0
6478,0.00,0,0,0,0,0.00,0,0,0
6528,0.00,0,0,0,0,0.00,0,0,0
6578,0.00,0,0,0,0,0.00,0,0,0
6628,0.00,0,0,0,0,0.00,0,0,0
6678,0.00,0,0,0,0,0.00,0,0,0
6728,0.00,0,0,0,0,0.00,0,0,0
6778,0.00,0,0,0,0,0.00,0,0,0
6828,0.00,0,0,0,0,0.00,0,0,0
6878,0.00,0,0,0,0,0.00,0,0,0
6928,0.00,0,0,0,0,0.00,0,0,0
6978,0.00,0,0,0,0,0.00,0,0,0
7028,0.00,0,0,0,0,0.00,0,0,0
7078,0.00,0,0,0,0,0.00,0,0,0
7128,0.00,0,0,0,0,0.00,0,0,0
7178,0.00,0,0,0,0,0.00,0,0,0
7228,0.00,0,0,0,0,0.00,0,0,0
7278,0.00,0,0,0,0,0.00,0,0,0
7328,0.00,0,0,0,0,0.00,0,0,0
7378,0.00,0,0,0,0,0.00,0,0,0
7428,0.00,0,0,0,0,0.00,0,0,0
7478,0.00,0,0,0,0,0.00,0,0,0
7528,0.00,0,0,0,0,0.00,0,0,0
7578,0.00,0,0,0,0,0.00,0,0,0
7628,0.00,0,0,0,0,0.00,0,0,0
7678,0.00,0,0,0,0,0.00,0,0,0
7728,0.00,0,0,0,0,0.00,0,0,0
7778,0.00,0,0,0,0,0.00,0,0,0
7828,0.00,0,0,0,0,0.00,0,0,0
7878,0.00,0,0,0,0,0.00,0,0,0
7928,0.00,0,0,0,0,0.00,0,0,0
7979,0.00,0,0,0,0,0.00,0,0,0
8029,0.00,0,0,0,0,0.00,0,0,0
8079,0.00,0,0,0,0,0.00,0,0,0
8129,0.00,0,0,0,0,0.00,0,0,0
8179,0.00,0,0,0,0,0.00,0,0,0
8229,0.00,0,0,0,0,0.00,0,0,0
8279,0.00,0,0,0,0,0.00,0,0,0
8329,0.00,0,0,0,0,0.00,0,0,0
8379,0.00,0,0,0,0,0.00,0,0,0
8429,0.00,0,0,0,0,0.00,0,0,0
8479,0.00,0,0,0,0,0.00,0,0,0
8529,0.00,0,0,0,0,0.00,0,0,0
8579,0.00,0,0,0,0,0.00,0,0,0
8629,0.00,0,0,0,0,0.00,0,0,0
8679,0.00,0,0,0,0,0.00,0,0,0
8729,0.00,0,0,0,0,0.00,0,0,0
8779,0.00,0,0,0,0,0.00,0,0,0
8829,0.00,0,0,0,0,0.00,0,0,0
8879,0.00,0,0,0,0,0.00,0,0,0
8929,0.00,0,0,0,0,0.00,0,0,0
8979,0.00,0,0,0,0,0.00,0,0,0
9029,0.00,0,0,0,0,0.00,0,0,0
9079,0.00,0,0,0,0,0.00,0,0,0
9129,0.00,0,0,0,0,0.00,0,0,0
9179,0.00,0,0,0,0,0.00,0,0,0
9229,0.00,0,0,0,0,0.00,0,0,0
9279,0.00,0,0,0,0,0.00,0,0,0
9329,0.00,0,0,0,0,0.00,0,0,0
9379,0.00,0,0,0,0,0.00,0,0,0
9430,0.00,0,0,0,0,0.00,0,0,0
9480,0.00,0,0,0,0,0.00,0,0,0
9530,0.00,0,0,0,0,0.00,0,0,0
9580,0.00,0,0,0,0,0.00,0,0,0
9630,0.00,0,0,0,0,0.00,0,0,0
9680,0.00,0,0,0,0,0.00,0,0,0
9730,0.00,0,0,0,0,0.00,0,0,0
9780,0.00,0,0,0,0,0.00,0,0,0
9830,0.00,0,0,0,0,0.00,0,0,0
9880,0.00,0,0,0,0,0.00,0,0,0
9930,0.00,0,0,0,0,0.00,0,0,0
9980,0.00,0,0,0,0,0.00,0,0,0
10030,0.00,0,0,0,0,0.00,0,0,0
10080,0.00,0,0,0,0,0.00,0,0,0
10130,0.00,0,0,0,0,0.00,0,0,0
10180,0.00,0,0,0,0,0.00,0,0,0
10230,0.00,0,0,0,0,0.00,0,0,0
10280,0.00,0,0,0,0,0.00,0,0,0
10330,0.00,0,0,0,0,0.00,0,0,0
10380,0.00,0,0,0,0,0.00,0,0,0
10430,0.00,0,0,0,0,0.00,0,0,0
10480,0.00,0,0,0,0,0.00,0,0,0
10530,0.00,0,0,0,0,0.00,0,0,0
10580,0.00,0,0,0,0,0.00,0,0,0
10630,0.00,0,0,0,0,0.00,0,0,0
10680,0.00,0,0,0,0,0.00,0,0,0
10730,inf,0,0,0,0,inf,0,0,0
10780,829.37,11,36,0,0,inf,36,0,0
10830,898.80,26,35,0,-1,-69.42,71,0,1
10880,1283.81,11,30,0,-8,-385.01,101,0,9
10930,1299.83,14,29,0,0,-16.02,130,0,9
10980,1627.43,0,25,0,-8,-327.60,155,0,17
11030,1924.31,2,21,0,-9,-282.63,201,0,26
11080,2112.97,12,19,0,-6,-186.69,241,0,32
11130,2129.77,0,19,0,0,-16.80,260,0,32
11180,2382.84,0,15,0,0,-15.42,291,0,41
11230,2861.50,0,9,0,-10,-240.96,324,0,61
11280,3065.60,0,6,0,-10,-209.01,339,0,71
11330,3258.74,0,4,0,0,0.71,353,0,81
11380,3596.26,0,2,0,0,18.06,357,0,92
11430,3703.70,0,-1,0,0,16.53,359,0,92
11480,3728.56,0,-1,0,0,-3.70,362,0,92
11530,3690.04,0,-1,0,0,24.67,365,0,92
11580,3660.32,0,0,-1,0,22.47,367,1,92
11630,3600.58,0,0,0,0,14.06,367,1,92
11680,3620.56,0,0,0,0,-63.53,367,2,92
11730,3600.58,0,0,0,0,-39.17,367,2,92
11780,3654.08,0,0,-1,0,-28.26,367,4,92
11830,3614.46,0,0,0,0,39.62,367,5,92
11880,3624.94,0,0,0,0,-32.99,367,5,92
11930,3581.66,0,0,0,0,36.28,367,5,92
11980,3608.37,0,0,0,0,25.76,367,5,92
12030,3572.28,0,0,0,0,25.71,367,5,92
12080,3628.45,0,0,0,0,-57.02,367,5,92
12130,3591.09,0,0,0,0,-44.22,367,5,92
12180,3641.66,0,0,-1,0,-49.71,367,6,92
12230,3591.95,0,0,0,0,-41.75,367,6,92
12280,3617.94,0,0,0,0,-36.28,367,6,92
12331,3581.66,0,0,0,0,37.16,367,6,92
12381,3628.45,0,0,0,0,-45.93,367,6,92
12431,3591.95,0,0,0,0,-39.17,367,6,92
12481,3624.06,0,0,0,0,-33.83,367,6,92
12531,3503.04,0,1,0,0,125.41,368,6,92
12581,3639.89,0,0,0,0,-61.65,369,6,99
12631,3580.81,0,0,0,0,47.64,369,6,99
12681,3629.32,0,0,0,0,-57.90,369,6,99
12731,3590.23,0,0,0,0,-34.59,369,6,99
12781,3624.94,0,0,0,0,-32.99,369,6,99
12831,3592.81,0,0,0,0,-40.89,369,6,99
12881,3616.20,0,0,0,0,-24.25,369,6,99
12931,3581.66,0,0,0,0,47.66,369,6,99
12981,3618.82,0,0,0,0,-38.01,369,6,99
13031,3568.88,0,0,0,0,39.49,369,6,99
13081,3618.82,0,0,0,0,-47.39,369,6,99
13131,3581.66,0,0,0,0,46.79,369,6,99
13181,3626.69,0,0,0,0,-23.52,369,6,99
13231,3592.81,0,0,0,0,-46.22,369,6,99
13281,3633.72,0,0,0,0,-31.42,369,6,99
13331,3580.81,0,0,0,0,43.26,369,6,99
13381,3624.94,0,0,0,0,-32.99,369,6,99
13431,3591.95,0,0,0,0,-45.93,369,6,99
13481,3624.94,0,0,0,0,-32.99,369,6,99
13531,3581.66,0,0,0,0,46.79,369,6,99
13581,3615.33,0,0,0,0,-24.23,369,6,99
13631,3580.81,0,0,0,0,38.01,369,6,99
13681,3629.32,0,0,0,0,-48.52,369,6,99
13731,3602.31,0,0,0,0,-46.22,369,6,99
13782,3631.96,0,0,0,0,-40.01,369,6,99
13832,3580.81,0,0,0,0,37.14,369,6,99
13882,3629.32,0,0,0,0,-47.66,369,6,99
13932,3569.73,0,0,0,0,48.22,369,6,99
13982,3606.64,0,0,0,0,31.05,369,6,99
14032,3567.18,0,0,0,0,41.19,369,6,99
14082,3606.64,0,0,0,0,31.05,369,6,99
14132,3590.23,0,0,0,0,-42.28,369,6,99
14182,3631.96,0,0,0,0,-40.01,369,6,99
14232,3594.54,0,0,-1,0,-47.12,369,7,99
14282,3632.84,0,0,0,0,-40.89,369,7,99
14332,3581.66,0,0,0,0,33.67,369,7,99
14382,3618.82,0,0,0,0,-38.01,369,7,99
14432,3591.95,0,0,0,0,-45.95,369,7,99
14482,3624.06,0,0,0,0,-32.97,369,7,99
14532,3581.66,0,0,0,0,35.41,369,7,99
14582,3623.19,0,0,0,0,4.38,369,7,99
14632,3580.81,0,0,0,0,47.64,369,7,99
14682,3628.45,0,0,0,0,-46.79,369,7,99
14732,3579.95,0,0,0,0,38.87,369,7,99
14782,3617.94,0,0,0,0,-37.14,369,7,99
14832,3585.09,0,0,0,0,21.55,369,7,99
14882,3618.82,0,0,0,0,-38.01,369,7,99
14932,3576.54,0,0,0,0,30.10,369,7,99
14982,3604.90,0,0,-1,0,-108.04,369,9,99
15032,3581.66,0,0,0,0,37.16,369,9,99
15082,3624.06,0,0,0,0,-32.97,369,9,99
15132,3581.66,0,0,0,0,55.58,369,9,99
15182,3616.20,0,0,0,0,-25.97,369,9,99
15232,3568.88,0,0,0,0,39.49,369,9,99
15282,3597.12,0,0,0,0,27.49,369,9,99
15332,3573.13,0,0,0,0,23.99,369,9,99
15382,3628.45,0,0,0,0,-56.17,369,9,99
15432,3568.03,0,0,0,0,40.34,369,9,99
15482,3618.82,0,0,0,0,-42.28,369,9,99
15532,3579.95,0,0,0,0,38.87,369,9,99
15582,3628.45,0,0,0,0,-45.93,369,9,99
15632,3591.95,0,0,0,0,-55.64,369,9,99
15682,3628.45,0,0,0,0,-46.79,369,9,99
15732,3581.66,0,0,0,0,37.16,369,9,99
15782,3624.06,0,0,0,0,-30.39,369,9,99
15832,3581.66,0,0,0,0,37.16,369,9,99
15882,3617.94,0,0,0,0,-35.43,369,9,99
15932,3591.95,0,0,0,0,-35.43,369,9,99
15982,3617.94,0,0,0,0,-35.43,369,9,99
16032,3585.09,0,0,0,0,23.29,369,9,99
16082,3617.94,0,0,0,0,-36.28,369,9,99
16132,3581.66,0,0,0,0,47.66,369,9,99
16182,3628.45,0,0,0,0,-46.79,369,9,99
16232,3582.52,0,0,0,0,45.05,369,9,99
16282,3632.84,0,0,0,0,-41.75,369,9,99
16332,3573.98,0,0,0,0,22.28,369,9,99
16382,3618.82,0,0,0,0,-43.13,369,9,99
16432,3597.98,0,0,0,0,46.54,369,9,99
16482,3545.26,0,0,1,0,316.74,375,10,141
16532,3545.26,0,0,1,0,306.82,380,11,172
16582,3554.50,0,0,1,0,318.46,385,12,201
16632,3545.26,0,0,1,0,322.71,390,13,229
16683,3545.26,0,0,1,0,351.86,395,14,258
16733,3545.26,0,0,1,0,342.76,400,15,291
16783,3546.10,0,0,1,0,389.88,406,16,327
16833,3545.26,0,0,1,0,333.71,412,17,361
16883,3545.26,0,0,1,0,327.71,417,18,391
16933,3546.10,0,0,1,0,314.90,422,19,419
16983,3493.25,0,1,0,0,367.76,428,19,445
17033,3612.72,0,0,0,0,13.10,429,19,451
17083,3582.52,0,0,0,0,47.69,429,19,451
17133,3612.72,0,0,0,0,18.37,429,19,451
17183,3582.52,0,0,0,0,47.69,429,19,451
17233,3623.19,0,0,0,0,-2.62,429,19,451
17283,3584.23,0,0,0,0,65.41,429,20,451
17333,3628.45,0,0,0,0,-41.65,429,20,451
17383,3580.81,0,0,0,0,52.03,429,20,451
17433,3617.94,0,0,0,0,-33.72,429,20,451
17483,3581.66,0,0,0,0,29.32,429,20,451
17533,3618.82,0,0,0,0,-46.54,429,20,451
17583,3580.81,0,0,0,0,42.38,429,20,451
17633,3616.20,0,0,0,0,-24.25,429,20,451
17683,3579.95,0,0,0,0,38.87,429,20,451
17733,3618.82,0,0,0,0,-48.24,429,20,451
17783,3585.09,0,0,0,0,22.42,429,20,451
17833,3624.94,0,0,0,0,-34.70,429,20,451
17883,3591.09,0,0,0,0,-45.93,429,20,451
17933,3627.57,0,0,0,0,-45.91,429,20,451
17983,3591.09,0,0,0,0,-33.85,429,20,451
18033,3617.94,0,0,0,0,-36.28,429,20,451
18083,3581.66,0,0,0,0,43.28,429,20,451
18134,3617.94,0,0,0,0,-36.28,429,20,451
18184,3592.81,0,0,0,0,-33.83,429,20,451
18234,3616.20,0,0,0,0,-23.39,429,20,451
18284,3582.52,0,0,0,0,45.93,429,20,451
18334,3617.94,0,0,0,0,-36.28,429,20,451
18384,3581.66,0,0,0,0,37.16,429,20,451
18434,3618.82,0,0,0,0,-38.01,429,20,451
18484,3585.09,0,0,0,0,23.29,429,20,451
18534,3608.37,0,0,0,0,41.51,429,20,451
18584,3576.54,0,0,0,0,31.83,429,20,451
18634,3607.50,0,0,0,0,24.04,429,20,451
18684,3575.69,0,0,0,0,32.69,429,20,451
18734,3607.50,0,0,0,0,50.01,429,20,451
18784,3569.73,0,0,0,0,49.09,429,20,451
18834,3617.07,0,0,0,0,-35.41,429,20,451
18884,3590.23,0,0,0,0,-36.28,429,20,451
18934,3626.69,0,0,0,0,-44.18,429,20,451
18984,3591.09,0,0,0,0,-32.11,429,20,451
19034,3617.94,0,0,0,0,-35.43,429,20,451
19084,3574.83,0,0,0,0,33.54,429,20,451
19134,3617.07,0,0,0,0,-55.82,429,20,451
19184,3579.95,0,0,0,0,38.87,429,20,451
19234,3617.07,0,0,0,0,-34.56,429,20,451
19284,3579.95,0,0,0,0,38.87,429,20,451
19334,3617.07,0,0,0,0,-35.41,429,20,451
19384,3579.95,0,0,0,0,38.87,429,20,451
19434,3614.46,0,0,0,0,-21.64,429,20,451
19484,3579.95,0,0,0,0,44.99,429,20,451
19534,3617.94,0,0,0,0,-35.43,429,20,451
19584,3579.95,0,0,0,0,38.87,429,20,451
19634,3628.45,0,0,0,0,-45.93,429,20,451
19684,3591.95,0,0,0,0,-49.37,429,20,451
19734,3597.98,0,0,0,0,26.63,429,20,451
19784,3567.18,0,0,0,0,40.32,429,20,451
19834,3622.31,0,0,0,0,-2.62,429,21,451
19884,3576.54,0,0,0,0,31.83,429,21,451
19934,3608.37,0,0,0,0,41.27,429,21,451
19984,3581.66,0,0,0,0,35.41,429,21,451
20034,3616.20,0,0,0,0,-25.11,429,21,451
20084,3591.95,0,0,0,0,-45.89,429,21,451
20134,3617.94,0,0,0,0,-37.14,429,21,451
20184,3581.66,0,0,0,0,35.41,429,21,451
20234,3617.94,0,0,0,0,-36.28,429,21,451
20284,3581.66,0,0,0,0,36.28,429,21,451
20334,3608.37,0,0,0,0,30.17,429,21,451
20384,3581.66,0,0,0,0,35.41,429,21,451
20434,3608.37,0,0,0,0,29.30,429,21,451
20484,3581.66,0,0,0,0,35.41,429,21,451
20534,3617.94,0,0,0,0,-47.37,429,21,451
20584,3581.66,0,0,0,0,37.16,429,21,451
20634,3618.82,0,0,0,0,-45.69,429,21,451
20684,3581.66,0,0,0,0,47.66,429,21,451
20734,3628.45,0,0,0,0,-46.79,429,21,451
20784,3591.95,0,0,0,0,-39.95,429,21,451
20834,3617.94,0,0,0,0,-37.14,429,21,451
20884,3576.54,0,0,0,0,30.10,429,21,451
20934,3608.37,0,0,0,0,25.77,429,21,451
20984,3576.54,0,0,0,0,30.97,429,21,451
21035,3618.82,0,0,0,0,-39.72,429,21,451
21085,3581.66,0,0,0,0,37.16,429,21,451
21135,3617.94,0,0,0,0,-35.43,429,21,451
21185,3567.18,0,0,0,0,41.19,429,21,451
21235,3606.64,0,0,0,0,24.04,429,21,451
21285,3579.95,0,0,0,0,38.87,429,21,451
21335,3617.07,0,0,0,0,-45.64,429,21,451
21385,3590.23,0,0,0,0,-46.54,429,21,451
21435,3617.07,0,0,0,0,-34.56,429,21,451
21485,3569.73,0,0,0,0,49.09,429,21,451
21535,3608.37,0,0,0,0,51.76,429,21,451
21585,3576.54,0,0,0,0,31.83,429,21,451
21635,3580.81,0,0,0,0,31.04,429,21,451
21685,3544.42,0,0,1,0,408.15,437,22,513
21735,3544.42,0,0,1,0,475.95,445,23,571
21785,3546.10,0,0,1,0,404.39,452,24,627
21835,3555.34,0,0,1,0,460.72,460,25,673
21885,3545.26,0,0,1,0,405.23,467,26,727
21935,3543.59,0,0,1,0,472.48,475,27,774
21985,3617.94,0,0,0,0,113.40,477,27,778
22035,3579.95,0,0,0,0,170.05,479,27,780
22085,3614.46,0,0,0,0,106.70,481,27,786
22135,3569.73,0,0,0,0,161.61,483,27,791
22185,3604.90,0,0,-1,0,-138.00,484,28,791
22235,3552.82,0,0,1,0,63.38,484,30,791
22285,3618.82,0,0,0,0,-42.28,484,30,791
22335,3582.52,0,0,0,0,38.05,484,30,791
22385,3608.37,0,0,0,0,40.53,484,30,791
22435,3556.19,0,0,1,0,40.07,484,31,791
22486,3618.82,0,0,0,0,-49.94,484,31,791
22536,3579.95,0,0,0,0,38.87,484,31,791
22586,3631.96,0,0,0,0,-40.01,484,31,791
22636,3596.26,0,0,-1,0,-49.71,484,32,791
22686,3607.50,0,0,0,0,44.24,484,32,791
22736,3575.69,0,0,0,0,31.82,484,32,791
22786,3606.64,0,0,0,0,32.55,484,32,791
22836,3583.37,0,0,0,0,24.13,484,32,791
22886,3617.94,0,0,0,0,-45.67,484,32,791
22936,3581.66,0,0,0,0,46.79,484,32,791
22986,3608.37,0,0,0,0,29.30,484,32,791
23036,3568.03,0,0,0,0,38.61,484,32,791
23086,3599.71,0,0,1,0,41.01,484,33,791
23136,3563.79,0,0,0,0,35.92,484,34,791
23186,3618.82,0,0,0,0,-47.39,484,34,791
23236,3591.09,0,0,0,0,-47.37,484,34,791
23286,3617.94,0,0,0,0,-36.28,484,34,791
23336,3591.09,0,0,0,0,-36.28,484,34,791
23386,3617.07,0,0,0,0,-34.56,484,34,791
23436,3584.23,0,0,0,0,24.14,484,34,791
23486,3608.37,0,0,0,0,29.32,484,34,791
23536,3560.41,0,0,0,0,46.23,484,34,791
23586,3597.12,0,0,0,0,27.43,484,34,791
23636,3573.98,0,0,0,0,24.00,484,34,791
23686,3607.50,0,0,0,0,34.28,484,34,791
23736,3583.37,0,0,0,0,25.00,484,34,791
23786,3617.07,0,0,0,0,-35.41,484,34,791
23836,3580.81,0,0,0,0,43.26,484,34,791
23886,3607.50,0,0,0,0,40.42,484,34,791
23936,3564.64,0,0,0,0,32.48,484,34,791
23986,3608.37,0,0,0,0,50.57,484,34,791
24036,3561.25,0,0,0,0,48.85,484,35,791
24086,3607.50,0,0,0,0,49.14,484,35,791
24136,3568.88,0,0,0,0,39.49,484,35,791
24186,3606.64,0,0,0,0,24.90,484,35,791
24236,3575.69,0,0,0,0,32.69,484,35,791
24286,3617.07,0,0,0,0,-44.79,484,35,791
24336,3563.79,0,0,0,0,34.19,484,35,791
24386,3607.50,0,0,0,0,25.74,484,35,791
24436,3561.25,0,0,0,0,56.69,484,35,791
24486,3617.94,0,0,0,0,-46.52,484,35,791
24536,3576.54,0,0,0,0,31.83,484,35,791
24586,3608.37,0,0,0,0,28.45,484,35,791
24636,3575.69,0,0,0,0,31.82,484,35,791
24686,3606.64,0,0,0,0,39.55,484,35,791
24736,3563.79,0,0,0,0,33.33,484,35,791
24786,3608.37,0,0,0,0,26.58,484,35,791
24836,3581.66,0,0,0,0,37.16,484,35,791
24886,3616.20,0,0,0,0,-25.11,484,35,791
24936,3581.66,0,0,0,0,35.41,484,35,791
24986,3617.94,0,0,0,0,-37.14,484,35,791
25036,3581.66,0,0,0,0,35.41,484,35,791
25086,3597.98,0,0,0,0,25.74,484,35,791
25136,3597.12,0,0,0,0,24.00,484,35,791
25186,3545.26,0,0,1,0,308.80,490,36,824
25236,3545.26,0,0,1,0,292.04,495,37,852
25286,3545.26,0,0,1,0,302.87,500,38,879
25336,3544.42,0,0,1,0,269.46,504,39,902
25387,3544.42,0,0,1,0,277.23,507,40,924
25437,3609.24,0,-2,0,0,-325.78,510,40,924
25487,3566.33,0,0,0,0,196.84,514,40,924
25537,3610.98,0,0,0,0,121.29,516,40,929
25587,3590.23,0,-1,0,-5,-255.90,518,40,934
25637,3614.46,0,0,0,0,113.18,520,40,940
25687,3583.37,0,0,0,0,137.79,522,40,946
25737,3629.32,0,0,0,0,-58.75,522,40,946
25787,3567.18,0,0,0,0,33.39,522,40,946
25837,3597.98,0,0,0,0,22.24,522,40,946
25887,3568.03,0,0,0,0,36.87,522,40,946
25937,3608.37,0,0,0,0,36.25,522,40,946
25987,3573.13,0,0,0,0,24.85,522,40,946
26037,3617.94,0,0,0,0,-46.52,522,40,946
26087,3579.95,0,0,0,0,38.87,522,40,946
26137,3608.37,0,0,0,0,29.33,522,40,946
26187,3568.03,0,0,0,0,38.61,522,40,946
26237,3617.94,0,0,0,0,-47.37,522,40,946
26287,3591.95,0,0,0,0,-48.52,522,40,946
26337,3624.94,0,0,0,0,-33.85,522,40,946
26387,3591.09,0,0,0,0,-32.97,522,40,946
26437,3605.77,0,0,0,0,41.53,522,40,946
26487,3579.95,0,0,0,0,38.87,522,40,946
26537,3618.82,0,0,0,0,-47.39,522,40,946
26587,3565.49,0,0,0,0,30.77,522,40,946
26637,3618.82,0,0,0,0,-58.41,522,40,946
26687,3576.54,0,0,0,0,30.97,522,40,946
26737,3608.37,0,0,0,0,38.68,522,40,946
26787,3581.66,0,0,0,0,37.16,522,40,946
26838,3618.82,0,0,0,0,-42.28,522,40,946
26888,3567.18,0,0,0,0,41.19,522,40,946
26938,3606.64,0,0,0,0,29.32,522,40,946
26988,3584.23,0,0,0,0,24.14,522,40,946
27038,3596.26,0,0,0,0,28.45,522,40,946
27088,3568.03,0,0,0,0,38.61,522,40,946
27138,3608.37,0,0,0,0,40.40,522,40,946
27188,3576.54,0,0,0,0,31.83,522,40,946
27238,3617.94,0,0,0,0,-36.28,522,40,946
27288,3576.54,0,0,0,0,31.83,522,40,946
27338,3607.50,0,0,0,0,25.73,522,40,946
27388,3580.81,0,0,0,0,38.01,522,40,946
27438,3606.64,0,0,0,0,28.46,522,40,946
27488,3575.69,0,0,0,0,11.97,522,40,946
27538,3607.50,0,0,0,0,35.11,522,40,946
27588,3568.03,0,0,0,0,38.61,522,40,946
27638,3609.24,0,0,1,0,42.68,522,41,946
27688,3585.09,0,0,0,0,22.42,522,41,946
27738,3617.94,0,0,0,0,-36.28,522,41,946
27788,3581.66,0,0,0,0,37.16,522,41,946
27838,3617.94,0,0,0,0,-32.86,522,41,946
27888,3629.32,0,0,0,0,-71.45,522,42,946
27938,3607.50,0,0,0,0,40.42,522,42,946
27988,3579.95,0,0,0,0,38.87,522,42,946
28038,3617.07,0,0,0,0,-34.56,522,42,946
28088,3591.09,0,0,0,0,-33.85,522,42,946
28138,3624.94,0,0,0,0,-32.99,522,42,946
28188,3581.66,0,0,0,0,36.28,522,42,946
28238,3597.12,0,0,0,0,29.32,522,42,946
28288,3577.39,0,0,0,0,30.98,522,42,946
28338,3606.64,0,0,0,0,30.18,522,42,946
28388,3575.69,0,0,0,0,31.82,522,42,946
28438,3608.37,0,0,0,0,50.86,522,42,946
28488,3585.09,0,0,0,0,22.42,522,42,946
28538,3597.98,0,0,0,0,31.04,522,42,946
28588,3566.33,0,0,0,0,29.06,522,42,946
28638,3607.50,0,0,0,0,25.73,522,42,946
28688,3608.37,0,0,0,0,30.11,522,42,946
28739,3794.59,-1,-2,0,0,-250.16,533,43,1007
28789,3580.81,0,0,0,0,34.52,533,43,1007
28839,3606.64,0,0,0,0,40.36,533,43,1007
28889,3608.37,0,0,0,0,40.30,533,43,1007
28939,3544.42,0,0,1,0,479.18,542,44,1073
28989,3545.26,0,0,1,0,405.23,549,45,1129
29039,3545.26,0,0,1,0,424.04,556,46,1180
29089,3545.26,0,0,1,0,385.56,563,47,1226
29139,3545.26,0,0,1,0,356.92,569,48,1259
29189,3544.42,0,0,1,0,295.82,574,49,1289
29239,3581.66,0,0,0,0,33.67,574,50,1289
29289,3617.94,0,0,0,0,-36.28,574,50,1289
29339,3584.23,0,0,0,0,24.14,574,50,1289
29389,3618.82,0,0,0,0,-36.30,574,50,1289
29440,3581.66,0,0,0,0,37.16,574,50,1289
29490,3617.94,0,0,0,0,-29.43,574,50,1289
29540,3582.52,0,0,0,0,45.93,574,50,1289
29590,3615.33,0,0,0,0,-24.23,574,50,1289
29640,3571.43,0,0,0,0,46.52,574,50,1289
29690,3597.12,0,0,0,0,27.56,574,50,1289
29740,3567.18,0,0,0,0,37.72,574,50,1289
29790,3597.98,0,0,0,0,23.89,574,50,1289
29840,3568.88,0,0,0,0,39.49,574,51,1289
29890,3618.82,0,0,0,0,-38.87,574,51,1289
29940,3571.43,0,0,0,0,47.39,574,51,1289
29990,3617.94,0,0,0,0,-36.28,574,51,1289
30040,3576.54,0,0,0,0,31.83,574,51,1289
30090,3618.82,0,0,0,0,-42.28,574,51,1289
30140,3582.52,0,0,0,0,46.81,574,51,1289
30190,3607.50,0,0,0,0,36.28,574,51,1289
30240,3564.64,0,0,0,0,33.35,574,51,1289
30290,3607.50,0,0,0,0,41.21,574,51,1289
30340,3568.03,0,0,0,0,39.47,574,51,1289
30390,3607.50,0,0,0,0,33.39,574,51,1289
30440,3580.81,0,0,0,0,38.01,574,51,1289
30490,3617.94,0,0,0,0,-37.14,574,51,1289
30540,3582.52,0,0,0,0,48.56,574,51,1289
30590,3597.98,0,0,0,0,23.03,574,51,1289
30640,3576.54,0,0,0,0,30.97,574,51,1289
30690,3607.50,0,0,0,0,27.59,574,51,1289
30740,3572.28,0,0,0,0,25.71,574,51,1289
30790,3617.94,0,0,0,0,-46.52,574,51,1289
30840,3585.09,0,0,0,0,23.29,574,51,1289
30891,3629.32,0,0,0,0,-48.52,574,51,1289
30941,3590.23,0,0,0,0,-29.44,574,51,1289
30991,3616.20,0,0,0,0,-34.54,574,51,1289
31041,3580.81,0,0,0,0,48.52,574,51,1289
31091,3596.26,0,0,0,0,37.17,574,51,1289
31141,3557.03,0,0,1,0,30.63,574,53,1289
31191,3609.24,0,0,1,0,41.88,574,54,1289
31241,3581.66,0,0,0,0,36.28,574,54,1289
31291,3608.37,0,0,0,0,57.05,574,54,1289
31341,3573.13,0,0,0,0,23.99,574,54,1289
31391,3617.07,0,0,0,0,-35.41,574,54,1289
31441,3570.58,0,0,0,0,47.37,574,54,1289
31491,3606.64,0,0,0,0,38.03,574,54,1289
31541,3567.18,0,0,0,0,41.19,574,54,1289
31591,3607.50,0,0,0,0,40.38,574,54,1289
31641,3585.09,0,0,0,0,22.42,574,54,1289
31691,3608.37,0,0,0,0,41.25,574,54,1289
31741,3576.54,0,0,0,0,31.83,574,54,1289
31791,3618.82,0,0,0,0,-33.73,574,54,1289
31841,3581.66,0,0,0,0,37.16,574,54,1289
31891,3617.94,0,0,0,0,-36.28,574,54,1289
31941,3591.95,0,0,0,0,-40.57,574,54,1289
31991,3617.94,0,0,0,0,-36.28,574,54,1289
32041,3581.66,0,0,0,0,37.16,574,54,1289
32091,3617.94,0,0,0,0,-46.52,574,54,1289
32141,3581.66,0,0,0,0,37.16,574,54,1289
32191,3617.94,0,0,0,0,-36.28,574,54,1289
32241,3571.43,0,0,0,0,47.39,574,54,1289
32291,3608.37,0,0,0,0,48.26,574,54,1289
32342,3574.83,0,0,0,0,33.54,574,54,1289
32392,3606.64,0,0,0,0,32.55,574,54,1289
32442,3574.83,0,0,0,0,33.54,574,54,1289
32492,3618.82,0,0,0,0,-49.09,574,54,1289
32542,3581.66,0,0,0,0,36.28,574,54,1289
32592,3597.98,0,0,0,0,30.16,574,54,1289
32642,3568.03,0,0,0,0,38.61,574,54,1289
32692,3618.82,0,0,0,0,-47.39,574,54,1289
32742,3585.09,0,0,0,0,23.29,574,54,1289
32792,3617.94,0,0,0,0,-46.52,574,54,1289
32842,3571.43,0,0,0,0,47.39,574,54,1289
32892,3618.82,0,0,0,0,-37.16,574,54,1289
32942,3618.82,0,0,0,0,-31.16,574,54,1289
32992,3783.10,0,-2,0,0,-77.57,580,54,1317
33042,3811.94,0,-2,0,-6,-108.24,586,54,1360
33092,3736.92,0,-1,0,0,-35.96,591,54,1403
33142,3612.72,0,0,0,0,197.29,595,54,1428
33192,3545.26,0,0,1,0,342.76,600,55,1459
33242,3545.26,0,0,1,0,315.74,605,56,1489
33292,3558.72,0,0,1,0,45.32,605,57,1489
33342,3596.26,0,0,0,0,19.71,605,57,1489
33392,3572.28,0,0,0,0,39.57,605,57,1489
33442,3628.45,0,0,0,0,-44.22,605,57,1489
33492,3571.43,0,0,0,0,49.14,605,57,1489
33542,3599.71,0,0,1,0,36.68,605,58,1489
33592,3566.33,0,0,0,0,30.79,605,58,1489
33642,3606.64,0,0,0,0,47.10,605,58,1489
33692,3570.58,0,0,0,0,47.37,605,58,1489
33742,3616.20,0,0,0,0,-33.68,605,58,1489
33792,3591.09,0,0,0,0,-32.97,605,58,1489
33842,3606.64,0,0,0,0,37.17,605,58,1489
33892,3583.37,0,0,0,0,24.13,605,58,1489
33942,3606.64,0,0,0,0,35.92,605,58,1489
33992,3571.43,0,0,0,0,44.77,605,58,1489
34042,3607.50,0,0,0,0,35.92,605,58,1489
34092,3571.43,0,0,0,0,47.39,605,58,1489
34142,3617.94,0,0,0,0,-41.41,605,58,1489
34192,3568.88,0,0,0,0,39.49,605,58,1489
34242,3606.64,0,0,0,0,32.55,605,58,1489
34292,3574.83,0,0,0,0,33.54,605,58,1489
34342,3618.82,0,0,0,0,-37.16,605,58,1489
34392,3570.58,0,0,0,0,48.24,605,58,1489
34442,3589.38,0,0,0,0,-43.28,605,59,1489
34492,3559.56,0,0,1,0,50.55,605,61,1489
34542,3599.71,0,0,1,0,41.88,605,62,1489
34592,3568.03,0,0,0,0,38.61,605,62,1489
34642,3618.82,0,0,0,0,-38.87,605,62,1489
34692,3591.95,0,0,0,0,-37.97,605,62,1489
34742,3626.69,0,0,0,0,-36.46,605,62,1489
34792,3591.09,0,0,0,0,-37.99,605,62,1489
34842,3618.82,0,0,0,0,-38.87,605,62,1489
34892,3571.43,0,0,0,0,45.64,605,62,1489
34942,3618.82,0,0,0,0,-38.01,605,62,1489
34992,3582.52,0,0,0,0,31.94,605,62,1489
35042,3618.82,0,0,0,0,-38.01,605,62,1489
35092,3571.43,0,0,0,0,46.52,605,62,1489
35142,3618.82,0,0,0,0,-48.24,605,62,1489
35192,3581.66,0,0,0,0,35.41,605,62,1489
35243,3618.82,0,0,0,0,-35.44,605,62,1489
35293,3581.66,0,0,0,0,35.41,605,62,1489
35343,3624.06,0,0,0,0,-32.97,605,62,1489
35393,3591.09,0,0,0,0,-32.11,605,62,1489
35443,3626.69,0,0,0,0,-44.18,605,62,1489
35493,3590.23,0,0,0,0,-39.95,605,62,1489
35543,3629.32,0,0,0,0,-47.66,605,62,1489
35593,3581.66,0,0,0,0,46.79,605,62,1489
35643,3607.50,0,0,0,0,38.62,605,62,1489
35693,3574.83,0,0,0,0,33.54,605,62,1489
35743,3617.07,0,0,0,0,-35.41,605,62,1489
35793,3591.09,0,0,0,0,-49.37,605,62,1489
35843,3616.20,0,0,0,0,-24.25,605,62,1489
35893,3591.95,0,0,0,0,-39.72,605,62,1489
35943,3618.82,0,0,0,0,-36.30,605,62,1489
35993,3581.66,0,0,0,0,47.66,605,62,1489
36043,3617.94,0,0,0,0,-36.28,605,62,1489
36093,3571.43,0,0,0,0,47.39,605,62,1489
36143,3598.85,0,0,1,0,31.49,605,63,1489
36193,3575.69,0,0,0,0,31.82,605,63,1489
36243,3617.94,0,0,0,0,-33.72,605,63,1489
36293,3580.81,0,0,0,0,47.64,605,63,1489
36343,3615.33,0,0,0,0,-23.37,605,63,1489
36393,3580.81,0,0,0,0,37.14,605,63,1489
36443,3617.07,0,0,0,0,-35.41,605,63,1489
36493,3579.95,0,0,0,0,36.25,605,63,1489
36543,3617.07,0,0,0,0,-45.64,605,63,1489
36593,3583.37,0,0,0,0,25.00,605,63,1489
36643,3616.20,0,0,0,0,-34.54,605,63,1489
36694,3580.81,0,0,0,0,44.13,605,63,1489
36744,3617.07,0,0,0,0,-40.53,605,63,1489
36794,3580.81,0,0,0,0,38.01,605,63,1489
36844,3626.69,0,0,0,0,-45.03,605,63,1489
36894,3590.23,0,0,0,0,-37.16,605,63,1489
36944,3628.45,0,0,0,0,-46.79,605,63,1489
36994,3580.81,0,0,0,0,48.52,605,63,1489
37044,3618.82,0,0,0,0,-46.54,605,63,1489
37094,3618.82,0,0,0,0,-38.87,605,63,1489
37144,3545.26,0,0,1,0,403.15,614,64,1560
37194,3765.06,0,-2,0,-1,184.39,623,64,1615
37244,3546.10,0,0,1,0,399.19,632,65,1692
37294,3544.42,0,0,1,0,549.46,641,66,1740
37344,3546.10,0,0,1,0,311.93,645,67,1767
37394,3545.26,0,0,1,0,303.85,650,68,1795
37444,3545.26,0,0,1,0,350.84,655,69,1825
37494,3545.26,0,0,1,0,342.76,660,70,1855
37544,3546.10,0,0,1,0,338.90,665,71,1885
37594,3544.42,0,0,1,0,313.60,671,72,1933
37644,3581.66,0,0,0,0,47.66,672,72,1936
37694,3617.94,0,0,0,0,-29.43,672,72,1936
37744,3581.66,0,0,0,0,46.79,672,72,1936
37794,3608.37,0,0,0,0,28.45,672,72,1936
37844,3572.28,0,0,0,0,49.16,672,72,1936
37894,3617.94,0,0,0,0,-34.57,672,72,1936
37944,3571.43,0,0,0,0,40.42,672,72,1936
37994,3618.82,0,0,0,0,-40.57,672,72,1936
38044,3581.66,0,0,0,0,41.53,672,72,1936
38094,3616.20,0,0,0,0,-21.66,672,72,1936
38144,3571.43,0,0,0,0,40.42,672,72,1936
38194,3606.64,0,0,0,0,41.21,672,72,1936
38244,3570.58,0,0,0,0,47.37,672,72,1936
38294,3608.37,0,0,0,0,40.36,672,72,1936
38344,3579.95,0,0,0,0,38.87,672,72,1936
38394,3618.82,0,0,0,0,-47.39,672,72,1936
38444,3581.66,0,0,0,0,37.16,672,72,1936
38494,3618.82,0,0,0,0,-38.87,672,72,1936
38544,3580.81,0,0,0,0,47.64,672,72,1936
38594,3627.57,0,0,0,0,-45.91,672,72,1936
38644,3591.09,0,0,0,0,-33.83,672,72,1936
38694,3616.20,0,0,0,0,-24.25,672,72,1936
38744,3555.34,0,0,1,0,32.31,672,73,1936
38794,3598.85,0,0,1,0,47.76,672,74,1936
38844,3571.43,0,0,0,0,47.39,672,74,1936
38894,3624.06,0,0,0,0,-32.11,672,74,1936
38944,3591.95,0,0,0,0,-48.52,672,74,1936
38994,3607.50,0,0,0,0,38.01,672,74,1936
39044,3581.66,0,0,0,0,37.16,672,74,1936
39094,3624.06,0,0,0,0,-33.83,672,74,1936
39144,3557.03,0,0,1,0,40.09,672,75,1936
39194,3650.52,0,0,-1,0,-119.45,672,77,1936
39244,3579.95,0,0,0,0,38.87,672,77,1936
39294,3617.94,0,0,0,0,-35.43,672,77,1936
39344,3575.69,0,0,0,0,32.69,672,77,1936
39394,3617.94,0,0,0,0,-46.52,672,77,1936
39444,3580.81,0,0,0,0,48.52,672,77,1936
39494,3615.33,0,0,0,0,-22.51,672,77,1936
39544,3581.66,0,0,0,0,46.79,672,77,1936
39595,3618.82,0,0,0,0,-37.16,672,77,1936
39645,3581.66,0,0,0,0,47.66,672,77,1936
39695,3617.94,0,0,0,0,-36.28,672,77,1936
39745,3585.09,0,0,0,0,22.42,672,77,1936
39795,3618.82,0,0,0,0,-42.28,672,77,1936
39845,3576.54,0,0,0,0,31.83,672,77,1936
39895,3597.12,0,0,0,0,49.14,672,77,1936
39945,3564.64,0,0,0,0,32.48,672,77,1936
39995,3618.82,0,0,0,0,-49.09,672,77,1936
40045,3581.66,0,0,0,0,35.41,672,77,1936
40095,3537.74,0,0,1,0,22.67,672,78,1936
40145,3378.38,0,2,0,0,84.23,676,78,1936
40195,3342.99,0,3,0,4,79.32,681,78,1941
40245,3445.90,0,2,0,0,107.76,687,79,1958
40295,3413.75,0,2,0,0,64.11,692,79,1959
40345,3541.91,0,0,1,0,-88.87,694,80,1959
40395,3507.95,0,1,0,0,65.18,696,80,1959
40445,3598.85,0,0,1,0,60.11,696,81,1959
40495,3539.41,0,0,1,0,60.31,696,83,1959
40545,3579.10,0,0,0,0,-43.03,696,84,1959
40595,3507.95,0,1,0,0,60.93,697,84,1959
40645,3551.98,0,0,1,0,-44.03,698,86,1959
40695,3517.00,0,1,0,0,44.25,700,86,1959
40745,3591.09,0,1,0,0,56.98,701,86,1959
40795,3546.10,0,0,1,0,41.56,701,88,1959
40845,3597.98,0,0,1,0,48.32,701,89,1959
40896,3516.17,0,1,0,0,51.01,702,90,1959
40946,3562.10,0,0,0,0,-55.79,703,90,1959
40996,3572.28,0,0,0,0,-57.75,704,90,1959
41046,3517.82,0,1,0,0,187.71,710,90,1992
41096,3585.09,0,0,0,0,-47.35,712,91,1992
41146,3543.59,0,0,1,0,58.72,712,93,1992
41196,3481.09,0,1,0,0,59.15,713,94,1992
41246,3527.75,0,0,0,0,45.38,713,94,1994
41296,3587.66,0,0,0,0,-54.09,713,95,1994
41346,3537.74,0,0,1,0,39.66,713,97,1994
41396,3577.39,0,0,0,0,-36.31,713,98,1994
41446,3536.07,0,0,1,0,43.88,713,100,1994
41496,3589.38,0,0,0,0,-63.28,713,100,1994
41546,3546.10,0,0,1,0,43.28,713,102,1994
41596,3590.23,0,0,1,0,41.62,713,103,1994
41646,3557.87,0,0,1,0,40.97,713,105,1994
41696,3598.85,0,0,1,0,42.42,713,106,1994
41746,3557.03,0,0,1,0,41.82,713,108,1994
41796,3589.38,0,0,0,0,-40.76,713,109,1994
41846,3535.23,0,0,1,0,54.14,713,111,1994
41896,3589.38,0,0,0,0,-49.13,713,112,1994
41946,3555.34,0,0,1,0,34.03,713,114,1994
41996,3600.58,0,0,1,0,51.14,713,115,1994
42046,3557.03,0,0,1,0,42.68,713,117,1994
42096,3587.66,0,0,0,0,-39.04,713,118,1994
42146,3546.94,0,0,1,0,41.58,713,120,1994
42196,3588.52,0,0,0,0,-51.61,713,121,1994
42246,3599.71,0,0,1,0,44.93,713,122,1994
42296,3544.42,0,0,1,0,454.51,722,123,2058
42346,3546.10,0,0,1,0,364.22,729,124,2109
42396,3544.42,0,0,1,0,282.11,733,125,2138
42446,3596.26,0,-2,0,-2,-343.44,737,125,2140
42496,3557.87,0,0,1,0,90.87,738,127,2142
42546,3597.98,0,0,1,0,28.10,738,128,2142
42596,3548.62,0,0,1,0,48.51,738,129,2142
42646,3599.71,0,0,1,0,44.37,738,130,2142
42696,3555.34,0,0,1,0,33.17,738,132,2142
42746,3589.38,0,0,0,0,-31.50,738,133,2142
42796,3546.94,0,0,1,0,42.44,738,135,2142
42846,3588.52,0,0,0,0,-46.60,738,136,2142
42896,3541.08,0,0,1,0,56.91,738,138,2142
42946,3588.52,0,0,0,0,-39.06,738,139,2142
42996,3549.46,0,0,1,0,48.53,738,141,2142
43046,3597.12,0,0,0,0,31.65,738,141,2142
43096,3564.64,0,0,0,0,32.48,738,141,2142
43146,3608.37,0,0,0,0,32.50,738,141,2142
43196,3560.41,0,0,0,0,47.96,738,142,2142
43246,3597.12,0,0,0,0,35.07,738,142,2142
43296,3547.78,0,0,1,0,51.94,738,144,2142
43346,3598.85,0,0,1,0,43.52,738,145,2142
43396,3557.87,0,0,1,0,40.97,738,147,2142
43446,3597.98,0,0,1,0,32.34,738,148,2142
43496,3546.94,0,0,1,0,40.72,738,150,2142
43546,3588.52,0,0,0,0,-39.90,738,151,2142
43596,3555.34,0,0,1,0,44.37,738,153,2142
43646,3609.24,0,0,1,0,50.28,738,154,2142
43696,3551.14,0,0,1,0,58.97,738,156,2142
43746,3597.98,0,0,1,0,41.82,738,157,2142
43796,3556.19,0,0,1,0,40.93,738,158,2142
43846,3589.38,0,0,0,0,-34.03,738,159,2142
43896,3599.71,0,0,1,0,45.79,738,160,2142
43947,3546.10,0,0,1,0,404.39,747,161,2200
43997,3545.26,0,0,1,0,420.89,754,162,2251
44047,3409.09,0,2,0,0,460.88,762,162,2295
44097,3591.09,0,-1,0,-2,-194.27,763,163,2297
44147,3551.98,0,0,1,0,119.99,764,164,2303
44197,3597.98,0,0,0,0,4.27,764,164,2303
44247,3559.56,0,0,1,0,51.41,764,166,2303
44297,3597.12,0,0,0,0,49.70,764,166,2303
44347,3565.49,0,0,0,0,34.23,764,167,2303
44397,3597.12,0,0,0,0,29.06,764,167,2303
44447,3630.20,0,0,0,0,-92.47,764,168,2303
44497,3587.66,0,0,0,0,-27.25,764,168,2303
44547,3549.46,0,0,1,0,50.26,764,170,2303
44597,3587.66,0,0,0,0,-40.72,764,171,2303
44647,3557.87,0,0,1,0,40.11,764,173,2303
44697,3599.71,0,0,1,0,41.82,764,174,2303
44747,3556.19,0,0,1,0,42.66,764,176,2303
44797,3597.98,0,0,0,0,34.21,764,176,2303
44847,3566.33,0,0,0,0,23.04,764,177,2303
44897,3597.98,0,0,1,0,40.72,764,178,2303
44947,3546.94,0,0,1,0,40.72,764,180,2303
44997,3578.24,0,0,0,0,-41.34,764,181,2303
45047,3536.90,0,0,1,0,50.76,764,183,2303
45097,3598.85,0,0,1,0,40.78,764,184,2303
45147,3564.64,0,0,0,0,34.21,764,185,2303
45197,3589.38,0,0,0,0,-44.11,764,186,2303
45247,3575.69,0,0,0,0,-14.43,764,187,2303
45297,3599.71,0,0,1,0,38.35,764,188,2303
45347,3551.14,0,0,1,0,58.97,764,190,2303
45398,3588.52,0,0,0,0,-31.49,764,191,2303
45448,3549.46,0,0,1,0,48.53,764,193,2303
45498,3589.38,0,0,0,0,-32.34,764,194,2303
45548,3547.78,0,0,1,0,51.94,764,196,2303
45598,3589.38,0,0,0,0,-44.11,764,197,2303
45648,3600.58,0,0,1,0,37.40,764,198,2303
45698,3546.10,0,0,1,0,405.43,773,199,2363
45748,3607.50,0,-2,0,0,-223.80,775,200,2363
45798,3541.91,0,0,1,0,183.87,778,201,2371
45848,3591.09,0,0,1,0,5.01,778,202,2371
45898,3545.26,0,0,1,0,43.26,778,204,2371
45948,3599.71,0,0,1,0,48.51,778,205,2371
45998,3550.30,0,0,1,0,53.74,778,207,2371
46048,3600.58,0,0,1,0,50.28,778,208,2371
46098,3565.49,0,0,0,0,32.50,778,209,2371
46148,3597.98,0,0,0,0,32.50,778,209,2371
46198,3564.64,0,0,0,0,33.35,778,209,2371
46248,3599.71,0,0,1,0,41.80,778,210,2371
46298,3561.25,0,0,0,0,48.85,778,211,2371
46348,3599.71,0,0,1,0,39.25,778,212,2371
46398,3556.19,0,0,1,0,42.66,778,214,2371
46448,3597.12,0,0,0,0,35.92,778,214,2371
46498,3546.10,0,0,1,0,43.28,778,216,2371
46548,3587.66,0,0,0,0,-36.52,778,217,2371
46598,44776.12,-14273,-535,0,-13743,-41229.18,1313,219,16114
46648,3597.12,0,-1,0,0,-20.36,1315,219,16312
46698,3563.79,0,0,0,0,35.92,1315,220,16312
46748,3599.71,0,0,1,0,39.21,1315,221,16312
46798,3556.19,0,0,1,0,43.52,1315,223,16312
46848,3608.37,0,0,1,0,38.39,1315,224,16312
46898,3559.56,0,0,1,0,49.68,1315,226,16312
46948,3589.38,0,0,0,0,-29.81,1315,227,16312
46998,3547.78,0,0,1,0,50.21,1315,228,16312
47048,3599.71,0,0,1,0,40.93,1315,229,16312
47098,3551.98,0,0,1,0,54.66,1315,230,16312
47148,3597.98,0,0,0,0,47.96,1315,230,16312
47198,3558.72,0,0,1,0,49.65,1315,231,16312
47248,3590.23,0,0,1,0,32.31,1315,232,16312
47299,3546.94,0,0,1,0,42.44,1315,234,16312
47349,3588.52,0,0,0,0,-39.06,1315,235,16312
47399,3546.94,0,0,1,0,40.72,1315,237,16312
47449,3546.94,0,0,1,0,39.86,1315,238,16312
47499,3543.59,0,0,1,0,259.66,1319,239,16340
47549,3546.94,0,0,1,0,216.23,1322,240,16340
47599,3595.40,0,0,-1,-4,-167.47,1323,241,16344
47649,3539.41,0,0,1,0,73.31,1323,243,16344
47699,3579.10,0,0,0,0,-28.80,1323,244,16344
47749,3540.24,0,0,1,0,54.30,1323,246,16344
47799,3589.38,0,0,0,0,-39.92,1323,247,16344
47849,3557.87,0,0,1,0,40.11,1323,249,16344
47899,3607.50,0,0,0,0,46.23,1323,249,16344
47949,3559.56,0,0,1,0,47.94,1323,250,16344
48000,3606.64,0,0,0,0,57.56,1323,250,16344
48050,3550.30,0,0,1,0,47.69,1323,252,16344
48100,3599.71,0,0,1,0,30.63,1323,253,16344
48150,3545.26,0,0,1,0,44.11,1323,255,16344
48200,3599.71,0,0,1,0,41.80,1323,256,16344
48250,3565.49,0,0,0,0,33.36,1323,257,16344
48300,3596.26,0,0,0,0,29.91,1323,257,16344
48350,3557.87,0,0,1,0,38.39,1323,258,16344
48400,3598.85,0,0,1,0,40.93,1323,259,16344
48450,3540.24,0,0,1,0,58.61,1323,261,16344
48500,3589.38,0,0,0,0,-44.11,1323,262,16344
48550,3545.26,0,0,1,0,44.11,1323,264,16344
48600,3589.38,0,0,0,0,-33.19,1323,265,16344
48650,3551.14,0,0,1,0,58.97,1323,267,16344
48700,3610.11,0,0,0,0,-53.08,1323,268,16344
48750,3556.19,0,0,1,0,33.19,1323,270,16344
48800,3589.38,0,0,0,0,-53.31,1323,271,16344
48850,3535.23,0,0,1,0,54.14,1323,273,16344
48900,3599.71,0,0,1,0,44.11,1323,274,16344
48950,3564.64,0,0,0,0,34.21,1323,275,16344
49000,3610.11,0,0,0,0,-50.55,1323,276,16344
49050,3560.41,0,0,0,0,47.96,1323,277,16344
49100,3607.50,0,0,0,0,29.93,1323,277,16344
49150,3610.11,0,0,0,0,-53.08,1323,278,16344
49200,3546.10,0,0,1,0,399.19,1332,279,16418
49250,3597.12,0,-2,0,0,-236.05,1334,280,16418
49300,3558.72,0,0,1,0,167.06,1337,281,16425
49350,3601.44,0,0,0,0,-111.21,1337,281,16425
49400,3549.46,0,0,1,0,66.74,1337,283,16425
49451,3579.10,0,0,0,0,-29.64,1337,284,16425
49501,3540.24,0,0,1,0,53.43,1337,286,16425
49551,3587.66,0,0,0,0,-37.36,1337,287,16425
49601,3557.03,0,0,1,0,41.82,1337,289,16425
49651,3599.71,0,0,1,0,40.95,1337,290,16425
49701,3563.79,0,0,0,0,35.06,1337,290,16425
49751,3607.50,0,0,0,0,31.62,1337,290,16425
49801,3549.46,0,0,1,0,50.26,1337,292,16425
49851,3588.52,0,0,0,0,-41.58,1337,293,16425
49901,3557.03,0,0,1,0,31.49,1337,295,16425
49951,3599.71,0,0,1,0,47.67,1337,296,16425
50001,3555.34,0,0,1,0,31.46,1337,297,16425
50051,3598.85,0,0,1,0,50.21,1337,298,16425
50101,3559.56,0,0,1,0,41.01,1337,300,16425
50151,3606.64,0,0,0,0,47.96,1337,300,16425
50201,3564.64,0,0,0,0,35.07,1337,301,16425
50251,3597.12,0,0,0,0,31.62,1337,301,16425
50301,3557.87,0,0,1,0,40.11,1337,302,16425
50351,3606.64,0,0,0,0,32.50,1337,302,16425
50401,3579.95,0,0,0,0,37.99,1337,302,16425
50451,3631.08,0,0,0,0,-39.13,1337,302,16425
50501,3594.54,0,0,-1,0,-45.42,1337,303,16425
50551,3626.69,0,0,0,0,-24.39,1337,303,16425
50601,3591.95,0,0,0,0,-25.19,1337,303,16425
50651,3618.82,0,0,0,0,-38.87,1337,303,16425
50701,3581.66,0,0,0,0,45.91,1337,303,16425
50751,3616.20,0,0,0,0,-25.11,1337,303,16425
50801,3579.95,0,0,0,0,38.87,1337,303,16425
50851,3618.82,0,0,0,0,-38.87,1337,303,16425
50902,3580.81,0,0,0,0,49.40,1337,303,16425
50952,3631.96,0,0,0,0,-39.15,1337,303,16425
51002,3591.09,0,0,0,0,-32.00,1337,303,16425
51052,3606.64,0,0,0,0,48.29,1337,303,16425
51102,3575.69,0,0,0,0,32.69,1337,303,16425
51152,3618.82,0,0,0,0,-49.09,1337,303,16425
51202,3585.09,0,0,0,0,21.55,1337,303,16425
51252,3618.82,0,0,0,0,-48.24,1337,303,16425
51302,3581.66,0,0,0,0,35.41,1337,303,16425
51352,3616.20,0,0,0,0,-25.11,1337,303,16425
51402,3591.09,0,0,0,0,-52.21,1337,303,16425
51452,3616.20,0,0,0,0,-33.68,1337,303,16425
51502,3569.73,0,0,0,0,49.09,1337,303,16425
51552,3608.37,0,0,0,0,48.22,1337,303,16425
51602,3576.54,0,0,0,0,30.10,1337,303,16425
51652,3617.94,0,0,0,0,-48.22,1337,303,16425
51702,3571.43,0,0,0,0,48.26,1337,303,16425
51752,3618.82,0,0,0,0,-38.01,1337,303,16425
51802,3581.66,0,0,0,0,45.91,1337,303,16425
51852,3616.20,0,0,0,0,-25.11,1337,303,16425
51902,3582.52,0,0,0,0,45.05,1337,303,16425
51952,3624.06,0,0,0,0,-32.97,1337,303,16425
52002,3591.09,0,0,0,0,-39.93,1337,303,16425
52052,3617.07,0,0,0,0,-35.41,1337,303,16425
52102,3569.73,0,0,0,0,49.09,1337,303,16425
52152,3618.82,0,0,0,0,-47.39,1337,303,16425
52202,3591.09,0,0,0,0,-41.41,1337,303,16425
52252,3627.57,0,0,0,0,-45.05,1337,303,16425
52302,3575.69,0,0,0,0,32.69,1337,303,16425
52352,3570.58,0,0,0,0,45.62,1337,303,16425
52402,3545.26,0,0,1,0,401.07,1345,304,16489
52452,3544.42,0,0,1,0,549.46,1354,305,16552
52502,3705.53,0,-1,0,0,240.80,1363,305,16611
52552,3545.26,0,0,1,0,397.96,1371,306,16684
52602,3543.59,0,0,1,0,600.06,1381,307,16736
52652,3765.06,0,-2,0,-1,180.23,1391,307,16798
52702,3544.42,0,0,1,0,315.59,1397,308,16830
52752,3545.26,0,0,1,0,337.73,1402,309,16860
52802,3544.42,0,0,1,0,326.54,1407,310,16890
52852,3545.26,0,0,1,0,362.01,1412,311,16923
52902,3546.10,0,0,1,0,375.47,1418,312,16956
52952,3545.26,0,0,1,0,426.15,1424,313,16993
53002,3616.20,0,0,0,0,87.50,1425,314,16996
53052,3571.43,0,0,0,0,113.17,1427,314,17001
53102,3625.82,0,0,0,0,24.71,1427,316,17001
53152,3573.98,0,0,0,0,97.09,1427,317,17001
53202,3633.72,0,0,0,0,5.29,1427,318,17001
53252,3585.09,0,0,0,0,75.24,1427,320,17001
53302,3607.50,0,0,0,0,45.03,1427,320,17001
53352,3572.28,0,0,0,0,39.57,1427,320,17001
53402,3617.94,0,0,0,0,-32.00,1427,320,17001
53452,3591.95,0,0,0,0,-27.62,1427,320,17001
53502,3616.20,0,0,0,0,-22.53,1427,320,17001
53552,3581.66,0,0,0,0,41.53,1427,320,17001
53602,3608.37,0,0,0,0,29.23,1427,320,17001
53652,3580.81,0,0,0,0,38.01,1427,320,17001
53702,3624.94,0,0,0,0,-32.99,1427,320,17001
53752,3592.81,0,0,0,0,-43.36,1427,320,17001
53803,3626.69,0,0,0,0,-25.25,1427,320,17001
53853,3582.52,0,0,0,0,46.81,1427,320,17001
53903,3618.82,0,0,0,0,-30.30,1427,320,17001
53953,3576.54,0,0,0,0,28.36,1427,320,17001
54003,3618.82,0,0,0,0,-43.13,1427,320,17001
54053,3581.66,0,0,0,0,35.41,1427,320,17001
54103,3618.82,0,0,0,0,-38.87,1427,320,17001
54153,3571.43,0,0,0,0,45.64,1427,320,17001
54203,3628.45,0,0,0,0,-47.64,1427,320,17001
54253,3591.95,0,0,0,0,-31.13,1427,320,17001
54303,3629.32,0,0,0,0,-49.37,1427,320,17001
54353,3580.81,0,0,0,0,37.14,1427,320,17001
54403,3618.82,0,0,0,0,-37.16,1427,320,17001
54453,3577.39,0,0,0,0,30.98,1427,320,17001
54503,3608.37,0,0,0,0,37.12,1427,320,17001
54553,3571.43,0,0,0,0,45.64,1427,320,17001
54603,3624.06,0,0,0,0,-33.83,1427,320,17001
54653,3591.95,0,0,0,0,-50.18,1427,320,17001
54703,3624.06,0,0,0,0,-32.97,1427,320,17001
54753,3575.69,0,0,0,0,31.82,1427,320,17001
54803,3608.37,0,0,0,0,40.30,1427,320,17001
54853,3573.98,0,0,0,0,22.28,1427,320,17001
54903,3617.94,0,0,0,0,-32.86,1427,320,17001
54953,3594.54,0,0,0,0,-129.35,1427,321,17001
55003,3624.94,0,0,0,0,-33.85,1427,321,17001
55053,3581.66,0,0,0,0,35.41,1427,321,17001
55103,3618.82,0,0,0,0,-38.87,1427,321,17001
55153,3571.43,0,0,0,0,46.52,1427,321,17001
55203,3617.94,0,0,0,0,-37.14,1427,321,17001
55254,3581.66,0,0,0,0,35.41,1427,321,17001
55304,3628.45,0,0,0,0,-47.64,1427,321,17001
55354,3592.81,0,-1,0,-5,-181.14,1429,321,17006
55404,3628.45,0,0,0,0,-47.64,1429,321,17006
55454,3583.37,0,0,0,0,25.00,1429,321,17006
55504,3607.50,0,0,0,0,37.16,1429,321,17006
55554,3581.66,0,0,0,0,37.16,1429,321,17006
55604,3617.94,0,0,0,0,-33.72,1429,321,17006
55654,3581.66,0,0,0,0,47.66,1429,321,17006
55704,3624.06,0,0,0,0,-32.11,1429,321,17006
55754,3579.95,0,0,0,0,43.24,1429,321,17006
55804,3614.46,0,0,0,0,-22.50,1429,321,17006
55854,3567.18,0,0,0,0,41.19,1429,321,17006
55904,3608.37,0,0,0,0,38.59,1429,321,17006
55954,3571.43,0,0,0,0,45.64,1429,321,17006
56004,3618.82,0,0,0,0,-49.09,1429,321,17006
56054,3571.43,0,0,0,0,45.64,1429,321,17006
56104,3608.37,0,0,0,0,30.08,1429,321,17006
56154,3581.66,0,0,0,0,36.28,1429,321,17006
56204,3608.37,0,0,0,0,28.36,1429,321,17006
56254,3581.66,0,0,0,0,37.16,1429,321,17006
56304,3629.32,0,0,0,0,-47.66,1429,321,17006
56354,3581.66,0,0,0,0,46.79,1429,321,17006
56404,3624.94,0,0,0,0,-32.13,1429,321,17006
56454,3585.09,0,0,0,0,22.42,1429,321,17006
56504,3618.82,0,0,0,0,-37.16,1429,321,17006
56554,3591.95,0,0,0,0,-44.84,1429,321,17006
56604,3624.94,0,0,0,0,-32.99,1429,321,17006
56654,3591.95,0,0,0,0,-26.07,1429,321,17006
56704,3628.45,0,0,0,0,-47.64,1429,321,17006
56754,3581.66,0,0,0,0,36.28,1429,321,17006
56804,3597.12,0,0,0,0,23.26,1429,321,17006
56854,3568.03,0,0,0,0,38.61,1429,321,17006
56904,3617.94,0,0,0,0,-48.22,1429,321,17006
56954,3585.09,0,0,0,0,24.15,1429,321,17006
57004,3632.84,0,0,0,0,-40.89,1429,321,17006
57054,3591.95,0,0,0,0,-49.59,1429,321,17006
57104,3629.32,0,0,0,0,-48.52,1429,321,17006
57154,3571.43,0,0,0,0,47.39,1429,321,17006
57204,3608.37,0,0,0,0,38.59,1429,321,17006
57254,3576.54,0,0,0,0,30.97,1429,321,17006
57304,3607.50,0,0,0,0,19.82,1429,321,17006
57354,3573.98,0,0,0,0,24.87,1429,321,17006
57404,3617.94,0,0,0,0,-32.86,1429,321,17006
57454,3591.95,0,0,0,0,-33.73,1429,321,17006
57504,3624.94,0,0,0,0,-32.99,1429,321,17006
57554,3581.66,0,0,0,0,36.28,1429,321,17006
57604,3608.37,0,0,0,0,27.50,1429,321,17006
57654,3579.95,0,0,0,0,38.87,1429,321,17006
57704,3618.82,0,0,0,0,-33.73,1429,321,17006
57754,3608.37,0,0,0,0,42.28,1429,321,17006
57804,3546.10,0,0,1,0,400.23,1438,322,17066
57854,3544.42,0,0,1,0,539.43,1447,323,17126
57904,3545.26,0,0,1,0,402.11,1455,324,17185
57954,3618.82,0,0,0,0,130.25,1456,325,17186
58004,3587.66,0,0,0,0,198.31,1460,325,17186
58054,3619.69,0,0,0,0,177.78,1463,325,17186
58104,3544.42,0,0,1,0,286.02,1467,326,17212
58155,3606.64,0,-2,0,0,-336.90,1470,326,17212
58205,3577.39,0,0,0,0,192.40,1474,326,17212
58255,3616.20,0,0,0,0,109.58,1476,326,17218
58305,3577.39,0,0,0,0,167.93,1478,326,17222
58355,3619.69,0,0,0,0,96.86,1480,326,17229
58405,3578.24,0,0,0,0,139.23,1482,326,17236
58455,3616.20,0,0,0,0,102.19,1484,326,17242
58505,3592.81,0,0,0,0,-41.59,1484,326,17242
58555,3628.45,0,0,0,0,-40.79,1484,326,17242
58605,3580.81,0,0,0,0,31.04,1484,326,17242
58655,3618.82,0,0,0,0,-43.13,1484,326,17242
58705,3581.66,0,0,0,0,34.54,1484,326,17242
58755,3608.37,0,0,0,0,40.59,1484,326,17242
58805,3581.66,0,0,0,0,35.41,1484,326,17242
58855,3616.20,0,0,0,0,-25.97,1484,326,17242
58905,3581.66,0,0,0,0,35.41,1484,326,17242
58955,3608.37,0,0,0,0,38.87,1484,326,17242
59005,3581.66,0,0,0,0,35.41,1484,326,17242
59055,3628.45,0,0,0,0,-47.64,1484,326,17242
59105,3580.81,0,0,0,0,47.64,1484,326,17242
59155,3608.37,0,0,0,0,44.18,1484,326,17242
59205,3576.54,0,0,0,0,30.97,1484,326,17242
59255,3608.37,0,0,0,0,46.47,1484,326,17242
59305,3559.56,0,0,1,0,46.21,1484,327,17242
59355,3526.92,0,0,0,0,49.62,1484,327,17242
59405,3569.73,0,0,0,0,42.99,1484,327,17242
59455,3617.94,0,0,0,0,-41.41,1484,327,17242
59505,3579.95,0,0,0,0,48.49,1484,327,17242
59555,3632.84,0,0,0,0,-40.89,1484,327,17242
59606,3591.95,0,0,0,0,-53.07,1484,327,17242
59656,3618.82,0,0,0,0,-38.87,1484,327,17242
59706,3581.66,0,0,0,0,36.28,1484,327,17242
59756,3597.98,0,0,0,0,45.03,1484,327,17242
59806,3581.66,0,0,0,0,33.67,1484,327,17242
59856,3608.37,0,0,0,0,30.94,1484,327,17242
59906,3577.39,0,0,0,0,30.11,1484,327,17242
59956,3608.37,0,0,0,0,27.50,1484,327,17242
60006,3574.83,0,0,0,0,33.54,1484,327,17242
60056,3617.07,0,0,0,0,-44.79,1484,327,17242
60106,3579.95,0,0,0,0,38.87,1484,327,17242
60156,3617.07,0,0,0,0,-45.64,1484,327,17242
60206,3570.58,0,0,0,0,48.24,1484,327,17242
60256,3616.20,0,0,0,0,-34.54,1484,327,17242
60306,3570.58,0,0,0,0,48.24,1484,327,17242
60356,3608.37,0,0,0,0,45.62,1484,327,17242
60406,3575.69,0,0,0,0,30.95,1484,327,17242
60456,3608.37,0,0,0,0,36.27,1484,327,17242
60506,3581.66,0,0,0,0,35.41,1484,327,17242
60556,3628.45,0,0,0,0,-47.64,1484,327,17242
60606,3591.95,0,0,0,0,-43.38,1484,327,17242
60656,3628.45,0,0,0,0,-46.79,1484,327,17242
60706,3591.09,0,0,0,0,-41.41,1484,327,17242
60756,3623.19,0,0,0,0,-31.23,1484,327,17242
60806,3579.95,0,0,0,0,49.37,1484,327,17242
60856,3606.64,0,0,0,0,30.97,1484,327,17242
60906,3567.18,0,0,0,0,41.19,1484,327,17242
60956,3618.82,0,0,0,0,-52.48,1484,327,17242
61006,3581.66,0,0,0,0,35.41,1484,327,17242
61056,3617.94,0,0,0,0,-37.14,1484,327,17242
61106,3581.66,0,0,0,0,36.28,1484,327,17242
61156,3618.82,0,0,0,0,-48.24,1484,327,17242
61206,3576.54,0,0,0,0,30.10,1484,327,17242
61256,3629.32,0,0,0,0,-49.37,1484,327,17242
61306,3581.66,0,0,0,0,34.54,1484,327,17242
61356,3624.94,0,0,0,0,-33.85,1484,327,17242
61406,3591.09,0,0,0,0,-30.26,1484,327,17242
61456,3617.94,0,0,0,0,-37.14,1484,327,17242
61506,3572.28,0,0,0,0,44.79,1484,327,17242
61556,3617.94,0,0,0,0,-48.22,1484,327,17242
61606,3576.54,0,0,0,0,30.10,1484,327,17242
61656,3608.37,0,0,0,0,48.22,1484,327,17242
61706,3571.43,0,0,0,0,46.52,1484,327,17242
61756,3618.82,0,0,0,0,-37.16,1484,327,17242
61806,3591.95,0,0,0,0,-29.53,1484,327,17242
61856,3617.94,0,0,0,0,-37.14,1484,327,17242
61906,3571.43,0,0,0,0,47.39,1484,327,17242
61956,3607.50,0,0,0,0,28.36,1484,327,17242
62006,3571.43,0,0,0,0,47.39,1484,327,17242
62056,3618.82,0,0,0,0,-47.39,1484,327,17242
62106,3573.13,0,0,0,0,24.85,1484,327,17242
62156,3617.94,0,0,0,0,-46.52,1484,327,17242
62206,3580.81,0,0,0,0,38.01,1484,327,17242
62256,3582.52,0,0,0,0,45.05,1484,327,17242
62306,3545.26,0,0,1,0,402.11,1493,328,17311
62356,3544.42,0,0,1,0,590.09,1502,329,17377
62406,3545.26,0,0,1,0,400.03,1510,330,17441
62456,3544.42,0,0,1,0,558.42,1519,331,17490
62507,3545.26,0,0,1,0,402.11,1527,332,17549
62557,3543.59,0,0,1,0,575.03,1536,333,17603
62607,3472.22,0,1,0,0,585.12,1546,333,17675
62657,3544.42,0,0,1,0,552.82,1555,334,17735
62707,3545.26,0,0,1,0,402.11,1563,335,17795
62757,3544.42,0,0,1,0,494.35,1571,336,17840
62807,3546.10,0,0,1,0,400.23,1578,337,17893
62857,3577.39,0,0,0,0,158.60,1579,338,17894
62907,3616.20,0,0,0,0,78.38,1581,338,17900
62957,3578.24,0,0,0,0,106.35,1583,338,17904
63007,3614.46,0,0,0,0,57.51,1583,338,17904
63057,3574.83,0,0,0,0,109.76,1585,338,17907
63107,3617.94,0,0,0,0,63.94,1586,339,17907
63157,3582.52,0,0,0,0,48.56,1586,339,17907
63207,3624.06,0,0,0,0,-32.97,1586,339,17907
63257,3581.66,0,0,0,0,34.54,1586,339,17907
63307,3608.37,0,0,0,0,36.08,1586,339,17907
63357,3571.43,0,0,0,0,42.16,1586,339,17907
63407,3618.82,0,0,0,0,-31.16,1586,339,17907
63457,3581.66,0,0,0,0,47.66,1586,339,17907
63507,3617.94,0,0,0,0,-36.28,1586,339,17907
63557,3571.43,0,0,0,0,47.39,1586,339,17907
63607,3607.50,0,0,0,0,32.80,1586,339,17907
63657,3582.52,0,0,0,0,35.43,1586,339,17907
63707,3617.94,0,0,0,0,-46.52,1586,339,17907
63757,3572.28,0,0,0,0,25.71,1586,339,17907
63807,3606.64,0,0,0,0,21.42,1586,339,17907
63857,3569.73,0,0,0,0,49.09,1586,339,17907
63907,3608.37,0,0,0,0,48.22,1586,339,17907
63958,3581.66,0,0,0,0,35.41,1586,339,17907
64008,3618.82,0,0,0,0,-38.87,1586,339,17907
64058,3581.66,0,0,0,0,35.41,1586,339,17907
64108,3629.32,0,0,0,0,-49.37,1586,339,17907
64158,3591.95,0,0,0,0,-31.14,1586,339,17907
64208,3624.94,0,0,0,0,-32.99,1586,339,17907
64258,3570.58,0,0,0,0,47.37,1586,339,17907
64308,3608.37,0,0,0,0,38.59,1586,339,17907
64358,3571.43,0,0,0,0,45.64,1586,339,17907
64408,3607.50,0,0,0,0,47.34,1586,339,17907
64458,3576.54,0,0,0,0,30.97,1586,339,17907
64508,3617.94,0,0,0,0,-36.28,1586,339,17907
64558,3581.66,0,0,0,0,37.16,1586,339,17907
64608,3608.37,0,0,0,0,32.80,1586,339,17907
64658,3581.66,0,0,0,0,37.16,1586,339,17907
64708,3617.94,0,0,0,0,-36.28,1586,339,17907
64758,3566.33,0,0,0,0,42.04,1586,339,17907
64808,3618.82,0,0,0,0,-47.39,1586,339,17907
64858,3580.81,0,0,0,0,38.01,1586,339,17907
64908,3617.94,0,0,0,0,-46.52,1586,339,17907
64958,3575.69,0,0,0,0,31.82,1586,339,17907
65008,3598.85,0,0,0,0,37.74,1586,339,17907
65058,3576.54,0,0,0,0,30.10,1586,339,17907
65108,3618.82,0,0,0,0,-49.09,1586,339,17907
65158,3585.09,0,0,0,0,21.55,1586,339,17907
65208,3616.20,0,0,0,0,-25.11,1586,339,17907
65258,3581.66,0,0,0,0,35.41,1586,339,17907
65308,3628.45,0,0,0,0,-47.64,1586,339,17907
65358,3582.52,0,0,0,0,46.81,1586,339,17907
65408,3619.69,0,0,0,0,-38.88,1586,339,17907
65458,3581.66,0,0,0,0,37.16,1586,339,17907
65508,3607.50,0,0,0,0,44.75,1586,339,17907
65558,3571.43,0,0,0,0,45.64,1586,339,17907
65608,3608.37,0,0,0,0,38.59,1586,339,17907
65658,3565.49,0,0,0,0,32.50,1586,339,17907
65708,3606.64,0,0,0,0,38.61,1586,339,17907
65758,3583.37,0,0,0,0,24.13,1586,339,17907
65808,3617.94,0,0,0,0,-41.41,1586,339,17907
65858,3569.73,0,0,0,0,49.09,1586,339,17907
65908,3617.94,0,0,0,0,-42.26,1586,339,17907
65958,3591.95,0,0,0,0,-40.53,1586,339,17907
66008,3608.37,0,0,0,0,37.99,1586,339,17907
66058,3568.03,0,0,0,0,38.61,1586,339,17907
66108,3599.71,0,0,1,0,47.92,1586,340,17907
66158,3573.98,0,0,0,0,23.14,1586,340,17907
66208,3567.18,0,0,0,0,0.85,1586,340,17907
66258,3579.95,0,0,0,0,31.89,1586,340,17907
66308,3581.66,0,0,0,0,36.28,1586,340,17907
66358,3545.26,0,0,1,0,402.11,1595,341,17975
66408,3544.42,0,0,1,0,551.70,1604,342,18038
66458,3545.26,0,0,1,0,400.03,1612,343,18098
66508,3544.42,0,0,1,0,480.26,1620,344,18142
66558,3545.26,0,0,1,0,402.11,1627,345,18195
66608,3545.26,0,0,1,0,416.70,1634,346,18235
66658,3623.19,0,0,0,0,126.81,1636,346,18237
66708,3564.64,0,0,0,0,98.37,1637,347,18238
66758,3607.50,0,0,0,0,-7.70,1637,347,18238
66808,3579.95,0,0,0,0,30.16,1637,347,18238
66859,3607.50,0,0,0,0,43.94,1637,347,18238
66909,3580.81,0,0,0,0,32.78,1637,347,18238
66959,3616.20,0,0,0,0,-28.54,1637,347,18238
67009,3580.81,0,0,0,0,51.15,1637,347,18238
67059,3617.07,0,0,0,0,-33.70,1637,347,18238
67109,3580.81,0,0,0,0,31.04,1637,347,18238
67159,3597.98,0,0,0,0,29.20,1637,347,18238
67209,3576.54,0,0,0,0,30.10,1637,347,18238
67259,3618.82,0,0,0,0,-49.09,1637,347,18238
67309,3571.43,0,0,0,0,45.64,1637,347,18238
67359,3618.82,0,0,0,0,-38.01,1637,347,18238
67409,3571.43,0,0,0,0,45.64,1637,347,18238
67459,3608.37,0,0,0,0,29.25,1637,347,18238
67509,3568.03,0,0,0,0,40.34,1637,347,18238
67559,3608.37,0,0,0,0,45.64,1637,347,18238
67609,3583.37,0,0,0,0,25.00,1637,347,18238
67659,3618.82,0,0,0,0,-37.16,1637,347,18238
67709,3581.66,0,0,0,0,36.28,1637,347,18238
67759,3565.49,0,0,0,0,-3.39,1637,347,18238
67809,3546.94,0,0,1,0,31.31,1637,349,18238
67859,3608.37,0,0,1,0,38.39,1637,350,18238
67909,3575.69,0,0,0,0,31.82,1637,350,18238
67959,3627.57,0,0,0,0,-56.14,1637,350,18238
68009,3590.23,0,0,0,0,-43.13,1637,350,18238
68059,3626.69,0,0,0,0,-45.03,1637,350,18238
68109,3574.83,0,0,0,0,31.80,1637,350,18238
68159,3596.26,0,0,0,0,31.83,1637,350,18238
68209,3583.37,0,0,0,0,25.00,1637,350,18238
68259,3608.37,0,0,0,0,30.98,1637,350,18238
68310,3546.94,0,0,1,0,28.75,1637,351,18238
68360,3597.98,0,0,1,0,30.61,1637,352,18238
68410,3563.79,0,0,0,0,34.19,1637,352,18238
68460,3617.94,0,0,0,0,-42.26,1637,352,18238
68510,3581.66,0,0,0,0,35.41,1637,352,18238
68560,3629.32,0,0,0,0,-49.37,1637,352,18238
68610,3568.03,0,0,0,0,38.61,1637,352,18238
68660,3597.98,0,0,0,0,46.23,1637,352,18238
68710,3568.88,0,0,0,0,39.49,1637,352,18238
68760,3617.07,0,0,0,0,-49.04,1637,352,18238
68810,3564.64,0,0,0,0,33.35,1637,352,18238
68860,3607.50,0,0,0,0,30.76,1637,352,18238
68910,3571.43,0,0,0,0,45.64,1637,352,18238
68960,3608.37,0,0,0,0,35.39,1637,352,18238
69010,3581.66,0,0,0,0,47.66,1637,352,18238
69060,3616.20,0,0,0,0,-24.25,1637,352,18238
69110,3573.98,0,0,0,0,22.28,1637,352,18238
69160,3608.37,0,0,0,0,29.23,1637,352,18238
69210,3571.43,0,0,0,0,47.39,1637,352,18238
69260,3608.37,0,0,0,0,44.77,1637,352,18238
69310,3583.37,0,0,0,0,24.13,1637,352,18238
69360,3607.50,0,0,0,0,44.77,1637,352,18238
69410,3565.49,0,0,0,0,32.50,1637,353,18238
69460,3617.94,0,0,0,0,-39.70,1637,353,18238
69510,3568.03,0,0,0,0,40.34,1637,353,18238
69560,3598.85,0,0,1,0,46.21,1637,354,18238
69610,3607.50,0,0,0,0,29.97,1637,354,18238
69660,3545.26,0,0,1,0,401.07,1646,355,18301
69710,3543.59,0,0,1,0,604.64,1656,356,18364
69760,3766.01,0,-2,0,-1,178.25,1666,356,18428
69810,3544.42,0,0,1,0,316.58,1672,357,18461
69860,3357.21,0,3,0,0,478.13,1680,357,18488
69910,3610.11,0,0,0,0,172.04,1682,358,18499
69960,3587.66,0,0,0,0,196.40,1686,358,18499
70010,3629.32,0,0,0,0,156.64,1690,358,18499
70060,3544.42,0,0,1,0,287.97,1695,359,18525
70110,3617.94,0,0,0,0,-34.57,1695,360,18525
70160,3570.58,0,0,0,0,47.37,1695,360,18525
70210,3596.26,0,0,0,0,39.40,1695,360,18525
70260,3406.77,0,2,0,0,111.88,1698,361,18525
70310,3347.47,0,3,0,1,32.43,1704,361,18526
70360,3198.98,4,5,0,3,62.60,1717,361,18533
70410,3112.68,0,6,0,3,66.63,1728,361,18536
70460,3007.82,2,7,0,1,23.71,1748,361,18540
70510,2919.42,0,8,0,1,27.53,1764,361,18544
70560,2781.38,10,10,0,2,57.91,1792,361,18549
70610,2698.81,5,11,0,2,58.54,1813,361,18552
70661,2616.43,4,12,0,2,60.23,1837,361,18554
70711,2536.35,0,13,0,2,64.20,1862,361,18556
70761,2459.82,0,14,0,2,53.58,1890,361,18558
70811,2376.43,0,15,0,2,59.43,1920,361,18560
70861,2294.28,1,16,0,2,64.58,1952,361,18562
70912,2218.61,6,17,0,2,60.34,1986,361,18564
70962,2139.80,12,18,0,2,62.84,2022,361,18566
71012,2062.99,20,19,0,2,58.95,2060,361,18568
71062,2046.11,0,20,0,0,16.88,2080,361,18568
71112,1967.73,10,21,0,0,20.34,2121,361,18570
71162,1911.80,0,21,0,1,55.93,2142,361,18571
71212,1835.09,9,22,0,1,61.01,2186,361,18572
71262,1819.51,0,23,0,0,15.58,2209,361,18572
71312,1746.62,11,24,0,0,16.42,2256,361,18573
71362,1684.64,0,24,0,1,61.99,2280,361,18574
71412,1612.56,21,25,0,1,59.31,2330,361,18575
71462,1599.32,9,26,0,0,13.24,2356,361,18575
71512,1537.04,0,26,0,1,62.27,2382,361,18576
71562,1526.10,0,26,0,0,10.95,2408,361,18576
71612,1454.05,21,27,0,0,8.08,2462,361,18577
71662,1389.53,16,28,0,1,64.52,2490,361,18578
71712,1380.20,8,28,0,0,9.33,2518,361,18578
71762,1315.44,6,29,0,1,64.76,2547,361,18579
71812,1307.42,2,29,0,0,8.03,2576,361,18579
71862,1239.87,2,30,0,1,67.54,2606,361,18580
71912,1233.25,0,30,0,0,6.63,2636,361,18580
71962,1165.05,3,31,0,1,68.20,2667,361,18581
72012,1159.38,3,31,0,0,5.67,2698,361,18581
72062,1088.46,11,32,0,1,70.92,2730,361,18582
72112,1085.93,16,32,0,0,2.52,2762,361,18582
72162,1021.17,26,33,0,1,64.76,2795,361,18583
72212,1021.17,0,33,0,1,64.76,2795,361,18583
72262,1005.97,0,33,0,0,15.20,2828,361,18583
72312,932.31,4,34,0,1,73.65,2862,361,18584
72363,926.73,15,34,0,0,5.59,2896,361,18584
72413,926.73,0,34,0,0,5.59,2896,361,18584
72463,841.23,0,35,0,1,85.50,2931,361,18585
72513,863.91,6,35,0,0,-22.67,2966,361,18585
72563,775.51,35,36,0,1,88.39,3002,361,18586
72613,775.51,0,36,0,1,88.39,3002,361,18586
72663,757.77,14,36,0,0,17.75,3038,361,18586
72713,757.77,0,36,0,0,17.75,3038,361,18586
72763,687.88,2,37,0,0,69.88,3075,361,18586
72813,687.88,0,37,0,0,69.88,3075,361,18586
72863,660.12,0,38,0,0,27.76,3113,361,18586
72913,660.12,0,38,0,0,27.76,3113,361,18586
72963,581.91,0,39,0,0,78.21,3152,361,18586
73013,581.91,0,39,0,0,78.21,3152,361,18586
73063,546.61,8,39,0,0,35.31,3191,361,18586
73113,546.61,0,39,0,0,35.31,3191,361,18586
73163,546.61,0,39,0,0,35.31,3191,361,18586
73213,450.49,0,40,0,0,96.12,3231,361,18586
73263,450.49,0,40,0,0,96.12,3231,361,18586
73313,450.49,0,40,0,0,96.12,3231,361,18586
73363,397.33,0,41,0,0,53.16,3272,361,18586
73413,397.33,0,41,0,0,53.16,3272,361,18586
73463,397.33,0,41,0,0,53.16,3272,361,18586
73513,397.33,0,41,0,0,53.16,3272,361,18586
74654,44.86,0,41,0,0,53.16,3272,361,18586
74704,44.86,0,41,0,0,53.16,3272,361,18586
74754,44.86,0,41,0,0,53.16,3272,361,18586
74804,44.86,0,41,0,0,53.16,3272,361,18586
74854,44.86,0,41,0,0,53.16,3272,361,18586
74904,0.00,0,41,0,0,53.16,3272,361,18586
74954,0.00,0,41,0,0,53.16,3272,361,18586
75004,0.00,0,41,0,0,53.16,3272,361,18586
75054,0.00,0,41,0,0,53.16,3272,361,18586
75104,0.00,0,41,0,0,53.16,3272,361,18586
75154,0.00,0,41,0,0,53.16,3272,361,18586
75204,0.00,0,41,0,0,53.16,3272,361,18586
75254,0.00,0,41,0,0,53.16,3272,361,18586
75304,0.00,0,41,0,0,53.16,3272,361,18586
75354,0.00,0,41,0,0,53.16,3272,361,18586
75404,0.00,0,41,0,0,53.16,3272,361,18586
75454,0.00,0,41,0,0,53.16,3272,361,18586
75504,0.00,0,41,0,0,53.16,3272,361,18586
75554,0.00,0,41,0,0,53.16,3272,361,18586
75604,0.00,0,41,0,0,53.16,3272,361,18586
75654,0.00,0,41,0,0,53.16,3272,361,18586
75704,0.00,0,41,0,0,53.16,3272,361,18586
75754,0.00,0,41,0,0,53.16,3272,361,18586
75804,0.00,0,41,0,0,53.16,3272,361,18586
75854,0.00,0,41,0,0,53.16,3272,361,18586
75904,0.00,0,41,0,0,53.16,3272,361,18586
75954,0.00,0,41,0,0,53.16,3272,361,18586
76004,0.00,0,41,0,0,53.16,3272,361,18586
76054,0.00,0,41,0,0,53.16,3272,361,18586
76104,0.00,0,41,0,0,53.16,3272,361,18586
76154,0.00,0,41,0,0,53.16,3272,361,18586
76204,0.00,0,41,0,0,53.16,3272,361,18586
76254,0.00,0,41,0,0,53.16,3272,361,18586
76304,0.00,0,41,0,0,53.16,3272,361,18586
76354,0.00,0,41,0,0,53.16,3272,361,18586
76404,0.00,0,41,0,0,53.16,3272,361,18586
76454,0.00,0,41,0,0,53.16,3272,361,18586
76504,0.00,0,41,0,0,53.16,3272,361,18586
76554,0.00,0,41,0,0,53.16,3272,361,18586
76604,0.00,0,41,0,0,53.16,3272,361,18586
76654,0.00,0,41,0,0,53.16,3272,361,18586
76704,0.00,0,41,0,0,53.16,3272,361,18586
76754,0.00,0,41,0,0,53.16,3272,361,18586
76804,0.00,0,41,0,0,53.16,3272,361,18586
76854,0.00,0,41,0,0,53.16,3272,361,18586
76904,0.00,0,41,0,0,53.16,3272,361,18586
76954,0.00,0,41,0,0,53.16,3272,361,18586
77004,0.00,0,41,0,0,53.16,3272,361,18586
77054,0.00,0,41,0,0,53.16,3272,361,18586
77104,0.00,0,41,0,0,53.16,3272,361,18586
77154,0.00,0,41,0,0,53.16,3272,361,18586
77204,0.00,0,41,0,0,53.16,3272,361,18586
77254,0.00,0,41,0,0,53.16,3272,361,18586
77304,0.00,0,41,0,0,53.16,3272,361,18586
77355,0.00,0,41,0,0,53.16,3272,361,18586
77405,0.00,0,41,0,0,53.16,3272,361,18586
77455,0.00,0,41,0,0,53.16,3272,361,18586
77505,0.00,0,41,0,0,53.16,3272,361,18586
77555,0.00,0,41,0,0,53.16,3272,361,18586
77605,0.00,0,41,0,0,53.16,3272,361,18586
77655,0.00,0,41,0,0,53.16,3272,361,18586
77705,0.00,0,41,0,0,53.16,3272,361,18586
77755,0.00,0,41,0,0,53.16,3272,361,18586
77805,0.00,0,41,0,0,53.16,3272,361,18586
77855,0.00,0,41,0,0,53.16,3272,361,18586
77905,0.00,0,41,0,0,53.16,3272,361,18586
77955,0.00,0,41,0,0,53.16,3272,361,18586
78005,0.00,0,41,0,0,53.16,3272,361,18586
78055,0.00,0,41,0,0,53.16,3272,361,18586
78105,0.00,0,41,0,0,53.16,3272,361,18586
78155,0.00,0,41,0,0,53.16,3272,361,18586
78205,0.00,0,41,0,0,53.16,3272,361,18586
78255,0.00,0,41,0,0,53.16,3272,361,18586
78305,0.00,0,41,0,0,53.16,3272,361,18586
78355,0.00,0,41,0,0,53.16,3272,361,18586
78405,0.00,0,41,0,0,53.16,3272,361,18586
78455,0.00,0,41,0,0,53.16,3272,361,18586
78505,0.00,0,41,0,0,53.16,3272,361,18586
78555,0.00,0,41,0,0,53.16,3272,361,18586
78605,0.00,0,41,0,0,53.16,3272,361,18586
78655,0.00,0,41,0,0,53.16,3272,361,18586
78705,0.00,0,41,0,0,53.16,3272,361,18586
78755,0.00,0,41,0,0,53.16,3272,361,18586
78806,0.00,0,41,0,0,53.16,3272,361,18586
78856,0.00,0,41,0,0,53.16,3272,361,18586
78906,0.00,0,41,0,0,53.16,3272,361,18586
78956,0.00,0,41,0,0,53.16,3272,361,18586
79006,0.00,0,41,0,0,53.16,3272,361,18586
79056,0.00,0,41,0,0,53.16,3272,361,18586
79106,0.00,0,41,0,0,53.16,3272,361,18586
79156,0.00,0,41,0,0,53.16,3272,361,18586
79206,0.00,0,41,0,0,53.16,3272,361,18586
79256,0.00,0,41,0,0,53.16,3272,361,18586
79306,0.00,0,41,0,0,53.16,3272,361,18586
79356,0.00,0,41,0,0,53.16,3272,361,18586
79406,0.00,0,41,0,0,53.16,3272,361,18586
79456,0.00,0,41,0,0,53.16,3272,361,18586
79506,0.00,0,41,0,0,53.16,3272,361,18586
79556,0.00,0,41,0,0,53.16,3272,361,18586
79606,0.00,0,41,0,0,53.16,3272,361,18586
79656,0.00,0,41,0,0,53.16,3272,361,18586
79706,0.00,0,41,0,0,53.16,3272,361,18586
79756,0.00,0,41,0,0,53.16,3272,361,18586
79806,0.00,0,41,0,0,53.16,3272,361,18586
79856,0.00,0,41,0,0,53.16,3272,361,18586
79906,0.00,0,41,0,0,53.16,3272,361,18586
79956,0.00,0,41,0,0,53.16,3272,361,18586
80006,0.00,0,41,0,0,53.16,3272,361,18586
80056,0.00,0,41,0,0,53.16,3272,361,18586
80106,0.00,0,41,0,0,53.16,3272,361,18586
80156,0.00,0,41,0,0,53.16,3272,361,18586
80206,0.00,0,41,0,0,53.16,3272,361,18586
80256,0.00,0,41,0,0,53.16,3272,361,18586
80306,0.00,0,41,0,0,53.16,3272,361,18586
80356,0.00,0,41,0,0,53.16,3272,361,18586
