Mechanical Governor - Constant Load (1500 W)
Trial: 1
Date: 3-31-2023
Time: 12:30 PM
Ambient Temp: 82
Head Temp: 216.1

------ Microcontroller Engine Governor - Version: 1.16 ------
-------------------------------------------------------------
PID Gains:        Kp: 0.013000   Ki: 0.025000   Kd: 1.000000
-------------------------------------------------------------
Set RPM:             3600    |  Min RPM:                300
                             |
RPM Precision        10       |  PID I Precision:         70
                             |
Start Steps:         850     |  Max Steps:               1200
                             |
RPM Calc Interval:   1       |  Num Magnets:             1
                             |
LCD Update Interval: 400     |  Serial Update Interval:  50
-------------------------------------------------------------

Time,RPM,Steps Remaining, PID p, PID i, PID d, RPM Change, P Cmd, I Cmd, D Cmd
1226,0.00,0,0,0,0,0.00,0,0,0
1276,0.00,0,0,0,0,0.00,0,0,0
1326,0.00,0,0,0,0,0.00,0,0,0
1376,0.00,0,0,0,0,0.00,0,0,0
1426,0.00,0,0,0,0,0.00,0,0,0
1476,0.00,0,0,0,0,0.00,0,0,0
1526,0.00,0,0,0,0,0.00,0,0,0
1576,0.00,0,0,0,0,0.00,0,0,0
1626,0.00,0,0,0,0,0.00,0,0,0
1676,0.00,0,0,0,0,0.00,0,0,0
1726,0.00,0,0,0,0,0.00,0,0,0
1776,0.00,0,0,0,0,0.00,0,0,0
1826,0.00,0,0,0,0,0.00,0,0,0
1876,0.00,0,0,0,0,0.00,0,0,0
1926,0.00,0,0,0,0,0.00,0,0,0
1976,0.00,0,0,0,0,0.00,0,0,0
2026,0.00,0,0,0,0,0.00,0,0,0
2076,0.00,0,0,0,0,0.00,0,0,0
2126,0.00,0,0,0,0,0.00,0,0,0
2176,0.00,0,0,0,0,0.00,0,0,0
2226,0.00,0,0,0,0,0.00,0,0,0
2276,0.00,0,0,0,0,0.00,0,0,0
2326,0.00,0,0,0,0,0.00,0,0,0
2376,0.00,0,0,0,0,0.00,0,0,0
2426,0.00,0,0,0,0,0.00,0,0,0
2476,0.00,0,0,0,0,0.00,0,0,0
2526,0.00,0,0,0,0,0.00,0,0,0
2576,0.00,0,0,0,0,0.00,0,0,0
2626,0.00,0,0,0,0,0.00,0,0,0
2676,0.00,0,0,0,0,0.00,0,0,0
2726,0.00,0,0,0,0,0.00,0,0,0
2776,0.00,0,0,0,0,0.00,0,0,0
2826,0.00,0,0,0,0,0.00,0,0,0
2876,0.00,0,0,0,0,0.00,0,0,0
2926,0.00,0,0,0,0,0.00,0,0,0
2976,0.00,0,0,0,0,0.00,0,0,0
3026,0.00,0,0,0,0,0.00,0,0,0
3076,0.00,0,0,0,0,0.00,0,0,0
3126,0.00,0,0,0,0,0.00,0,0,0
3176,0.00,0,0,0,0,0.00,0,0,0
3226,0.00,0,0,0,0,0.00,0,0,0
3276,0.00,0,0,0,0,0.00,0,0,0
3326,0.00,0,0,0,0,0.00,0,0,0
3376,0.00,0,0,0,0,0.00,0,0,0
3426,0.00,0,0,0,0,0.00,0,0,0
3476,0.00,0,0,0,0,0.00,0,0,0
3526,0.00,0,0,0,0,0.00,0,0,0
3576,0.00,0,0,0,0,0.00,0,0,0
3627,0.00,0,0,0,0,0.00,0,0,0
3677,0.00,0,0,0,0,0.00,0,0,0
3727,0.00,0,0,0,0,0.00,0,0,0
3777,0.00,0,0,0,0,0.00,0,0,0
3827,0.00,0,0,0,0,0.00,0,0,0
3877,0.00,0,0,0,0,0.00,0,0,0
3927,0.00,0,0,0,0,0.00,0,0,0
3977,0.00,0,0,0,0,0.00,0,0,0
4027,0.00,0,0,0,0,0.00,0,0,0
4077,0.00,0,0,0,0,0.00,0,0,0
4127,0.00,0,0,0,0,0.00,0,0,0
4177,0.00,0,0,0,0,0.00,0,0,0
4227,0.00,0,0,0,0,0.00,0,0,0
4277,0.00,0,0,0,0,0.00,0,0,0
4327,0.00,0,0,0,0,0.00,0,0,0
4377,0.00,0,0,0,0,0.00,0,0,0
4427,0.00,0,0,0,0,0.00,0,0,0
4477,0.00,0,0,0,0,0.00,0,0,0
4527,0.00,0,0,0,0,0.00,0,0,0
4577,0.00,0,0,0,0,0.00,0,0,0
4627,0.00,0,0,0,0,0.00,0,0,0
4677,0.00,0,0,0,0,0.00,0,0,0
4727,0.00,0,0,0,0,0.00,0,0,0
4777,0.00,0,0,0,0,0.00,0,0,0
4827,0.00,0,0,0,0,0.00,0,0,0
4877,0.00,0,0,0,0,0.00,0,0,0
4927,0.00,0,0,0,0,0.00,0,0,0
4977,0.00,0,0,0,0,0.00,0,0,0
5027,0.00,0,0,0,0,0.00,0,0,0
5078,0.00,0,0,0,0,0.00,0,0,0
5128,0.00,0,0,0,0,0.00,0,0,0
5178,0.00,0,0,0,0,0.00,0,0,0
5228,0.00,0,0,0,0,0.00,0,0,0
5278,0.00,0,0,0,0,0.00,0,0,0
5328,0.00,0,0,0,0,0.00,0,0,0
5378,0.00,0,0,0,0,0.00,0,0,0
5428,0.00,0,0,0,0,0.00,0,0,0
5478,0.00,0,0,0,0,0.00,0,0,0
5528,0.00,0,0,0,0,0.00,0,0,0
5578,0.00,0,0,0,0,0.00,0,0,0
5628,0.00,0,0,0,0,0.00,0,0,0
5678,0.00,0,0,0,0,0.00,0,0,0
5728,0.00,0,0,0,0,0.00,0,0,0
5778,0.00,0,0,0,0,0.00,0,0,0
5828,0.00,0,0,0,0,0.00,0,0,0
5878,0.00,0,0,0,0,0.00,0,0,0
5928,0.00,0,0,0,0,0.00,0,0,0
5978,0.00,0,0,0,0,0.00,0,0,0
6028,0.00,0,0,0,0,0.00,0,0,0
6078,0.00,0,0,0,0,0.00,0,0,0
6128,0.00,0,0,0,0,0.00,0,0,0
6178,0.00,0,0,0,0,0.00,0,0,0
6228,0.00,0,0,0,0,0.00,0,0,0
6278,0.00,0,0,0,0,0.00,0,0,0
6328,0.00,0,0,0,0,0.00,0,0,0
6378,0.00,0,0,0,0,0.00,0,0,0
6428,0.00,0,0,0,0,0.00,0,0,0
6478,0.00,0,0,0,0,0.00,0,0,0
6528,0.00,0,0,0,0,0.00,0,0,0
6578,0.00,0,0,0,0,0.00,0,0,0
6628,0.00,0,0,0,0,0.00,0,0,0
6678,0.00,0,0,0,0,0.00,0,0,0
6728,0.00,0,0,0,0,0.00,0,0,0
6778,0.00,0,0,0,0,0.00,0,0,0
6828,0.00,0,0,0,0,0.00,0,0,0
6878,0.00,0,0,0,0,0.00,0,0,0
6928,0.00,0,0,0,0,0.00,0,0,0
6978,0.00,0,0,0,0,0.00,0,0,0
7028,0.00,0,0,0,0,0.00,0,0,0
7078,0.00,0,0,0,0,0.00,0,0,0
7128,0.00,0,0,0,0,0.00,0,0,0
7178,0.00,0,0,0,0,0.00,0,0,0
7228,0.00,0,0,0,0,0.00,0,0,0
7278,0.00,0,0,0,0,0.00,0,0,0
7328,0.00,0,0,0,0,0.00,0,0,0
7378,0.00,0,0,0,0,0.00,0,0,0
7428,0.00,0,0,0,0,0.00,0,0,0
7478,0.00,0,0,0,0,0.00,0,0,0
7528,0.00,0,0,0,0,0.00,0,0,0
7578,0.00,0,0,0,0,0.00,0,0,0
7628,0.00,0,0,0,0,0.00,0,0,0
7678,0.00,0,0,0,0,0.00,0,0,0
7728,0.00,0,0,0,0,0.00,0,0,0
7778,0.00,0,0,0,0,0.00,0,0,0
7828,0.00,0,0,0,0,0.00,0,0,0
7878,0.00,0,0,0,0,0.00,0,0,0
7928,0.00,0,0,0,0,0.00,0,0,0
7979,0.00,0,0,0,0,0.00,0,0,0
8029,0.00,0,0,0,0,0.00,0,0,0
8079,0.00,0,0,0,0,0.00,0,0,0
8129,0.00,0,0,0,0,0.00,0,0,0
8179,0.00,0,0,0,0,0.00,0,0,0
8229,0.00,0,0,0,0,0.00,0,0,0
8279,0.00,0,0,0,0,0.00,0,0,0
8329,0.00,0,0,0,0,0.00,0,0,0
8379,0.00,0,0,0,0,0.00,0,0,0
8429,0.00,0,0,0,0,0.00,0,0,0
8479,0.00,0,0,0,0,0.00,0,0,0
8529,0.00,0,0,0,0,0.00,0,0,0
8579,0.00,0,0,0,0,0.00,0,0,0
8629,0.00,0,0,0,0,0.00,0,0,0
8679,0.00,0,0,0,0,0.00,0,0,0
8729,0.00,0,0,0,0,0.00,0,0,0
8779,0.00,0,0,0,0,0.00,0,0,0
8829,0.00,0,0,0,0,0.00,0,0,0
8879,0.00,0,0,0,0,0.00,0,0,0
8929,0.00,0,0,0,0,0.00,0,0,0
8979,0.00,0,0,0,0,0.00,0,0,0
9029,0.00,0,0,0,0,0.00,0,0,0
9079,0.00,0,0,0,0,0.00,0,0,0
9129,0.00,0,0,0,0,0.00,0,0,0
9179,0.00,0,0,0,0,0.00,0,0,0
9229,0.00,0,0,0,0,0.00,0,0,0
9279,0.00,0,0,0,0,0.00,0,0,0
9329,0.00,0,0,0,0,0.00,0,0,0
9379,0.00,0,0,0,0,0.00,0,0,0
9430,0.00,0,0,0,0,0.00,0,0,0
9480,0.00,0,0,0,0,0.00,0,0,0
9530,0.00,0,0,0,0,0.00,0,0,0
9580,0.00,0,0,0,0,0.00,0,0,0
9630,0.00,0,0,0,0,0.00,0,0,0
9680,0.00,0,0,0,0,0.00,0,0,0
9730,0.00,0,0,0,0,0.00,0,0,0
9780,0.00,0,0,0,0,0.00,0,0,0
9830,0.00,0,0,0,0,0.00,0,0,0
9880,0.00,0,0,0,0,0.00,0,0,0
9930,0.00,0,0,0,0,0.00,0,0,0
9980,0.00,0,0,0,0,0.00,0,0,0
10030,0.00,0,0,0,0,0.00,0,0,0
10080,0.00,0,0,0,0,0.00,0,0,0
10130,0.00,0,0,0,0,0.00,0,0,0
10180,0.00,0,0,0,0,0.00,0,0,0
10230,0.00,0,0,0,0,0.00,0,0,0
10280,0.00,0,0,0,0,0.00,0,0,0
10330,0.00,0,0,0,0,0.00,0,0,0
10380,0.00,0,0,0,0,0.00,0,0,0
10430,0.00,0,0,0,0,0.00,0,0,0
10480,0.00,0,0,0,0,0.00,0,0,0
10530,0.00,0,0,0,0,0.00,0,0,0
10580,0.00,0,0,0,0,0.00,0,0,0
10630,0.00,0,0,0,0,0.00,0,0,0
10680,0.00,0,0,0,0,0.00,0,0,0
10730,0.00,0,0,0,0,0.00,0,0,0
10780,0.00,0,0,0,0,0.00,0,0,0
10830,0.00,0,0,0,0,0.00,0,0,0
10880,inf,0,0,0,0,inf,0,0,0
10930,782.11,25,36,0,0,inf,36,0,0
10980,782.11,0,36,0,0,inf,36,0,0
11030,798.00,0,36,0,0,-15.89,72,0,0
11080,1176.47,0,31,0,-7,-378.47,103,0,7
11130,1199.33,0,31,0,0,-22.86,134,0,7
11180,1603.59,16,25,0,0,-27.80,185,0,17
11230,1910.34,0,21,0,-9,-306.75,206,0,26
11280,2187.55,0,18,0,-9,-258.29,245,0,35
11330,2442.20,0,15,0,-9,-241.17,278,0,44
11380,2658.63,0,12,0,-9,-224.36,305,0,53
11430,2874.11,3,9,0,0,13.28,335,0,64
11480,3083.88,0,6,0,0,0.63,347,0,74
11530,3453.83,0,1,0,-9,-175.15,356,0,93
11580,3603.17,0,0,0,-4,-170.14,358,0,97
11630,3771.69,0,-2,0,0,-57.90,362,0,97
11680,3716.55,0,-1,0,0,11.08,366,0,97
11730,3651.41,0,0,-1,0,48.64,367,2,97
11780,3545.26,0,0,1,0,260.88,370,3,118
11830,3607.50,0,0,0,0,49.02,370,3,118
11880,3611.85,0,0,0,0,23.64,370,3,118
11930,3657.64,0,0,-1,0,-0.89,370,5,118
11980,3609.24,0,-2,0,0,-297.12,373,5,118
12030,3545.26,0,0,1,0,315.74,378,6,147
12080,3544.42,0,0,1,0,259.79,382,7,172
12130,3546.10,0,0,1,0,18.54,382,8,172
12180,3568.88,0,0,0,0,39.49,382,8,172
12230,3618.82,0,0,0,0,-49.09,382,8,172
12280,3571.43,0,0,0,0,48.26,382,8,172
12331,3624.06,0,0,0,0,-32.97,382,8,172
12381,3602.31,0,0,0,0,-42.75,382,8,172
12431,3617.07,0,0,0,0,-32.84,382,8,172
12481,3580.81,0,0,0,0,40.63,382,8,172
12531,3623.19,0,0,0,0,-28.65,382,8,172
12581,3580.81,0,0,0,0,48.52,382,8,172
12631,3618.82,0,0,0,0,-38.87,382,8,172
12681,3584.23,0,0,0,0,23.27,382,8,172
12731,3617.94,0,0,0,0,-46.52,382,8,172
12781,3567.18,0,0,0,0,41.19,382,8,172
12831,3608.37,0,0,0,0,41.27,382,8,172
12881,3576.54,0,0,0,0,30.10,382,8,172
12931,3629.32,0,0,0,0,-49.37,382,8,172
12981,3591.95,0,0,0,0,-30.37,382,8,172
13031,3624.06,0,0,0,0,-31.25,382,8,172
13081,3591.09,0,0,0,0,-31.26,382,8,172
13131,3627.57,0,0,0,0,-45.91,382,8,172
13181,3580.81,0,0,0,0,47.64,382,8,172
13231,3617.94,0,0,0,0,-35.43,382,8,172
13281,3583.37,0,0,0,0,24.13,382,8,172
13331,3617.07,0,0,0,0,-34.56,382,8,172
13381,3583.37,0,0,0,0,25.00,382,8,172
13431,3627.57,0,0,0,0,-55.29,382,8,172
13481,3573.13,0,0,0,0,23.99,382,8,172
13531,3617.94,0,0,0,0,-46.52,382,8,172
13581,3580.81,0,0,0,0,37.14,382,8,172
13631,3638.13,0,0,0,0,-55.61,382,8,172
13681,3591.09,0,0,0,0,-32.97,382,8,172
13731,3624.94,0,0,0,0,-32.99,382,8,172
13782,3567.18,0,0,0,0,41.19,382,8,172
13832,3606.64,0,0,0,0,49.75,382,8,172
13882,3566.33,0,0,0,0,31.65,382,8,172
13932,3617.07,0,0,0,0,-50.74,382,8,172
13982,3582.52,0,0,0,0,45.05,382,8,172
14032,3618.82,0,0,0,0,-38.01,382,8,172
14082,3571.43,0,0,0,0,45.64,382,8,172
14132,3607.50,0,0,0,0,35.12,382,8,172
14182,3576.54,0,0,0,0,31.83,382,8,172
14232,3618.82,0,0,0,0,-37.16,382,8,172
14282,3591.95,0,0,0,0,-38.87,382,8,172
14332,3628.45,0,0,0,0,-46.79,382,8,172
14382,3591.95,0,0,0,0,-32.11,382,8,172
14432,3616.20,0,0,0,0,-25.11,382,8,172
14482,3581.66,0,0,0,0,35.41,382,8,172
14532,3608.37,0,0,0,0,27.47,382,8,172
14582,3577.39,0,0,0,0,30.11,382,8,172
14632,3607.50,0,0,0,0,38.68,382,8,172
14682,3581.66,0,0,0,0,37.16,382,8,172
14732,3608.37,0,0,0,0,48.29,382,8,172
14782,3558.72,0,0,1,0,49.65,382,9,172
14832,3598.85,0,0,1,0,37.49,382,10,172
14882,3576.54,0,0,0,0,30.10,382,10,172
14932,3629.32,0,0,0,0,-49.37,382,10,172
14982,3591.09,0,0,0,0,-40.89,382,10,172
15032,3628.45,0,0,0,0,-46.79,382,10,172
15082,3579.95,0,0,0,0,38.87,382,10,172
15132,3627.57,0,0,0,0,-45.91,382,10,172
15182,3579.95,0,0,0,0,37.99,382,10,172
15232,3617.07,0,0,0,0,-35.41,382,10,172
15282,3575.69,0,0,0,0,31.82,382,10,172
15332,3608.37,0,0,0,0,25.74,382,10,172
15382,3571.43,0,0,0,0,45.64,382,10,172
15432,3629.32,0,0,0,0,-49.37,382,10,172
15482,3592.81,0,0,0,0,-46.76,382,10,172
15532,3618.82,0,0,0,0,-38.01,382,10,172
15582,3576.54,0,0,0,0,30.97,382,10,172
15632,3608.37,0,0,0,0,25.74,382,10,172
15682,3581.66,0,0,0,0,37.16,382,10,172
15732,3617.94,0,0,0,0,-42.26,382,10,172
15782,3584.23,0,0,0,0,68.07,382,12,172
15832,3608.37,0,0,0,0,38.68,382,12,172
15882,3576.54,0,0,0,0,31.83,382,12,172
15932,3607.50,0,0,0,0,29.32,382,12,172
15982,3575.69,0,0,0,0,32.69,382,12,172
16032,3617.07,0,0,0,0,-35.41,382,12,172
16082,3575.69,0,0,0,0,32.69,382,12,172
16132,3581.66,0,0,0,0,29.32,382,12,172
16182,3927.73,-1,-4,0,-14,-196.39,391,12,211
16232,3765.06,0,-2,0,0,176.09,402,12,301
16282,3545.26,0,0,1,0,404.19,410,13,375
16332,3545.26,0,0,1,0,562.08,419,14,424
16382,3544.42,0,0,1,0,407.10,427,15,483
16432,3544.42,0,0,1,0,540.54,436,16,545
16482,3619.69,0,0,0,0,168.19,439,16,545
16532,3543.59,0,0,1,0,267.39,443,17,571
16582,3597.98,0,-2,0,0,-295.25,446,17,571
16632,3562.95,0,0,0,0,186.12,449,17,574
16683,3619.69,0,0,0,0,80.36,451,17,581
16733,3588.52,0,0,0,0,113.36,453,17,588
16783,3616.20,0,0,0,0,82.02,455,17,594
16833,3584.23,0,0,0,0,125.89,457,17,600
16883,3595.40,0,-1,0,-6,-188.46,459,17,606
16933,3561.25,0,0,0,0,76.87,460,17,606
16983,3608.37,0,0,0,0,48.03,460,17,606
17033,3571.43,0,0,0,0,43.03,460,17,606
17083,3618.82,0,0,0,0,-32.02,460,17,606
17133,3581.66,0,0,0,0,31.05,460,17,606
17183,3608.37,0,0,0,0,17.26,460,17,606
17233,3567.18,0,0,0,0,41.19,460,17,606
17283,3606.64,0,0,0,0,39.55,460,17,606
17333,3575.69,0,0,0,0,31.82,460,17,606
17383,3609.24,0,0,0,0,30.17,460,17,606
17433,3576.54,0,0,0,0,30.97,460,17,606
17483,3607.50,0,0,0,0,40.40,460,17,606
17533,3559.56,0,0,1,0,48.81,460,18,606
17583,3597.98,0,0,0,0,32.55,460,18,606
17633,3583.37,0,0,0,0,24.13,460,18,606
17683,3628.45,0,0,0,0,-46.79,460,18,606
17733,3569.73,0,0,0,0,49.09,460,18,606
17783,3619.69,0,0,0,0,-38.03,460,18,606
17833,3575.69,0,0,0,0,31.82,460,18,606
17883,3606.64,0,0,0,0,24.04,460,18,606
17933,3557.03,0,0,1,0,29.77,460,19,606
17983,3609.24,0,0,1,0,44.47,460,20,606
18033,3576.54,0,0,0,0,31.83,460,20,606
18083,3617.94,0,0,0,0,-35.43,460,20,606
18134,3592.81,0,0,0,0,-48.49,460,20,606
18184,3624.94,0,0,0,0,-32.99,460,20,606
18234,3557.87,0,0,1,0,40.11,460,21,606
18284,3596.26,0,0,0,0,23.90,460,21,606
18334,3574.83,0,0,0,0,33.54,460,21,606
18384,3618.82,0,0,0,0,-43.98,460,21,606
18434,3580.81,0,0,0,0,38.01,460,21,606
18484,3618.82,0,0,0,0,-38.01,460,21,606
18534,3591.09,0,0,0,0,-36.28,460,21,606
18584,3618.82,0,0,0,0,-37.16,460,21,606
18634,3579.95,0,0,0,0,38.87,460,21,606
18684,3597.98,0,0,0,0,30.18,460,21,606
18734,3549.46,0,0,1,0,46.80,460,22,606
18784,3597.12,0,0,0,0,25.62,460,22,606
18834,3567.18,0,0,0,0,40.32,460,22,606
18884,3606.64,0,0,0,0,39.55,460,22,606
18934,3579.95,0,0,0,0,38.87,460,22,606
18984,3607.50,0,0,0,0,39.80,460,22,606
19034,3576.54,0,0,0,0,31.83,460,22,606
19084,3617.94,0,0,0,0,-37.14,460,22,606
19134,3571.43,0,0,0,0,47.39,460,22,606
19184,3576.54,0,0,0,0,-9.36,460,22,606
19234,3547.78,0,0,1,0,51.94,460,24,606
19284,3599.71,0,0,1,0,43.34,460,25,606
19334,3571.43,0,0,0,0,45.64,460,25,606
19384,3609.24,0,0,0,0,40.63,460,25,606
19434,3581.66,0,0,0,0,37.16,460,25,606
19484,3617.94,0,0,0,0,-37.14,460,25,606
19534,3581.66,0,0,0,0,50.30,460,25,606
19584,3616.20,0,0,0,0,-25.97,460,25,606
19634,3571.43,0,0,0,0,45.64,460,25,606
19684,3597.98,0,0,0,0,30.17,460,25,606
19734,3573.98,0,0,0,0,23.14,460,25,606
19784,3571.43,0,0,0,0,38.68,460,25,606
19834,3581.66,0,0,0,0,183.40,471,25,674
19884,3581.66,0,0,0,0,36.28,471,25,674
19934,3545.26,0,0,1,0,285.18,475,26,703
19984,3543.59,0,0,1,0,281.97,479,27,728
20034,3543.59,0,0,1,0,267.39,482,28,751
20084,3545.26,0,0,1,0,288.12,486,29,775
20134,3543.59,0,0,1,0,270.30,490,30,798
20184,3568.88,0,0,0,0,229.55,493,30,798
20234,3597.98,0,0,1,0,32.39,493,31,798
20284,3568.03,0,0,0,0,37.74,493,32,798
20334,3608.37,0,0,0,0,39.68,493,32,798
20384,3576.54,0,0,0,0,31.83,493,32,798
20434,3617.94,0,0,0,0,-36.28,493,32,798
20484,3581.66,0,0,0,0,38.03,493,32,798
20534,3607.50,0,0,0,0,30.18,493,32,798
20584,3576.54,0,0,0,0,31.83,493,32,798
20634,3617.94,0,0,0,0,-33.72,493,32,798
20684,3582.52,0,0,0,0,45.93,493,32,798
20734,3597.98,0,0,0,0,41.21,493,32,798
20784,3575.69,0,0,0,0,31.82,493,32,798
20834,3606.64,0,0,0,0,29.32,493,32,798
20884,3575.69,0,0,0,0,32.69,493,32,798
20934,3607.50,0,0,0,0,41.25,493,32,798
20984,3571.43,0,0,0,0,45.64,493,32,798
21035,3608.37,0,0,0,0,50.01,493,32,798
21085,3560.41,0,0,0,0,46.23,493,32,798
21135,3608.37,0,0,0,0,39.49,493,32,798
21185,3566.33,0,0,0,0,41.17,493,32,798
21235,3606.64,0,0,0,0,28.45,493,32,798
21285,3583.37,0,0,0,0,24.13,493,32,798
21335,3617.07,0,0,0,0,-35.41,493,32,798
21385,3579.95,0,0,0,0,37.99,493,32,798
21435,3617.07,0,0,0,0,-34.56,493,32,798
21485,3579.95,0,0,0,0,38.87,493,32,798
21535,3617.94,0,0,0,0,-46.52,493,32,798
21585,3567.18,0,0,0,0,40.32,493,32,798
21635,3588.52,0,0,0,0,-29.80,493,33,798
21685,3561.25,0,0,0,0,48.85,493,34,798
21735,3606.64,0,0,0,0,33.41,493,34,798
21785,3569.73,0,0,0,0,49.09,493,34,798
21835,3627.57,0,0,0,0,-44.20,493,34,798
21885,3591.09,0,0,0,0,-45.93,493,34,798
21935,3618.82,0,0,0,0,-46.54,493,34,798
21985,3575.69,0,0,0,0,32.69,493,34,798
22035,3617.94,0,0,0,0,-43.96,493,34,798
22085,3576.54,0,0,0,0,31.83,493,34,798
22135,3619.69,0,0,0,0,-60.13,493,35,798
22185,3568.03,0,0,0,0,38.61,493,35,798
22235,3607.50,0,0,0,0,34.23,493,35,798
22285,3563.79,0,0,0,0,33.33,493,35,798
22335,3619.69,0,0,0,0,-63.50,493,36,798
22385,3584.23,0,0,0,0,22.41,493,36,798
22435,3618.82,0,0,0,0,-38.87,493,36,798
22486,3568.88,0,0,0,0,37.76,493,36,798
22536,3607.50,0,0,0,0,40.40,493,36,798
22586,3576.54,0,0,0,0,31.83,493,36,798
22636,3618.82,0,0,0,0,-45.69,493,36,798
22686,3571.43,0,0,0,0,47.39,493,36,798
22736,3617.94,0,0,0,0,-41.41,493,36,798
22786,3574.83,0,0,0,0,33.54,493,36,798
22836,3607.50,0,0,1,0,41.88,493,37,798
22886,3570.58,0,0,0,0,47.37,493,37,798
22936,3618.82,0,0,0,0,-38.87,493,37,798
22986,3569.73,0,0,0,0,49.09,493,37,798
23036,3597.98,0,0,0,0,50.03,493,37,798
23086,3557.03,0,0,1,0,41.82,493,39,798
23136,3608.37,0,0,0,0,34.28,493,39,798
23186,3581.66,0,0,0,0,37.16,493,39,798
23236,3617.94,0,0,0,0,-35.43,493,39,798
23286,3579.95,0,0,0,0,38.87,493,39,798
23336,3618.82,0,0,0,0,-37.16,493,39,798
23386,3618.82,0,0,0,0,-40.57,493,39,798
23436,3362.47,0,3,0,0,489.61,501,39,830
23486,3618.82,0,0,0,0,219.46,504,39,836
23536,3546.10,0,0,1,0,316.89,509,40,868
23586,3544.42,0,0,1,0,269.46,513,41,892
23636,3568.03,0,0,0,0,231.36,516,41,892
23686,3614.46,0,0,0,0,128.99,518,41,895
23736,3591.09,0,0,0,0,-55.34,518,41,895
23786,3618.82,0,0,0,0,-32.02,518,41,895
23836,3570.58,0,0,0,0,44.75,518,41,895
23886,3606.64,0,0,0,0,43.88,518,41,895
23936,3559.56,0,0,1,0,43.61,518,42,895
23986,3607.50,0,0,0,0,35.12,518,42,895
24036,3568.03,0,0,0,0,40.34,518,42,895
24086,3608.37,0,0,1,0,40.78,518,43,895
24136,3575.69,0,0,0,0,31.82,518,43,895
24186,3607.50,0,0,0,0,25.74,518,43,895
24236,3581.66,0,0,0,0,35.41,518,43,895
24286,3597.98,0,0,0,0,51.44,518,43,895
24336,3560.41,0,0,0,0,48.83,518,44,895
24386,3618.82,0,0,0,0,-37.16,518,44,895
24436,3580.81,0,0,0,0,37.14,518,44,895
24486,3606.64,0,0,0,0,48.29,518,44,895
24536,3567.18,0,0,0,0,41.19,518,44,895
24586,3608.37,0,0,0,0,39.55,518,44,895
24636,3568.03,0,0,0,0,38.61,518,44,895
24686,3608.37,0,0,0,0,18.82,518,44,895
24736,3577.39,0,0,0,0,30.98,518,44,895
24786,3607.50,0,0,0,0,34.23,518,44,895
24836,3567.18,0,0,0,0,41.19,518,44,895
24886,3617.94,0,0,0,0,-47.37,518,44,895
24936,3585.09,0,0,0,0,23.29,518,44,895
24986,3597.12,0,0,0,0,35.11,518,44,895
25036,3576.54,0,0,0,0,31.83,518,44,895
25086,3617.94,0,0,0,0,-48.22,518,44,895
25136,3576.54,0,0,0,0,31.83,518,44,895
25186,3618.82,0,0,0,0,-47.39,518,44,895
25236,3571.43,0,0,0,0,47.39,518,44,895
25286,3596.26,0,0,0,0,39.55,518,44,895
25336,3574.83,0,0,0,0,33.54,518,44,895
25387,3587.66,0,0,0,0,-17.93,518,44,895
25437,3557.87,0,0,1,0,41.84,518,46,895
25487,3607.50,0,0,0,0,32.55,518,46,895
25537,3581.66,0,0,0,0,36.28,518,46,895
25587,3618.82,0,0,0,0,-47.39,518,46,895
25637,3570.58,0,0,0,0,48.24,518,46,895
25687,3606.64,0,0,0,0,39.57,518,46,895
25737,3574.83,0,0,0,0,33.54,518,46,895
25787,3597.98,0,0,0,0,26.61,518,46,895
25837,3560.41,0,0,0,0,46.23,518,46,895
25887,3618.82,0,0,0,0,-47.39,518,46,895
25937,3581.66,0,0,0,0,46.79,518,46,895
25987,3624.06,0,0,0,0,-31.25,518,46,895
26037,3581.66,0,0,0,0,33.67,518,46,895
26087,3597.98,0,0,0,0,40.63,518,46,895
26137,3568.03,0,0,0,0,39.47,518,46,895
26187,3608.37,0,0,0,0,38.70,518,46,895
26237,3569.73,0,0,0,0,49.09,518,46,895
26287,3562.10,0,0,0,0,49.75,518,46,895
26337,3543.59,0,0,1,0,407.94,526,47,961
26387,3544.42,0,0,1,0,514.02,534,48,1022
26437,3546.10,0,0,1,0,403.35,542,49,1082
26487,3544.42,0,0,1,0,471.64,550,50,1125
26537,3546.10,0,0,1,0,402.31,557,51,1178
26587,3545.26,0,0,1,0,419.85,564,52,1218
26637,3616.20,0,0,0,0,55.77,564,53,1218
26687,3573.98,0,0,0,0,80.10,564,54,1218
26737,3601.44,0,0,0,0,-6.83,564,54,1218
26787,3558.72,0,0,1,0,41.86,564,55,1218
26838,3606.64,0,0,0,0,19.71,564,55,1218
26888,3567.18,0,0,0,0,41.19,564,55,1218
26938,3617.94,0,0,0,0,-35.43,564,55,1218
26988,3576.54,0,0,0,0,32.70,564,55,1218
27038,3618.82,0,0,0,0,-44.84,564,55,1218
27088,3571.43,0,0,0,0,41.29,564,55,1218
27138,3599.71,0,0,1,0,37.45,564,56,1218
27188,3567.18,0,0,0,0,40.32,564,56,1218
27238,3606.64,0,0,0,0,32.70,564,56,1218
27288,3574.83,0,0,0,0,33.54,564,56,1218
27338,3617.94,0,0,0,0,-47.37,564,56,1218
27388,3568.03,0,0,0,0,38.61,564,56,1218
27438,3599.71,0,0,1,0,41.86,564,57,1218
27488,3564.64,0,0,0,0,34.21,564,57,1218
27538,3605.77,0,0,0,0,24.87,564,57,1218
27588,3566.33,0,0,0,0,42.04,564,57,1218
27638,3608.37,0,0,0,0,40.38,564,57,1218
27688,3571.43,0,0,0,0,45.64,564,57,1218
27738,3608.37,0,0,0,0,30.16,564,57,1218
27788,3559.56,0,0,1,0,48.81,564,58,1218
27838,3597.12,0,0,0,0,25.73,564,58,1218
27888,3567.18,0,0,0,0,41.19,564,58,1218
27938,3597.98,0,0,0,0,38.68,564,58,1218
27988,3565.49,0,0,0,0,30.77,564,58,1218
28038,3597.12,0,0,0,0,34.23,564,58,1218
28088,3573.13,0,0,0,0,24.85,564,58,1218
28138,3606.64,0,0,0,0,37.83,564,58,1218
28188,3579.95,0,0,0,0,38.87,564,58,1218
28238,3606.64,0,0,0,0,48.29,564,58,1218
28288,3584.23,0,0,0,0,23.27,564,58,1218
28338,3617.94,0,0,0,0,-37.14,564,58,1218
28388,3568.88,0,0,0,0,37.76,564,58,1218
28438,3599.71,0,0,1,0,33.19,564,59,1218
28488,3574.83,0,0,0,0,32.67,564,59,1218
28538,3606.64,0,0,0,0,28.45,564,59,1218
28588,3580.81,0,0,0,0,37.14,564,59,1218
28638,3617.94,0,0,0,0,-36.28,564,59,1218
28688,3579.95,0,0,0,0,38.87,564,59,1218
28738,3617.07,0,0,0,0,-44.79,564,59,1218
28788,3579.95,0,0,0,0,37.99,564,59,1218
28838,3617.07,0,0,0,0,-44.79,564,59,1218
28888,3575.69,0,0,0,0,31.82,564,59,1218
28938,3606.64,0,0,0,0,35.92,564,59,1218
28988,3568.88,0,0,0,0,37.76,564,59,1218
29038,3617.94,0,0,0,0,-43.96,564,59,1218
29088,3571.43,0,0,0,0,47.39,564,59,1218
29138,3597.12,0,0,0,0,31.65,564,59,1218
29188,3607.50,0,0,0,0,34.18,564,59,1218
29238,3544.42,0,0,1,0,406.06,573,60,1277
29288,3544.42,0,0,1,0,450.25,581,61,1333
29338,3545.26,0,0,1,0,403.15,588,62,1386
29388,3545.26,0,0,1,0,370.17,595,63,1420
29438,3545.26,0,0,1,0,341.76,600,64,1451
29488,3427.00,0,2,0,0,375.28,606,64,1477
29538,3566.33,0,0,0,0,34.24,607,64,1480
29588,3598.85,0,0,1,0,30.64,607,65,1480
29638,3565.49,0,0,0,0,33.36,607,66,1480
29688,3596.26,0,0,0,0,25.66,607,66,1480
29739,3574.83,0,0,0,0,33.54,607,66,1480
29789,3618.82,0,0,0,0,-47.39,607,66,1480
29839,3585.09,0,0,0,0,23.29,607,66,1480
29889,3618.82,0,0,0,0,-48.24,607,66,1480
29939,3592.81,0,0,0,0,-50.23,607,66,1480
29989,3616.20,0,0,0,0,-24.25,607,66,1480
30039,3580.81,0,0,0,0,37.14,607,66,1480
30089,3617.94,0,0,0,0,-50.76,607,66,1480
30139,3576.54,0,0,0,0,30.97,607,66,1480
30189,3608.37,0,0,0,0,19.76,607,66,1480
30239,3576.54,0,0,0,0,31.83,607,66,1480
30289,3608.37,0,0,0,0,41.21,607,66,1480
30339,3563.79,0,0,0,0,33.33,607,66,1480
30389,3606.64,0,0,0,0,24.87,607,66,1480
30439,3576.54,0,0,0,0,30.97,607,66,1480
30489,3587.66,0,0,0,0,-21.32,607,66,1480
30539,3557.87,0,0,1,0,41.84,607,68,1480
30589,3606.64,0,0,0,0,24.90,607,68,1480
30639,3583.37,0,0,0,0,25.00,607,68,1480
30689,3617.07,0,0,0,0,-35.41,607,68,1480
30739,3584.23,0,0,0,0,23.27,607,68,1480
30789,3608.37,0,0,0,0,24.87,607,68,1480
30839,3576.54,0,0,0,0,30.10,607,68,1480
30889,3607.50,0,0,0,0,34.24,607,68,1480
30939,3573.98,0,0,0,0,23.14,607,68,1480
30989,3607.50,0,0,0,0,39.49,607,68,1480
31039,3569.73,0,0,0,0,49.09,607,68,1480
31089,3606.64,0,0,0,0,39.55,607,68,1480
31139,3566.33,0,0,0,0,41.17,607,68,1480
31190,3590.23,0,0,1,0,50.52,607,69,1480
31240,3565.49,0,0,0,0,24.75,607,70,1480
31290,3596.26,0,0,0,0,33.36,607,70,1480
31340,3573.13,0,0,0,0,24.85,607,70,1480
31390,3617.94,0,0,0,0,-48.22,607,70,1480
31440,3572.28,0,0,0,0,55.29,607,70,1480
31490,3608.37,0,0,0,0,39.53,607,70,1480
31540,3571.43,0,0,0,0,47.39,607,70,1480
31590,3599.71,0,0,1,0,41.82,607,71,1480
31640,3567.18,0,0,0,0,40.32,607,71,1480
31690,3597.12,0,0,0,0,34.23,607,71,1480
31740,3568.88,0,0,0,0,39.49,607,72,1480
31790,3617.94,0,0,0,0,-37.14,607,72,1480
31840,3582.52,0,0,0,0,46.81,607,72,1480
31890,3618.82,0,0,0,0,-48.24,607,72,1480
31940,3568.88,0,0,0,0,39.49,607,72,1480
31990,3608.37,0,0,0,0,41.21,607,72,1480
32040,3567.18,0,0,0,0,41.19,607,72,1480
32090,3565.49,0,0,0,0,34.23,607,72,1480
32140,3546.10,0,0,1,0,405.43,615,73,1543
32190,3544.42,0,0,1,0,450.25,623,74,1599
32240,3545.26,0,0,1,0,379.39,630,75,1651
32290,3545.26,0,0,1,0,354.89,635,76,1683
32340,3545.26,0,0,1,0,294.98,640,77,1710
32390,3544.42,0,0,1,0,293.86,645,78,1737
32440,3608.37,0,0,0,0,65.00,645,78,1737
32490,3569.73,0,0,0,0,47.34,645,78,1737
32540,3606.64,0,0,0,0,24.07,645,78,1737
32590,3580.81,0,0,0,0,40.63,645,78,1737
32640,3608.37,0,0,0,0,37.81,645,78,1737
32690,3571.43,0,0,0,0,45.64,645,78,1737
32740,3617.94,0,0,0,0,-37.14,645,78,1737
32790,3581.66,0,0,0,0,35.41,645,78,1737
32840,3608.37,0,0,0,0,30.16,645,78,1737
32890,3560.41,0,0,0,0,46.23,645,78,1737
32940,3608.37,0,0,0,0,30.97,645,78,1737
32990,3556.19,0,0,1,0,40.93,645,79,1737
33040,3599.71,0,0,1,0,50.28,645,80,1737
33090,3568.03,0,0,0,0,38.61,645,80,1737
33140,3617.94,0,0,0,0,-45.67,645,80,1737
33190,3571.43,0,0,0,0,47.39,645,80,1737
33240,3608.37,0,0,0,0,28.45,645,80,1737
33290,3566.33,0,0,0,0,31.65,645,80,1737
33340,3606.64,0,0,0,0,37.83,645,80,1737
33390,3583.37,0,0,0,0,25.00,645,80,1737
33440,3617.07,0,0,0,0,-34.56,645,80,1737
33490,3575.69,0,0,0,0,32.69,645,80,1737
33540,3608.37,0,0,0,0,37.83,645,80,1737
33590,3568.03,0,0,0,0,38.61,645,80,1737
33640,3607.50,0,0,0,0,39.53,645,80,1737
33690,3571.43,0,0,0,0,47.39,645,80,1737
33740,3607.50,0,0,0,0,33.36,645,80,1737
33790,3563.79,0,0,0,0,33.33,645,80,1737
33840,3599.71,0,0,1,0,50.52,645,81,1737
33890,3565.49,0,0,0,0,30.77,645,81,1737
33940,3607.50,0,0,0,0,32.50,645,81,1737
33990,3567.18,0,0,0,0,41.19,645,81,1737
34040,3606.64,0,0,0,0,37.83,645,81,1737
34091,3567.18,0,0,0,0,41.19,645,81,1737
34141,3607.50,0,0,0,0,35.92,645,81,1737
34191,3568.03,0,0,0,0,38.61,645,81,1737
34241,3608.37,0,0,0,0,38.68,645,81,1737
34291,3577.39,0,0,0,0,30.11,645,81,1737
34341,3596.26,0,0,0,0,36.13,645,81,1737
34391,3563.79,0,0,0,0,33.33,645,81,1737
34441,3597.98,0,0,0,0,42.06,645,81,1737
34491,3568.03,0,0,0,0,38.61,645,81,1737
34541,3608.37,0,0,0,0,24.87,645,81,1737
34591,3585.09,0,0,0,0,23.29,645,81,1737
34641,3608.37,0,0,0,0,47.41,645,81,1737
34691,3567.18,0,0,0,0,41.19,645,81,1737
34741,3597.12,0,0,0,0,47.16,645,81,1737
34791,3565.49,0,0,0,0,30.77,645,81,1737
34841,3608.37,0,0,0,0,19.76,645,81,1737
34891,3581.66,0,0,0,0,37.16,645,81,1737
34941,3617.94,0,0,0,0,-35.43,645,81,1737
34991,3608.37,0,0,0,0,38.85,645,81,1737
35041,3545.26,0,0,1,0,368.12,652,82,1784
35091,3545.26,0,0,1,0,332.71,658,83,1818
35141,3487.56,0,1,0,0,385.41,664,83,1848
35191,3543.59,0,0,1,0,290.77,668,84,1870
35241,3545.26,0,0,1,0,302.87,673,85,1895
35291,3544.42,0,0,1,0,281.13,677,86,1921
35341,3571.43,0,0,0,0,45.64,677,87,1921
35391,3617.94,0,0,0,0,-44.81,677,87,1921
35441,3570.58,0,0,0,0,41.27,677,87,1921
35491,3606.64,0,0,0,0,26.65,677,87,1921
35542,3568.03,0,0,0,0,33.41,677,88,1921
35592,3608.37,0,0,0,0,33.55,677,88,1921
35642,3576.54,0,0,0,0,29.23,677,88,1921
35692,3607.50,0,0,0,0,31.05,677,88,1921
35742,3571.43,0,0,0,0,39.55,677,88,1921
35792,3608.37,0,0,0,0,28.38,677,88,1921
35842,3582.52,0,0,0,0,42.42,677,88,1921
35892,3624.06,0,0,0,0,-31.25,677,88,1921
35942,3582.52,0,0,0,0,41.55,677,88,1921
35992,3618.82,0,0,0,0,-46.54,677,88,1921
36042,3566.33,0,0,0,0,21.32,677,88,1921
36092,3599.71,0,0,1,0,32.33,677,89,1921
36142,3568.88,0,0,0,0,39.49,677,90,1921
36192,3607.50,0,0,0,0,26.58,677,90,1921
36242,3568.03,0,0,0,0,40.34,677,90,1921
36292,3597.98,0,0,0,0,28.45,677,90,1921
36342,3574.83,0,0,0,0,33.54,677,90,1921
36392,3617.07,0,0,0,0,-45.64,677,90,1921
36442,3580.81,0,0,0,0,47.64,677,90,1921
36492,3617.07,0,0,0,0,-35.41,677,90,1921
36542,3579.95,0,0,0,0,36.25,677,90,1921
36592,3617.07,0,0,0,0,-35.41,677,90,1921
36642,3574.83,0,0,0,0,33.54,677,90,1921
36692,3606.64,0,0,0,0,38.68,677,90,1921
36742,3565.49,0,0,0,0,30.77,677,90,1921
36792,3607.50,0,0,0,0,35.07,677,90,1921
36842,3565.49,0,0,0,0,32.50,677,90,1921
36892,3617.94,0,0,0,0,-49.91,677,90,1921
36942,3558.72,0,0,1,0,49.65,677,91,1921
36992,3597.12,0,0,0,0,26.46,677,91,1921
37042,3560.41,0,0,0,0,46.23,677,91,1921
37092,3597.12,0,0,0,0,39.47,677,91,1921
37142,3575.69,0,0,0,0,32.69,677,91,1921
37192,3617.07,0,0,0,0,-31.99,677,91,1921
37242,3580.81,0,0,0,0,37.14,677,91,1921
37292,3617.07,0,0,0,0,-48.19,677,91,1921
37342,3579.95,0,0,0,0,38.87,677,91,1921
37392,3597.98,0,0,0,0,38.68,677,91,1921
37442,3568.03,0,0,0,0,38.61,677,91,1921
37492,3608.37,0,0,0,0,39.53,677,91,1921
37542,3568.03,0,0,0,0,40.34,677,91,1921
37592,3607.50,0,0,0,0,39.55,677,91,1921
37642,3580.81,0,0,0,0,17.18,677,91,1921
37692,3617.07,0,0,0,0,-40.53,677,91,1921
37742,3583.37,0,0,0,0,25.00,677,91,1921
37792,3617.07,0,0,0,0,-45.64,677,91,1921
37842,3575.69,0,0,0,0,32.69,677,91,1921
37892,3608.37,0,0,0,0,25.87,677,91,1921
37942,3581.66,0,0,0,0,37.16,677,91,1921
37992,3618.82,0,0,0,0,-35.44,677,91,1921
38042,3581.66,0,0,0,0,35.41,677,91,1921
38092,3618.82,0,0,0,0,-38.87,677,91,1921
38142,3557.03,0,0,1,0,28.91,677,92,1921
38192,3565.49,0,0,0,0,25.61,677,92,1921
38242,3545.26,0,0,1,0,286.16,683,93,1952
38292,3557.87,0,0,1,0,233.83,687,94,1952
38342,3607.50,0,-1,0,-7,-250.43,689,94,1959
38392,3568.03,0,0,0,0,148.52,691,94,1966
38443,3622.31,0,0,0,0,62.28,692,94,1968
38493,3584.23,0,0,0,0,125.89,694,94,1974
38543,3626.69,0,0,0,0,83.42,696,94,1980
38593,3584.23,0,0,0,0,136.93,698,94,1986
38643,3615.33,0,0,0,0,106.76,700,94,1992
38693,3579.95,0,0,0,0,151.39,702,94,1997
38743,3609.24,0,-1,0,-7,-202.63,704,94,2004
38793,3568.03,0,0,0,0,36.87,704,94,2004
38843,3618.82,0,0,0,0,-53.33,704,94,2004
38893,3571.43,0,0,0,0,46.52,704,94,2004
38943,3597.12,0,0,0,0,41.51,704,94,2004
38993,3568.03,0,0,0,0,32.55,704,94,2004
39043,3608.37,0,0,0,0,38.81,704,94,2004
39093,3570.58,0,0,0,0,47.37,704,94,2004
39143,3596.26,0,0,0,0,38.68,704,94,2004
39193,3573.98,0,0,0,0,24.87,704,94,2004
39243,3597.98,0,0,0,0,49.70,704,94,2004
39293,3557.03,0,0,1,0,40.09,704,95,2004
39343,3607.50,0,0,0,0,41.29,704,95,2004
39393,3567.18,0,0,0,0,41.19,704,95,2004
39443,3599.71,0,0,1,0,44.37,704,96,2004
39493,3568.88,0,0,0,0,36.89,704,96,2004
39543,3618.82,0,0,0,0,-48.24,704,96,2004
39593,3581.66,0,0,0,0,37.16,704,96,2004
39643,3607.50,0,0,0,0,23.14,704,96,2004
39693,3571.43,0,0,0,0,47.39,704,96,2004
39743,3608.37,0,0,0,0,30.98,704,96,2004
39793,3575.69,0,0,0,0,31.82,704,96,2004
39843,3617.07,0,0,0,0,-45.64,704,96,2004
39894,3555.34,0,0,1,0,32.31,704,97,2004
39944,3617.94,0,0,0,0,-51.61,704,97,2004
39994,3581.66,0,0,0,0,37.16,704,97,2004
40044,3617.94,0,0,0,0,-47.37,704,97,2004
40094,3568.03,0,0,0,0,40.34,704,97,2004
40144,3607.50,0,0,0,0,34.23,704,97,2004
40194,3575.69,0,0,0,0,32.69,704,97,2004
40244,3606.64,0,0,0,0,24.87,704,97,2004
40294,3579.95,0,0,0,0,38.87,704,97,2004
40344,3618.82,0,0,0,0,-38.01,704,97,2004
40394,3580.81,0,0,0,0,37.14,704,97,2004
40444,3597.98,0,0,0,0,25.87,704,97,2004
40494,3565.49,0,0,0,0,30.77,704,97,2004
40544,3608.37,0,0,0,0,24.00,704,97,2004
40594,3581.66,0,0,0,0,37.16,704,97,2004
40644,3597.98,0,0,0,0,47.10,704,97,2004
40694,3574.83,0,0,0,0,33.54,704,97,2004
40744,3617.07,0,0,0,0,-44.79,704,97,2004
40794,3570.58,0,0,0,0,49.11,704,97,2004
40844,3618.82,0,0,0,0,-46.54,704,97,2004
40894,3579.95,0,0,0,0,38.87,704,97,2004
40944,3608.37,0,0,0,0,49.99,704,97,2004
40994,3568.88,0,0,0,0,37.76,704,97,2004
41044,3597.12,0,0,0,0,49.70,704,97,2004
41094,3573.98,0,0,0,0,24.00,704,97,2004
41144,3606.64,0,0,0,0,33.43,704,97,2004
41194,3585.94,0,0,0,0,1.72,704,97,2004
41244,3608.37,0,0,0,0,39.53,704,97,2004
41294,3585.09,0,0,0,0,21.55,704,97,2004
41344,3580.81,0,0,0,0,30.17,704,97,2004
41394,3544.42,0,0,1,0,406.06,712,98,2063
41444,3546.10,0,0,1,0,384.72,719,99,2112
41494,3545.26,0,0,1,0,332.71,725,100,2146
41544,3545.26,0,0,1,0,336.73,730,101,2178
41594,3562.95,0,0,0,0,296.07,735,101,2206
41644,3545.26,0,0,1,0,308.80,740,102,2233
41694,3597.98,0,0,0,0,58.77,740,102,2233
41744,3556.19,0,0,1,0,41.80,740,104,2233
41794,3607.50,0,0,0,0,25.72,740,104,2233
41844,3568.03,0,0,0,0,39.47,740,104,2233
41894,3607.50,0,0,0,0,36.98,740,104,2233
41944,3570.58,0,0,0,0,43.88,740,104,2233
41994,3497.32,0,1,0,0,79.22,741,104,2233
42044,3570.58,0,0,0,0,45.62,742,104,2239
42094,3616.20,0,0,0,0,-34.54,742,104,2239
42144,3583.37,0,0,0,0,25.00,742,104,2239
42194,3617.07,0,0,0,0,-35.41,742,104,2239
42244,3566.33,0,0,0,0,42.04,742,104,2239
42294,3617.94,0,0,0,0,-50.76,742,104,2239
42344,3568.88,0,0,0,0,37.76,742,104,2239
42394,3597.98,0,0,0,0,41.19,742,104,2239
42444,3564.64,0,0,0,0,35.07,742,105,2239
42494,3606.64,0,0,0,0,41.21,742,105,2239
42544,3567.18,0,0,0,0,41.19,742,105,2239
42594,3607.50,0,0,0,0,42.06,742,105,2239
42644,3585.09,0,0,0,0,21.55,742,105,2239
42694,3629.32,0,0,0,0,-49.37,742,105,2239
42744,3590.23,0,0,0,0,-39.93,742,105,2239
42795,3627.57,0,0,0,0,-45.91,742,105,2239
42845,3556.19,0,0,1,0,41.80,742,106,2239
42895,3599.71,0,0,1,0,34.05,742,107,2239
42945,3576.54,0,0,0,0,32.70,742,108,2239
42995,3618.82,0,0,0,0,-44.84,742,108,2239
43045,3581.66,0,0,0,0,47.66,742,108,2239
43095,3616.20,0,0,0,0,-24.25,742,108,2239
43145,3567.18,0,0,0,0,41.19,742,108,2239
43195,3607.50,0,0,0,0,31.83,742,108,2239
43245,3579.95,0,0,0,0,38.87,742,108,2239
43295,3629.32,0,0,0,0,-47.66,742,108,2239
43345,3580.81,0,0,0,0,37.14,742,108,2239
43395,3596.26,0,0,0,0,39.47,742,108,2239
43445,3565.49,0,0,0,0,32.50,742,108,2239
43495,3588.52,0,0,0,0,-32.33,742,109,2239
43545,3567.18,0,0,0,0,40.32,742,109,2239
43595,3617.07,0,0,0,0,-43.09,742,109,2239
43645,3580.81,0,0,0,0,48.52,742,109,2239
43695,3624.06,0,0,0,0,-31.25,742,109,2239
43745,3580.81,0,0,0,0,38.01,742,109,2239
43795,3585.94,0,0,0,0,-14.51,742,109,2239
43845,3558.72,0,0,1,0,48.78,742,110,2239
43895,3618.82,0,0,0,0,-48.24,742,110,2239
43945,3581.66,0,0,0,0,36.28,742,110,2239
43995,3617.94,0,0,0,0,-37.14,742,110,2239
44045,3576.54,0,0,0,0,30.97,742,110,2239
44095,3608.37,0,0,0,0,32.69,742,110,2239
44145,3571.43,0,0,0,0,46.52,742,110,2239
44195,3618.82,0,0,0,0,-46.54,742,110,2239
44246,3576.54,0,0,0,0,31.83,742,110,2239
44296,3617.94,0,0,0,0,-36.28,742,110,2239
44346,3581.66,0,0,0,0,37.16,742,110,2239
44396,3608.37,0,0,0,0,36.28,742,110,2239
44446,3574.83,0,0,0,0,33.54,742,110,2239
44496,3606.64,0,0,0,0,32.70,742,110,2239
44546,3567.18,0,0,0,0,41.19,742,110,2239
44596,3618.82,0,0,0,0,-51.64,742,110,2239
44646,3581.66,0,0,0,0,36.28,742,110,2239
44696,3628.45,0,0,0,0,-47.64,742,110,2239
44746,3571.43,0,0,0,0,47.39,742,110,2239
44796,3617.94,0,0,0,0,-47.37,742,110,2239
44846,3617.94,0,0,0,0,-40.55,742,110,2239
44896,3546.10,0,0,1,0,401.27,750,111,2302
44946,3544.42,0,0,1,0,435.41,757,112,2354
44996,3543.59,0,0,1,0,452.15,765,113,2409
45046,3546.10,0,0,1,0,400.23,772,114,2460
45096,3544.42,0,0,1,0,443.88,780,115,2499
45146,3545.26,0,0,1,0,398.99,787,116,2550
45196,3577.39,0,0,0,0,101.78,788,116,2550
45246,3614.46,0,0,0,0,45.86,788,118,2550
45296,3573.98,0,0,0,0,77.43,788,120,2550
45346,3612.72,0,0,0,0,15.73,788,120,2550
45396,3571.43,0,0,0,0,46.52,788,120,2550
45446,3618.82,0,0,0,0,-39.72,788,120,2550
45496,3581.66,0,0,0,0,38.03,788,120,2550
45546,3624.94,0,0,0,0,-33.85,788,120,2550
45596,3581.66,0,0,0,0,54.70,788,120,2550
45646,3624.94,0,0,0,0,-30.40,788,120,2550
45696,3571.43,0,0,0,0,48.26,788,120,2550
45746,3608.37,0,0,0,0,49.09,788,120,2550
45796,3584.23,0,0,0,0,23.27,788,120,2550
45846,3597.12,0,0,0,0,49.09,788,120,2550
45896,3567.18,0,0,0,0,42.06,788,121,2550
45946,3606.64,0,0,0,0,37.83,788,121,2550
45996,3567.18,0,0,0,0,40.32,788,121,2550
46046,3641.66,0,0,-1,0,-97.24,788,123,2550
46096,3575.69,0,0,0,0,30.95,788,123,2550
46146,3617.94,0,0,0,0,-47.37,788,123,2550
46196,3573.98,0,0,0,0,23.14,788,123,2550
46246,3607.50,0,0,0,0,30.79,788,123,2550
46296,3575.69,0,0,0,0,31.82,788,123,2550
46346,3606.64,0,0,0,0,47.96,788,123,2550
46396,3575.69,0,0,0,0,32.69,788,123,2550
46446,3628.45,0,0,0,0,-57.87,788,123,2550
46496,3590.23,0,0,0,0,-30.30,788,123,2550
46546,3631.08,0,0,0,0,-39.13,788,123,2550
46596,3591.95,0,0,0,0,-24.35,788,123,2550
46646,3624.06,0,0,0,0,-32.11,788,123,2550
46696,3585.09,0,0,0,0,22.42,788,123,2550
46746,3608.37,0,0,0,0,31.83,788,123,2550
46796,3575.69,0,0,0,0,31.82,788,123,2550
46846,3608.37,0,0,0,0,47.39,788,123,2550
46896,3575.69,0,0,0,0,32.69,788,123,2550
46946,3617.07,0,0,0,0,-31.99,788,123,2550
46996,3567.18,0,0,0,0,41.19,788,123,2550
47046,3608.37,0,0,0,0,41.19,788,123,2550
47096,3573.98,0,0,0,0,22.28,788,123,2550
47147,3618.82,0,0,0,0,-41.43,788,123,2550
47197,3580.81,0,0,0,0,38.01,788,123,2550
47247,3630.20,0,0,0,0,-47.69,788,123,2550
47297,3581.66,0,0,0,0,35.41,788,123,2550
47347,3628.45,0,0,0,0,-47.64,788,123,2550
47397,3571.43,0,0,0,0,45.64,788,123,2550
47447,3608.37,0,0,0,0,32.69,788,123,2550
47497,3580.81,0,0,0,0,38.01,788,123,2550
47547,3617.94,0,0,0,0,-37.14,788,123,2550
47597,3591.95,0,0,0,0,-29.43,788,123,2550
47647,3633.72,0,0,0,0,-42.63,788,123,2550
47697,3591.09,0,0,0,0,-33.11,788,123,2550
47747,3607.50,0,0,0,0,40.32,788,123,2550
47797,3568.03,0,0,0,0,38.61,788,123,2550
47847,3618.82,0,0,0,0,-35.44,788,123,2550
47897,3566.33,0,0,0,0,29.93,788,123,2550
47947,3597.98,0,0,0,0,37.74,788,123,2550
47997,3575.69,0,0,0,0,32.69,788,123,2550
48047,3608.37,0,0,0,0,46.52,788,123,2550
48097,3583.37,0,0,0,0,25.00,788,123,2550
48147,3617.94,0,0,0,0,-42.26,788,123,2550
48197,3568.88,0,0,0,0,39.49,788,123,2550
48247,3608.37,0,0,0,0,49.11,788,123,2550
48297,3571.43,0,0,0,0,46.52,788,123,2550
48347,3617.94,0,0,0,0,-37.14,788,123,2550
48397,3568.03,0,0,0,0,40.34,788,123,2550
48447,3617.94,0,0,0,0,-49.07,788,123,2550
48497,3581.66,0,0,0,0,36.28,788,123,2550
48547,3618.82,0,0,0,0,-47.39,788,123,2550
48598,3582.52,0,0,0,0,46.81,788,123,2550
48648,3618.82,0,0,0,0,-37.16,788,123,2550
48698,3571.43,0,0,0,0,47.39,788,123,2550
48748,3617.94,0,0,0,0,-36.28,788,123,2550
48798,3581.66,0,0,0,0,37.16,788,123,2550
48848,3609.24,0,0,0,0,21.54,788,123,2550
48898,3571.43,0,0,0,0,47.39,788,123,2550
48948,3608.37,0,0,0,0,37.16,788,123,2550
48998,3581.66,0,0,0,0,37.16,788,123,2550
49048,3617.94,0,0,0,0,-46.52,788,123,2550
49098,3618.82,0,0,0,0,-40.57,788,123,2550
49149,3840.25,-20,-3,0,-18,-294.15,800,124,2638
49199,3800.35,-8,-2,0,-23,-357.62,804,124,2661
49249,3702.79,-2,-1,0,-2,-156.69,818,125,2773
49299,3568.88,0,0,0,0,39.49,818,125,2773
49349,3559.56,0,0,1,0,48.81,818,126,2773
49399,3546.10,0,0,1,0,405.43,827,127,2839
49449,3544.42,0,0,1,0,477.02,835,128,2894
49499,3545.26,0,0,1,0,402.11,842,129,2948
49549,3583.37,0,0,0,0,165.69,843,130,2948
49599,3624.94,0,0,0,0,105.48,845,130,2954
49649,3577.39,0,0,0,0,183.89,848,130,2954
49699,3604.04,0,-1,0,-6,-253.36,850,130,2960
49750,3578.24,0,0,0,0,147.54,852,130,2967
49800,3612.72,0,0,0,0,71.88,854,130,2972
49850,3577.39,0,0,0,0,109.02,856,130,2976
49900,3622.31,0,0,0,0,60.48,857,130,2978
49950,3582.52,0,0,0,0,114.80,859,130,2983
50000,3618.82,0,0,0,0,54.95,860,130,2985
50050,3578.24,0,0,0,0,108.17,862,130,2989
50100,3618.82,0,0,0,0,-41.43,862,130,2989
50150,3571.43,0,0,0,0,43.03,862,130,2989
50200,3618.82,0,0,0,0,-39.72,862,130,2989
50250,3582.52,0,0,0,0,45.93,862,130,2989
50300,3628.45,0,0,0,0,-41.65,862,130,2989
50350,3572.28,0,0,0,0,37.83,862,130,2989
50400,3618.82,0,0,0,0,-43.98,862,130,2989
50450,3571.43,0,0,0,0,47.39,862,130,2989
50500,3604.90,0,0,-1,0,-93.00,862,132,2989
50550,3576.54,0,0,0,0,31.83,862,132,2989
50600,3607.50,0,0,0,0,38.01,862,132,2989
50650,3580.81,0,0,0,0,38.01,862,132,2989
50700,3607.50,0,0,0,0,48.26,862,132,2989
50750,3575.69,0,0,0,0,32.69,862,132,2989
50800,3617.07,0,0,0,0,-35.41,862,132,2989
50850,3579.95,0,0,0,0,38.87,862,132,2989
50900,3614.46,0,0,0,0,-23.36,862,132,2989
50950,3575.69,0,0,0,0,32.69,862,132,2989
51000,3608.37,0,0,0,0,30.11,862,132,2989
51050,3580.81,0,0,0,0,38.01,862,132,2989
51100,3624.06,0,0,0,0,-32.97,862,132,2989
51150,3567.18,0,0,0,0,41.19,862,132,2989
51200,3617.94,0,0,0,0,-50.76,862,132,2989
51250,3573.98,0,0,0,0,23.14,862,132,2989
51300,3597.12,0,0,0,0,24.85,862,132,2989
51350,3565.49,0,0,0,0,23.89,862,133,2989
51400,3597.98,0,0,0,0,24.87,862,133,2989
51450,3571.43,0,0,0,0,45.64,862,133,2989
51500,3618.82,0,0,0,0,-38.87,862,133,2989
51550,3581.66,0,0,0,0,46.79,862,133,2989
51600,3628.45,0,0,0,0,-47.64,862,133,2989
51650,3580.81,0,0,0,0,38.01,862,133,2989
51700,3608.37,0,0,0,0,49.96,862,133,2989
51750,3571.43,0,0,0,0,46.52,862,133,2989
51800,3618.82,0,0,0,0,-38.87,862,133,2989
51850,3576.54,0,0,0,0,30.97,862,133,2989
51900,3618.82,0,0,0,0,-49.09,862,133,2989
51950,3581.66,0,0,0,0,37.16,862,133,2989
52000,3607.50,0,0,0,0,29.93,862,133,2989
52050,3575.69,0,0,0,0,31.82,862,133,2989
52100,3617.07,0,0,0,0,-46.49,862,133,2989
52150,3580.81,0,0,0,0,38.01,862,133,2989
52200,3617.07,0,0,0,0,-40.53,862,133,2989
52250,3579.95,0,0,0,0,38.87,862,133,2989
52300,3618.82,0,0,0,0,-33.73,862,133,2989
52350,3576.54,0,0,0,0,31.83,862,133,2989
52400,3617.94,0,0,0,0,-42.26,862,133,2989
52450,3557.87,0,0,1,0,38.39,862,134,2989
52500,3610.11,0,0,0,0,-53.08,862,135,2989
52550,3567.18,0,0,0,0,41.19,862,135,2989
52600,3617.07,0,0,0,0,-49.04,862,135,2989
52651,3580.81,0,0,0,0,48.52,862,135,2989
52701,3622.31,0,0,0,0,-31.22,862,135,2989
52751,3590.23,0,0,0,0,-30.30,862,135,2989
52801,3618.82,0,0,0,0,-37.16,862,135,2989
52851,3591.95,0,0,0,0,-41.65,862,135,2989
52901,3618.82,0,0,0,0,-36.30,862,135,2989
52951,3581.66,0,0,0,0,37.16,862,135,2989
53001,3607.50,0,0,0,0,21.55,862,135,2989
53051,3570.58,0,0,0,0,48.24,862,135,2989
53101,3607.50,0,0,0,0,57.56,862,135,2989
53151,3573.13,0,0,0,0,24.85,862,135,2989
53201,3597.98,0,0,0,0,41.19,862,135,2989
53251,3596.26,0,0,0,0,29.11,862,135,2989
53301,3357.96,0,3,0,0,567.72,872,135,3038
53351,3544.42,0,0,1,0,346.63,875,137,3066
53401,3545.26,0,0,1,0,339.74,880,138,3098
53451,3544.42,0,0,1,0,267.52,884,139,3123
53501,3567.18,0,0,0,0,207.35,887,139,3123
53551,3606.64,0,-1,0,-9,-239.84,889,139,3132
53601,3576.54,0,0,0,0,27.50,889,139,3132
53651,3607.50,0,0,0,0,30.94,889,139,3132
53701,3552.82,0,0,1,0,64.25,889,140,3132
53751,3628.45,0,0,0,0,-47.64,889,141,3132
53801,3591.95,0,0,0,0,-22.54,889,141,3132
53851,3617.94,0,0,0,0,-35.43,889,141,3132
53901,3580.81,0,0,0,0,36.27,889,141,3132
53951,3608.37,0,0,0,0,32.67,889,141,3132
54001,3568.03,0,0,0,0,40.34,889,141,3132
54051,3608.37,0,0,0,0,31.83,889,141,3132
54102,3569.73,0,0,0,0,49.09,889,141,3132
54152,3605.77,0,0,0,0,25.73,889,141,3132
54202,3584.23,0,0,0,0,24.14,889,141,3132
54252,3623.19,0,0,0,0,-31.23,889,141,3132
54302,3591.09,0,0,0,0,-29.43,889,141,3132
54352,3618.82,0,0,0,0,-47.39,889,141,3132
54402,3574.83,0,0,0,0,33.54,889,141,3132
54452,3606.64,0,0,0,0,48.26,889,141,3132
54502,3567.18,0,0,0,0,41.19,889,141,3132
54552,3617.94,0,0,0,0,-33.72,889,141,3132
54602,3581.66,0,0,0,0,37.16,889,141,3132
54652,3597.98,0,0,0,0,40.32,889,141,3132
54702,3565.49,0,0,0,0,34.23,889,142,3132
54752,3595.40,0,0,0,0,29.06,889,142,3132
54802,3573.13,0,0,0,0,24.85,889,142,3132
54852,3608.37,0,0,0,0,41.19,889,142,3132
54902,3568.03,0,0,0,0,38.61,889,142,3132
54952,3607.50,0,0,0,0,27.43,889,142,3132
55002,3577.39,0,0,0,0,30.11,889,142,3132
55052,3607.50,0,0,0,0,38.61,889,142,3132
55102,3580.81,0,0,0,0,38.01,889,142,3132
55152,3606.64,0,0,0,0,32.70,889,142,3132
55202,3574.83,0,0,0,0,33.54,889,142,3132
55252,3617.07,0,0,0,0,-40.53,889,142,3132
55302,3577.39,0,0,0,0,30.98,889,142,3132
55352,3608.37,0,0,0,0,26.57,889,142,3132
55402,3568.88,0,0,0,0,37.76,889,142,3132
55452,3607.50,0,0,0,0,31.64,889,142,3132
55502,3575.69,0,0,0,0,31.82,889,142,3132
55552,3607.50,0,0,0,0,31.83,889,142,3132
55602,3583.37,0,0,0,0,25.00,889,142,3132
55652,3627.57,0,0,0,0,-45.05,889,142,3132
55702,3580.81,0,0,0,0,37.14,889,142,3132
55752,3607.50,0,0,0,0,41.21,889,142,3132
55802,3568.88,0,0,0,0,39.49,889,142,3132
55852,3607.50,0,0,0,0,18.04,889,142,3132
55902,3581.66,0,0,0,0,45.91,889,142,3132
55952,3618.82,0,0,0,0,-38.87,889,142,3132
56002,3581.66,0,0,0,0,35.41,889,142,3132
56052,3608.37,0,0,0,0,47.64,889,142,3132
56102,3576.54,0,0,0,0,30.97,889,142,3132
56152,3589.38,0,0,0,0,-29.81,889,143,3132
56202,3555.34,0,0,1,0,32.31,889,144,3132
56252,3608.37,0,0,0,0,25.73,889,144,3132
56302,3579.95,0,0,0,0,38.87,889,144,3132
56352,3628.45,0,0,0,0,-47.64,889,144,3132
56402,3591.09,0,0,0,0,-50.23,889,144,3132
56452,3632.84,0,0,0,0,-40.89,889,144,3132
56502,3581.66,0,0,0,0,46.79,889,144,3132
56552,3587.66,0,0,0,0,-5.14,889,144,3132
56602,3597.12,0,0,0,0,22.17,889,144,3132
56652,3544.42,0,0,1,0,505.25,898,145,3197
56702,3545.26,0,0,1,0,402.11,906,146,3252
56752,3546.10,0,0,1,0,414.82,913,147,3292
56802,3615.33,0,0,0,0,44.99,913,149,3292
56852,3584.23,0,0,0,0,77.88,913,151,3292
56902,3625.82,0,0,0,0,25.60,913,153,3292
56952,3582.52,0,0,0,0,115.71,915,153,3297
57003,3588.52,0,0,0,0,96.08,917,153,3301
57053,3561.25,0,0,0,0,48.85,917,154,3301
57103,3606.64,0,0,0,0,31.61,917,154,3301
57153,3569.73,0,0,0,0,49.09,917,155,3301
57203,3618.82,0,0,0,0,-38.87,917,155,3301
57253,3580.81,0,0,0,0,38.88,917,155,3301
57303,3618.82,0,0,0,0,-48.24,917,155,3301
57353,3566.33,0,0,0,0,31.65,917,155,3301
57403,3597.12,0,0,0,0,31.64,917,155,3301
57453,3564.64,0,0,0,0,33.35,917,155,3301
57503,3617.07,0,0,0,0,-49.04,917,155,3301
57553,3580.81,0,0,0,0,37.14,917,155,3301
57603,3587.66,0,0,0,0,-20.48,917,155,3301
57653,3546.94,0,0,1,0,42.44,917,157,3301
57703,3599.71,0,0,1,0,33.01,917,158,3301
57753,3568.88,0,0,0,0,39.49,917,158,3301
57803,3608.37,0,0,0,0,42.06,917,158,3301
57853,3568.88,0,0,0,0,39.49,917,158,3301
57903,3608.37,0,0,0,0,31.83,917,158,3301
57953,3557.03,0,0,1,0,40.95,917,159,3301
58003,3579.10,0,0,0,0,-23.75,917,160,3301
58053,3546.10,0,0,1,0,43.28,917,162,3301
58103,3607.50,0,0,0,0,49.72,917,162,3301
58153,3579.95,0,0,0,0,39.74,917,162,3301
58203,3606.64,0,0,0,0,38.03,917,162,3301
58253,3568.03,0,0,0,0,39.47,917,162,3301
58303,3617.94,0,0,0,0,-37.14,917,162,3301
58353,3576.54,0,0,0,0,30.10,917,162,3301
58403,3618.82,0,0,0,0,-49.09,917,162,3301
58454,3585.09,0,0,0,0,23.29,917,162,3301
58504,3618.82,0,0,0,0,-33.73,917,162,3301
58554,3576.54,0,0,0,0,32.70,917,162,3301
58604,3618.82,0,0,0,0,-42.28,917,162,3301
58654,3576.54,0,0,0,0,31.83,917,162,3301
58704,3617.94,0,0,0,0,-40.55,917,162,3301
58754,3575.69,0,0,0,0,32.69,917,162,3301
58804,3617.07,0,0,0,0,-31.99,917,162,3301
58854,3575.69,0,0,0,0,32.69,917,162,3301
58904,3608.37,0,0,0,0,40.34,917,162,3301
58954,3585.09,0,0,0,0,23.29,917,162,3301
59004,3618.82,0,0,0,0,-43.13,917,162,3301
59054,3571.43,0,0,0,0,46.52,917,162,3301
59104,3618.82,0,0,0,0,-38.87,917,162,3301
59154,3571.43,0,0,0,0,45.64,917,162,3301
59204,3618.82,0,0,0,0,-38.87,917,162,3301
59254,3571.43,0,0,0,0,46.52,917,162,3301
59304,3616.20,0,0,0,0,-25.97,917,162,3301
59354,3575.69,0,0,0,0,30.08,917,162,3301
59404,3597.98,0,0,0,0,42.06,917,162,3301
59454,3563.79,0,0,0,0,33.33,917,162,3301
59504,3608.37,0,0,1,0,48.81,917,163,3301
59554,3569.73,0,0,0,0,49.09,917,163,3301
59604,3607.50,0,0,0,0,35.07,917,163,3301
59654,3608.37,0,0,0,0,42.02,917,163,3301
59704,3546.10,0,0,1,0,405.43,924,164,3352
59754,3426.22,0,2,0,0,490.23,933,164,3400
59804,3545.26,0,0,1,0,395.88,938,165,3429
59854,3545.26,0,0,1,0,354.89,944,166,3462
59904,3546.10,0,0,1,0,363.21,950,167,3494
59954,3612.72,0,0,0,0,12.22,950,167,3494
60004,3571.43,0,0,0,0,47.39,950,167,3494
60054,3596.26,0,0,0,0,36.71,950,167,3494
60104,3569.73,0,0,0,0,47.34,950,167,3494
60154,3623.19,0,0,0,0,-32.09,950,167,3494
60204,3579.95,0,0,0,0,45.86,950,167,3494
60254,3599.71,0,0,1,0,33.17,950,168,3494
60304,3565.49,0,0,0,0,30.77,950,168,3494
60354,3599.71,0,0,1,0,38.39,950,169,3494
60404,3567.18,0,0,0,0,42.06,950,170,3494
60454,3618.82,0,0,0,0,-33.73,950,170,3494
60504,3580.81,0,0,0,0,37.14,950,170,3494
60554,3597.98,0,0,0,0,40.32,950,170,3494
60604,3576.54,0,0,0,0,30.10,950,170,3494
60654,3608.37,0,0,0,0,33.55,950,170,3494
60704,3568.88,0,0,0,0,38.62,950,170,3494
60754,3607.50,0,0,0,0,30.10,950,170,3494
60804,3574.83,0,0,0,0,33.54,950,170,3494
60854,3607.50,0,0,0,0,32.70,950,170,3494
60904,3572.28,0,0,0,0,25.71,950,170,3494
60954,3608.37,0,0,0,0,33.35,950,170,3494
61004,3571.43,0,0,0,0,45.64,950,170,3494
61054,3618.82,0,0,0,0,-38.87,950,170,3494
61104,3577.39,0,0,0,0,30.98,950,170,3494
61154,3597.98,0,0,0,0,49.09,950,170,3494
61204,3556.19,0,0,1,0,41.80,950,171,3494
61254,3610.11,0,0,0,0,-50.55,950,172,3494
61304,3579.95,0,0,0,0,38.87,950,172,3494
61355,3618.82,0,0,0,0,-38.87,950,172,3494
61405,3591.95,0,0,0,0,-41.43,950,172,3494
61455,3617.94,0,0,0,0,-36.28,950,172,3494
61505,3576.54,0,0,0,0,31.83,950,172,3494
61555,3599.71,0,0,1,0,42.40,950,173,3494
61605,3563.79,0,0,0,0,35.92,950,174,3494
61655,3606.64,0,0,0,0,24.00,950,174,3494
61705,3575.69,0,0,0,0,31.82,950,174,3494
61755,3607.50,0,0,0,0,32.69,950,174,3494
61805,3568.88,0,0,0,0,37.76,950,174,3494
61855,3618.82,0,0,0,0,-43.13,950,174,3494
61905,3581.66,0,0,0,0,37.16,950,174,3494
61955,3608.37,0,0,0,0,23.27,950,174,3494
62005,3591.95,0,0,0,0,-32.02,950,174,3494
62055,3607.50,0,0,0,0,34.54,950,174,3494
62105,3573.98,0,0,0,0,24.00,950,174,3494
62155,3596.26,0,0,0,0,34.23,950,174,3494
62205,3567.18,0,0,0,0,41.19,950,174,3494
62255,3587.66,0,0,0,0,-20.48,950,174,3494
62305,3565.49,0,0,0,0,34.23,950,175,3494
62355,3596.26,0,0,0,0,36.89,950,175,3494
62405,3567.18,0,0,0,0,40.32,950,175,3494
62455,3608.37,0,0,0,0,47.39,950,175,3494
62505,3579.95,0,0,0,0,38.87,950,175,3494
62555,3581.66,0,0,0,0,37.16,950,175,3494
62605,3917.47,0,-4,0,-12,-193.54,959,175,3534
62655,3545.26,0,0,1,0,395.88,968,176,3619
62705,3544.42,0,0,1,0,467.34,975,177,3664
62755,3545.26,0,0,1,0,402.11,982,178,3715
62806,3545.26,0,0,1,0,354.89,988,179,3749
62856,3545.26,0,0,1,0,352.87,993,180,3783
62906,3544.42,0,0,1,0,293.86,998,181,3812
62956,3543.59,0,0,1,0,290.77,1003,182,3838
63006,3596.26,0,-2,0,0,-338.76,1007,182,3838
63056,3574.83,0,0,0,0,161.16,1010,182,3844
63106,3619.69,0,0,0,0,76.71,1012,182,3851
63156,3581.66,0,0,0,0,37.16,1012,182,3851
63206,3617.94,0,0,0,0,-47.37,1012,182,3851
63256,3571.43,0,0,0,0,38.68,1012,182,3851
63306,3607.50,0,0,0,0,23.20,1012,182,3851
63356,3576.54,0,0,0,0,30.97,1012,182,3851
63406,3618.82,0,0,0,0,-42.28,1012,182,3851
63456,3581.66,0,0,0,0,36.28,1012,182,3851
63506,3629.32,0,0,0,0,-47.66,1012,182,3851
63556,3571.43,0,0,0,0,57.90,1012,182,3851
63606,3588.52,0,0,0,0,-31.49,1012,183,3851
63656,3546.94,0,0,1,0,40.72,1012,185,3851
63706,3599.71,0,0,1,0,30.63,1012,186,3851
63756,3575.69,0,0,0,0,31.82,1012,186,3851
63806,3627.57,0,0,0,0,-45.91,1012,186,3851
63856,3580.81,0,0,0,0,48.52,1012,186,3851
63906,3618.82,0,0,0,0,-37.16,1012,186,3851
63956,3567.18,0,0,0,0,41.19,1012,186,3851
64006,3597.98,0,0,0,0,32.48,1012,186,3851
64056,3566.33,0,0,0,0,29.06,1012,186,3851
64106,3607.50,0,0,0,0,31.64,1012,186,3851
64156,3575.69,0,0,0,0,32.69,1012,186,3851
64206,3597.98,0,0,0,0,39.47,1012,186,3851
64256,3566.33,0,0,0,0,31.65,1012,186,3851
64306,3589.38,0,0,0,0,-44.11,1012,187,3851
64356,3565.49,0,0,0,0,22.17,1012,187,3851
64406,3618.82,0,0,0,0,-54.18,1012,187,3851
64456,3591.95,0,0,0,0,-49.89,1012,187,3851
64506,3618.82,0,0,0,0,-38.87,1012,187,3851
64556,3576.54,0,0,0,0,30.10,1012,187,3851
64606,3609.24,0,0,0,0,34.41,1012,187,3851
64656,3568.88,0,0,0,0,37.76,1012,187,3851
64706,3586.80,0,0,0,0,-21.31,1012,187,3851
64756,3572.28,0,0,0,0,24.84,1012,187,3851
64806,3617.94,0,0,0,0,-43.96,1012,187,3851
64856,3579.95,0,0,0,0,38.87,1012,187,3851
64906,3618.82,0,0,0,0,-38.87,1012,187,3851
64956,3580.81,0,0,0,0,37.14,1012,187,3851
65006,3614.46,0,0,0,0,-22.50,1012,187,3851
65056,3579.95,0,0,0,0,38.87,1012,187,3851
65106,3597.98,0,0,0,0,47.39,1012,187,3851
65156,3547.78,0,0,1,0,17.71,1012,188,3851
65206,3577.39,0,0,0,0,-30.45,1012,189,3851
65256,3557.03,0,0,1,0,30.63,1012,191,3851
65306,3618.82,0,0,0,0,-42.28,1012,191,3851
65356,3591.09,0,0,0,0,-32.87,1012,191,3851
65406,3608.37,0,0,0,0,38.92,1012,191,3851
65456,3608.37,0,0,0,0,40.34,1012,191,3851
65506,3545.26,0,0,1,0,353.88,1018,192,3898
65556,3543.59,0,0,1,0,306.52,1023,193,3929
65606,3543.59,0,0,1,0,256.77,1027,194,3953
65656,3603.17,0,-1,0,-8,-227.28,1029,194,3961
65707,3574.83,0,0,0,0,81.92,1030,195,3962
65757,3608.37,0,0,0,0,3.43,1030,195,3962
65807,3570.58,0,0,0,0,41.27,1030,195,3962
65857,3618.82,0,0,0,0,-36.30,1030,195,3962
65907,3580.81,0,0,0,0,38.88,1030,195,3962
65957,3606.64,0,0,0,0,23.25,1030,195,3962
66007,3579.95,0,0,0,0,35.38,1030,195,3962
66057,3606.64,0,0,0,0,35.34,1030,195,3962
66107,3575.69,0,0,0,0,32.69,1030,195,3962
66157,3618.82,0,0,0,0,-48.24,1030,195,3962
66207,3565.49,0,0,0,0,31.64,1030,195,3962
66257,3597.12,0,0,0,0,29.06,1030,195,3962
66307,3564.64,0,0,0,0,35.07,1030,196,3962
66357,3608.37,0,0,0,0,39.47,1030,196,3962
66407,3585.09,0,0,0,0,23.29,1030,196,3962
66457,3618.82,0,0,0,0,-38.87,1030,196,3962
66507,3585.09,0,0,0,0,21.55,1030,196,3962
66557,3597.98,0,0,0,0,32.69,1030,196,3962
66607,3568.03,0,0,0,0,40.34,1030,196,3962
66657,3607.50,0,0,0,0,24.87,1030,196,3962
66707,3564.64,0,0,0,0,33.35,1030,196,3962
66757,3617.07,0,0,0,0,-40.53,1030,196,3962
66807,3583.37,0,0,0,0,25.00,1030,196,3962
66857,3618.82,0,0,0,0,-43.13,1030,196,3962
66907,3576.54,0,0,0,0,30.97,1030,196,3962
66957,3607.50,0,0,0,0,48.22,1030,196,3962
67007,3568.03,0,0,0,0,38.61,1030,196,3962
67057,3608.37,0,0,0,0,41.21,1030,196,3962
67107,3581.66,0,0,0,0,36.28,1030,196,3962
67158,3608.37,0,0,0,0,35.41,1030,196,3962
67208,3574.83,0,0,0,0,32.67,1030,196,3962
67258,3606.64,0,0,0,0,40.34,1030,196,3962
67308,3573.13,0,0,0,0,24.85,1030,196,3962
67358,3607.50,0,0,0,0,40.32,1030,196,3962
67408,3568.88,0,0,0,0,37.76,1030,196,3962
67458,3608.37,0,0,0,0,46.49,1030,196,3962
67508,3576.54,0,0,0,0,31.83,1030,196,3962
67558,3608.37,0,0,0,0,30.10,1030,196,3962
67608,3575.69,0,0,0,0,32.69,1030,196,3962
67658,3617.94,0,0,0,0,-41.41,1030,196,3962
67708,3570.58,0,0,0,0,47.37,1030,196,3962
67758,3608.37,0,0,0,0,39.47,1030,196,3962
67808,3565.49,0,0,0,0,30.77,1030,196,3962
67858,3589.38,0,0,0,0,-31.50,1030,197,3962
67908,3558.72,0,0,1,0,49.65,1030,198,3962
67958,3597.12,0,0,0,0,35.92,1030,198,3962
68008,3546.94,0,0,1,0,39.01,1030,199,3962
68058,3597.98,0,0,1,0,40.11,1030,200,3962
68108,3565.49,0,0,0,0,23.89,1030,201,3962
68158,3597.98,0,0,0,0,25.71,1030,201,3962
68208,3576.54,0,0,0,0,30.97,1030,201,3962
68258,3608.37,0,0,0,0,30.10,1030,201,3962
68308,3581.66,0,0,0,0,37.16,1030,201,3962
68358,3581.66,0,0,0,0,34.54,1030,201,3962
68408,3739.72,0,-1,0,0,-35.10,1035,201,3988
68458,3543.59,0,0,1,0,280.99,1039,202,4018
68508,3600.58,0,-1,0,-2,-302.95,1041,202,4020
68558,3568.03,0,0,0,0,151.29,1043,202,4027
68608,3615.33,0,0,0,0,35.19,1043,203,4027
68658,3571.43,0,0,0,0,45.64,1043,203,4027
68708,3608.37,0,0,0,0,42.10,1043,203,4027
68758,3569.73,0,0,0,0,42.12,1043,203,4027
68808,3596.26,0,0,0,0,32.61,1043,203,4027
68858,3568.03,0,0,0,0,39.47,1043,203,4027
68908,3607.50,0,0,0,0,42.06,1043,203,4027
68958,3566.33,0,0,0,0,31.65,1043,203,4027
69008,3599.71,0,0,1,0,38.37,1043,204,4027
69058,3563.79,0,0,0,0,33.33,1043,204,4027
69108,3597.98,0,0,0,0,40.30,1043,204,4027
69158,3565.49,0,0,0,0,30.77,1043,204,4027
69208,3608.37,0,0,0,0,37.74,1043,204,4027
69258,3571.43,0,0,0,0,47.39,1043,204,4027
69308,3617.94,0,0,0,0,-35.43,1043,204,4027
69358,3591.95,0,0,0,0,-41.65,1043,204,4027
69408,3608.37,0,0,0,0,-35.62,1043,204,4027
69458,3555.34,0,0,1,0,32.31,1043,205,4027
69508,3587.66,0,0,0,0,-38.20,1043,206,4027
69558,3557.03,0,0,1,0,30.63,1043,208,4027
69608,3607.50,0,0,0,0,33.36,1043,208,4027
69658,3566.33,0,0,0,0,42.04,1043,208,4027
69708,3607.50,0,0,0,0,31.65,1043,208,4027
69758,3580.81,0,0,0,0,38.01,1043,208,4027
69808,3608.37,0,0,0,0,31.82,1043,208,4027
69858,3568.03,0,0,0,0,38.61,1043,208,4027
69908,3597.98,0,0,0,0,24.84,1043,208,4027
69958,3576.54,0,0,0,0,30.97,1043,208,4027
70008,3608.37,0,0,0,0,20.68,1043,208,4027
70059,3575.69,0,0,0,0,32.69,1043,208,4027
70109,3617.94,0,0,0,0,-42.26,1043,208,4027
70159,3480.28,0,1,0,0,47.47,1044,209,4027
70209,3355.70,2,3,0,0,34.89,1051,209,4027
70259,3268.69,0,4,0,1,29.47,1058,209,4031
70309,3121.75,1,6,0,3,58.91,1074,209,4038
70359,3038.90,0,7,0,3,64.12,1087,209,4041
70409,2930.83,2,8,0,1,25.42,1110,209,4045
70459,2846.30,0,9,0,1,28.92,1128,209,4048
70509,2766.51,0,10,0,0,21.08,1148,209,4050
70559,2719.85,11,11,0,5,115.15,1182,209,4081
70609,2546.26,7,13,0,2,56.10,1207,209,4087
70659,2464.67,7,14,0,2,54.22,1235,209,4090
70709,2380.57,7,15,0,2,60.43,1265,209,4092
70759,2298.50,10,16,0,2,65.94,1297,209,4094
70809,2218.61,14,17,0,2,68.68,1331,209,4096
70859,2206.86,0,18,0,0,11.75,1349,209,4096
70909,2261.76,0,17,0,-8,-238.83,1386,209,4110
70959,2047.22,7,20,0,0,21.74,1425,209,4116
71009,1973.17,19,21,0,0,17.81,1466,209,4117
71059,1914.73,4,21,0,1,58.43,1487,209,4118
71109,1840.94,16,22,0,1,54.91,1531,209,4119
71159,1821.27,0,23,0,0,19.67,1554,209,4119
71209,1749.27,18,24,0,0,13.98,1601,209,4120
71259,1687.67,6,24,0,1,61.60,1625,209,4121
71309,1674.67,0,25,0,0,13.00,1650,209,4121
71359,1600.68,16,25,0,0,11.53,1700,209,4122
71409,1536.41,7,26,0,1,64.27,1726,209,4123
71459,1528.27,0,26,0,0,8.14,1752,209,4123
71510,1462.13,0,27,0,1,66.14,1779,209,4124
71560,1395.74,24,28,0,1,48.65,1835,209,4125
71610,1380.71,16,28,0,0,15.03,1863,209,4125
71660,1312.34,14,29,0,1,68.37,1892,209,4126
71710,1305.94,8,29,0,0,6.40,1921,209,4126
71760,1237.83,9,30,0,1,68.11,1951,209,4127
71810,1231.83,7,30,0,0,6.00,1981,209,4127
71860,1161.35,12,31,0,1,70.48,2012,209,4128
71910,1158.21,12,31,0,0,3.14,2043,209,4128
71960,1085.54,19,32,0,1,72.67,2075,209,4129
72010,1082.25,23,32,0,0,3.29,2107,209,4129
72060,1082.25,0,32,0,0,3.29,2107,209,4129
72110,986.78,0,33,0,1,95.47,2140,209,4130
72160,1036.84,0,33,0,0,-50.07,2173,209,4130
72210,926.73,10,34,0,1,110.12,2207,209,4131
72260,923.70,24,34,0,0,3.02,2241,209,4131
72310,923.70,0,34,0,0,3.02,2241,209,4131
72360,850.77,0,35,0,1,72.93,2276,209,4132
72410,841.42,17,35,0,0,9.35,2311,209,4132
72460,841.42,0,35,0,0,9.35,2311,209,4132
72510,755.63,0,36,0,1,85.79,2347,209,4133
72560,752.14,28,37,0,0,3.49,2384,209,4133
72610,752.14,0,37,0,0,3.49,2384,209,4133
72660,683.56,15,37,0,0,68.59,2421,209,4133
72710,683.56,0,37,0,0,68.59,2421,209,4133
72760,653.59,9,38,0,0,29.96,2459,209,4133
72810,653.59,0,38,0,0,29.96,2459,209,4133
72860,576.41,14,39,0,0,77.18,2498,209,4133
72910,576.41,0,39,0,0,77.18,2498,209,4133
72960,539.82,26,39,0,0,36.59,2537,209,4133
73010,539.82,0,39,0,0,36.59,2537,209,4133
73060,539.82,0,39,0,0,36.59,2537,209,4133
73110,446.35,14,40,0,0,93.47,2577,209,4133
73160,446.35,0,40,0,0,93.47,2577,209,4133
73210,446.35,0,40,0,0,93.47,2577,209,4133
73260,388.41,17,41,0,0,57.94,2618,209,4133
73310,388.41,0,41,0,0,57.94,2618,209,4133
73360,388.41,0,41,0,0,57.94,2618,209,4133
73410,388.41,0,41,0,0,57.94,2618,209,4133
74573,44.86,0,41,0,0,57.94,2618,209,4133
74624,44.86,0,41,0,0,57.94,2618,209,4133
74674,44.86,0,41,0,0,57.94,2618,209,4133
74724,44.86,0,41,0,0,57.94,2618,209,4133
74774,44.86,0,41,0,0,57.94,2618,209,4133
74824,0.00,0,41,0,0,57.94,2618,209,4133
74874,0.00,0,41,0,0,57.94,2618,209,4133
74924,0.00,0,41,0,0,57.94,2618,209,4133
74974,0.00,0,41,0,0,57.94,2618,209,4133
75024,0.00,0,41,0,0,57.94,2618,209,4133
75074,0.00,0,41,0,0,57.94,2618,209,4133
75124,0.00,0,41,0,0,57.94,2618,209,4133
75174,0.00,0,41,0,0,57.94,2618,209,4133
75224,0.00,0,41,0,0,57.94,2618,209,4133
75274,0.00,0,41,0,0,57.94,2618,209,4133
75324,0.00,0,41,0,0,57.94,2618,209,4133
75374,0.00,0,41,0,0,57.94,2618,209,4133
75424,0.00,0,41,0,0,57.94,2618,209,4133
75474,0.00,0,41,0,0,57.94,2618,209,4133
75524,0.00,0,41,0,0,57.94,2618,209,4133
75574,0.00,0,41,0,0,57.94,2618,209,4133
75624,0.00,0,41,0,0,57.94,2618,209,4133
75674,0.00,0,41,0,0,57.94,2618,209,4133
75724,0.00,0,41,0,0,57.94,2618,209,4133
75774,0.00,0,41,0,0,57.94,2618,209,4133
75824,0.00,0,41,0,0,57.94,2618,209,4133
75874,0.00,0,41,0,0,57.94,2618,209,4133
75924,0.00,0,41,0,0,57.94,2618,209,4133
75974,0.00,0,41,0,0,57.94,2618,209,4133
76024,0.00,0,41,0,0,57.94,2618,209,4133
76075,0.00,0,41,0,0,57.94,2618,209,4133
76125,0.00,0,41,0,0,57.94,2618,209,4133
76175,0.00,0,41,0,0,57.94,2618,209,4133
76225,0.00,0,41,0,0,57.94,2618,209,4133
76275,0.00,0,41,0,0,57.94,2618,209,4133
76325,0.00,0,41,0,0,57.94,2618,209,4133
76375,0.00,0,41,0,0,57.94,2618,209,4133
76425,0.00,0,41,0,0,57.94,2618,209,4133
76475,0.00,0,41,0,0,57.94,2618,209,4133
76525,0.00,0,41,0,0,57.94,2618,209,4133
76575,0.00,0,41,0,0,57.94,2618,209,4133
76625,0.00,0,41,0,0,57.94,2618,209,4133
76675,0.00,0,41,0,0,57.94,2618,209,4133
76725,0.00,0,41,0,0,57.94,2618,209,4133
76775,0.00,0,41,0,0,57.94,2618,209,4133
76825,0.00,0,41,0,0,57.94,2618,209,4133
76875,0.00,0,41,0,0,57.94,2618,209,4133
76925,0.00,0,41,0,0,57.94,2618,209,4133
76975,0.00,0,41,0,0,57.94,2618,209,4133
77025,0.00,0,41,0,0,57.94,2618,209,4133
77075,0.00,0,41,0,0,57.94,2618,209,4133
77125,0.00,0,41,0,0,57.94,2618,209,4133
77175,0.00,0,41,0,0,57.94,2618,209,4133
77225,0.00,0,41,0,0,57.94,2618,209,4133
77275,0.00,0,41,0,0,57.94,2618,209,4133
77325,0.00,0,41,0,0,57.94,2618,209,4133
77375,0.00,0,41,0,0,57.94,2618,209,4133
77425,0.00,0,41,0,0,57.94,2618,209,4133
77475,0.00,0,41,0,0,57.94,2618,209,4133
77526,0.00,0,41,0,0,57.94,2618,209,4133
77576,0.00,0,41,0,0,57.94,2618,209,4133
77626,0.00,0,41,0,0,57.94,2618,209,4133
77676,0.00,0,41,0,0,57.94,2618,209,4133
77726,0.00,0,41,0,0,57.94,2618,209,4133
77776,0.00,0,41,0,0,57.94,2618,209,4133
77826,0.00,0,41,0,0,57.94,2618,209,4133
77876,0.00,0,41,0,0,57.94,2618,209,4133
77926,0.00,0,41,0,0,57.94,2618,209,4133
77976,0.00,0,41,0,0,57.94,2618,209,4133
78026,0.00,0,41,0,0,57.94,2618,209,4133
78076,0.00,0,41,0,0,57.94,2618,209,4133
78126,0.00,0,41,0,0,57.94,2618,209,4133
78176,0.00,0,41,0,0,57.94,2618,209,4133
78226,0.00,0,41,0,0,57.94,2618,209,4133
78276,0.00,0,41,0,0,57.94,2618,209,4133
78326,0.00,0,41,0,0,57.94,2618,209,4133
78376,0.00,0,41,0,0,57.94,2618,209,4133
78426,0.00,0,41,0,0,57.94,2618,209,4133
78476,0.00,0,41,0,0,57.94,2618,209,4133
78526,0.00,0,41,0,0,57.94,2618,209,4133
78576,0.00,0,41,0,0,57.94,2618,209,4133
78626,0.00,0,41,0,0,57.94,2618,209,4133
78676,0.00,0,41,0,0,57.94,2618,209,4133
78726,0.00,0,41,0,0,57.94,2618,209,4133
78776,0.00,0,41,0,0,57.94,2618,209,4133
78826,0.00,0,41,0,0,57.94,2618,209,4133
78876,0.00,0,41,0,0,57.94,2618,209,4133
78926,0.00,0,41,0,0,57.94,2618,209,4133
78976,0.00,0,41,0,0,57.94,2618,209,4133
79026,0.00,0,41,0,0,57.94,2618,209,4133
79076,0.00,0,41,0,0,57.94,2618,209,4133
79126,0.00,0,41,0,0,57.94,2618,209,4133
79176,0.00,0,41,0,0,57.94,2618,209,4133
79226,0.00,0,41,0,0,57.94,2618,209,4133
79276,0.00,0,41,0,0,57.94,2618,209,4133
79326,0.00,0,41,0,0,57.94,2618,209,4133
79376,0.00,0,41,0,0,57.94,2618,209,4133
79426,0.00,0,41,0,0,57.94,2618,209,4133
79476,0.00,0,41,0,0,57.94,2618,209,4133
79526,0.00,0,41,0,0,57.94,2618,209,4133
79576,0.00,0,41,0,0,57.94,2618,209,4133
79626,0.00,0,41,0,0,57.94,2618,209,4133
79676,0.00,0,41,0,0,57.94,2618,209,4133
79726,0.00,0,41,0,0,57.94,2618,209,4133
79776,0.00,0,41,0,0,57.94,2618,209,4133
79826,0.00,0,41,0,0,57.94,2618,209,4133
79876,0.00,0,41,0,0,57.94,2618,209,4133
79926,0.00,0,41,0,0,57.94,2618,209,4133
79976,0.00,0,41,0,0,57.94,2618,209,4133
80026,0.00,0,41,0,0,57.94,2618,209,4133
80076,0.00,0,41,0,0,57.94,2618,209,4133
80126,0.00,0,41,0,0,57.94,2618,209,4133
80176,0.00,0,41,0,0,57.94,2618,209,4133
80226,0.00,0,41,0,0,57.94,2618,209,4133
80276,0.00,0,41,0,0,57.94,2618,209,4133
80326,0.00,0,41,0,0,57.94,2618,209,4133
80376,0.00,0,41,0,0,57.94,2618,209,4133
80427,0.00,0,41,0,0,57.94,2618,209,4133
80477,0.00,0,41,0,0,57.94,2618,209,4133
80527,0.00,0,41,0,0,57.94,2618,209,4133
80577,0.00,0,41,0,0,57.94,2618,209,4133
80627,0.00,0,41,0,0,57.94,2618,209,4133
80677,0.00,0,41,0,0,57.94,2618,209,4133
80727,0.00,0,41,0,0,57.94,2618,209,4133
80777,0.00,0,41,0,0,57.94,2618,209,4133
80827,0.00,0,41,0,0,57.94,2618,209,4133
80877,0.00,0,41,0,0,57.94,2618,209,4133
80927,0.00,0,41,0,0,57.94,2618,209,4133
80977,0.00,0,41,0,0,57.94,2618,209,4133
