Mechanical Governor - Constant Load (1500 W)
Trial: 2
Date: 3-31-2023
Time: 12:32 PM
Ambient Temp: 83
Head Temp: 227.8

------ Microcontroller Engine Governor - Version: 1.16 ------
-------------------------------------------------------------
PID Gains:        Kp: 0.013000   Ki: 0.025000   Kd: 1.000000
-------------------------------------------------------------
Set RPM:             3600    |  Min RPM:                300
                             |
RPM Precision        10       |  PID I Precision:         70
                             |
Start Steps:         850     |  Max Steps:               1200
                             |
RPM Calc Interval:   1       |  Num Magnets:             1
                             |
LCD Update Interval: 400     |  Serial Update Interval:  50
-------------------------------------------------------------

Time,RPM,Steps Remaining, PID p, PID i, PID d, RPM Change, P Cmd, I Cmd, D Cmd
1226,0.00,0,0,0,0,0.00,0,0,0
1276,0.00,0,0,0,0,0.00,0,0,0
1326,0.00,0,0,0,0,0.00,0,0,0
1376,0.00,0,0,0,0,0.00,0,0,0
1426,0.00,0,0,0,0,0.00,0,0,0
1476,0.00,0,0,0,0,0.00,0,0,0
1526,0.00,0,0,0,0,0.00,0,0,0
1576,0.00,0,0,0,0,0.00,0,0,0
1626,0.00,0,0,0,0,0.00,0,0,0
1676,0.00,0,0,0,0,0.00,0,0,0
1726,0.00,0,0,0,0,0.00,0,0,0
1776,0.00,0,0,0,0,0.00,0,0,0
1826,0.00,0,0,0,0,0.00,0,0,0
1876,0.00,0,0,0,0,0.00,0,0,0
1926,0.00,0,0,0,0,0.00,0,0,0
1976,0.00,0,0,0,0,0.00,0,0,0
2026,0.00,0,0,0,0,0.00,0,0,0
2076,0.00,0,0,0,0,0.00,0,0,0
2126,0.00,0,0,0,0,0.00,0,0,0
2176,0.00,0,0,0,0,0.00,0,0,0
2226,0.00,0,0,0,0,0.00,0,0,0
2276,0.00,0,0,0,0,0.00,0,0,0
2326,0.00,0,0,0,0,0.00,0,0,0
2376,0.00,0,0,0,0,0.00,0,0,0
2426,0.00,0,0,0,0,0.00,0,0,0
2476,0.00,0,0,0,0,0.00,0,0,0
2526,0.00,0,0,0,0,0.00,0,0,0
2576,0.00,0,0,0,0,0.00,0,0,0
2626,0.00,0,0,0,0,0.00,0,0,0
2676,0.00,0,0,0,0,0.00,0,0,0
2726,0.00,0,0,0,0,0.00,0,0,0
2776,0.00,0,0,0,0,0.00,0,0,0
2826,0.00,0,0,0,0,0.00,0,0,0
2876,0.00,0,0,0,0,0.00,0,0,0
2926,0.00,0,0,0,0,0.00,0,0,0
2976,0.00,0,0,0,0,0.00,0,0,0
3026,0.00,0,0,0,0,0.00,0,0,0
3076,0.00,0,0,0,0,0.00,0,0,0
3126,0.00,0,0,0,0,0.00,0,0,0
3176,0.00,0,0,0,0,0.00,0,0,0
3226,0.00,0,0,0,0,0.00,0,0,0
3276,0.00,0,0,0,0,0.00,0,0,0
3326,0.00,0,0,0,0,0.00,0,0,0
3376,0.00,0,0,0,0,0.00,0,0,0
3426,0.00,0,0,0,0,0.00,0,0,0
3476,0.00,0,0,0,0,0.00,0,0,0
3526,0.00,0,0,0,0,0.00,0,0,0
3576,0.00,0,0,0,0,0.00,0,0,0
3627,0.00,0,0,0,0,0.00,0,0,0
3677,0.00,0,0,0,0,0.00,0,0,0
3727,0.00,0,0,0,0,0.00,0,0,0
3777,0.00,0,0,0,0,0.00,0,0,0
3827,0.00,0,0,0,0,0.00,0,0,0
3877,0.00,0,0,0,0,0.00,0,0,0
3927,0.00,0,0,0,0,0.00,0,0,0
3977,0.00,0,0,0,0,0.00,0,0,0
4027,0.00,0,0,0,0,0.00,0,0,0
4077,0.00,0,0,0,0,0.00,0,0,0
4127,0.00,0,0,0,0,0.00,0,0,0
4177,0.00,0,0,0,0,0.00,0,0,0
4227,0.00,0,0,0,0,0.00,0,0,0
4277,0.00,0,0,0,0,0.00,0,0,0
4327,0.00,0,0,0,0,0.00,0,0,0
4377,0.00,0,0,0,0,0.00,0,0,0
4427,0.00,0,0,0,0,0.00,0,0,0
4477,0.00,0,0,0,0,0.00,0,0,0
4527,0.00,0,0,0,0,0.00,0,0,0
4577,0.00,0,0,0,0,0.00,0,0,0
4627,0.00,0,0,0,0,0.00,0,0,0
4677,0.00,0,0,0,0,0.00,0,0,0
4727,0.00,0,0,0,0,0.00,0,0,0
4777,0.00,0,0,0,0,0.00,0,0,0
4827,0.00,0,0,0,0,0.00,0,0,0
4877,0.00,0,0,0,0,0.00,0,0,0
4927,0.00,0,0,0,0,0.00,0,0,0
4977,0.00,0,0,0,0,0.00,0,0,0
5027,0.00,0,0,0,0,0.00,0,0,0
5078,0.00,0,0,0,0,0.00,0,0,0
5128,0.00,0,0,0,0,0.00,0,0,0
5178,0.00,0,0,0,0,0.00,0,0,0
5228,0.00,0,0,0,0,0.00,0,0,0
5278,0.00,0,0,0,0,0.00,0,0,0
5328,0.00,0,0,0,0,0.00,0,0,0
5378,0.00,0,0,0,0,0.00,0,0,0
5428,0.00,0,0,0,0,0.00,0,0,0
5478,0.00,0,0,0,0,0.00,0,0,0
5528,0.00,0,0,0,0,0.00,0,0,0
5578,0.00,0,0,0,0,0.00,0,0,0
5628,0.00,0,0,0,0,0.00,0,0,0
5678,0.00,0,0,0,0,0.00,0,0,0
5728,0.00,0,0,0,0,0.00,0,0,0
5778,0.00,0,0,0,0,0.00,0,0,0
5828,0.00,0,0,0,0,0.00,0,0,0
5878,0.00,0,0,0,0,0.00,0,0,0
5928,0.00,0,0,0,0,0.00,0,0,0
5978,0.00,0,0,0,0,0.00,0,0,0
6028,0.00,0,0,0,0,0.00,0,0,0
6078,0.00,0,0,0,0,0.00,0,0,0
6128,0.00,0,0,0,0,0.00,0,0,0
6178,0.00,0,0,0,0,0.00,0,0,0
6228,0.00,0,0,0,0,0.00,0,0,0
6278,0.00,0,0,0,0,0.00,0,0,0
6328,0.00,0,0,0,0,0.00,0,0,0
6378,0.00,0,0,0,0,0.00,0,0,0
6428,0.00,0,0,0,0,0.00,0,0,0
6478,0.00,0,0,0,0,0.00,0,0,0
6528,0.00,0,0,0,0,0.00,0,0,0
6578,0.00,0,0,0,0,0.00,0,0,0
6628,0.00,0,0,0,0,0.00,0,0,0
6678,0.00,0,0,0,0,0.00,0,0,0
6728,0.00,0,0,0,0,0.00,0,0,0
6778,0.00,0,0,0,0,0.00,0,0,0
6828,0.00,0,0,0,0,0.00,0,0,0
6878,0.00,0,0,0,0,0.00,0,0,0
6928,0.00,0,0,0,0,0.00,0,0,0
6978,0.00,0,0,0,0,0.00,0,0,0
7028,0.00,0,0,0,0,0.00,0,0,0
7078,0.00,0,0,0,0,0.00,0,0,0
7128,0.00,0,0,0,0,0.00,0,0,0
7178,0.00,0,0,0,0,0.00,0,0,0
7228,0.00,0,0,0,0,0.00,0,0,0
7278,0.00,0,0,0,0,0.00,0,0,0
7328,0.00,0,0,0,0,0.00,0,0,0
7378,0.00,0,0,0,0,0.00,0,0,0
7428,0.00,0,0,0,0,0.00,0,0,0
7478,0.00,0,0,0,0,0.00,0,0,0
7528,0.00,0,0,0,0,0.00,0,0,0
7578,0.00,0,0,0,0,0.00,0,0,0
7628,0.00,0,0,0,0,0.00,0,0,0
7678,0.00,0,0,0,0,0.00,0,0,0
7728,0.00,0,0,0,0,0.00,0,0,0
7778,0.00,0,0,0,0,0.00,0,0,0
7828,0.00,0,0,0,0,0.00,0,0,0
7878,0.00,0,0,0,0,0.00,0,0,0
7928,0.00,0,0,0,0,0.00,0,0,0
7979,0.00,0,0,0,0,0.00,0,0,0
8029,0.00,0,0,0,0,0.00,0,0,0
8079,0.00,0,0,0,0,0.00,0,0,0
8129,0.00,0,0,0,0,0.00,0,0,0
8179,0.00,0,0,0,0,0.00,0,0,0
8229,0.00,0,0,0,0,0.00,0,0,0
8279,0.00,0,0,0,0,0.00,0,0,0
8329,0.00,0,0,0,0,0.00,0,0,0
8379,0.00,0,0,0,0,0.00,0,0,0
8429,0.00,0,0,0,0,0.00,0,0,0
8479,0.00,0,0,0,0,0.00,0,0,0
8529,0.00,0,0,0,0,0.00,0,0,0
8579,0.00,0,0,0,0,0.00,0,0,0
8629,0.00,0,0,0,0,0.00,0,0,0
8679,0.00,0,0,0,0,0.00,0,0,0
8729,0.00,0,0,0,0,0.00,0,0,0
8779,0.00,0,0,0,0,0.00,0,0,0
8829,0.00,0,0,0,0,0.00,0,0,0
8879,0.00,0,0,0,0,0.00,0,0,0
8929,0.00,0,0,0,0,0.00,0,0,0
8979,0.00,0,0,0,0,0.00,0,0,0
9029,0.00,0,0,0,0,0.00,0,0,0
9079,0.00,0,0,0,0,0.00,0,0,0
9129,0.00,0,0,0,0,0.00,0,0,0
9179,0.00,0,0,0,0,0.00,0,0,0
9229,0.00,0,0,0,0,0.00,0,0,0
9279,0.00,0,0,0,0,0.00,0,0,0
9329,0.00,0,0,0,0,0.00,0,0,0
9379,0.00,0,0,0,0,0.00,0,0,0
9430,0.00,0,0,0,0,0.00,0,0,0
9480,0.00,0,0,0,0,0.00,0,0,0
9530,0.00,0,0,0,0,0.00,0,0,0
9580,0.00,0,0,0,0,0.00,0,0,0
9630,0.00,0,0,0,0,0.00,0,0,0
9680,0.00,0,0,0,0,0.00,0,0,0
9730,0.00,0,0,0,0,0.00,0,0,0
9780,0.00,0,0,0,0,0.00,0,0,0
9830,0.00,0,0,0,0,0.00,0,0,0
9880,0.00,0,0,0,0,0.00,0,0,0
9930,0.00,0,0,0,0,0.00,0,0,0
9980,0.00,0,0,0,0,0.00,0,0,0
10030,0.00,0,0,0,0,0.00,0,0,0
10080,0.00,0,0,0,0,0.00,0,0,0
10130,inf,0,0,0,0,inf,0,0,0
10180,inf,0,0,0,0,inf,0,0,0
10230,494.58,22,40,0,0,inf,40,0,0
10280,894.24,28,35,0,-6,-399.67,75,0,6
10330,894.24,0,35,0,-6,-399.67,75,0,6
10380,908.60,0,34,0,0,-14.35,109,0,6
10430,1369.99,0,28,0,-10,-461.39,137,0,16
10480,1729.11,2,24,0,-9,-335.44,189,0,25
10530,1732.10,0,24,0,0,-3.00,213,0,25
10580,1987.28,2,20,0,0,-8.65,254,0,33
10630,2227.17,4,17,0,0,-20.64,289,0,41
10680,2459.02,0,14,0,0,-5.63,317,0,50
10730,2689.62,0,11,0,0,8.71,339,0,61
10780,3113.32,0,6,0,-9,-176.18,362,0,81
10830,3292.36,0,3,0,0,1.45,374,0,90
10880,3624.06,-1,0,0,-2,-155.05,376,0,99
10930,3713.79,0,-1,0,0,39.02,378,0,99
10980,3715.63,0,-1,0,0,20.36,381,0,99
11030,3660.32,0,0,-1,0,22.47,383,1,99
11080,3646.97,0,0,-1,0,12.46,384,3,99
11130,3612.72,0,0,0,0,0.00,384,3,99
11180,3643.43,0,0,-1,0,-30.71,384,4,99
11230,3625.82,0,0,0,0,17.61,384,5,99
11280,3574.83,0,0,0,0,27.47,384,5,99
11330,3568.03,0,0,0,0,-8.47,384,7,99
11380,3608.37,0,0,1,0,41.88,384,8,99
11430,3574.83,0,0,0,0,33.54,384,8,99
11480,3627.57,0,0,0,0,-45.05,384,8,99
11530,3602.31,0,0,0,0,-30.58,384,8,99
11580,3641.66,0,0,-1,0,-49.71,384,9,99
11630,3581.66,0,0,0,0,43.28,384,9,99
11680,3597.98,0,0,0,0,28.34,384,9,99
11730,3579.95,0,0,0,0,27.55,384,9,99
11780,3632.84,0,0,0,0,-40.89,384,9,99
11830,3591.95,0,0,0,0,-31.25,384,9,99
11880,3632.84,0,0,0,0,-41.75,384,9,99
11930,3591.95,0,0,0,0,-43.32,384,9,99
11980,3633.72,0,0,0,0,-42.63,384,9,99
12030,3580.81,0,0,0,0,34.52,384,9,99
12080,3618.82,0,0,0,0,-47.39,384,9,99
12130,3579.95,0,0,0,0,38.87,384,9,99
12180,3628.45,0,0,0,0,-57.87,384,9,99
12230,3580.81,0,0,0,0,47.64,384,9,99
12280,3637.25,0,0,0,0,-54.73,384,9,99
12331,3591.95,0,0,0,0,-40.03,384,9,99
12381,3624.94,0,0,0,0,-32.99,384,9,99
12431,3592.81,0,0,0,0,-32.11,384,9,99
12481,3624.94,0,0,0,0,-32.99,384,9,99
12531,3580.81,0,0,0,0,37.14,384,9,99
12581,3616.20,0,0,0,0,-25.11,384,9,99
12631,3581.66,0,0,0,0,35.41,384,9,99
12681,3617.94,0,0,0,0,-37.14,384,9,99
12731,3582.52,0,0,0,0,46.81,384,9,99
12781,3629.32,0,0,0,0,-49.37,384,9,99
12831,3591.95,0,0,0,0,-29.51,384,9,99
12881,3617.94,0,0,0,0,-35.43,384,9,99
12931,3579.95,0,0,0,0,37.99,384,9,99
12981,3617.94,0,0,0,0,-36.28,384,9,99
13031,3579.95,0,0,0,0,38.87,384,9,99
13081,3629.32,0,0,0,0,-46.81,384,9,99
13131,3579.95,0,0,0,0,38.87,384,9,99
13181,3617.94,0,0,0,0,-35.43,384,9,99
13231,3579.95,0,0,0,0,38.87,384,9,99
13281,3623.19,0,0,0,0,-30.37,384,9,99
13331,3592.81,0,0,0,0,-40.03,384,9,99
13381,3618.82,0,0,0,0,-37.16,384,9,99
13431,3581.66,0,0,0,0,43.28,384,9,99
13481,3633.72,0,0,0,0,-41.77,384,9,99
13531,3582.52,0,0,0,0,45.93,384,9,99
13581,3628.45,0,0,0,0,-47.64,384,9,99
13631,3581.66,0,0,0,0,45.91,384,9,99
13681,3628.45,0,0,0,0,-47.64,384,9,99
13731,3578.24,0,0,0,0,28.39,384,9,99
13782,3617.94,0,0,0,0,-33.72,384,9,99
13832,3591.95,0,0,0,0,-33.70,384,9,99
13882,3624.06,0,0,0,0,-32.97,384,9,99
13932,3593.67,0,0,-1,0,-47.12,384,10,99
13982,3615.33,0,0,0,0,-24.23,384,10,99
14032,3579.95,0,0,0,0,38.87,384,10,99
14082,3616.20,0,0,0,0,-24.25,384,10,99
14132,3581.66,0,0,0,0,46.79,384,10,99
14182,3617.94,0,0,0,0,-36.28,384,10,99
14232,3581.66,0,0,0,0,37.16,384,10,99
14282,3617.94,0,0,0,0,-46.52,384,10,99
14332,3571.43,0,0,0,0,47.39,384,10,99
14382,3571.43,0,0,0,0,50.89,384,10,99
14432,3545.26,0,0,1,0,279.32,388,11,126
14482,3545.26,0,0,1,0,339.74,393,12,156
14532,3545.26,0,0,1,0,352.87,398,13,188
14582,3794.59,0,-2,0,0,-14.34,405,13,199
14632,3805.17,0,-2,0,-6,-98.73,411,13,243
14682,3544.42,0,0,1,0,401.91,418,14,309
14732,3631.08,0,0,0,0,97.48,419,15,311
14782,3591.09,0,-1,0,-2,-283.40,421,15,313
14832,3608.37,0,-2,0,0,-306.36,424,15,313
14882,3577.39,0,0,0,0,169.80,426,15,317
14932,3625.82,0,0,0,0,96.27,428,15,323
14982,3578.24,0,0,0,0,187.76,431,15,323
15032,3608.37,0,0,0,0,47.80,431,15,323
15082,3570.58,0,0,0,0,46.49,431,15,323
15132,3606.64,0,0,0,0,45.84,431,15,323
15182,3590.23,0,0,0,0,-35.44,431,15,323
15232,3628.45,0,0,0,0,-40.79,431,15,323
15282,3591.95,0,0,0,0,-38.36,431,15,323
15332,3618.82,0,0,0,0,-37.16,431,15,323
15382,3581.66,0,0,0,0,29.32,431,15,323
15432,3624.06,0,0,0,0,-28.67,431,15,323
15482,3582.52,0,0,0,0,46.81,431,15,323
15532,3624.06,0,0,0,0,-24.35,431,15,323
15582,3581.66,0,0,0,0,43.28,431,15,323
15632,3617.94,0,0,0,0,-37.14,431,15,323
15682,3584.23,0,0,0,0,22.41,431,15,323
15732,3615.33,0,0,0,0,-25.09,431,15,323
15782,3580.81,0,0,0,0,49.40,431,15,323
15832,3628.45,0,0,0,0,-46.79,431,15,323
15882,3590.23,0,0,0,0,-41.75,431,15,323
15932,3624.94,0,0,0,0,-32.99,431,15,323
15982,3566.33,0,0,0,0,41.17,431,15,323
16032,3606.64,0,0,0,0,38.68,431,15,323
16082,3590.23,0,0,0,0,-49.09,431,15,323
16132,3632.84,0,0,0,0,-40.03,431,15,323
16182,3581.66,0,0,0,0,53.82,431,15,323
16232,3617.94,0,0,0,0,-36.28,431,15,323
16282,3571.43,0,0,0,0,47.39,431,15,323
16332,3608.37,0,0,0,0,49.14,431,15,323
16382,3579.95,0,0,0,0,38.87,431,15,323
16432,3632.84,0,0,0,0,-40.89,431,15,323
16482,3592.81,0,0,0,0,-32.97,431,15,323
16532,3624.06,0,0,0,0,-32.11,431,15,323
16582,3597.98,0,0,0,0,43.26,431,15,323
16632,3618.82,0,0,0,0,-38.87,431,15,323
16683,3591.95,0,0,0,0,-38.85,431,15,323
16733,3633.72,0,0,0,0,-42.63,431,15,323
16783,3582.52,0,0,0,0,40.67,431,15,323
16833,3632.84,0,0,0,0,-40.03,431,15,323
16883,3580.81,0,0,0,0,47.64,431,15,323
16933,3618.82,0,0,0,0,-47.39,431,15,323
16983,3569.73,0,0,0,0,49.09,431,15,323
17033,3617.94,0,0,0,0,-47.37,431,15,323
17083,3571.43,0,0,0,0,45.64,431,15,323
17133,3616.20,0,0,0,0,-25.11,431,15,323
17183,3581.66,0,0,0,0,42.40,431,15,323
17233,3628.45,0,0,0,0,-46.79,431,15,323
17283,3590.23,0,0,0,0,-32.97,431,15,323
17333,3606.64,0,0,0,0,40.65,431,15,323
17383,3570.58,0,0,0,0,48.24,431,15,323
17433,3617.07,0,0,0,0,-35.41,431,15,323
17483,3579.95,0,0,0,0,38.87,431,15,323
17533,3608.37,0,0,0,0,50.89,431,15,323
17583,3585.09,0,0,0,0,21.55,431,15,323
17633,3617.94,0,0,0,0,-37.14,431,15,323
17683,3581.66,0,0,0,0,34.54,431,15,323
17733,3618.82,0,0,0,0,-38.87,431,15,323
17783,3570.58,0,0,0,0,36.06,431,15,323
17833,3607.50,0,0,0,0,42.14,431,15,323
17883,3565.49,0,0,0,0,32.50,431,15,323
17933,3607.50,0,0,0,0,25.73,431,15,323
17983,3575.69,0,0,0,0,32.69,431,15,323
18033,3629.32,0,0,0,0,-47.66,431,15,323
18083,3591.95,0,0,0,0,-42.61,431,15,323
18134,3607.50,0,0,0,0,45.93,431,15,323
18184,3570.58,0,0,0,0,37.79,431,15,323
18234,3608.37,0,0,0,0,50.01,431,15,323
18284,3573.13,0,0,0,0,24.85,431,15,323
18334,3616.20,0,0,0,0,-34.54,431,15,323
18384,3580.81,0,0,0,0,37.14,431,15,323
18434,3617.07,0,0,0,0,-34.56,431,15,323
18484,3580.81,0,0,0,0,34.52,431,15,323
18534,3605.77,0,0,0,0,38.92,431,15,323
18584,3579.95,0,0,0,0,37.99,431,15,323
18634,3606.64,0,0,0,0,41.53,431,15,323
18684,3569.73,0,0,0,0,49.09,431,15,323
18734,3626.69,0,0,0,0,-45.03,431,15,323
18784,3579.95,0,0,0,0,38.87,431,15,323
18834,3606.64,0,0,0,0,29.33,431,15,323
18884,3574.83,0,0,0,0,33.54,431,15,323
18934,3618.82,0,0,0,0,-47.39,431,15,323
18984,3580.81,0,0,0,0,38.01,431,15,323
19034,3617.94,0,0,0,0,-47.37,431,15,323
19084,3582.52,0,0,0,0,46.81,431,15,323
19134,3618.82,0,0,0,0,-38.01,431,15,323
19184,3580.81,0,0,0,0,47.64,431,15,323
19234,3617.94,0,0,0,0,-37.14,431,15,323
19284,3581.66,0,0,0,0,37.16,431,15,323
19334,3629.32,0,0,0,0,-48.52,431,15,323
19384,3579.95,0,0,0,0,48.49,431,15,323
19434,3605.77,0,0,0,0,39.80,431,15,323
19484,3568.03,0,0,0,0,39.47,431,15,323
19534,3617.94,0,0,0,0,-47.37,431,15,323
19584,3582.52,0,0,0,0,45.05,431,15,323
19634,3624.06,0,0,0,0,-33.83,431,15,323
19684,3591.09,0,0,0,0,-22.51,431,15,323
19734,3617.94,0,0,0,0,-36.28,431,15,323
19784,3590.23,0,0,0,0,-37.16,431,15,323
19834,3626.69,0,0,0,0,-45.03,431,15,323
19884,3624.94,0,0,0,0,-32.13,431,15,323
19935,3793.63,-1,-2,0,0,-249.20,442,16,393
19985,3570.58,0,0,0,0,45.62,442,16,393
20035,3607.50,0,0,0,0,39.55,442,16,393
20085,3570.58,0,0,0,0,48.24,442,16,393
20135,3607.50,0,0,0,0,40.40,442,16,393
20185,3606.64,0,0,0,0,35.22,442,16,393
20235,3543.59,0,0,1,0,466.04,451,17,455
20285,3544.42,0,0,1,0,440.70,459,18,513
20335,3544.42,0,0,1,0,479.18,467,19,573
20385,3545.26,0,0,1,0,405.23,474,20,626
20435,3544.42,0,0,1,0,549.46,483,21,675
20485,3546.10,0,0,1,0,405.43,491,22,736
20535,3577.39,0,0,0,0,206.67,493,23,736
20585,3614.46,0,0,0,0,117.81,495,23,742
20635,3579.95,0,0,0,0,152.32,497,23,747
20685,3609.24,0,-1,0,-7,-200.66,499,23,754
20736,3564.64,0,0,0,0,104.64,500,24,758
20786,3610.11,0,0,0,0,-2.60,500,24,758
20836,3581.66,0,0,0,0,40.65,500,24,758
20886,3617.94,0,0,0,0,-34.57,500,24,758
20936,3582.52,0,0,0,0,37.17,500,24,758
20986,3617.94,0,0,0,0,-34.57,500,24,758
21036,3561.25,0,0,0,0,48.85,500,24,758
21086,3608.37,0,0,0,0,38.81,500,24,758
21136,3584.23,0,0,0,0,21.54,500,24,758
21186,3606.64,0,0,0,0,32.76,500,24,758
21236,3575.69,0,0,0,0,32.69,500,24,758
21286,3598.85,0,0,1,0,42.70,500,25,758
21336,3571.43,0,0,0,0,44.77,500,25,758
21386,3618.82,0,0,0,0,-38.87,500,25,758
21436,3568.03,0,0,0,0,39.47,500,25,758
21486,3608.37,0,0,0,0,32.55,500,25,758
21536,3575.69,0,0,0,0,32.69,500,25,758
21586,3618.82,0,0,0,0,-37.16,500,25,758
21636,3592.81,0,0,0,0,-32.97,500,25,758
21686,3628.45,0,0,0,0,-46.79,500,25,758
21736,3571.43,0,0,0,0,47.39,500,25,758
21786,3586.80,0,0,0,0,-5.14,500,25,758
21836,3564.64,0,0,0,0,34.21,500,25,758
21886,3607.50,0,0,0,0,38.68,500,25,758
21936,3576.54,0,0,0,0,31.83,500,25,758
21986,3618.82,0,0,0,0,-48.24,500,25,758
22036,3581.66,0,0,0,0,35.41,500,25,758
22086,3629.32,0,0,0,0,-48.52,500,25,758
22136,3581.66,0,0,0,0,36.28,500,25,758
22187,3609.24,0,0,1,0,41.86,500,26,758
22237,3571.43,0,0,0,0,38.68,500,27,758
22287,3618.82,0,0,0,0,-47.39,500,27,758
22337,3571.43,0,0,0,0,47.39,500,27,758
22387,3608.37,0,0,0,0,38.68,500,27,758
22437,3575.69,0,0,0,0,31.82,500,27,758
22487,3616.20,0,0,0,0,-34.54,500,27,758
22537,3567.18,0,0,0,0,41.19,500,27,758
22587,3597.12,0,0,0,0,25.60,500,27,758
22637,3559.56,0,0,1,0,41.01,500,29,758
22687,3608.37,0,0,0,0,40.42,500,29,758
22737,3583.37,0,0,0,0,25.00,500,29,758
22787,3629.32,0,0,0,0,-47.66,500,29,758
22837,3591.95,0,0,0,0,-48.52,500,29,758
22887,3628.45,0,0,0,0,-46.79,500,29,758
22937,3582.52,0,0,0,0,46.81,500,29,758
22987,3617.94,0,0,0,0,-36.28,500,29,758
23037,3568.03,0,0,0,0,40.34,500,29,758
23087,3617.94,0,0,0,0,-45.67,500,29,758
23137,3564.64,0,0,0,0,33.35,500,29,758
23187,3607.50,0,0,0,0,35.07,500,29,758
23237,3568.03,0,0,0,0,38.61,500,29,758
23287,3618.82,0,0,0,0,-48.24,500,29,758
23337,3571.43,0,0,0,0,47.39,500,29,758
23387,3628.45,0,0,0,0,-46.79,500,29,758
23437,3581.66,0,0,0,0,46.79,500,29,758
23487,3618.82,0,0,0,0,-38.01,500,29,758
23537,3568.03,0,0,0,0,40.34,500,29,758
23587,3608.37,0,0,0,0,32.55,500,29,758
23638,3575.69,0,0,0,0,32.69,500,29,758
23688,3608.37,0,0,1,0,41.01,500,30,758
23738,3575.69,0,0,0,0,31.82,500,30,758
23788,3597.98,0,0,0,0,40.40,500,30,758
23838,3571.43,0,0,0,0,38.68,500,30,758
23888,3618.82,0,0,0,0,-48.24,500,30,758
23938,3581.66,0,0,0,0,37.16,500,30,758
23988,3617.94,0,0,0,0,-37.14,500,30,758
24038,3581.66,0,0,0,0,37.16,500,30,758
24088,3617.94,0,0,0,0,-37.14,500,30,758
24138,3568.03,0,0,0,0,40.34,500,30,758
24188,3608.37,0,0,0,0,32.55,500,30,758
24238,3608.37,0,0,0,0,32.69,500,30,758
24288,3546.10,0,0,1,0,284.34,504,31,788
24338,3609.24,0,-2,0,0,-337.34,508,31,788
24388,3577.39,0,0,0,0,206.67,512,31,788
24438,3619.69,0,0,0,0,157.69,515,31,788
24488,3544.42,0,0,1,0,266.55,519,32,812
24538,3544.42,0,0,1,0,266.55,522,33,835
24588,3580.81,0,0,0,0,38.01,522,34,835
24638,3608.37,0,0,0,0,34.61,522,34,835
24688,3581.66,0,0,0,0,42.40,522,34,835
24738,3607.50,0,0,0,0,24.97,522,34,835
24788,3574.83,0,0,0,0,30.07,522,34,835
24838,3596.26,0,0,0,0,24.80,522,34,835
24888,3568.03,0,0,0,0,39.47,522,34,835
24938,3607.50,0,0,0,0,42.14,522,34,835
24988,3576.54,0,0,0,0,30.10,522,34,835
25038,3609.24,0,0,0,0,31.05,522,34,835
25088,3576.54,0,0,0,0,30.97,522,34,835
25138,3617.94,0,0,0,0,-46.52,522,34,835
25188,3564.64,0,0,0,0,33.35,522,34,835
25238,3607.50,0,0,0,0,38.68,522,34,835
25288,3584.23,0,0,0,0,24.14,522,34,835
25338,3606.64,0,0,0,0,38.90,522,34,835
25388,3569.73,0,0,0,0,49.09,522,34,835
25438,3558.72,0,0,1,0,12.71,522,35,835
25488,3570.58,0,0,0,0,42.14,522,35,835
25538,3607.50,0,0,0,0,30.17,522,35,835
25588,3584.23,0,0,0,0,22.41,522,35,835
25638,3618.82,0,0,0,0,-38.01,522,35,835
25688,3581.66,0,0,0,0,41.53,522,35,835
25738,3617.94,0,0,0,0,-37.14,522,35,835
25788,3580.81,0,0,0,0,37.14,522,35,835
25838,3617.94,0,0,0,0,-37.14,522,35,835
25888,3571.43,0,0,0,0,45.64,522,35,835
25938,3608.37,0,0,0,0,26.61,522,35,835
25988,3577.39,0,0,0,0,30.98,522,35,835
26038,3617.94,0,0,0,0,-46.52,522,35,835
26088,3585.09,0,0,0,0,23.29,522,35,835
26138,3629.32,0,0,0,0,-47.66,522,35,835
26188,3582.52,0,0,0,0,45.93,522,35,835
26238,3617.94,0,0,0,0,-32.86,522,35,835
26288,3576.54,0,0,0,0,31.83,522,35,835
26338,3609.24,0,0,1,0,42.68,522,36,835
26388,3567.18,0,0,0,0,41.19,522,36,835
26438,3608.37,0,0,0,0,39.55,522,36,835
26488,3579.95,0,0,0,0,38.87,522,36,835
26539,3608.37,0,0,0,0,41.27,522,36,835
26589,3581.66,0,0,0,0,35.41,522,36,835
26639,3617.94,0,0,0,0,-37.14,522,36,835
26689,3571.43,0,0,0,0,45.64,522,36,835
26739,3617.94,0,0,0,0,-47.37,522,36,835
26789,3581.66,0,0,0,0,37.16,522,36,835
26839,3618.82,0,0,0,0,-38.01,522,36,835
26889,3576.54,0,0,0,0,31.83,522,36,835
26939,3597.12,0,0,0,0,32.55,522,36,835
26989,3563.79,0,0,0,0,35.92,522,37,835
27039,3618.82,0,0,0,0,-48.24,522,37,835
27089,3590.23,0,0,0,0,-38.87,522,37,835
27139,3623.19,0,0,0,0,-30.37,522,37,835
27189,3590.23,0,0,0,0,-33.85,522,37,835
27239,3617.94,0,0,0,0,-36.28,522,37,835
27289,3564.64,0,0,0,0,33.35,522,37,835
27339,3617.94,0,0,0,0,-57.54,522,37,835
27389,3571.43,0,0,0,0,45.64,522,37,835
27439,3617.94,0,0,0,0,-47.37,522,37,835
27489,3576.54,0,0,0,0,30.97,522,37,835
27539,3608.37,0,0,0,0,40.40,522,37,835
27589,3576.54,0,0,0,0,31.83,522,37,835
27639,3629.32,0,0,0,0,-57.05,522,37,835
27689,3585.09,0,0,0,0,23.29,522,37,835
27739,3597.98,0,0,0,0,39.55,522,37,835
27789,3608.37,0,0,0,0,24.85,522,37,835
27839,3543.59,0,0,1,0,407.94,531,38,895
27889,3913.38,0,-4,0,-11,-190.38,539,38,927
27939,3545.26,0,0,1,0,397.96,547,39,1009
27990,3543.59,0,0,1,0,536.94,556,40,1056
28041,3814.85,-16,-2,0,-15,-269.59,566,41,1130
28091,3587.66,0,0,0,0,186.88,569,41,1130
28141,3608.37,0,0,0,0,55.26,569,41,1130
28191,3567.18,0,0,0,0,41.19,569,41,1130
28241,3607.50,0,0,0,0,24.87,569,41,1130
28291,3686.41,0,-1,0,-5,-183.37,571,41,1135
28341,3545.26,0,0,1,0,397.96,579,42,1204
28391,3543.59,0,0,1,0,472.48,587,43,1251
28441,3545.26,0,0,1,0,404.19,594,44,1305
28491,3544.42,0,0,1,0,446.00,602,45,1350
28541,3546.10,0,0,1,0,402.31,609,46,1401
28591,3544.42,0,0,1,0,446.00,617,47,1446
28641,3567.18,0,0,0,0,151.21,618,47,1450
28691,3619.69,0,0,0,0,66.72,620,47,1454
28741,3578.24,0,0,0,0,108.17,622,47,1458
28791,3604.90,0,0,-1,0,-135.25,622,48,1458
28841,3573.98,0,0,0,0,73.88,622,50,1458
28891,3616.20,0,0,0,0,-23.39,622,50,1458
28941,3582.52,0,0,0,0,37.17,622,50,1458
28991,3608.37,0,0,0,0,38.01,622,50,1458
29041,3571.43,0,0,0,0,41.29,622,50,1458
29091,3608.37,0,0,0,0,26.67,622,50,1458
29142,3579.95,0,0,0,0,37.12,622,50,1458
29192,3616.20,0,0,0,0,-32.83,622,50,1458
29242,3579.95,0,0,0,0,38.87,622,50,1458
29292,3627.57,0,0,0,0,-45.05,622,50,1458
29342,3579.95,0,0,0,0,38.87,622,50,1458
29392,3617.07,0,0,0,0,-35.41,622,50,1458
29442,3580.81,0,0,0,0,38.01,622,50,1458
29492,3617.94,0,0,0,0,-35.43,622,50,1458
29542,3579.95,0,0,0,0,38.87,622,50,1458
29592,3626.69,0,0,0,0,-44.18,622,50,1458
29642,3590.23,0,0,0,0,-38.87,622,50,1458
29692,3617.07,0,0,0,0,-35.41,622,50,1458
29742,3575.69,0,0,0,0,32.69,622,50,1458
29792,3618.82,0,0,0,0,-46.54,622,50,1458
29842,3576.54,0,0,0,0,30.97,622,50,1458
29892,3608.37,0,0,0,0,27.43,622,50,1458
29942,3581.66,0,0,0,0,36.28,622,50,1458
29992,3617.94,0,0,0,0,-33.72,622,50,1458
30042,3581.66,0,0,0,0,37.16,622,50,1458
30092,3608.37,0,0,0,0,30.97,622,50,1458
30142,3571.43,0,0,0,0,47.39,622,50,1458
30192,3608.37,0,0,0,0,37.16,622,50,1458
30242,3567.18,0,0,0,0,41.19,622,50,1458
30292,3607.50,0,0,0,0,37.83,622,50,1458
30342,3569.73,0,0,0,0,49.09,622,50,1458
30392,3605.77,0,0,0,0,39.78,622,50,1458
30442,3579.95,0,0,0,0,38.87,622,50,1458
30492,3628.45,0,0,0,0,-57.87,622,50,1458
30542,3581.66,0,0,0,0,37.16,622,50,1458
30592,3607.50,0,0,0,0,38.88,622,50,1458
30642,3571.43,0,0,0,0,45.64,622,50,1458
30692,3617.94,0,0,0,0,-42.26,622,50,1458
30742,3571.43,0,0,0,0,45.64,622,50,1458
30792,3617.94,0,0,0,0,-48.22,622,50,1458
30842,3581.66,0,0,0,0,37.16,622,50,1458
30892,3618.82,0,0,0,0,-47.39,622,50,1458
30942,3577.39,0,0,0,0,30.98,622,50,1458
30992,3618.82,0,0,0,0,-47.39,622,50,1458
31042,3567.18,0,0,0,0,41.19,622,50,1458
31092,3605.77,0,0,0,0,34.23,622,50,1458
31142,3575.69,0,0,0,0,31.82,622,50,1458
31192,3608.37,0,0,0,0,49.11,622,50,1458
31242,3560.41,0,0,0,0,46.23,622,50,1458
31292,3608.37,0,0,0,0,34.41,622,50,1458
31342,3568.03,0,0,0,0,40.34,622,50,1458
31392,3608.37,0,0,1,0,42.68,622,51,1458
31442,3583.37,0,0,0,0,24.13,622,51,1458
31492,3617.07,0,0,0,0,-31.99,622,51,1458
31542,3569.73,0,0,0,0,49.09,622,51,1458
31592,3597.98,0,0,0,0,40.40,622,51,1458
31642,3568.88,0,0,0,0,37.76,622,51,1458
31692,3607.50,0,0,0,0,22.19,622,51,1458
31742,3584.23,0,0,0,0,24.14,622,51,1458
31792,3618.82,0,0,0,0,-42.28,622,51,1458
31842,3591.95,0,0,0,0,-29.43,622,51,1458
31892,3609.24,0,0,0,0,35.41,622,51,1458
31942,3573.98,0,0,0,0,24.87,622,51,1458
31992,3618.82,0,0,0,0,-47.39,622,51,1458
32043,3608.37,0,0,0,0,39.72,622,51,1458
32094,3805.17,-16,-2,0,-15,-260.75,633,52,1533
32144,3589.38,0,0,0,0,196.59,636,52,1533
32194,3617.94,0,0,0,0,-36.28,636,52,1533
32244,3585.09,0,0,0,0,23.29,636,52,1533
32294,3577.39,0,0,0,0,-9.36,636,52,1533
32344,3597.98,0,0,0,0,0.85,636,52,1533
32394,3544.42,0,0,1,0,491.09,645,53,1600
32444,3545.26,0,0,1,0,404.19,653,54,1659
32494,3544.42,0,0,1,0,510.73,661,55,1708
32544,3545.26,0,0,1,0,405.23,669,56,1763
32594,3544.42,0,0,1,0,515.12,677,57,1820
32644,3546.10,0,0,1,0,405.43,685,58,1875
32694,3577.39,0,0,0,0,219.12,687,59,1875
32744,3607.50,0,-2,0,0,-330.05,691,59,1875
32794,3576.54,0,0,0,0,195.15,695,59,1875
32844,3610.98,0,0,0,0,142.78,697,59,1877
32894,3576.54,0,0,0,0,188.52,701,59,1877
32944,3628.45,0,0,0,0,114.07,703,59,1881
32994,3579.95,0,0,0,0,32.76,703,59,1881
33044,3596.26,0,0,0,0,36.23,703,59,1881
33094,3557.03,0,0,1,0,42.68,703,60,1881
33144,3597.98,0,0,0,0,27.38,703,60,1881
33195,3572.28,0,0,0,0,49.16,703,60,1881
33245,3628.45,0,0,0,0,-45.07,703,60,1881
33295,3591.95,0,0,0,0,-46.20,703,60,1881
33345,3618.82,0,0,0,0,-34.59,703,60,1881
33395,3581.66,0,0,0,0,31.05,703,60,1881
33445,3607.50,0,0,0,0,23.23,703,60,1881
33495,3576.54,0,0,0,0,32.70,703,60,1881
33545,3617.94,0,0,0,0,-33.72,703,60,1881
33595,3591.95,0,0,0,0,-30.30,703,60,1881
33645,3617.94,0,0,0,0,-35.43,703,60,1881
33695,3568.88,0,0,0,0,39.49,703,60,1881
33745,3597.98,0,0,1,0,40.97,703,61,1881
33795,3556.19,0,0,1,0,41.80,703,62,1881
33845,3607.50,0,0,0,0,35.12,703,62,1881
33895,3568.88,0,0,0,0,38.62,703,62,1881
33945,3618.82,0,0,0,0,-45.69,703,62,1881
33995,3581.66,0,0,0,0,37.16,703,62,1881
34045,3629.32,0,0,0,0,-47.66,703,62,1881
34095,3581.66,0,0,0,0,37.16,703,62,1881
34145,3608.37,0,0,0,0,36.28,703,62,1881
34195,3568.03,0,0,0,0,40.34,703,62,1881
34245,3606.64,0,0,0,0,39.55,703,62,1881
34295,3567.18,0,0,0,0,41.19,703,62,1881
34345,3608.37,0,0,0,0,39.51,703,62,1881
34395,3571.43,0,0,0,0,46.52,703,62,1881
34445,3607.50,0,0,0,0,38.88,703,62,1881
34495,3571.43,0,0,0,0,45.64,703,62,1881
34545,3608.37,0,0,0,0,39.74,703,62,1881
34595,3581.66,0,0,0,0,36.28,703,62,1881
34646,3618.82,0,0,0,0,-38.87,703,62,1881
34696,3581.66,0,0,0,0,37.16,703,62,1881
34746,3597.98,0,0,0,0,31.85,703,62,1881
34796,3568.03,0,0,0,0,39.47,703,62,1881
34846,3595.40,0,0,0,0,32.51,703,62,1881
34896,3567.18,0,0,0,0,40.32,703,62,1881
34946,3618.82,0,0,0,0,-51.64,703,62,1881
34996,3581.66,0,0,0,0,36.28,703,62,1881
35046,3618.82,0,0,0,0,-38.01,703,62,1881
35096,3582.52,0,0,0,0,46.81,703,62,1881
35146,3624.06,0,0,0,0,-33.83,703,62,1881
35196,3580.81,0,0,0,0,52.03,703,62,1881
35246,3608.37,0,0,0,0,27.43,703,62,1881
35296,3576.54,0,0,0,0,30.10,703,62,1881
35346,3617.94,0,0,0,0,-47.37,703,62,1881
35396,3571.43,0,0,0,0,47.39,703,62,1881
35446,3608.37,0,0,0,0,38.03,703,62,1881
35496,3576.54,0,0,0,0,30.97,703,62,1881
35546,3607.50,0,0,0,0,33.35,703,62,1881
35596,3575.69,0,0,0,0,31.82,703,62,1881
35646,3626.69,0,0,0,0,-44.18,703,62,1881
35696,3591.09,0,0,0,0,-49.37,703,62,1881
35746,3616.20,0,0,0,0,-24.25,703,62,1881
35796,3582.52,0,0,0,0,46.81,703,62,1881
35846,3617.94,0,0,0,0,-36.28,703,62,1881
35896,3581.66,0,0,0,0,37.16,703,62,1881
35946,3607.50,0,0,0,0,38.64,703,62,1881
35996,3569.73,0,0,0,0,49.09,703,62,1881
36046,3606.64,0,0,0,0,39.55,703,62,1881
36096,3579.95,0,0,0,0,38.87,703,62,1881
36146,3606.64,0,0,0,0,27.59,703,62,1881
36196,3579.95,0,0,0,0,38.87,703,62,1881
36246,3614.46,0,0,0,0,-21.64,703,62,1881
36296,3580.81,0,0,0,0,48.52,703,62,1881
36346,3663.90,0,0,-1,0,-135.32,703,63,1881
36396,3618.82,0,0,0,0,-40.57,703,63,1881
36446,3545.26,0,0,1,0,404.19,711,64,1949
36496,3544.42,0,0,1,0,450.25,719,65,2005
36546,3544.42,0,0,1,0,440.70,727,66,2062
36596,3546.10,0,0,1,0,401.27,734,67,2114
36646,3545.26,0,0,1,0,424.04,741,68,2162
36696,3544.42,0,0,1,0,425.93,748,69,2210
36746,3537.74,0,0,1,0,223.55,750,71,2210
36796,3617.94,0,0,0,0,135.81,752,71,2211
36846,3577.39,0,0,0,0,210.49,756,71,2211
36896,3607.50,0,-1,0,-7,-261.63,758,71,2218
36946,3577.39,0,0,0,0,158.60,760,71,2222
36996,3619.69,0,0,0,0,78.53,762,71,2229
37046,3581.66,0,0,0,0,29.32,762,71,2229
37096,3617.94,0,0,0,0,-34.57,762,71,2229
37146,3571.43,0,0,0,0,41.29,762,71,2229
37196,3608.37,0,0,0,0,42.80,762,71,2229
37246,3572.28,0,0,0,0,38.70,762,71,2229
37296,3617.94,0,0,0,0,-32.86,762,71,2229
37346,3581.66,0,0,0,0,36.28,762,71,2229
37396,3617.94,0,0,0,0,-45.67,762,71,2229
37446,3581.66,0,0,0,0,37.16,762,71,2229
37496,3618.82,0,0,0,0,-37.16,762,71,2229
37547,3571.43,0,0,0,0,47.39,762,71,2229
37597,3628.45,0,0,0,0,-46.79,762,71,2229
37647,3571.43,0,0,0,0,47.39,762,71,2229
37697,3608.37,0,0,0,0,47.39,762,71,2229
37747,3569.73,0,0,0,0,49.09,762,71,2229
37797,3617.94,0,0,0,0,-36.28,762,71,2229
37847,3583.37,0,0,0,0,25.00,762,71,2229
37897,3616.20,0,0,0,0,-24.25,762,71,2229
37947,3591.95,0,0,0,0,-39.95,762,71,2229
37997,3624.06,0,0,0,0,-32.11,762,71,2229
38047,3581.66,0,0,0,0,37.16,762,71,2229
38097,3607.50,0,0,0,0,23.27,762,71,2229
38147,3571.43,0,0,0,0,47.39,762,71,2229
38197,3628.45,0,0,0,0,-57.02,762,71,2229
38247,3581.66,0,0,0,0,47.66,762,71,2229
38297,3618.82,0,0,0,0,-34.59,762,71,2229
38347,3585.09,0,0,0,0,22.42,762,71,2229
38397,3617.94,0,0,0,0,-36.28,762,71,2229
38447,3576.54,0,0,0,0,30.97,762,71,2229
38497,3607.50,0,0,0,0,23.29,762,71,2229
38547,3576.54,0,0,0,0,30.97,762,71,2229
38597,3606.64,0,0,0,0,48.85,762,71,2229
38647,3567.18,0,0,0,0,41.19,762,71,2229
38697,3618.82,0,0,0,0,-43.13,762,71,2229
38747,3580.81,0,0,0,0,37.14,762,71,2229
38797,3617.94,0,0,0,0,-36.28,762,71,2229
38847,3579.95,0,0,0,0,38.87,762,71,2229
38897,3617.94,0,0,0,0,-37.14,762,71,2229
38947,3571.43,0,0,0,0,46.52,762,71,2229
38998,3618.82,0,0,0,0,-38.01,762,71,2229
39048,3571.43,0,0,0,0,47.39,762,71,2229
39098,3607.50,0,0,0,0,40.38,762,71,2229
39148,3585.09,0,0,0,0,21.55,762,71,2229
39198,3618.82,0,0,0,0,-38.01,762,71,2229
39248,3581.66,0,0,0,0,37.16,762,71,2229
39298,3617.94,0,0,0,0,-37.14,762,71,2229
39348,3581.66,0,0,0,0,37.16,762,71,2229
39398,3617.94,0,0,0,0,-37.14,762,71,2229
39448,3581.66,0,0,0,0,37.16,762,71,2229
39498,3617.94,0,0,0,0,-37.14,762,71,2229
39548,3582.52,0,0,0,0,34.56,762,71,2229
39598,3618.82,0,0,0,0,-38.01,762,71,2229
39648,3581.66,0,0,0,0,35.41,762,71,2229
39698,3629.32,0,0,0,0,-48.52,762,71,2229
39748,3591.95,0,0,0,0,-27.70,762,71,2229
39798,3629.32,0,0,0,0,-48.52,762,71,2229
39848,3580.81,0,0,0,0,38.01,762,71,2229
39898,3628.45,0,0,0,0,-47.64,762,71,2229
39948,3580.81,0,0,0,0,47.64,762,71,2229
39998,3617.94,0,0,0,0,-36.28,762,71,2229
40048,3580.81,0,0,0,0,37.14,762,71,2229
40098,3607.50,0,0,0,0,34.41,762,71,2229
40148,3584.23,0,0,0,0,21.54,762,71,2229
40198,3607.50,0,0,0,0,25.87,762,71,2229
40248,3591.95,0,0,0,0,-32.84,762,71,2229
40298,3616.20,0,0,0,0,-25.97,762,71,2229
40348,3591.95,0,0,0,0,-24.23,762,71,2229
40398,3626.69,0,0,0,0,-18.32,762,71,2229
40448,3591.09,0,0,0,0,-39.07,762,71,2229
40498,3616.20,0,0,0,0,-34.54,762,71,2229
40548,3569.73,0,0,0,0,49.09,762,71,2229
40598,3617.07,0,0,0,0,-35.41,762,71,2229
40648,3590.23,0,0,0,0,-38.87,762,71,2229
40698,3606.64,0,0,0,0,31.85,762,71,2229
40748,3567.18,0,0,0,0,41.19,762,71,2229
40798,3618.82,0,0,0,0,-38.87,762,71,2229
40848,3581.66,0,0,0,0,37.16,762,71,2229
40898,3628.45,0,0,0,0,-47.64,762,71,2229
40948,3575.69,0,0,0,0,31.82,762,71,2229
40998,3608.37,0,0,0,0,42.06,762,71,2229
41048,3576.54,0,0,0,0,30.10,762,71,2229
41098,3608.37,0,0,0,0,40.40,762,71,2229
41148,3581.66,0,0,0,0,37.16,762,71,2229
41198,3628.45,0,0,0,0,-47.64,762,71,2229
41248,3591.95,0,0,0,0,-41.73,762,71,2229
41298,3633.72,0,0,0,0,-43.49,762,71,2229
41348,3597.98,0,0,0,0,44.35,762,71,2229
41398,3544.42,0,0,1,0,437.52,770,72,2290
41448,3546.10,0,0,1,0,375.47,777,73,2341
41498,3546.10,0,0,1,0,366.26,783,74,2376
41548,3546.10,0,0,1,0,341.93,788,75,2407
41598,3554.50,0,0,1,0,342.61,793,76,2437
41648,3545.26,0,0,1,0,329.71,798,77,2469
41698,3585.09,0,0,0,0,68.99,798,78,2469
41748,3601.44,0,0,0,0,14.51,798,78,2469
41798,3568.03,0,0,0,0,32.55,798,78,2469
41848,3597.12,0,0,0,0,29.22,798,78,2469
41899,3560.41,0,0,0,0,51.44,798,79,2469
41949,3618.82,0,0,0,0,-46.54,798,79,2469
41999,3582.52,0,0,0,0,51.20,798,79,2469
42049,3628.45,0,0,0,0,-45.07,798,79,2469
42099,3581.66,0,0,0,0,28.45,798,79,2469
42149,3608.37,0,0,0,0,33.54,798,79,2469
42199,3568.88,0,0,0,0,35.16,798,79,2469
42249,3618.82,0,0,0,0,-41.43,798,79,2469
42299,3568.88,0,0,0,0,39.49,798,79,2469
42349,3606.64,0,0,0,0,33.36,798,79,2469
42399,3562.10,0,0,0,0,48.01,798,80,2469
42449,3629.32,0,0,0,0,-58.75,798,80,2469
42499,3591.09,0,0,0,0,-49.35,798,80,2469
42549,3632.84,0,0,0,0,-40.89,798,80,2469
42599,3591.95,0,0,0,0,-25.97,798,80,2469
42649,3628.45,0,0,0,0,-46.79,798,80,2469
42699,3576.54,0,0,0,0,30.97,798,80,2469
42749,3597.98,0,0,1,0,41.82,798,81,2469
42799,3573.13,0,0,0,0,24.85,798,81,2469
42849,3608.37,0,0,0,0,29.30,798,81,2469
42899,3571.43,0,0,0,0,45.64,798,81,2469
42949,3628.45,0,0,0,0,-47.64,798,81,2469
42999,3592.81,0,0,0,0,-47.62,798,81,2469
43049,3624.94,0,0,0,0,-32.99,798,81,2469
43099,3583.37,0,0,0,0,24.13,798,81,2469
43149,3618.82,0,0,0,0,-47.39,798,81,2469
43199,3570.58,0,0,0,0,37.79,798,81,2469
43249,3597.98,0,0,0,0,34.21,798,81,2469
43299,3568.03,0,0,0,0,40.34,798,81,2469
43350,3618.82,0,0,0,0,-42.28,798,81,2469
43400,3581.66,0,0,0,0,37.16,798,81,2469
43450,3617.94,0,0,0,0,-36.28,798,81,2469
43500,3581.66,0,0,0,0,47.66,798,81,2469
43550,3608.37,0,0,0,0,36.28,798,81,2469
43600,3575.69,0,0,0,0,32.69,798,81,2469
43650,3617.94,0,0,0,0,-36.28,798,81,2469
43700,3581.66,0,0,0,0,43.28,798,81,2469
43750,3615.33,0,0,0,0,-23.37,798,81,2469
43800,3581.66,0,0,0,0,37.16,798,81,2469
43850,3607.50,0,0,0,0,47.39,798,81,2469
43900,3575.69,0,0,0,0,32.69,798,81,2469
43950,3606.64,0,0,0,0,24.15,798,81,2469
44000,3541.08,0,0,1,0,76.87,798,82,2469
44050,3606.64,0,0,0,0,80.99,798,83,2469
44100,3584.23,0,0,0,0,24.14,798,83,2469
44150,3618.82,0,0,0,0,-38.87,798,83,2469
44200,3571.43,0,0,0,0,47.39,798,83,2469
44250,3597.98,0,0,0,0,34.41,798,83,2469
44300,3571.43,0,0,0,0,46.52,798,83,2469
44350,3617.94,0,0,0,0,-32.86,798,83,2469
44400,3571.43,0,0,0,0,47.39,798,83,2469
44450,3607.50,0,0,0,0,38.03,798,83,2469
44500,3576.54,0,0,0,0,31.83,798,83,2469
44550,3618.82,0,0,0,0,-42.28,798,83,2469
44600,3575.69,0,0,0,0,32.69,798,83,2469
44650,3617.94,0,0,0,0,-36.28,798,83,2469
44700,3575.69,0,0,0,0,32.69,798,83,2469
44750,3617.07,0,0,0,0,-48.19,798,83,2469
44800,3566.33,0,0,0,0,41.17,798,83,2469
44850,3607.50,0,0,0,0,26.58,798,83,2469
44900,3581.66,0,0,0,0,35.41,798,83,2469
44950,3618.82,0,0,0,0,-38.87,798,83,2469
45000,3571.43,0,0,0,0,47.39,798,83,2469
45050,3618.82,0,0,0,0,-33.73,798,83,2469
45100,3576.54,0,0,0,0,31.83,798,83,2469
45150,3608.37,0,0,0,0,25.01,798,83,2469
45200,3581.66,0,0,0,0,36.28,798,83,2469
45250,3608.37,0,0,0,0,31.85,798,83,2469
45300,3608.37,0,0,0,0,35.24,798,83,2469
45350,3544.42,0,0,1,0,406.06,807,84,2526
45400,3544.42,0,0,1,0,453.44,815,85,2580
45450,3568.03,0,0,0,0,128.37,816,85,2584
45500,3615.33,0,0,0,0,36.08,816,87,2584
45550,3574.83,0,0,0,0,87.28,816,89,2584
45600,3615.33,0,0,0,0,25.45,816,91,2584
45650,3573.98,0,0,0,0,77.43,816,93,2584
45700,3609.24,0,0,0,0,-5.97,816,93,2584
45750,3576.54,0,0,0,0,32.70,816,93,2584
45800,3607.50,0,0,0,0,22.43,816,93,2584
45850,3567.18,0,0,0,0,36.85,816,93,2584
45900,3599.71,0,0,1,0,22.91,816,94,2584
45950,3568.03,0,0,0,0,37.74,816,94,2584
46000,3597.98,0,0,0,0,24.04,816,94,2584
46050,3571.43,0,0,0,0,48.26,816,94,2584
46100,3616.20,0,0,0,0,-24.25,816,94,2584
46150,3591.09,0,0,0,0,-39.72,816,94,2584
46200,3629.32,0,0,0,0,-47.66,816,94,2584
46251,3571.43,0,0,0,0,47.39,816,94,2584
46301,3617.94,0,0,0,0,-46.52,816,94,2584
46351,3571.43,0,0,0,0,47.39,816,94,2584
46401,3606.64,0,0,0,0,47.96,816,94,2584
46451,3575.69,0,0,0,0,32.69,816,94,2584
46501,3616.20,0,0,0,0,-34.54,816,94,2584
46551,3580.81,0,0,0,0,38.01,816,94,2584
46601,3618.82,0,0,0,0,-47.39,816,94,2584
46651,3579.95,0,0,0,0,38.87,816,94,2584
46701,3607.50,0,0,0,0,39.53,816,94,2584
46751,3565.49,0,0,0,0,30.77,816,94,2584
46801,3608.37,0,0,0,0,24.00,816,94,2584
46851,3581.66,0,0,0,0,37.16,816,94,2584
46901,3607.50,0,0,0,0,30.97,816,94,2584
46951,3579.95,0,0,0,0,38.87,816,94,2584
47001,3617.94,0,0,0,0,-36.28,816,94,2584
47051,3574.83,0,0,0,0,32.67,816,94,2584
47101,3617.07,0,0,0,0,-55.82,816,94,2584
47151,3570.58,0,0,0,0,47.37,816,94,2584
47201,3607.50,0,0,0,0,24.15,816,94,2584
47251,3575.69,0,0,0,0,33.55,816,94,2584
47301,3607.50,0,0,0,0,25.01,816,94,2584
47351,3576.54,0,0,0,0,30.10,816,94,2584
47401,3617.94,0,0,0,0,-37.14,816,94,2584
47451,3576.54,0,0,0,0,30.10,816,94,2584
47501,3617.94,0,0,0,0,-41.41,816,94,2584
47551,3566.33,0,0,0,0,31.65,816,94,2584
47601,3606.64,0,0,0,0,48.83,816,94,2584
47651,3574.83,0,0,0,0,34.41,816,94,2584
47702,3608.37,0,0,0,0,27.43,816,94,2584
47752,3571.43,0,0,0,0,45.64,816,94,2584
47802,3597.98,0,0,0,0,27.43,816,94,2584
47852,3576.54,0,0,0,0,30.97,816,94,2584
47902,3608.37,0,0,0,0,48.26,816,94,2584
47952,3581.66,0,0,0,0,37.16,816,94,2584
48002,3618.82,0,0,0,0,-37.16,816,94,2584
48052,3575.69,0,0,0,0,32.69,816,94,2584
48102,3596.26,0,0,0,0,38.68,816,94,2584
48152,3567.18,0,0,0,0,20.48,816,95,2584
48202,3607.50,0,0,0,0,35.92,816,95,2584
48252,3565.49,0,0,0,0,31.64,816,95,2584
48302,3606.64,0,0,0,0,32.50,816,95,2584
48352,3574.83,0,0,0,0,33.54,816,95,2584
48402,3617.94,0,0,0,0,-47.37,816,95,2584
48452,3580.81,0,0,0,0,37.14,816,95,2584
48502,3617.94,0,0,0,0,-37.14,816,95,2584
48552,3579.95,0,0,0,0,38.87,816,95,2584
48602,3572.28,0,0,0,0,27.43,816,95,2584
48652,3545.26,0,0,1,0,405.23,824,96,2643
48702,3546.10,0,0,1,0,410.64,831,97,2693
48752,3545.26,0,0,1,0,349.83,837,98,2739
48802,3545.26,0,0,1,0,305.83,842,99,2767
48852,3606.64,0,-2,0,0,-337.92,846,99,2767
48902,3577.39,0,0,0,0,205.71,850,99,2767
48952,3617.07,0,0,0,0,-39.68,850,99,2767
49002,3570.58,0,0,0,0,48.24,850,99,2767
49052,3629.32,0,0,0,0,-58.75,850,99,2767
49102,3579.95,0,0,0,0,38.87,850,99,2767
49152,3608.37,0,0,0,0,27.59,850,99,2767
49202,3571.43,0,0,0,0,45.64,850,99,2767
49252,3598.85,0,0,0,0,49.11,850,99,2767
49302,3565.49,0,0,0,0,34.23,850,100,2767
49352,3618.82,0,0,0,0,-50.79,850,100,2767
49402,3575.69,0,0,0,0,32.69,850,100,2767
49452,3606.64,0,0,0,0,23.29,850,100,2767
49502,3574.83,0,0,0,0,33.54,850,100,2767
49552,3617.94,0,0,0,0,-50.76,850,100,2767
49602,3570.58,0,0,0,0,48.24,850,100,2767
49652,3547.78,0,0,1,0,19.41,850,101,2767
49702,3576.54,0,0,0,0,24.90,850,101,2767
49752,3607.50,0,0,0,0,31.65,850,101,2767
49802,3575.69,0,0,0,0,32.69,850,101,2767
49852,3606.64,0,0,0,0,31.83,850,101,2767
49902,3574.83,0,0,0,0,33.54,850,101,2767
49952,3617.07,0,0,0,0,-31.99,850,101,2767
50002,3570.58,0,0,0,0,48.24,850,101,2767
50052,3608.37,0,0,0,0,32.69,850,101,2767
50102,3557.87,0,0,1,0,38.39,850,102,2767
50152,3597.12,0,0,0,0,31.65,850,102,2767
50202,3572.28,0,0,0,0,24.84,850,102,2767
50252,3607.50,0,0,0,0,34.21,850,102,2767
50302,3568.03,0,0,0,0,38.61,850,102,2767
50352,3618.82,0,0,0,0,-38.01,850,102,2767
50402,3581.66,0,0,0,0,35.41,850,102,2767
50452,3615.33,0,0,0,0,-25.09,850,102,2767
50502,3581.66,0,0,0,0,41.53,850,102,2767
50552,3616.20,0,0,0,0,-25.97,850,102,2767
50603,3576.54,0,0,0,0,30.10,850,102,2767
50653,3607.50,0,0,0,0,26.57,850,102,2767
50703,3568.88,0,0,0,0,39.49,850,102,2767
50753,3598.85,0,0,1,0,39.25,850,103,2767
50803,3564.64,0,0,0,0,34.21,850,104,2767
50853,3608.37,0,0,0,0,25.71,850,104,2767
50903,3576.54,0,0,0,0,30.10,850,104,2767
50953,3617.94,0,0,0,0,-37.14,850,104,2767
51003,3571.43,0,0,0,0,46.52,850,104,2767
51053,3608.37,0,0,0,0,38.87,850,104,2767
51103,3576.54,0,0,0,0,30.97,850,104,2767
51153,3597.98,0,0,0,0,46.23,850,104,2767
51203,3565.49,0,0,0,0,22.17,850,104,2767
51253,3607.50,0,0,0,0,24.85,850,104,2767
51303,3576.54,0,0,0,0,30.10,850,104,2767
51353,3618.82,0,0,0,0,-38.01,850,104,2767
51403,3576.54,0,0,0,0,30.97,850,104,2767
51453,3597.12,0,0,0,0,24.87,850,104,2767
51503,3599.71,0,0,1,0,38.40,850,105,2767
51553,3545.26,0,0,1,0,405.23,859,106,2829
51603,3544.42,0,0,1,0,486.75,867,107,2887
51653,3545.26,0,0,1,0,401.07,874,108,2943
51703,3545.26,0,0,1,0,419.85,881,109,2980
51753,3546.10,0,0,1,0,412.73,888,110,3029
51803,3545.26,0,0,1,0,384.53,895,111,3077
51853,3567.18,0,0,0,0,123.76,896,111,3077
51903,3592.81,0,0,1,0,19.41,896,112,3077
51953,3567.18,0,0,0,0,34.26,896,112,3077
52003,3589.38,0,0,0,0,-29.81,896,113,3077
52054,3561.25,0,0,0,0,51.46,896,113,3077
52104,3597.98,0,0,0,0,42.97,896,113,3077
52154,3571.43,0,0,0,0,39.55,896,113,3077
52204,3618.82,0,0,0,0,-43.13,896,113,3077
52254,3579.95,0,0,0,0,43.24,896,113,3077
52304,3606.64,0,0,0,0,39.66,896,113,3077
52354,3567.18,0,0,0,0,40.32,896,113,3077
52404,3618.82,0,0,0,0,-43.13,896,113,3077
52454,3568.03,0,0,0,0,40.34,896,113,3077
52504,3607.50,0,0,0,0,35.07,896,113,3077
52554,3576.54,0,0,0,0,30.97,896,113,3077
52604,3618.82,0,0,0,0,-37.16,896,113,3077
52654,3585.09,0,0,0,0,23.29,896,113,3077
52704,3607.50,0,0,0,0,46.52,896,113,3077
52754,3564.64,0,0,0,0,33.35,896,113,3077
52804,3585.94,0,0,0,0,-17.06,896,113,3077
52854,3565.49,0,0,0,0,32.50,896,114,3077
52904,3607.50,0,0,0,0,47.16,896,114,3077
52954,3585.09,0,0,0,0,23.29,896,114,3077
53004,3629.32,0,0,0,0,-46.81,896,114,3077
53054,3581.66,0,0,0,0,37.16,896,114,3077
53104,3618.82,0,0,0,0,-37.16,896,114,3077
53154,3568.88,0,0,0,0,38.62,896,114,3077
53204,3608.37,0,0,0,0,32.70,896,114,3077
53254,3574.83,0,0,0,0,33.54,896,114,3077
53304,3606.64,0,0,0,0,38.66,896,114,3077
53354,3574.83,0,0,0,0,33.54,896,114,3077
53404,3618.82,0,0,0,0,-38.87,896,114,3077
53454,3583.37,0,0,0,0,25.00,896,114,3077
53504,3617.94,0,0,0,0,-36.28,896,114,3077
53554,3579.95,0,0,0,0,38.87,896,114,3077
53604,3608.37,0,0,0,0,26.57,896,114,3077
53654,3568.03,0,0,0,0,38.61,896,114,3077
53704,3608.37,0,0,0,0,30.14,896,114,3077
53754,3568.88,0,0,0,0,39.49,896,114,3077
53804,3608.37,0,0,0,0,39.47,896,114,3077
53854,3570.58,0,0,0,0,47.37,896,114,3077
53904,3617.07,0,0,0,0,-45.64,896,114,3077
53954,3575.69,0,0,0,0,32.69,896,114,3077
54004,3597.98,0,0,0,0,41.19,896,114,3077
54054,3565.49,0,0,0,0,31.64,896,114,3077
54104,3608.37,0,0,0,0,37.79,896,114,3077
54154,3566.33,0,0,0,0,41.17,896,114,3077
54204,3606.64,0,0,0,0,38.62,896,114,3077
54254,3564.64,0,0,0,0,33.35,896,114,3077
54304,3608.37,0,0,0,0,41.17,896,114,3077
54354,3571.43,0,0,0,0,46.52,896,114,3077
54404,3617.94,0,0,0,0,-47.37,896,114,3077
54454,3581.66,0,0,0,0,37.16,896,114,3077
54504,3597.98,0,0,0,0,36.06,896,114,3077
54554,3597.98,0,0,0,0,29.95,896,114,3077
54604,3545.26,0,0,1,0,405.23,905,115,3135
54654,3546.10,0,0,1,0,424.26,912,116,3185
54704,3545.26,0,0,1,0,383.50,919,117,3234
54754,3616.20,0,0,0,0,31.66,919,118,3234
54804,3585.09,0,0,0,0,66.33,919,120,3234
54854,3602.31,0,0,0,0,-71.48,919,121,3234
54904,3562.95,0,0,0,0,44.56,919,122,3234
54955,3596.26,0,0,0,0,24.12,919,122,3234
55005,3567.18,0,0,0,0,38.59,919,122,3234
55055,3597.12,0,0,0,0,30.83,919,122,3234
55105,3571.43,0,0,0,0,41.29,919,122,3234
55155,3597.98,0,0,0,0,45.56,919,122,3234
55205,3557.87,0,0,1,0,42.70,919,123,3234
55255,3606.64,0,0,0,0,33.49,919,123,3234
55305,3579.95,0,0,0,0,38.87,919,123,3234
55355,3608.37,0,0,0,0,31.83,919,123,3234
55405,3568.03,0,0,0,0,38.61,919,123,3234
55455,3608.37,0,0,0,0,42.06,919,123,3234
55505,3576.54,0,0,0,0,31.83,919,123,3234
55555,3608.37,0,0,0,0,23.14,919,123,3234
55605,3575.69,0,0,0,0,31.82,919,123,3234
55655,3606.64,0,0,0,0,24.00,919,123,3234
55705,3569.73,0,0,0,0,49.09,919,123,3234
55755,3608.37,0,0,0,0,40.38,919,123,3234
55805,3581.66,0,0,0,0,35.41,919,123,3234
55855,3617.94,0,0,0,0,-34.57,919,123,3234
55905,3571.43,0,0,0,0,46.52,919,123,3234
55955,3608.37,0,0,0,0,33.54,919,123,3234
56005,3568.88,0,0,0,0,38.62,919,123,3234
56055,3608.37,0,0,0,0,30.97,919,123,3234
56105,3569.73,0,0,0,0,48.22,919,123,3234
56155,3596.26,0,0,0,0,39.49,919,123,3234
56205,3583.37,0,0,0,0,25.00,919,123,3234
56255,3617.94,0,0,0,0,-36.28,919,123,3234
56305,3583.37,0,0,0,0,25.00,919,123,3234
56355,3609.24,0,0,0,0,31.02,919,123,3234
56406,3585.09,0,0,0,0,21.55,919,123,3234
56456,3608.37,0,0,0,0,40.61,919,123,3234
56506,3571.43,0,0,0,0,45.64,919,123,3234
56556,3608.37,0,0,0,0,41.19,919,123,3234
56606,3571.43,0,0,0,0,47.39,919,123,3234
56656,3608.37,0,0,0,0,30.97,919,123,3234
56706,3568.03,0,0,0,0,40.34,919,123,3234
56756,3606.64,0,0,0,0,22.19,919,123,3234
56806,3567.18,0,0,0,0,40.32,919,123,3234
56856,3608.37,0,0,0,0,32.69,919,123,3234
56906,3512.06,0,1,0,0,105.01,920,123,3234
56956,3608.37,0,0,0,0,99.40,920,124,3236
57006,3573.98,0,0,0,0,24.00,920,124,3236
57056,3608.37,0,0,0,0,28.45,920,124,3236
57106,3567.18,0,0,0,0,41.19,920,124,3236
57156,3606.64,0,0,0,0,30.98,920,124,3236
57206,3566.33,0,0,0,0,41.17,920,124,3236
57256,3597.98,0,0,0,0,41.19,920,124,3236
57306,3498.95,0,1,0,0,97.31,921,124,3236
57356,3610.11,0,0,0,0,-51.39,921,126,3238
57406,3574.83,0,0,0,0,33.54,921,126,3238
57456,3597.98,0,0,0,0,24.87,921,126,3238
57506,3576.54,0,0,0,0,30.10,921,126,3238
57556,3608.37,0,0,0,0,40.38,921,126,3238
57606,3607.50,0,0,0,0,37.79,921,126,3238
57656,3546.10,0,0,1,0,366.26,928,127,3286
57706,3545.26,0,0,1,0,327.71,933,128,3319
57756,3545.26,0,0,1,0,351.86,938,129,3352
57806,3543.59,0,0,1,0,280.02,942,130,3378
57856,3543.59,0,0,1,0,288.81,946,131,3401
57906,3596.26,0,0,0,0,49.82,946,131,3401
57956,3565.49,0,0,0,0,33.36,946,131,3401
58006,3597.98,0,0,0,0,36.01,946,131,3401
58056,3568.88,0,0,0,0,39.49,946,131,3401
58106,3597.98,0,0,0,0,28.39,946,131,3401
58156,3567.18,0,0,0,0,40.32,946,131,3401
58206,3597.98,0,0,0,0,33.35,946,131,3401
58256,3565.49,0,0,0,0,33.36,946,132,3401
58306,3608.37,0,0,0,0,38.61,946,132,3401
58356,3576.54,0,0,0,0,31.83,946,132,3401
58406,3618.82,0,0,0,0,-37.16,946,132,3401
58456,3581.66,0,0,0,0,36.28,946,132,3401
58506,3617.94,0,0,0,0,-36.28,946,132,3401
58556,3571.43,0,0,0,0,47.39,946,132,3401
58606,3618.82,0,0,0,0,-47.39,946,132,3401
58656,3575.69,0,0,0,0,32.69,946,132,3401
58706,3606.64,0,0,0,0,31.83,946,132,3401
58756,3575.69,0,0,0,0,32.69,946,132,3401
58806,3607.50,0,0,0,0,33.54,946,132,3401
58856,3568.88,0,0,0,0,37.76,946,132,3401
58906,3607.50,0,0,0,0,32.69,946,132,3401
58956,3568.88,0,0,0,0,39.49,946,132,3401
59006,3607.50,0,0,0,0,38.62,946,132,3401
59056,3564.64,0,0,0,0,33.35,946,132,3401
59106,3597.12,0,0,0,0,33.35,946,132,3401
59156,3561.25,0,0,0,0,55.82,946,132,3401
59206,3607.50,0,0,0,0,25.71,946,132,3401
59256,3559.56,0,0,1,0,48.81,946,133,3401
59307,3598.85,0,0,1,0,41.58,946,134,3401
59357,3568.03,0,0,0,0,39.47,946,134,3401
59407,3608.37,0,0,0,0,42.06,946,134,3401
59457,3568.03,0,0,0,0,40.34,946,134,3401
59507,3618.82,0,0,0,0,-42.28,946,134,3401
59557,3576.54,0,0,0,0,31.83,946,134,3401
59607,3607.50,0,0,0,0,25.01,946,134,3401
59657,3564.64,0,0,0,0,33.35,946,134,3401
59707,3618.82,0,0,0,0,-46.54,946,134,3401
59757,3591.95,0,0,0,0,-40.57,946,134,3401
59807,3617.94,0,0,0,0,-36.28,946,134,3401
59857,3569.73,0,0,0,0,49.09,946,134,3401
59907,3587.66,0,0,0,0,-17.08,946,134,3401
59957,3557.87,0,0,1,0,40.97,946,136,3401
60007,3596.26,0,0,0,0,33.36,946,136,3401
60057,3572.28,0,0,0,0,25.71,946,136,3401
60107,3597.98,0,0,0,0,31.82,946,136,3401
60157,3560.41,0,0,0,0,47.10,946,136,3401
60207,3607.50,0,0,0,0,21.43,946,136,3401
60257,3607.50,0,0,0,0,44.56,946,136,3401
60308,3804.21,-17,-2,0,-16,-258.95,957,137,3480
60358,3577.39,0,0,0,0,199.99,961,137,3480
60408,3617.07,0,0,0,0,-31.99,961,137,3480
60459,3567.18,0,0,0,0,41.19,961,137,3480
60509,3608.37,0,0,0,0,47.39,961,137,3480
60559,3576.54,0,0,0,0,31.83,961,137,3480
60609,3617.94,0,0,0,0,-37.14,961,137,3480
60659,3579.95,0,0,0,0,49.37,961,137,3480
60709,3617.94,0,0,0,0,-36.28,961,137,3480
60759,3607.50,0,0,0,0,28.57,961,137,3480
60809,3544.42,0,0,1,0,466.27,970,138,3545
60859,3545.26,0,0,1,0,402.11,977,139,3601
60909,3545.26,0,0,1,0,391.75,984,140,3639
60959,3357.21,0,3,0,0,518.76,993,140,3673
61009,3570.58,0,0,0,0,271.63,996,140,3680
61059,3587.66,0,0,0,0,173.63,1000,140,3680
61109,3565.49,0,0,0,0,31.64,1000,141,3680
61159,3597.98,0,0,0,0,17.98,1000,141,3680
61209,3570.58,0,0,0,0,42.14,1000,142,3680
61259,3606.64,0,0,0,0,37.76,1000,142,3680
61309,3575.69,0,0,0,0,30.08,1000,142,3680
61359,3578.24,0,0,0,0,-5.97,1000,142,3680
61409,3568.03,0,0,0,0,38.61,1000,142,3680
61459,3618.82,0,0,0,0,-43.98,1000,142,3680
61509,3573.98,0,0,0,0,24.00,1000,142,3680
61559,3618.82,0,0,0,0,-50.79,1000,142,3680
61609,3558.72,0,0,1,0,49.65,1000,143,3680
61659,3596.26,0,0,0,0,26.58,1000,143,3680
61709,3571.43,0,0,0,0,44.77,1000,143,3680
61759,3597.98,0,0,0,0,37.99,1000,143,3680
61809,3585.09,0,0,0,0,21.55,1000,143,3680
61859,3618.82,0,0,0,0,-38.87,1000,143,3680
61910,3576.54,0,0,0,0,30.10,1000,143,3680
61960,3608.37,0,0,0,0,32.50,1000,143,3680
62010,3576.54,0,0,0,0,31.83,1000,143,3680
62060,3608.37,0,0,0,0,30.10,1000,143,3680
62110,3579.95,0,0,0,0,38.87,1000,143,3680
62160,3588.52,0,0,0,0,3.44,1000,143,3680
62210,3570.58,0,0,0,0,47.37,1000,143,3680
62260,3607.50,0,0,0,0,36.28,1000,143,3680
62310,3574.83,0,0,0,0,33.54,1000,143,3680
62360,3597.12,0,0,0,0,40.34,1000,143,3680
62410,3568.03,0,0,0,0,38.61,1000,143,3680
62460,3608.37,0,0,0,0,31.82,1000,143,3680
62510,3585.09,0,0,0,0,23.29,1000,143,3680
62560,3608.37,0,0,0,0,38.87,1000,143,3680
62610,3591.95,0,0,0,0,-17.37,1000,143,3680
62660,3618.82,0,0,0,0,-38.01,1000,143,3680
62710,3571.43,0,0,0,0,45.64,1000,143,3680
62760,3608.37,0,0,0,0,30.95,1000,143,3680
62810,3576.54,0,0,0,0,31.83,1000,143,3680
62860,3608.37,0,0,0,0,35.41,1000,143,3680
62910,3566.33,0,0,0,0,42.04,1000,143,3680
62960,3597.12,0,0,0,0,47.39,1000,143,3680
63010,3575.69,0,0,0,0,31.82,1000,143,3680
63060,3597.12,0,0,0,0,40.32,1000,143,3680
63110,3560.41,0,0,0,0,46.23,1000,143,3680
63160,3597.98,0,0,0,0,38.61,1000,143,3680
63210,3566.33,0,0,0,0,41.17,1000,143,3680
63260,3607.50,0,0,0,0,22.28,1000,143,3680
63310,3567.18,0,0,0,0,41.19,1000,143,3680
63360,3599.71,0,0,1,0,47.92,1000,144,3680
63410,3568.03,0,0,0,0,39.47,1000,144,3680
63460,3618.82,0,0,0,0,-50.79,1000,144,3680
63510,3571.43,0,0,0,0,46.52,1000,144,3680
63560,3617.94,0,0,0,0,-35.43,1000,144,3680
63610,3581.66,0,0,0,0,37.16,1000,144,3680
63660,3618.82,0,0,0,0,-37.16,1000,144,3680
63710,3571.43,0,0,0,0,47.39,1000,144,3680
63760,3597.98,0,0,0,0,36.28,1000,144,3680
63810,3608.37,0,0,0,0,16.32,1000,144,3680
63860,3546.10,0,0,1,0,401.27,1009,145,3742
63910,3544.42,0,0,1,0,565.17,1018,146,3802
63960,3546.10,0,0,1,0,400.23,1026,147,3861
64010,3593.67,0,-1,0,0,-180.86,1027,147,3861
64060,3567.18,0,0,0,0,156.75,1029,147,3868
64110,3609.24,0,0,0,-2,-157.59,1030,147,3870
64160,3570.58,0,0,0,0,109.50,1032,147,3872
64210,3616.20,0,0,0,0,44.12,1032,149,3872
64260,3584.23,0,0,0,0,75.20,1032,151,3872
64310,3617.94,0,0,0,0,-35.43,1032,151,3872
64360,3559.56,0,0,1,0,41.01,1032,152,3872
64410,3597.12,0,0,0,0,28.15,1032,152,3872
64460,3574.83,0,0,0,0,30.07,1032,152,3872
64510,3608.37,0,0,0,0,20.65,1032,152,3872
64560,3591.09,0,0,0,0,-41.41,1032,152,3872
64610,3618.82,0,0,0,0,-36.30,1032,152,3872
64660,3579.95,0,0,0,0,38.87,1032,152,3872
64710,3608.37,0,0,0,0,33.54,1032,152,3872
64760,3581.66,0,0,0,0,35.41,1032,152,3872
64811,3618.82,0,0,0,0,-43.98,1032,152,3872
64861,3581.66,0,0,0,0,35.41,1032,152,3872
64911,3597.98,0,0,0,0,30.95,1032,152,3872
64961,3568.03,0,0,0,0,39.47,1032,152,3872
65011,3597.12,0,0,0,0,21.44,1032,152,3872
65061,3574.83,0,0,0,0,33.54,1032,152,3872
65111,3607.50,0,0,0,0,33.35,1032,152,3872
65161,3576.54,0,0,0,0,30.97,1032,152,3872
65211,3608.37,0,0,0,0,32.67,1032,152,3872
65261,3568.88,0,0,0,0,39.49,1032,152,3872
65311,3608.37,0,0,0,0,30.10,1032,152,3872
65361,3567.18,0,0,0,0,41.19,1032,152,3872
65411,3606.64,0,0,0,0,47.37,1032,152,3872
65461,3575.69,0,0,0,0,32.69,1032,152,3872
65511,3618.82,0,0,0,0,-42.28,1032,152,3872
65561,3570.58,0,0,0,0,47.37,1032,152,3872
65611,3590.23,0,0,1,0,21.19,1032,153,3872
65661,3572.28,0,0,0,0,27.43,1032,154,3872
65711,3596.26,0,0,0,0,37.76,1032,154,3872
65761,3575.69,0,0,0,0,31.82,1032,154,3872
65811,3608.37,0,0,0,0,29.26,1032,154,3872
65861,3584.23,0,0,0,0,23.27,1032,154,3872
65911,3617.94,0,0,0,0,-42.26,1032,154,3872
65961,3576.54,0,0,0,0,31.83,1032,154,3872
66011,3597.12,0,0,0,0,38.61,1032,154,3872
66061,3574.83,0,0,0,0,33.54,1032,154,3872
66111,3596.26,0,0,0,0,47.39,1032,154,3872
66161,3572.28,0,0,0,0,25.71,1032,154,3872
66211,3608.37,0,0,0,0,29.26,1032,154,3872
66262,3559.56,0,0,1,0,47.94,1032,155,3872
66312,3607.50,0,0,0,0,25.73,1032,155,3872
66362,3563.79,0,0,0,0,34.19,1032,155,3872
66412,3606.64,0,0,0,0,39.47,1032,155,3872
66462,3574.83,0,0,0,0,33.54,1032,155,3872
66512,3618.82,0,0,0,0,-48.24,1032,155,3872
66562,3568.88,0,0,0,0,37.76,1032,155,3872
66612,3597.98,0,0,0,0,23.14,1032,155,3872
66662,3576.54,0,0,0,0,31.83,1032,155,3872
66712,3607.50,0,0,0,0,36.27,1032,155,3872
66762,3581.66,0,0,0,0,37.16,1032,155,3872
66812,3617.94,0,0,0,0,-37.14,1032,155,3872
66862,3581.66,0,0,0,0,37.16,1032,155,3872
66912,3607.50,0,0,0,0,20.68,1032,155,3872
66962,3608.37,0,0,0,0,38.62,1032,155,3872
67012,3557.87,0,0,1,0,389.49,1041,156,3933
67062,3545.26,0,0,1,0,401.07,1048,157,3982
67112,3545.26,0,0,1,0,416.70,1055,158,4019
67162,3545.26,0,0,1,0,358.96,1061,159,4066
67212,3584.23,0,0,0,0,66.29,1061,160,4066
67262,3611.85,0,0,0,0,4.35,1061,160,4066
67312,3572.28,0,0,0,0,45.67,1061,160,4066
67362,3616.20,0,0,0,0,-25.11,1061,160,4066
67412,3571.43,0,0,0,0,47.39,1061,160,4066
67462,3617.94,0,0,0,0,-37.14,1061,160,4066
67512,3580.81,0,0,0,0,40.63,1061,160,4066
67562,3607.50,0,0,0,0,28.38,1061,160,4066
67612,3574.83,0,0,0,0,31.80,1061,160,4066
67662,3597.12,0,0,0,0,35.11,1061,160,4066
67712,3568.88,0,0,0,0,37.76,1061,160,4066
67762,3618.82,0,0,0,0,-43.98,1061,160,4066
67812,3581.66,0,0,0,0,36.28,1061,160,4066
67862,3617.94,0,0,0,0,-45.67,1061,160,4066
67912,3575.69,0,0,0,0,32.69,1061,160,4066
67962,3618.82,0,0,0,0,-47.39,1061,160,4066
68012,3580.81,0,0,0,0,37.14,1061,160,4066
68062,3606.64,0,0,0,0,23.27,1061,160,4066
68112,3583.37,0,0,0,0,24.13,1061,160,4066
68162,3606.64,0,0,0,0,30.97,1061,160,4066
68212,3567.18,0,0,0,0,41.19,1061,160,4066
68262,3618.82,0,0,0,0,-43.13,1061,160,4066
68312,3585.09,0,0,0,0,22.42,1061,160,4066
68362,3618.82,0,0,0,0,-49.09,1061,160,4066
68412,3576.54,0,0,0,0,30.10,1061,160,4066
68462,3607.50,0,0,0,0,24.87,1061,160,4066
68512,3576.54,0,0,0,0,31.83,1061,160,4066
68562,3596.26,0,0,0,0,30.97,1061,160,4066
68612,3569.73,0,0,0,0,49.09,1061,160,4066
68662,3617.07,0,0,0,0,-45.64,1061,160,4066
68712,3583.37,0,0,0,0,25.00,1061,160,4066
68762,3626.69,0,0,0,0,-45.03,1061,160,4066
68812,3580.81,0,0,0,0,37.14,1061,160,4066
68862,3617.07,0,0,0,0,-44.79,1061,160,4066
68912,3576.54,0,0,0,0,31.83,1061,160,4066
68962,3608.37,0,0,0,0,31.82,1061,160,4066
69012,3571.43,0,0,0,0,45.64,1061,160,4066
69062,3589.38,0,0,0,0,-32.34,1061,161,4066
69112,3555.34,0,0,1,0,34.03,1061,163,4066
69163,3599.71,0,0,1,0,42.46,1061,164,4066
69213,3565.49,0,0,0,0,31.64,1061,164,4066
69263,3595.40,0,0,0,0,29.06,1061,164,4066
69313,3567.18,0,0,0,0,42.06,1061,165,4066
69363,3608.37,0,0,0,0,34.41,1061,165,4066
69413,3581.66,0,0,0,0,35.41,1061,165,4066
69463,3618.82,0,0,0,0,-38.87,1061,165,4066
69513,3581.66,0,0,0,0,35.41,1061,165,4066
69563,3607.50,0,0,0,0,31.82,1061,165,4066
69613,3568.03,0,0,0,0,40.34,1061,165,4066
69663,3607.50,0,0,0,0,24.00,1061,165,4066
69713,3575.69,0,0,0,0,31.82,1061,165,4066
69763,3606.64,0,0,0,0,46.52,1061,165,4066
69813,3566.33,0,0,0,0,42.04,1061,165,4066
69863,3607.50,0,0,0,0,25.72,1061,165,4066
69913,3576.54,0,0,0,0,30.10,1061,165,4066
69963,3617.94,0,0,0,0,-42.26,1061,165,4066
70013,3581.66,0,0,0,0,46.79,1061,165,4066
70063,3579.95,0,0,0,0,37.12,1061,165,4066
70113,3546.10,0,0,1,0,401.27,1069,166,4125
70163,3545.26,0,0,1,0,435.63,1076,167,4177
70213,3545.26,0,0,1,0,374.26,1083,168,4227
70263,3546.10,0,0,1,0,364.22,1089,169,4259
70313,3545.26,0,0,1,0,339.74,1094,170,4290
70363,3478.66,0,1,0,0,299.67,1099,170,4290
70413,3356.46,0,3,0,0,32.61,1106,170,4290
70463,3217.50,0,4,0,2,48.34,1117,170,4296
70513,3132.18,0,6,0,2,45.11,1128,170,4300
70563,3014.47,1,7,0,3,66.88,1148,170,4307
70614,2931.41,0,8,0,1,27.17,1164,170,4310
70664,2787.59,7,10,0,2,63.58,1192,170,4315
70714,2711.01,2,11,0,2,53.97,1213,170,4318
70764,2621.00,0,12,0,2,62.84,1236,170,4321
70814,2541.51,0,13,0,2,66.28,1261,170,4323
70864,2462.65,0,14,0,2,60.90,1288,170,4325
70914,2385.12,0,15,0,2,56.69,1318,170,4327
70964,2299.20,0,16,0,2,64.49,1350,170,4329
71014,2222.55,3,17,0,2,65.08,1384,170,4331
71064,2144.08,9,18,0,2,63.75,1420,170,4333
71114,2070.11,16,19,0,1,56.04,1458,170,4334
71164,2048.90,0,20,0,0,21.21,1478,170,4334
71214,1973.17,8,21,0,0,18.34,1519,170,4335
71264,1914.97,0,21,0,1,58.19,1540,170,4336
71314,1960.78,0,21,0,-5,-177.41,1584,170,4344
71364,1763.46,23,23,0,1,59.80,1630,170,4349
71414,1748.66,7,24,0,0,14.80,1654,170,4349
71464,1685.58,0,24,0,1,63.08,1678,170,4350
71514,1612.56,19,25,0,1,62.11,1728,170,4351
71564,1601.54,5,25,0,0,11.02,1753,170,4351
71614,1537.04,0,26,0,1,64.49,1779,170,4352
71664,1462.13,27,27,0,1,64.43,1832,170,4353
71714,1453.77,18,27,0,0,8.36,1859,170,4353
71764,1386.32,13,28,0,1,67.45,1887,170,4354
71814,1378.93,6,28,0,0,7.39,1915,170,4354
71864,1312.80,7,29,0,1,66.13,1944,170,4355
71914,1305.03,0,29,0,0,7.77,1973,170,4355
71964,1237.73,0,30,0,1,67.30,2003,170,4356
72014,1230.82,0,30,0,0,6.91,2033,170,4356
72064,1161.98,1,31,0,1,68.84,2064,170,4357
72114,1156.16,2,31,0,0,5.82,2095,170,4357
72164,1084.83,9,32,0,1,71.32,2127,170,4358
72214,1081.39,13,32,0,0,3.44,2159,170,4358
72264,1018.81,25,33,0,1,62.58,2192,170,4359
72314,1018.81,0,33,0,1,62.58,2192,170,4359
72364,971.06,0,34,0,0,47.75,2226,170,4359
72414,955.47,0,34,0,0,15.59,2260,170,4359
72464,923.08,14,34,0,0,32.40,2294,170,4359
72514,923.08,0,34,0,0,32.40,2294,170,4359
72564,837.61,0,35,0,1,85.46,2329,170,4360
72614,855.14,7,35,0,0,-17.52,2364,170,4360
72664,855.14,0,35,0,0,-17.52,2364,170,4360
72714,757.19,0,36,0,1,97.95,2400,170,4361
72764,762.54,16,36,0,0,-5.35,2436,170,4361
72814,762.54,0,36,0,0,-5.35,2436,170,4361
72864,677.75,5,37,0,0,84.79,2473,170,4361
72914,677.75,0,37,0,0,84.79,2473,170,4361
72964,654.96,0,38,0,0,22.79,2511,170,4361
73014,654.96,0,38,0,0,22.79,2511,170,4361
73064,577.46,3,39,0,0,77.51,2550,170,4361
73114,577.46,0,39,0,0,77.51,2550,170,4361
73164,540.56,14,39,0,0,36.90,2589,170,4361
73214,540.56,0,39,0,0,36.90,2589,170,4361
73264,540.56,0,39,0,0,36.90,2589,170,4361
73314,445.43,1,41,0,0,95.13,2630,170,4361
73364,445.43,0,41,0,0,95.13,2630,170,4361
73414,445.43,0,41,0,0,95.13,2630,170,4361
73464,386.81,6,41,0,0,58.63,2671,170,4361
73515,386.81,0,41,0,0,58.63,2671,170,4361
73565,386.81,0,41,0,0,58.63,2671,170,4361
73615,386.81,0,41,0,0,58.63,2671,170,4361
74767,0.00,0,41,0,0,58.63,2671,170,4361
74817,0.00,0,41,0,0,58.63,2671,170,4361
74867,0.00,0,41,0,0,58.63,2671,170,4361
74917,0.00,0,41,0,0,58.63,2671,170,4361
74967,0.00,0,41,0,0,58.63,2671,170,4361
75017,0.00,0,41,0,0,58.63,2671,170,4361
75067,0.00,0,41,0,0,58.63,2671,170,4361
75117,0.00,0,41,0,0,58.63,2671,170,4361
75167,0.00,0,41,0,0,58.63,2671,170,4361
75217,0.00,0,41,0,0,58.63,2671,170,4361
75267,0.00,0,41,0,0,58.63,2671,170,4361
75317,0.00,0,41,0,0,58.63,2671,170,4361
75367,0.00,0,41,0,0,58.63,2671,170,4361
75417,0.00,0,41,0,0,58.63,2671,170,4361
75467,0.00,0,41,0,0,58.63,2671,170,4361
75517,0.00,0,41,0,0,58.63,2671,170,4361
75567,0.00,0,41,0,0,58.63,2671,170,4361
75617,0.00,0,41,0,0,58.63,2671,170,4361
75667,0.00,0,41,0,0,58.63,2671,170,4361
75717,0.00,0,41,0,0,58.63,2671,170,4361
75767,0.00,0,41,0,0,58.63,2671,170,4361
75817,0.00,0,41,0,0,58.63,2671,170,4361
75867,0.00,0,41,0,0,58.63,2671,170,4361
75917,0.00,0,41,0,0,58.63,2671,170,4361
75967,0.00,0,41,0,0,58.63,2671,170,4361
76017,0.00,0,41,0,0,58.63,2671,170,4361
76067,0.00,0,41,0,0,58.63,2671,170,4361
76118,0.00,0,41,0,0,58.63,2671,170,4361
76168,0.00,0,41,0,0,58.63,2671,170,4361
76218,0.00,0,41,0,0,58.63,2671,170,4361
76268,0.00,0,41,0,0,58.63,2671,170,4361
76318,0.00,0,41,0,0,58.63,2671,170,4361
76368,0.00,0,41,0,0,58.63,2671,170,4361
76418,0.00,0,41,0,0,58.63,2671,170,4361
76468,0.00,0,41,0,0,58.63,2671,170,4361
76518,0.00,0,41,0,0,58.63,2671,170,4361
76568,0.00,0,41,0,0,58.63,2671,170,4361
76618,0.00,0,41,0,0,58.63,2671,170,4361
76668,0.00,0,41,0,0,58.63,2671,170,4361
76718,0.00,0,41,0,0,58.63,2671,170,4361
76768,0.00,0,41,0,0,58.63,2671,170,4361
76818,0.00,0,41,0,0,58.63,2671,170,4361
76868,0.00,0,41,0,0,58.63,2671,170,4361
76918,0.00,0,41,0,0,58.63,2671,170,4361
76968,0.00,0,41,0,0,58.63,2671,170,4361
77018,0.00,0,41,0,0,58.63,2671,170,4361
77068,0.00,0,41,0,0,58.63,2671,170,4361
77118,0.00,0,41,0,0,58.63,2671,170,4361
77168,0.00,0,41,0,0,58.63,2671,170,4361
77218,0.00,0,41,0,0,58.63,2671,170,4361
77268,0.00,0,41,0,0,58.63,2671,170,4361
77318,0.00,0,41,0,0,58.63,2671,170,4361
77368,0.00,0,41,0,0,58.63,2671,170,4361
77418,0.00,0,41,0,0,58.63,2671,170,4361
77468,0.00,0,41,0,0,58.63,2671,170,4361
77518,0.00,0,41,0,0,58.63,2671,170,4361
77568,0.00,0,41,0,0,58.63,2671,170,4361
77618,0.00,0,41,0,0,58.63,2671,170,4361
77668,0.00,0,41,0,0,58.63,2671,170,4361
77718,0.00,0,41,0,0,58.63,2671,170,4361
77768,0.00,0,41,0,0,58.63,2671,170,4361
77818,0.00,0,41,0,0,58.63,2671,170,4361
77868,0.00,0,41,0,0,58.63,2671,170,4361
77918,0.00,0,41,0,0,58.63,2671,170,4361
77968,0.00,0,41,0,0,58.63,2671,170,4361
78018,0.00,0,41,0,0,58.63,2671,170,4361
78068,0.00,0,41,0,0,58.63,2671,170,4361
78118,0.00,0,41,0,0,58.63,2671,170,4361
78168,0.00,0,41,0,0,58.63,2671,170,4361
78218,0.00,0,41,0,0,58.63,2671,170,4361
78268,0.00,0,41,0,0,58.63,2671,170,4361
78318,0.00,0,41,0,0,58.63,2671,170,4361
78368,0.00,0,41,0,0,58.63,2671,170,4361
78418,0.00,0,41,0,0,58.63,2671,170,4361
78468,0.00,0,41,0,0,58.63,2671,170,4361
78518,0.00,0,41,0,0,58.63,2671,170,4361
78568,0.00,0,41,0,0,58.63,2671,170,4361
78618,0.00,0,41,0,0,58.63,2671,170,4361
78668,0.00,0,41,0,0,58.63,2671,170,4361
78718,0.00,0,41,0,0,58.63,2671,170,4361
78768,0.00,0,41,0,0,58.63,2671,170,4361
78818,0.00,0,41,0,0,58.63,2671,170,4361
78868,0.00,0,41,0,0,58.63,2671,170,4361
78918,0.00,0,41,0,0,58.63,2671,170,4361
78968,0.00,0,41,0,0,58.63,2671,170,4361
79019,0.00,0,41,0,0,58.63,2671,170,4361
79069,0.00,0,41,0,0,58.63,2671,170,4361
79119,0.00,0,41,0,0,58.63,2671,170,4361
79169,0.00,0,41,0,0,58.63,2671,170,4361
79219,0.00,0,41,0,0,58.63,2671,170,4361
79269,0.00,0,41,0,0,58.63,2671,170,4361
79319,0.00,0,41,0,0,58.63,2671,170,4361
79369,0.00,0,41,0,0,58.63,2671,170,4361
79419,0.00,0,41,0,0,58.63,2671,170,4361
79469,0.00,0,41,0,0,58.63,2671,170,4361
79519,0.00,0,41,0,0,58.63,2671,170,4361
79569,0.00,0,41,0,0,58.63,2671,170,4361
79619,0.00,0,41,0,0,58.63,2671,170,4361
79669,0.00,0,41,0,0,58.63,2671,170,4361
79719,0.00,0,41,0,0,58.63,2671,170,4361
79769,0.00,0,41,0,0,58.63,2671,170,4361
79819,0.00,0,41,0,0,58.63,2671,170,4361
79869,0.00,0,41,0,0,58.63,2671,170,4361
79919,0.00,0,41,0,0,58.63,2671,170,4361
79969,0.00,0,41,0,0,58.63,2671,170,4361
80019,0.00,0,41,0,0,58.63,2671,170,4361
80069,0.00,0,41,0,0,58.63,2671,170,4361
