Mechanical Governor - Constant Load (1500 W)
Trial: 4
Date: 3-31-2023
Time: 12:35 PM
Ambient Temp: 82
Head Temp: 224.4

------ Microcontroller Engine Governor - Version: 1.16 ------
-------------------------------------------------------------
PID Gains:        Kp: 0.013000   Ki: 0.025000   Kd: 1.000000
-------------------------------------------------------------
Set RPM:             3600    |  Min RPM:                300
                             |
RPM Precision        10       |  PID I Precision:         70
                             |
Start Steps:         850     |  Max Steps:               1200
                             |
RPM Calc Interval:   1       |  Num Magnets:             1
                             |
LCD Update Interval: 400     |  Serial Update Interval:  50
-------------------------------------------------------------

Time,RPM,Steps Remaining, PID p, PID i, PID d, RPM Change, P Cmd, I Cmd, D Cmd
1226,0.00,0,0,0,0,0.00,0,0,0
1276,0.00,0,0,0,0,0.00,0,0,0
1326,0.00,0,0,0,0,0.00,0,0,0
1376,0.00,0,0,0,0,0.00,0,0,0
1426,0.00,0,0,0,0,0.00,0,0,0
1476,0.00,0,0,0,0,0.00,0,0,0
1526,0.00,0,0,0,0,0.00,0,0,0
1576,0.00,0,0,0,0,0.00,0,0,0
1626,0.00,0,0,0,0,0.00,0,0,0
1676,0.00,0,0,0,0,0.00,0,0,0
1726,0.00,0,0,0,0,0.00,0,0,0
1776,0.00,0,0,0,0,0.00,0,0,0
1826,0.00,0,0,0,0,0.00,0,0,0
1876,0.00,0,0,0,0,0.00,0,0,0
1926,0.00,0,0,0,0,0.00,0,0,0
1976,0.00,0,0,0,0,0.00,0,0,0
2026,0.00,0,0,0,0,0.00,0,0,0
2076,0.00,0,0,0,0,0.00,0,0,0
2126,0.00,0,0,0,0,0.00,0,0,0
2176,0.00,0,0,0,0,0.00,0,0,0
2226,0.00,0,0,0,0,0.00,0,0,0
2276,0.00,0,0,0,0,0.00,0,0,0
2326,0.00,0,0,0,0,0.00,0,0,0
2376,0.00,0,0,0,0,0.00,0,0,0
2426,0.00,0,0,0,0,0.00,0,0,0
2476,0.00,0,0,0,0,0.00,0,0,0
2526,0.00,0,0,0,0,0.00,0,0,0
2576,0.00,0,0,0,0,0.00,0,0,0
2626,0.00,0,0,0,0,0.00,0,0,0
2676,0.00,0,0,0,0,0.00,0,0,0
2726,0.00,0,0,0,0,0.00,0,0,0
2776,0.00,0,0,0,0,0.00,0,0,0
2826,0.00,0,0,0,0,0.00,0,0,0
2876,0.00,0,0,0,0,0.00,0,0,0
2926,0.00,0,0,0,0,0.00,0,0,0
2976,0.00,0,0,0,0,0.00,0,0,0
3026,0.00,0,0,0,0,0.00,0,0,0
3076,0.00,0,0,0,0,0.00,0,0,0
3126,0.00,0,0,0,0,0.00,0,0,0
3176,0.00,0,0,0,0,0.00,0,0,0
3226,0.00,0,0,0,0,0.00,0,0,0
3276,0.00,0,0,0,0,0.00,0,0,0
3326,0.00,0,0,0,0,0.00,0,0,0
3376,0.00,0,0,0,0,0.00,0,0,0
3426,0.00,0,0,0,0,0.00,0,0,0
3476,0.00,0,0,0,0,0.00,0,0,0
3526,0.00,0,0,0,0,0.00,0,0,0
3576,0.00,0,0,0,0,0.00,0,0,0
3627,0.00,0,0,0,0,0.00,0,0,0
3677,0.00,0,0,0,0,0.00,0,0,0
3727,0.00,0,0,0,0,0.00,0,0,0
3777,0.00,0,0,0,0,0.00,0,0,0
3827,0.00,0,0,0,0,0.00,0,0,0
3877,0.00,0,0,0,0,0.00,0,0,0
3927,0.00,0,0,0,0,0.00,0,0,0
3977,0.00,0,0,0,0,0.00,0,0,0
4027,0.00,0,0,0,0,0.00,0,0,0
4077,0.00,0,0,0,0,0.00,0,0,0
4127,0.00,0,0,0,0,0.00,0,0,0
4177,0.00,0,0,0,0,0.00,0,0,0
4227,0.00,0,0,0,0,0.00,0,0,0
4277,0.00,0,0,0,0,0.00,0,0,0
4327,0.00,0,0,0,0,0.00,0,0,0
4377,0.00,0,0,0,0,0.00,0,0,0
4427,0.00,0,0,0,0,0.00,0,0,0
4477,0.00,0,0,0,0,0.00,0,0,0
4527,0.00,0,0,0,0,0.00,0,0,0
4577,0.00,0,0,0,0,0.00,0,0,0
4627,0.00,0,0,0,0,0.00,0,0,0
4677,0.00,0,0,0,0,0.00,0,0,0
4727,0.00,0,0,0,0,0.00,0,0,0
4777,0.00,0,0,0,0,0.00,0,0,0
4827,0.00,0,0,0,0,0.00,0,0,0
4877,0.00,0,0,0,0,0.00,0,0,0
4927,0.00,0,0,0,0,0.00,0,0,0
4977,0.00,0,0,0,0,0.00,0,0,0
5027,0.00,0,0,0,0,0.00,0,0,0
5078,0.00,0,0,0,0,0.00,0,0,0
5128,0.00,0,0,0,0,0.00,0,0,0
5178,0.00,0,0,0,0,0.00,0,0,0
5228,0.00,0,0,0,0,0.00,0,0,0
5278,0.00,0,0,0,0,0.00,0,0,0
5328,0.00,0,0,0,0,0.00,0,0,0
5378,0.00,0,0,0,0,0.00,0,0,0
5428,0.00,0,0,0,0,0.00,0,0,0
5478,0.00,0,0,0,0,0.00,0,0,0
5528,0.00,0,0,0,0,0.00,0,0,0
5578,0.00,0,0,0,0,0.00,0,0,0
5628,0.00,0,0,0,0,0.00,0,0,0
5678,0.00,0,0,0,0,0.00,0,0,0
5728,0.00,0,0,0,0,0.00,0,0,0
5778,0.00,0,0,0,0,0.00,0,0,0
5828,0.00,0,0,0,0,0.00,0,0,0
5878,0.00,0,0,0,0,0.00,0,0,0
5928,0.00,0,0,0,0,0.00,0,0,0
5978,0.00,0,0,0,0,0.00,0,0,0
6028,0.00,0,0,0,0,0.00,0,0,0
6078,0.00,0,0,0,0,0.00,0,0,0
6128,0.00,0,0,0,0,0.00,0,0,0
6178,0.00,0,0,0,0,0.00,0,0,0
6228,0.00,0,0,0,0,0.00,0,0,0
6278,0.00,0,0,0,0,0.00,0,0,0
6328,0.00,0,0,0,0,0.00,0,0,0
6378,0.00,0,0,0,0,0.00,0,0,0
6428,0.00,0,0,0,0,0.00,0,0,0
6478,0.00,0,0,0,0,0.00,0,0,0
6528,0.00,0,0,0,0,0.00,0,0,0
6578,0.00,0,0,0,0,0.00,0,0,0
6628,0.00,0,0,0,0,0.00,0,0,0
6678,0.00,0,0,0,0,0.00,0,0,0
6728,0.00,0,0,0,0,0.00,0,0,0
6778,0.00,0,0,0,0,0.00,0,0,0
6828,0.00,0,0,0,0,0.00,0,0,0
6878,0.00,0,0,0,0,0.00,0,0,0
6928,0.00,0,0,0,0,0.00,0,0,0
6978,0.00,0,0,0,0,0.00,0,0,0
7028,0.00,0,0,0,0,0.00,0,0,0
7078,0.00,0,0,0,0,0.00,0,0,0
7128,0.00,0,0,0,0,0.00,0,0,0
7178,0.00,0,0,0,0,0.00,0,0,0
7228,0.00,0,0,0,0,0.00,0,0,0
7278,0.00,0,0,0,0,0.00,0,0,0
7328,0.00,0,0,0,0,0.00,0,0,0
7378,0.00,0,0,0,0,0.00,0,0,0
7428,0.00,0,0,0,0,0.00,0,0,0
7478,0.00,0,0,0,0,0.00,0,0,0
7528,0.00,0,0,0,0,0.00,0,0,0
7578,0.00,0,0,0,0,0.00,0,0,0
7628,0.00,0,0,0,0,0.00,0,0,0
7678,0.00,0,0,0,0,0.00,0,0,0
7728,0.00,0,0,0,0,0.00,0,0,0
7778,0.00,0,0,0,0,0.00,0,0,0
7828,0.00,0,0,0,0,0.00,0,0,0
7878,0.00,0,0,0,0,0.00,0,0,0
7928,0.00,0,0,0,0,0.00,0,0,0
7979,0.00,0,0,0,0,0.00,0,0,0
8029,0.00,0,0,0,0,0.00,0,0,0
8079,0.00,0,0,0,0,0.00,0,0,0
8129,0.00,0,0,0,0,0.00,0,0,0
8179,0.00,0,0,0,0,0.00,0,0,0
8229,0.00,0,0,0,0,0.00,0,0,0
8279,0.00,0,0,0,0,0.00,0,0,0
8329,0.00,0,0,0,0,0.00,0,0,0
8379,0.00,0,0,0,0,0.00,0,0,0
8429,0.00,0,0,0,0,0.00,0,0,0
8479,0.00,0,0,0,0,0.00,0,0,0
8529,0.00,0,0,0,0,0.00,0,0,0
8579,0.00,0,0,0,0,0.00,0,0,0
8629,0.00,0,0,0,0,0.00,0,0,0
8679,0.00,0,0,0,0,0.00,0,0,0
8729,0.00,0,0,0,0,0.00,0,0,0
8779,0.00,0,0,0,0,0.00,0,0,0
8829,0.00,0,0,0,0,0.00,0,0,0
8879,0.00,0,0,0,0,0.00,0,0,0
8929,0.00,0,0,0,0,0.00,0,0,0
8979,0.00,0,0,0,0,0.00,0,0,0
9029,0.00,0,0,0,0,0.00,0,0,0
9079,0.00,0,0,0,0,0.00,0,0,0
9129,0.00,0,0,0,0,0.00,0,0,0
9179,0.00,0,0,0,0,0.00,0,0,0
9229,0.00,0,0,0,0,0.00,0,0,0
9279,0.00,0,0,0,0,0.00,0,0,0
9329,0.00,0,0,0,0,0.00,0,0,0
9379,0.00,0,0,0,0,0.00,0,0,0
9430,0.00,0,0,0,0,0.00,0,0,0
9480,0.00,0,0,0,0,0.00,0,0,0
9530,0.00,0,0,0,0,0.00,0,0,0
9580,0.00,0,0,0,0,0.00,0,0,0
9630,0.00,0,0,0,0,0.00,0,0,0
9680,0.00,0,0,0,0,0.00,0,0,0
9730,0.00,0,0,0,0,0.00,0,0,0
9780,0.00,0,0,0,0,0.00,0,0,0
9830,0.00,0,0,0,0,0.00,0,0,0
9880,0.00,0,0,0,0,0.00,0,0,0
9930,0.00,0,0,0,0,0.00,0,0,0
9980,inf,0,0,0,0,inf,0,0,0
10030,inf,0,0,0,0,inf,0,0,0
10080,inf,0,0,0,0,inf,0,0,0
10130,488.87,0,40,0,0,inf,40,0,0
10180,488.87,0,40,0,0,inf,40,0,0
10230,548.95,5,39,0,0,-60.08,79,0,0
10280,943.81,7,34,0,-6,-394.86,113,0,6
10330,958.04,27,34,0,0,-14.23,147,0,6
10380,1409.64,3,28,0,-10,-451.60,175,0,16
10430,1418.71,6,28,0,0,-9.07,203,0,16
10480,1704.74,22,24,0,0,-7.33,251,0,23
10530,1966.18,0,21,0,-8,-261.44,272,0,31
10580,2198.77,0,18,0,-8,-223.53,311,0,39
10630,2434.67,0,15,0,-9,-220.97,344,0,48
10680,2692.51,0,11,0,-11,-253.89,370,0,59
10730,2909.80,7,8,0,0,2.83,397,0,70
10780,3113.97,0,6,0,0,1.29,409,0,80
10830,3481.09,0,1,0,-7,-185.83,416,0,97
10880,3616.20,0,0,0,0,6.11,417,0,99
10930,3695.49,0,-1,0,0,8.21,420,0,99
10980,3656.75,0,0,-1,0,0.00,420,2,99
11030,3713.79,0,-1,0,0,-31.00,423,2,99
11080,3681.88,0,-1,0,0,20.90,426,2,99
11130,3646.97,0,0,-1,0,12.46,427,4,99
11180,3584.23,0,0,0,0,16.35,427,4,99
11230,3617.94,0,0,0,0,-37.14,427,4,99
11280,3584.23,0,0,0,0,24.14,427,4,99
11330,3609.24,0,0,0,0,43.26,427,4,99
11380,3581.66,0,0,0,0,36.28,427,4,99
11430,3617.94,0,0,0,0,-37.14,427,4,99
11480,3591.95,0,0,0,0,-46.79,427,4,99
11530,3632.84,0,0,0,0,-39.17,427,5,99
11580,3590.23,0,0,0,0,-35.44,427,5,99
11630,3626.69,0,0,0,0,-45.03,427,5,99
11680,3591.09,0,0,0,0,-53.92,427,5,99
11730,3639.89,0,0,0,0,-57.38,427,5,99
11780,3591.95,0,0,0,0,-31.25,427,5,99
11830,3634.60,0,0,0,0,-32.30,427,5,99
11880,3594.54,0,0,-1,0,-45.38,427,6,99
11930,3631.08,0,0,0,0,-39.13,427,6,99
11980,3591.95,0,0,0,0,-38.30,427,6,99
12030,3624.06,0,0,0,0,-32.11,427,6,99
12080,3592.81,0,0,0,0,-31.25,427,6,99
12130,3598.85,0,0,0,0,28.45,427,6,99
12180,3581.66,0,0,0,0,36.28,427,6,99
12230,3639.01,0,0,0,0,-57.35,427,6,99
12280,3592.81,0,0,0,0,-37.42,427,6,99
12331,3624.06,0,0,0,0,-30.39,427,7,99
12381,3590.23,0,0,0,0,-37.44,427,7,99
12431,3632.84,0,0,0,0,-40.89,427,7,99
12481,3572.28,0,0,0,0,26.57,427,7,99
12531,3628.45,0,0,0,0,-57.02,427,7,99
12581,3581.66,0,0,0,0,46.79,427,7,99
12631,3632.84,0,0,0,0,-40.89,427,7,99
12681,3602.31,0,0,0,0,-40.03,427,7,99
12731,3635.48,0,0,0,0,-34.91,427,7,99
12781,3590.23,0,0,0,0,-40.03,427,7,99
12831,3606.64,0,0,0,0,37.17,427,7,99
12881,3569.73,0,0,0,0,49.09,427,7,99
12931,3626.69,0,0,0,0,-45.03,427,7,99
12981,3590.23,0,0,0,0,-37.44,427,7,99
13031,3624.94,0,0,0,0,-32.99,427,7,99
13081,3581.66,0,0,0,0,51.18,427,7,99
13131,3628.45,0,0,0,0,-46.79,427,7,99
13181,3591.95,0,0,0,0,-39.17,427,7,99
13231,3635.48,0,0,0,0,-34.91,427,7,99
13281,3591.09,0,0,0,0,-23.52,427,7,99
13331,3628.45,0,0,0,0,-45.93,427,7,99
13381,3581.66,0,0,0,0,46.79,427,7,99
13431,3632.84,0,0,0,0,-40.03,427,7,99
13481,3591.95,0,0,0,0,-40.03,427,7,99
13531,3618.82,0,0,0,0,-48.24,427,7,99
13581,3581.66,0,0,0,0,37.16,427,7,99
13631,3628.45,0,0,0,0,-47.64,427,7,99
13681,3591.95,0,0,0,0,-54.75,427,7,99
13731,3641.66,0,0,-1,0,-50.57,427,8,99
13782,3595.40,0,0,-1,0,-40.26,427,9,99
13832,3632.84,0,0,0,0,-38.30,427,10,99
13882,3603.17,0,0,0,0,-22.66,427,10,99
13932,3615.33,0,0,0,0,-25.09,427,10,99
13982,3572.28,0,0,0,0,45.67,427,10,99
14032,3629.32,0,0,0,0,-49.37,427,10,99
14082,3590.23,0,0,0,0,-40.03,427,10,99
14132,3641.66,0,0,-1,0,-47.12,427,12,99
14182,3594.54,0,0,0,0,-122.57,427,13,99
14232,3624.06,0,0,0,0,-32.11,427,13,99
14282,3591.95,0,0,0,0,-37.16,427,13,99
14332,3629.32,0,0,0,0,-48.52,427,13,99
14382,3591.95,0,0,0,0,-40.01,427,13,99
14432,3629.32,0,0,0,0,-49.37,427,13,99
14482,3581.66,0,0,0,0,37.16,427,13,99
14532,3618.82,0,0,0,0,-38.01,427,13,99
14582,3582.52,0,0,0,0,37.17,427,13,99
14632,3608.37,0,0,0,0,31.02,427,13,99
14682,3581.66,0,0,0,0,35.41,427,13,99
14732,3618.82,0,0,0,0,-38.87,427,13,99
14782,3581.66,0,0,0,0,35.41,427,13,99
14832,3624.94,0,0,0,0,-33.85,427,13,99
14882,3591.09,0,0,0,0,-46.79,427,13,99
14932,3623.19,0,0,0,0,-31.23,427,13,99
14982,3591.95,0,0,0,0,-41.77,427,13,99
15032,3624.06,0,0,0,0,-32.11,427,13,99
15082,3591.95,0,0,0,0,-47.66,427,13,99
15132,3616.20,0,0,0,0,-25.11,427,13,99
15182,3581.66,0,0,0,0,37.16,427,13,99
15232,3624.94,0,0,0,0,-33.85,427,13,99
15282,3582.52,0,0,0,0,45.05,427,13,99
15332,3616.20,0,0,0,0,-25.11,427,13,99
15382,3580.81,0,0,0,0,48.52,427,13,99
15432,3618.82,0,0,0,0,-36.30,427,13,99
15482,3591.09,0,0,0,0,-45.95,427,13,99
15532,3633.72,0,0,0,0,-41.77,427,13,99
15582,3581.66,0,0,0,0,43.28,427,13,99
15632,3617.94,0,0,0,0,-35.43,427,13,99
15682,3576.54,0,0,0,0,31.83,427,13,99
15732,3618.82,0,0,0,0,-47.39,427,13,99
15782,3581.66,0,0,0,0,38.03,427,13,99
15832,3624.06,0,0,0,0,-32.97,427,13,99
15882,3591.95,0,0,0,0,-22.51,427,13,99
15932,3617.94,0,0,0,0,-36.28,427,13,99
15982,3581.66,0,0,0,0,47.66,427,13,99
16032,3608.37,0,0,0,0,50.03,427,13,99
16082,3564.64,0,0,0,0,32.48,427,13,99
16132,3606.64,0,0,0,0,33.43,427,13,99
16182,3579.95,0,0,0,0,39.74,427,13,99
16232,3623.19,0,0,0,0,-31.23,427,13,99
16282,3590.23,0,0,0,0,-32.13,427,13,99
16332,3632.84,0,0,0,0,-40.03,427,13,99
16382,3581.66,0,0,0,0,46.79,427,13,99
16432,3608.37,0,0,0,0,39.78,427,13,99
16482,3581.66,0,0,0,0,37.16,427,13,99
16532,3628.45,0,0,0,0,-46.79,427,13,99
16582,3591.95,0,0,0,0,-33.85,427,13,99
16632,3618.82,0,0,0,0,-38.87,427,13,99
16683,3581.66,0,0,0,0,35.41,427,13,99
16733,3617.94,0,0,0,0,-37.14,427,13,99
16783,3582.52,0,0,0,0,44.18,427,13,99
16833,3608.37,0,0,0,0,51.15,427,13,99
16883,3568.88,0,0,0,0,37.76,427,13,99
16933,3608.37,0,0,0,0,43.24,427,13,99
16983,3568.88,0,0,0,0,40.36,427,13,99
17033,3618.82,0,0,0,0,-50.79,427,13,99
17083,3584.23,0,0,0,0,23.27,427,13,99
17133,3617.94,0,0,0,0,-36.28,427,13,99
17183,3575.69,0,0,0,0,32.69,427,13,99
17233,3617.07,0,0,0,0,-35.41,427,13,99
17283,3580.81,0,0,0,0,43.26,427,13,99
17333,3617.94,0,0,0,0,-35.43,427,13,99
17383,3640.78,0,0,-1,0,-84.59,427,15,99
17433,3608.37,0,0,0,0,40.42,427,15,99
17483,3570.58,0,0,0,0,47.37,427,15,99
17533,3606.64,0,0,0,0,40.65,427,15,99
17583,3575.69,0,0,0,0,31.82,427,15,99
17633,3618.82,0,0,0,0,-38.01,427,15,99
17683,3584.23,0,0,0,0,23.27,427,15,99
17733,3617.94,0,0,0,0,-37.14,427,15,99
17783,3581.66,0,0,0,0,35.41,427,15,99
17833,3608.37,0,0,0,0,27.47,427,15,99
17883,3608.37,0,0,0,0,35.24,427,15,99
17933,3545.26,0,0,1,0,356.92,433,16,145
17983,3545.26,0,0,1,0,321.72,439,17,178
18033,3545.26,0,0,1,0,327.71,444,18,208
18083,3545.26,0,0,1,0,303.85,449,19,234
18134,3546.10,0,0,1,0,374.44,455,20,264
18184,3546.10,0,0,1,0,391.94,461,21,301
18234,3544.42,0,0,1,0,458.78,469,22,347
18284,3546.10,0,0,1,0,404.39,476,23,401
18334,3543.59,0,0,1,0,485.42,484,24,448
18384,3544.42,0,0,1,0,406.06,491,25,501
18434,3544.42,0,0,1,0,446.00,499,26,543
18484,3624.94,0,0,0,0,102.69,500,27,546
18534,3587.66,0,0,0,0,185.93,503,27,546
18584,3609.24,0,-2,0,0,-328.32,506,27,546
18634,3567.18,0,0,0,0,215.92,510,27,546
18684,3597.98,0,-1,0,-7,-252.15,512,27,553
18734,3578.24,0,0,0,0,104.54,514,27,560
18784,3618.82,0,0,0,0,-33.73,514,27,560
18834,3582.52,0,0,0,0,31.07,514,27,560
18884,3618.82,0,0,0,0,-41.43,514,27,560
18934,3581.66,0,0,0,0,32.80,514,27,560
18984,3608.37,0,0,0,0,34.51,514,27,560
19034,3581.66,0,0,0,0,30.18,514,27,560
19084,3618.82,0,0,0,0,-37.16,514,27,560
19134,3581.66,0,0,0,0,37.16,514,27,560
19184,3617.94,0,0,0,0,-36.28,514,27,560
19234,3576.54,0,0,0,0,31.83,514,27,560
19284,3618.82,0,0,0,0,-47.39,514,27,560
19334,3580.81,0,0,0,0,38.01,514,27,560
19384,3617.94,0,0,0,0,-36.28,514,27,560
19434,3581.66,0,0,0,0,37.16,514,27,560
19484,3618.82,0,0,0,0,-37.16,514,27,560
19534,3581.66,0,0,0,0,37.16,514,27,560
19584,3616.20,0,0,0,0,-24.25,514,27,560
19634,3581.66,0,0,0,0,46.79,514,27,560
19684,3608.37,0,0,0,0,24.87,514,27,560
19734,3567.18,0,0,0,0,41.19,514,27,560
19784,3606.64,0,0,0,0,24.04,514,27,560
19834,3567.18,0,0,0,0,41.19,514,27,560
19884,3608.37,0,0,0,0,31.02,514,27,560
19934,3581.66,0,0,0,0,36.28,514,27,560
19984,3616.20,0,0,0,0,-25.11,514,27,560
20034,3591.95,0,0,0,0,-38.01,514,27,560
20084,3608.37,0,0,0,0,33.65,514,27,560
20134,3576.54,0,0,0,0,30.10,514,27,560
20184,3617.94,0,0,0,0,-37.14,514,27,560
20234,3568.03,0,0,0,0,39.47,514,27,560
20284,3617.94,0,0,0,0,-47.37,514,27,560
20334,3571.43,0,0,0,0,47.39,514,27,560
20384,3618.82,0,0,0,0,-47.39,514,27,560
20434,3581.66,0,0,0,0,37.16,514,27,560
20484,3608.37,0,0,0,0,48.26,514,27,560
20534,3572.28,0,0,0,0,25.71,514,27,560
20584,3616.20,0,0,0,0,-34.54,514,27,560
20634,3575.69,0,0,0,0,32.69,514,27,560
20684,3608.37,0,0,0,0,38.68,514,27,560
20734,3576.54,0,0,0,0,31.83,514,27,560
20784,3597.98,0,0,0,0,41.27,514,27,560
20834,3568.03,0,0,0,0,38.61,514,27,560
20884,3617.94,0,0,0,0,-42.26,514,27,560
20934,3581.66,0,0,0,0,37.16,514,27,560
20984,3617.94,0,0,0,0,-36.28,514,27,560
21035,3581.66,0,0,0,0,37.16,514,27,560
21085,3618.82,0,0,0,0,-37.16,514,27,560
21135,3576.54,0,0,0,0,31.83,514,27,560
21185,3617.94,0,0,0,0,-36.28,514,27,560
21235,3581.66,0,0,0,0,47.66,514,27,560
21285,3618.82,0,0,0,0,-46.54,514,27,560
21335,3568.88,0,0,0,0,39.49,514,27,560
21385,3606.64,0,0,0,0,41.29,514,27,560
21435,3583.37,0,0,0,0,25.00,514,27,560
21485,3617.07,0,0,0,0,-45.64,514,27,560
21535,3579.95,0,0,0,0,38.87,514,27,560
21585,3618.82,0,0,0,0,-37.16,514,27,560
21635,3584.23,0,0,0,0,24.14,514,27,560
21685,3608.37,0,0,0,0,29.30,514,27,560
21735,3571.43,0,0,0,0,45.64,514,27,560
21785,3618.82,0,0,0,0,-48.24,514,27,560
21835,3574.83,0,0,0,0,77.47,514,28,560
21885,3618.82,0,0,0,0,-47.39,514,28,560
21935,3581.66,0,0,0,0,37.16,514,28,560
21985,3617.94,0,0,0,0,-35.43,514,28,560
22035,3576.54,0,0,0,0,30.97,514,28,560
22085,3536.90,0,0,1,0,31.98,514,29,560
22135,3735.06,0,-1,0,0,-26.78,520,29,590
22185,3546.10,0,0,1,0,364.22,526,30,623
22235,3541.08,0,0,1,0,360.09,531,31,658
22285,3577.39,0,0,0,0,122.66,532,31,658
22335,3604.90,0,0,0,0,-144.36,532,31,658
22385,3574.83,0,0,0,0,88.17,533,32,658
22435,3618.82,0,0,0,0,-9.58,533,32,658
22486,3581.66,0,0,0,0,36.28,533,32,658
22536,3612.72,0,0,0,0,-0.87,533,32,658
22586,3581.66,0,0,0,0,28.45,533,32,658
22636,3607.50,0,0,0,0,37.87,533,32,658
22686,3572.28,0,0,0,0,41.31,533,32,658
22736,3617.94,0,0,0,0,-32.86,533,32,658
22786,3582.52,0,0,0,0,41.55,533,32,658
22836,3618.82,0,0,0,0,-42.28,533,32,658
22886,3572.28,0,0,0,0,42.18,533,32,658
22936,3607.50,0,0,0,0,46.45,533,32,658
22986,3567.18,0,0,0,0,40.32,533,32,658
23036,3610.11,0,0,0,0,-50.55,533,33,658
23086,3572.28,0,0,0,0,44.79,533,33,658
23136,3618.82,0,0,0,0,-38.01,533,33,658
23186,3581.66,0,0,0,0,41.53,533,33,658
23236,3624.06,0,0,0,0,-31.25,533,33,658
23286,3570.58,0,0,0,0,47.37,533,33,658
23336,3608.37,0,0,0,0,40.40,533,33,658
23386,3573.98,0,0,0,0,23.14,533,33,658
23436,3618.82,0,0,0,0,-49.09,533,33,658
23486,3576.54,0,0,0,0,31.83,533,33,658
23536,3608.37,0,0,0,0,38.68,533,33,658
23586,3570.58,0,0,0,0,47.37,533,33,658
23636,3606.64,0,0,0,0,24.89,533,33,658
23686,3579.95,0,0,0,0,38.87,533,33,658
23736,3617.07,0,0,0,0,-35.41,533,33,658
23786,3580.81,0,0,0,0,47.64,533,33,658
23836,3627.57,0,0,0,0,-45.91,533,33,658
23886,3575.69,0,0,0,0,32.69,533,33,658
23936,3606.64,0,0,0,0,28.45,533,33,658
23986,3573.98,0,0,0,0,22.28,533,33,658
24036,3607.50,0,0,0,0,41.27,533,33,658
24086,3580.81,0,0,0,0,36.27,533,33,658
24136,3628.45,0,0,0,0,-47.64,533,33,658
24186,3584.23,0,0,0,0,22.41,533,33,658
24236,3617.94,0,0,0,0,-48.22,533,33,658
24286,3560.41,0,0,0,0,47.96,533,33,658
24336,3608.37,0,0,0,0,33.36,533,33,658
24386,3579.95,0,0,0,0,38.87,533,33,658
24436,3617.94,0,0,0,0,-46.52,533,33,658
24486,3570.58,0,0,0,0,47.37,533,33,658
24536,3606.64,0,0,0,0,50.01,533,33,658
24586,3573.98,0,0,0,0,24.00,533,33,658
24636,3598.85,0,0,0,0,19.68,533,33,658
24686,3568.03,0,0,0,0,40.34,533,33,658
24736,3597.12,0,0,0,0,32.55,533,33,658
24786,3569.73,0,0,0,0,48.22,533,33,658
24836,3617.07,0,0,0,0,-45.64,533,33,658
24886,3567.18,0,0,0,0,41.19,533,33,658
24936,3609.24,0,0,1,0,51.41,533,34,658
24986,3581.66,0,0,0,0,36.28,533,34,658
25036,3625.82,0,0,0,0,-34.72,533,34,658
25086,3580.81,0,0,0,0,43.26,533,34,658
25136,3616.20,0,0,0,0,-23.39,533,34,658
25186,3579.95,0,0,0,0,38.87,533,34,658
25236,3608.37,0,0,0,0,40.40,533,34,658
25286,3568.03,0,0,0,0,39.47,533,34,658
25336,3607.50,0,0,0,0,42.99,533,34,658
25387,3585.09,0,0,0,0,23.29,533,34,658
25437,3618.82,0,0,0,0,-37.16,533,34,658
25487,3571.43,0,0,0,0,47.39,533,34,658
25537,3608.37,0,0,0,0,24.15,533,34,658
25587,3581.66,0,0,0,0,37.16,533,34,658
25637,3607.50,0,0,0,0,24.87,533,34,658
25687,3597.98,0,0,0,0,36.93,533,34,658
25737,3544.42,0,0,1,0,507.44,542,35,727
25787,3544.42,0,0,1,0,407.10,550,36,784
25837,3544.42,0,0,1,0,446.00,558,37,829
25887,3546.10,0,0,1,0,388.84,565,38,880
25937,3545.26,0,0,1,0,407.31,572,39,917
25987,3545.26,0,0,1,0,381.44,579,40,952
26037,3577.39,0,0,0,0,104.49,580,40,952
26087,3615.33,0,0,0,0,36.97,580,42,952
26137,3574.83,0,0,0,0,67.71,580,44,952
26187,3610.11,0,0,0,0,-6.94,580,44,952
26237,3571.43,0,0,0,0,38.68,580,44,952
26287,3608.37,0,0,0,0,39.57,580,44,952
26337,3576.54,0,0,0,0,28.36,580,44,952
26387,3596.26,0,0,0,0,35.97,580,44,952
26437,3574.83,0,0,0,0,33.54,580,44,952
26487,3617.94,0,0,0,0,-36.28,580,44,952
26537,3591.09,0,0,0,0,-32.11,580,44,952
26587,3617.94,0,0,0,0,-37.99,580,44,952
26637,3575.69,0,0,0,0,32.69,580,44,952
26687,3617.94,0,0,0,0,-36.28,580,44,952
26737,3576.54,0,0,0,0,30.10,580,44,952
26787,3608.37,0,0,0,0,31.89,580,44,952
26838,3576.54,0,0,0,0,30.10,580,44,952
26888,3608.37,0,0,0,0,41.27,580,44,952
26938,3576.54,0,0,0,0,31.83,580,44,952
26988,3608.37,0,0,0,0,28.45,580,44,952
27038,3567.18,0,0,0,0,41.19,580,44,952
27088,3606.64,0,0,0,0,30.00,580,44,952
27138,3585.09,0,0,0,0,23.29,580,44,952
27188,3608.37,0,0,0,0,41.27,580,44,952
27238,3581.66,0,0,0,0,36.28,580,44,952
27288,3617.94,0,0,0,0,-37.14,580,44,952
27338,3581.66,0,0,0,0,35.41,580,44,952
27388,3607.50,0,0,0,0,29.30,580,44,952
27438,3576.54,0,0,0,0,30.10,580,44,952
27488,3617.94,0,0,0,0,-45.67,580,44,952
27538,3580.81,0,0,0,0,38.01,580,44,952
27588,3608.37,0,0,0,0,39.78,580,44,952
27638,3565.49,0,0,0,0,32.50,580,44,952
27688,3605.77,0,0,0,0,40.17,580,44,952
27738,3590.23,0,0,0,0,-41.43,580,44,952
27788,3626.69,0,0,0,0,-45.03,580,44,952
27838,3579.95,0,0,0,0,38.87,580,44,952
27888,3606.64,0,0,0,0,38.92,580,44,952
27938,3575.69,0,0,0,0,32.69,580,44,952
27988,3617.94,0,0,0,0,-47.37,580,44,952
28038,3581.66,0,0,0,0,37.16,580,44,952
28088,3618.82,0,0,0,0,-38.01,580,44,952
28138,3581.66,0,0,0,0,35.41,580,44,952
28188,3607.50,0,0,0,0,30.17,580,44,952
28238,3573.98,0,0,0,0,22.28,580,44,952
28288,3618.82,0,0,0,0,-47.39,580,44,952
28338,3576.54,0,0,0,0,32.70,580,44,952
28388,3607.50,0,0,0,0,23.90,580,44,952
28438,3567.18,0,0,0,0,41.19,580,44,952
28488,3608.37,0,0,0,0,25.74,580,44,952
28538,3579.95,0,0,0,0,38.87,580,44,952
28588,3618.82,0,0,0,0,-48.24,580,44,952
28638,3571.43,0,0,0,0,46.52,580,44,952
28688,3617.94,0,0,0,0,-35.43,580,44,952
28738,3581.66,0,0,0,0,35.41,580,44,952
28788,3608.37,0,0,0,0,25.74,580,44,952
28838,3566.33,0,0,0,0,31.65,580,44,952
28888,3595.40,0,0,0,0,40.17,580,44,952
28938,3565.49,0,0,0,0,30.77,580,44,952
28988,3607.50,0,0,0,0,34.24,580,44,952
29038,3591.09,0,0,0,0,-49.09,580,44,952
29088,3632.84,0,0,0,0,-41.75,580,44,952
29138,3581.66,0,0,0,0,41.53,580,44,952
29188,3570.58,0,0,0,0,39.53,580,44,952
29238,3809.04,0,-2,0,-6,-99.84,586,44,986
29288,3764.12,0,-2,0,0,-59.50,592,44,1025
29338,3789.79,0,-2,0,0,-86.09,598,44,1062
29388,3776.43,0,-2,0,0,-71.82,604,44,1100
29438,3799.39,0,-2,0,0,-95.69,610,44,1137
29488,3747.19,0,-1,0,0,-42.57,615,44,1176
29538,3615.33,0,0,0,0,27.22,615,45,1176
29588,3573.98,0,0,0,0,78.32,615,47,1176
29638,3618.82,0,0,0,0,-11.31,615,47,1176
29688,3582.52,0,0,0,0,44.18,615,47,1176
29739,3616.20,0,0,0,0,-19.08,615,47,1176
29789,3568.03,0,0,0,0,39.47,615,47,1176
29839,3606.64,0,0,0,0,31.62,615,47,1176
29889,3569.73,0,0,0,0,38.64,615,47,1176
29939,3617.94,0,0,0,0,-36.28,615,47,1176
29989,3581.66,0,0,0,0,17.19,615,47,1176
30039,3618.82,0,0,0,0,-41.43,615,47,1176
30089,3581.66,0,0,0,0,35.41,615,47,1176
30139,3629.32,0,0,0,0,-49.37,615,47,1176
30189,3571.43,0,0,0,0,45.64,615,47,1176
30239,3608.37,0,0,0,0,38.88,615,47,1176
30289,3521.95,0,1,0,0,95.12,616,47,1176
30339,3607.50,0,0,0,0,103.64,616,48,1176
30389,3560.41,0,0,0,0,47.96,616,48,1176
30439,3608.37,0,0,0,0,31.83,616,48,1176
30489,3580.81,0,0,0,0,37.14,616,48,1176
30539,3615.33,0,0,0,0,-23.37,616,48,1176
30589,3579.95,0,0,0,0,38.87,616,48,1176
30639,3606.64,0,0,0,0,28.45,616,48,1176
30689,3520.30,0,1,0,0,97.64,617,48,1176
30739,3617.07,0,0,0,0,-46.49,618,48,1178
30789,3575.69,0,0,0,0,32.69,618,48,1178
30839,3629.32,0,0,0,0,-57.05,618,48,1178
30889,3591.09,0,0,0,0,-37.14,618,48,1178
30939,3627.57,0,0,0,0,-45.91,618,48,1178
30989,3579.95,0,0,0,0,38.87,618,48,1178
31039,3617.07,0,0,0,0,-44.79,618,48,1178
31089,3567.18,0,0,0,0,41.19,618,48,1178
31139,3607.50,0,0,0,0,40.38,618,48,1178
31190,3581.66,0,0,0,0,36.28,618,48,1178
31240,3618.82,0,0,0,0,-35.44,618,48,1178
31290,3582.52,0,0,0,0,45.05,618,48,1178
31340,3618.82,0,0,0,0,-48.24,618,48,1178
31390,3580.81,0,0,0,0,37.14,618,48,1178
31440,3608.37,0,0,0,0,38.01,618,48,1178
31490,3571.43,0,0,0,0,45.64,618,48,1178
31540,3607.50,0,0,0,0,51.71,618,48,1178
31590,3585.09,0,0,0,0,23.29,618,48,1178
31640,3617.94,0,0,0,0,-35.43,618,48,1178
31690,3571.43,0,0,0,0,47.39,618,48,1178
31740,3607.50,0,0,0,0,31.83,618,48,1178
31790,3581.66,0,0,0,0,37.16,618,48,1178
31840,3607.50,0,0,0,0,36.28,618,48,1178
31890,3575.69,0,0,0,0,32.69,618,48,1178
31940,3606.64,0,0,0,0,24.00,618,48,1178
31990,3567.18,0,0,0,0,41.19,618,48,1178
32040,3608.37,0,0,0,0,33.55,618,48,1178
32090,3581.66,0,0,0,0,35.41,618,48,1178
32140,3608.37,0,0,0,0,34.41,618,48,1178
32190,3581.66,0,0,0,0,35.41,618,48,1178
32240,3618.82,0,0,0,0,-38.01,618,48,1178
32290,3568.03,0,0,0,0,38.61,618,48,1178
32340,3597.98,0,0,0,0,26.58,618,48,1178
32390,3567.18,0,0,0,0,41.19,618,48,1178
32440,3616.20,0,0,0,0,-49.87,618,48,1178
32490,3579.95,0,0,0,0,38.87,618,48,1178
32540,3617.07,0,0,0,0,-34.56,618,48,1178
32590,3580.81,0,0,0,0,35.39,618,48,1178
32640,3617.07,0,0,0,0,-44.79,618,48,1178
32690,3579.95,0,0,0,0,38.87,618,48,1178
32740,3618.82,0,0,0,0,-49.09,618,48,1178
32790,3572.28,0,0,0,0,44.79,618,48,1178
32840,3608.37,0,0,0,0,30.16,618,48,1178
32890,3570.58,0,0,0,0,47.37,618,48,1178
32940,3618.82,0,0,0,0,-48.24,618,48,1178
32990,3571.43,0,0,0,0,47.39,618,48,1178
33040,3608.37,0,0,0,0,37.16,618,48,1178
33090,3581.66,0,0,0,0,37.16,618,48,1178
33140,3624.06,0,0,0,0,-32.11,618,48,1178
33190,3591.95,0,0,0,0,-39.95,618,48,1178
33240,3580.81,0,0,0,0,46.76,618,48,1178
33290,3546.10,0,0,1,0,405.43,626,49,1237
33340,3544.42,0,0,1,0,450.25,634,50,1293
33390,3546.10,0,0,1,0,402.31,641,51,1346
33440,3546.10,0,0,1,0,406.47,648,52,1383
33490,3545.26,0,0,1,0,381.44,655,53,1418
33540,3546.10,0,0,1,0,407.51,662,54,1454
33590,3604.90,0,0,-1,0,-93.54,662,56,1454
33640,3561.25,0,0,0,0,54.95,662,57,1454
33690,3608.37,0,0,0,0,28.43,662,57,1454
33740,3581.66,0,0,0,0,30.18,662,57,1454
33790,3608.37,0,0,0,0,45.95,662,57,1454
33840,3571.43,0,0,0,0,52.64,662,57,1454
33890,3618.82,0,0,0,0,-31.16,662,57,1454
33940,3591.95,0,0,0,0,-41.33,662,57,1454
33990,3617.94,0,0,0,0,-32.86,662,57,1454
34040,3581.66,0,0,0,0,42.40,662,57,1454
34091,3618.82,0,0,0,0,-39.72,662,57,1454
34141,3569.73,0,0,0,0,45.60,662,57,1454
34191,3617.07,0,0,0,0,-41.39,662,57,1454
34241,3580.81,0,0,0,0,37.14,662,57,1454
34291,3618.82,0,0,0,0,-46.54,662,57,1454
34341,3652.30,0,0,-1,0,-107.04,662,59,1454
34391,3617.07,0,0,0,0,-28.56,662,59,1454
34441,3590.23,0,0,0,0,-25.11,662,59,1454
34491,3614.46,0,0,0,0,-22.50,662,59,1454
34541,3579.95,0,0,0,0,38.87,662,59,1454
34591,3639.01,0,0,0,0,-57.35,662,59,1454
34641,3591.95,0,0,0,0,-28.57,662,59,1454
34691,3624.94,0,0,0,0,-32.99,662,59,1454
34741,3662.11,0,0,-1,0,-104.23,662,61,1454
34791,3632.84,0,0,0,0,-41.75,662,61,1454
34841,3591.95,0,0,0,0,-37.12,662,61,1454
34891,3618.82,0,0,0,0,-38.87,662,61,1454
34941,3591.95,0,0,0,0,-33.83,662,61,1454
34991,3624.06,0,0,0,0,-32.11,662,61,1454
35041,3580.81,0,0,0,0,43.26,662,61,1454
35091,3617.07,0,0,0,0,-34.56,662,61,1454
35141,3580.81,0,0,0,0,48.52,662,61,1454
35191,3614.46,0,0,0,0,-20.78,662,61,1454
35241,3579.95,0,0,0,0,38.87,662,61,1454
35291,3617.07,0,0,0,0,-35.41,662,61,1454
35341,3591.95,0,0,0,0,36.27,662,61,1454
35391,3627.57,0,0,0,0,-45.91,662,61,1454
35441,3591.09,0,0,0,0,-33.83,662,61,1454
35491,3607.50,0,0,0,0,-28.60,662,61,1454
35542,3563.79,0,0,0,0,34.19,662,61,1454
35592,3617.94,0,0,0,0,-57.54,662,61,1454
35642,3593.67,0,0,0,0,37.99,662,61,1454
35692,3628.45,0,0,0,0,-46.79,662,61,1454
35742,3580.81,0,0,0,0,48.52,662,61,1454
35792,3617.07,0,0,0,0,-40.53,662,61,1454
35842,3579.95,0,0,0,0,38.87,662,61,1454
35892,3627.57,0,0,0,0,-45.05,662,61,1454
35942,3590.23,0,0,0,0,-33.85,662,61,1454
35992,3617.94,0,0,0,0,-36.28,662,61,1454
36042,3582.52,0,0,0,0,46.81,662,61,1454
36092,3616.20,0,0,0,0,-23.39,662,61,1454
36142,3581.66,0,0,0,0,37.16,662,61,1454
36192,3617.94,0,0,0,0,-32.86,662,61,1454
36242,3591.95,0,0,0,0,-39.72,662,61,1454
36292,3629.32,0,0,0,0,-57.05,662,61,1454
36342,3581.66,0,0,0,0,37.16,662,61,1454
36392,3628.45,0,0,0,0,-46.79,662,61,1454
36442,3581.66,0,0,0,0,36.28,662,61,1454
36492,3615.33,0,0,0,0,-23.37,662,61,1454
36542,3581.66,0,0,0,0,36.28,662,61,1454
36592,3608.37,0,0,0,0,38.68,662,61,1454
36642,3571.43,0,0,0,0,47.39,662,61,1454
36692,3617.94,0,0,0,0,-35.43,662,61,1454
36742,3591.09,0,0,0,0,-29.43,662,61,1454
36792,3616.20,0,0,0,0,-24.25,662,61,1454
36842,3571.43,0,0,0,0,47.39,662,61,1454
36892,3617.94,0,0,0,0,-36.28,662,61,1454
36942,3591.95,0,0,0,0,-28.57,662,61,1454
36992,3624.94,0,0,0,0,-33.85,662,61,1454
37042,3581.66,0,0,0,0,34.54,662,61,1454
37092,3616.20,0,0,0,0,-25.97,662,61,1454
37142,3581.66,0,0,0,0,35.41,662,61,1454
37192,3629.32,0,0,0,0,-49.37,662,61,1454
37242,3590.23,0,0,0,0,-42.61,662,61,1454
37292,3617.07,0,0,0,0,-44.79,662,61,1454
37342,3580.81,0,0,0,0,37.14,662,61,1454
37392,3627.57,0,0,0,0,-45.91,662,61,1454
37442,3590.23,0,0,0,0,-17.37,662,61,1454
37492,3624.94,0,0,0,0,-32.99,662,61,1454
37542,3521.95,0,1,0,0,102.11,663,61,1454
37592,3624.06,0,0,0,0,-28.67,664,61,1457
37642,3591.95,0,0,0,0,-29.44,664,61,1457
37692,3616.20,0,0,0,0,-25.97,664,61,1457
37742,3591.95,0,0,0,0,-37.14,664,61,1457
37792,3616.20,0,0,0,0,-25.97,664,61,1457
37842,3571.43,0,0,0,0,45.64,664,61,1457
37892,3608.37,0,0,0,0,40.38,664,61,1457
37942,3581.66,0,0,0,0,37.16,664,61,1457
37992,3608.37,0,0,0,0,28.45,664,61,1457
38042,3581.66,0,0,0,0,47.66,664,61,1457
38092,3608.37,0,0,0,0,38.03,664,61,1457
38142,3581.66,0,0,0,0,34.54,664,61,1457
38192,3618.82,0,0,0,0,-37.16,664,61,1457
38242,3581.66,0,0,0,0,37.16,664,61,1457
38292,3617.94,0,0,0,0,-35.43,664,61,1457
38342,3591.95,0,0,0,0,-30.30,664,61,1457
38392,3624.06,0,0,0,0,-32.97,664,61,1457
38443,3591.95,0,0,0,0,-31.23,664,61,1457
38493,3618.82,0,0,0,0,-38.87,664,61,1457
38543,3581.66,0,0,0,0,35.41,664,61,1457
38593,3624.94,0,0,0,0,-33.85,664,61,1457
38643,3590.23,0,0,0,0,-49.63,664,61,1457
38693,3615.33,0,0,0,0,-22.51,664,61,1457
38743,3583.37,0,0,0,0,25.00,664,61,1457
38793,3627.57,0,0,0,0,-55.29,664,61,1457
38843,3580.81,0,0,0,0,37.14,664,61,1457
38893,3616.20,0,0,0,0,-34.54,664,61,1457
38943,3570.58,0,0,0,0,47.37,664,61,1457
38993,3618.82,0,0,0,0,-41.43,664,61,1457
39043,3576.54,0,0,0,0,31.83,664,61,1457
39093,3617.94,0,0,0,0,-47.37,664,61,1457
39143,3568.88,0,0,0,0,37.76,664,61,1457
39193,3618.82,0,0,0,0,-48.24,664,61,1457
39243,3581.66,0,0,0,0,47.66,664,61,1457
39293,3635.48,0,0,0,0,-34.04,664,61,1457
39343,3632.84,0,0,0,0,-41.75,664,61,1457
39393,3545.26,0,0,1,0,404.19,672,62,1525
39443,3670.17,0,0,0,0,-124.91,681,63,1589
39493,3624.06,0,0,0,0,-32.11,681,63,1589
39543,3591.95,0,0,0,0,-30.30,681,63,1589
39593,3616.20,0,0,0,0,-24.25,681,63,1589
39643,3608.37,0,0,0,0,26.82,681,63,1589
39693,3546.10,0,0,1,0,366.26,688,64,1636
39743,3545.26,0,0,1,0,333.71,694,65,1670
39793,3544.42,0,0,1,0,293.86,699,66,1698
39843,3607.50,0,-2,0,0,-326.74,703,66,1698
39894,3580.81,0,0,0,0,180.48,707,66,1699
39944,3617.94,0,0,0,0,135.81,709,66,1700
39994,3566.33,0,0,0,0,212.96,713,66,1700
40044,3617.94,0,0,0,0,124.57,715,66,1704
40094,3577.39,0,0,0,0,195.24,718,66,1704
40144,3620.56,0,0,0,0,144.50,721,66,1704
40194,3588.52,0,0,0,0,198.41,725,66,1704
40244,3608.37,0,0,0,0,28.50,725,66,1704
40294,3579.95,0,0,0,0,37.12,725,66,1704
40344,3617.07,0,0,0,0,-37.97,725,66,1704
40394,3580.81,0,0,0,0,47.64,725,66,1704
40444,3623.19,0,0,0,0,-32.95,725,66,1704
40494,3580.81,0,0,0,0,45.01,725,66,1704
40544,3617.07,0,0,0,0,-37.12,725,66,1704
40594,3580.81,0,0,0,0,33.65,725,66,1704
40644,3607.50,0,0,0,0,34.49,725,66,1704
40694,3575.69,0,0,0,0,32.69,725,66,1704
40744,3607.50,0,0,0,0,24.15,725,66,1704
40794,3639.01,0,0,0,0,-61.62,725,66,1704
40844,3614.46,0,0,0,0,-22.50,725,66,1704
40894,3579.95,0,0,0,0,38.87,725,66,1704
40944,3627.57,0,0,0,0,-45.91,725,66,1704
40994,3579.95,0,0,0,0,38.87,725,66,1704
41044,3617.07,0,0,0,0,-35.41,725,66,1704
41094,3579.95,0,0,0,0,38.87,725,66,1704
41144,3626.69,0,0,0,0,-44.18,725,66,1704
41194,3580.81,0,0,0,0,47.64,725,66,1704
41244,3608.37,0,0,0,0,38.90,725,66,1704
41294,3573.13,0,0,0,0,24.85,725,66,1704
41344,3607.50,0,0,0,0,40.38,725,66,1704
41394,3591.95,0,0,0,0,-40.53,725,66,1704
41444,3607.50,0,0,0,0,-26.86,725,66,1704
41494,3576.54,0,0,0,0,30.97,725,66,1704
41544,3618.82,0,0,0,0,-38.87,725,66,1704
41594,3580.81,0,0,0,0,37.14,725,66,1704
41644,3616.20,0,0,0,0,-24.25,725,66,1704
41694,3584.23,0,0,0,0,23.27,725,66,1704
41744,3618.82,0,0,0,0,-43.13,725,66,1704
41794,3581.66,0,0,0,0,35.41,725,66,1704
41844,3607.50,0,0,0,0,25.01,725,66,1704
41894,3581.66,0,0,0,0,37.16,725,66,1704
41944,3617.94,0,0,0,0,-37.14,725,66,1704
41994,3591.95,0,0,0,0,-32.95,725,66,1704
42044,3624.06,0,0,0,0,-33.83,725,66,1704
42094,3591.95,0,0,0,0,-24.23,725,66,1704
42144,3628.45,0,0,0,0,-47.64,725,66,1704
42194,3590.23,0,0,0,0,-38.87,725,66,1704
42244,3606.64,0,0,0,0,36.28,725,66,1704
42294,3568.03,0,0,0,0,39.47,725,66,1704
42344,3617.94,0,0,0,0,-47.37,725,66,1704
42394,3581.66,0,0,0,0,35.41,725,66,1704
42444,3607.50,0,0,0,0,39.76,725,66,1704
42494,3581.66,0,0,0,0,36.28,725,66,1704
42544,3618.82,0,0,0,0,-38.01,725,66,1704
42594,3581.66,0,0,0,0,47.66,725,66,1704
42644,3608.37,0,0,0,0,29.30,725,66,1704
42694,3568.03,0,0,0,0,39.47,725,66,1704
42744,3607.50,0,0,0,0,32.70,725,66,1704
42795,3587.66,0,0,0,0,19.85,725,66,1704
42845,3618.82,0,0,0,0,-37.16,725,66,1704
42895,3566.33,0,0,0,0,41.17,725,66,1704
42945,3617.07,0,0,0,0,-43.09,725,66,1704
42995,3579.95,0,0,0,0,38.87,725,66,1704
43045,3617.07,0,0,0,0,-35.41,725,66,1704
43095,3580.81,0,0,0,0,48.52,725,66,1704
43145,3624.94,0,0,0,0,-32.13,725,66,1704
43195,3592.81,0,0,0,0,-25.22,725,66,1704
43245,3617.94,0,0,0,0,-35.43,725,66,1704
43295,3576.54,0,0,0,0,31.83,725,66,1704
43345,3606.64,0,0,0,0,38.68,725,66,1704
43395,3583.37,0,0,0,0,24.13,725,66,1704
43445,3607.50,0,0,0,0,32.70,725,66,1704
43495,3583.37,0,0,0,0,25.00,725,66,1704
43545,3607.50,0,0,0,0,17.21,725,66,1704
43595,3580.81,0,0,0,0,37.14,725,66,1704
43645,3607.50,0,0,0,0,-38.88,725,66,1704
43695,3557.87,0,0,1,0,38.39,725,67,1704
43745,3607.50,0,0,0,0,33.41,725,67,1704
43795,3576.54,0,0,0,0,30.97,725,67,1704
43845,3608.37,0,0,0,0,31.83,725,67,1704
43895,3569.73,0,0,0,0,49.09,725,67,1704
43945,3606.64,0,0,0,0,39.78,725,67,1704
43995,3608.37,0,0,0,0,32.65,725,67,1704
44045,3544.42,0,0,1,0,505.25,734,68,1773
44095,3546.10,0,0,1,0,403.35,742,69,1832
44145,3543.59,0,0,1,0,485.42,750,70,1879
44195,3546.10,0,0,1,0,404.39,757,71,1932
44246,3544.42,0,0,1,0,471.64,765,72,1975
44296,3546.10,0,0,1,0,389.88,772,73,2029
44346,3545.26,0,0,1,0,344.78,778,74,2063
44396,3544.42,0,0,1,0,270.43,782,75,2090
44446,3543.59,0,0,1,0,280.02,785,76,2114
44496,3620.56,0,0,0,0,167.31,788,76,2114
44546,3544.42,0,0,1,0,266.55,792,77,2138
44596,3607.50,0,0,0,0,61.95,792,78,2138
44646,3567.18,0,0,0,0,37.72,792,78,2138
44696,3607.50,0,0,0,0,30.88,792,78,2138
44746,3581.66,0,0,0,0,31.05,792,78,2138
44796,3629.32,0,0,0,0,-46.81,792,78,2138
44846,3591.09,0,-1,0,-5,-201.10,794,78,2143
44896,3614.46,0,0,0,0,-21.64,794,78,2143
44946,3557.03,0,0,1,0,36.64,794,79,2143
44996,3610.11,0,0,0,0,-51.39,794,80,2143
45046,3576.54,0,0,0,0,30.10,794,80,2143
45096,3618.82,0,0,0,0,-38.87,794,80,2143
45146,3591.95,0,0,0,0,-28.57,794,80,2143
45196,3608.37,0,0,0,0,37.14,794,80,2143
45246,3571.43,0,0,0,0,46.52,794,80,2143
45296,3608.37,0,0,0,0,24.15,794,80,2143
45346,3581.66,0,0,0,0,37.16,794,80,2143
45396,3618.82,0,0,0,0,-33.73,794,80,2143
45446,3581.66,0,0,0,0,37.16,794,80,2143
45496,3617.94,0,0,0,0,-33.72,794,80,2143
45546,3581.66,0,0,0,0,36.28,794,80,2143
45596,3624.06,0,0,0,0,-32.97,794,80,2143
45646,3576.54,0,0,0,0,32.70,794,80,2143
45696,3607.50,0,0,0,0,26.58,794,80,2143
45746,3571.43,0,0,0,0,47.39,794,80,2143
45796,3585.94,0,0,0,0,-20.46,794,80,2143
45846,3557.03,0,0,1,0,41.82,794,82,2143
45896,3607.50,0,0,0,0,35.12,794,82,2143
45946,3555.34,0,0,1,0,32.31,794,83,2143
45996,3606.64,0,0,0,0,39.55,794,83,2143
46046,3570.58,0,0,0,0,47.37,794,83,2143
46096,3606.64,0,0,0,0,24.15,794,83,2143
46146,3574.83,0,0,0,0,33.54,794,83,2143
46196,3608.37,0,0,0,0,49.70,794,83,2143
46246,3576.54,0,0,0,0,30.10,794,83,2143
46296,3618.82,0,0,0,0,-48.24,794,83,2143
46346,3577.39,0,0,0,0,30.98,794,83,2143
46396,3617.94,0,0,0,0,-41.41,794,83,2143
46446,3571.43,0,0,0,0,38.68,794,83,2143
46496,3618.82,0,0,0,0,-47.39,794,83,2143
46546,3567.18,0,0,0,0,41.19,794,83,2143
46596,3597.12,0,0,0,0,23.89,794,83,2143
46646,3568.03,0,0,0,0,38.61,794,83,2143
46696,3618.82,0,0,0,0,-47.39,794,83,2143
46746,3581.66,0,0,0,0,36.28,794,83,2143
46796,3597.98,0,0,0,0,41.21,794,83,2143
46846,3570.58,0,0,0,0,49.11,794,83,2143
46896,3606.64,0,0,0,0,38.90,794,83,2143
46946,3575.69,0,0,0,0,32.69,794,83,2143
46996,3597.12,0,0,0,0,34.21,794,83,2143
47046,3571.43,0,0,0,0,45.64,794,83,2143
47096,3608.37,0,0,0,0,30.16,794,83,2143
47147,3576.54,0,0,0,0,30.97,794,83,2143
47197,3618.82,0,0,0,0,-48.24,794,83,2143
47247,3571.43,0,0,0,0,38.68,794,83,2143
47297,3608.37,0,0,0,0,40.34,794,83,2143
47347,3575.69,0,0,0,0,32.69,794,83,2143
47397,3607.50,0,0,0,0,41.21,794,83,2143
47447,3608.37,0,0,0,0,32.67,794,83,2143
47497,3543.59,0,0,1,0,480.02,803,84,2208
47547,3545.26,0,0,1,0,404.19,810,85,2263
47597,3546.10,0,0,1,0,407.51,817,86,2302
47647,3554.50,0,0,1,0,363.99,824,87,2350
47697,3546.10,0,0,1,0,377.52,830,88,2384
47747,3545.26,0,0,1,0,333.71,836,89,2416
47797,3568.03,0,0,0,0,36.01,836,89,2416
47847,3606.64,0,0,0,0,40.34,836,89,2416
47897,3574.83,0,0,0,0,33.54,836,89,2416
47947,3608.37,0,0,0,0,39.53,836,89,2416
47997,3581.66,0,0,0,0,31.05,836,89,2416
48047,3618.82,0,0,0,0,-33.73,836,89,2416
48097,3581.66,0,0,0,0,47.66,836,89,2416
48147,3617.94,0,0,0,0,-33.72,836,89,2416
48197,3576.54,0,0,0,0,30.10,836,89,2416
48247,3608.37,0,0,0,0,40.40,836,89,2416
48297,3568.88,0,0,0,0,38.62,836,89,2416
48347,3607.50,0,0,0,0,31.65,836,89,2416
48397,3558.72,0,0,1,0,48.78,836,90,2416
48447,3607.50,0,0,0,0,34.26,836,90,2416
48497,3581.66,0,0,0,0,36.28,836,90,2416
48547,3618.82,0,0,0,0,-38.87,836,90,2416
48598,3568.03,0,0,0,0,38.61,836,90,2416
48648,3618.82,0,0,0,0,-49.09,836,90,2416
48698,3572.28,0,0,0,0,56.17,836,90,2416
48748,3607.50,0,0,0,0,33.36,836,90,2416
48798,3567.18,0,0,0,0,40.32,836,90,2416
48848,3595.40,0,0,0,0,34.23,836,90,2416
48898,3568.88,0,0,0,0,39.49,836,90,2416
48948,3618.82,0,0,0,0,-58.41,836,90,2416
48998,3580.81,0,0,0,0,36.27,836,90,2416
49048,3618.82,0,0,0,0,-38.01,836,90,2416
49098,3572.28,0,0,0,0,55.29,836,90,2416
49148,3618.82,0,0,0,0,-48.24,836,90,2416
49198,3560.41,0,0,0,0,47.96,836,90,2416
49248,3546.10,0,0,1,0,19.39,836,91,2416
49298,3567.18,0,0,0,0,35.12,836,91,2416
49348,3599.71,0,0,1,0,50.52,836,92,2416
49398,3560.41,0,0,0,0,45.36,836,92,2416
49448,3607.50,0,0,0,0,32.50,836,92,2416
49498,3575.69,0,0,0,0,32.69,836,92,2416
49548,3617.07,0,0,0,0,-45.64,836,92,2416
49598,3574.83,0,0,0,0,33.54,836,92,2416
49648,3617.94,0,0,0,0,-36.28,836,92,2416
49698,3579.95,0,0,0,0,38.87,836,92,2416
49748,3617.94,0,0,0,0,-36.28,836,92,2416
49798,3579.95,0,0,0,0,38.87,836,92,2416
49848,3608.37,0,0,0,0,29.30,836,92,2416
49898,3571.43,0,0,0,0,46.52,836,92,2416
49948,3617.94,0,0,0,0,-37.14,836,92,2416
49998,3576.54,0,0,0,0,30.10,836,92,2416
50048,3599.71,0,0,0,0,49.70,836,92,2416
50098,3568.03,0,0,0,0,39.47,836,92,2416
50148,3597.98,0,0,1,0,31.49,836,93,2416
50198,3573.98,0,0,0,0,23.14,836,93,2416
50248,3618.82,0,0,0,0,-48.24,836,93,2416
50298,3571.43,0,0,0,0,57.02,836,93,2416
50348,3608.37,0,0,0,0,31.02,836,93,2416
50398,3581.66,0,0,0,0,35.41,836,93,2416
50448,3617.94,0,0,0,0,-37.14,836,93,2416
50498,3572.28,0,0,0,0,45.67,836,93,2416
50548,3597.98,0,0,0,0,41.21,836,93,2416
50598,3597.98,0,0,0,0,28.26,836,93,2416
50648,3544.42,0,0,1,0,406.06,845,94,2474
50698,3619.69,0,0,0,0,152.94,847,95,2474
50748,3589.38,0,0,0,0,210.02,851,95,2474
50798,3619.69,0,0,0,0,167.23,855,95,2474
50848,3577.39,0,0,0,0,222.00,859,95,2474
50898,3608.37,0,-2,0,0,-327.85,863,95,2474
50948,3568.03,0,0,0,0,203.66,867,95,2474
50998,3597.98,0,0,0,0,23.17,867,95,2474
51048,3576.54,0,0,0,0,25.77,867,95,2474
51098,3608.37,0,0,0,0,24.07,867,95,2474
51148,3576.54,0,0,0,0,32.70,867,95,2474
51198,3608.37,0,0,0,0,37.83,867,95,2474
51248,3572.28,0,0,0,0,51.78,867,95,2474
51298,3618.82,0,0,0,0,-36.30,867,95,2474
51348,3581.66,0,0,0,0,37.16,867,95,2474
51398,3608.37,0,0,0,0,31.83,867,95,2474
51448,3566.33,0,0,0,0,41.17,867,95,2474
51499,3597.12,0,0,0,0,33.36,867,95,2474
51549,3557.87,0,0,1,0,38.39,867,96,2474
51599,3607.50,0,0,0,0,34.23,867,96,2474
51649,3575.69,0,0,0,0,31.82,867,96,2474
51699,3606.64,0,0,0,0,36.13,867,96,2474
51749,3567.18,0,0,0,0,40.32,867,96,2474
51799,3608.37,0,0,0,0,32.70,867,96,2474
51849,3576.54,0,0,0,0,30.10,867,96,2474
51899,3608.37,0,0,0,0,29.30,867,96,2474
51949,3566.33,0,0,0,0,29.93,867,96,2474
51999,3608.37,0,0,0,0,39.47,867,96,2474
52049,3557.03,0,0,1,0,40.09,867,97,2474
52099,3597.12,0,0,0,0,31.74,867,97,2474
52149,3568.88,0,0,0,0,37.76,867,97,2474
52199,3608.37,0,0,0,0,39.53,867,97,2474
52249,3557.87,0,0,1,0,40.11,867,98,2474
52299,3605.77,0,0,0,0,34.23,867,98,2474
52349,3564.64,0,0,0,0,32.48,867,98,2474
52399,3610.11,0,0,0,0,-54.76,867,99,2474
52449,3572.28,0,0,0,0,37.83,867,100,2474
52499,3597.98,0,0,0,0,45.64,867,100,2474
52549,3566.33,0,0,0,0,41.17,867,100,2474
52599,3607.50,0,0,0,0,31.83,867,100,2474
52649,3567.18,0,0,0,0,40.32,867,100,2474
52699,3608.37,0,0,0,0,24.85,867,100,2474
52749,3568.03,0,0,0,0,40.34,867,100,2474
52799,3607.50,0,0,0,0,24.00,867,100,2474
52849,3575.69,0,0,0,0,31.82,867,100,2474
52899,3606.64,0,0,0,0,29.27,867,100,2474
52950,3580.81,0,0,0,0,37.14,867,100,2474
53000,3596.26,0,0,0,0,47.39,867,100,2474
53050,3565.49,0,0,0,0,31.64,867,100,2474
53100,3608.37,0,0,0,0,41.19,867,100,2474
53150,3568.88,0,0,0,0,39.49,867,100,2474
53200,3608.37,0,0,0,0,38.62,867,100,2474
53250,3575.69,0,0,0,0,32.69,867,100,2474
53300,3617.07,0,0,0,0,-37.97,867,100,2474
53350,3572.28,0,0,0,0,25.71,867,100,2474
53400,3617.94,0,0,0,0,-50.76,867,100,2474
53450,3581.66,0,0,0,0,35.41,867,100,2474
53500,3617.94,0,0,0,0,-50.76,867,100,2474
53550,3608.37,0,0,0,0,49.07,867,100,2474
53600,3545.26,0,0,1,0,391.75,874,101,2524
53650,3545.26,0,0,1,0,335.72,880,102,2569
53700,3555.34,0,0,1,0,291.80,885,103,2598
53750,3607.50,0,-2,0,0,-345.42,889,103,2598
53800,3563.79,0,0,0,0,194.67,893,103,2600
53850,3618.82,0,0,0,0,89.46,895,103,2607
53900,3581.66,0,0,0,0,38.90,895,103,2607
53950,3618.82,0,0,0,0,-47.39,895,103,2607
54000,3568.03,0,0,0,0,41.21,895,103,2607
54050,3597.98,0,0,0,0,25.64,895,103,2607
54100,3510.41,0,1,0,0,100.56,896,103,2607
54150,3608.37,0,0,0,0,92.15,896,103,2610
54200,3575.69,0,0,0,0,32.69,896,103,2610
54250,3617.07,0,0,0,0,-45.64,896,103,2610
54300,3580.81,0,0,0,0,38.01,896,103,2610
54350,3606.64,0,0,0,0,32.70,896,103,2610
54400,3569.73,0,0,0,0,48.22,896,103,2610
54450,3618.82,0,0,0,0,-38.87,896,103,2610
54500,3572.28,0,0,0,0,36.09,896,103,2610
54550,3608.37,0,0,0,0,39.74,896,103,2610
54600,3568.88,0,0,0,0,37.76,896,103,2610
54650,3608.37,0,0,0,0,33.55,896,103,2610
54700,3571.43,0,0,0,0,47.39,896,103,2610
54750,3618.82,0,0,0,0,-47.39,896,103,2610
54800,3561.25,0,0,0,0,56.69,896,103,2610
54850,3606.64,0,0,0,0,48.83,896,103,2610
54900,3492.43,0,1,0,0,115.07,897,103,2610
54950,3608.37,0,0,0,0,124.43,898,103,2616
55000,3573.98,0,0,0,0,23.14,898,103,2616
55050,3607.50,0,0,0,0,22.29,898,103,2616
55100,3571.43,0,0,0,0,47.39,898,103,2616
55150,3618.82,0,0,0,0,-47.39,898,103,2616
55200,3567.18,0,0,0,0,41.19,898,103,2616
55250,3617.07,0,0,0,0,-49.04,898,103,2616
55300,3579.95,0,0,0,0,38.87,898,103,2616
55350,3606.64,0,0,0,0,30.98,898,103,2616
55400,3570.58,0,0,0,0,48.24,898,103,2616
55450,3608.37,0,0,0,0,24.14,898,103,2616
55500,3571.43,0,0,0,0,45.64,898,103,2616
55550,3597.12,0,0,0,0,24.85,898,103,2616
55600,3568.88,0,0,0,0,38.62,898,103,2616
55650,3596.26,0,0,0,0,23.14,898,103,2616
55700,3574.83,0,0,0,0,33.54,898,103,2616
55750,3606.64,0,0,0,0,28.45,898,103,2616
55800,3569.73,0,0,0,0,49.09,898,103,2616
55851,3607.50,0,0,0,0,39.53,898,103,2616
55901,3571.43,0,0,0,0,45.64,898,103,2616
55951,3628.45,0,0,0,0,-47.64,898,103,2616
56001,3581.66,0,0,0,0,35.41,898,103,2616
56051,3608.37,0,0,0,0,41.19,898,103,2616
56101,3566.33,0,0,0,0,30.79,898,103,2616
56151,3596.26,0,0,0,0,47.10,898,103,2616
56201,3567.18,0,0,0,0,20.48,898,103,2616
56251,3608.37,0,0,0,0,26.57,898,103,2616
56301,3577.39,0,0,0,0,30.98,898,103,2616
56351,3618.82,0,0,0,0,-48.24,898,103,2616
56401,3581.66,0,0,0,0,37.16,898,103,2616
56451,3599.71,0,0,1,0,47.07,898,104,2616
56501,3610.11,0,0,0,0,-50.55,898,105,2616
56551,3546.10,0,0,1,0,419.01,907,106,2688
56601,3544.42,0,0,1,0,488.92,915,107,2748
56651,3546.10,0,0,1,0,400.23,922,108,2801
56701,3545.26,0,0,1,0,367.10,929,109,2835
56751,3545.26,0,0,1,0,351.86,934,110,2869
56801,3612.72,0,0,0,0,6.10,934,110,2869
56851,3581.66,0,0,0,0,36.28,934,110,2869
56901,3617.94,0,0,0,0,-11.31,934,110,2869
56951,3576.54,0,0,0,0,29.23,934,110,2869
57001,3597.12,0,0,0,0,27.39,934,110,2869
57051,3566.33,0,0,0,0,40.30,934,110,2869
57101,3597.12,0,0,0,0,34.21,934,110,2869
57151,3568.88,0,0,0,0,38.62,934,110,2869
57201,3608.37,0,0,0,0,39.47,934,110,2869
57251,3571.43,0,0,0,0,47.39,934,110,2869
57302,3606.64,0,0,0,0,40.34,934,110,2869
57352,3606.64,0,0,0,0,1.71,934,110,2869
57402,3617.07,0,0,0,0,-45.64,934,110,2869
57452,3569.73,0,0,0,0,49.09,934,110,2869
57502,3607.50,0,0,0,0,49.99,934,110,2869
57552,3568.88,0,0,0,0,37.76,934,110,2869
57602,3599.71,0,0,1,0,49.65,934,111,2869
57652,3568.03,0,0,0,0,39.47,934,111,2869
57702,3608.37,0,0,0,0,40.34,934,111,2869
57752,3579.95,0,0,0,0,30.16,934,111,2869
57802,3617.07,0,0,0,0,-35.41,934,111,2869
57852,3567.18,0,0,0,0,41.19,934,111,2869
57902,3607.50,0,0,0,0,33.54,934,111,2869
57952,3576.54,0,0,0,0,30.10,934,111,2869
58002,3597.98,0,0,0,0,30.16,934,111,2869
58052,3568.88,0,0,0,0,38.62,934,111,2869
58102,3607.50,0,0,0,0,31.64,934,111,2869
58152,3596.26,0,0,0,0,1.71,934,111,2869
58202,3617.07,0,0,0,0,-44.79,934,111,2869
58252,3574.83,0,0,0,0,33.54,934,111,2869
58302,3597.98,0,0,0,0,40.36,934,111,2869
58352,3565.49,0,0,0,0,30.77,934,111,2869
58402,3597.12,0,0,0,0,24.00,934,111,2869
58452,3577.39,0,0,0,0,30.11,934,111,2869
58502,3607.50,0,0,0,0,23.29,934,111,2869
58552,3651.41,0,0,-1,0,-113.68,934,113,2869
58602,3606.64,0,0,0,0,45.64,934,113,2869
58652,3573.13,0,0,0,0,23.99,934,113,2869
58702,3617.94,0,0,0,0,-44.81,934,113,2869
58752,3568.88,0,0,0,0,37.76,934,113,2869
58802,3608.37,0,0,0,0,41.19,934,113,2869
58852,3571.43,0,0,0,0,47.39,934,113,2869
58902,3597.98,0,0,0,0,23.14,934,113,2869
58952,3562.95,0,0,0,0,35.04,934,113,2869
59002,3597.12,0,0,0,0,34.19,934,113,2869
59052,3568.03,0,0,0,0,39.47,934,113,2869
59102,3597.12,0,0,0,0,31.65,934,113,2869
59152,3572.28,0,0,0,0,24.84,934,113,2869
59202,3617.07,0,0,0,0,-43.94,934,113,2869
59252,3580.81,0,0,0,0,37.14,934,113,2869
59302,3607.50,0,0,0,0,23.27,934,113,2869
59352,3617.94,0,0,0,0,-37.14,934,113,2869
59402,3545.26,0,0,1,0,402.11,942,114,2935
59452,3544.42,0,0,1,0,486.75,950,115,2993
59502,3545.26,0,0,1,0,401.07,957,116,3048
59552,3544.42,0,0,1,0,432.25,964,117,3086
59602,3544.42,0,0,1,0,451.31,972,118,3138
59652,3546.10,0,0,1,0,400.23,979,119,3189
59702,3578.24,0,0,0,0,135.55,980,119,3189
59752,3619.69,0,0,0,0,64.00,982,119,3193
59802,3585.09,0,0,0,0,112.23,984,119,3199
59852,3615.33,0,0,0,0,47.68,985,120,3199
59902,3574.83,0,0,0,0,86.38,985,122,3199
59952,3612.72,0,0,0,0,6.10,985,122,3199
60002,3568.03,0,0,0,0,33.41,985,122,3199
60052,3607.50,0,0,0,0,36.91,985,122,3199
60102,3574.83,0,0,0,0,31.80,985,122,3199
60152,3606.64,0,0,0,0,35.36,985,122,3199
60203,3566.33,0,0,0,0,41.17,985,122,3199
60253,3608.37,0,0,0,0,47.37,985,122,3199
60303,3568.88,0,0,0,0,37.76,985,122,3199
60353,3599.71,0,0,1,0,49.65,985,123,3199
60403,3563.79,0,0,0,0,35.92,985,124,3199
60453,3596.26,0,0,0,0,31.64,985,124,3199
60503,3568.88,0,0,0,0,37.76,985,124,3199
60553,3599.71,0,0,1,0,31.47,985,125,3199
60603,3560.41,0,0,0,0,49.70,985,126,3199
60653,3617.07,0,0,0,0,-44.79,985,126,3199
60703,3579.95,0,0,0,0,38.87,985,126,3199
60753,3617.07,0,0,0,0,-35.41,985,126,3199
60803,3583.37,0,0,0,0,25.00,985,126,3199
60853,3607.50,0,0,0,0,49.72,985,126,3199
60903,3568.03,0,0,0,0,38.61,985,126,3199
60953,3607.50,0,0,0,0,42.06,985,126,3199
61003,3561.25,0,0,0,0,56.69,985,126,3199
61053,3597.98,0,0,0,0,39.47,985,126,3199
61103,3572.28,0,0,0,0,25.71,985,126,3199
61153,3617.07,0,0,0,0,-40.53,985,126,3199
61203,3583.37,0,0,0,0,25.00,985,126,3199
61253,3618.82,0,0,0,0,-46.54,985,126,3199
61303,3569.73,0,0,0,0,49.09,985,126,3199
61353,3617.94,0,0,0,0,-47.37,985,126,3199
61403,3576.54,0,0,0,0,30.97,985,126,3199
61453,3607.50,0,0,0,0,32.69,985,126,3199
61503,3581.66,0,0,0,0,37.16,985,126,3199
61553,3608.37,0,0,0,0,37.99,985,126,3199
61603,3560.41,0,0,0,0,47.96,985,126,3199
61654,3587.66,0,0,0,0,-30.63,985,127,3199
61704,3567.18,0,0,0,0,21.33,985,128,3199
61754,3607.50,0,0,0,0,22.17,985,128,3199
61804,3571.43,0,0,0,0,46.52,985,128,3199
61854,3617.94,0,0,0,0,-41.41,985,128,3199
61904,3581.66,0,0,0,0,46.79,985,128,3199
61954,3616.20,0,0,0,0,-24.25,985,128,3199
62004,3581.66,0,0,0,0,36.28,985,128,3199
62054,3617.94,0,0,0,0,-49.07,985,128,3199
62104,3570.58,0,0,0,0,48.24,985,128,3199
62154,3606.64,0,0,0,0,47.39,985,128,3199
62204,3579.95,0,0,0,0,37.99,985,128,3199
62254,3617.07,0,0,0,0,-35.41,985,128,3199
62304,3579.95,0,0,0,0,38.87,985,128,3199
62354,3606.64,0,0,0,0,37.16,985,128,3199
62404,3583.37,0,0,0,0,25.00,985,128,3199
62454,3606.64,0,0,0,0,29.32,985,128,3199
62504,3568.88,0,0,0,0,39.49,985,128,3199
62554,3608.37,0,0,0,0,42.06,985,128,3199
62604,3575.69,0,0,0,0,31.82,985,128,3199
62654,3597.98,0,0,0,0,40.34,985,128,3199
62704,3608.37,0,0,0,0,23.15,985,128,3199
62754,3546.10,0,0,1,0,405.43,994,129,3259
62804,3544.42,0,0,1,0,541.66,1003,130,3319
62854,3545.26,0,0,1,0,402.11,1011,131,3380
62904,3607.50,0,-2,0,0,-191.18,1013,131,3380
62954,3577.39,0,0,0,0,181.07,1017,131,3380
63004,3626.69,0,0,0,0,104.65,1019,131,3386
63054,3576.54,0,0,0,0,195.15,1022,131,3386
63104,3621.44,0,0,0,0,130.44,1024,131,3388
63154,3569.73,0,0,0,0,43.86,1024,131,3388
63204,3608.37,0,0,0,0,43.80,1024,131,3388
63254,3568.88,0,0,0,0,40.36,1024,131,3388
63304,3586.80,0,0,0,0,-20.47,1024,131,3388
63354,3550.30,0,0,1,0,52.88,1024,133,3388
63404,3599.71,0,0,1,0,22.06,1024,134,3388
63454,3571.43,0,0,0,0,46.52,1024,134,3388
63504,3628.45,0,0,0,0,-46.79,1024,134,3388
63554,3582.52,0,0,0,0,46.81,1024,134,3388
63604,3608.37,0,0,0,0,21.55,1024,134,3388
63654,3581.66,0,0,0,0,37.16,1024,134,3388
63704,3618.82,0,0,0,0,-37.16,1024,134,3388
63754,3577.39,0,0,0,0,30.98,1024,134,3388
63804,3608.37,0,0,0,0,44.79,1024,134,3388
63854,3569.73,0,0,0,0,49.09,1024,134,3388
63904,3606.64,0,0,0,0,31.83,1024,134,3388
63954,3570.58,0,0,0,0,47.37,1024,134,3388
64004,3608.37,0,0,0,0,45.64,1024,134,3388
64054,3573.98,0,0,0,0,22.28,1024,134,3388
64104,3587.66,0,0,0,0,-20.48,1024,134,3388
64154,3565.49,0,0,0,0,23.89,1024,135,3388
64204,3606.64,0,0,0,0,30.79,1024,135,3388
64254,3557.87,0,0,1,0,38.39,1024,136,3388
64304,3599.71,0,0,1,0,50.52,1024,137,3388
64354,3573.98,0,0,0,0,23.14,1024,137,3388
64404,3606.64,0,0,0,0,31.83,1024,137,3388
64454,3584.23,0,0,0,0,23.27,1024,137,3388
64504,3617.07,0,0,0,0,-35.41,1024,137,3388
64555,3579.95,0,0,0,0,38.87,1024,137,3388
64605,3606.64,0,0,0,0,29.27,1024,137,3388
64655,3566.33,0,0,0,0,42.04,1024,137,3388
64705,3607.50,0,0,0,0,34.19,1024,137,3388
64755,3568.03,0,0,0,0,39.47,1024,137,3388
64805,3597.98,0,0,0,0,39.47,1024,137,3388
64855,3575.69,0,0,0,0,31.82,1024,137,3388
64905,3617.07,0,0,0,0,-45.64,1024,137,3388
64955,3572.28,0,0,0,0,26.57,1024,137,3388
65005,3620.56,0,0,0,0,-62.69,1024,138,3388
65055,3560.41,0,0,0,0,46.23,1024,138,3388
65105,3578.24,0,0,0,0,-22.06,1024,139,3388
65155,3557.03,0,0,1,0,32.34,1024,141,3388
65205,3597.12,0,0,0,0,34.24,1024,141,3388
65255,3571.43,0,0,0,0,47.39,1024,141,3388
65305,3617.94,0,0,0,0,-36.28,1024,141,3388
65355,3568.03,0,0,0,0,40.34,1024,141,3388
65405,3629.32,0,0,0,0,-78.19,1024,142,3388
65455,3597.98,0,0,0,0,62.14,1024,142,3388
65505,3545.26,0,0,1,0,401.07,1033,143,3447
65555,3543.59,0,0,1,0,487.59,1041,144,3505
65605,3545.26,0,0,1,0,401.07,1048,145,3561
65655,3545.26,0,0,1,0,443.04,1056,146,3600
65705,3546.10,0,0,1,0,409.60,1063,147,3650
65755,3546.10,0,0,1,0,371.37,1070,148,3697
65805,3567.18,0,0,0,0,123.76,1071,148,3697
65855,3615.33,0,0,0,0,44.99,1071,150,3697
65905,3584.23,0,0,0,0,65.41,1071,152,3697
65955,3612.72,0,0,0,0,13.98,1071,152,3697
66006,3571.43,0,0,0,0,55.26,1071,152,3697
66056,3608.37,0,0,0,0,22.29,1071,152,3697
66106,3560.41,0,0,0,0,51.44,1071,152,3697
66156,3607.50,0,0,0,0,35.14,1071,152,3697
66206,3576.54,0,0,0,0,31.83,1071,152,3697
66256,3618.82,0,0,0,0,-47.39,1071,152,3697
66306,3568.03,0,0,0,0,41.21,1071,152,3697
66356,3608.37,0,0,0,0,30.97,1071,152,3697
66406,3575.69,0,0,0,0,31.82,1071,152,3697
66456,3608.37,0,0,0,0,44.77,1071,152,3697
66506,3575.69,0,0,0,0,31.82,1071,152,3697
66556,3616.20,0,0,0,0,-31.97,1071,152,3697
66606,3579.95,0,0,0,0,38.87,1071,152,3697
66656,3597.12,0,0,0,0,46.52,1071,152,3697
66706,3565.49,0,0,0,0,30.77,1071,152,3697
66756,3608.37,0,0,0,0,47.34,1071,152,3697
66806,3568.03,0,0,0,0,40.34,1071,152,3697
66856,3607.50,0,0,0,0,23.14,1071,152,3697
66906,3574.83,0,0,0,0,33.54,1071,152,3697
66956,3617.07,0,0,0,0,-45.64,1071,152,3697
67006,3579.95,0,0,0,0,38.87,1071,152,3697
67056,3629.32,0,0,0,0,-47.66,1071,152,3697
67106,3581.66,0,0,0,0,36.28,1071,152,3697
67156,3607.50,0,0,0,0,36.28,1071,152,3697
67206,3567.18,0,0,0,0,41.19,1071,152,3697
67256,3599.71,0,0,1,0,31.46,1071,153,3697
67306,3565.49,0,0,0,0,33.36,1071,154,3697
67356,3608.37,0,0,0,0,29.23,1071,154,3697
67406,3567.18,0,0,0,0,41.19,1071,154,3697
67456,3607.50,0,0,0,0,46.52,1071,154,3697
67506,3572.28,0,0,0,0,25.71,1071,154,3697
67556,3607.50,0,0,0,0,30.95,1071,154,3697
67606,3568.88,0,0,0,0,37.76,1071,154,3697
67656,3607.50,0,0,0,0,31.64,1071,154,3697
67706,3563.79,0,0,0,0,33.33,1071,154,3697
67756,3605.77,0,0,0,0,29.93,1071,154,3697
67806,3585.09,0,0,0,0,22.42,1071,154,3697
67856,3617.94,0,0,0,0,-42.26,1071,154,3697
67906,3576.54,0,0,0,0,30.97,1071,154,3697
67956,3597.98,0,0,0,0,40.32,1071,154,3697
68006,3576.54,0,0,0,0,30.97,1071,154,3697
68056,3608.37,0,0,0,0,35.41,1071,154,3697
68106,3571.43,0,0,0,0,47.39,1071,154,3697
68156,3617.94,0,0,0,0,-36.28,1071,154,3697
68206,3581.66,0,0,0,0,36.28,1071,154,3697
68256,3607.50,0,0,0,0,37.14,1071,154,3697
68306,3575.69,0,0,0,0,32.69,1071,154,3697
68356,3617.94,0,0,0,0,-41.41,1071,154,3697
68406,3575.69,0,0,0,0,32.69,1071,154,3697
68456,3617.07,0,0,0,0,-35.41,1071,154,3697
68506,3574.83,0,0,0,0,33.54,1071,154,3697
68556,3607.50,0,0,0,0,42.04,1071,154,3697
68606,3568.03,0,0,0,0,38.61,1071,154,3697
68656,3572.28,0,0,0,0,26.57,1071,154,3697
68706,3787.88,0,-2,0,0,-83.26,1077,154,3725
68756,3745.32,0,-1,0,0,-42.53,1082,154,3763
68806,3544.42,0,0,1,0,291.89,1087,155,3793
68856,3543.59,0,0,1,0,315.43,1092,156,3819
68907,3597.98,0,-2,0,0,-358.87,1096,156,3819
68957,3568.03,0,0,0,0,179.16,1099,156,3823
69007,3609.24,0,0,0,-5,-179.88,1100,156,3828
69057,3568.03,0,0,0,0,103.94,1101,156,3830
69107,3602.31,0,0,0,0,-47.32,1101,156,3830
69157,3567.18,0,0,0,0,40.32,1101,156,3830
69207,3596.26,0,0,0,0,40.28,1101,156,3830
69257,3576.54,0,0,0,0,30.97,1101,156,3830
69307,3618.82,0,0,0,0,-48.24,1101,156,3830
69357,3580.81,0,0,0,0,36.27,1101,156,3830
69407,3618.82,0,0,0,0,-38.01,1101,156,3830
69457,3582.52,0,0,0,0,46.81,1101,156,3830
69507,3629.32,0,0,0,0,-49.37,1101,156,3830
69557,3576.54,0,0,0,0,30.10,1101,156,3830
69607,3608.37,0,0,0,0,31.82,1101,156,3830
69657,3568.03,0,0,0,0,40.34,1101,156,3830
69707,3608.37,0,0,0,0,23.14,1101,156,3830
69757,3575.69,0,0,0,0,31.82,1101,156,3830
69807,3617.07,0,0,0,0,-40.53,1101,156,3830
69857,3580.81,0,0,0,0,38.01,1101,156,3830
69907,3617.07,0,0,0,0,-31.99,1101,156,3830
69957,3570.58,0,0,0,0,48.24,1101,156,3830
70007,3607.50,0,0,0,0,33.33,1101,156,3830
70057,3568.03,0,0,0,0,38.61,1101,156,3830
70107,3608.37,0,0,0,0,41.17,1101,156,3830
70157,3571.43,0,0,0,0,46.52,1101,156,3830
70207,3608.37,0,0,0,0,33.67,1101,156,3830
70257,3571.43,0,0,0,0,47.39,1101,156,3830
70307,3597.98,0,0,1,0,28.91,1101,157,3830
70358,3557.87,0,0,1,0,40.11,1101,159,3830
70408,3589.38,0,0,0,0,-32.34,1101,160,3830
70458,3564.64,0,0,0,0,32.48,1101,160,3830
70508,3518.65,0,1,0,0,40.07,1102,161,3830
70558,3380.66,0,2,0,0,54.98,1107,161,3830
70608,3287.31,0,4,0,3,69.14,1114,161,3833
70658,3161.22,12,5,0,18,330.40,1127,161,3885
70708,3035.21,11,7,0,7,140.74,1145,161,3901
70758,2956.25,0,8,0,2,55.80,1160,161,3904
70808,2869.17,0,9,0,2,62.24,1177,161,3907
70858,2866.42,7,9,0,5,108.58,1207,161,3942
70908,2685.28,0,11,0,0,16.93,1229,161,3949
70958,2607.79,0,12,0,0,12.30,1253,161,3951
71008,2524.83,0,13,0,0,16.68,1279,161,3953
71058,2410.41,0,15,0,1,46.59,1308,161,3956
71108,2362.58,0,16,0,2,54.83,1339,161,3958
71158,2284.15,0,17,0,0,19.29,1372,161,3960
71208,2208.48,5,18,0,0,12.75,1407,161,3962
71258,2130.38,13,19,0,0,16.16,1444,161,3964
71308,2068.39,0,19,0,2,61.98,1463,161,3966
71358,1995.21,3,20,0,1,55.37,1503,161,3967
71408,1919.14,16,21,0,1,56.10,1545,161,3968
71458,1901.14,0,22,0,0,18.00,1567,161,3968
71508,1827.71,14,23,0,0,13.46,1612,161,3969
71558,1765.33,0,23,0,1,62.38,1635,161,3970
71608,1692.62,20,24,0,1,60.74,1683,161,3971
71658,1678.79,5,24,0,0,13.83,1707,161,3971
71708,1617.60,0,25,0,1,61.19,1732,161,3972
71758,1542.89,21,26,0,1,63.62,1783,161,3973
71808,1531.86,10,26,0,0,11.03,1809,161,3973
71859,1469.00,3,27,0,1,62.86,1836,161,3974
71909,1459.71,0,27,0,0,9.29,1863,161,3974
71959,1394.05,0,28,0,1,65.66,1891,161,3975
72009,1341.08,26,29,0,0,22.31,1949,161,3975
72059,1311.53,21,29,0,0,29.55,1978,161,3975
72109,1246.05,22,30,0,1,65.48,2008,161,3976
72159,1239.26,19,30,0,0,6.79,2038,161,3976
72209,1170.69,23,31,0,1,68.57,2069,161,3977
72259,1165.68,23,31,0,0,5.00,2100,161,3977
72309,1093.53,30,32,0,1,72.15,2132,161,3978
72359,1093.53,0,32,0,1,72.15,2132,161,3978
72409,1085.15,0,32,0,0,8.39,2164,161,3978
72459,1032.13,0,33,0,0,53.01,2197,161,3978
72509,1013.38,3,33,0,0,18.76,2230,161,3978
72559,944.29,18,34,0,1,69.09,2264,161,3979
72609,934.99,31,34,0,0,9.30,2298,161,3979
72659,934.99,0,34,0,0,9.30,2298,161,3979
72709,859.35,6,35,0,1,75.63,2333,161,3980
72759,855.87,23,35,0,0,3.48,2368,161,3980
72809,855.87,0,35,0,0,3.48,2368,161,3980
72859,769.11,2,36,0,1,86.76,2404,161,3981
72909,764.02,30,36,0,0,5.09,2440,161,3981
72960,764.02,0,36,0,0,5.09,2440,161,3981
73010,693.93,17,37,0,0,70.09,2477,161,3981
73060,693.93,0,37,0,0,70.09,2477,161,3981
73110,665.81,11,38,0,0,28.12,2515,161,3981
73160,665.81,0,38,0,0,28.12,2515,161,3981
73210,588.54,11,39,0,0,77.27,2554,161,3981
73260,588.54,0,39,0,0,77.27,2554,161,3981
73310,553.20,20,39,0,0,35.34,2593,161,3981
73360,553.20,0,39,0,0,35.34,2593,161,3981
73410,553.20,0,39,0,0,35.34,2593,161,3981
73460,459.62,1,40,0,0,93.58,2633,161,3981
73510,459.62,0,40,0,0,93.58,2633,161,3981
73560,459.62,0,40,0,0,93.58,2633,161,3981
73610,404.86,0,41,0,0,54.76,2674,161,3981
73660,404.86,0,41,0,0,54.76,2674,161,3981
73710,404.86,0,41,0,0,54.76,2674,161,3981
73760,404.86,0,41,0,0,54.76,2674,161,3981
74907,44.86,0,41,0,0,54.76,2674,161,3981
74957,44.86,0,41,0,0,54.76,2674,161,3981
75008,44.86,0,41,0,0,54.76,2674,161,3981
75058,44.86,0,41,0,0,54.76,2674,161,3981
75108,44.86,0,41,0,0,54.76,2674,161,3981
75158,0.00,0,41,0,0,54.76,2674,161,3981
75208,0.00,0,41,0,0,54.76,2674,161,3981
75258,0.00,0,41,0,0,54.76,2674,161,3981
75308,0.00,0,41,0,0,54.76,2674,161,3981
75358,0.00,0,41,0,0,54.76,2674,161,3981
75408,0.00,0,41,0,0,54.76,2674,161,3981
75458,0.00,0,41,0,0,54.76,2674,161,3981
75508,0.00,0,41,0,0,54.76,2674,161,3981
75558,0.00,0,41,0,0,54.76,2674,161,3981
75608,0.00,0,41,0,0,54.76,2674,161,3981
75658,0.00,0,41,0,0,54.76,2674,161,3981
75708,0.00,0,41,0,0,54.76,2674,161,3981
75758,0.00,0,41,0,0,54.76,2674,161,3981
75808,0.00,0,41,0,0,54.76,2674,161,3981
75858,0.00,0,41,0,0,54.76,2674,161,3981
75908,0.00,0,41,0,0,54.76,2674,161,3981
75958,0.00,0,41,0,0,54.76,2674,161,3981
76008,0.00,0,41,0,0,54.76,2674,161,3981
76058,0.00,0,41,0,0,54.76,2674,161,3981
76108,0.00,0,41,0,0,54.76,2674,161,3981
76158,0.00,0,41,0,0,54.76,2674,161,3981
76208,0.00,0,41,0,0,54.76,2674,161,3981
76258,0.00,0,41,0,0,54.76,2674,161,3981
76308,0.00,0,41,0,0,54.76,2674,161,3981
76358,0.00,0,41,0,0,54.76,2674,161,3981
76408,0.00,0,41,0,0,54.76,2674,161,3981
76459,0.00,0,41,0,0,54.76,2674,161,3981
76509,0.00,0,41,0,0,54.76,2674,161,3981
76559,0.00,0,41,0,0,54.76,2674,161,3981
76609,0.00,0,41,0,0,54.76,2674,161,3981
76659,0.00,0,41,0,0,54.76,2674,161,3981
76709,0.00,0,41,0,0,54.76,2674,161,3981
76759,0.00,0,41,0,0,54.76,2674,161,3981
76809,0.00,0,41,0,0,54.76,2674,161,3981
76859,0.00,0,41,0,0,54.76,2674,161,3981
76909,0.00,0,41,0,0,54.76,2674,161,3981
76959,0.00,0,41,0,0,54.76,2674,161,3981
77009,0.00,0,41,0,0,54.76,2674,161,3981
77059,0.00,0,41,0,0,54.76,2674,161,3981
77109,0.00,0,41,0,0,54.76,2674,161,3981
77159,0.00,0,41,0,0,54.76,2674,161,3981
77209,0.00,0,41,0,0,54.76,2674,161,3981
77259,0.00,0,41,0,0,54.76,2674,161,3981
77309,0.00,0,41,0,0,54.76,2674,161,3981
77359,0.00,0,41,0,0,54.76,2674,161,3981
77409,0.00,0,41,0,0,54.76,2674,161,3981
77459,0.00,0,41,0,0,54.76,2674,161,3981
77509,0.00,0,41,0,0,54.76,2674,161,3981
77559,0.00,0,41,0,0,54.76,2674,161,3981
77609,0.00,0,41,0,0,54.76,2674,161,3981
77659,0.00,0,41,0,0,54.76,2674,161,3981
77709,0.00,0,41,0,0,54.76,2674,161,3981
77759,0.00,0,41,0,0,54.76,2674,161,3981
77809,0.00,0,41,0,0,54.76,2674,161,3981
77859,0.00,0,41,0,0,54.76,2674,161,3981
77910,0.00,0,41,0,0,54.76,2674,161,3981
77960,0.00,0,41,0,0,54.76,2674,161,3981
78010,0.00,0,41,0,0,54.76,2674,161,3981
78060,0.00,0,41,0,0,54.76,2674,161,3981
78110,0.00,0,41,0,0,54.76,2674,161,3981
78160,0.00,0,41,0,0,54.76,2674,161,3981
78210,0.00,0,41,0,0,54.76,2674,161,3981
78260,0.00,0,41,0,0,54.76,2674,161,3981
78310,0.00,0,41,0,0,54.76,2674,161,3981
78360,0.00,0,41,0,0,54.76,2674,161,3981
78410,0.00,0,41,0,0,54.76,2674,161,3981
78460,0.00,0,41,0,0,54.76,2674,161,3981
78510,0.00,0,41,0,0,54.76,2674,161,3981
78560,0.00,0,41,0,0,54.76,2674,161,3981
78610,0.00,0,41,0,0,54.76,2674,161,3981
78660,0.00,0,41,0,0,54.76,2674,161,3981
78710,0.00,0,41,0,0,54.76,2674,161,3981
78760,0.00,0,41,0,0,54.76,2674,161,3981
78810,0.00,0,41,0,0,54.76,2674,161,3981
78860,0.00,0,41,0,0,54.76,2674,161,3981
78910,0.00,0,41,0,0,54.76,2674,161,3981
78960,0.00,0,41,0,0,54.76,2674,161,3981
79010,0.00,0,41,0,0,54.76,2674,161,3981
79060,0.00,0,41,0,0,54.76,2674,161,3981
79110,0.00,0,41,0,0,54.76,2674,161,3981
79160,0.00,0,41,0,0,54.76,2674,161,3981
79210,0.00,0,41,0,0,54.76,2674,161,3981
79260,0.00,0,41,0,0,54.76,2674,161,3981
79310,0.00,0,41,0,0,54.76,2674,161,3981
79360,0.00,0,41,0,0,54.76,2674,161,3981
79410,0.00,0,41,0,0,54.76,2674,161,3981
79460,0.00,0,41,0,0,54.76,2674,161,3981
79510,0.00,0,41,0,0,54.76,2674,161,3981
79560,0.00,0,41,0,0,54.76,2674,161,3981
79610,0.00,0,41,0,0,54.76,2674,161,3981
79660,0.00,0,41,0,0,54.76,2674,161,3981
79710,0.00,0,41,0,0,54.76,2674,161,3981
79760,0.00,0,41,0,0,54.76,2674,161,3981
79810,0.00,0,41,0,0,54.76,2674,161,3981
79860,0.00,0,41,0,0,54.76,2674,161,3981
79910,0.00,0,41,0,0,54.76,2674,161,3981
79960,0.00,0,41,0,0,54.76,2674,161,3981
80010,0.00,0,41,0,0,54.76,2674,161,3981
80060,0.00,0,41,0,0,54.76,2674,161,3981
80110,0.00,0,41,0,0,54.76,2674,161,3981
80160,0.00,0,41,0,0,54.76,2674,161,3981
80210,0.00,0,41,0,0,54.76,2674,161,3981
80260,0.00,0,41,0,0,54.76,2674,161,3981
80310,0.00,0,41,0,0,54.76,2674,161,3981
80360,0.00,0,41,0,0,54.76,2674,161,3981
