Mechanical Governor - Constant Load (1500 W)
Trial: 10
Date: 3-31-2023
Time: 12:47 PM
Ambient Temp: 82
Head Temp: 235.9

------ Microcontroller Engine Governor - Version: 1.16 ------
-------------------------------------------------------------
PID Gains:        Kp: 0.013000   Ki: 0.025000   Kd: 1.000000
-------------------------------------------------------------
Set RPM:             3600    |  Min RPM:                300
                             |
RPM Precision        10       |  PID I Precision:         70
                             |
Start Steps:         850     |  Max Steps:               1200
                             |
RPM Calc Interval:   1       |  Num Magnets:             1
                             |
LCD Update Interval: 400     |  Serial Update Interval:  50
-------------------------------------------------------------

Time,RPM,Steps Remaining, PID p, PID i, PID d, RPM Change, P Cmd, I Cmd, D Cmd
1226,0.00,0,0,0,0,0.00,0,0,0
1276,0.00,0,0,0,0,0.00,0,0,0
1326,0.00,0,0,0,0,0.00,0,0,0
1376,0.00,0,0,0,0,0.00,0,0,0
1426,0.00,0,0,0,0,0.00,0,0,0
1476,0.00,0,0,0,0,0.00,0,0,0
1526,0.00,0,0,0,0,0.00,0,0,0
1576,0.00,0,0,0,0,0.00,0,0,0
1626,0.00,0,0,0,0,0.00,0,0,0
1676,0.00,0,0,0,0,0.00,0,0,0
1726,0.00,0,0,0,0,0.00,0,0,0
1776,0.00,0,0,0,0,0.00,0,0,0
1826,0.00,0,0,0,0,0.00,0,0,0
1876,0.00,0,0,0,0,0.00,0,0,0
1926,0.00,0,0,0,0,0.00,0,0,0
1976,0.00,0,0,0,0,0.00,0,0,0
2026,0.00,0,0,0,0,0.00,0,0,0
2076,0.00,0,0,0,0,0.00,0,0,0
2126,0.00,0,0,0,0,0.00,0,0,0
2176,0.00,0,0,0,0,0.00,0,0,0
2226,0.00,0,0,0,0,0.00,0,0,0
2276,0.00,0,0,0,0,0.00,0,0,0
2326,0.00,0,0,0,0,0.00,0,0,0
2376,0.00,0,0,0,0,0.00,0,0,0
2426,0.00,0,0,0,0,0.00,0,0,0
2476,0.00,0,0,0,0,0.00,0,0,0
2526,0.00,0,0,0,0,0.00,0,0,0
2576,0.00,0,0,0,0,0.00,0,0,0
2626,0.00,0,0,0,0,0.00,0,0,0
2676,0.00,0,0,0,0,0.00,0,0,0
2726,0.00,0,0,0,0,0.00,0,0,0
2776,0.00,0,0,0,0,0.00,0,0,0
2826,0.00,0,0,0,0,0.00,0,0,0
2876,0.00,0,0,0,0,0.00,0,0,0
2926,0.00,0,0,0,0,0.00,0,0,0
2976,0.00,0,0,0,0,0.00,0,0,0
3026,0.00,0,0,0,0,0.00,0,0,0
3076,0.00,0,0,0,0,0.00,0,0,0
3126,0.00,0,0,0,0,0.00,0,0,0
3176,0.00,0,0,0,0,0.00,0,0,0
3226,0.00,0,0,0,0,0.00,0,0,0
3276,0.00,0,0,0,0,0.00,0,0,0
3326,0.00,0,0,0,0,0.00,0,0,0
3376,0.00,0,0,0,0,0.00,0,0,0
3426,0.00,0,0,0,0,0.00,0,0,0
3476,0.00,0,0,0,0,0.00,0,0,0
3526,0.00,0,0,0,0,0.00,0,0,0
3576,0.00,0,0,0,0,0.00,0,0,0
3627,0.00,0,0,0,0,0.00,0,0,0
3677,0.00,0,0,0,0,0.00,0,0,0
3727,0.00,0,0,0,0,0.00,0,0,0
3777,0.00,0,0,0,0,0.00,0,0,0
3827,0.00,0,0,0,0,0.00,0,0,0
3877,0.00,0,0,0,0,0.00,0,0,0
3927,0.00,0,0,0,0,0.00,0,0,0
3977,0.00,0,0,0,0,0.00,0,0,0
4027,0.00,0,0,0,0,0.00,0,0,0
4077,0.00,0,0,0,0,0.00,0,0,0
4127,0.00,0,0,0,0,0.00,0,0,0
4177,0.00,0,0,0,0,0.00,0,0,0
4227,0.00,0,0,0,0,0.00,0,0,0
4277,0.00,0,0,0,0,0.00,0,0,0
4327,0.00,0,0,0,0,0.00,0,0,0
4377,0.00,0,0,0,0,0.00,0,0,0
4427,0.00,0,0,0,0,0.00,0,0,0
4477,0.00,0,0,0,0,0.00,0,0,0
4527,0.00,0,0,0,0,0.00,0,0,0
4577,0.00,0,0,0,0,0.00,0,0,0
4627,0.00,0,0,0,0,0.00,0,0,0
4677,0.00,0,0,0,0,0.00,0,0,0
4727,0.00,0,0,0,0,0.00,0,0,0
4777,0.00,0,0,0,0,0.00,0,0,0
4827,0.00,0,0,0,0,0.00,0,0,0
4877,0.00,0,0,0,0,0.00,0,0,0
4927,0.00,0,0,0,0,0.00,0,0,0
4977,0.00,0,0,0,0,0.00,0,0,0
5027,0.00,0,0,0,0,0.00,0,0,0
5078,0.00,0,0,0,0,0.00,0,0,0
5128,0.00,0,0,0,0,0.00,0,0,0
5178,0.00,0,0,0,0,0.00,0,0,0
5228,0.00,0,0,0,0,0.00,0,0,0
5278,0.00,0,0,0,0,0.00,0,0,0
5328,0.00,0,0,0,0,0.00,0,0,0
5378,0.00,0,0,0,0,0.00,0,0,0
5428,0.00,0,0,0,0,0.00,0,0,0
5478,0.00,0,0,0,0,0.00,0,0,0
5528,0.00,0,0,0,0,0.00,0,0,0
5578,0.00,0,0,0,0,0.00,0,0,0
5628,0.00,0,0,0,0,0.00,0,0,0
5678,0.00,0,0,0,0,0.00,0,0,0
5728,0.00,0,0,0,0,0.00,0,0,0
5778,0.00,0,0,0,0,0.00,0,0,0
5828,0.00,0,0,0,0,0.00,0,0,0
5878,0.00,0,0,0,0,0.00,0,0,0
5928,0.00,0,0,0,0,0.00,0,0,0
5978,0.00,0,0,0,0,0.00,0,0,0
6028,0.00,0,0,0,0,0.00,0,0,0
6078,0.00,0,0,0,0,0.00,0,0,0
6128,0.00,0,0,0,0,0.00,0,0,0
6178,0.00,0,0,0,0,0.00,0,0,0
6228,0.00,0,0,0,0,0.00,0,0,0
6278,0.00,0,0,0,0,0.00,0,0,0
6328,0.00,0,0,0,0,0.00,0,0,0
6378,0.00,0,0,0,0,0.00,0,0,0
6428,0.00,0,0,0,0,0.00,0,0,0
6478,0.00,0,0,0,0,0.00,0,0,0
6528,0.00,0,0,0,0,0.00,0,0,0
6578,0.00,0,0,0,0,0.00,0,0,0
6628,0.00,0,0,0,0,0.00,0,0,0
6678,0.00,0,0,0,0,0.00,0,0,0
6728,0.00,0,0,0,0,0.00,0,0,0
6778,0.00,0,0,0,0,0.00,0,0,0
6828,0.00,0,0,0,0,0.00,0,0,0
6878,0.00,0,0,0,0,0.00,0,0,0
6928,0.00,0,0,0,0,0.00,0,0,0
6978,0.00,0,0,0,0,0.00,0,0,0
7028,0.00,0,0,0,0,0.00,0,0,0
7078,0.00,0,0,0,0,0.00,0,0,0
7128,0.00,0,0,0,0,0.00,0,0,0
7178,0.00,0,0,0,0,0.00,0,0,0
7228,0.00,0,0,0,0,0.00,0,0,0
7278,0.00,0,0,0,0,0.00,0,0,0
7328,0.00,0,0,0,0,0.00,0,0,0
7378,0.00,0,0,0,0,0.00,0,0,0
7428,0.00,0,0,0,0,0.00,0,0,0
7478,0.00,0,0,0,0,0.00,0,0,0
7528,0.00,0,0,0,0,0.00,0,0,0
7578,0.00,0,0,0,0,0.00,0,0,0
7628,0.00,0,0,0,0,0.00,0,0,0
7678,0.00,0,0,0,0,0.00,0,0,0
7728,0.00,0,0,0,0,0.00,0,0,0
7778,0.00,0,0,0,0,0.00,0,0,0
7828,0.00,0,0,0,0,0.00,0,0,0
7878,0.00,0,0,0,0,0.00,0,0,0
7928,0.00,0,0,0,0,0.00,0,0,0
7979,0.00,0,0,0,0,0.00,0,0,0
8029,0.00,0,0,0,0,0.00,0,0,0
8079,0.00,0,0,0,0,0.00,0,0,0
8129,0.00,0,0,0,0,0.00,0,0,0
8179,0.00,0,0,0,0,0.00,0,0,0
8229,0.00,0,0,0,0,0.00,0,0,0
8279,0.00,0,0,0,0,0.00,0,0,0
8329,0.00,0,0,0,0,0.00,0,0,0
8379,0.00,0,0,0,0,0.00,0,0,0
8429,0.00,0,0,0,0,0.00,0,0,0
8479,0.00,0,0,0,0,0.00,0,0,0
8529,0.00,0,0,0,0,0.00,0,0,0
8579,0.00,0,0,0,0,0.00,0,0,0
8629,0.00,0,0,0,0,0.00,0,0,0
8679,0.00,0,0,0,0,0.00,0,0,0
8729,0.00,0,0,0,0,0.00,0,0,0
8779,0.00,0,0,0,0,0.00,0,0,0
8829,0.00,0,0,0,0,0.00,0,0,0
8879,0.00,0,0,0,0,0.00,0,0,0
8929,0.00,0,0,0,0,0.00,0,0,0
8979,0.00,0,0,0,0,0.00,0,0,0
9029,0.00,0,0,0,0,0.00,0,0,0
9079,0.00,0,0,0,0,0.00,0,0,0
9129,0.00,0,0,0,0,0.00,0,0,0
9179,0.00,0,0,0,0,0.00,0,0,0
9229,0.00,0,0,0,0,0.00,0,0,0
9279,0.00,0,0,0,0,0.00,0,0,0
9329,0.00,0,0,0,0,0.00,0,0,0
9379,0.00,0,0,0,0,0.00,0,0,0
9430,0.00,0,0,0,0,0.00,0,0,0
9480,0.00,0,0,0,0,0.00,0,0,0
9530,0.00,0,0,0,0,0.00,0,0,0
9580,0.00,0,0,0,0,0.00,0,0,0
9630,0.00,0,0,0,0,0.00,0,0,0
9680,0.00,0,0,0,0,0.00,0,0,0
9730,0.00,0,0,0,0,0.00,0,0,0
9780,0.00,0,0,0,0,0.00,0,0,0
9830,0.00,0,0,0,0,0.00,0,0,0
9880,0.00,0,0,0,0,0.00,0,0,0
9930,0.00,0,0,0,0,0.00,0,0,0
9980,0.00,0,0,0,0,0.00,0,0,0
10030,0.00,0,0,0,0,0.00,0,0,0
10080,0.00,0,0,0,0,0.00,0,0,0
10130,inf,0,0,0,0,inf,0,0,0
10180,inf,0,0,0,0,inf,0,0,0
10230,inf,0,0,0,0,inf,0,0,0
10280,464.51,18,40,0,0,inf,40,0,0
10330,464.51,0,40,0,0,inf,40,0,0
10380,575.75,21,39,0,-1,-111.24,79,0,1
10430,974.60,23,34,0,-6,-398.85,113,0,7
10480,974.60,0,34,0,-6,-398.85,113,0,7
10530,1416.30,15,28,0,-10,-427.37,174,0,17
10580,1432.94,17,28,0,0,-16.64,202,0,17
10630,1727.31,0,24,0,-8,-294.38,226,0,25
10680,1841.85,10,22,0,-4,-138.85,272,0,29
10730,1853.45,0,22,0,0,-11.61,294,0,29
10780,2125.55,0,19,0,0,-7.80,332,0,38
10830,2355.53,0,16,0,0,-13.61,364,0,46
10880,2592.02,0,13,0,0,7.64,390,0,57
10930,3044.45,0,7,0,-5,-98.07,416,0,79
10980,3227.89,2,4,0,0,9.06,431,0,90
11030,3415.30,0,2,0,0,7.01,435,0,104
11080,3545.26,0,0,1,0,297.94,441,1,141
11130,3923.62,-27,-4,0,-25,-379.20,455,2,227
11180,3698.22,0,-1,0,0,59.29,459,2,227
11230,3646.09,0,0,-1,0,24.99,460,3,227
11280,3585.09,0,0,0,0,17.22,460,3,227
11330,3607.50,0,0,0,0,3.40,460,3,227
11380,3601.44,0,0,0,0,-53.07,460,3,227
11430,3665.69,0,0,-1,0,-39.87,460,5,227
11480,3580.81,0,0,0,0,31.91,460,5,227
11530,3607.50,0,0,0,0,34.26,460,5,227
11580,3568.03,0,0,0,0,38.61,460,5,227
11630,3639.89,0,0,0,0,-58.23,460,5,227
11680,3582.52,0,0,0,0,45.93,460,5,227
11730,3625.82,0,0,0,0,-34.72,460,5,227
11780,3591.95,0,0,0,0,-31.23,460,5,227
11830,3618.82,0,0,0,0,-38.87,460,5,227
11880,3580.81,0,0,0,0,44.13,460,5,227
11930,3617.07,0,0,0,0,-34.56,460,5,227
11980,3580.81,0,0,0,0,37.14,460,5,227
12030,3627.57,0,0,0,0,-45.05,460,5,227
12080,3580.81,0,0,0,0,37.14,460,5,227
12130,3617.94,0,0,0,0,-46.52,460,5,227
12180,3574.83,0,0,0,0,32.67,460,5,227
12230,3597.98,0,0,0,0,27.47,460,5,227
12280,3571.43,0,0,0,0,45.64,460,5,227
12331,3629.32,0,0,0,0,-49.37,460,5,227
12381,3591.95,0,0,0,0,-39.13,460,5,227
12431,3632.84,0,0,0,0,-40.89,460,5,227
12481,3600.58,0,0,0,0,-40.03,460,5,227
12531,3608.37,0,0,0,0,-19.99,460,5,227
12581,3575.69,0,0,0,0,32.69,460,5,227
12631,3571.43,0,0,0,0,50.89,460,5,227
12682,3782.15,-1,-2,0,0,-237.72,470,6,294
12732,3632.84,0,0,0,0,-33.99,470,6,294
12782,3595.40,0,0,-1,0,-50.57,470,7,294
12832,3632.84,0,0,0,0,-41.75,470,7,294
12882,3580.81,0,0,0,0,37.14,470,7,294
12932,3608.37,0,0,0,0,41.27,470,7,294
12982,3571.43,0,0,0,0,45.64,470,7,294
13032,3624.06,0,0,0,0,-33.83,470,7,294
13082,3591.09,0,0,0,0,-30.39,470,7,294
13132,3640.78,0,0,-1,0,-48.82,470,8,294
13182,3591.95,0,0,0,0,-32.30,470,8,294
13232,3597.98,0,0,0,0,33.67,470,8,294
13282,3608.37,0,0,0,0,29.95,470,8,294
13332,3543.59,0,0,1,0,410.02,479,9,357
13382,3544.42,0,0,1,0,533.88,488,10,420
13432,3632.84,0,0,0,0,131.27,498,10,479
13483,3581.66,0,0,0,0,34.54,498,10,479
13533,3608.37,0,0,0,0,32.70,498,10,479
13583,3584.23,0,0,0,0,24.14,498,10,479
13633,3618.82,0,0,0,0,-37.16,498,10,479
13683,3571.43,0,0,0,0,47.39,498,10,479
13733,3581.66,0,0,0,0,39.78,498,10,479
13783,3766.01,0,-2,0,-2,184.48,509,10,550
13833,3545.26,0,0,1,0,329.71,515,11,584
13883,3545.26,0,0,1,0,303.85,520,12,613
13933,3545.26,0,0,1,0,327.71,525,13,642
13983,3545.26,0,0,1,0,327.71,530,14,672
14033,3545.26,0,0,1,0,376.31,536,15,703
14083,3546.10,0,0,1,0,365.24,542,16,736
14133,3587.66,0,0,0,0,100.56,543,16,736
14183,3622.31,0,0,0,0,64.10,544,16,738
14233,3581.66,0,0,0,0,108.37,546,16,743
14283,3615.33,0,0,0,0,38.75,547,17,743
14333,3574.83,0,0,0,0,68.60,547,19,743
14383,3617.94,0,0,0,0,-13.91,547,19,743
14433,3582.52,0,0,0,0,47.69,547,19,743
14483,3624.94,0,0,0,0,-34.70,547,19,743
14533,3582.52,0,0,0,0,41.55,547,19,743
14583,3618.82,0,0,0,0,-40.57,547,19,743
14633,3591.95,0,0,0,0,-39.85,547,19,743
14683,3639.01,0,0,0,0,-56.49,547,19,743
14733,3580.81,0,0,0,0,37.14,547,19,743
14783,3617.94,0,0,0,0,-45.67,547,19,743
14833,3579.95,0,0,0,0,38.87,547,19,743
14883,3627.57,0,0,0,0,-45.91,547,19,743
14934,3591.09,0,0,0,0,-39.17,547,19,743
14984,3617.94,0,0,0,0,-31.14,547,19,743
15034,3581.66,0,0,0,0,32.80,547,19,743
15084,3608.37,0,0,0,0,21.53,547,19,743
15134,3579.95,0,0,0,0,38.87,547,19,743
15184,3618.82,0,0,0,0,-38.87,547,19,743
15234,3579.95,0,0,0,0,38.87,547,19,743
15284,3618.82,0,0,0,0,-37.16,547,19,743
15334,3579.95,0,0,0,0,44.99,547,19,743
15384,3617.94,0,0,0,0,-34.57,547,19,743
15434,3591.95,0,0,0,0,-38.87,547,19,743
15484,3624.94,0,0,0,0,-32.99,547,19,743
15534,3581.66,0,0,0,0,33.67,547,19,743
15584,3608.37,0,0,0,0,40.36,547,19,743
15634,3572.28,0,0,0,0,25.71,547,19,743
15684,3617.07,0,0,0,0,-35.41,547,19,743
15734,3590.23,0,0,0,0,-46.54,547,19,743
15784,3624.06,0,0,0,0,-31.25,547,19,743
15834,3569.73,0,0,0,0,48.22,547,19,743
15884,3617.07,0,0,0,0,-45.64,547,19,743
15934,3569.73,0,0,0,0,49.09,547,19,743
15984,3617.94,0,0,0,0,-46.52,547,19,743
16034,3580.81,0,0,0,0,37.14,547,19,743
16084,3618.82,0,0,0,0,-49.09,547,19,743
16134,3592.81,0,0,0,0,-35.43,547,19,743
16184,3651.41,0,0,-1,0,-110.34,547,21,743
16234,3581.66,0,0,0,0,36.28,547,21,743
16284,3628.45,0,0,0,0,-47.64,547,21,743
16334,3590.23,0,0,0,0,-32.99,547,21,743
16384,3617.07,0,0,0,0,-34.56,547,21,743
16434,3567.18,0,0,0,0,41.19,547,21,743
16484,3618.82,0,0,0,0,-49.09,547,21,743
16534,3571.43,0,0,0,0,47.39,547,21,743
16584,3618.82,0,0,0,0,-46.54,547,21,743
16634,3581.66,0,0,0,0,35.41,547,21,743
16684,3617.94,0,0,0,0,-37.14,547,21,743
16734,3592.81,0,0,0,0,-33.85,547,21,743
16784,3617.94,0,0,0,0,-36.28,547,21,743
16834,3569.73,0,0,0,0,49.09,547,21,743
16884,3608.37,0,0,0,0,31.04,547,21,743
16934,3571.43,0,0,0,0,45.64,547,21,743
16984,3709.20,-2,-1,0,-7,-215.95,549,21,750
17034,3581.66,0,0,0,0,35.41,549,21,750
17084,3628.45,0,0,0,0,-47.64,549,21,750
17134,3590.23,0,0,0,0,-41.75,549,21,750
17184,3587.66,0,0,0,0,-15.38,549,21,750
17234,3566.33,0,0,0,0,31.65,549,22,750
17284,3608.37,0,0,0,0,37.83,549,22,750
17334,3581.66,0,0,0,0,36.28,549,22,750
17384,3625.82,0,0,0,0,-33.00,549,22,750
17434,3581.66,0,0,0,0,36.28,549,22,750
17484,3608.37,0,0,0,0,24.15,549,22,750
17534,3571.43,0,0,0,0,47.39,549,22,750
17584,3617.94,0,0,0,0,-36.28,549,22,750
17634,3571.43,0,0,0,0,47.39,549,22,750
17684,3618.82,0,0,0,0,-47.39,549,22,750
17734,3570.58,0,0,0,0,48.24,549,22,750
17784,3608.37,0,0,0,0,50.01,549,22,750
17835,3579.95,0,0,0,0,38.87,549,22,750
17885,3606.64,0,0,0,0,29.32,549,22,750
17935,3570.58,0,0,0,0,47.37,549,22,750
17985,3606.64,0,0,0,0,39.78,549,22,750
18035,3575.69,0,0,0,0,32.69,549,22,750
18085,3617.94,0,0,0,0,-47.37,549,22,750
18135,3568.03,0,0,0,0,39.47,549,22,750
18185,3617.94,0,0,0,0,-48.22,549,22,750
18235,3576.54,0,0,0,0,31.83,549,22,750
18285,3617.94,0,0,0,0,-36.28,549,22,750
18335,3582.52,0,0,0,0,46.81,549,22,750
18385,3624.06,0,0,0,0,-33.83,549,22,750
18435,3582.52,0,0,0,0,45.05,549,22,750
18485,3597.98,0,0,0,0,42.36,549,22,750
18535,3573.98,0,0,0,0,24.00,549,22,750
18585,3609.24,0,0,0,0,33.41,549,22,750
18635,3608.37,0,0,0,0,41.21,549,22,750
18685,3544.42,0,0,1,0,408.15,558,23,807
18735,3544.42,0,0,1,0,528.34,567,24,869
18785,3577.39,0,0,0,0,199.04,570,24,869
18835,3614.46,0,0,0,0,116.89,572,24,875
18885,3579.95,0,0,0,0,174.74,575,24,876
18935,3615.33,0,0,0,0,116.01,577,24,882
18985,3573.98,0,0,0,0,176.96,579,24,885
19035,3609.24,0,-1,0,-7,-200.66,581,24,892
19085,3576.54,0,0,0,0,30.97,581,24,892
19135,3608.37,0,0,0,0,30.89,581,24,892
19185,3571.43,0,0,0,0,40.42,581,24,892
19235,3607.50,0,0,0,0,38.64,581,24,892
19286,3571.43,0,0,0,0,43.03,581,24,892
19336,3624.06,0,0,0,0,-33.83,581,24,892
19386,3581.66,0,0,0,0,41.53,581,24,892
19436,3618.82,0,0,0,0,-43.13,581,24,892
19486,3571.43,0,0,0,0,43.03,581,24,892
19536,3607.50,0,0,0,0,-43.90,581,24,892
19586,3570.58,0,0,0,0,45.62,581,24,892
19636,3606.64,0,0,0,0,39.55,581,24,892
19686,3565.49,0,0,0,0,32.50,581,24,892
19736,3597.12,0,0,0,0,41.27,581,24,892
19786,3565.49,0,0,0,0,32.50,581,24,892
19836,3608.37,0,0,0,0,33.39,581,24,892
19886,3567.18,0,0,0,0,41.19,581,24,892
19936,3617.94,0,0,0,0,-56.69,581,24,892
19986,3576.54,0,0,0,0,31.83,581,24,892
20036,3597.98,0,0,0,0,25.74,581,24,892
20086,3557.03,0,0,1,0,40.09,581,25,892
20136,3608.37,0,0,0,0,53.20,581,25,892
20186,3573.13,0,0,0,0,24.85,581,25,892
20236,3618.82,0,0,0,0,-42.28,581,25,892
20286,3590.23,0,0,0,0,-38.01,581,25,892
20336,3597.98,0,0,0,0,43.01,581,25,892
20386,3557.03,0,0,1,0,18.65,581,26,892
20436,3608.37,0,0,1,0,42.50,581,27,892
20486,3555.34,0,0,1,0,32.31,581,28,892
20536,3609.24,0,0,1,0,43.59,581,29,892
20586,3581.66,0,0,0,0,36.28,581,29,892
20636,3617.94,0,0,0,0,-36.28,581,29,892
20686,3571.43,0,0,0,0,47.39,581,29,892
20736,3608.37,0,0,0,0,28.45,581,29,892
20786,3567.18,0,0,0,0,41.19,581,29,892
20836,3618.82,0,0,0,0,-37.16,581,29,892
20886,3579.95,0,0,0,0,38.87,581,29,892
20936,3617.94,0,0,0,0,-46.52,581,29,892
20986,3583.37,0,0,0,0,25.00,581,29,892
21036,3608.37,0,0,0,0,26.63,581,29,892
21086,3584.23,0,0,0,0,23.27,581,29,892
21136,3618.82,0,0,0,0,-38.01,581,29,892
21186,3585.09,0,0,0,0,22.42,581,29,892
21236,3617.94,0,0,0,0,-48.22,581,29,892
21286,3581.66,0,0,0,0,35.41,581,29,892
21336,3617.94,0,0,0,0,-47.37,581,29,892
21386,3571.43,0,0,0,0,46.52,581,29,892
21436,3598.85,0,0,0,0,1.70,581,29,892
21486,3567.18,0,0,0,0,40.32,581,29,892
21536,3606.64,0,0,0,0,24.04,581,29,892
21586,3560.41,0,0,0,0,47.10,581,29,892
21636,3570.58,0,0,0,0,41.27,581,29,892
21686,3806.14,0,-2,0,-6,-96.94,587,29,924
21736,3797.47,0,-2,0,0,-92.85,593,29,963
21786,3816.79,0,-2,0,-6,-110.34,599,29,1007
21836,3809.04,0,-2,0,-5,-87.88,605,29,1051
21886,3545.26,0,0,1,0,398.99,612,30,1116
21936,3544.42,0,0,1,0,464.13,620,31,1173
21986,3612.72,0,0,0,0,83.69,622,31,1178
22036,3581.66,0,0,0,0,104.75,624,31,1183
22086,3615.33,0,0,0,0,36.97,624,32,1183
22136,3573.98,0,0,0,0,78.32,624,34,1183
22187,3587.66,0,0,0,0,-0.86,624,34,1183
22237,3556.19,0,0,1,0,29.76,624,36,1183
22287,3609.24,0,0,1,0,45.21,624,37,1183
22337,3581.66,0,0,0,0,36.28,624,37,1183
22387,3617.94,0,0,0,0,-30.29,624,37,1183
22437,3581.66,0,0,0,0,32.80,624,37,1183
22487,3618.82,0,0,0,0,-40.57,624,37,1183
22537,3576.54,0,0,0,0,31.83,624,37,1183
22587,3597.98,0,0,0,0,32.70,624,37,1183
22637,3569.73,0,0,0,0,37.77,624,37,1183
22687,3617.07,0,0,0,0,-49.04,624,37,1183
22737,3575.69,0,0,0,0,31.82,624,37,1183
22787,3597.98,0,0,0,0,40.36,624,37,1183
22837,3573.98,0,0,0,0,22.28,624,37,1183
22887,3598.85,0,0,0,0,30.16,624,37,1183
22937,3560.41,0,0,0,0,47.96,624,37,1183
22987,3606.64,0,0,0,0,32.50,624,37,1183
23037,3577.39,0,0,0,0,30.98,624,37,1183
23087,3617.07,0,0,0,0,-44.79,624,37,1183
23137,3570.58,0,0,0,0,48.24,624,37,1183
23187,3608.37,0,0,0,0,33.55,624,37,1183
23237,3568.03,0,0,0,0,38.61,624,37,1183
23287,3607.50,0,0,0,0,41.25,624,37,1183
23337,3573.98,0,0,0,0,24.00,624,37,1183
23387,3607.50,0,0,0,0,24.04,624,37,1183
23437,3569.73,0,0,0,0,49.09,624,37,1183
23487,3617.07,0,0,0,0,-44.79,624,37,1183
23537,3569.73,0,0,0,0,49.09,624,37,1183
23587,3586.80,0,0,0,0,-15.37,624,37,1183
23638,3565.49,0,0,0,0,33.36,624,38,1183
23688,3597.98,0,0,0,0,23.14,624,38,1183
23738,3576.54,0,0,0,0,30.97,624,38,1183
23788,3617.94,0,0,0,0,-45.67,624,38,1183
23838,3578.24,0,0,0,0,30.13,624,38,1183
23888,3596.26,0,0,0,0,32.70,624,38,1183
23938,3577.39,0,0,0,0,30.98,624,38,1183
23988,3607.50,0,0,0,0,39.53,624,38,1183
24038,3573.98,0,0,0,0,22.28,624,38,1183
24088,3597.98,0,0,0,0,33.36,624,38,1183
24138,3564.64,0,0,0,0,32.48,624,38,1183
24188,3617.07,0,0,0,0,-35.41,624,38,1183
24238,3577.39,0,0,0,0,30.98,624,38,1183
24288,3597.12,0,0,0,0,34.24,624,38,1183
24338,3568.88,0,0,0,0,38.62,624,38,1183
24388,3607.50,0,0,0,0,39.49,624,38,1183
24438,3573.13,0,0,0,0,24.85,624,38,1183
24488,3596.26,0,0,0,0,40.36,624,38,1183
24538,3557.03,0,0,1,0,40.95,624,40,1183
24588,3607.50,0,0,0,0,27.32,624,40,1183
24638,3570.58,0,0,0,0,37.79,624,40,1183
24688,3618.82,0,0,0,0,-33.73,624,40,1183
24738,3581.66,0,0,0,0,47.66,624,40,1183
24788,3617.94,0,0,0,0,-35.43,624,40,1183
24838,3629.32,0,0,0,0,-40.81,624,40,1183
24888,3798.43,0,-2,0,0,-92.90,630,40,1213
24938,3766.01,0,-2,0,0,-62.30,636,40,1251
24988,3545.26,0,0,1,0,316.74,642,41,1285
25038,3544.42,0,0,1,0,258.82,646,42,1309
25088,3568.03,0,0,0,0,230.40,649,42,1309
25138,3606.64,0,0,0,0,27.49,649,42,1309
25188,3584.23,0,0,0,0,24.14,649,42,1309
25238,3608.37,0,0,0,0,40.40,649,42,1309
25288,3568.03,0,0,0,0,38.61,649,43,1309
25338,3597.98,0,0,0,0,29.19,649,43,1309
25388,3548.62,0,0,1,0,46.78,649,45,1309
25438,3589.38,0,0,0,0,-43.28,649,46,1309
25488,3555.34,0,0,1,0,44.37,649,48,1309
25538,3597.12,0,0,1,0,41.01,649,49,1309
25588,3576.54,0,0,0,0,31.83,649,49,1309
25638,3608.37,0,0,0,0,40.61,649,49,1309
25688,3581.66,0,0,0,0,35.41,649,49,1309
25738,3597.98,0,0,0,0,39.76,649,49,1309
25788,3561.25,0,0,0,0,55.82,649,49,1309
25838,3607.50,0,0,0,0,41.25,649,49,1309
25888,3571.43,0,0,0,0,47.39,649,49,1309
25938,3597.98,0,0,1,0,49.68,649,50,1309
25988,3564.64,0,0,0,0,32.48,649,50,1309
26038,3597.98,0,0,0,0,49.70,649,50,1309
26088,3573.98,0,0,0,0,23.14,649,50,1309
26138,3608.37,0,0,0,0,41.21,649,50,1309
26188,3581.66,0,0,0,0,36.28,649,50,1309
26238,3624.06,0,0,0,0,-32.11,649,50,1309
26288,3571.43,0,0,0,0,47.39,649,50,1309
26338,3618.82,0,0,0,0,-47.39,649,50,1309
26388,3574.83,0,0,0,0,32.67,649,50,1309
26438,3606.64,0,0,0,0,38.68,649,50,1309
26488,3576.54,0,0,0,0,31.83,649,50,1309
26539,3597.98,0,0,0,0,49.70,649,50,1309
26589,3576.54,0,0,0,0,30.97,649,50,1309
26639,3617.94,0,0,0,0,-32.86,649,50,1309
26689,3581.66,0,0,0,0,47.66,649,50,1309
26739,3624.94,0,0,0,0,-32.99,649,50,1309
26789,3592.81,0,0,0,0,-24.22,649,50,1309
26839,3616.20,0,0,0,0,-25.97,649,50,1309
26889,3576.54,0,0,0,0,30.10,649,50,1309
26939,3608.37,0,0,0,0,30.17,649,50,1309
26989,3576.54,0,0,0,0,31.83,649,50,1309
27039,3618.82,0,0,0,0,-44.84,649,50,1309
27089,3573.98,0,0,0,0,67.68,649,52,1309
27139,3617.94,0,0,0,0,-35.43,649,52,1309
27189,3574.83,0,0,0,0,33.54,649,52,1309
27239,3617.07,0,0,0,0,-45.64,649,52,1309
27289,3573.13,0,0,0,0,24.85,649,52,1309
27339,3607.50,0,0,0,0,18.91,649,52,1309
27389,3581.66,0,0,0,0,35.41,649,52,1309
27439,3617.94,0,0,0,0,-37.14,649,52,1309
27489,3581.66,0,0,0,0,45.91,649,52,1309
27539,3608.37,0,0,0,0,25.87,649,52,1309
27589,3568.88,0,0,0,0,38.62,649,52,1309
27639,3597.98,0,0,0,0,41.21,649,52,1309
27689,3563.79,0,0,0,0,34.19,649,52,1309
27739,3565.49,0,0,0,0,34.23,649,52,1309
27789,3546.10,0,0,1,0,405.43,657,53,1371
27839,3546.10,0,0,1,0,411.68,664,54,1421
27889,3554.50,0,0,1,0,352.76,670,55,1468
27939,3545.26,0,0,1,0,342.76,675,56,1499
27990,3544.42,0,0,1,0,292.88,680,57,1526
28040,3545.26,0,0,1,0,315.74,685,58,1554
28090,3545.26,0,0,1,0,303.85,690,59,1582
28140,3545.26,0,0,1,0,327.71,695,60,1611
28190,3545.26,0,0,1,0,315.74,700,61,1641
28240,3546.10,0,0,1,0,314.90,705,62,1667
28290,3488.37,0,1,0,0,348.93,711,62,1692
28340,3577.39,0,0,0,0,31.85,712,62,1699
28390,3617.94,0,0,0,0,-44.81,712,62,1699
28440,3581.66,0,0,0,0,30.18,712,62,1699
28490,3618.82,0,0,0,0,-32.02,712,62,1699
28540,3582.52,0,0,0,0,28.46,712,62,1699
28590,3608.37,0,0,0,0,40.53,712,62,1699
28640,3570.58,0,0,0,0,46.49,712,62,1699
28690,3506.31,0,1,0,0,63.42,713,62,1699
28740,3579.95,0,0,0,0,36.25,714,62,1705
28790,3606.64,0,0,0,0,29.33,714,62,1705
28840,3574.83,0,0,0,0,32.67,714,62,1705
28890,3607.50,0,0,0,0,29.30,714,62,1705
28940,3576.54,0,0,0,0,30.10,714,62,1705
28990,3608.37,0,0,0,0,31.02,714,62,1705
29040,3581.66,0,0,0,0,37.16,714,62,1705
29090,3618.82,0,0,0,0,-43.13,714,62,1705
29140,3581.66,0,0,0,0,37.16,714,62,1705
29190,3607.50,0,0,0,0,38.88,714,62,1705
29240,3576.54,0,0,0,0,30.97,714,62,1705
29290,3608.37,0,0,0,0,41.21,714,62,1705
29340,3567.18,0,0,0,0,41.19,714,62,1705
29390,3606.64,0,0,0,0,33.36,714,62,1705
29440,3568.03,0,0,0,0,38.61,714,62,1705
29490,3607.50,0,0,0,0,34.24,714,62,1705
29540,3576.54,0,0,0,0,31.83,714,62,1705
29590,3608.37,0,0,0,0,32.70,714,62,1705
29640,3574.83,0,0,0,0,32.67,714,62,1705
29690,3596.26,0,0,0,0,25.73,714,62,1705
29740,3567.18,0,0,0,0,40.32,714,62,1705
29790,3617.94,0,0,0,0,-42.26,714,62,1705
29840,3576.54,0,0,0,0,30.10,714,62,1705
29890,3617.94,0,0,0,0,-43.11,714,62,1705
29940,3581.66,0,0,0,0,37.16,714,62,1705
29990,3608.37,0,0,0,0,36.28,714,62,1705
30040,3576.54,0,0,0,0,31.83,714,62,1705
30090,3618.82,0,0,0,0,-42.28,714,62,1705
30140,3581.66,0,0,0,0,36.28,714,62,1705
30190,3617.94,0,0,0,0,-37.14,714,62,1705
30240,3571.43,0,0,0,0,47.39,714,62,1705
30290,3608.37,0,0,0,0,32.70,714,62,1705
30340,3567.18,0,0,0,0,41.19,714,62,1705
30390,3608.37,0,0,0,0,49.70,714,62,1705
30440,3568.03,0,0,0,0,38.61,714,62,1705
30490,3607.50,0,0,0,0,39.53,714,62,1705
30540,3576.54,0,0,0,0,31.83,714,62,1705
30590,3608.37,0,0,0,0,32.70,714,62,1705
30640,3584.23,0,0,0,0,23.27,714,62,1705
30690,3606.64,0,0,0,0,47.96,714,62,1705
30740,3563.79,0,0,0,0,33.33,714,62,1705
30790,3607.50,0,0,0,0,25.72,714,62,1705
30840,3581.66,0,0,0,0,34.54,714,62,1705
30891,3608.37,0,0,0,0,25.01,714,62,1705
30941,3576.54,0,0,0,0,30.97,714,62,1705
30991,3618.82,0,0,0,0,-46.54,714,62,1705
31041,3581.66,0,0,0,0,47.66,714,62,1705
31091,3628.45,0,0,0,0,-47.64,714,62,1705
31141,3581.66,0,0,0,0,36.28,714,62,1705
31191,3608.37,0,0,0,0,42.06,714,62,1705
31241,3576.54,0,0,0,0,31.83,714,62,1705
31291,3606.64,0,0,0,0,24.87,714,62,1705
31341,3607.50,0,0,0,0,31.80,714,62,1705
31391,3544.42,0,0,1,0,518.42,724,63,1775
31441,3546.10,0,0,1,0,403.35,732,64,1833
31491,3544.42,0,0,1,0,496.52,740,65,1878
31541,3597.12,0,-1,0,-4,-246.57,742,65,1882
31591,3562.10,0,0,0,0,130.66,744,65,1890
31641,3610.11,0,0,0,0,-0.87,744,66,1890
31691,3572.28,0,0,0,0,48.29,744,66,1890
31741,3607.50,0,0,0,0,38.90,744,66,1890
31791,3581.66,0,0,0,0,40.65,744,66,1890
31841,3618.82,0,0,0,0,-34.59,744,66,1890
31891,3571.43,0,0,0,0,48.26,744,66,1890
31941,3607.50,0,0,0,0,41.13,744,66,1890
31991,3567.18,0,0,0,0,41.19,744,66,1890
32041,3618.82,0,0,0,0,-41.43,744,66,1890
32091,3576.54,0,0,0,0,31.83,744,66,1890
32141,3618.82,0,0,0,0,-38.87,744,66,1890
32191,3581.66,0,0,0,0,35.41,744,66,1890
32241,3618.82,0,0,0,0,-38.87,744,66,1890
32291,3591.95,0,0,0,0,-32.95,744,66,1890
32342,3631.96,0,0,0,0,-40.01,744,66,1890
32392,3580.81,0,0,0,0,37.14,744,66,1890
32442,3617.07,0,0,0,0,-45.64,744,66,1890
32492,3567.18,0,0,0,0,41.19,744,66,1890
32542,3607.50,0,0,0,0,27.43,744,66,1890
32592,3571.43,0,0,0,0,45.64,744,66,1890
32642,3608.37,0,0,0,0,26.58,744,66,1890
32692,3571.43,0,0,0,0,46.52,744,66,1890
32742,3608.37,0,0,0,0,46.52,744,66,1890
32792,3572.28,0,0,0,0,24.84,744,66,1890
32842,3606.64,0,0,0,0,25.73,744,66,1890
32892,3579.95,0,0,0,0,38.87,744,66,1890
32942,3618.82,0,0,0,0,-38.01,744,66,1890
32992,3584.23,0,0,0,0,22.41,744,66,1890
33042,3617.94,0,0,0,0,-37.14,744,66,1890
33092,3591.09,0,0,0,0,-33.83,744,66,1890
33142,3686.41,0,-1,0,-4,-166.11,746,66,1894
33192,3574.83,0,0,0,0,33.54,746,66,1894
33242,3608.37,0,0,0,0,27.43,746,66,1894
33292,3566.33,0,0,0,0,29.93,746,66,1894
33342,3607.50,0,0,0,0,30.79,746,66,1894
33392,3564.64,0,0,0,0,32.48,746,66,1894
33442,3597.12,0,0,0,0,23.04,746,66,1894
33492,3575.69,0,0,0,0,30.08,746,66,1894
33542,3662.11,0,0,-1,0,-121.03,746,68,1894
33592,3581.66,0,0,0,0,36.28,746,68,1894
33642,3617.94,0,0,0,0,-37.14,746,68,1894
33692,3571.43,0,0,0,0,47.39,746,68,1894
33742,3608.37,0,0,0,0,38.68,746,68,1894
33792,3571.43,0,0,0,0,47.39,746,68,1894
33842,3608.37,0,0,0,0,47.39,746,68,1894
33892,3545.26,0,0,1,0,42.40,746,69,1894
33942,3619.69,0,0,0,0,-86.95,746,70,1894
33992,3576.54,0,0,0,0,31.83,746,70,1894
34042,3617.94,0,0,0,0,-36.28,746,70,1894
34092,3581.66,0,0,0,0,37.16,746,70,1894
34142,3624.06,0,0,0,0,-31.25,746,70,1894
34192,3581.66,0,0,0,0,33.67,746,70,1894
34242,3608.37,0,0,0,0,42.06,746,70,1894
34292,3568.03,0,0,0,0,39.47,746,70,1894
34342,3618.82,0,0,0,0,-42.28,746,70,1894
34392,3566.33,0,0,0,0,42.91,746,70,1894
34442,3608.37,0,0,0,0,24.87,746,70,1894
34492,3585.09,0,0,0,0,23.29,746,70,1894
34542,3607.50,0,0,0,0,41.25,746,70,1894
34592,3557.03,0,0,1,0,39.23,746,71,1894
34642,3608.37,0,0,0,0,32.55,746,71,1894
34692,3617.94,0,0,0,0,-53.31,746,71,1894
34742,3545.26,0,0,1,0,306.82,752,72,1926
34792,3545.26,0,0,1,0,303.85,757,73,1954
34842,3545.26,0,0,1,0,303.85,762,74,1981
34892,3597.12,0,-2,0,0,-348.37,766,74,1981
34942,3563.79,0,0,0,0,185.27,769,74,1984
34992,3619.69,0,0,0,0,78.53,771,74,1991
35042,3591.09,0,0,0,0,-52.03,771,74,1991
35092,3627.57,0,0,0,0,-39.05,771,74,1991
35142,3570.58,0,0,0,0,54.36,771,74,1991
35192,3607.50,0,0,0,0,37.08,771,74,1991
35243,3575.69,0,0,0,0,32.69,771,74,1991
35293,3617.94,0,0,0,0,-46.52,771,74,1991
35343,3576.54,0,0,0,0,32.70,771,74,1991
35393,3608.37,0,0,0,0,43.98,771,74,1991
35443,3568.03,0,0,0,0,36.87,771,74,1991
35493,3618.82,0,0,0,0,-38.01,771,74,1991
35543,3582.52,0,0,0,0,45.05,771,74,1991
35593,3618.82,0,0,0,0,-38.01,771,74,1991
35643,3571.43,0,0,0,0,47.39,771,74,1991
35693,3617.94,0,0,0,0,-45.67,771,74,1991
35743,3581.66,0,0,0,0,37.16,771,74,1991
35793,3617.94,0,0,0,0,-35.43,771,74,1991
35843,3568.88,0,0,0,0,39.49,771,74,1991
35893,3597.98,0,0,0,0,41.21,771,74,1991
35943,3556.19,0,0,1,0,41.80,771,75,1991
35993,3607.50,0,0,0,0,28.18,771,75,1991
36043,3576.54,0,0,0,0,30.10,771,75,1991
36093,3607.50,0,0,0,0,29.32,771,75,1991
36143,3568.03,0,0,0,0,40.34,771,75,1991
36193,3597.98,0,0,0,0,32.70,771,75,1991
36243,3567.18,0,0,0,0,40.32,771,75,1991
36293,3608.37,0,0,0,0,40.36,771,75,1991
36343,3579.95,0,0,0,0,38.87,771,75,1991
36393,3607.50,0,0,0,0,39.76,771,75,1991
36443,3576.54,0,0,0,0,30.97,771,75,1991
36493,3608.37,0,0,0,0,33.55,771,75,1991
36543,3571.43,0,0,0,0,47.39,771,75,1991
36593,3629.32,0,0,0,0,-52.79,771,75,1991
36643,3581.66,0,0,0,0,36.28,771,75,1991
36694,3616.20,0,0,0,0,-25.11,771,75,1991
36744,3581.66,0,0,0,0,47.66,771,75,1991
36794,3618.82,0,0,0,0,-48.24,771,75,1991
36844,3582.52,0,0,0,0,45.93,771,75,1991
36894,3597.98,0,0,0,0,25.87,771,75,1991
36944,3576.54,0,0,0,0,30.97,771,75,1991
36994,3597.98,0,0,0,0,39.49,771,75,1991
37044,3563.79,0,0,0,0,33.33,771,75,1991
37094,3597.12,0,0,0,0,34.21,771,75,1991
37144,3559.56,0,0,1,0,47.07,771,76,1991
37194,3617.94,0,0,0,0,-46.52,771,76,1991
37244,3581.66,0,0,0,0,36.28,771,76,1991
37294,3628.45,0,0,0,0,-46.79,771,76,1991
37344,3581.66,0,0,0,0,37.16,771,76,1991
37394,3607.50,0,0,0,0,37.16,771,76,1991
37444,3576.54,0,0,0,0,30.97,771,76,1991
37494,3608.37,0,0,0,0,47.39,771,76,1991
37544,3575.69,0,0,0,0,31.82,771,76,1991
37594,3606.64,0,0,0,0,41.21,771,76,1991
37644,3563.79,0,0,0,0,33.33,771,76,1991
37694,3597.12,0,0,0,0,34.21,771,76,1991
37744,3571.43,0,0,0,0,47.39,771,76,1991
37794,3608.37,0,0,0,0,38.03,771,76,1991
37844,3585.09,0,0,0,0,22.42,771,76,1991
37894,3618.82,0,0,0,0,-33.73,771,76,1991
37944,3581.66,0,0,0,0,37.16,771,76,1991
37994,3608.37,0,0,0,0,47.39,771,76,1991
38044,3574.83,0,0,0,0,33.54,771,76,1991
38094,3606.64,0,0,0,0,49.14,771,76,1991
38144,3607.50,0,0,0,0,24.97,771,76,1991
38195,3805.17,-16,-2,0,-15,-260.75,782,77,2066
38245,3577.39,0,0,0,0,185.78,785,77,2066
38295,3606.64,0,0,0,0,35.41,785,77,2066
38345,3580.81,0,0,0,0,37.14,785,77,2066
38395,3606.64,0,0,0,0,38.03,785,77,2066
38445,3618.82,0,0,0,0,-52.48,785,77,2066
38495,3546.10,0,0,1,0,403.35,794,78,2134
38545,3544.42,0,0,1,0,475.95,802,79,2192
38595,3546.10,0,0,1,0,402.31,809,80,2247
38645,3544.42,0,0,1,0,433.30,816,81,2288
38695,3544.42,0,0,1,0,440.70,824,82,2342
38745,3546.10,0,0,1,0,387.81,831,83,2390
38795,3624.94,0,0,0,0,47.03,831,83,2390
38845,3623.19,0,0,0,0,75.95,833,83,2395
38895,3576.54,0,0,0,0,154.81,835,83,2399
38945,3614.46,0,0,0,0,106.70,837,83,2405
38995,3562.95,0,0,0,0,168.40,839,83,2411
39045,3604.90,0,0,-1,0,-137.08,840,84,2411
39095,3576.54,0,0,0,0,24.90,840,84,2411
39145,3618.82,0,0,0,0,-38.01,840,84,2411
39195,3640.78,0,0,-1,0,-83.75,840,86,2411
39245,3618.82,0,0,0,0,-29.44,840,86,2411
39296,3581.66,0,0,0,0,36.28,840,86,2411
39346,3618.82,0,0,0,0,-34.59,840,86,2411
39396,3581.66,0,0,0,0,38.03,840,86,2411
39446,3618.82,0,0,0,0,-32.87,840,86,2411
39496,3591.95,0,0,0,0,-31.16,840,86,2411
39546,3617.94,0,0,0,0,-28.57,840,86,2411
39596,3591.09,0,0,0,0,-36.28,840,86,2411
39646,3608.37,0,0,0,0,38.88,840,86,2411
39696,3576.54,0,0,0,0,31.83,840,86,2411
39746,3608.37,0,0,0,0,39.49,840,86,2411
39796,3575.69,0,0,0,0,32.69,840,86,2411
39846,3618.82,0,0,0,0,-42.28,840,86,2411
39896,3580.81,0,0,0,0,48.52,840,86,2411
39946,3617.94,0,0,0,0,-36.28,840,86,2411
39996,3577.39,0,0,0,0,30.98,840,86,2411
40046,3607.50,0,0,0,0,39.55,840,86,2411
40096,3567.18,0,0,0,0,41.19,840,86,2411
40146,3608.37,0,0,0,0,39.53,840,86,2411
40196,3576.54,0,0,0,0,30.97,840,86,2411
40246,3608.37,0,0,0,0,40.38,840,86,2411
40296,3581.66,0,0,0,0,36.28,840,86,2411
40346,3624.94,0,0,0,0,-32.99,840,86,2411
40396,3581.66,0,0,0,0,46.79,840,86,2411
40446,3615.33,0,0,0,0,-25.09,840,86,2411
40496,3591.95,0,0,0,0,-35.41,840,86,2411
40546,3618.82,0,0,0,0,-38.87,840,86,2411
40596,3581.66,0,0,0,0,35.41,840,86,2411
40646,3629.32,0,0,0,0,-48.52,840,86,2411
40696,3581.66,0,0,0,0,36.28,840,86,2411
40747,3618.82,0,0,0,0,-49.09,840,86,2411
40797,3570.58,0,0,0,0,36.06,840,86,2411
40847,3608.37,0,0,0,0,40.40,840,86,2411
40897,3571.43,0,0,0,0,46.52,840,86,2411
40947,3628.45,0,0,0,0,-46.79,840,86,2411
40997,3581.66,0,0,0,0,37.16,840,86,2411
41047,3607.50,0,0,0,0,37.16,840,86,2411
41097,3557.03,0,0,1,0,40.09,840,87,2411
41147,3599.71,0,0,1,0,37.49,840,88,2411
41197,3578.24,0,0,0,0,28.39,840,88,2411
41247,3618.82,0,0,0,0,-38.87,840,88,2411
41297,3582.52,0,0,0,0,45.05,840,88,2411
41347,3624.06,0,0,0,0,-32.97,840,88,2411
41397,3581.66,0,0,0,0,35.41,840,88,2411
41447,3607.50,0,0,0,0,25.01,840,88,2411
41497,3576.54,0,0,0,0,30.10,840,88,2411
41547,3599.71,0,0,1,0,41.01,840,89,2411
41597,3577.39,0,0,0,0,30.98,840,89,2411
41647,3618.82,0,0,0,0,-37.16,840,89,2411
41697,3580.81,0,0,0,0,38.01,840,89,2411
41747,3617.94,0,0,0,0,-35.43,840,89,2411
41797,3579.95,0,0,0,0,38.87,840,89,2411
41847,3617.94,0,0,0,0,-36.28,840,89,2411
41897,3570.58,0,0,0,0,48.24,840,89,2411
41947,3606.64,0,0,0,0,27.59,840,89,2411
41997,3579.95,0,0,0,0,38.87,840,89,2411
42047,3606.64,0,0,0,0,28.45,840,89,2411
42097,3574.83,0,0,0,0,33.54,840,89,2411
42147,3597.98,0,0,0,0,41.25,840,89,2411
42198,3560.41,0,0,0,0,46.23,840,89,2411
42248,3607.50,0,0,0,0,47.10,840,89,2411
42298,3567.18,0,0,0,0,41.19,840,89,2411
42348,3597.98,0,0,1,0,42.68,840,90,2411
42398,3562.10,0,0,0,0,44.54,840,90,2411
42448,3597.12,0,0,0,0,25.74,840,90,2411
42498,3568.88,0,0,0,0,39.49,840,90,2411
42548,3607.50,0,0,0,0,38.03,840,90,2411
42598,3581.66,0,0,0,0,37.16,840,90,2411
42648,3618.82,0,0,0,0,-47.39,840,90,2411
42698,3571.43,0,0,0,0,47.39,840,90,2411
42748,3618.82,0,0,0,0,-37.16,840,90,2411
42798,3618.82,0,0,0,0,-41.43,840,90,2411
42848,3545.26,0,0,1,0,330.71,846,91,2446
42898,3545.26,0,0,1,0,303.85,851,92,2475
42948,3545.26,0,0,1,0,327.71,856,93,2504
42998,3546.10,0,0,1,0,303.02,861,94,2531
43048,3545.26,0,0,1,0,303.85,866,95,2556
43098,3544.42,0,0,1,0,293.86,871,96,2583
43148,3571.43,0,0,0,0,43.90,871,97,2583
43198,3607.50,0,0,0,0,26.56,871,97,2583
43248,3577.39,0,0,0,0,98.18,872,97,2588
43298,3608.37,0,0,0,0,28.30,872,97,2588
43348,3571.43,0,0,0,0,41.29,872,97,2588
43398,3618.82,0,0,0,0,-43.13,872,97,2588
43448,3576.54,0,0,0,0,30.97,872,97,2588
43498,3608.37,0,0,0,0,30.16,872,97,2588
43548,3581.66,0,0,0,0,36.28,872,97,2588
43598,3618.82,0,0,0,0,-37.16,872,97,2588
43648,3585.09,0,0,0,0,22.42,872,97,2588
43698,3616.20,0,0,0,0,-22.53,872,97,2588
43748,3581.66,0,0,0,0,37.16,872,97,2588
43798,3618.82,0,0,0,0,-42.28,872,97,2588
43848,3576.54,0,0,0,0,31.83,872,97,2588
43898,3607.50,0,0,0,0,32.70,872,97,2588
43948,3575.69,0,0,0,0,32.69,872,97,2588
43998,3617.94,0,0,0,0,-41.41,872,97,2588
44048,3575.69,0,0,0,0,31.82,872,97,2588
44098,3617.07,0,0,0,0,-45.64,872,97,2588
44148,3580.81,0,0,0,0,38.01,872,97,2588
44198,3629.32,0,0,0,0,-49.37,872,97,2588
44248,3583.37,0,0,0,0,25.00,872,97,2588
44298,3608.37,0,0,0,0,27.47,872,97,2588
44348,3568.03,0,0,0,0,38.61,872,97,2588
44398,3607.50,0,0,0,0,32.55,872,97,2588
44448,3563.79,0,0,0,0,35.92,872,98,2588
44498,3589.38,0,0,0,0,-33.19,872,99,2588
44548,3565.49,0,0,0,0,33.36,872,100,2588
44598,3607.50,0,0,0,0,46.23,872,100,2588
44648,3567.18,0,0,0,0,41.19,872,100,2588
44698,3606.64,0,0,0,0,39.49,872,100,2588
44748,3584.23,0,0,0,0,24.14,872,100,2588
44798,3608.37,0,0,0,0,25.71,872,100,2588
44848,3576.54,0,0,0,0,31.83,872,100,2588
44898,3618.82,0,0,0,0,-38.01,872,100,2588
44948,3571.43,0,0,0,0,46.52,872,100,2588
44998,3617.94,0,0,0,0,-47.37,872,100,2588
45048,3581.66,0,0,0,0,37.16,872,100,2588
45099,3618.82,0,0,0,0,-33.73,872,100,2588
45149,3573.98,0,0,0,0,24.00,872,100,2588
45199,3597.98,0,0,0,0,38.68,872,100,2588
45249,3572.28,0,0,0,0,25.71,872,100,2588
45299,3608.37,0,0,0,0,39.49,872,100,2588
45349,3573.98,0,0,0,0,23.14,872,100,2588
45399,3597.12,0,0,0,0,42.06,872,100,2588
45449,3566.33,0,0,0,0,32.51,872,101,2588
45499,3608.37,0,0,0,0,30.10,872,101,2588
45549,3575.69,0,0,0,0,32.69,872,101,2588
45599,3589.38,0,0,0,0,-31.50,872,102,2588
45649,3565.49,0,0,0,0,34.23,872,103,2588
45699,3597.98,0,0,0,0,36.89,872,103,2588
45749,3617.94,0,0,0,0,-49.91,872,103,2588
45799,3545.26,0,0,1,0,402.11,881,104,2661
45849,3543.59,0,0,1,0,569.38,890,105,2726
45899,3546.10,0,0,1,0,401.27,898,106,2786
45949,3544.42,0,0,1,0,548.35,907,107,2835
45999,3546.10,0,0,1,0,401.27,915,108,2896
46049,3617.94,0,0,0,0,139.57,917,108,2896
46099,3566.33,0,0,0,0,196.84,921,108,2896
46149,3609.24,0,-1,0,-7,-243.07,923,108,2903
46199,3568.03,0,0,0,0,125.64,925,108,2910
46249,3612.72,0,0,0,0,26.29,925,109,2910
46299,3568.03,0,0,0,0,39.47,925,109,2910
46349,3596.26,0,0,0,0,22.99,925,109,2910
46399,3573.13,0,0,0,0,26.58,925,110,2910
46449,3598.85,0,0,0,0,24.85,925,110,2910
46499,3568.03,0,0,0,0,40.34,925,110,2910
46550,3617.94,0,0,0,0,-36.28,925,110,2910
46600,3581.66,0,0,0,0,37.16,925,110,2910
46650,3617.94,0,0,0,0,-36.28,925,110,2910
46700,3565.49,0,0,0,0,32.50,925,110,2910
46750,3605.77,0,0,0,0,30.79,925,110,2910
46800,3567.18,0,0,0,0,40.32,925,110,2910
46850,3607.50,0,0,0,0,32.69,925,110,2910
46900,3576.54,0,0,0,0,30.10,925,110,2910
46950,3608.37,0,0,0,0,33.55,925,110,2910
47000,3576.54,0,0,0,0,31.83,925,110,2910
47050,3618.82,0,0,0,0,-47.39,925,110,2910
47100,3571.43,0,0,0,0,47.39,925,110,2910
47150,3608.37,0,0,0,0,46.52,925,110,2910
47200,3564.64,0,0,0,0,33.35,925,110,2910
47250,3608.37,0,0,0,0,32.50,925,110,2910
47300,3584.23,0,0,0,0,23.27,925,110,2910
47350,3618.82,0,0,0,0,-38.87,925,110,2910
47400,3571.43,0,0,0,0,45.64,925,110,2910
47450,3597.98,0,0,0,0,32.69,925,110,2910
47500,3565.49,0,0,0,0,32.50,925,110,2910
47550,3596.26,0,0,0,0,32.50,925,110,2910
47600,3564.64,0,0,0,0,33.35,925,110,2910
47650,3597.98,0,0,0,0,32.48,925,110,2910
47700,3565.49,0,0,0,0,34.23,925,111,2910
47750,3607.50,0,0,0,0,29.23,925,111,2910
47800,3580.81,0,0,0,0,17.18,925,111,2910
47850,3617.07,0,0,0,0,-40.53,925,111,2910
47900,3575.69,0,0,0,0,32.69,925,111,2910
47950,3618.82,0,0,0,0,-48.24,925,111,2910
48000,3568.03,0,0,0,0,39.47,925,111,2910
48050,3618.82,0,0,0,0,-48.24,925,111,2910
48100,3571.43,0,0,0,0,47.39,925,111,2910
48150,3618.82,0,0,0,0,-42.28,925,111,2910
48200,3568.03,0,0,0,0,39.47,925,111,2910
48250,3605.77,0,0,0,0,31.65,925,111,2910
48300,3574.83,0,0,0,0,33.54,925,111,2910
48350,3607.50,0,0,0,0,32.70,925,111,2910
48400,3576.54,0,0,0,0,30.10,925,111,2910
48450,3618.82,0,0,0,0,-35.44,925,111,2910
48500,3560.41,0,0,0,0,46.23,925,111,2910
48550,3588.52,0,0,0,0,-41.58,925,112,2910
48600,3589.38,0,0,0,0,-35.72,925,113,2910
48650,3545.26,0,0,1,0,402.11,933,114,2974
48700,3545.26,0,0,1,0,334.72,939,115,3019
48750,3544.42,0,0,1,0,302.72,944,116,3048
48800,3610.11,0,0,0,0,179.68,948,116,3048
48850,3563.79,0,0,0,0,188.08,951,116,3051
48900,4012.84,0,-5,0,0,24024.54,1274,117,15242
48950,3560.41,0,0,0,0,42.76,1274,118,15242
49000,3598.85,0,0,1,0,22.95,1274,119,15242
49050,3573.98,0,0,0,0,22.28,1274,119,15242
49100,3607.50,0,0,0,0,30.95,1274,119,15242
49150,3576.54,0,0,0,0,30.97,1274,119,15242
49200,3618.82,0,0,0,0,-47.39,1274,119,15242
49250,3580.81,0,0,0,0,38.01,1274,119,15242
49300,3618.82,0,0,0,0,-37.16,1274,119,15242
49350,3571.43,0,0,0,0,47.39,1274,119,15242
49400,3618.82,0,0,0,0,-47.39,1274,119,15242
49451,3575.69,0,0,0,0,31.82,1274,119,15242
49501,3617.94,0,0,0,0,-46.52,1274,119,15242
49551,3569.73,0,0,0,0,49.09,1274,119,15242
49601,3597.98,0,0,0,0,39.47,1274,119,15242
49651,3560.41,0,0,0,0,46.23,1274,119,15242
49701,3608.37,0,0,0,0,32.67,1274,119,15242
49751,3568.03,0,0,0,0,40.34,1274,119,15242
49801,3608.37,0,0,0,0,29.23,1274,119,15242
49851,3574.83,0,0,0,0,32.67,1274,119,15242
49901,3617.07,0,0,0,0,-45.64,1274,119,15242
49951,3575.69,0,0,0,0,32.69,1274,119,15242
50001,3596.26,0,0,0,0,29.23,1274,119,15242
50051,3568.03,0,0,0,0,38.61,1274,119,15242
50101,3598.85,0,0,1,0,41.80,1274,120,15242
50151,3564.64,0,0,0,0,32.48,1274,120,15242
50201,3597.98,0,0,1,0,46.21,1274,121,15242
50251,3568.03,0,0,0,0,38.61,1274,121,15242
50301,3608.37,0,0,0,0,39.45,1274,121,15242
50351,3568.03,0,0,0,0,39.47,1274,121,15242
50401,3608.37,0,0,0,0,29.23,1274,121,15242
50451,3567.18,0,0,0,0,40.32,1274,121,15242
50501,3597.12,0,0,0,0,45.64,1274,121,15242
50551,3567.18,0,0,0,0,41.19,1274,121,15242
50601,3599.71,0,0,1,0,47.62,1274,122,15242
50651,3565.49,0,0,0,0,23.89,1274,123,15242
50701,3606.64,0,0,0,0,29.23,1274,123,15242
50751,3569.73,0,0,0,0,49.09,1274,123,15242
50801,3597.98,0,0,0,0,32.48,1274,123,15242
50851,3576.54,0,0,0,0,30.10,1274,123,15242
50902,3608.37,0,0,0,0,40.32,1274,123,15242
50952,3576.54,0,0,0,0,30.97,1274,123,15242
51002,3618.82,0,0,0,0,-42.28,1274,123,15242
51052,3574.83,0,0,0,0,32.67,1274,123,15242
51102,3596.26,0,0,0,0,30.08,1274,123,15242
51152,3573.98,0,0,0,0,22.28,1274,123,15242
51202,3607.50,0,0,0,0,39.45,1274,123,15242
51252,3568.03,0,0,0,0,40.34,1274,123,15242
51302,3597.98,0,0,0,0,30.10,1274,123,15242
51352,3597.12,0,0,0,0,28.26,1274,123,15242
51402,3545.26,0,0,1,0,401.07,1283,124,15304
51452,3546.10,0,0,1,0,457.10,1291,125,15354
51502,3545.26,0,0,1,0,400.03,1298,126,15405
51552,3615.33,0,0,0,0,53.95,1298,128,15405
51602,3573.98,0,0,0,0,89.02,1299,129,15405
51652,3612.72,0,0,0,0,4.36,1299,129,15405
51702,3561.25,0,0,0,0,58.44,1299,129,15405
51752,3608.37,0,0,0,0,29.27,1299,129,15405
51802,3567.18,0,0,0,0,35.99,1299,130,15405
51852,3607.50,0,0,0,0,27.41,1299,130,15405
51902,3565.49,0,0,0,0,31.64,1299,130,15405
51952,3597.98,0,0,0,0,29.05,1299,130,15405
52002,3555.34,0,0,1,0,31.46,1299,131,15405
52052,3589.38,0,0,0,0,-30.66,1299,132,15405
52102,3565.49,0,0,0,0,33.36,1299,132,15405
52152,3597.98,0,0,1,0,36.66,1299,133,15405
52202,3555.34,0,0,1,0,32.31,1299,134,15405
52252,3607.50,0,0,0,0,33.35,1299,134,15405
52302,3560.41,0,0,0,0,47.10,1299,134,15405
52352,3610.11,0,0,0,0,-50.55,1299,135,15405
52402,3558.72,0,0,1,0,49.65,1299,136,15405
52452,3597.98,0,0,0,0,41.19,1299,136,15405
52502,3607.50,0,0,0,0,-5.96,1299,136,15405
52552,3608.37,0,0,0,0,42.91,1299,136,15405
52602,3560.41,0,0,0,0,47.10,1299,136,15405
52652,3598.85,0,0,1,0,45.34,1299,137,15405
52702,3559.56,0,0,1,0,50.55,1299,139,15405
52752,3597.12,0,0,0,0,33.35,1299,139,15405
52802,3565.49,0,0,0,0,34.23,1299,140,15405
52852,3596.26,0,0,0,0,43.63,1299,140,15405
52902,3558.72,0,0,1,0,49.65,1299,141,15405
52952,3597.98,0,0,0,0,33.35,1299,141,15405
53002,3566.33,0,0,0,0,31.65,1299,141,15405
53052,3596.26,0,0,0,0,27.34,1299,141,15405
53102,3573.13,0,0,0,0,26.58,1299,142,15405
53152,3597.12,0,0,0,0,32.47,1299,142,15405
53202,3568.03,0,0,0,0,40.34,1299,142,15405
53252,3607.50,0,0,0,0,36.89,1299,142,15405
53302,3556.19,0,0,1,0,41.80,1299,143,15405
53352,3610.11,0,0,0,0,-53.92,1299,144,15405
53402,3565.49,0,0,0,0,31.64,1299,144,15405
53452,3607.50,0,0,0,0,42.18,1299,144,15405
53502,3572.28,0,0,0,0,25.71,1299,144,15405
53552,3571.43,0,0,0,0,44.77,1299,144,15405
53602,3543.59,0,0,1,0,309.48,1305,145,15437
53652,3543.59,0,0,1,0,327.38,1310,146,15467
53702,3426.22,0,2,0,0,398.36,1316,146,15493
53752,3570.58,0,0,0,0,231.70,1318,146,15507
53803,3608.37,0,-1,0,-4,-301.72,1320,146,15511
53853,3558.72,0,0,1,0,186.60,1323,147,15515
53903,3594.54,0,0,-1,0,-143.39,1324,148,15515
53953,3560.41,0,0,0,0,54.05,1324,149,15515
54003,3607.50,0,0,0,0,27.55,1324,149,15515
54053,3579.95,0,0,0,0,31.89,1324,149,15515
54103,3606.64,0,0,0,0,19.81,1324,149,15515
54153,3580.81,0,0,0,0,47.64,1324,149,15515
54203,3608.37,0,0,0,0,44.07,1324,149,15515
54253,3571.43,0,0,0,0,47.39,1324,149,15515
54303,3607.50,0,0,0,0,30.08,1324,149,15515
54353,3560.41,0,0,0,0,47.96,1324,149,15515
54403,3597.12,0,0,0,0,52.36,1324,149,15515
54453,3567.18,0,0,0,0,41.19,1324,149,15515
54503,3606.64,0,0,0,0,36.89,1324,149,15515
54553,3566.33,0,0,0,0,29.93,1324,149,15515
54603,3608.37,0,0,0,0,37.72,1324,149,15515
54653,3571.43,0,0,0,0,47.39,1324,149,15515
54703,3608.37,0,0,0,0,28.36,1324,149,15515
54753,3571.43,0,0,0,0,46.52,1324,149,15515
54803,3606.64,0,0,0,0,36.89,1324,149,15515
54853,3570.58,0,0,0,0,47.37,1324,149,15515
54903,3579.10,0,0,0,0,-33.00,1324,150,15515
54953,3556.19,0,0,1,0,33.19,1324,152,15515
55003,3597.12,0,0,0,0,31.64,1324,152,15515
55053,3568.03,0,0,0,0,38.61,1324,152,15515
55103,3608.37,0,0,0,0,30.95,1324,152,15515
55153,3568.88,0,0,0,0,38.62,1324,152,15515
55203,3587.66,0,0,0,0,-38.20,1324,153,15515
55254,3557.87,0,0,1,0,40.11,1324,155,15515
55304,3597.12,0,0,0,0,31.64,1324,155,15515
55354,3567.18,0,0,0,0,41.19,1324,155,15515
55404,3617.07,0,0,0,0,-40.53,1324,155,15515
55454,3579.95,0,0,0,0,38.87,1324,155,15515
55504,3606.64,0,0,0,0,35.41,1324,155,15515
55554,3573.98,0,0,0,0,24.00,1324,155,15515
55604,3608.37,0,0,0,0,32.69,1324,155,15515
55654,3576.54,0,0,0,0,30.97,1324,155,15515
55704,3608.37,0,0,0,0,30.08,1324,155,15515
55754,3568.88,0,0,0,0,39.49,1324,155,15515
55804,3607.50,0,0,0,0,44.77,1324,155,15515
55854,3567.18,0,0,0,0,40.32,1324,155,15515
55904,3596.26,0,0,0,0,45.36,1324,155,15515
55954,3560.41,0,0,0,0,45.36,1324,155,15515
56004,3597.98,0,0,0,0,30.94,1324,155,15515
56054,3565.49,0,0,0,0,32.50,1324,155,15515
56104,3606.64,0,0,0,0,38.61,1324,155,15515
56154,3608.37,0,0,0,0,31.80,1324,155,15515
56204,3546.10,0,0,1,0,401.27,1333,156,15576
56254,3544.42,0,0,1,0,512.92,1341,157,15636
56304,3546.10,0,0,1,0,401.27,1349,158,15694
56354,3544.42,0,0,1,0,457.71,1357,159,15733
56404,3546.10,0,0,1,0,400.23,1364,160,15784
56454,3546.10,0,0,1,0,366.26,1371,161,15821
56504,3563.79,0,0,0,0,94.74,1371,162,15821
56554,3596.26,0,0,0,0,23.88,1371,162,15821
56604,3566.33,0,0,0,0,35.11,1371,162,15821
56654,3597.98,0,0,0,0,29.95,1371,162,15821
56704,3549.46,0,0,1,0,44.22,1371,163,15821
56754,3598.85,0,0,1,0,45.94,1371,164,15821
56804,3573.98,0,0,0,0,22.28,1371,164,15821
56854,3597.98,0,0,0,0,39.45,1371,164,15821
56904,3560.41,0,0,0,0,47.96,1371,164,15821
56954,3585.94,0,0,0,0,-23.00,1371,164,15821
57004,3564.64,0,0,0,0,35.07,1371,165,15821
57054,3597.12,0,0,0,0,31.62,1371,165,15821
57104,3566.33,0,0,0,0,30.79,1371,165,15821
57154,3606.64,0,0,0,0,36.89,1371,165,15821
57204,3575.69,0,0,0,0,31.82,1371,165,15821
57254,3608.37,0,0,0,0,30.94,1371,165,15821
57304,3568.03,0,0,0,0,38.61,1371,165,15821
57354,3607.50,0,0,0,0,23.14,1371,165,15821
57404,3576.54,0,0,0,0,30.97,1371,165,15821
57454,3608.37,0,0,0,0,28.36,1371,165,15821
57504,3576.54,0,0,0,0,30.97,1371,165,15821
57554,3606.64,0,0,0,0,37.74,1371,165,15821
57604,3584.23,0,0,0,0,24.14,1371,165,15821
57654,3617.07,0,0,0,0,-31.99,1371,165,15821
57704,3580.81,0,0,0,0,38.01,1371,165,15821
57754,3617.94,0,0,0,0,-35.43,1371,165,15821
57804,3573.98,0,0,0,0,24.00,1371,165,15821
57854,3597.12,0,0,0,0,34.21,1371,165,15821
57904,3566.33,0,0,0,0,31.65,1371,165,15821
57954,3607.50,0,0,0,0,36.01,1371,165,15821
58004,3572.28,0,0,0,0,25.71,1371,165,15821
58054,3617.94,0,0,0,0,-51.61,1371,165,15821
58104,3576.54,0,0,0,0,30.97,1371,165,15821
58155,3587.66,0,0,0,0,-13.68,1371,165,15821
58205,3559.56,0,0,1,0,48.81,1371,166,15821
58255,3618.82,0,0,0,0,-50.79,1371,166,15821
58305,3575.69,0,0,0,0,32.69,1371,166,15821
58355,3617.07,0,0,0,0,-31.99,1371,166,15821
58405,3570.58,0,0,0,0,48.24,1371,166,15821
58455,3618.82,0,0,0,0,-43.13,1371,166,15821
58505,3571.43,0,0,0,0,47.39,1371,166,15821
58555,3608.37,0,0,0,0,46.49,1371,166,15821
58605,3568.88,0,0,0,0,37.76,1371,166,15821
58655,3589.38,0,0,0,0,-31.50,1371,167,15821
58705,3575.69,0,0,0,0,31.82,1371,167,15821
58755,3568.03,0,0,0,0,37.74,1371,167,15821
58805,3545.26,0,0,1,0,402.11,1379,168,15885
58855,3544.42,0,0,1,0,460.92,1387,169,15938
58905,3545.26,0,0,1,0,401.07,1394,170,15992
58955,3554.50,0,0,1,0,380.44,1401,171,16028
59005,3545.26,0,0,1,0,340.75,1407,172,16061
59055,3546.10,0,0,1,0,347.98,1412,173,16093
59105,3610.11,0,0,0,0,-1.74,1412,173,16093
59155,3567.18,0,0,0,0,41.19,1412,173,16093
59205,3606.64,0,0,0,0,43.07,1412,173,16093
59255,3574.83,0,0,0,0,27.47,1412,173,16093
59305,3617.94,0,0,0,0,-43.96,1412,173,16093
59355,3583.37,0,0,0,0,31.96,1412,173,16093
59405,3608.37,0,0,0,0,30.07,1412,173,16093
59455,3557.03,0,0,1,0,30.63,1412,174,16093
59505,3598.85,0,0,1,0,55.53,1412,175,16093
59555,3546.94,0,0,1,0,40.72,1412,177,16093
59606,3599.71,0,0,1,0,40.95,1412,178,16093
59656,3564.64,0,0,0,0,33.35,1412,178,16093
59706,3599.71,0,0,1,0,38.37,1412,179,16093
59756,3573.98,0,0,0,0,22.28,1412,179,16093
59806,3607.50,0,0,0,0,32.48,1412,179,16093
59856,3572.28,0,0,0,0,25.71,1412,179,16093
59906,3618.82,0,0,0,0,-47.39,1412,179,16093
59956,3572.28,0,0,0,0,25.71,1412,179,16093
60006,3606.64,0,0,0,0,44.77,1412,179,16093
60056,3577.39,0,0,0,0,30.98,1412,179,16093
60106,3618.82,0,0,0,0,-48.24,1412,179,16093
60156,3582.52,0,0,0,0,34.56,1412,179,16093
60206,3597.98,0,0,0,0,37.72,1412,179,16093
60256,3559.56,0,0,1,0,47.94,1412,180,16093
60306,3596.26,0,0,0,0,39.47,1412,180,16093
60356,3556.19,0,0,1,0,30.61,1412,181,16093
60406,3599.71,0,0,1,0,40.93,1412,182,16093
60456,3560.41,0,0,0,0,47.10,1412,182,16093
60506,3606.64,0,0,0,0,38.61,1412,182,16093
60556,3571.43,0,0,0,0,26.56,1412,182,16093
60606,3608.37,0,0,0,0,23.98,1412,182,16093
60656,3576.54,0,0,0,0,30.10,1412,182,16093
60706,3618.82,0,0,0,0,-51.64,1412,182,16093
60756,3576.54,0,0,0,0,31.83,1412,182,16093
60806,3608.37,0,0,0,0,37.74,1412,182,16093
60856,3559.56,0,0,1,0,59.25,1412,183,16093
60906,3599.71,0,0,1,0,51.07,1412,184,16093
60956,3553.66,0,0,1,0,44.32,1412,186,16093
61006,3597.98,0,0,1,0,28.91,1412,187,16093
61056,3546.94,0,0,1,0,41.58,1412,189,16093
61106,3597.98,0,0,0,0,21.32,1412,189,16093
61156,3608.37,0,0,0,0,36.73,1412,189,16093
61206,3545.26,0,0,1,0,402.11,1421,190,16157
61256,3544.42,0,0,1,0,566.29,1430,191,16222
61306,3546.10,0,0,1,0,401.27,1438,192,16282
61356,3544.42,0,0,1,0,494.35,1446,193,16326
61406,3543.59,0,0,1,0,315.43,1451,194,16355
61456,3610.11,0,0,0,0,108.29,1453,194,16362
61506,3568.03,0,0,0,0,116.57,1455,194,16369
61556,3602.31,0,0,0,0,-78.92,1455,195,16369
61606,3571.43,0,0,0,0,44.77,1455,195,16369
61656,3617.94,0,0,0,0,-36.28,1455,195,16369
61706,3570.58,0,0,0,0,39.53,1455,195,16369
61756,3617.94,0,0,0,0,-32.86,1455,195,16369
61806,3591.95,0,0,0,0,-34.61,1455,195,16369
61856,3629.32,0,0,0,0,-50.23,1455,195,16369
61906,3581.66,0,0,0,0,46.79,1455,195,16369
61956,3617.94,0,0,0,0,-36.28,1455,195,16369
62006,3567.18,0,0,0,0,40.32,1455,195,16369
62056,3596.26,0,0,0,0,36.89,1455,195,16369
62106,3565.49,0,0,0,0,30.77,1455,195,16369
62156,3597.98,0,0,0,0,31.80,1455,195,16369
62206,3571.43,0,0,0,0,48.26,1455,195,16369
62256,3607.50,0,0,0,0,29.22,1455,195,16369
62306,3563.79,0,0,0,0,33.33,1455,195,16369
62356,3589.38,0,0,0,0,-39.08,1455,196,16369
62406,3546.10,0,0,1,0,22.78,1455,198,16369
62456,3589.38,0,0,0,0,-43.28,1455,199,16369
62507,3546.94,0,0,1,0,42.44,1455,201,16369
62557,3605.77,0,0,0,0,31.65,1455,201,16369
62607,3573.13,0,0,0,0,24.85,1455,201,16369
62657,3608.37,0,0,0,0,38.59,1455,201,16369
62707,3561.25,0,0,0,0,48.85,1455,202,16369
62757,3610.11,0,0,0,0,-50.55,1455,203,16369
62807,3564.64,0,0,0,0,33.35,1455,203,16369
62857,3597.12,0,0,0,0,30.76,1455,203,16369
62907,3549.46,0,0,1,0,47.67,1455,204,16369
62957,3598.85,0,0,1,0,37.52,1455,205,16369
63007,3558.72,0,0,1,0,49.65,1455,206,16369
63057,3607.50,0,0,0,0,33.35,1455,206,16369
63107,3568.88,0,0,0,0,36.89,1455,206,16369
63157,3597.98,0,0,0,0,30.10,1455,206,16369
63207,3567.18,0,0,0,0,40.32,1455,206,16369
63257,3596.26,0,0,0,0,29.06,1455,206,16369
63307,3557.03,0,0,1,0,40.95,1455,208,16369
63357,3597.98,0,0,0,0,34.21,1455,208,16369
63407,3555.34,0,0,1,0,34.03,1455,209,16369
63457,3599.71,0,0,1,0,32.33,1455,210,16369
63507,3566.33,0,0,0,0,30.79,1455,210,16369
63557,3597.12,0,0,0,0,28.19,1455,210,16369
63607,3597.98,0,0,0,0,35.87,1455,210,16369
63657,3545.26,0,0,1,0,401.07,1464,211,16426
63707,3543.59,0,0,1,0,498.45,1472,212,16485
63757,3577.39,0,0,0,0,198.09,1475,212,16485
63807,3623.19,0,0,0,0,126.81,1477,212,16487
63857,3577.39,0,0,0,0,183.89,1481,212,16487
63907,3612.72,0,0,0,0,127.00,1483,212,16492
63958,3574.83,0,0,0,0,151.87,1485,212,16498
64008,3605.77,0,0,0,-4,-168.12,1486,212,16502
64058,3563.79,0,0,0,0,95.64,1487,213,16502
64108,3608.37,0,0,0,0,13.68,1487,213,16502
64158,3570.58,0,0,0,0,39.53,1487,213,16502
64208,3606.64,0,0,0,0,26.63,1487,213,16502
64258,3575.69,0,0,0,0,29.22,1487,213,16502
64308,3597.98,0,0,0,0,30.76,1487,213,16502
64358,3568.03,0,0,0,0,40.34,1487,213,16502
64408,3596.26,0,0,0,0,38.61,1487,213,16502
64458,3564.64,0,0,0,0,33.35,1487,213,16502
64508,3597.98,0,0,0,0,38.59,1487,213,16502
64558,3568.88,0,0,0,0,37.76,1487,213,16502
64608,3597.98,0,0,0,0,28.20,1487,213,16502
64658,3563.79,0,0,0,0,35.92,1487,214,16502
64708,3608.37,0,0,0,0,38.59,1487,214,16502
64758,3573.98,0,0,0,0,22.28,1487,214,16502
64808,3607.50,0,0,0,0,32.48,1487,214,16502
64858,3573.98,0,0,0,0,24.00,1487,214,16502
64908,3596.26,0,0,0,0,40.36,1487,214,16502
64958,3567.18,0,0,0,0,40.32,1487,214,16502
65008,3617.94,0,0,0,0,-42.26,1487,214,16502
65058,3571.43,0,0,0,0,45.64,1487,214,16502
65108,3587.66,0,0,0,0,-12.83,1487,214,16502
65158,3555.34,0,0,1,0,32.31,1487,215,16502
65208,3588.52,0,0,0,0,-40.74,1487,216,16502
65258,3557.03,0,0,1,0,42.68,1487,218,16502
65308,3587.66,0,0,0,0,-30.63,1487,219,16502
65358,3565.49,0,0,0,0,32.50,1487,219,16502
65408,3608.37,0,0,0,0,40.32,1487,219,16502
65458,3568.88,0,0,0,0,38.62,1487,219,16502
65508,3608.37,0,0,0,0,36.87,1487,219,16502
65558,3583.37,0,0,0,0,24.13,1487,219,16502
65608,3607.50,0,0,0,0,29.23,1487,219,16502
65658,3555.34,0,0,1,0,32.31,1487,220,16502
65708,3598.85,0,0,1,0,21.20,1487,221,16502
65758,3565.49,0,0,0,0,21.31,1487,221,16502
65808,3600.58,0,0,1,0,39.23,1487,222,16502
65858,3565.49,0,0,0,0,30.77,1487,222,16502
65908,3608.37,0,0,0,0,40.30,1487,222,16502
65958,3566.33,0,0,0,0,31.65,1487,222,16502
66008,3568.88,0,0,0,0,36.89,1487,222,16502
66058,3544.42,0,0,1,0,295.82,1493,223,16533
66108,3544.42,0,0,1,0,302.72,1498,224,16560
66158,3543.59,0,0,1,0,269.33,1502,225,16585
66208,3557.03,0,0,1,0,217.50,1505,226,16585
66258,3598.85,0,-1,0,-7,-204.32,1507,226,16592
66308,3573.98,0,0,0,0,82.77,1508,227,16592
66358,3608.37,0,0,0,0,30.83,1508,227,16592
66408,3564.64,0,0,0,0,25.60,1508,227,16592
66458,3607.50,0,0,0,0,30.88,1508,227,16592
66508,3576.54,0,0,0,0,30.10,1508,227,16592
66558,3608.37,0,0,0,0,30.95,1508,227,16592
66608,3566.33,0,0,0,0,30.79,1508,227,16592
66658,3597.12,0,0,0,0,37.74,1508,227,16592
66708,3564.64,0,0,0,0,33.35,1508,227,16592
66758,3597.98,0,0,0,0,23.12,1508,227,16592
66808,3568.88,0,0,0,0,37.76,1508,227,16592
66859,3618.82,0,0,0,0,-42.28,1508,227,16592
66909,3576.54,0,0,0,0,31.83,1508,227,16592
66959,3617.94,0,0,0,0,-45.67,1508,227,16592
67009,3569.73,0,0,0,0,49.09,1508,227,16592
67059,3596.26,0,0,0,0,31.64,1508,227,16592
67109,3567.18,0,0,0,0,18.76,1508,227,16592
67159,3589.38,0,0,0,0,-30.66,1508,228,16592
67209,3565.49,0,0,0,0,22.17,1508,228,16592
67259,3589.38,0,0,0,0,-31.50,1508,229,16592
67309,3557.87,0,0,1,0,40.11,1508,231,16592
67359,3597.12,0,0,0,0,30.77,1508,231,16592
67409,3567.18,0,0,0,0,41.19,1508,231,16592
67459,3618.82,0,0,0,0,-50.79,1508,231,16592
67509,3576.54,0,0,0,0,30.10,1508,231,16592
67559,3617.94,0,0,0,0,-42.26,1508,231,16592
67609,3581.66,0,0,0,0,35.41,1508,231,16592
67659,3618.82,0,0,0,0,-38.87,1508,231,16592
67709,3576.54,0,0,0,0,30.10,1508,231,16592
67759,3608.37,0,0,0,0,31.80,1508,231,16592
67809,3568.03,0,0,0,0,40.34,1508,231,16592
67859,3606.64,0,0,0,0,31.64,1508,231,16592
67909,3567.18,0,0,0,0,40.32,1508,231,16592
67959,3597.12,0,0,0,0,30.76,1508,231,16592
68009,3568.03,0,0,0,0,40.34,1508,231,16592
68059,3597.12,0,0,0,0,29.06,1508,231,16592
68109,3564.64,0,0,0,0,32.48,1508,231,16592
68159,3609.24,0,0,1,0,40.07,1508,232,16592
68209,3576.54,0,0,0,0,30.10,1508,232,16592
68259,3607.50,0,0,0,0,23.14,1508,232,16592
68310,3568.03,0,0,0,0,39.47,1508,232,16592
68360,3606.64,0,0,0,0,22.28,1508,232,16592
68410,3572.28,0,0,0,0,25.71,1508,232,16592
68460,3597.98,0,0,0,0,22.27,1508,232,16592
68510,3560.41,0,0,0,0,47.10,1508,232,16592
68560,3589.38,0,0,0,0,-29.81,1508,233,16592
68610,3597.12,0,0,0,0,28.12,1508,233,16592
68660,3557.87,0,0,1,0,222.37,1512,234,16592
68710,3591.09,0,-1,0,-8,-248.63,1514,234,16600
68760,3553.66,0,0,1,0,92.43,1515,236,16600
68810,3606.64,0,0,0,0,30.82,1515,236,16600
68860,3558.72,0,0,1,0,44.45,1515,237,16600
68910,3587.66,0,0,0,0,-26.41,1515,237,16600
68960,3555.34,0,0,1,0,34.03,1515,239,16600
69010,3589.38,0,0,0,0,-32.34,1515,240,16600
69060,3557.87,0,0,1,0,40.11,1515,241,16600
69110,3589.38,0,0,0,0,-32.34,1515,242,16600
69160,3556.19,0,0,1,0,43.52,1515,244,16600
69210,3597.98,0,0,0,0,24.84,1515,244,16600
69260,3573.98,0,0,0,0,24.00,1515,244,16600
69310,3597.98,0,0,0,0,39.47,1515,244,16600
69360,3556.19,0,0,1,0,40.93,1515,245,16600
69410,3589.38,0,0,0,0,-34.03,1515,246,16600
69460,3565.49,0,0,0,0,34.23,1515,246,16600
69510,3607.50,0,0,0,0,35.14,1515,246,16600
69560,3567.18,0,0,0,0,40.32,1515,246,16600
69610,3597.98,0,0,0,0,30.76,1515,246,16600
69660,3565.49,0,0,0,0,30.77,1515,246,16600
69710,3607.50,0,0,0,0,36.87,1515,246,16600
69760,3572.28,0,0,0,0,25.71,1515,246,16600
69810,3608.37,0,0,1,0,46.21,1515,247,16600
69860,3571.43,0,0,0,0,38.68,1515,247,16600
69910,3607.50,0,0,0,0,23.26,1515,247,16600
69960,3568.03,0,0,0,0,39.47,1515,247,16600
70010,3608.37,0,0,0,0,31.82,1515,247,16600
70060,3576.54,0,0,0,0,31.83,1515,247,16600
70110,3607.50,0,0,0,0,43.90,1515,247,16600
70160,3570.58,0,0,0,0,47.37,1515,247,16600
70210,3526.09,0,0,0,0,35.16,1515,247,16600
70260,3390.60,1,2,0,0,45.04,1520,247,16600
70310,3305.42,0,3,0,2,50.28,1526,247,16602
70360,3187.42,0,5,0,1,28.70,1539,247,16607
70410,3101.74,0,6,0,1,26.52,1551,247,16610
70460,3082.61,0,6,0,2,45.64,1572,247,16639
70510,2879.08,0,9,0,2,61.52,1589,247,16648
70560,2772.13,7,10,0,1,25.33,1618,247,16652
70610,2695.42,1,11,0,0,20.01,1640,247,16654
70660,2614.15,0,12,0,0,16.50,1664,247,16656
70710,2535.07,0,13,0,0,15.95,1690,247,16658
70760,2451.38,0,14,0,0,20.20,1718,247,16660
70810,2377.93,0,15,0,0,14.79,1748,247,16662
70860,2297.09,1,16,0,0,16.65,1780,247,16664
70910,2219.92,6,17,0,0,12.89,1814,247,16666
70960,2141.02,13,18,0,0,18.81,1850,247,16668
71010,2081.31,0,19,0,2,59.71,1869,247,16670
71060,2008.57,4,20,0,1,57.26,1908,247,16671
71110,1930.75,16,21,0,1,53.64,1950,247,16672
71160,1915.22,0,21,0,0,15.53,1971,247,16672
71211,1838.91,12,22,0,0,13.63,2015,247,16673
71261,1782.32,0,23,0,1,56.59,2038,247,16674
71311,1708.23,18,24,0,1,54.81,2085,247,16675
71361,1691.86,2,24,0,0,16.38,2109,247,16675
71411,1632.56,0,25,0,1,59.29,2134,247,16676
71461,1558.60,18,26,0,1,59.87,2185,247,16677
71511,1547.03,6,26,0,0,11.57,2211,247,16677
71561,1482.65,0,27,0,1,64.38,2238,247,16678
71611,1474.35,0,27,0,0,8.31,2265,247,16678
71661,1401.21,25,28,0,0,6.71,2321,247,16679
71711,1334.64,21,29,0,1,66.58,2350,247,16680
71761,1326.49,15,29,0,0,8.14,2379,247,16680
71811,1261.25,16,30,0,1,65.25,2409,247,16681
71861,1252.51,16,30,0,0,8.74,2439,247,16681
71911,1186.24,15,31,0,1,66.27,2470,247,16682
71961,1179.80,15,31,0,0,6.44,2501,247,16682
72011,1109.71,21,32,0,1,70.09,2533,247,16683
72061,1106.11,24,32,0,0,3.60,2565,247,16683
72111,1106.11,0,32,0,0,3.60,2565,247,16683
72161,1017.36,0,33,0,1,88.75,2598,247,16684
72211,1053.22,0,33,0,0,-35.86,2631,247,16684
72261,965.25,7,34,0,1,87.97,2665,247,16685
72311,949.85,18,34,0,0,15.40,2699,247,16685
72361,949.85,0,34,0,0,15.40,2699,247,16685
72411,871.84,0,35,0,1,78.01,2734,247,16686
72461,868.71,7,35,0,0,3.13,2769,247,16686
72511,789.39,35,36,0,1,79.32,2805,247,16687
72561,789.39,0,36,0,1,79.32,2805,247,16687
72611,781.49,10,36,0,0,7.90,2841,247,16687
72662,781.49,0,36,0,0,7.90,2841,247,16687
72712,712.83,0,37,0,0,68.67,2878,247,16687
72762,685.78,33,37,0,0,27.05,2915,247,16687
72812,685.78,0,37,0,0,27.05,2915,247,16687
72862,609.98,32,38,0,0,75.80,2953,247,16687
72912,609.98,0,38,0,0,75.80,2953,247,16687
72962,575.82,38,39,0,0,34.16,2992,247,16687
73012,575.82,0,39,0,0,34.16,2992,247,16687
73062,575.82,0,39,0,0,34.16,2992,247,16687
73112,485.78,12,40,0,0,90.03,3032,247,16687
73162,485.78,0,40,0,0,90.03,3032,247,16687
73212,485.78,0,40,0,0,90.03,3032,247,16687
73262,434.91,1,41,0,0,50.87,3073,247,16687
73312,434.91,0,41,0,0,50.87,3073,247,16687
73362,434.91,0,41,0,0,50.87,3073,247,16687
73412,434.91,0,41,0,0,50.87,3073,247,16687
73462,305.39,0,42,0,0,129.52,3115,247,16687
73512,305.39,0,42,0,0,129.52,3115,247,16687
73562,305.39,0,42,0,0,129.52,3115,247,16687
73612,305.39,0,42,0,0,129.52,3115,247,16687
74757,44.86,0,42,0,0,129.52,3115,247,16687
74807,44.86,0,42,0,0,129.52,3115,247,16687
74857,44.86,0,42,0,0,129.52,3115,247,16687
74907,44.86,0,42,0,0,129.52,3115,247,16687
74957,44.86,0,42,0,0,129.52,3115,247,16687
75008,0.00,0,42,0,0,129.52,3115,247,16687
75058,0.00,0,42,0,0,129.52,3115,247,16687
75108,0.00,0,42,0,0,129.52,3115,247,16687
75158,0.00,0,42,0,0,129.52,3115,247,16687
75208,0.00,0,42,0,0,129.52,3115,247,16687
75258,0.00,0,42,0,0,129.52,3115,247,16687
75308,0.00,0,42,0,0,129.52,3115,247,16687
75358,0.00,0,42,0,0,129.52,3115,247,16687
75408,0.00,0,42,0,0,129.52,3115,247,16687
75458,0.00,0,42,0,0,129.52,3115,247,16687
75508,0.00,0,42,0,0,129.52,3115,247,16687
75558,0.00,0,42,0,0,129.52,3115,247,16687
75608,0.00,0,42,0,0,129.52,3115,247,16687
75658,0.00,0,42,0,0,129.52,3115,247,16687
75708,0.00,0,42,0,0,129.52,3115,247,16687
75758,0.00,0,42,0,0,129.52,3115,247,16687
75808,0.00,0,42,0,0,129.52,3115,247,16687
75858,0.00,0,42,0,0,129.52,3115,247,16687
75908,0.00,0,42,0,0,129.52,3115,247,16687
75958,0.00,0,42,0,0,129.52,3115,247,16687
76008,0.00,0,42,0,0,129.52,3115,247,16687
76058,0.00,0,42,0,0,129.52,3115,247,16687
76108,0.00,0,42,0,0,129.52,3115,247,16687
76158,0.00,0,42,0,0,129.52,3115,247,16687
76208,0.00,0,42,0,0,129.52,3115,247,16687
76258,0.00,0,42,0,0,129.52,3115,247,16687
76308,0.00,0,42,0,0,129.52,3115,247,16687
76358,0.00,0,42,0,0,129.52,3115,247,16687
76408,0.00,0,42,0,0,129.52,3115,247,16687
76459,0.00,0,42,0,0,129.52,3115,247,16687
76509,0.00,0,42,0,0,129.52,3115,247,16687
76559,0.00,0,42,0,0,129.52,3115,247,16687
76609,0.00,0,42,0,0,129.52,3115,247,16687
76659,0.00,0,42,0,0,129.52,3115,247,16687
76709,0.00,0,42,0,0,129.52,3115,247,16687
76759,0.00,0,42,0,0,129.52,3115,247,16687
76809,0.00,0,42,0,0,129.52,3115,247,16687
76859,0.00,0,42,0,0,129.52,3115,247,16687
76909,0.00,0,42,0,0,129.52,3115,247,16687
76959,0.00,0,42,0,0,129.52,3115,247,16687
77009,0.00,0,42,0,0,129.52,3115,247,16687
77059,0.00,0,42,0,0,129.52,3115,247,16687
77109,0.00,0,42,0,0,129.52,3115,247,16687
77159,0.00,0,42,0,0,129.52,3115,247,16687
77209,0.00,0,42,0,0,129.52,3115,247,16687
77259,0.00,0,42,0,0,129.52,3115,247,16687
77309,0.00,0,42,0,0,129.52,3115,247,16687
77359,0.00,0,42,0,0,129.52,3115,247,16687
77409,0.00,0,42,0,0,129.52,3115,247,16687
77459,0.00,0,42,0,0,129.52,3115,247,16687
77509,0.00,0,42,0,0,129.52,3115,247,16687
77559,0.00,0,42,0,0,129.52,3115,247,16687
77609,0.00,0,42,0,0,129.52,3115,247,16687
77659,0.00,0,42,0,0,129.52,3115,247,16687
77709,0.00,0,42,0,0,129.52,3115,247,16687
77759,0.00,0,42,0,0,129.52,3115,247,16687
77809,0.00,0,42,0,0,129.52,3115,247,16687
77859,0.00,0,42,0,0,129.52,3115,247,16687
77910,0.00,0,42,0,0,129.52,3115,247,16687
77960,0.00,0,42,0,0,129.52,3115,247,16687
78010,0.00,0,42,0,0,129.52,3115,247,16687
78060,0.00,0,42,0,0,129.52,3115,247,16687
78110,0.00,0,42,0,0,129.52,3115,247,16687
78160,0.00,0,42,0,0,129.52,3115,247,16687
78210,0.00,0,42,0,0,129.52,3115,247,16687
78260,0.00,0,42,0,0,129.52,3115,247,16687
78310,0.00,0,42,0,0,129.52,3115,247,16687
78360,0.00,0,42,0,0,129.52,3115,247,16687
78410,0.00,0,42,0,0,129.52,3115,247,16687
78460,0.00,0,42,0,0,129.52,3115,247,16687
78510,0.00,0,42,0,0,129.52,3115,247,16687
78560,0.00,0,42,0,0,129.52,3115,247,16687
78610,0.00,0,42,0,0,129.52,3115,247,16687
78660,0.00,0,42,0,0,129.52,3115,247,16687
78710,0.00,0,42,0,0,129.52,3115,247,16687
78760,0.00,0,42,0,0,129.52,3115,247,16687
78810,0.00,0,42,0,0,129.52,3115,247,16687
78860,0.00,0,42,0,0,129.52,3115,247,16687
78910,0.00,0,42,0,0,129.52,3115,247,16687
78960,0.00,0,42,0,0,129.52,3115,247,16687
79010,0.00,0,42,0,0,129.52,3115,247,16687
79060,0.00,0,42,0,0,129.52,3115,247,16687
79110,0.00,0,42,0,0,129.52,3115,247,16687
79160,0.00,0,42,0,0,129.52,3115,247,16687
79210,0.00,0,42,0,0,129.52,3115,247,16687
79260,0.00,0,42,0,0,129.52,3115,247,16687
79310,0.00,0,42,0,0,129.52,3115,247,16687
79360,0.00,0,42,0,0,129.52,3115,247,16687
79410,0.00,0,42,0,0,129.52,3115,247,16687
79460,0.00,0,42,0,0,129.52,3115,247,16687
79510,0.00,0,42,0,0,129.52,3115,247,16687
79560,0.00,0,42,0,0,129.52,3115,247,16687
79610,0.00,0,42,0,0,129.52,3115,247,16687
79660,0.00,0,42,0,0,129.52,3115,247,16687
79710,0.00,0,42,0,0,129.52,3115,247,16687
79760,0.00,0,42,0,0,129.52,3115,247,16687
79810,0.00,0,42,0,0,129.52,3115,247,16687
79860,0.00,0,42,0,0,129.52,3115,247,16687
79910,0.00,0,42,0,0,129.52,3115,247,16687
79960,0.00,0,42,0,0,129.52,3115,247,16687
80010,0.00,0,42,0,0,129.52,3115,247,16687
80060,0.00,0,42,0,0,129.52,3115,247,16687
80110,0.00,0,42,0,0,129.52,3115,247,16687
80160,0.00,0,42,0,0,129.52,3115,247,16687
80210,0.00,0,42,0,0,129.52,3115,247,16687
80260,0.00,0,42,0,0,129.52,3115,247,16687
80310,0.00,0,42,0,0,129.52,3115,247,16687
80360,0.00,0,42,0,0,129.52,3115,247,16687
80410,0.00,0,42,0,0,129.52,3115,247,16687
80460,0.00,0,42,0,0,129.52,3115,247,16687
80510,0.00,0,42,0,0,129.52,3115,247,16687
80560,0.00,0,42,0,0,129.52,3115,247,16687
80610,0.00,0,42,0,0,129.52,3115,247,16687
80660,0.00,0,42,0,0,129.52,3115,247,16687
80710,0.00,0,42,0,0,129.52,3115,247,16687
80760,0.00,0,42,0,0,129.52,3115,247,16687
80811,0.00,0,42,0,0,129.52,3115,247,16687
80861,0.00,0,42,0,0,129.52,3115,247,16687
80911,0.00,0,42,0,0,129.52,3115,247,16687
80961,0.00,0,42,0,0,129.52,3115,247,16687
81011,0.00,0,42,0,0,129.52,3115,247,16687
81061,0.00,0,42,0,0,129.52,3115,247,16687
81111,0.00,0,42,0,0,129.52,3115,247,16687
81161,0.00,0,42,0,0,129.52,3115,247,16687
81211,0.00,0,42,0,0,129.52,3115,247,16687
81261,0.00,0,42,0,0,129.52,3115,247,16687
81311,0.00,0,42,0,0,129.52,3115,247,16687
81361,0.00,0,42,0,0,129.52,3115,247,16687
81411,0.00,0,42,0,0,129.52,3115,247,16687
81461,0.00,0,42,0,0,129.52,3115,247,16687
81511,0.00,0,42,0,0,129.52,3115,247,16687
81561,0.00,0,42,0,0,129.52,3115,247,16687
81611,0.00,0,42,0,0,129.52,3115,247,16687
81661,0.00,0,42,0,0,129.52,3115,247,16687
81711,0.00,0,42,0,0,129.52,3115,247,16687
81761,0.00,0,42,0,0,129.52,3115,247,16687
81811,0.00,0,42,0,0,129.52,3115,247,16687
81861,0.00,0,42,0,0,129.52,3115,247,16687
81911,0.00,0,42,0,0,129.52,3115,247,16687
81961,0.00,0,42,0,0,129.52,3115,247,16687
82011,0.00,0,42,0,0,129.52,3115,247,16687
82061,0.00,0,42,0,0,129.52,3115,247,16687
82111,0.00,0,42,0,0,129.52,3115,247,16687
82161,0.00,0,42,0,0,129.52,3115,247,16687
82211,0.00,0,42,0,0,129.52,3115,247,16687
82262,0.00,0,42,0,0,129.52,3115,247,16687
82312,0.00,0,42,0,0,129.52,3115,247,16687
82362,0.00,0,42,0,0,129.52,3115,247,16687
82412,0.00,0,42,0,0,129.52,3115,247,16687
82462,0.00,0,42,0,0,129.52,3115,247,16687
82512,0.00,0,42,0,0,129.52,3115,247,16687
82562,0.00,0,42,0,0,129.52,3115,247,16687
82612,0.00,0,42,0,0,129.52,3115,247,16687
82662,0.00,0,42,0,0,129.52,3115,247,16687
82712,0.00,0,42,0,0,129.52,3115,247,16687
82762,0.00,0,42,0,0,129.52,3115,247,16687
82812,0.00,0,42,0,0,129.52,3115,247,16687
82862,0.00,0,42,0,0,129.52,3115,247,16687
82912,0.00,0,42,0,0,129.52,3115,247,16687
82962,0.00,0,42,0,0,129.52,3115,247,16687
83012,0.00,0,42,0,0,129.52,3115,247,16687
83062,0.00,0,42,0,0,129.52,3115,247,16687
