Mechanical Governor - Constant Load (1500 W)
Trial:9
Date: 3-31-2023
Time: 12:44 PM
Ambient Temp: 82
Head Temp: 236.4

------ Microcontroller Engine Governor - Version: 1.16 ------
-------------------------------------------------------------
PID Gains:        Kp: 0.013000   Ki: 0.025000   Kd: 1.000000
-------------------------------------------------------------
Set RPM:             3600    |  Min RPM:                300
                             |
RPM Precision        10       |  PID I Precision:         70
                             |
Start Steps:         850     |  Max Steps:               1200
                             |
RPM Calc Interval:   1       |  Num Magnets:             1
                             |
LCD Update Interval: 400     |  Serial Update Interval:  50
-------------------------------------------------------------

Time,RPM,Steps Remaining, PID p, PID i, PID d, RPM Change, P Cmd, I Cmd, D Cmd
1226,0.00,0,0,0,0,0.00,0,0,0
1276,0.00,0,0,0,0,0.00,0,0,0
1326,0.00,0,0,0,0,0.00,0,0,0
1376,0.00,0,0,0,0,0.00,0,0,0
1426,0.00,0,0,0,0,0.00,0,0,0
1476,0.00,0,0,0,0,0.00,0,0,0
1526,0.00,0,0,0,0,0.00,0,0,0
1576,0.00,0,0,0,0,0.00,0,0,0
1626,0.00,0,0,0,0,0.00,0,0,0
1676,0.00,0,0,0,0,0.00,0,0,0
1726,0.00,0,0,0,0,0.00,0,0,0
1776,0.00,0,0,0,0,0.00,0,0,0
1826,0.00,0,0,0,0,0.00,0,0,0
1876,0.00,0,0,0,0,0.00,0,0,0
1926,0.00,0,0,0,0,0.00,0,0,0
1976,0.00,0,0,0,0,0.00,0,0,0
2026,0.00,0,0,0,0,0.00,0,0,0
2076,0.00,0,0,0,0,0.00,0,0,0
2126,0.00,0,0,0,0,0.00,0,0,0
2176,0.00,0,0,0,0,0.00,0,0,0
2226,0.00,0,0,0,0,0.00,0,0,0
2276,0.00,0,0,0,0,0.00,0,0,0
2326,0.00,0,0,0,0,0.00,0,0,0
2376,0.00,0,0,0,0,0.00,0,0,0
2426,0.00,0,0,0,0,0.00,0,0,0
2476,0.00,0,0,0,0,0.00,0,0,0
2526,0.00,0,0,0,0,0.00,0,0,0
2576,0.00,0,0,0,0,0.00,0,0,0
2626,0.00,0,0,0,0,0.00,0,0,0
2676,0.00,0,0,0,0,0.00,0,0,0
2726,0.00,0,0,0,0,0.00,0,0,0
2776,0.00,0,0,0,0,0.00,0,0,0
2826,0.00,0,0,0,0,0.00,0,0,0
2876,0.00,0,0,0,0,0.00,0,0,0
2926,0.00,0,0,0,0,0.00,0,0,0
2976,0.00,0,0,0,0,0.00,0,0,0
3026,0.00,0,0,0,0,0.00,0,0,0
3076,0.00,0,0,0,0,0.00,0,0,0
3126,0.00,0,0,0,0,0.00,0,0,0
3176,0.00,0,0,0,0,0.00,0,0,0
3226,0.00,0,0,0,0,0.00,0,0,0
3276,0.00,0,0,0,0,0.00,0,0,0
3326,0.00,0,0,0,0,0.00,0,0,0
3376,0.00,0,0,0,0,0.00,0,0,0
3426,0.00,0,0,0,0,0.00,0,0,0
3476,0.00,0,0,0,0,0.00,0,0,0
3526,0.00,0,0,0,0,0.00,0,0,0
3576,0.00,0,0,0,0,0.00,0,0,0
3627,0.00,0,0,0,0,0.00,0,0,0
3677,0.00,0,0,0,0,0.00,0,0,0
3727,0.00,0,0,0,0,0.00,0,0,0
3777,0.00,0,0,0,0,0.00,0,0,0
3827,0.00,0,0,0,0,0.00,0,0,0
3877,0.00,0,0,0,0,0.00,0,0,0
3927,0.00,0,0,0,0,0.00,0,0,0
3977,0.00,0,0,0,0,0.00,0,0,0
4027,0.00,0,0,0,0,0.00,0,0,0
4077,0.00,0,0,0,0,0.00,0,0,0
4127,0.00,0,0,0,0,0.00,0,0,0
4177,0.00,0,0,0,0,0.00,0,0,0
4227,0.00,0,0,0,0,0.00,0,0,0
4277,0.00,0,0,0,0,0.00,0,0,0
4327,0.00,0,0,0,0,0.00,0,0,0
4377,0.00,0,0,0,0,0.00,0,0,0
4427,0.00,0,0,0,0,0.00,0,0,0
4477,0.00,0,0,0,0,0.00,0,0,0
4527,0.00,0,0,0,0,0.00,0,0,0
4577,0.00,0,0,0,0,0.00,0,0,0
4627,0.00,0,0,0,0,0.00,0,0,0
4677,0.00,0,0,0,0,0.00,0,0,0
4727,0.00,0,0,0,0,0.00,0,0,0
4777,0.00,0,0,0,0,0.00,0,0,0
4827,0.00,0,0,0,0,0.00,0,0,0
4877,0.00,0,0,0,0,0.00,0,0,0
4927,0.00,0,0,0,0,0.00,0,0,0
4977,0.00,0,0,0,0,0.00,0,0,0
5027,0.00,0,0,0,0,0.00,0,0,0
5078,0.00,0,0,0,0,0.00,0,0,0
5128,0.00,0,0,0,0,0.00,0,0,0
5178,0.00,0,0,0,0,0.00,0,0,0
5228,0.00,0,0,0,0,0.00,0,0,0
5278,0.00,0,0,0,0,0.00,0,0,0
5328,0.00,0,0,0,0,0.00,0,0,0
5378,0.00,0,0,0,0,0.00,0,0,0
5428,0.00,0,0,0,0,0.00,0,0,0
5478,0.00,0,0,0,0,0.00,0,0,0
5528,0.00,0,0,0,0,0.00,0,0,0
5578,0.00,0,0,0,0,0.00,0,0,0
5628,0.00,0,0,0,0,0.00,0,0,0
5678,0.00,0,0,0,0,0.00,0,0,0
5728,0.00,0,0,0,0,0.00,0,0,0
5778,0.00,0,0,0,0,0.00,0,0,0
5828,0.00,0,0,0,0,0.00,0,0,0
5878,0.00,0,0,0,0,0.00,0,0,0
5928,0.00,0,0,0,0,0.00,0,0,0
5978,0.00,0,0,0,0,0.00,0,0,0
6028,0.00,0,0,0,0,0.00,0,0,0
6078,0.00,0,0,0,0,0.00,0,0,0
6128,0.00,0,0,0,0,0.00,0,0,0
6178,0.00,0,0,0,0,0.00,0,0,0
6228,0.00,0,0,0,0,0.00,0,0,0
6278,0.00,0,0,0,0,0.00,0,0,0
6328,0.00,0,0,0,0,0.00,0,0,0
6378,0.00,0,0,0,0,0.00,0,0,0
6428,0.00,0,0,0,0,0.00,0,0,0
6478,0.00,0,0,0,0,0.00,0,0,0
6528,0.00,0,0,0,0,0.00,0,0,0
6578,0.00,0,0,0,0,0.00,0,0,0
6628,0.00,0,0,0,0,0.00,0,0,0
6678,0.00,0,0,0,0,0.00,0,0,0
6728,0.00,0,0,0,0,0.00,0,0,0
6778,0.00,0,0,0,0,0.00,0,0,0
6828,0.00,0,0,0,0,0.00,0,0,0
6878,0.00,0,0,0,0,0.00,0,0,0
6928,0.00,0,0,0,0,0.00,0,0,0
6978,0.00,0,0,0,0,0.00,0,0,0
7028,0.00,0,0,0,0,0.00,0,0,0
7078,0.00,0,0,0,0,0.00,0,0,0
7128,0.00,0,0,0,0,0.00,0,0,0
7178,0.00,0,0,0,0,0.00,0,0,0
7228,0.00,0,0,0,0,0.00,0,0,0
7278,0.00,0,0,0,0,0.00,0,0,0
7328,0.00,0,0,0,0,0.00,0,0,0
7378,0.00,0,0,0,0,0.00,0,0,0
7428,0.00,0,0,0,0,0.00,0,0,0
7478,0.00,0,0,0,0,0.00,0,0,0
7528,0.00,0,0,0,0,0.00,0,0,0
7578,0.00,0,0,0,0,0.00,0,0,0
7628,0.00,0,0,0,0,0.00,0,0,0
7678,0.00,0,0,0,0,0.00,0,0,0
7728,0.00,0,0,0,0,0.00,0,0,0
7778,0.00,0,0,0,0,0.00,0,0,0
7828,0.00,0,0,0,0,0.00,0,0,0
7878,0.00,0,0,0,0,0.00,0,0,0
7928,0.00,0,0,0,0,0.00,0,0,0
7979,0.00,0,0,0,0,0.00,0,0,0
8029,0.00,0,0,0,0,0.00,0,0,0
8079,0.00,0,0,0,0,0.00,0,0,0
8129,0.00,0,0,0,0,0.00,0,0,0
8179,0.00,0,0,0,0,0.00,0,0,0
8229,0.00,0,0,0,0,0.00,0,0,0
8279,0.00,0,0,0,0,0.00,0,0,0
8329,0.00,0,0,0,0,0.00,0,0,0
8379,0.00,0,0,0,0,0.00,0,0,0
8429,0.00,0,0,0,0,0.00,0,0,0
8479,0.00,0,0,0,0,0.00,0,0,0
8529,0.00,0,0,0,0,0.00,0,0,0
8579,0.00,0,0,0,0,0.00,0,0,0
8629,0.00,0,0,0,0,0.00,0,0,0
8679,0.00,0,0,0,0,0.00,0,0,0
8729,0.00,0,0,0,0,0.00,0,0,0
8779,0.00,0,0,0,0,0.00,0,0,0
8829,0.00,0,0,0,0,0.00,0,0,0
8879,0.00,0,0,0,0,0.00,0,0,0
8929,0.00,0,0,0,0,0.00,0,0,0
8979,0.00,0,0,0,0,0.00,0,0,0
9029,0.00,0,0,0,0,0.00,0,0,0
9079,0.00,0,0,0,0,0.00,0,0,0
9129,0.00,0,0,0,0,0.00,0,0,0
9179,0.00,0,0,0,0,0.00,0,0,0
9229,0.00,0,0,0,0,0.00,0,0,0
9279,0.00,0,0,0,0,0.00,0,0,0
9329,0.00,0,0,0,0,0.00,0,0,0
9379,0.00,0,0,0,0,0.00,0,0,0
9430,0.00,0,0,0,0,0.00,0,0,0
9480,0.00,0,0,0,0,0.00,0,0,0
9530,0.00,0,0,0,0,0.00,0,0,0
9580,0.00,0,0,0,0,0.00,0,0,0
9630,0.00,0,0,0,0,0.00,0,0,0
9680,0.00,0,0,0,0,0.00,0,0,0
9730,inf,0,0,0,0,inf,0,0,0
9780,inf,0,0,0,0,inf,0,0,0
9830,607.36,23,38,0,0,inf,38,0,0
9880,1043.62,19,33,0,-7,-436.26,71,0,7
9930,1065.11,31,32,0,0,-21.49,103,0,7
9980,1487.65,6,27,0,-10,-422.54,130,0,17
10030,1506.93,7,27,0,0,-19.28,157,0,17
10080,1735.91,23,24,0,0,-4.01,205,0,23
10130,1952.36,0,21,0,-7,-216.45,226,0,30
10180,2222.22,0,17,0,-9,-258.36,264,0,39
10230,2476.88,0,14,0,-9,-237.07,295,0,48
10280,2727.27,0,11,0,-11,-240.95,320,0,59
10330,2950.43,6,8,0,0,-4.06,347,0,70
10380,3147.95,0,5,0,0,-2.64,357,0,80
10430,3498.95,0,1,0,-4,-167.10,364,0,94
10480,3644.31,0,0,-1,0,11.55,365,2,97
10530,3725.78,0,-1,0,0,3.71,369,2,97
10580,3704.62,0,-1,0,0,22.09,372,2,97
10630,3681.88,0,-1,0,0,8.15,375,2,97
10680,3614.46,0,0,0,0,29.86,375,4,97
10730,3646.97,0,0,-1,0,-2.66,375,6,97
10780,3630.20,0,0,0,0,167.26,378,6,97
10830,3544.42,0,0,1,0,394.65,384,7,131
10880,3544.42,0,0,1,0,397.76,391,8,167
10930,3605.77,0,0,-1,0,-95.32,391,10,167
10980,3582.52,0,0,0,0,56.49,391,11,167
11030,3633.72,0,0,0,0,-3.52,391,11,167
11080,3585.09,0,0,0,0,77.02,391,13,167
11130,3629.32,0,0,0,0,56.18,392,14,167
11180,3579.95,0,0,0,0,143.98,394,14,172
11230,3607.50,0,0,0,0,33.63,394,14,172
11280,3579.95,0,0,0,0,32.76,394,14,172
11330,3628.45,0,0,0,0,-44.22,394,14,172
11380,3591.09,0,0,0,0,-46.81,394,14,172
11430,3624.06,0,0,0,0,-33.83,394,15,172
11480,3582.52,0,0,0,0,30.20,394,15,172
11530,3618.82,0,0,0,0,-44.84,394,15,172
11580,3580.81,0,0,0,0,47.64,394,15,172
11630,3624.06,0,0,0,0,-33.83,394,15,172
11680,3571.43,0,0,0,0,54.39,394,15,172
11730,3566.33,0,0,0,0,12.76,394,15,172
11780,3591.09,0,0,0,0,2.64,394,15,172
11830,3628.45,0,0,0,0,-45.93,394,15,172
11880,3581.66,0,0,0,0,37.16,394,15,172
11930,3628.45,0,0,0,0,-46.79,394,15,172
11980,3591.95,0,0,0,0,-41.75,394,15,172
12030,3626.69,0,0,0,0,-25.25,394,15,172
12080,3580.81,0,0,0,0,37.14,394,15,172
12130,3538.57,0,0,1,0,43.95,394,16,172
12180,3590.23,0,0,0,0,58.87,395,16,172
12230,3641.66,0,0,-1,0,-49.71,395,17,172
12280,3602.31,0,0,0,0,-32.25,395,17,172
12331,3624.06,0,0,0,0,-32.97,395,17,172
12381,3571.43,0,0,0,0,44.77,395,17,172
12431,3617.94,0,0,0,0,-37.14,395,17,172
12481,3584.23,0,0,0,0,56.55,395,18,172
12531,3618.82,0,0,0,0,-38.01,395,18,172
12581,3582.52,0,0,0,0,45.93,395,18,172
12631,3629.32,0,0,0,0,-49.37,395,18,172
12681,3591.09,0,0,0,0,-59.09,395,18,172
12731,3624.06,0,0,0,0,-32.11,395,18,172
12781,3582.52,0,0,0,0,41.55,395,18,172
12831,3608.37,0,0,0,0,29.32,395,18,172
12881,3579.95,0,0,0,0,38.87,395,18,172
12931,3608.37,0,0,0,0,40.65,395,18,172
12981,3579.95,0,0,0,0,38.87,395,18,172
13031,3624.94,0,0,0,0,-32.99,395,18,172
13081,3591.95,0,0,0,0,-42.61,395,18,172
13131,3624.94,0,0,0,0,-32.99,395,18,172
13181,3591.95,0,0,0,0,-42.61,395,18,172
13231,3624.94,0,0,0,0,-33.85,395,18,172
13281,3591.95,0,0,0,0,-32.09,395,18,172
13331,3632.84,0,0,0,0,-40.03,395,18,172
13381,3591.95,0,0,0,0,-33.18,395,18,172
13431,3624.06,0,0,0,0,-32.11,395,18,172
13481,3592.81,0,0,0,0,-47.64,395,18,172
13531,3628.45,0,0,0,0,-45.93,395,18,172
13581,3582.52,0,0,0,0,41.55,395,18,172
13631,3616.20,0,0,0,0,-25.11,395,18,172
13681,3581.66,0,0,0,0,45.91,395,18,172
13731,3628.45,0,0,0,0,-47.64,395,18,172
13782,3594.54,0,0,-1,0,-121.03,395,20,172
13832,3627.57,0,0,0,0,-45.91,395,20,172
13882,3580.81,0,0,0,0,43.26,395,20,172
13932,3628.45,0,0,0,0,-45.93,395,20,172
13982,3579.95,0,0,0,0,48.49,395,20,172
14032,3618.82,0,0,0,0,-46.54,395,20,172
14082,3574.83,0,0,0,0,33.54,395,20,172
14132,3616.20,0,0,0,0,-54.10,395,20,172
14182,3567.18,0,0,0,0,42.06,395,20,172
14232,3618.82,0,0,0,0,-38.87,395,20,172
14282,3591.09,0,0,0,0,-48.52,395,20,172
14332,3623.19,0,0,0,0,-30.37,395,20,172
14382,3579.95,0,0,0,0,53.77,395,20,172
14432,3628.45,0,0,0,0,-45.93,395,20,172
14482,3581.66,0,0,0,0,51.18,395,20,172
14532,3607.50,0,0,0,0,-38.03,395,20,172
14582,3568.03,0,0,0,0,40.34,395,20,172
14632,3608.37,0,0,0,0,39.55,395,20,172
14682,3574.83,0,0,0,0,33.54,395,20,172
14732,3627.57,0,0,0,0,-45.91,395,20,172
14782,3591.95,0,0,0,0,-58.20,395,20,172
14832,3628.45,0,0,0,0,-45.93,395,20,172
14882,3591.09,0,0,0,0,-38.87,395,20,172
14932,3608.37,0,0,0,0,39.78,395,20,172
14982,3577.39,0,0,0,0,30.98,395,20,172
15032,3617.94,0,0,0,0,-45.67,395,20,172
15082,3567.18,0,0,0,0,41.19,395,20,172
15132,3617.07,0,0,0,0,-45.64,395,20,172
15182,3574.83,0,0,0,0,33.54,395,20,172
15232,3629.32,0,0,0,0,-49.37,395,20,172
15282,3591.09,0,0,0,0,-46.79,395,20,172
15332,3616.20,0,0,0,0,-33.68,395,20,172
15382,3579.95,0,0,0,0,40.61,395,20,172
15432,3627.57,0,0,0,0,-45.91,395,20,172
15482,3579.95,0,0,0,0,37.99,395,20,172
15532,3617.07,0,0,0,0,-35.41,395,20,172
15582,3591.09,0,0,0,0,-46.79,395,20,172
15632,3633.72,0,0,0,0,-41.77,395,20,172
15682,3581.66,0,0,0,0,33.67,395,20,172
15732,3617.94,0,0,0,0,-35.43,395,20,172
15782,3571.43,0,0,0,0,46.52,395,20,172
15832,3618.82,0,0,0,0,-37.16,395,20,172
15882,3581.66,0,0,0,0,47.66,395,20,172
15932,3633.72,0,0,0,0,-41.77,395,20,172
15982,3602.31,0,0,0,0,-41.73,395,20,172
16032,3617.94,0,0,0,0,-15.64,395,20,172
16082,3580.81,0,0,0,0,37.14,395,20,172
16132,3607.50,0,0,0,0,29.32,395,20,172
16182,3565.49,0,0,0,0,30.77,395,20,172
16232,3608.37,0,0,0,0,50.57,395,20,172
16282,3577.39,0,0,0,0,30.98,395,20,172
16332,3607.50,0,0,0,0,33.39,395,20,172
16382,3580.81,0,0,0,0,37.14,395,20,172
16432,3628.45,0,0,0,0,-45.93,395,20,172
16482,3591.95,0,0,0,0,-34.70,395,20,172
16532,3628.45,0,0,0,0,-46.79,395,20,172
16582,3581.66,0,0,0,0,46.79,395,20,172
16632,3608.37,0,0,0,0,41.21,395,20,172
16683,3571.43,0,0,0,0,47.39,395,20,172
16733,3618.82,0,0,0,0,-47.39,395,20,172
16783,3581.66,0,0,0,0,47.66,395,20,172
16833,3628.45,0,0,0,0,-46.79,395,20,172
16883,3591.95,0,0,0,0,-39.07,395,20,172
16933,3628.45,0,0,0,0,-47.64,395,20,172
16983,3582.52,0,0,0,0,40.67,395,20,172
17033,3607.50,0,0,0,0,30.17,395,20,172
17083,3571.43,0,0,0,0,46.52,395,20,172
17133,3618.82,0,0,0,0,-38.01,395,20,172
17183,3581.66,0,0,0,0,41.53,395,20,172
17233,3608.37,0,0,0,0,39.76,395,20,172
17283,3565.49,0,0,0,0,31.64,395,20,172
17333,3607.50,0,0,0,0,40.36,395,20,172
17383,3583.37,0,0,0,0,25.00,395,20,172
17433,3608.37,0,0,0,0,41.29,395,20,172
17483,3618.82,0,0,0,0,-40.57,395,20,172
17534,3793.63,-1,-2,0,0,-249.20,406,21,241
17584,3605.77,0,0,0,0,212.82,406,21,241
17634,3544.42,0,0,1,0,406.06,415,22,301
17684,3544.42,0,0,1,0,509.63,423,23,351
17734,3544.42,0,0,1,0,406.06,431,24,409
17784,3364.74,0,3,0,0,676.21,442,24,455
17835,3544.42,0,0,1,0,501.98,448,25,495
17885,3546.10,0,0,1,0,405.43,456,26,552
17935,3544.42,0,0,1,0,497.61,464,27,600
17985,3544.42,0,0,1,0,406.06,471,28,656
18035,3544.42,0,0,1,0,457.71,479,29,702
18085,3544.42,0,0,1,0,406.06,486,30,753
18135,3545.26,0,0,1,0,380.41,493,31,788
18185,3611.85,0,0,0,0,6.97,493,31,788
18235,3581.66,0,0,0,0,40.65,493,31,788
18285,3623.19,0,0,0,0,-3.50,493,31,788
18335,3571.43,0,0,0,0,46.52,493,31,788
18385,3607.50,0,0,0,0,13.77,493,31,788
18435,3571.43,0,0,0,0,50.89,493,31,788
18485,3617.94,0,0,0,0,-33.72,493,31,788
18535,3581.66,0,0,0,0,39.78,493,31,788
18585,3616.20,0,0,0,0,-21.66,493,31,788
18635,3571.43,0,0,0,0,39.55,493,31,788
18685,3608.37,0,0,0,0,25.80,493,31,788
18735,3581.66,0,0,0,0,35.41,493,31,788
18785,3617.94,0,0,0,0,-36.28,493,31,788
18835,3591.09,0,0,0,0,-38.87,493,31,788
18885,3608.37,0,0,0,0,48.29,493,31,788
18935,3575.69,0,0,0,0,32.69,493,31,788
18985,3617.07,0,0,0,0,-44.79,493,31,788
19035,3567.18,0,0,0,0,40.32,493,31,788
19085,3608.37,0,0,0,0,40.40,493,31,788
19135,3581.66,0,0,0,0,35.41,493,31,788
19185,3617.94,0,0,0,0,-47.37,493,31,788
19235,3571.43,0,0,0,0,45.64,493,31,788
19286,3608.37,0,0,0,0,32.55,493,31,788
19336,3581.66,0,0,0,0,37.16,493,31,788
19386,3618.82,0,0,0,0,-46.54,493,31,788
19436,3556.19,0,0,1,0,41.80,493,32,788
19486,3606.64,0,0,0,0,35.16,493,32,788
19536,3570.58,0,0,0,0,47.37,493,32,788
19586,3597.98,0,0,0,0,50.86,493,32,788
19636,3571.43,0,0,0,0,45.64,493,32,788
19686,3608.37,0,0,0,0,30.17,493,32,788
19736,3581.66,0,0,0,0,37.16,493,32,788
19786,3597.98,0,0,0,0,49.99,493,32,788
19836,3573.98,0,0,0,0,24.00,493,32,788
19886,3596.26,0,0,0,0,41.29,493,32,788
19936,3574.83,0,0,0,0,33.54,493,32,788
19986,3617.94,0,0,0,0,-56.69,493,32,788
20036,3579.95,0,0,0,0,38.87,493,32,788
20086,3617.94,0,0,0,0,-48.22,493,32,788
20136,3580.81,0,0,0,0,48.52,493,32,788
20186,3618.82,0,0,0,0,-36.30,493,32,788
20236,3576.54,0,0,0,0,31.83,493,32,788
20286,3608.37,0,0,0,0,40.40,493,32,788
20336,3581.66,0,0,0,0,35.41,493,32,788
20386,3618.82,0,0,0,0,-38.87,493,32,788
20436,3591.95,0,0,0,0,-37.14,493,32,788
20486,3629.32,0,0,0,0,-49.37,493,32,788
20536,3571.43,0,0,0,0,45.64,493,32,788
20586,3607.50,0,0,0,0,34.26,493,32,788
20636,3568.03,0,0,0,0,40.34,493,32,788
20686,3596.26,0,0,0,0,39.55,493,32,788
20736,3574.83,0,0,0,0,32.67,493,32,788
20786,3607.50,0,0,0,0,34.26,493,32,788
20836,3571.43,0,0,0,0,45.64,493,32,788
20886,3618.82,0,0,0,0,-49.09,493,32,788
20936,3576.54,0,0,0,0,30.10,493,32,788
20986,3608.37,0,0,0,0,42.12,493,32,788
21036,3581.66,0,0,0,0,46.79,493,32,788
21086,3608.37,0,0,0,0,32.70,493,32,788
21136,3571.43,0,0,0,0,46.52,493,32,788
21186,3618.82,0,0,0,0,-37.16,493,32,788
21236,3582.52,0,0,0,0,45.93,493,32,788
21286,3618.82,0,0,0,0,-42.28,493,32,788
21336,3584.23,0,0,0,0,25.01,493,32,788
21386,3607.50,0,0,0,0,39.55,493,32,788
21436,3675.57,0,0,0,-3,-164.33,494,32,791
21486,3545.26,0,0,1,0,402.11,503,33,866
21536,3544.42,0,0,1,0,496.52,511,34,914
21586,3546.10,0,0,1,0,405.43,519,35,969
21636,3544.42,0,0,1,0,446.00,527,36,1011
21686,3566.33,0,0,0,0,187.42,529,36,1012
21736,3598.85,0,-1,0,-7,-225.09,531,36,1019
21786,3558.72,0,0,1,0,134.04,533,37,1026
21836,3662.11,0,0,-1,0,-104.23,533,39,1026
21886,3562.10,0,0,0,0,62.84,533,39,1026
21936,3617.94,0,0,0,0,-34.57,533,39,1026
21986,3571.43,0,0,0,0,50.01,533,39,1026
22036,3608.37,0,0,0,0,41.37,533,39,1026
22086,3575.69,0,0,0,0,29.22,533,39,1026
22136,3606.64,0,0,0,0,25.74,533,39,1026
22187,3574.83,0,0,0,0,33.54,533,39,1026
22237,3608.37,0,0,0,0,24.15,533,39,1026
22287,3580.81,0,0,0,0,48.52,533,39,1026
22337,3618.82,0,0,0,0,-36.30,533,39,1026
22387,3570.58,0,0,0,0,48.24,533,39,1026
22437,3618.82,0,0,0,0,-48.24,533,39,1026
22487,3569.73,0,0,0,0,49.09,533,39,1026
22537,3617.94,0,0,0,0,-48.22,533,39,1026
22587,3581.66,0,0,0,0,35.41,533,39,1026
22637,3619.69,0,0,0,0,-38.88,533,39,1026
22687,3576.54,0,0,0,0,30.10,533,39,1026
22737,3618.82,0,0,0,0,-43.98,533,39,1026
22787,3571.43,0,0,0,0,47.39,533,39,1026
22837,3618.82,0,0,0,0,-44.84,533,39,1026
22887,3571.43,0,0,0,0,47.39,533,39,1026
22937,3617.94,0,0,0,0,-32.86,533,39,1026
22987,3581.66,0,0,0,0,37.16,533,39,1026
23037,3619.69,0,0,0,0,-38.03,533,39,1026
23087,3575.69,0,0,0,0,32.69,533,39,1026
23137,3618.82,0,0,0,0,-46.54,533,39,1026
23187,3569.73,0,0,0,0,49.09,533,39,1026
23237,3606.64,0,0,0,0,39.55,533,39,1026
23287,3576.54,0,0,0,0,30.97,533,39,1026
23337,3618.82,0,0,0,0,-49.09,533,39,1026
23387,3571.43,0,0,0,0,45.64,533,39,1026
23437,3617.94,0,0,0,0,-48.22,533,39,1026
23487,3581.66,0,0,0,0,37.16,533,39,1026
23537,3628.45,0,0,0,0,-46.79,533,39,1026
23587,3571.43,0,0,0,0,47.39,533,39,1026
23638,3618.82,0,0,0,0,-46.54,533,39,1026
23688,3581.66,0,0,0,0,37.16,533,39,1026
23738,3617.94,0,0,0,0,-36.28,533,39,1026
23788,3581.66,0,0,0,0,37.16,533,39,1026
23838,3618.82,0,0,0,0,-42.28,533,39,1026
23888,3571.43,0,0,0,0,47.39,533,39,1026
23938,3608.37,0,0,0,0,47.39,533,39,1026
23988,3579.95,0,0,0,0,37.99,533,39,1026
24038,3617.07,0,0,0,0,-44.79,533,39,1026
24088,3575.69,0,0,0,0,31.82,533,39,1026
24138,3606.64,0,0,0,0,37.83,533,39,1026
24188,3584.23,0,0,0,0,24.14,533,39,1026
24238,3608.37,0,0,0,0,27.43,533,39,1026
24288,3576.54,0,0,0,0,30.97,533,39,1026
24338,3618.82,0,0,0,0,-38.87,533,39,1026
24388,3571.43,0,0,0,0,47.39,533,39,1026
24438,3608.37,0,0,0,0,49.99,533,39,1026
24488,3571.43,0,0,0,0,47.39,533,39,1026
24538,3617.94,0,0,0,0,-33.72,533,39,1026
24588,3581.66,0,0,0,0,37.16,533,39,1026
24638,3618.82,0,0,0,0,-37.16,533,39,1026
24688,3585.09,0,0,0,0,23.29,533,39,1026
24738,3618.82,0,0,0,0,-42.28,533,39,1026
24788,3575.69,0,0,0,0,32.69,533,39,1026
24838,3617.94,0,0,0,0,-36.28,533,39,1026
24888,3592.81,0,0,0,0,-51.08,533,39,1026
24938,3624.06,0,0,0,0,-32.11,533,39,1026
24988,3568.03,0,0,0,0,39.47,533,39,1026
25038,3596.26,0,0,0,0,24.89,533,39,1026
25088,3567.18,0,0,0,0,22.19,533,40,1026
25138,3607.50,0,0,0,0,35.92,533,40,1026
25188,3568.03,0,0,0,0,39.47,533,40,1026
25238,3618.82,0,0,0,0,-33.73,533,40,1026
25288,3581.66,0,0,0,0,37.16,533,40,1026
25338,3618.82,0,0,0,0,-37.16,533,40,1026
25388,3618.82,0,0,0,0,-41.43,533,40,1026
25438,3749.06,0,-1,0,0,-43.53,538,40,1054
25488,3543.59,0,0,1,0,283.92,543,41,1084
25538,3544.42,0,0,1,0,280.16,547,42,1109
25588,3600.58,0,-1,0,-2,-304.69,549,42,1111
25638,3573.98,0,0,0,0,151.80,551,42,1117
25688,3616.20,0,0,0,0,81.11,553,42,1123
25738,3581.66,0,0,0,0,29.32,553,42,1123
25788,3618.82,0,0,0,0,-44.84,553,42,1123
25838,3571.43,0,0,0,0,51.76,553,42,1123
25888,3617.94,0,0,0,0,-29.43,553,42,1123
25938,3582.52,0,0,0,0,39.80,553,42,1123
25988,3607.50,0,0,0,0,43.36,553,42,1123
26038,3568.88,0,0,0,0,37.76,553,42,1123
26088,3607.50,0,0,0,0,40.38,553,42,1123
26138,3581.66,0,0,0,0,36.28,553,42,1123
26188,3624.94,0,0,0,0,-32.99,553,42,1123
26238,3581.66,0,0,0,0,47.66,553,42,1123
26288,3601.44,0,0,0,0,2.56,553,42,1123
26338,3576.54,0,0,0,0,30.97,553,42,1123
26388,3617.94,0,0,0,0,-36.28,553,42,1123
26438,3581.66,0,0,0,0,36.28,553,42,1123
26488,3617.94,0,0,0,0,-36.28,553,42,1123
26539,3576.54,0,0,0,0,31.83,553,42,1123
26589,3608.37,0,0,0,0,32.70,553,42,1123
26639,3564.64,0,0,0,0,33.35,553,42,1123
26689,3607.50,0,0,0,0,33.36,553,42,1123
26739,3571.43,0,0,0,0,45.64,553,42,1123
26789,3618.82,0,0,0,0,-48.24,553,42,1123
26839,3572.28,0,0,0,0,55.29,553,42,1123
26889,3608.37,0,0,0,0,30.16,553,42,1123
26939,3571.43,0,0,0,0,47.39,553,42,1123
26989,3597.98,0,0,0,0,28.45,553,42,1123
27039,3548.62,0,0,1,0,48.51,553,43,1123
27089,3599.71,0,0,1,0,39.94,553,44,1123
27139,3568.03,0,0,0,0,38.61,553,44,1123
27189,3618.82,0,0,0,0,-38.01,553,44,1123
27239,3581.66,0,0,0,0,47.66,553,44,1123
27289,3597.98,0,0,0,0,29.30,553,44,1123
27339,3571.43,0,0,0,0,47.39,553,44,1123
27389,3618.82,0,0,0,0,-42.28,553,44,1123
27439,3581.66,0,0,0,0,37.16,553,44,1123
27489,3617.94,0,0,0,0,-36.28,553,44,1123
27539,3571.43,0,0,0,0,47.39,553,44,1123
27589,3596.26,0,0,0,0,37.83,553,44,1123
27639,3567.18,0,0,0,0,41.19,553,44,1123
27689,3607.50,0,0,0,0,34.21,553,44,1123
27739,3571.43,0,0,0,0,45.64,553,44,1123
27789,3608.37,0,0,0,0,39.53,553,44,1123
27839,3581.66,0,0,0,0,37.16,553,44,1123
27889,3618.82,0,0,0,0,-39.72,553,44,1123
27939,3571.43,0,0,0,0,47.39,553,44,1123
27990,3618.82,0,0,0,0,-47.39,553,44,1123
28040,3582.52,0,0,0,0,45.93,553,44,1123
28090,3607.50,0,0,0,0,36.28,553,44,1123
28140,3567.18,0,0,0,0,41.19,553,44,1123
28190,3606.64,0,0,0,0,48.83,553,44,1123
28240,3569.73,0,0,0,0,49.09,553,44,1123
28290,3618.82,0,0,0,0,-48.24,553,44,1123
28340,3581.66,0,0,0,0,36.28,553,44,1123
28390,3607.50,0,0,0,0,39.76,553,44,1123
28440,3585.09,0,0,0,0,21.55,553,44,1123
28490,3608.37,0,0,0,0,40.63,553,44,1123
28540,3582.52,0,0,0,0,45.05,553,44,1123
28590,3597.98,0,0,0,0,50.28,553,44,1123
28640,3568.03,0,0,0,0,38.61,553,44,1123
28690,3617.94,0,0,0,0,-43.96,553,44,1123
28740,3571.43,0,0,0,0,47.39,553,44,1123
28790,3629.32,0,0,0,0,-47.66,553,44,1123
28840,3591.95,0,0,0,0,-40.57,553,44,1123
28890,3617.94,0,0,0,0,-36.28,553,44,1123
28940,3581.66,0,0,0,0,37.16,553,44,1123
28990,3597.98,0,0,0,0,31.83,553,44,1123
29040,3608.37,0,0,0,0,27.41,553,44,1123
29090,3553.66,0,0,1,0,397.87,562,45,1181
29140,3545.26,0,0,1,0,404.19,569,46,1231
29190,3544.42,0,0,1,0,522.82,578,47,1281
29240,3609.24,0,-2,0,0,-308.23,581,47,1281
29290,3567.18,0,0,0,0,204.51,585,47,1281
29340,3612.72,0,0,0,0,98.32,587,47,1289
29390,3579.10,0,0,0,0,120.95,589,47,1296
29440,3594.54,0,0,-1,0,-144.49,590,48,1296
29490,3503.85,0,1,0,0,98.45,591,48,1296
29540,3608.37,0,0,0,0,99.18,592,48,1300
29590,3571.43,0,0,0,0,41.29,592,48,1300
29640,3618.82,0,0,0,0,-42.28,592,48,1300
29690,3569.73,0,0,0,0,55.21,592,48,1300
29740,3606.64,0,0,0,0,36.21,592,48,1300
29790,3575.69,0,0,0,0,32.69,592,48,1300
29840,3608.37,0,0,0,0,32.70,592,48,1300
29890,3521.13,0,1,0,0,97.69,593,48,1300
29940,3618.82,0,0,0,0,-49.09,594,48,1302
29990,3581.66,0,0,0,0,35.41,594,48,1302
30040,3617.94,0,0,0,0,-33.72,594,48,1302
30090,3581.66,0,0,0,0,35.41,594,48,1302
30140,3617.94,0,0,0,0,-34.57,594,48,1302
30190,3571.43,0,0,0,0,46.52,594,48,1302
30240,3618.82,0,0,0,0,-51.64,594,48,1302
30290,3581.66,0,0,0,0,37.16,594,48,1302
30340,3617.94,0,0,0,0,-36.28,594,48,1302
30390,3581.66,0,0,0,0,47.66,594,48,1302
30440,3628.45,0,0,0,0,-45.93,594,48,1302
30490,3582.52,0,0,0,0,45.93,594,48,1302
30540,3628.45,0,0,0,0,-47.64,594,48,1302
30590,3581.66,0,0,0,0,35.41,594,48,1302
30640,3608.37,0,0,0,0,25.87,594,48,1302
30690,3584.23,0,0,0,0,23.27,594,48,1302
30740,3618.82,0,0,0,0,-38.87,594,48,1302
30790,3591.95,0,0,0,0,-49.37,594,48,1302
30840,3624.06,0,0,0,0,-33.83,594,48,1302
30891,3591.95,0,0,0,0,-46.76,594,48,1302
30941,3616.20,0,0,0,0,-25.97,594,48,1302
30991,3559.56,0,0,1,0,47.07,594,49,1302
31041,3599.71,0,0,1,0,36.63,594,50,1302
31091,3567.18,0,0,0,0,40.32,594,50,1302
31141,3618.82,0,0,0,0,-37.16,594,50,1302
31191,3580.81,0,0,0,0,48.52,594,50,1302
31241,3615.33,0,0,0,0,-23.37,594,50,1302
31291,3581.66,0,0,0,0,37.16,594,50,1302
31341,3628.45,0,0,0,0,-46.79,594,50,1302
31391,3582.52,0,0,0,0,45.93,594,50,1302
31441,3618.82,0,0,0,0,-37.16,594,50,1302
31491,3581.66,0,0,0,0,36.28,594,50,1302
31541,3617.94,0,0,0,0,-36.28,594,50,1302
31591,3581.66,0,0,0,0,36.28,594,50,1302
31641,3617.94,0,0,0,0,-36.28,594,50,1302
31691,3581.66,0,0,0,0,58.23,594,50,1302
31741,3617.94,0,0,0,0,-37.14,594,50,1302
31791,3571.43,0,0,0,0,57.02,594,50,1302
31841,3607.50,0,0,0,0,39.76,594,50,1302
31891,3581.66,0,0,0,0,36.28,594,50,1302
31941,3615.33,0,0,0,0,-25.09,594,50,1302
31991,3581.66,0,0,0,0,34.54,594,50,1302
32041,3607.50,0,0,0,0,25.72,594,50,1302
32091,3585.09,0,0,0,0,23.29,594,50,1302
32141,3617.94,0,0,0,0,-32.86,594,50,1302
32191,3591.95,0,0,0,0,-29.44,594,50,1302
32241,3617.94,0,0,0,0,-36.28,594,50,1302
32291,3581.66,0,0,0,0,37.16,594,50,1302
32342,3628.45,0,0,0,0,-45.93,594,50,1302
32392,3581.66,0,0,0,0,37.16,594,50,1302
32442,3608.37,0,0,0,0,32.70,594,50,1302
32492,3573.98,0,0,0,0,24.00,594,50,1302
32542,3607.50,0,0,0,0,27.49,594,50,1302
32592,3575.69,0,0,0,0,32.69,594,50,1302
32642,3608.37,0,0,0,0,40.36,594,50,1302
32692,3576.54,0,0,0,0,30.10,594,50,1302
32742,3617.94,0,0,0,0,-51.61,594,50,1302
32792,3585.09,0,0,0,0,21.55,594,50,1302
32842,3628.45,0,0,0,0,-47.64,594,50,1302
32892,3592.81,0,0,0,0,-32.95,594,50,1302
32942,3628.45,0,0,0,0,-47.64,594,50,1302
32992,3591.09,0,0,0,0,-38.87,594,50,1302
33042,3626.69,0,0,0,0,-45.03,594,50,1302
33092,3590.23,0,0,0,0,-32.99,594,50,1302
33142,3624.06,0,0,0,0,-32.11,594,50,1302
33192,3591.95,0,0,0,0,-29.44,594,50,1302
33242,3606.64,0,0,0,0,32.55,594,50,1302
33292,3567.18,0,0,0,0,41.19,594,50,1302
33342,3617.07,0,0,0,0,-35.41,594,50,1302
33392,3579.95,0,0,0,0,38.87,594,50,1302
33442,3618.82,0,0,0,0,-46.54,594,50,1302
33492,3581.66,0,0,0,0,36.28,594,50,1302
33542,3630.20,0,0,0,0,-80.75,594,51,1302
33592,3546.10,0,0,1,0,403.35,602,52,1364
33642,3544.42,0,0,1,0,450.25,610,53,1420
33692,3546.10,0,0,1,0,402.31,617,54,1473
33742,3545.26,0,0,1,0,419.85,624,55,1510
33792,3546.10,0,0,1,0,397.12,631,56,1557
33842,3581.66,0,0,0,0,135.81,632,57,1559
33892,3619.69,0,0,0,0,66.72,634,57,1563
33942,3571.43,0,0,0,0,114.98,636,57,1568
33992,3615.33,0,0,0,0,26.33,636,59,1568
34042,3574.83,0,0,0,0,65.94,636,61,1568
34092,3612.72,0,0,0,0,-2.61,636,61,1568
34142,3581.66,0,0,0,0,38.03,636,61,1568
34192,3618.82,0,0,0,0,-48.24,636,61,1568
34242,3571.43,0,0,0,0,47.39,636,61,1568
34292,3607.50,0,0,0,0,28.36,636,61,1568
34342,3580.81,0,0,0,0,34.52,636,61,1568
34392,3606.64,0,0,0,0,24.10,636,61,1568
34442,3570.58,0,0,0,0,48.24,636,61,1568
34492,3597.98,0,0,0,0,34.21,636,61,1568
34542,3571.43,0,0,0,0,45.64,636,61,1568
34592,3618.82,0,0,0,0,-35.44,636,61,1568
34642,3571.43,0,0,0,0,47.39,636,61,1568
34692,3629.32,0,0,0,0,-49.37,636,61,1568
34742,3583.37,0,0,0,0,47.71,636,61,1568
34792,3616.20,0,0,0,0,-25.11,636,61,1568
34842,3591.95,0,0,0,0,-38.87,636,61,1568
34892,3618.82,0,0,0,0,-38.87,636,61,1568
34942,3568.03,0,0,0,0,39.47,636,61,1568
34992,3609.24,0,0,1,0,41.86,636,62,1568
35042,3576.54,0,0,0,0,30.97,636,62,1568
35092,3608.37,0,0,0,0,47.39,636,62,1568
35142,3568.88,0,0,0,0,39.49,636,62,1568
35192,3617.07,0,0,0,0,-41.39,636,62,1568
35243,3583.37,0,0,0,0,25.00,636,62,1568
35293,3626.69,0,0,0,0,-45.03,636,62,1568
35343,3569.73,0,0,0,0,49.09,636,62,1568
35393,3607.50,0,0,0,0,29.32,636,62,1568
35443,3585.09,0,0,0,0,23.29,636,62,1568
35493,3618.82,0,0,0,0,-38.87,636,62,1568
35543,3581.66,0,0,0,0,37.16,636,62,1568
35593,3618.82,0,0,0,0,-48.24,636,62,1568
35643,3568.03,0,0,0,0,39.47,636,62,1568
35693,3607.50,0,0,0,0,40.40,636,62,1568
35743,3581.66,0,0,0,0,37.16,636,62,1568
35793,3608.37,0,0,0,0,30.97,636,62,1568
35843,3581.66,0,0,0,0,36.28,636,62,1568
35893,3628.45,0,0,0,0,-46.79,636,62,1568
35943,3564.64,0,0,0,0,33.35,636,62,1568
35993,3607.50,0,0,0,0,38.62,636,62,1568
36043,3570.58,0,0,0,0,47.37,636,62,1568
36093,3617.07,0,0,0,0,-48.19,636,62,1568
36143,3579.95,0,0,0,0,38.87,636,62,1568
36193,3607.50,0,0,0,0,38.05,636,62,1568
36243,3571.43,0,0,0,0,47.39,636,62,1568
36293,3617.94,0,0,0,0,-37.14,636,62,1568
36343,3591.95,0,0,0,0,-29.44,636,62,1568
36393,3618.82,0,0,0,0,-38.01,636,62,1568
36443,3579.95,0,0,0,0,38.87,636,62,1568
36493,3617.94,0,0,0,0,-47.37,636,62,1568
36543,3581.66,0,0,0,0,35.41,636,62,1568
36593,3618.82,0,0,0,0,-48.24,636,62,1568
36643,3575.69,0,0,0,0,30.95,636,62,1568
36694,3597.12,0,0,0,0,25.72,636,62,1568
36744,3563.79,0,0,0,0,34.19,636,62,1568
36794,3617.07,0,0,0,0,-56.66,636,62,1568
36844,3574.83,0,0,0,0,33.54,636,62,1568
36894,3623.19,0,0,0,0,-31.23,636,62,1568
36944,3591.95,0,0,0,0,33.81,636,62,1568
36994,3623.19,0,0,0,0,-31.23,636,62,1568
37044,3580.81,0,0,0,0,37.14,636,62,1568
37094,3617.07,0,0,0,0,-36.27,636,62,1568
37144,3549.46,0,0,1,0,69.36,636,63,1568
37194,3617.07,0,0,0,0,-44.79,636,63,1568
37244,3579.95,0,0,0,0,38.87,636,63,1568
37294,3606.64,0,0,0,0,28.45,636,63,1568
37344,3576.54,0,0,0,0,31.83,636,63,1568
37394,3618.82,0,0,0,0,-38.87,636,63,1568
37444,3581.66,0,0,0,0,36.28,636,63,1568
37494,3607.50,0,0,0,0,27.43,636,63,1568
37544,3608.37,0,0,0,0,40.32,636,63,1568
37594,3545.26,0,0,1,0,402.11,646,64,1635
37644,3543.59,0,0,1,0,298.63,649,66,1654
37694,3543.59,0,0,1,0,258.70,653,67,1678
37744,3610.98,0,0,0,0,100.06,655,67,1686
37794,3586.80,0,0,0,0,122.40,657,67,1693
37844,3602.31,0,-1,0,-5,-175.17,659,67,1698
37894,3577.39,0,0,0,0,102.69,661,67,1702
37944,3597.98,0,0,0,0,42.24,661,67,1702
37994,3571.43,0,0,0,0,39.55,661,67,1702
38044,3608.37,0,0,0,0,20.56,661,67,1702
38094,3569.73,0,0,0,0,45.60,661,67,1702
38144,3597.12,0,0,0,0,46.45,661,67,1702
38194,3573.98,0,0,0,0,22.28,661,67,1702
38244,3607.50,0,0,0,0,39.53,661,67,1702
38294,3571.43,0,0,0,0,47.39,661,67,1702
38344,3618.82,0,0,0,0,-37.16,661,67,1702
38394,3576.54,0,0,0,0,31.83,661,67,1702
38444,3607.50,0,0,0,0,37.16,661,67,1702
38494,3581.66,0,0,0,0,47.66,661,67,1702
38544,3617.94,0,0,0,0,-36.28,661,67,1702
38594,3581.66,0,0,0,0,37.16,661,67,1702
38644,3608.37,0,0,0,0,30.97,661,67,1702
38694,3564.64,0,0,0,0,33.35,661,67,1702
38744,3607.50,0,0,0,0,32.70,661,67,1702
38794,3580.81,0,0,0,0,38.01,661,67,1702
38844,3606.64,0,0,0,0,38.05,661,67,1702
38894,3574.83,0,0,0,0,33.54,661,67,1702
38944,3607.50,0,0,0,0,26.58,661,67,1702
38994,3571.43,0,0,0,0,45.64,661,67,1702
39044,3607.50,0,0,0,0,40.38,661,67,1702
39094,3568.03,0,0,0,0,40.34,661,67,1702
39144,3608.37,0,0,0,0,28.45,661,67,1702
39194,3572.28,0,0,0,0,25.71,661,67,1702
39244,3606.64,0,0,0,0,47.41,661,67,1702
39294,3575.69,0,0,0,0,32.69,661,67,1702
39344,3606.64,0,0,0,0,47.41,661,67,1702
39394,3573.98,0,0,0,0,23.14,661,67,1702
39444,3607.50,0,0,0,0,27.43,661,67,1702
39494,3568.88,0,0,0,0,38.62,661,67,1702
39544,3608.37,0,0,0,0,39.49,661,67,1702
39595,3564.64,0,0,0,0,34.21,661,67,1702
39645,3608.37,0,0,0,0,33.35,661,67,1702
39695,3580.81,0,0,0,0,36.27,661,67,1702
39745,3608.37,0,0,0,0,34.41,661,67,1702
39795,3573.98,0,0,0,0,22.28,661,67,1702
39845,3618.82,0,0,0,0,-42.28,661,67,1702
39895,3566.33,0,0,0,0,31.65,661,67,1702
39945,3606.64,0,0,0,0,33.36,661,67,1702
39995,3565.49,0,0,0,0,32.50,661,67,1702
40045,3617.94,0,0,0,0,-51.61,661,67,1702
40095,3573.98,0,0,0,0,24.00,661,67,1702
40145,3597.98,0,0,0,0,33.41,661,67,1702
40195,3564.64,0,0,0,0,32.48,661,67,1702
40245,3607.50,0,0,0,0,39.53,661,67,1702
40295,3571.43,0,0,0,0,45.64,661,67,1702
40345,3618.82,0,0,0,0,-38.01,661,67,1702
40395,3571.43,0,0,0,0,45.64,661,67,1702
40445,3607.50,0,0,0,0,26.58,661,67,1702
40495,3608.37,0,0,0,0,32.67,661,67,1702
40545,3545.26,0,0,1,0,339.74,667,68,1745
40595,3544.42,0,0,1,0,295.82,672,69,1774
40645,3546.10,0,0,1,0,303.02,677,70,1801
40695,3544.42,0,0,1,0,257.86,681,71,1824
40745,3577.39,0,0,0,0,221.04,684,71,1824
40795,3604.90,0,-1,0,-3,-292.65,686,71,1827
40845,3574.83,0,0,0,0,28.34,686,71,1827
40895,3607.50,0,0,0,0,37.83,686,71,1827
40945,3571.43,0,0,0,0,42.16,686,71,1827
40995,3607.50,0,0,0,0,29.16,686,71,1827
41046,3571.43,0,0,0,0,39.55,686,71,1827
41096,3607.50,0,0,0,0,26.67,686,71,1827
41146,3574.83,0,0,0,0,31.80,686,71,1827
41196,3597.12,0,0,0,0,36.01,686,71,1827
41246,3560.41,0,0,0,0,46.23,686,71,1827
41296,3586.80,0,0,0,0,-23.01,686,71,1827
41346,3556.19,0,0,1,0,43.52,686,73,1827
41396,3597.12,0,0,0,0,25.60,686,73,1827
41446,3557.87,0,0,1,0,39.25,686,74,1827
41496,3607.50,0,0,0,0,48.85,686,74,1827
41546,3567.18,0,0,0,0,40.32,686,74,1827
41596,3596.26,0,0,0,0,40.36,686,74,1827
41646,3568.03,0,0,0,0,38.61,686,74,1827
41696,3607.50,0,0,0,0,39.53,686,74,1827
41746,3568.03,0,0,0,0,40.34,686,74,1827
41796,3618.82,0,0,0,0,-47.39,686,74,1827
41846,3581.66,0,0,0,0,37.16,686,74,1827
41896,3606.64,0,0,0,0,32.50,686,74,1827
41946,3567.18,0,0,0,0,41.19,686,74,1827
41996,3609.24,0,0,0,0,25.72,686,74,1827
42046,3576.54,0,0,0,0,30.10,686,74,1827
42096,3618.82,0,0,0,0,-48.24,686,74,1827
42146,3581.66,0,0,0,0,37.16,686,74,1827
42196,3597.98,0,0,0,0,32.70,686,74,1827
42246,3573.98,0,0,0,0,23.14,686,74,1827
42296,3606.64,0,0,0,0,38.68,686,74,1827
42346,3574.83,0,0,0,0,33.54,686,74,1827
42396,3607.50,0,0,0,0,24.89,686,74,1827
42446,3571.43,0,0,0,0,45.64,686,74,1827
42496,3617.94,0,0,0,0,-48.22,686,74,1827
42546,3576.54,0,0,0,0,31.83,686,74,1827
42596,3607.50,0,0,0,0,23.15,686,74,1827
42646,3576.54,0,0,0,0,31.83,686,74,1827
42696,3618.82,0,0,0,0,-47.39,686,74,1827
42746,3584.23,0,0,0,0,24.14,686,74,1827
42796,3597.12,0,0,0,0,32.70,686,74,1827
42846,3570.58,0,0,0,0,47.37,686,74,1827
42896,3608.37,0,0,0,0,34.41,686,74,1827
42946,3568.03,0,0,0,0,38.61,686,74,1827
42996,3610.11,0,0,0,0,-50.55,686,75,1827
43046,3568.03,0,0,0,0,40.34,686,75,1827
43096,3597.12,0,0,0,0,40.36,686,75,1827
43146,3597.98,0,0,0,0,18.02,686,75,1827
43196,3543.59,0,0,1,0,406.90,695,76,1886
43246,3543.59,0,0,1,0,454.28,703,77,1943
43296,3545.26,0,0,1,0,404.19,710,78,1994
43346,3545.26,0,0,1,0,333.71,716,79,2026
43396,3543.59,0,0,1,0,305.53,721,80,2053
43446,3606.64,0,0,0,0,50.69,721,80,2053
43496,3556.19,0,0,1,0,31.47,721,81,2053
43546,3597.98,0,0,0,0,22.14,721,81,2053
43596,3558.72,0,0,1,0,45.32,721,83,2053
43646,3590.23,0,0,0,0,-60.01,721,84,2053
43696,3557.03,0,0,1,0,28.91,721,85,2053
43746,3599.71,0,0,1,0,41.64,721,86,2053
43796,3556.19,0,0,1,0,42.66,721,88,2053
43846,3599.71,0,0,1,0,34.91,721,89,2053
43896,3568.03,0,0,0,0,40.34,721,89,2053
43947,3608.37,0,0,0,0,28.45,721,89,2053
43997,3567.18,0,0,0,0,41.19,721,89,2053
44047,3605.77,0,0,0,0,-11.92,721,89,2053
44097,3575.69,0,0,0,0,32.69,721,89,2053
44147,3608.37,0,0,0,0,33.55,721,89,2053
44197,3585.09,0,0,0,0,21.55,721,89,2053
44247,3608.37,0,0,0,0,40.40,721,89,2053
44297,3573.98,0,0,0,0,23.14,721,89,2053
44347,3607.50,0,0,0,0,24.00,721,89,2053
44397,3576.54,0,0,0,0,31.83,721,89,2053
44447,3606.64,0,0,0,0,7.72,721,89,2053
44497,3555.34,0,0,1,0,32.31,721,90,2053
44547,3609.24,0,0,1,0,42.72,721,91,2053
44597,3571.43,0,0,0,0,46.52,721,91,2053
44647,3618.82,0,0,0,0,-33.73,721,91,2053
44697,3581.66,0,0,0,0,36.28,721,91,2053
44747,3617.94,0,0,0,0,-32.86,721,91,2053
44797,3571.43,0,0,0,0,47.39,721,91,2053
44847,3602.31,0,0,0,0,-71.48,721,92,2053
44897,3567.18,0,0,0,0,40.32,721,92,2053
44947,3596.26,0,0,0,0,48.85,721,92,2053
44997,3546.10,0,0,1,0,39.84,721,93,2053
45047,3588.52,0,0,0,0,-30.64,721,94,2053
45097,3566.33,0,0,0,0,41.17,721,94,2053
45147,3599.71,0,0,1,0,32.33,721,95,2053
45197,3557.87,0,0,1,0,39.25,721,96,2053
45247,3600.58,0,0,0,0,-113.37,722,96,2053
45297,3567.18,0,0,0,0,40.32,722,96,2053
45347,3607.50,0,0,0,0,27.43,722,96,2053
45398,3576.54,0,0,0,0,30.97,722,96,2053
45448,3618.82,0,0,0,0,-38.87,722,96,2053
45498,3571.43,0,0,0,0,47.39,722,96,2053
45548,3608.37,0,0,0,0,47.96,722,96,2053
45598,3575.69,0,0,0,0,32.69,722,96,2053
45648,3605.77,0,0,0,0,24.87,722,96,2053
45698,3597.98,0,0,0,0,31.79,722,96,2053
45748,3544.42,0,0,1,0,475.95,731,97,2117
45798,3546.10,0,0,1,0,404.39,738,98,2173
45848,3546.10,0,0,1,0,411.68,745,99,2223
45898,3546.10,0,0,1,0,332.88,751,100,2257
45948,3545.26,0,0,1,0,316.74,756,101,2286
45998,3543.59,0,0,1,0,268.36,760,102,2310
46048,3568.88,0,0,0,0,36.89,760,102,2310
46098,3606.64,0,0,0,0,25.79,760,102,2310
46148,3575.69,0,0,0,0,32.69,760,102,2310
46198,3587.66,0,0,0,0,-13.68,760,102,2310
46248,3568.03,0,0,0,0,39.47,760,103,2310
46298,3597.98,0,0,1,0,42.66,760,104,2310
46348,3567.18,0,0,0,0,41.19,760,104,2310
46398,3597.12,0,0,0,0,33.35,760,104,2310
46448,3573.98,0,0,0,0,22.28,760,104,2310
46498,3618.82,0,0,0,0,-42.28,760,104,2310
46548,3584.23,0,0,0,0,24.14,760,104,2310
46598,3608.37,0,0,0,0,30.97,760,104,2310
46648,3573.13,0,0,0,0,24.85,760,104,2310
46698,3597.12,0,0,0,0,31.83,760,104,2310
46748,3573.98,0,0,0,0,24.00,760,104,2310
46798,3597.12,0,0,0,0,42.12,760,104,2310
46848,3565.49,0,0,0,0,34.23,760,105,2310
46898,3595.40,0,0,0,0,29.06,760,105,2310
46948,3572.28,0,0,0,0,25.71,760,105,2310
46998,3597.12,0,0,0,0,24.85,760,105,2310
47048,3576.54,0,0,0,0,30.10,760,105,2310
47098,3608.37,0,0,0,0,33.55,760,105,2310
47148,3576.54,0,0,0,0,31.83,760,105,2310
47198,3608.37,0,0,0,0,39.47,760,105,2310
47248,3565.49,0,0,0,0,31.64,760,105,2310
47298,3597.98,0,0,0,0,33.35,760,105,2310
47348,3568.88,0,0,0,0,37.76,760,105,2310
47398,3587.66,0,0,0,0,-18.78,760,105,2310
47448,3567.18,0,0,0,0,40.32,760,105,2310
47498,3606.64,0,0,0,0,24.00,760,105,2310
47548,3576.54,0,0,0,0,30.97,760,105,2310
47598,3597.98,0,0,0,0,41.19,760,105,2310
47648,3579.10,0,0,0,0,29.27,760,105,2310
47698,3608.37,0,0,0,0,40.34,760,105,2310
47748,3563.79,0,0,0,0,34.19,760,105,2310
47798,3606.64,0,0,0,0,31.83,760,105,2310
47848,3575.69,0,0,0,0,32.69,760,105,2310
47898,3597.12,0,0,0,0,33.35,760,105,2310
47948,3565.49,0,0,0,0,30.77,760,105,2310
47998,3607.50,0,0,0,0,29.93,760,105,2310
48048,3597.98,0,0,0,0,36.93,760,105,2310
48098,3546.10,0,0,1,0,402.31,769,106,2371
48148,3544.42,0,0,1,0,512.92,777,107,2431
48198,3546.10,0,0,1,0,401.27,785,108,2489
48248,3545.26,0,0,1,0,415.66,792,109,2526
48299,3546.10,0,0,1,0,382.66,799,110,2572
48349,3545.26,0,0,1,0,318.73,805,111,2605
48399,3544.42,0,0,1,0,301.73,810,112,2633
48449,3543.59,0,0,1,0,257.73,814,113,2657
48499,3577.39,0,0,0,0,219.12,817,113,2657
48549,3604.04,0,-1,0,-3,-303.60,819,113,2660
48599,3576.54,0,0,0,0,166.91,821,113,2664
48649,3608.37,0,0,0,0,39.47,821,113,2664
48699,3576.54,0,0,0,0,25.77,821,113,2664
48749,3607.50,0,0,0,0,39.38,821,113,2664
48799,3566.33,0,0,0,0,34.24,821,113,2664
48849,3608.37,0,0,1,0,45.25,821,114,2664
48899,3576.54,0,0,0,0,30.97,821,114,2664
48949,3617.94,0,0,0,0,-34.57,821,114,2664
48999,3584.23,0,0,0,0,23.27,821,114,2664
49049,3608.37,0,0,0,0,34.41,821,114,2664
49099,3571.43,0,0,0,0,47.39,821,114,2664
49149,3617.94,0,0,0,0,-37.14,821,114,2664
49199,3576.54,0,0,0,0,31.83,821,114,2664
49249,3597.98,0,0,0,0,30.97,821,114,2664
49299,3564.64,0,0,0,0,32.48,821,114,2664
49349,3597.12,0,0,0,0,41.21,821,114,2664
49399,3573.98,0,0,0,0,22.28,821,114,2664
49449,3608.37,0,0,0,0,25.87,821,114,2664
49499,3571.43,0,0,0,0,46.52,821,114,2664
49549,3617.94,0,0,0,0,-48.22,821,114,2664
49599,3571.43,0,0,0,0,47.39,821,114,2664
49649,3608.37,0,0,0,0,45.64,821,114,2664
49699,3576.54,0,0,0,0,30.97,821,114,2664
49750,3609.24,0,0,1,0,48.81,821,115,2664
49800,3572.28,0,0,0,0,25.71,821,115,2664
49850,3597.98,0,0,0,0,42.04,821,115,2664
49900,3576.54,0,0,0,0,30.97,821,115,2664
49950,3617.94,0,0,0,0,-40.55,821,115,2664
50000,3573.98,0,0,0,0,24.00,821,115,2664
50050,3608.37,0,0,0,0,38.68,821,115,2664
50100,3575.69,0,0,0,0,32.69,821,115,2664
50150,3606.64,0,0,0,0,39.49,821,115,2664
50200,3568.03,0,0,0,0,40.34,821,115,2664
50250,3617.94,0,0,0,0,-48.22,821,115,2664
50300,3576.54,0,0,0,0,30.97,821,115,2664
50350,3608.37,0,0,0,0,32.69,821,115,2664
50400,3571.43,0,0,0,0,47.39,821,115,2664
50450,3618.82,0,0,0,0,-42.28,821,115,2664
50500,3559.56,0,0,1,0,47.94,821,116,2664
50550,3605.77,0,0,0,0,33.39,821,116,2664
50600,3557.03,0,0,1,0,40.09,821,117,2664
50650,3610.11,0,0,0,0,-51.39,821,118,2664
50700,3576.54,0,0,0,0,30.97,821,118,2664
50750,3608.37,0,0,0,0,30.97,821,118,2664
50800,3564.64,0,0,0,0,33.35,821,118,2664
50850,3606.64,0,0,0,0,47.10,821,118,2664
50900,3568.88,0,0,0,0,39.49,821,119,2664
50950,3586.80,0,0,0,0,-20.47,821,119,2664
51000,3587.66,0,0,0,0,-23.02,821,119,2664
51050,3545.26,0,0,1,0,402.11,830,120,2734
51100,3544.42,0,0,1,0,464.13,838,121,2792
51150,3545.26,0,0,1,0,402.11,845,122,2843
51200,3545.26,0,0,1,0,330.71,851,123,2875
51250,3572.28,0,0,0,0,48.29,851,123,2875
51300,3618.82,0,0,0,0,-45.69,851,123,2875
51350,3570.58,0,0,0,0,41.27,851,123,2875
51400,3606.64,0,0,0,0,48.99,851,123,2875
51450,3567.18,0,0,0,0,41.19,851,123,2875
51500,3597.12,0,0,0,0,23.13,851,123,2875
51550,3568.88,0,0,0,0,38.62,851,123,2875
51600,3597.98,0,0,0,0,23.14,851,123,2875
51650,3563.79,0,0,0,0,33.33,851,123,2875
51700,3599.71,0,0,1,0,42.64,851,124,2875
51750,3546.10,0,0,1,0,42.42,851,126,2875
51800,3578.24,0,0,0,0,-20.37,851,127,2875
51850,3557.87,0,0,1,0,40.11,851,129,2875
51900,3597.12,0,0,0,0,33.36,851,129,2875
51950,3573.13,0,0,0,0,23.99,851,129,2875
52000,3618.82,0,0,0,0,-49.94,851,129,2875
52050,3580.81,0,0,0,0,48.52,851,129,2875
52100,3608.37,0,0,0,0,30.13,851,129,2875
52150,3576.54,0,0,0,0,30.10,851,129,2875
52200,3608.37,0,0,0,0,33.55,851,129,2875
52250,3581.66,0,0,0,0,36.28,851,129,2875
52300,3608.37,0,0,0,0,24.15,851,129,2875
52350,3573.98,0,0,0,0,24.00,851,129,2875
52400,3607.50,0,0,0,0,48.85,851,129,2875
52450,3574.83,0,0,0,0,33.54,851,129,2875
52500,3607.50,0,0,0,0,30.14,851,129,2875
52550,3573.98,0,0,0,0,22.28,851,129,2875
52600,3608.37,0,0,0,0,26.57,851,129,2875
52651,3557.03,0,0,1,0,40.95,851,130,2875
52701,3586.80,0,0,0,0,-25.55,851,130,2875
52751,3565.49,0,0,0,0,34.23,851,131,2875
52801,3607.50,0,0,0,0,23.99,851,131,2875
52851,3568.88,0,0,0,0,38.62,851,131,2875
52901,3597.98,0,0,0,0,22.29,851,131,2875
52951,3575.69,0,0,0,0,31.82,851,131,2875
53001,3617.94,0,0,0,0,-46.52,851,131,2875
53051,3569.73,0,0,0,0,49.09,851,131,2875
53101,3606.64,0,0,0,0,28.45,851,131,2875
53151,3568.88,0,0,0,0,39.49,851,131,2875
53201,3608.37,0,0,0,0,42.06,851,131,2875
53251,3576.54,0,0,0,0,31.83,851,131,2875
53301,3607.50,0,0,0,0,24.85,851,131,2875
53351,3564.64,0,0,0,0,33.35,851,131,2875
53401,3606.64,0,0,0,0,38.62,851,131,2875
53451,3574.83,0,0,0,0,32.67,851,131,2875
53501,3608.37,0,0,0,0,34.41,851,131,2875
53551,3596.26,0,0,0,0,45.43,851,131,2875
53601,3546.10,0,0,1,0,369.33,859,132,2925
53651,3543.59,0,0,1,0,282.94,863,133,2955
53701,3566.33,0,0,0,0,231.13,866,133,2955
53751,3614.46,0,0,0,0,115.96,868,133,2961
53801,3588.52,0,0,0,0,137.27,870,133,2968
53851,3610.11,0,0,0,0,86.29,872,133,2975
53901,3568.03,0,0,0,0,32.55,872,133,2975
53951,3586.80,0,0,0,0,-23.01,872,133,2975
54001,3564.64,0,0,0,0,27.32,872,133,2975
54051,3597.12,0,0,0,0,33.35,872,133,2975
54102,3570.58,0,0,0,0,36.06,872,133,2975
54152,3618.82,0,0,0,0,-52.48,872,133,2975
54202,3560.41,0,0,0,0,47.96,872,133,2975
54252,3597.98,0,0,1,0,38.39,872,134,2975
54302,3566.33,0,0,0,0,31.65,872,135,2975
54352,3599.71,0,0,1,0,32.31,872,136,2975
54402,3563.79,0,0,0,0,35.92,872,137,2975
54452,3596.26,0,0,0,0,24.00,872,137,2975
54502,3562.10,0,0,0,0,44.54,872,137,2975
54552,3597.12,0,0,0,0,25.72,872,137,2975
54602,3560.41,0,0,0,0,47.10,872,137,2975
54652,3605.77,0,0,0,0,31.65,872,137,2975
54702,3573.13,0,0,0,0,23.99,872,137,2975
54752,3608.37,0,0,0,0,41.19,872,137,2975
54802,3568.03,0,0,0,0,39.47,872,137,2975
54852,3597.12,0,0,0,0,35.07,872,137,2975
54902,3568.88,0,0,0,0,39.49,872,137,2975
54952,3596.26,0,0,0,0,31.85,872,137,2975
55002,3567.18,0,0,0,0,41.19,872,137,2975
55052,3597.98,0,0,0,0,33.35,872,137,2975
55102,3559.56,0,0,1,0,48.81,872,138,2975
55152,3597.98,0,0,0,0,48.83,872,138,2975
55202,3567.18,0,0,0,0,41.19,872,138,2975
55252,3597.98,0,0,0,0,41.19,872,138,2975
55302,3566.33,0,0,0,0,29.93,872,138,2975
55352,3608.37,0,0,0,0,39.47,872,138,2975
55402,3564.64,0,0,0,0,33.35,872,138,2975
55452,3596.26,0,0,0,0,38.62,872,138,2975
55502,3566.33,0,0,0,0,29.93,872,138,2975
55552,3607.50,0,0,0,0,32.48,872,138,2975
55602,3557.87,0,0,1,0,39.25,872,139,2975
55652,3597.98,0,0,1,0,42.68,872,140,2975
55702,3570.58,0,0,0,0,37.79,872,140,2975
55752,3608.37,0,0,0,0,42.06,872,140,2975
55802,3576.54,0,0,0,0,30.97,872,140,2975
55852,3576.54,0,0,0,0,31.83,872,140,2975
55902,3799.39,0,-2,0,0,-91.11,878,140,3002
55952,3737.85,0,-1,0,0,-35.06,883,140,3042
56002,3544.42,0,0,1,0,280.16,887,141,3071
56052,3567.18,0,0,0,0,196.93,890,141,3071
56102,3613.59,0,0,0,0,81.90,892,141,3079
56152,3578.24,0,0,0,0,141.07,894,141,3086
56202,3608.37,0,0,0,0,24.11,894,141,3086
56252,3571.43,0,0,0,0,46.52,894,141,3086
56302,3597.98,0,0,0,0,36.96,894,141,3086
56352,3569.73,0,0,0,0,42.99,894,141,3086
56402,3605.77,0,0,0,0,39.40,894,141,3086
56452,3574.83,0,0,0,0,33.54,894,141,3086
56502,3607.50,0,0,0,0,38.88,894,141,3086
56552,3573.98,0,0,0,0,88.13,894,142,3086
56602,3618.82,0,0,0,0,-43.98,894,142,3086
56652,3571.43,0,0,0,0,45.64,894,142,3086
56702,3608.37,0,0,0,0,40.34,894,142,3086
56752,3581.66,0,0,0,0,37.16,894,142,3086
56802,3608.37,0,0,0,0,55.29,894,142,3086
56852,3568.88,0,0,0,0,39.49,894,142,3086
56902,3596.26,0,0,0,0,38.68,894,142,3086
56952,3570.58,0,0,0,0,69.31,894,143,3086
57003,3607.50,0,0,0,0,41.19,894,143,3086
57053,3566.33,0,0,0,0,29.93,894,143,3086
57103,3607.50,0,0,0,0,29.06,894,143,3086
57153,3575.69,0,0,0,0,31.82,894,143,3086
57203,3607.50,0,0,0,0,37.16,894,143,3086
57253,3570.58,0,0,0,0,48.24,894,143,3086
57303,3617.07,0,0,0,0,-35.41,894,143,3086
57353,3573.13,0,0,0,0,88.98,894,145,3086
57403,3606.64,0,0,0,0,57.90,894,145,3086
57453,3573.13,0,0,0,0,23.99,894,145,3086
57503,3618.82,0,0,0,0,-51.64,894,145,3086
57553,3576.54,0,0,0,0,30.97,894,145,3086
57603,3608.37,0,0,0,0,41.19,894,145,3086
57653,3560.41,0,0,0,0,47.10,894,145,3086
57703,3606.64,0,0,0,0,33.36,894,145,3086
57753,3573.98,0,0,0,0,24.00,894,145,3086
57803,3608.37,0,0,0,0,40.40,894,145,3086
57853,3546.94,0,0,1,0,39.86,894,146,3086
57903,3587.66,0,0,0,0,-40.72,894,147,3086
57953,3557.03,0,0,1,0,41.82,894,149,3086
58003,3597.98,0,0,0,0,22.18,894,149,3086
58053,3574.83,0,0,0,0,33.54,894,149,3086
58103,3617.07,0,0,0,0,-45.64,894,149,3086
58153,3579.95,0,0,0,0,38.87,894,149,3086
58203,3606.64,0,0,0,0,32.70,894,149,3086
58253,3576.54,0,0,0,0,31.83,894,149,3086
58303,3597.98,0,0,0,0,26.57,894,149,3086
58353,3568.88,0,0,0,0,38.62,894,149,3086
58403,3608.37,0,0,0,0,30.97,894,149,3086
58454,3567.18,0,0,0,0,41.19,894,149,3086
58504,3596.26,0,0,0,0,20.48,894,149,3086
58554,3568.03,0,0,0,0,40.34,894,149,3086
58604,3597.12,0,0,0,0,40.38,894,149,3086
58655,3557.87,0,0,1,0,39.25,894,150,3086
58705,3618.82,0,0,0,0,-58.41,894,150,3086
58755,3618.82,0,0,0,0,-40.57,894,150,3086
58806,3814.85,-16,-2,0,-15,-268.75,905,151,3173
58856,3573.13,0,0,0,0,181.56,909,151,3175
58906,3608.37,0,0,0,0,27.50,909,151,3175
58956,3576.54,0,0,0,0,30.97,909,151,3175
59006,3607.50,0,0,0,0,41.19,909,151,3175
59056,3618.82,0,0,0,0,-46.54,909,151,3175
59106,3545.26,0,0,1,0,403.15,917,152,3235
59156,3545.26,0,0,1,0,395.88,924,153,3284
59206,3545.26,0,0,1,0,391.75,931,154,3322
59256,3545.26,0,0,1,0,307.81,937,155,3352
59307,3544.42,0,0,1,0,279.18,941,156,3377
59357,3597.98,0,-1,0,-4,-282.83,943,156,3381
59407,3551.98,0,0,1,0,139.88,945,157,3389
59457,3597.12,0,0,0,0,-17.06,945,157,3389
59507,3558.72,0,0,1,0,46.18,945,159,3389
59557,3618.82,0,0,0,0,-49.94,945,159,3389
59607,3571.43,0,0,0,0,47.39,945,159,3389
59657,3608.37,0,0,0,0,24.85,945,159,3389
59707,3576.54,0,0,0,0,30.97,945,159,3389
59757,3598.85,0,0,0,0,39.47,945,159,3389
59807,3567.18,0,0,0,0,40.32,945,159,3389
59857,3590.23,0,0,1,0,32.31,945,160,3389
59907,3565.49,0,0,0,0,34.23,945,161,3389
59957,3597.98,0,0,0,0,29.23,945,161,3389
60007,3564.64,0,0,0,0,33.35,945,161,3389
60057,3606.64,0,0,0,0,30.97,945,161,3389
60107,3568.03,0,0,0,0,39.47,945,161,3389
60157,3618.82,0,0,0,0,-51.64,945,161,3389
60207,3571.43,0,0,0,0,46.52,945,161,3389
60257,3607.50,0,0,0,0,31.83,945,161,3389
60307,3568.03,0,0,0,0,40.34,945,161,3389
60357,3607.50,0,0,0,0,47.39,945,161,3389
60407,3570.58,0,0,0,0,48.24,945,161,3389
60457,3607.50,0,0,0,0,47.39,945,161,3389
60507,3579.95,0,0,0,0,38.87,945,161,3389
60557,3617.94,0,0,0,0,-36.28,945,161,3389
60607,3580.81,0,0,0,0,38.01,945,161,3389
60657,3606.64,0,0,0,0,38.01,945,161,3389
60707,3564.64,0,0,0,0,33.35,945,161,3389
60758,3608.37,0,0,0,0,41.17,945,161,3389
60808,3568.03,0,0,0,0,39.47,945,161,3389
60858,3607.50,0,0,0,0,25.73,945,161,3389
60908,3576.54,0,0,0,0,31.83,945,161,3389
60958,3618.82,0,0,0,0,-42.28,945,161,3389
61008,3569.73,0,0,0,0,49.09,945,161,3389
61058,3596.26,0,0,0,0,37.17,945,161,3389
61108,3574.83,0,0,0,0,33.54,945,161,3389
61158,3607.50,0,0,0,0,42.06,945,161,3389
61208,3568.03,0,0,0,0,38.61,945,161,3389
61258,3608.37,0,0,0,0,42.04,945,161,3389
61308,3576.54,0,0,0,0,32.70,945,161,3389
61358,3609.24,0,0,0,0,31.83,945,161,3389
61408,3567.18,0,0,0,0,40.32,945,161,3389
61458,3606.64,0,0,0,0,47.96,945,161,3389
61508,3557.87,0,0,1,0,38.39,945,162,3389
61558,3599.71,0,0,1,0,34.03,945,163,3389
61608,3572.28,0,0,0,0,25.71,945,163,3389
61658,3598.85,0,0,1,0,40.11,945,164,3389
61708,3557.87,0,0,1,0,38.39,945,165,3389
61758,3607.50,0,0,0,0,34.23,945,165,3389
61808,3568.03,0,0,0,0,40.34,945,165,3389
61858,3572.28,0,0,0,0,37.83,945,165,3389
61908,3545.26,0,0,1,0,406.27,954,166,3454
61958,3544.42,0,0,1,0,551.70,963,167,3518
62008,3607.50,0,-2,0,0,-325.47,966,167,3518
62058,3557.03,0,0,1,0,204.25,970,168,3518
62108,3598.85,0,0,0,-5,-178.25,971,168,3523
62158,3551.98,0,0,1,0,87.92,972,169,3523
62208,3596.26,0,0,0,0,35.04,972,169,3523
62258,3566.33,0,0,0,0,41.17,972,169,3523
62308,3599.71,0,0,1,0,41.80,972,170,3523
62358,3566.33,0,0,0,0,30.79,972,170,3523
62408,3598.85,0,0,1,0,47.07,972,171,3523
62458,3575.69,0,0,0,0,31.82,972,171,3523
62508,3618.82,0,0,0,0,-42.28,972,171,3523
62558,3568.03,0,0,0,0,40.34,972,171,3523
62608,3597.12,0,0,0,0,33.39,972,171,3523
62658,3557.87,0,0,1,0,40.11,972,172,3523
62708,3596.26,0,0,0,0,47.96,972,172,3523
62758,3555.34,0,0,1,0,32.31,972,173,3523
62808,3597.12,0,0,0,0,35.07,972,173,3523
62858,3557.87,0,0,1,0,39.25,972,174,3523
62908,3597.98,0,0,1,0,41.01,972,175,3523
62958,3565.49,0,0,0,0,32.50,972,175,3523
63008,3597.98,0,0,0,0,23.89,972,175,3523
63058,3573.98,0,0,0,0,23.14,972,175,3523
63108,3608.37,0,0,0,0,30.97,972,175,3523
63158,3569.73,0,0,0,0,49.09,972,175,3523
63208,3607.50,0,0,0,0,32.70,972,175,3523
63258,3583.37,0,0,0,0,24.13,972,175,3523
63308,3617.07,0,0,0,0,-32.84,972,175,3523
63358,3580.81,0,0,0,0,38.01,972,175,3523
63408,3606.64,0,0,0,0,38.90,972,175,3523
63458,3573.98,0,0,0,0,24.00,972,175,3523
63508,3608.37,0,0,0,0,26.46,972,175,3523
63558,3568.03,0,0,0,0,40.34,972,175,3523
63608,3597.98,0,0,0,0,39.47,972,175,3523
63659,3556.19,0,0,1,0,41.80,972,176,3523
63709,3597.98,0,0,0,0,25.60,972,176,3523
63759,3568.03,0,0,0,0,39.47,972,176,3523
63809,3607.50,0,0,0,0,33.36,972,176,3523
63859,3558.72,0,0,1,0,48.78,972,177,3523
63909,3608.37,0,0,0,0,48.85,972,177,3523
63959,3585.09,0,0,0,0,21.55,972,177,3523
64009,3608.37,0,0,0,0,39.74,972,177,3523
64059,3571.43,0,0,0,0,45.64,972,177,3523
64109,3597.98,0,0,0,0,26.57,972,177,3523
64159,3559.56,0,0,1,0,48.81,972,178,3523
64209,3587.66,0,0,0,0,-28.10,972,179,3523
64259,3587.66,0,0,0,0,-42.40,972,180,3523
64309,3735.06,0,-1,0,0,-29.53,978,180,3554
64359,3599.71,0,-2,0,0,-406.08,982,180,3554
64409,3567.18,0,0,0,0,205.45,986,180,3554
64459,3609.24,0,-1,0,-7,-242.26,988,180,3561
64509,3572.28,0,0,0,0,119.57,990,180,3569
64559,3591.09,0,0,0,0,-71.88,990,181,3569
64609,3555.34,0,0,1,0,44.37,990,182,3569
64659,3606.64,0,0,0,0,38.53,990,182,3569
64709,3576.54,0,0,0,0,31.83,990,182,3569
64759,3618.82,0,0,0,0,-43.98,990,182,3569
64809,3581.66,0,0,0,0,46.79,990,182,3569
64859,3597.98,0,0,0,0,32.69,990,182,3569
64909,3568.88,0,0,0,0,39.49,990,182,3569
64959,3597.12,0,0,0,0,32.50,990,182,3569
65009,3567.18,0,0,0,0,33.39,990,183,3569
65059,3607.50,0,0,0,0,33.35,990,183,3569
65110,3573.98,0,0,0,0,22.28,990,183,3569
65160,3608.37,0,0,0,0,40.36,990,183,3569
65210,3568.88,0,0,0,0,39.49,990,183,3569
65260,3608.37,0,0,0,0,31.85,990,183,3569
65310,3567.18,0,0,0,0,41.19,990,183,3569
65360,3597.98,0,0,0,0,41.21,990,183,3569
65410,3568.03,0,0,0,0,38.61,990,183,3569
65460,3618.82,0,0,0,0,-51.64,990,183,3569
65510,3576.54,0,0,0,0,31.83,990,183,3569
65560,3618.82,0,0,0,0,-42.28,990,183,3569
65610,3585.09,0,0,0,0,23.29,990,183,3569
65660,3618.82,0,0,0,0,-42.28,990,183,3569
65710,3576.54,0,0,0,0,31.83,990,183,3569
65760,3608.37,0,0,0,0,47.39,990,183,3569
65810,3583.37,0,0,0,0,25.87,990,183,3569
65860,3606.64,0,0,0,0,37.16,990,183,3569
65910,3579.95,0,0,0,0,38.87,990,183,3569
65960,3616.20,0,0,0,0,-24.25,990,183,3569
66010,3583.37,0,0,0,0,25.00,990,183,3569
66060,3607.50,0,0,0,0,39.78,990,183,3569
66110,3580.81,0,0,0,0,37.14,990,183,3569
66160,3617.94,0,0,0,0,-46.52,990,183,3569
66210,3570.58,0,0,0,0,39.53,990,183,3569
66260,3608.37,0,0,0,0,24.85,990,183,3569
66310,3576.54,0,0,0,0,30.10,990,183,3569
66360,3608.37,0,0,0,0,33.55,990,183,3569
66410,3576.54,0,0,0,0,31.83,990,183,3569
66460,3608.37,0,0,0,0,30.97,990,183,3569
66510,3566.33,0,0,0,0,31.65,990,183,3569
66560,3608.37,0,0,1,0,40.11,990,184,3569
66610,3631.08,0,0,0,0,-84.98,990,185,3569
66660,3597.98,0,0,0,0,25.74,990,185,3569
66710,3568.88,0,0,0,0,39.49,990,185,3569
66760,3607.50,0,0,0,0,32.50,990,185,3569
66810,3573.13,0,0,0,0,23.99,990,185,3569
66860,3606.64,0,0,0,0,25.72,990,185,3569
66910,3568.03,0,0,0,0,40.34,990,185,3569
66960,3607.50,0,0,0,0,35.92,990,185,3569
67010,3576.54,0,0,0,0,30.97,990,185,3569
67060,3599.71,0,0,1,0,40.09,990,186,3569
67110,3607.50,0,0,0,0,30.83,990,186,3569
67160,3545.26,0,0,1,0,406.27,999,187,3626
67210,3612.72,0,0,0,0,90.07,1000,188,3628
67260,3568.88,0,0,0,0,105.79,1001,188,3633
67310,3611.85,0,0,0,0,6.10,1001,189,3633
67360,3571.43,0,0,0,0,38.68,1001,189,3633
67410,3547.78,0,0,1,0,23.65,1001,190,3633
67460,3570.58,0,0,0,0,44.75,1001,190,3633
67510,3617.94,0,0,0,0,-42.26,1001,190,3633
67560,3570.58,0,0,0,0,43.88,1001,190,3633
67610,3608.37,0,0,0,0,30.16,1001,190,3633
67660,3576.54,0,0,0,0,30.10,1001,190,3633
67710,3617.94,0,0,0,0,-47.37,1001,190,3633
67760,3576.54,0,0,0,0,30.10,1001,190,3633
67810,3588.52,0,0,0,0,-3.43,1001,190,3633
67860,3580.81,0,0,0,0,38.01,1001,190,3633
67910,3607.50,0,0,0,0,21.55,1001,190,3633
67960,3571.43,0,0,0,0,47.39,1001,190,3633
68011,3608.37,0,0,0,0,29.23,1001,190,3633
68061,3573.13,0,0,0,0,24.85,1001,190,3633
68111,3617.07,0,0,0,0,-40.53,1001,190,3633
68161,3583.37,0,0,0,0,25.00,1001,190,3633
68211,3527.75,0,0,0,0,48.79,1001,190,3633
68261,3577.39,0,0,0,0,26.65,1001,191,3633
68311,3608.37,0,0,0,0,32.67,1001,191,3633
68361,3568.03,0,0,0,0,39.47,1001,191,3633
68411,3607.50,0,0,0,0,30.79,1001,191,3633
68461,3564.64,0,0,0,0,33.35,1001,191,3633
68511,3607.50,0,0,0,0,31.62,1001,191,3633
68561,3568.03,0,0,0,0,38.61,1001,191,3633
68611,3607.50,0,0,0,0,33.35,1001,191,3633
68661,3568.03,0,0,0,0,40.34,1001,191,3633
68711,3608.37,0,0,0,0,38.61,1001,191,3633
68761,3555.34,0,0,1,0,32.31,1001,192,3633
68811,3599.71,0,0,1,0,43.26,1001,193,3633
68861,3564.64,0,0,0,0,34.21,1001,194,3633
68911,3607.50,0,0,0,0,38.61,1001,194,3633
68961,3574.83,0,0,0,0,33.54,1001,194,3633
69011,3558.72,0,0,1,0,13.56,1001,195,3633
69061,3581.66,0,0,0,0,29.32,1001,195,3633
69111,3618.82,0,0,0,0,-38.87,1001,195,3633
69161,3581.66,0,0,0,0,36.28,1001,195,3633
69211,3597.12,0,0,0,0,23.99,1001,195,3633
69261,3568.88,0,0,0,0,38.62,1001,195,3633
69311,3607.50,0,0,0,0,30.08,1001,195,3633
69361,3567.18,0,0,0,0,40.32,1001,195,3633
69411,3617.94,0,0,0,0,-43.96,1001,195,3633
69462,3577.39,0,0,0,0,30.98,1001,195,3633
69512,3607.50,0,0,0,0,41.19,1001,195,3633
69562,3568.88,0,0,0,0,38.62,1001,195,3633
69612,3597.98,0,0,0,0,37.74,1001,195,3633
69662,3572.28,0,0,0,0,27.43,1001,196,3633
69712,3617.07,0,0,0,0,-40.53,1001,196,3633
69762,3569.73,0,0,0,0,49.09,1001,196,3633
69812,3597.12,0,0,0,0,24.85,1001,196,3633
69862,3568.03,0,0,0,0,37.74,1001,196,3633
69912,3608.37,0,0,0,0,47.96,1001,196,3633
69962,3575.69,0,0,0,0,31.82,1001,196,3633
70012,3618.82,0,0,0,0,-34.59,1001,196,3633
70062,3618.82,0,0,0,0,-41.43,1001,196,3633
70112,3478.66,0,1,0,0,278.85,1007,196,3633
70162,3356.46,0,3,0,0,42.59,1014,196,3633
70212,3216.12,0,4,0,3,58.27,1025,196,3639
70262,3137.42,0,6,0,2,50.00,1036,196,3642
70312,3174.60,0,5,0,-2,-45.69,1056,196,3668
70362,2937.14,0,8,0,1,26.70,1072,196,3679
70412,2800.07,7,10,0,2,59.25,1100,196,3684
70462,2710.52,1,11,0,2,67.26,1121,196,3687
70512,2636.20,0,12,0,2,65.04,1144,196,3689
70562,2552.76,0,13,0,2,60.48,1169,196,3692
70612,2477.29,0,14,0,2,57.78,1196,196,3694
70662,2394.25,0,15,0,2,61.94,1225,196,3696
70712,2317.32,0,16,0,2,62.12,1256,196,3698
70762,2237.14,1,17,0,2,61.71,1289,196,3700
70812,2161.07,7,18,0,2,61.81,1324,196,3702
70862,2082.75,14,19,0,2,61.94,1361,196,3704
70912,2066.68,0,19,0,0,16.07,1380,196,3704
70962,1993.62,3,20,0,0,15.49,1420,196,3705
71012,1916.69,16,21,0,0,15.55,1462,196,3706
71062,1858.28,0,22,0,1,58.41,1484,196,3707
71112,1782.95,18,23,0,1,57.54,1529,196,3708
71162,1768.24,0,23,0,0,14.71,1552,196,3708
71212,1695.11,23,24,0,0,15.07,1600,196,3709
71262,1632.39,12,25,0,1,62.72,1625,196,3710
71312,1622.67,0,25,0,0,9.71,1650,196,3710
71363,1549.43,25,26,0,0,10.47,1702,196,3711
71413,1486.03,17,27,0,1,63.40,1729,196,3712
71463,1474.93,6,27,0,0,11.10,1756,196,3712
71513,1411.50,2,28,0,1,63.43,1784,196,3713
71563,1402.39,0,28,0,0,9.11,1812,196,3713
71613,1337.73,0,29,0,1,64.66,1841,196,3714
71663,1328.26,0,29,0,0,9.48,1870,196,3714
71713,1262.52,0,30,0,1,65.74,1900,196,3715
71763,1220.31,0,30,0,0,42.21,1930,196,3715
71813,1197.70,0,31,0,0,22.61,1961,196,3715
71863,1201.83,0,31,0,0,-4.13,1992,196,3715
71913,1111.28,0,32,0,1,90.55,2024,196,3716
71963,1106.28,0,32,0,0,5.00,2056,196,3716
72013,1040.94,2,33,0,1,65.33,2089,196,3717
72064,1030.08,9,33,0,0,10.87,2122,196,3717
72114,965.69,23,34,0,1,64.39,2156,196,3718
72164,965.69,0,34,0,1,64.39,2156,196,3718
72214,941.27,0,34,0,0,24.42,2190,196,3718
72264,878.89,8,35,0,0,62.38,2225,196,3718
72314,868.16,24,35,0,0,10.73,2260,196,3718
72364,868.16,0,35,0,0,10.73,2260,196,3718
72414,784.31,3,36,0,1,83.84,2296,196,3719
72464,778.82,29,36,0,0,5.50,2332,196,3719
72514,778.82,0,36,0,0,5.50,2332,196,3719
72564,710.29,14,37,0,0,68.52,2369,196,3719
72614,710.29,0,37,0,0,68.52,2369,196,3719
72664,681.63,5,37,0,0,28.66,2406,196,3719
72714,681.63,0,37,0,0,28.66,2406,196,3719
72764,605.64,2,38,0,0,75.99,2444,196,3719
72814,605.64,0,38,0,0,75.99,2444,196,3719
72864,571.36,8,39,0,0,34.28,2483,196,3719
72914,571.36,0,39,0,0,34.28,2483,196,3719
72964,480.45,35,40,0,0,90.92,2523,196,3719
73014,480.45,0,40,0,0,90.92,2523,196,3719
73064,480.45,0,40,0,0,90.92,2523,196,3719
73114,427.96,26,41,0,0,52.49,2564,196,3719
73164,427.96,0,41,0,0,52.49,2564,196,3719
73214,427.96,0,41,0,0,52.49,2564,196,3719
73264,427.96,0,41,0,0,52.49,2564,196,3719
74437,89.72,0,41,0,0,52.49,2564,196,3719
74487,89.72,0,41,0,0,52.49,2564,196,3719
74537,89.72,0,41,0,0,52.49,2564,196,3719
74587,89.72,0,41,0,0,52.49,2564,196,3719
74637,89.72,0,41,0,0,52.49,2564,196,3719
74687,0.00,0,41,0,0,52.49,2564,196,3719
74737,0.00,0,41,0,0,52.49,2564,196,3719
74787,0.00,0,41,0,0,52.49,2564,196,3719
74838,0.00,0,41,0,0,52.49,2564,196,3719
74888,0.00,0,41,0,0,52.49,2564,196,3719
74938,0.00,0,41,0,0,52.49,2564,196,3719
74988,0.00,0,41,0,0,52.49,2564,196,3719
75038,0.00,0,41,0,0,52.49,2564,196,3719
75088,0.00,0,41,0,0,52.49,2564,196,3719
75138,0.00,0,41,0,0,52.49,2564,196,3719
75188,0.00,0,41,0,0,52.49,2564,196,3719
75238,0.00,0,41,0,0,52.49,2564,196,3719
75288,0.00,0,41,0,0,52.49,2564,196,3719
75338,0.00,0,41,0,0,52.49,2564,196,3719
75388,0.00,0,41,0,0,52.49,2564,196,3719
75438,0.00,0,41,0,0,52.49,2564,196,3719
75488,0.00,0,41,0,0,52.49,2564,196,3719
75538,0.00,0,41,0,0,52.49,2564,196,3719
75588,0.00,0,41,0,0,52.49,2564,196,3719
75638,0.00,0,41,0,0,52.49,2564,196,3719
75688,0.00,0,41,0,0,52.49,2564,196,3719
75738,0.00,0,41,0,0,52.49,2564,196,3719
75788,0.00,0,41,0,0,52.49,2564,196,3719
75838,0.00,0,41,0,0,52.49,2564,196,3719
75888,0.00,0,41,0,0,52.49,2564,196,3719
75938,0.00,0,41,0,0,52.49,2564,196,3719
75988,0.00,0,41,0,0,52.49,2564,196,3719
76038,0.00,0,41,0,0,52.49,2564,196,3719
76088,0.00,0,41,0,0,52.49,2564,196,3719
76138,0.00,0,41,0,0,52.49,2564,196,3719
76188,0.00,0,41,0,0,52.49,2564,196,3719
76238,0.00,0,41,0,0,52.49,2564,196,3719
76288,0.00,0,41,0,0,52.49,2564,196,3719
76338,0.00,0,41,0,0,52.49,2564,196,3719
76388,0.00,0,41,0,0,52.49,2564,196,3719
76438,0.00,0,41,0,0,52.49,2564,196,3719
76488,0.00,0,41,0,0,52.49,2564,196,3719
76538,0.00,0,41,0,0,52.49,2564,196,3719
76588,0.00,0,41,0,0,52.49,2564,196,3719
76638,0.00,0,41,0,0,52.49,2564,196,3719
76688,0.00,0,41,0,0,52.49,2564,196,3719
76738,0.00,0,41,0,0,52.49,2564,196,3719
76788,0.00,0,41,0,0,52.49,2564,196,3719
76838,0.00,0,41,0,0,52.49,2564,196,3719
76888,0.00,0,41,0,0,52.49,2564,196,3719
76938,0.00,0,41,0,0,52.49,2564,196,3719
76988,0.00,0,41,0,0,52.49,2564,196,3719
77038,0.00,0,41,0,0,52.49,2564,196,3719
77088,0.00,0,41,0,0,52.49,2564,196,3719
77138,0.00,0,41,0,0,52.49,2564,196,3719
77188,0.00,0,41,0,0,52.49,2564,196,3719
77238,0.00,0,41,0,0,52.49,2564,196,3719
77288,0.00,0,41,0,0,52.49,2564,196,3719
77338,0.00,0,41,0,0,52.49,2564,196,3719
77388,0.00,0,41,0,0,52.49,2564,196,3719
77438,0.00,0,41,0,0,52.49,2564,196,3719
77488,0.00,0,41,0,0,52.49,2564,196,3719
77538,0.00,0,41,0,0,52.49,2564,196,3719
77588,0.00,0,41,0,0,52.49,2564,196,3719
77638,0.00,0,41,0,0,52.49,2564,196,3719
77688,0.00,0,41,0,0,52.49,2564,196,3719
77739,0.00,0,41,0,0,52.49,2564,196,3719
77789,0.00,0,41,0,0,52.49,2564,196,3719
77839,0.00,0,41,0,0,52.49,2564,196,3719
77889,0.00,0,41,0,0,52.49,2564,196,3719
77939,0.00,0,41,0,0,52.49,2564,196,3719
77989,0.00,0,41,0,0,52.49,2564,196,3719
78039,0.00,0,41,0,0,52.49,2564,196,3719
78089,0.00,0,41,0,0,52.49,2564,196,3719
78139,0.00,0,41,0,0,52.49,2564,196,3719
78189,0.00,0,41,0,0,52.49,2564,196,3719
78239,0.00,0,41,0,0,52.49,2564,196,3719
78289,0.00,0,41,0,0,52.49,2564,196,3719
78339,0.00,0,41,0,0,52.49,2564,196,3719
78389,0.00,0,41,0,0,52.49,2564,196,3719
78439,0.00,0,41,0,0,52.49,2564,196,3719
78489,0.00,0,41,0,0,52.49,2564,196,3719
78539,0.00,0,41,0,0,52.49,2564,196,3719
78589,0.00,0,41,0,0,52.49,2564,196,3719
78639,0.00,0,41,0,0,52.49,2564,196,3719
78689,0.00,0,41,0,0,52.49,2564,196,3719
78739,0.00,0,41,0,0,52.49,2564,196,3719
78789,0.00,0,41,0,0,52.49,2564,196,3719
78839,0.00,0,41,0,0,52.49,2564,196,3719
78889,0.00,0,41,0,0,52.49,2564,196,3719
78939,0.00,0,41,0,0,52.49,2564,196,3719
78989,0.00,0,41,0,0,52.49,2564,196,3719
79039,0.00,0,41,0,0,52.49,2564,196,3719
79089,0.00,0,41,0,0,52.49,2564,196,3719
79139,0.00,0,41,0,0,52.49,2564,196,3719
79190,0.00,0,41,0,0,52.49,2564,196,3719
79240,0.00,0,41,0,0,52.49,2564,196,3719
79290,0.00,0,41,0,0,52.49,2564,196,3719
79340,0.00,0,41,0,0,52.49,2564,196,3719
79390,0.00,0,41,0,0,52.49,2564,196,3719
79440,0.00,0,41,0,0,52.49,2564,196,3719
79490,0.00,0,41,0,0,52.49,2564,196,3719
79540,0.00,0,41,0,0,52.49,2564,196,3719
79590,0.00,0,41,0,0,52.49,2564,196,3719
79640,0.00,0,41,0,0,52.49,2564,196,3719
79690,0.00,0,41,0,0,52.49,2564,196,3719
79740,0.00,0,41,0,0,52.49,2564,196,3719
79790,0.00,0,41,0,0,52.49,2564,196,3719
79840,0.00,0,41,0,0,52.49,2564,196,3719
79890,0.00,0,41,0,0,52.49,2564,196,3719
79940,0.00,0,41,0,0,52.49,2564,196,3719
79990,0.00,0,41,0,0,52.49,2564,196,3719
80040,0.00,0,41,0,0,52.49,2564,196,3719
80090,0.00,0,41,0,0,52.49,2564,196,3719
80140,0.00,0,41,0,0,52.49,2564,196,3719
80190,0.00,0,41,0,0,52.49,2564,196,3719
80240,0.00,0,41,0,0,52.49,2564,196,3719
80290,0.00,0,41,0,0,52.49,2564,196,3719
80340,0.00,0,41,0,0,52.49,2564,196,3719
80390,0.00,0,41,0,0,52.49,2564,196,3719
80440,0.00,0,41,0,0,52.49,2564,196,3719
80490,0.00,0,41,0,0,52.49,2564,196,3719
80540,0.00,0,41,0,0,52.49,2564,196,3719
80590,0.00,0,41,0,0,52.49,2564,196,3719
80640,0.00,0,41,0,0,52.49,2564,196,3719
80690,0.00,0,41,0,0,52.49,2564,196,3719
