Mechanical Governor - Constant Load (1500 W)
Trial:8
Date: 3-31-2023
Time: 12:43 PM
Ambient Temp: 82
Head Temp: 227.6

------ Microcontroller Engine Governor - Version: 1.16 ------
-------------------------------------------------------------
PID Gains:        Kp: 0.013000   Ki: 0.025000   Kd: 1.000000
-------------------------------------------------------------
Set RPM:             3600    |  Min RPM:                300
                             |
RPM Precision        10       |  PID I Precision:         70
                             |
Start Steps:         850     |  Max Steps:               1200
                             |
RPM Calc Interval:   1       |  Num Magnets:             1
                             |
LCD Update Interval: 400     |  Serial Update Interval:  50
-------------------------------------------------------------

Time,RPM,Steps Remaining, PID p, PID i, PID d, RPM Change, P Cmd, I Cmd, D Cmd
1226,0.00,0,0,0,0,0.00,0,0,0
1276,0.00,0,0,0,0,0.00,0,0,0
1326,0.00,0,0,0,0,0.00,0,0,0
1376,0.00,0,0,0,0,0.00,0,0,0
1426,0.00,0,0,0,0,0.00,0,0,0
1476,0.00,0,0,0,0,0.00,0,0,0
1526,0.00,0,0,0,0,0.00,0,0,0
1576,0.00,0,0,0,0,0.00,0,0,0
1626,0.00,0,0,0,0,0.00,0,0,0
1676,0.00,0,0,0,0,0.00,0,0,0
1726,0.00,0,0,0,0,0.00,0,0,0
1776,0.00,0,0,0,0,0.00,0,0,0
1826,0.00,0,0,0,0,0.00,0,0,0
1876,0.00,0,0,0,0,0.00,0,0,0
1926,0.00,0,0,0,0,0.00,0,0,0
1976,0.00,0,0,0,0,0.00,0,0,0
2026,0.00,0,0,0,0,0.00,0,0,0
2076,0.00,0,0,0,0,0.00,0,0,0
2126,0.00,0,0,0,0,0.00,0,0,0
2176,0.00,0,0,0,0,0.00,0,0,0
2226,0.00,0,0,0,0,0.00,0,0,0
2276,0.00,0,0,0,0,0.00,0,0,0
2326,0.00,0,0,0,0,0.00,0,0,0
2376,0.00,0,0,0,0,0.00,0,0,0
2426,0.00,0,0,0,0,0.00,0,0,0
2476,0.00,0,0,0,0,0.00,0,0,0
2526,0.00,0,0,0,0,0.00,0,0,0
2576,0.00,0,0,0,0,0.00,0,0,0
2626,0.00,0,0,0,0,0.00,0,0,0
2676,0.00,0,0,0,0,0.00,0,0,0
2726,0.00,0,0,0,0,0.00,0,0,0
2776,0.00,0,0,0,0,0.00,0,0,0
2826,0.00,0,0,0,0,0.00,0,0,0
2876,0.00,0,0,0,0,0.00,0,0,0
2926,0.00,0,0,0,0,0.00,0,0,0
2976,0.00,0,0,0,0,0.00,0,0,0
3026,0.00,0,0,0,0,0.00,0,0,0
3076,0.00,0,0,0,0,0.00,0,0,0
3126,0.00,0,0,0,0,0.00,0,0,0
3176,0.00,0,0,0,0,0.00,0,0,0
3226,0.00,0,0,0,0,0.00,0,0,0
3276,0.00,0,0,0,0,0.00,0,0,0
3326,0.00,0,0,0,0,0.00,0,0,0
3376,0.00,0,0,0,0,0.00,0,0,0
3426,0.00,0,0,0,0,0.00,0,0,0
3476,0.00,0,0,0,0,0.00,0,0,0
3526,0.00,0,0,0,0,0.00,0,0,0
3576,0.00,0,0,0,0,0.00,0,0,0
3627,0.00,0,0,0,0,0.00,0,0,0
3677,0.00,0,0,0,0,0.00,0,0,0
3727,0.00,0,0,0,0,0.00,0,0,0
3777,0.00,0,0,0,0,0.00,0,0,0
3827,0.00,0,0,0,0,0.00,0,0,0
3877,0.00,0,0,0,0,0.00,0,0,0
3927,0.00,0,0,0,0,0.00,0,0,0
3977,0.00,0,0,0,0,0.00,0,0,0
4027,0.00,0,0,0,0,0.00,0,0,0
4077,0.00,0,0,0,0,0.00,0,0,0
4127,0.00,0,0,0,0,0.00,0,0,0
4177,0.00,0,0,0,0,0.00,0,0,0
4227,0.00,0,0,0,0,0.00,0,0,0
4277,0.00,0,0,0,0,0.00,0,0,0
4327,0.00,0,0,0,0,0.00,0,0,0
4377,0.00,0,0,0,0,0.00,0,0,0
4427,0.00,0,0,0,0,0.00,0,0,0
4477,0.00,0,0,0,0,0.00,0,0,0
4527,0.00,0,0,0,0,0.00,0,0,0
4577,0.00,0,0,0,0,0.00,0,0,0
4627,0.00,0,0,0,0,0.00,0,0,0
4677,0.00,0,0,0,0,0.00,0,0,0
4727,0.00,0,0,0,0,0.00,0,0,0
4777,0.00,0,0,0,0,0.00,0,0,0
4827,0.00,0,0,0,0,0.00,0,0,0
4877,0.00,0,0,0,0,0.00,0,0,0
4927,0.00,0,0,0,0,0.00,0,0,0
4977,0.00,0,0,0,0,0.00,0,0,0
5027,0.00,0,0,0,0,0.00,0,0,0
5078,0.00,0,0,0,0,0.00,0,0,0
5128,0.00,0,0,0,0,0.00,0,0,0
5178,0.00,0,0,0,0,0.00,0,0,0
5228,0.00,0,0,0,0,0.00,0,0,0
5278,0.00,0,0,0,0,0.00,0,0,0
5328,0.00,0,0,0,0,0.00,0,0,0
5378,0.00,0,0,0,0,0.00,0,0,0
5428,0.00,0,0,0,0,0.00,0,0,0
5478,0.00,0,0,0,0,0.00,0,0,0
5528,0.00,0,0,0,0,0.00,0,0,0
5578,0.00,0,0,0,0,0.00,0,0,0
5628,0.00,0,0,0,0,0.00,0,0,0
5678,0.00,0,0,0,0,0.00,0,0,0
5728,0.00,0,0,0,0,0.00,0,0,0
5778,0.00,0,0,0,0,0.00,0,0,0
5828,0.00,0,0,0,0,0.00,0,0,0
5878,0.00,0,0,0,0,0.00,0,0,0
5928,0.00,0,0,0,0,0.00,0,0,0
5978,0.00,0,0,0,0,0.00,0,0,0
6028,0.00,0,0,0,0,0.00,0,0,0
6078,0.00,0,0,0,0,0.00,0,0,0
6128,0.00,0,0,0,0,0.00,0,0,0
6178,0.00,0,0,0,0,0.00,0,0,0
6228,0.00,0,0,0,0,0.00,0,0,0
6278,0.00,0,0,0,0,0.00,0,0,0
6328,0.00,0,0,0,0,0.00,0,0,0
6378,0.00,0,0,0,0,0.00,0,0,0
6428,0.00,0,0,0,0,0.00,0,0,0
6478,0.00,0,0,0,0,0.00,0,0,0
6528,0.00,0,0,0,0,0.00,0,0,0
6578,0.00,0,0,0,0,0.00,0,0,0
6628,0.00,0,0,0,0,0.00,0,0,0
6678,0.00,0,0,0,0,0.00,0,0,0
6728,0.00,0,0,0,0,0.00,0,0,0
6778,0.00,0,0,0,0,0.00,0,0,0
6828,0.00,0,0,0,0,0.00,0,0,0
6878,0.00,0,0,0,0,0.00,0,0,0
6928,0.00,0,0,0,0,0.00,0,0,0
6978,0.00,0,0,0,0,0.00,0,0,0
7028,0.00,0,0,0,0,0.00,0,0,0
7078,0.00,0,0,0,0,0.00,0,0,0
7128,0.00,0,0,0,0,0.00,0,0,0
7178,0.00,0,0,0,0,0.00,0,0,0
7228,0.00,0,0,0,0,0.00,0,0,0
7278,0.00,0,0,0,0,0.00,0,0,0
7328,0.00,0,0,0,0,0.00,0,0,0
7378,0.00,0,0,0,0,0.00,0,0,0
7428,0.00,0,0,0,0,0.00,0,0,0
7478,0.00,0,0,0,0,0.00,0,0,0
7528,0.00,0,0,0,0,0.00,0,0,0
7578,0.00,0,0,0,0,0.00,0,0,0
7628,0.00,0,0,0,0,0.00,0,0,0
7678,0.00,0,0,0,0,0.00,0,0,0
7728,0.00,0,0,0,0,0.00,0,0,0
7778,0.00,0,0,0,0,0.00,0,0,0
7828,0.00,0,0,0,0,0.00,0,0,0
7878,0.00,0,0,0,0,0.00,0,0,0
7928,0.00,0,0,0,0,0.00,0,0,0
7979,0.00,0,0,0,0,0.00,0,0,0
8029,0.00,0,0,0,0,0.00,0,0,0
8079,0.00,0,0,0,0,0.00,0,0,0
8129,0.00,0,0,0,0,0.00,0,0,0
8179,0.00,0,0,0,0,0.00,0,0,0
8229,0.00,0,0,0,0,0.00,0,0,0
8279,0.00,0,0,0,0,0.00,0,0,0
8329,0.00,0,0,0,0,0.00,0,0,0
8379,0.00,0,0,0,0,0.00,0,0,0
8429,0.00,0,0,0,0,0.00,0,0,0
8479,0.00,0,0,0,0,0.00,0,0,0
8529,0.00,0,0,0,0,0.00,0,0,0
8579,0.00,0,0,0,0,0.00,0,0,0
8629,0.00,0,0,0,0,0.00,0,0,0
8679,0.00,0,0,0,0,0.00,0,0,0
8729,0.00,0,0,0,0,0.00,0,0,0
8779,0.00,0,0,0,0,0.00,0,0,0
8829,0.00,0,0,0,0,0.00,0,0,0
8879,0.00,0,0,0,0,0.00,0,0,0
8929,0.00,0,0,0,0,0.00,0,0,0
8979,0.00,0,0,0,0,0.00,0,0,0
9029,0.00,0,0,0,0,0.00,0,0,0
9079,0.00,0,0,0,0,0.00,0,0,0
9129,0.00,0,0,0,0,0.00,0,0,0
9179,0.00,0,0,0,0,0.00,0,0,0
9229,0.00,0,0,0,0,0.00,0,0,0
9279,0.00,0,0,0,0,0.00,0,0,0
9329,0.00,0,0,0,0,0.00,0,0,0
9379,0.00,0,0,0,0,0.00,0,0,0
9430,0.00,0,0,0,0,0.00,0,0,0
9480,0.00,0,0,0,0,0.00,0,0,0
9530,0.00,0,0,0,0,0.00,0,0,0
9580,0.00,0,0,0,0,0.00,0,0,0
9630,0.00,0,0,0,0,0.00,0,0,0
9680,0.00,0,0,0,0,0.00,0,0,0
9730,0.00,0,0,0,0,0.00,0,0,0
9780,0.00,0,0,0,0,0.00,0,0,0
9830,0.00,0,0,0,0,0.00,0,0,0
9880,0.00,0,0,0,0,0.00,0,0,0
9930,0.00,0,0,0,0,0.00,0,0,0
9980,0.00,0,0,0,0,0.00,0,0,0
10030,0.00,0,0,0,0,0.00,0,0,0
10080,0.00,0,0,0,0,0.00,0,0,0
10130,0.00,0,0,0,0,0.00,0,0,0
10180,0.00,0,0,0,0,0.00,0,0,0
10230,0.00,0,0,0,0,0.00,0,0,0
10280,inf,0,0,0,0,inf,0,0,0
10330,inf,0,0,0,0,inf,0,0,0
10380,inf,0,0,0,0,inf,0,0,0
10430,inf,0,0,0,0,inf,0,0,0
11570,224.31,0,0,0,0,inf,0,0,0
11620,224.31,0,0,0,0,inf,0,0,0
11670,224.31,0,0,0,0,inf,0,0,0
11720,224.31,0,0,0,0,inf,0,0,0
11770,224.31,0,0,0,0,inf,0,0,0
11820,288.98,0,0,0,0,inf,0,0,0
11870,288.98,0,0,0,0,inf,0,0,0
11920,507.43,15,40,0,0,-218.44,40,0,0
11970,951.60,15,34,0,-7,-444.17,74,0,7
12020,951.60,0,34,0,-7,-444.17,74,0,7
12070,1472.32,6,27,0,-13,-530.41,135,0,20
12120,1439.40,13,28,0,0,32.92,163,0,20
12170,1750.09,0,24,0,-8,-310.69,187,0,28
12220,1737.32,12,24,0,0,-17.53,235,0,28
12270,1756.44,0,23,0,0,-19.12,258,0,28
12320,2076.70,0,19,0,0,-26.40,297,0,37
12370,2314.81,0,16,0,0,-11.38,329,0,46
12420,2541.51,0,13,0,0,10.38,355,0,55
12470,2980.33,0,8,0,-10,-212.29,383,0,75
12520,3187.42,0,5,0,-10,-201.16,395,0,85
12570,3367.76,0,3,0,0,12.14,405,0,97
12620,3664.79,0,0,-1,0,-142.01,406,1,99
12670,3719.32,0,-1,0,0,36.32,409,2,99
12720,3692.76,0,-1,0,0,14.60,412,2,99
12770,3649.63,0,0,-1,0,32.25,414,3,99
12820,3686.41,0,-1,0,0,-57.96,415,3,99
12870,3618.82,0,0,0,0,152.87,418,3,99
12920,3545.26,0,0,1,0,266.68,422,4,123
12971,3546.10,0,0,1,0,337.90,426,5,150
13021,3545.26,0,0,1,0,379.39,432,6,184
13071,3544.42,0,0,1,0,448.12,440,7,228
13121,3544.42,0,0,1,0,455.58,448,8,286
13171,3544.42,0,0,1,0,408.15,455,9,340
13221,3555.34,0,0,1,0,475.83,463,10,384
13271,3546.10,0,0,1,0,405.43,471,11,441
13321,3626.69,0,0,0,0,101.87,472,12,442
13371,3570.58,0,0,0,0,180.36,474,12,444
13421,3619.69,0,0,0,0,80.36,476,12,451
13471,3584.23,0,0,0,0,115.82,478,12,457
13521,3615.33,0,0,0,0,93.87,480,12,463
13571,3587.66,0,0,0,0,146.47,482,12,467
13621,3629.32,0,0,0,0,-42.52,482,12,467
13671,3581.66,0,0,0,0,42.40,482,12,467
13721,3628.45,0,0,0,0,-42.50,482,12,467
13771,3592.81,0,0,0,0,-37.35,482,12,467
13821,3623.19,0,0,0,0,12.29,482,12,467
13871,3585.09,0,0,0,0,89.58,482,13,467
13921,3618.82,0,0,0,0,-43.13,482,13,467
13971,3571.43,0,0,0,0,53.51,482,13,467
14021,3618.82,0,0,0,0,-42.28,482,13,467
14071,3581.66,0,0,0,0,33.67,482,13,467
14121,3618.82,0,0,0,0,-51.64,482,13,467
14171,3581.66,0,0,0,0,38.03,482,13,467
14221,3640.78,0,0,-1,0,-49.68,482,14,467
14271,3593.67,0,0,-1,0,-51.43,482,15,467
14321,3623.19,0,0,0,0,-31.23,482,15,467
14371,3580.81,0,0,0,0,47.64,482,15,467
14422,3573.13,0,0,0,0,18.82,482,15,467
14472,3582.52,0,0,0,0,51.20,482,15,467
14522,3628.45,0,0,0,0,-41.65,482,15,467
14572,3581.66,0,0,0,0,41.53,482,15,467
14622,3628.45,0,0,0,0,-41.65,482,15,467
14672,3591.95,0,0,0,0,-32.09,482,15,467
14722,3618.82,0,0,0,0,-30.30,482,15,467
14772,3572.28,0,0,0,0,56.17,482,15,467
14822,3568.03,0,0,0,0,12.78,482,15,467
14872,3591.95,0,0,0,0,12.28,482,15,467
14922,3641.66,0,0,-1,0,-47.99,482,17,467
14972,3593.67,0,0,-1,0,-48.85,482,18,467
15022,3632.84,0,0,0,0,-35.72,482,18,467
15072,3591.95,0,0,0,0,-39.95,482,18,467
15122,3629.32,0,0,0,0,-47.66,482,18,467
15172,3591.95,0,0,0,0,-37.99,482,18,467
15222,3628.45,0,0,0,0,-47.64,482,18,467
15272,3591.95,0,0,0,0,-45.91,482,18,467
15322,3629.32,0,0,0,0,-49.37,482,18,467
15372,3591.95,0,0,0,0,-37.14,482,18,467
15422,3628.45,0,0,0,0,-46.79,482,18,467
15472,3590.23,0,0,0,0,-48.52,482,18,467
15522,3632.84,0,0,0,0,-40.03,482,18,467
15572,3591.95,0,0,0,0,-45.93,482,18,467
15622,3618.82,0,0,0,0,-37.16,482,18,467
15672,3581.66,0,0,0,0,37.16,482,18,467
15722,3618.82,0,0,0,0,-37.16,482,18,467
15772,3575.69,0,0,0,0,32.69,482,18,467
15822,3617.07,0,0,0,0,-45.64,482,18,467
15872,3590.23,0,0,0,0,-36.30,482,18,467
15922,3616.20,0,0,0,0,-24.25,482,18,467
15972,3579.95,0,0,0,0,38.87,482,18,467
16022,3632.84,0,0,0,0,-40.03,482,18,467
16072,3581.66,0,0,0,0,36.28,482,18,467
16122,3607.50,0,0,0,0,27.59,482,18,467
16172,3583.37,0,0,0,0,24.13,482,18,467
16222,3624.94,0,0,0,0,-32.99,482,18,467
16272,3591.95,0,0,0,0,-34.70,482,18,467
16322,3640.78,0,0,-1,0,-47.96,482,19,467
16372,3591.95,0,0,0,0,-41.75,482,19,467
16422,3629.32,0,0,0,0,-48.52,482,19,467
16472,3584.23,0,0,0,0,22.41,482,19,467
16522,3628.45,0,0,0,0,-47.64,482,19,467
16572,3591.95,0,0,0,0,-35.41,482,19,467
16622,3608.37,0,0,0,0,42.36,482,19,467
16672,3581.66,0,0,0,0,35.41,482,19,467
16722,3624.94,0,0,0,0,-34.70,482,19,467
16772,3581.66,0,0,0,0,36.28,482,19,467
16822,3617.94,0,0,0,0,-43.11,482,19,467
16872,3581.66,0,0,0,0,35.41,482,19,467
16922,3624.94,0,0,0,0,-33.85,482,19,467
16972,3579.95,0,0,0,0,38.87,482,19,467
17022,3624.06,0,0,0,0,-32.11,482,19,467
17072,3591.09,0,0,0,0,-32.11,482,19,467
17122,3624.06,0,0,0,0,-32.11,482,19,467
17172,3581.66,0,0,0,0,43.28,482,19,467
17222,3624.94,0,0,0,0,-32.99,482,19,467
17272,3577.39,0,0,0,0,106.30,483,20,468
17323,3629.32,0,0,0,0,-47.66,483,20,468
17373,3582.52,0,0,0,0,41.55,483,20,468
17423,3616.20,0,0,0,0,-25.11,483,20,468
17473,3585.09,0,0,0,0,21.55,483,20,468
17523,3617.94,0,0,0,0,-48.22,483,20,468
17573,3585.09,0,0,0,0,23.29,483,20,468
17623,3624.94,0,0,0,0,-32.99,483,20,468
17673,3582.52,0,0,0,0,52.08,483,20,468
17723,3618.82,0,0,0,0,-48.24,483,20,468
17773,3581.66,0,0,0,0,37.16,483,20,468
17823,3617.94,0,0,0,0,-47.37,483,20,468
17873,3576.54,0,0,0,0,31.83,483,20,468
17923,3607.50,0,0,0,0,34.23,483,20,468
17973,3591.95,0,0,0,0,-40.57,483,20,468
18023,3631.96,0,0,0,0,-39.15,483,20,468
18073,3581.66,0,0,0,0,45.03,483,20,468
18123,3617.94,0,0,0,0,-35.43,483,20,468
18173,3591.95,0,0,0,0,-38.87,483,20,468
18223,3628.45,0,0,0,0,-46.79,483,20,468
18273,3581.66,0,0,0,0,36.28,483,20,468
18323,3624.94,0,0,0,0,-34.70,483,20,468
18373,3581.66,0,0,0,0,45.91,483,20,468
18423,3616.20,0,0,0,0,-25.11,483,20,468
18473,3568.88,0,0,0,0,39.49,483,20,468
18523,3607.50,0,0,0,0,41.27,483,20,468
18573,3576.54,0,0,0,0,31.83,483,20,468
18623,3618.82,0,0,0,0,-47.39,483,20,468
18673,3571.43,0,0,0,0,47.39,483,20,468
18723,3628.45,0,0,0,0,-46.79,483,20,468
18774,3591.09,0,0,0,0,-25.24,483,20,468
18824,3616.20,0,0,0,0,-25.11,483,20,468
18874,3576.54,0,0,0,0,32.70,483,20,468
18924,3608.37,0,0,0,0,41.29,483,20,468
18974,3581.66,0,0,0,0,37.16,483,20,468
19024,3628.45,0,0,0,0,-45.93,483,20,468
19074,3581.66,0,0,0,0,47.66,483,20,468
19124,3616.20,0,0,0,0,-25.11,483,20,468
19174,3591.09,0,0,0,0,-38.01,483,20,468
19224,3616.20,0,0,0,0,-25.11,483,20,468
19274,3571.43,0,0,0,0,46.52,483,20,468
19324,3618.82,0,0,0,0,-38.87,483,20,468
19374,3581.66,0,0,0,0,35.41,483,20,468
19424,3608.37,0,0,0,0,31.02,483,20,468
19474,3571.43,0,0,0,0,47.39,483,20,468
19524,3617.94,0,0,0,0,-43.96,483,20,468
19574,3576.54,0,0,0,0,31.83,483,20,468
19624,3607.50,0,0,0,0,29.32,483,20,468
19674,3598.85,0,0,0,0,30.97,483,20,468
19724,3543.59,0,0,1,0,407.94,492,21,530
19774,3544.42,0,0,1,0,424.88,499,22,584
19824,3544.42,0,0,1,0,452.38,507,23,641
19874,3545.26,0,0,1,0,405.23,514,24,692
19924,3544.42,0,0,1,0,484.59,522,25,736
19974,3545.26,0,0,1,0,405.23,529,26,792
20024,3569.73,0,0,0,0,147.74,530,27,794
20074,3618.82,0,0,0,0,66.69,532,27,798
20124,3584.23,0,0,0,0,127.72,534,27,804
20174,3605.77,0,-1,0,-6,-186.64,536,27,810
20224,3581.66,0,0,0,0,111.10,538,27,815
20274,3629.32,0,0,0,0,-45.10,538,27,815
20324,3561.25,0,0,0,0,50.59,538,27,815
20374,3607.50,0,0,0,0,33.47,538,27,815
20424,3572.28,0,0,0,0,49.16,538,27,815
20474,3618.82,0,0,0,0,-41.43,538,27,815
20524,3559.56,0,0,1,0,53.15,538,28,815
20574,3597.98,0,0,1,0,35.78,538,29,815
20624,3576.54,0,0,0,0,30.10,538,29,815
20674,3608.37,0,0,0,0,31.89,538,29,815
20724,3573.98,0,0,0,0,22.28,538,29,815
20774,3607.50,0,0,0,0,33.39,538,29,815
20824,3572.28,0,0,0,0,25.71,538,29,815
20874,3608.37,0,0,0,0,32.55,538,29,815
20924,3568.03,0,0,0,0,39.47,538,29,815
20974,3597.12,0,0,0,0,35.12,538,29,815
21024,3573.98,0,0,0,0,24.00,538,29,815
21074,3607.50,0,0,0,0,31.91,538,29,815
21124,3556.19,0,0,1,0,41.80,538,30,815
21174,3588.52,0,0,0,0,-37.38,538,31,815
21224,3557.03,0,0,1,0,32.34,538,33,815
21274,3608.37,0,0,0,0,53.20,538,33,815
21324,3574.83,0,0,0,0,33.54,538,33,815
21374,3597.98,0,0,0,0,40.42,538,33,815
21424,3557.03,0,0,1,0,39.23,538,34,815
21474,3586.80,0,0,0,0,-26.39,538,34,815
21524,3564.64,0,0,0,0,35.07,538,35,815
21574,3607.50,0,0,0,0,40.42,538,35,815
21624,3557.03,0,0,1,0,40.09,538,36,815
21675,3609.24,0,0,0,0,30.07,538,36,815
21725,3581.66,0,0,0,0,36.28,538,36,815
21775,3607.50,0,0,0,0,40.63,538,36,815
21825,3571.43,0,0,0,0,46.52,538,36,815
21875,3618.82,0,0,0,0,-37.16,538,36,815
21925,3582.52,0,0,0,0,46.81,538,36,815
21975,3629.32,0,0,0,0,-47.66,538,36,815
22025,3581.66,0,0,0,0,46.79,538,36,815
22075,3619.69,0,0,0,0,-38.88,538,36,815
22125,3571.43,0,0,0,0,47.39,538,36,815
22175,3618.82,0,0,0,0,-48.24,538,36,815
22225,3568.88,0,0,0,0,39.49,538,36,815
22275,3596.26,0,0,0,0,22.19,538,36,815
22325,3572.28,0,0,0,0,24.84,538,36,815
22375,3618.82,0,0,0,0,-48.24,538,36,815
22425,3591.95,0,0,0,0,-36.27,538,36,815
22475,3568.88,0,0,0,0,23.94,538,36,815
22525,3590.23,0,0,0,0,27.37,538,37,815
22575,3606.64,0,0,0,0,35.41,538,37,815
22625,3569.73,0,0,0,0,49.09,538,37,815
22675,3597.12,0,0,0,0,35.11,538,37,815
22725,3566.33,0,0,0,0,31.65,538,38,815
22775,3618.82,0,0,0,0,-42.28,538,38,815
22825,3571.43,0,0,0,0,47.39,538,38,815
22875,3572.28,0,0,0,0,47.41,538,38,815
22925,3771.69,0,-2,0,0,10.46,545,38,829
22975,3545.26,0,0,1,0,333.71,551,39,864
23025,3546.10,0,0,1,0,305.98,556,40,894
23075,3545.26,0,0,1,0,304.84,561,41,920
23126,3544.42,0,0,1,0,281.13,565,42,944
23176,3543.59,0,0,1,0,279.04,568,43,968
23226,3600.58,0,-1,0,-5,-280.03,570,43,973
23276,3576.54,0,0,0,0,127.17,572,43,982
23326,3615.33,0,0,0,0,60.24,572,43,982
23376,3580.81,0,0,0,0,119.24,574,43,987
23426,3615.33,0,0,0,0,49.46,575,44,987
23476,3572.28,0,0,0,0,43.92,575,44,987
23526,3618.82,0,0,0,0,-38.87,575,44,987
23576,3581.66,0,0,0,0,38.03,575,44,987
23626,3618.82,0,0,0,0,-47.39,575,44,987
23676,3572.28,0,0,0,0,49.16,575,44,987
23726,3596.26,0,0,0,0,33.27,575,44,987
23776,3567.18,0,0,0,0,40.32,575,44,987
23826,3617.94,0,0,0,0,-36.28,575,44,987
23876,3590.23,0,0,0,0,-38.01,575,44,987
23926,3618.82,0,0,0,0,-36.30,575,44,987
23976,3580.81,0,0,0,0,47.64,575,44,987
24026,3626.69,0,0,0,0,-45.03,575,44,987
24076,3579.95,0,0,0,0,44.99,575,44,987
24126,3617.94,0,0,0,0,-34.57,575,44,987
24176,3558.72,0,0,1,0,49.65,575,45,987
24226,3607.50,0,0,0,0,52.31,575,45,987
24276,3581.66,0,0,0,0,35.41,575,45,987
24326,3617.94,0,0,0,0,-47.37,575,45,987
24376,3581.66,0,0,0,0,45.91,575,45,987
24426,3618.82,0,0,0,0,-38.01,575,45,987
24476,3581.66,0,0,0,0,35.41,575,45,987
24526,3607.50,0,0,0,0,39.78,575,45,987
24576,3559.56,0,0,1,0,47.07,575,46,987
24626,3608.37,0,0,0,0,52.33,575,46,987
24676,3576.54,0,0,0,0,31.83,575,46,987
24726,3617.94,0,0,0,0,-45.67,575,46,987
24776,3579.95,0,0,0,0,38.87,575,46,987
24826,3618.82,0,0,0,0,-37.16,575,46,987
24876,3585.09,0,0,0,0,23.29,575,46,987
24926,3617.94,0,0,0,0,-36.28,575,46,987
24976,3575.69,0,0,0,0,32.69,575,46,987
25026,3597.12,0,0,0,0,34.23,575,46,987
25076,3566.33,0,0,0,0,31.65,575,47,987
25126,3597.98,0,0,0,0,34.23,575,47,987
25176,3585.09,0,0,0,0,23.29,575,47,987
25226,3617.94,0,0,0,0,-36.28,575,47,987
25276,3575.69,0,0,0,0,32.69,575,47,987
25326,3617.07,0,0,0,0,-43.09,575,47,987
25376,3580.81,0,0,0,0,37.14,575,47,987
25426,3607.50,0,0,0,0,28.45,575,47,987
25476,3567.18,0,0,0,0,41.19,575,47,987
25526,3618.82,0,0,0,0,-38.87,575,47,987
25576,3571.43,0,0,0,0,45.64,575,47,987
25626,3607.50,0,0,0,0,25.74,575,47,987
25676,3585.09,0,0,0,0,23.29,575,47,987
25726,3617.94,0,0,0,0,-36.28,575,47,987
25776,3577.39,0,0,0,0,30.98,575,47,987
25826,3617.94,0,0,0,0,-45.67,575,47,987
25876,3571.43,0,0,0,0,47.39,575,47,987
25926,3618.82,0,0,0,0,-37.16,575,47,987
25976,3581.66,0,0,0,0,37.16,575,47,987
26027,3617.94,0,0,0,0,-35.43,575,47,987
26077,3570.58,0,0,0,0,48.24,575,47,987
26127,3653.19,0,0,-1,0,-134.54,576,48,987
26177,3557.03,0,0,1,0,40.95,576,49,987
26227,3617.94,0,0,0,0,-50.76,576,49,987
26277,3581.66,0,0,0,0,37.16,576,49,987
26327,3607.50,0,0,0,0,39.55,576,49,987
26377,3571.43,0,0,0,0,46.52,576,49,987
26427,3597.98,0,0,0,0,41.21,576,49,987
26477,3607.50,0,0,0,0,31.65,576,49,987
26527,3363.98,0,3,0,0,672.62,588,49,1055
26577,3544.42,0,0,1,0,433.30,594,50,1090
26627,3544.42,0,0,1,0,428.03,601,51,1140
26677,3631.08,0,0,0,0,75.37,602,52,1144
26727,3582.52,0,0,0,0,160.93,604,52,1147
26777,3624.06,0,0,0,0,119.39,606,52,1150
26827,3578.24,0,0,0,0,185.87,610,52,1150
26877,3608.37,0,-1,0,-7,-253.75,612,52,1157
26927,3566.33,0,0,0,0,135.54,614,52,1166
26977,3610.11,0,0,0,0,-51.39,614,53,1166
27027,3568.88,0,0,0,0,40.36,614,53,1166
27077,3617.94,0,0,0,0,-38.85,614,53,1166
27127,3574.83,0,0,0,0,28.34,614,53,1166
27177,3606.64,0,0,0,0,26.61,614,53,1166
27227,3558.72,0,0,1,0,49.65,614,54,1166
27277,3579.10,0,0,0,0,-43.86,614,55,1166
27327,3555.34,0,0,1,0,34.03,614,57,1166
27377,3617.94,0,0,0,0,-42.26,614,57,1166
27427,3591.09,0,0,0,0,-37.12,614,57,1166
27478,3617.94,0,0,0,0,-37.14,614,57,1166
27528,3581.66,0,0,0,0,37.16,614,57,1166
27578,3597.98,0,0,0,0,33.55,614,57,1166
27628,3571.43,0,0,0,0,45.64,614,57,1166
27678,3618.82,0,0,0,0,-38.87,614,57,1166
27728,3571.43,0,0,0,0,57.90,614,57,1166
27778,3607.50,0,0,0,0,41.27,614,57,1166
27828,3577.39,0,0,0,0,30.11,614,57,1166
27878,3607.50,0,0,0,0,38.62,614,57,1166
27928,3558.72,0,0,1,0,49.65,614,58,1166
27978,3617.94,0,0,0,0,-57.54,614,58,1166
28028,3581.66,0,0,0,0,37.16,614,58,1166
28078,3608.37,0,0,0,0,24.14,614,58,1166
28128,3573.98,0,0,0,0,23.14,614,58,1166
28178,3607.50,0,0,0,0,41.21,614,58,1166
28228,3564.64,0,0,0,0,32.48,614,58,1166
28278,3606.64,0,0,0,0,34.23,614,58,1166
28328,3568.03,0,0,0,0,39.47,614,58,1166
28378,3607.50,0,0,0,0,35.11,614,58,1166
28428,3573.98,0,0,0,0,24.00,614,58,1166
28478,3618.82,0,0,0,0,-50.79,614,58,1166
28528,3576.54,0,0,0,0,31.83,614,58,1166
28578,3608.37,0,0,0,0,29.32,614,58,1166
28628,3574.83,0,0,0,0,33.54,614,58,1166
28678,3607.50,0,0,0,0,38.68,614,58,1166
28728,3568.88,0,0,0,0,39.49,614,58,1166
28778,3608.37,0,0,0,0,39.53,614,58,1166
28828,3576.54,0,0,0,0,30.10,614,58,1166
28878,3618.82,0,0,0,0,-48.24,614,58,1166
28928,3571.43,0,0,0,0,47.39,614,58,1166
28978,3618.82,0,0,0,0,-47.39,614,58,1166
29028,3581.66,0,0,0,0,37.16,614,58,1166
29078,3608.37,0,0,0,0,31.82,614,58,1166
29128,3576.54,0,0,0,0,30.97,614,58,1166
29178,3596.26,0,0,0,0,40.36,614,58,1166
29228,3572.28,0,0,0,0,25.71,614,58,1166
29278,3618.82,0,0,0,0,-51.64,614,58,1166
29328,3571.43,0,0,0,0,46.52,614,58,1166
29378,3608.37,0,0,0,0,29.30,614,58,1166
29428,3571.43,0,0,0,0,47.39,614,58,1166
29478,3597.98,0,0,0,0,32.50,614,58,1166
29528,3597.98,0,0,0,0,26.56,614,58,1166
29578,3543.59,0,0,1,0,260.62,618,59,1193
29628,3608.37,0,-2,0,0,-315.20,621,59,1193
29678,3577.39,0,0,0,0,194.30,625,59,1193
29728,3608.37,0,-1,0,-4,-274.31,627,59,1197
29778,3573.98,0,0,0,0,175.08,629,59,1200
29828,3610.11,0,0,0,0,88.12,631,59,1207
29878,3568.03,0,0,0,0,32.55,631,59,1207
29928,3618.82,0,0,0,0,-43.13,631,59,1207
29978,3571.43,0,0,0,0,44.77,631,59,1207
30028,3608.37,0,0,0,0,27.42,631,59,1207
30078,3571.43,0,0,0,0,42.16,631,59,1207
30128,3608.37,0,0,0,0,37.94,631,59,1207
30178,3580.81,0,0,0,0,17.18,631,59,1207
30228,3606.64,0,0,0,0,31.83,631,59,1207
30278,3573.98,0,0,0,0,24.00,631,59,1207
30328,3608.37,0,0,0,0,41.27,631,59,1207
30379,3571.43,0,0,0,0,46.52,631,59,1207
30429,3608.37,0,0,0,0,38.88,631,59,1207
30479,3571.43,0,0,0,0,46.52,631,59,1207
30529,3618.82,0,0,0,0,-47.39,631,59,1207
30579,3564.64,0,0,0,0,34.21,631,59,1207
30629,3606.64,0,0,0,0,32.70,631,59,1207
30679,3583.37,0,0,0,0,25.00,631,59,1207
30729,3606.64,0,0,0,0,39.80,631,59,1207
30779,3580.81,0,0,0,0,37.14,631,59,1207
30829,3608.37,0,0,0,0,26.57,631,59,1207
30879,3566.33,0,0,0,0,31.65,631,60,1207
30929,3608.37,0,0,0,0,41.21,631,60,1207
30979,3567.18,0,0,0,0,41.19,631,60,1207
31029,3606.64,0,0,0,0,48.85,631,60,1207
31079,3575.69,0,0,0,0,32.69,631,60,1207
31129,3607.50,0,0,0,0,49.11,631,60,1207
31179,3565.49,0,0,0,0,32.50,631,61,1207
31229,3607.50,0,0,0,0,32.55,631,61,1207
31279,3576.54,0,0,0,0,30.97,631,61,1207
31329,3607.50,0,0,0,0,31.85,631,61,1207
31379,3606.64,0,0,0,0,15.35,631,61,1207
31429,3617.94,0,0,0,0,-47.37,631,61,1207
31479,3584.23,0,0,0,0,24.14,631,61,1207
31529,3618.82,0,0,0,0,-43.98,631,61,1207
31579,3584.23,0,0,0,0,23.27,631,61,1207
31629,3608.37,0,0,0,0,33.55,631,61,1207
31679,3591.09,0,0,0,0,-34.56,631,61,1207
31729,3616.20,0,0,0,0,-25.11,631,61,1207
31779,3603.17,0,0,0,0,36.25,631,61,1207
31830,3617.94,0,0,0,0,-37.14,631,61,1207
31880,3566.33,0,0,0,0,29.93,631,61,1207
31930,3589.38,0,0,0,0,-31.50,631,62,1207
31980,3563.79,0,0,0,0,35.92,631,63,1207
32030,3608.37,0,0,0,0,41.21,631,63,1207
32080,3571.43,0,0,0,0,47.39,631,63,1207
32130,3607.50,0,0,0,0,-48.26,631,63,1207
32180,3640.78,0,0,-1,0,-93.84,631,65,1207
32230,3608.37,0,0,0,0,49.99,631,65,1207
32280,3565.49,0,0,0,0,31.64,631,65,1207
32330,3607.50,0,0,0,0,24.00,631,65,1207
32380,3570.58,0,0,0,0,47.37,631,65,1207
32430,3607.50,0,0,0,0,38.03,631,65,1207
32480,3575.69,0,0,0,0,31.82,631,65,1207
32530,3596.26,0,0,0,0,48.26,631,65,1207
32580,3567.18,0,0,0,0,18.76,631,65,1207
32630,3597.98,0,0,0,0,39.53,631,65,1207
32680,3565.49,0,0,0,0,32.50,631,65,1207
32730,3568.88,0,0,0,0,40.36,631,65,1207
32780,3543.59,0,0,1,0,274.18,635,66,1235
32830,3544.42,0,0,1,0,266.55,638,67,1259
32880,3609.24,0,-2,0,0,-305.65,641,67,1259
32930,3579.95,0,0,0,0,181.33,645,67,1260
32980,3601.44,0,-1,0,-5,-255.22,647,67,1265
33030,3573.98,0,0,0,0,151.80,649,67,1271
33080,3628.45,0,0,0,0,-47.64,649,67,1271
33130,3580.81,0,0,0,0,39.76,649,67,1271
33180,3608.37,0,0,0,0,37.17,649,67,1271
33230,3571.43,0,0,0,0,39.55,649,67,1271
33280,3608.37,0,0,0,0,42.22,649,67,1271
33330,3581.66,0,0,0,0,35.41,649,67,1271
33380,3618.82,0,0,0,0,-38.01,649,67,1271
33430,3568.03,0,0,0,0,39.47,649,67,1271
33480,3597.98,0,0,0,0,25.74,649,67,1271
33530,3576.54,0,0,0,0,30.97,649,67,1271
33580,3606.64,0,0,0,0,37.83,649,67,1271
33630,3567.18,0,0,0,0,41.19,649,67,1271
33680,3607.50,0,0,0,0,38.68,649,67,1271
33730,3568.03,0,0,0,0,38.61,649,67,1271
33780,3608.37,0,0,0,0,30.16,649,67,1271
33830,3571.43,0,0,0,0,46.52,649,67,1271
33880,3608.37,0,0,0,0,33.55,649,67,1271
33930,3557.03,0,0,1,0,40.09,649,68,1271
33980,3606.64,0,0,0,0,51.49,649,68,1271
34030,3569.73,0,0,0,0,48.22,649,68,1271
34080,3607.50,0,0,0,0,38.03,649,68,1271
34130,3568.88,0,0,0,0,39.49,649,68,1271
34180,3608.37,0,0,0,0,39.53,649,68,1271
34230,3576.54,0,0,0,0,30.10,649,68,1271
34280,3617.94,0,0,0,0,-47.37,649,68,1271
34330,3581.66,0,0,0,0,37.16,649,68,1271
34380,3616.20,0,0,0,0,-24.25,649,68,1271
34430,3582.52,0,0,0,0,46.81,649,68,1271
34480,3608.37,0,0,0,0,34.41,649,68,1271
34530,3568.03,0,0,0,0,40.34,649,68,1271
34580,3618.82,0,0,0,0,-57.56,649,68,1271
34630,3580.81,0,0,0,0,48.52,649,68,1271
34680,3606.64,0,0,0,0,47.41,649,68,1271
34731,3579.95,0,0,0,0,38.87,649,68,1271
34781,3596.26,0,0,0,0,25.73,649,68,1271
34831,3566.33,0,0,0,0,31.65,649,69,1271
34881,3608.37,0,0,0,0,25.87,649,69,1271
34931,3584.23,0,0,0,0,24.14,649,69,1271
34981,3628.45,0,0,0,0,-47.64,649,69,1271
35031,3581.66,0,0,0,0,41.53,649,69,1271
35081,3618.82,0,0,0,0,-38.01,649,69,1271
35131,3571.43,0,0,0,0,45.64,649,69,1271
35181,3597.98,0,0,0,0,49.96,649,69,1271
35231,3568.03,0,0,0,0,39.47,649,69,1271
35281,3606.64,0,0,0,0,24.87,649,69,1271
35331,3583.37,0,0,0,0,25.00,649,69,1271
35381,3627.57,0,0,0,0,-45.05,649,69,1271
35431,3580.81,0,0,0,0,47.64,649,69,1271
35481,3606.64,0,0,0,0,37.17,649,69,1271
35531,3570.58,0,0,0,0,47.37,649,69,1271
35581,3596.26,0,0,0,0,47.41,649,69,1271
35631,3576.54,0,0,0,0,30.10,649,69,1271
35681,3617.94,0,0,0,0,-37.14,649,69,1271
35731,3591.95,0,0,0,0,-37.99,649,69,1271
35781,3618.82,0,0,0,0,-38.87,649,69,1271
35831,3568.03,0,0,0,0,38.61,649,69,1271
35881,3618.82,0,0,0,0,-48.24,649,69,1271
35931,3571.43,0,0,0,0,47.39,649,69,1271
35981,3607.50,0,0,0,0,30.98,649,69,1271
36031,3571.43,0,0,0,0,47.39,649,69,1271
36081,3566.33,0,0,0,0,31.65,649,69,1271
36131,3544.42,0,0,1,0,406.06,658,70,1335
36182,3544.42,0,0,1,0,530.56,667,71,1394
36232,3887.02,0,-3,0,-10,-161.23,675,71,1428
36282,3546.10,0,0,1,0,397.12,683,72,1509
36332,3544.42,0,0,1,0,430.14,689,73,1548
36382,3544.42,0,0,1,0,466.27,697,74,1607
36432,3546.10,0,0,1,0,402.31,704,75,1658
36482,3543.59,0,0,1,0,551.42,713,76,1707
36532,3619.69,0,0,0,0,179.70,716,76,1707
36582,3544.42,0,0,1,0,255.93,720,77,1733
36632,3616.20,0,0,0,0,137.55,722,77,1734
36682,3579.95,0,0,0,0,170.05,724,77,1736
36732,3621.44,0,0,0,0,110.83,726,77,1741
36782,3577.39,0,0,0,0,195.24,729,77,1741
36832,3617.07,0,0,0,0,-40.53,729,77,1741
36882,3567.18,0,0,0,0,39.45,729,77,1741
36932,3617.94,0,0,0,0,-35.43,729,77,1741
36982,3571.43,0,0,0,0,50.01,729,77,1741
37032,3617.94,0,0,0,0,-49.07,729,77,1741
37082,3581.66,0,0,0,0,34.54,729,77,1741
37132,3628.45,0,0,0,0,-57.87,729,77,1741
37182,3571.43,0,0,0,0,47.39,729,77,1741
37232,3617.94,0,0,0,0,-36.28,729,77,1741
37282,3591.95,0,0,0,0,-29.43,729,77,1741
37332,3618.82,0,0,0,0,-38.01,729,77,1741
37382,3581.66,0,0,0,0,37.16,729,77,1741
37432,3629.32,0,0,0,0,-44.24,729,77,1741
37482,3581.66,0,0,0,0,36.28,729,77,1741
37532,3618.82,0,0,0,0,-38.01,729,77,1741
37582,3582.52,0,0,0,0,31.94,729,77,1741
37632,3628.45,0,0,0,0,-52.76,729,77,1741
37682,3582.52,0,0,0,0,46.81,729,77,1741
37732,3618.82,0,0,0,0,-48.24,729,77,1741
37782,3568.03,0,0,0,0,40.34,729,77,1741
37832,3618.82,0,0,0,0,-37.16,729,77,1741
37882,3568.88,0,0,0,0,39.49,729,77,1741
37932,3618.82,0,0,0,0,-42.28,729,77,1741
37982,3582.52,0,0,0,0,45.93,729,77,1741
38032,3617.94,0,0,0,0,-46.52,729,77,1741
38082,3575.69,0,0,0,0,32.69,729,77,1741
38132,3617.94,0,0,0,0,-49.91,729,77,1741
38182,3590.23,0,0,0,0,-39.72,729,77,1741
38232,3629.32,0,0,0,0,-46.81,729,77,1741
38282,3581.66,0,0,0,0,36.28,729,77,1741
38332,3606.64,0,0,0,0,20.48,729,77,1741
38382,3567.18,0,0,0,0,40.32,729,77,1741
38432,3618.82,0,0,0,0,-43.98,729,77,1741
38482,3581.66,0,0,0,0,36.28,729,77,1741
38532,3618.82,0,0,0,0,-38.87,729,77,1741
38582,3581.66,0,0,0,0,35.41,729,77,1741
38632,3619.69,0,0,0,0,-38.88,729,77,1741
38682,3581.66,0,0,0,0,36.28,729,77,1741
38732,3617.94,0,0,0,0,-37.14,729,77,1741
38782,3572.28,0,0,0,0,44.79,729,77,1741
38832,3608.37,0,0,0,0,40.38,729,77,1741
38882,3571.43,0,0,0,0,46.52,729,77,1741
38932,3608.37,0,0,0,0,23.29,729,77,1741
38982,3558.72,0,0,1,0,49.65,729,78,1741
39032,3597.98,0,0,0,0,40.42,729,78,1741
39083,3572.28,0,0,0,0,25.71,729,78,1741
39133,3607.50,0,0,0,0,27.43,729,78,1741
39183,3571.43,0,0,0,0,45.64,729,78,1741
39233,3617.94,0,0,0,0,-47.37,729,78,1741
39283,3581.66,0,0,0,0,37.16,729,78,1741
39333,3608.37,0,0,0,0,23.14,729,78,1741
39383,3558.72,0,0,1,0,48.78,729,79,1741
39433,3597.98,0,0,0,0,49.72,729,79,1741
39483,3569.73,0,0,0,0,49.09,729,79,1741
39533,3618.82,0,0,0,0,-38.01,729,79,1741
39583,3580.81,0,0,0,0,48.52,729,79,1741
39633,3608.37,0,0,0,0,24.15,729,79,1741
39683,3585.09,0,0,0,0,21.55,729,79,1741
39733,3616.20,0,0,0,0,-25.11,729,79,1741
39783,3581.66,0,0,0,0,34.54,729,79,1741
39833,3577.39,0,0,0,0,2.56,729,79,1741
39883,3572.28,0,0,0,0,49.16,729,79,1741
39933,3608.37,0,0,0,0,33.55,729,79,1741
39983,3571.43,0,0,0,0,46.52,729,79,1741
40033,3597.98,0,0,0,0,49.96,729,79,1741
40083,3609.24,0,0,1,0,43.48,729,80,1741
40133,3545.26,0,0,1,0,405.23,738,81,1804
40183,3544.42,0,0,1,0,555.06,747,82,1864
40233,3546.10,0,0,1,0,405.43,755,83,1923
40283,3546.10,0,0,1,0,487.24,763,84,1985
40333,3543.59,0,0,1,0,263.52,765,86,2001
40383,3619.69,0,0,0,0,156.74,768,86,2001
40433,3579.10,0,0,0,0,220.29,772,86,2001
40483,3630.20,0,0,0,0,160.55,776,86,2001
40534,3684.60,0,-1,0,0,46.75,819,86,2188
40584,3544.42,0,0,1,0,276.26,823,87,2215
40634,3545.26,0,0,1,0,300.89,827,88,2241
40684,3608.37,0,-2,0,0,-349.49,831,88,2241
40734,3567.18,0,0,0,0,205.45,835,88,2241
40784,3621.44,0,0,0,0,110.83,837,88,2246
40834,3573.98,0,0,0,0,176.02,839,88,2249
40884,3617.07,0,0,0,0,-37.97,839,88,2249
40934,3579.95,0,0,0,0,37.12,839,88,2249
40984,3617.07,0,0,0,0,-36.27,839,88,2249
41034,3584.23,0,0,0,0,22.41,839,88,2249
41084,3607.50,0,0,0,0,42.04,839,88,2249
41134,3581.66,0,0,0,0,31.05,839,88,2249
41184,3607.50,0,0,0,0,41.27,839,88,2249
41234,3581.66,0,0,0,0,37.16,839,88,2249
41284,3607.50,0,0,0,0,33.55,839,88,2249
41334,3576.54,0,0,0,0,30.97,839,88,2249
41384,3607.50,0,0,0,0,37.16,839,88,2249
41434,3570.58,0,0,0,0,47.37,839,88,2249
41484,3618.82,0,0,0,0,-45.69,839,88,2249
41534,3579.95,0,0,0,0,38.87,839,88,2249
41584,3606.64,0,0,0,0,48.29,839,88,2249
41634,3574.83,0,0,0,0,32.67,839,88,2249
41684,3607.50,0,0,0,0,28.45,839,88,2249
41734,3565.49,0,0,0,0,31.64,839,88,2249
41784,3608.37,0,0,0,0,42.06,839,88,2249
41834,3571.43,0,0,0,0,46.52,839,88,2249
41884,3629.32,0,0,0,0,-58.75,839,88,2249
41934,3581.66,0,0,0,0,47.66,839,88,2249
41984,3615.33,0,0,0,0,-23.37,839,88,2249
42034,3573.98,0,0,0,0,24.00,839,88,2249
42084,3617.94,0,0,0,0,-45.67,839,88,2249
42134,3581.66,0,0,0,0,36.28,839,88,2249
42184,3617.94,0,0,0,0,-36.28,839,88,2249
42234,3581.66,0,0,0,0,37.16,839,88,2249
42284,3608.37,0,0,0,0,46.52,839,88,2249
42334,3575.69,0,0,0,0,32.69,839,88,2249
42384,3596.26,0,0,0,0,40.36,839,88,2249
42434,3562.10,0,0,0,0,48.01,839,89,2249
42484,3617.94,0,0,0,0,-47.37,839,89,2249
42534,3581.66,0,0,0,0,37.16,839,89,2249
42584,3607.50,0,0,0,0,38.88,839,89,2249
42634,3576.54,0,0,0,0,31.83,839,89,2249
42684,3628.45,0,0,0,0,-65.50,839,89,2249
42734,3576.54,0,0,0,0,31.83,839,89,2249
42784,3618.82,0,0,0,0,-42.28,839,89,2249
42834,3581.66,0,0,0,0,37.16,839,89,2249
42884,3608.37,0,0,0,0,47.39,839,89,2249
42934,3567.18,0,0,0,0,41.19,839,89,2249
42984,3597.12,0,0,0,0,48.85,839,89,2249
43034,3573.98,0,0,0,0,22.28,839,89,2249
43084,3651.41,0,0,-1,0,-118.68,839,91,2249
43134,3561.25,0,0,0,0,57.56,839,91,2249
43184,3618.82,0,0,0,0,-47.39,839,91,2249
43234,3573.13,0,0,0,0,24.85,839,91,2249
43284,3596.26,0,0,0,0,24.87,839,91,2249
43334,3576.54,0,0,0,0,30.97,839,91,2249
43384,3608.37,0,0,0,0,33.55,839,91,2249
43435,3566.33,0,0,0,0,29.93,839,91,2249
43485,3631.08,0,0,0,0,-92.51,839,92,2249
43535,3567.18,0,0,0,0,41.19,839,92,2249
43585,3618.82,0,0,0,0,-47.39,839,92,2249
43635,3566.33,0,0,0,0,41.17,839,92,2249
43685,3608.37,0,0,0,0,40.36,839,92,2249
43735,3606.64,0,0,0,0,33.54,839,92,2249
43785,3544.42,0,0,1,0,450.25,848,93,2310
43835,3545.26,0,0,1,0,404.19,855,94,2364
43885,3544.42,0,0,1,0,471.64,863,95,2411
43935,3546.10,0,0,1,0,402.31,870,96,2466
43985,3546.10,0,0,1,0,420.06,877,97,2504
44035,3545.26,0,0,1,0,336.73,883,98,2547
44085,3573.98,0,0,0,0,72.99,883,99,2547
44135,3608.37,0,0,0,0,13.78,883,99,2547
44185,3561.25,0,0,0,0,48.85,883,99,2547
44235,3597.98,0,0,1,0,47.07,883,100,2547
44285,3567.18,0,0,0,0,41.19,883,100,2547
44335,3607.50,0,0,0,0,26.71,883,100,2547
44385,3568.03,0,0,0,0,38.61,883,100,2547
44435,3608.37,0,0,0,0,33.54,883,100,2547
44485,3576.54,0,0,0,0,30.97,883,100,2547
44535,3608.37,0,0,0,0,23.27,883,100,2547
44585,3569.73,0,0,0,0,49.09,883,100,2547
44635,3607.50,0,0,0,0,38.68,883,100,2547
44685,3575.69,0,0,0,0,32.69,883,100,2547
44735,3606.64,0,0,0,0,22.42,883,100,2547
44785,3579.95,0,0,0,0,38.87,883,100,2547
44835,3608.37,0,0,0,0,48.24,883,100,2547
44886,3568.03,0,0,0,0,38.61,883,100,2547
44936,3597.12,0,0,0,0,25.72,883,100,2547
44986,3576.54,0,0,0,0,30.97,883,100,2547
45036,3595.40,0,0,0,0,30.79,883,100,2547
45086,3574.83,0,0,0,0,33.54,883,100,2547
45136,3607.50,0,0,0,0,32.70,883,100,2547
45186,43103.45,-505,-513,0,0,-39518.36,1396,100,2547
45236,3609.24,0,-1,0,0,95.06,1399,100,2547
45286,3571.43,0,0,0,0,45.64,1399,100,2547
45336,3597.98,0,0,0,0,40.32,1399,100,2547
45386,3558.72,0,0,1,0,48.78,1399,101,2547
45436,3606.64,0,0,0,0,48.83,1399,101,2547
45486,3584.23,0,0,0,0,24.14,1399,101,2547
45536,3618.82,0,0,0,0,-33.73,1399,101,2547
45586,3557.03,0,0,1,0,40.09,1399,102,2547
45636,3599.71,0,0,1,0,50.28,1399,103,2547
45686,3556.19,0,0,1,0,42.66,1399,105,2547
45736,3608.37,0,0,0,0,33.36,1399,105,2547
45786,3577.39,0,0,0,0,29.25,1399,105,2547
45836,3607.50,0,0,0,0,23.13,1399,105,2547
45886,3568.03,0,0,0,0,39.47,1399,105,2547
45936,3587.66,0,0,0,0,-29.78,1399,106,2547
45986,3556.19,0,0,1,0,41.80,1399,107,2547
46036,3608.37,0,0,0,0,40.38,1399,107,2547
46086,3581.66,0,0,0,0,37.16,1399,107,2547
46136,3597.98,0,0,0,0,36.27,1399,107,2547
46186,3556.19,0,0,1,0,33.19,1399,109,2547
46236,3599.71,0,0,1,0,31.49,1399,110,2547
46286,3565.49,0,0,0,0,32.50,1399,111,2547
46336,3599.71,0,0,1,0,39.25,1399,112,2547
46386,3598.85,0,0,1,0,45.21,1399,113,2547
46436,3545.26,0,0,1,0,403.15,1408,114,2608
46486,3543.59,0,0,1,0,475.71,1416,115,2665
46536,3545.26,0,0,1,0,402.11,1423,116,2720
46586,3546.10,0,0,1,0,415.87,1430,117,2757
46636,3546.10,0,0,1,0,397.12,1437,118,2805
46686,3602.31,0,0,0,0,-70.06,1437,118,2805
46736,3571.43,0,0,0,0,43.03,1437,118,2805
46786,3608.37,0,0,0,0,30.14,1437,118,2805
46836,3570.58,0,0,0,0,41.27,1437,118,2805
46886,3617.07,0,0,0,0,-42.24,1437,118,2805
46936,3580.81,0,0,0,0,32.78,1437,118,2805
46986,3597.12,0,0,0,0,34.21,1437,118,2805
47036,3568.03,0,0,0,0,39.47,1437,118,2805
47086,3597.98,0,0,0,0,40.34,1437,118,2805
47136,3567.18,0,0,0,0,41.19,1437,118,2805
47186,3606.64,0,0,0,0,39.47,1437,118,2805
47236,3569.73,0,0,0,0,49.09,1437,118,2805
47286,3617.94,0,0,0,0,-42.26,1437,118,2805
47336,3584.23,0,0,0,0,23.27,1437,118,2805
47386,3607.50,0,0,0,0,36.27,1437,118,2805
47436,3576.54,0,0,0,0,30.10,1437,118,2805
47486,3608.37,0,0,0,0,33.54,1437,118,2805
47536,3581.66,0,0,0,0,37.16,1437,118,2805
47586,3617.94,0,0,0,0,-46.52,1437,118,2805
47636,3580.81,0,0,0,0,38.01,1437,118,2805
47686,3608.37,0,0,0,0,22.41,1437,118,2805
47736,3576.54,0,0,0,0,31.83,1437,118,2805
47787,3607.50,0,0,0,0,31.83,1437,118,2805
47837,3569.73,0,0,0,0,49.09,1437,118,2805
47887,3597.12,0,0,0,0,34.19,1437,118,2805
47937,3566.33,0,0,0,0,30.79,1437,118,2805
47987,3608.37,0,0,0,0,37.76,1437,118,2805
48037,3576.54,0,0,0,0,31.83,1437,118,2805
48087,3617.94,0,0,0,0,-41.41,1437,118,2805
48137,3574.83,0,0,0,0,33.54,1437,118,2805
48187,3596.26,0,0,0,0,40.34,1437,118,2805
48237,3568.88,0,0,0,0,39.49,1437,118,2805
48287,3608.37,0,0,0,0,33.54,1437,118,2805
48337,3581.66,0,0,0,0,35.41,1437,118,2805
48387,3624.06,0,0,0,0,-32.97,1437,118,2805
48437,3581.66,0,0,0,0,35.41,1437,118,2805
48487,3597.98,0,0,0,0,32.67,1437,118,2805
48537,3567.18,0,0,0,0,22.19,1437,119,2805
48587,3617.07,0,0,0,0,-51.59,1437,119,2805
48637,3580.81,0,0,0,0,38.01,1437,119,2805
48687,3614.46,0,0,0,0,-22.50,1437,119,2805
48737,3570.58,0,0,0,0,49.11,1437,119,2805
48787,3607.50,0,0,0,0,39.47,1437,119,2805
48837,3565.49,0,0,0,0,30.77,1437,119,2805
48887,3597.98,0,0,0,0,32.48,1437,119,2805
48937,3567.18,0,0,0,0,40.32,1437,119,2805
48987,3606.64,0,0,0,0,23.14,1437,119,2805
49037,3566.33,0,0,0,0,31.65,1437,119,2805
49087,3597.12,0,0,0,0,31.62,1437,119,2805
49137,3557.87,0,0,1,0,40.11,1437,120,2805
49187,3587.66,0,0,0,0,-29.78,1437,121,2805
49238,3549.46,0,0,1,0,48.53,1437,123,2805
49288,3597.12,0,0,0,0,30.79,1437,123,2805
49338,3608.37,0,0,0,0,24.84,1437,123,2805
49388,3545.26,0,0,1,0,402.11,1446,124,2868
49438,3544.42,0,0,1,0,539.43,1455,125,2930
49488,3545.26,0,0,1,0,402.11,1463,126,2987
49538,3559.56,0,0,1,0,454.35,1471,127,3030
49588,3555.34,0,0,1,0,163.05,1473,128,3036
49638,3582.52,0,0,0,0,14.60,1473,129,3036
49688,3564.64,0,0,0,0,31.62,1473,130,3036
49738,3599.71,0,0,1,0,31.47,1473,131,3036
49788,3556.19,0,0,1,0,43.52,1473,133,3036
49838,3596.26,0,0,0,0,25.64,1473,133,3036
49888,3576.54,0,0,0,0,30.10,1473,133,3036
49938,3609.24,0,0,0,0,41.19,1473,133,3036
49988,3561.25,0,0,0,0,57.56,1473,133,3036
50038,3607.50,0,0,0,0,46.23,1473,133,3036
50088,3569.73,0,0,0,0,48.22,1473,133,3036
50138,3606.64,0,0,0,0,35.41,1473,133,3036
50188,3575.69,0,0,0,0,31.82,1473,133,3036
50238,3617.07,0,0,0,0,-45.64,1473,133,3036
50288,3570.58,0,0,0,0,48.24,1473,133,3036
50338,3589.38,0,0,0,0,-17.95,1473,133,3036
50388,3560.41,0,0,0,0,45.36,1473,133,3036
50438,3597.98,0,0,0,0,39.45,1473,133,3036
50488,3568.88,0,0,0,0,40.36,1473,134,3036
50538,3606.64,0,0,0,0,30.11,1473,134,3036
50588,3564.64,0,0,0,0,32.48,1473,134,3036
50638,3597.98,0,0,0,0,40.32,1473,134,3036
50688,3576.54,0,0,0,0,30.10,1473,134,3036
50738,3536.90,0,0,1,0,39.64,1473,135,3036
50788,3571.43,0,0,0,0,43.90,1473,136,3036
50838,3607.50,0,0,0,0,46.79,1473,136,3036
50888,3564.64,0,0,0,0,33.35,1473,136,3036
50938,3617.94,0,0,0,0,-41.41,1473,136,3036
50988,3569.73,0,0,0,0,49.09,1473,136,3036
51038,3606.64,0,0,0,0,36.28,1473,136,3036
51088,3575.69,0,0,0,0,32.69,1473,136,3036
51138,3607.50,0,0,0,0,31.62,1473,136,3036
51188,3565.49,0,0,0,0,30.77,1473,136,3036
51238,3607.50,0,0,0,0,37.74,1473,136,3036
51288,3575.69,0,0,0,0,32.69,1473,136,3036
51338,3617.07,0,0,0,0,-45.64,1473,136,3036
51388,3583.37,0,0,0,0,25.00,1473,136,3036
51438,3607.50,0,0,0,0,25.01,1473,136,3036
51488,3574.83,0,0,0,0,33.54,1473,136,3036
51538,3608.37,0,0,0,0,33.54,1473,136,3036
51588,3568.03,0,0,0,0,39.47,1473,136,3036
51638,3608.37,0,0,0,0,26.57,1473,136,3036
51688,3576.54,0,0,0,0,31.83,1473,136,3036
51738,3608.37,0,0,0,0,30.10,1473,136,3036
51788,3571.43,0,0,0,0,47.39,1473,136,3036
51838,3608.37,0,0,0,0,30.10,1473,136,3036
51888,3618.82,0,0,0,0,-49.09,1473,136,3036
51938,3546.10,0,0,1,0,398.16,1482,137,3107
51988,3546.10,0,0,1,0,417.96,1489,138,3158
52038,3544.42,0,0,1,0,515.12,1497,139,3219
52088,3546.10,0,0,1,0,401.27,1505,140,3274
52139,3546.10,0,0,1,0,366.26,1512,141,3308
52189,3543.59,0,0,1,0,306.52,1517,142,3339
52239,3543.59,0,0,1,0,304.54,1522,143,3366
52289,3543.59,0,0,1,0,268.36,1526,144,3391
52339,3543.59,0,0,1,0,265.45,1529,145,3413
52389,3593.67,0,-1,0,-3,-295.14,1531,145,3416
52439,3557.87,0,0,1,0,164.21,1533,146,3423
52489,3735.06,0,-1,0,0,30.00,2044,146,6868
52539,3571.43,0,0,0,0,42.16,2044,146,6868
52589,3618.82,0,0,0,0,-48.24,2044,146,6868
52639,3570.58,0,0,0,0,50.86,2044,146,6868
52689,3597.12,0,0,0,0,43.09,2044,146,6868
52739,3556.19,0,0,1,0,33.19,2044,148,6868
52789,3599.71,0,0,1,0,51.07,2044,149,6868
52839,3564.64,0,0,0,0,32.48,2044,149,6868
52889,3605.77,0,0,0,0,30.79,2044,149,6868
52939,3560.41,0,0,0,0,46.23,2044,149,6868
52989,3599.71,0,0,1,0,40.07,2044,150,6868
53039,3556.19,0,0,1,0,40.93,2044,151,6868
53089,3598.85,0,0,1,0,51.07,2044,152,6868
53139,3565.49,0,0,0,0,33.36,2044,153,6868
53189,3597.98,0,0,0,0,34.32,2044,153,6868
53239,3564.64,0,0,0,0,32.48,2044,153,6868
53289,3597.98,0,0,0,0,21.31,2044,153,6868
53339,3568.03,0,0,0,0,37.74,2044,153,6868
53389,3608.37,0,0,0,0,32.69,2044,153,6868
53439,3584.23,0,0,0,0,24.14,2044,153,6868
53489,3617.94,0,0,0,0,-46.52,2044,153,6868
53539,3581.66,0,0,0,0,37.16,2044,153,6868
53590,3607.50,0,0,0,0,42.20,2044,153,6868
53640,3575.69,0,0,0,0,32.69,2044,153,6868
53690,3606.64,0,0,0,0,54.97,2044,153,6868
53740,3567.18,0,0,0,0,40.32,2044,153,6868
53790,3608.37,0,0,0,0,41.17,2044,153,6868
53840,3576.54,0,0,0,0,30.97,2044,153,6868
53890,3617.94,0,0,0,0,-42.26,2044,153,6868
53940,3580.81,0,0,0,0,38.01,2044,153,6868
53990,3664.79,0,0,-1,0,-147.79,2045,154,6868
54040,3567.18,0,0,0,0,40.32,2045,154,6868
54090,3597.12,0,0,0,0,39.47,2045,154,6868
54140,3557.87,0,0,1,0,40.11,2045,155,6868
54190,3608.37,0,0,0,0,42.04,2045,155,6868
54240,3576.54,0,0,0,0,31.83,2045,155,6868
54290,3608.37,0,0,0,0,46.52,2045,155,6868
54340,3568.88,0,0,0,0,39.49,2045,155,6868
54390,3676.47,-2,0,0,-4,-166.06,2046,155,6872
54440,3579.95,0,0,0,0,38.87,2046,155,6872
54490,3616.20,0,0,0,0,-34.54,2046,155,6872
54540,3567.18,0,0,0,0,41.19,2046,155,6872
54590,3607.50,0,0,0,0,40.32,2046,155,6872
54640,3576.54,0,0,0,0,30.97,2046,155,6872
54690,3608.37,0,0,0,0,32.67,2046,155,6872
54740,3576.54,0,0,0,0,31.83,2046,155,6872
54790,3571.43,0,0,0,0,45.64,2046,155,6872
54840,3546.10,0,0,1,0,363.21,2053,156,6922
54890,3545.26,0,0,1,0,388.65,2059,157,6959
54940,3544.42,0,0,1,0,307.66,2065,158,6991
54990,3543.59,0,0,1,0,291.75,2070,159,7016
55040,3609.24,0,-2,0,0,-348.30,2074,159,7016
55090,3570.58,0,0,0,0,47.37,2074,159,7016
55140,3608.37,0,0,0,0,24.05,2074,159,7016
55190,3571.43,0,0,0,0,47.39,2074,159,7016
55240,3608.37,0,0,0,0,29.30,2074,159,7016
55290,3568.03,0,0,0,0,32.55,2074,159,7016
55340,3608.37,0,0,0,0,29.15,2074,159,7016
55390,3572.28,0,0,0,0,27.43,2074,160,7016
55440,3586.80,0,0,0,0,-18.77,2074,160,7016
55490,3557.87,0,0,1,0,38.39,2074,161,7016
55540,3608.37,0,0,0,0,41.19,2074,161,7016
55590,3568.03,0,0,0,0,40.34,2074,161,7016
55640,3608.37,0,0,0,0,32.70,2074,161,7016
55690,3575.69,0,0,0,0,32.69,2074,161,7016
55740,3617.07,0,0,0,0,-35.41,2074,161,7016
55790,3575.69,0,0,0,0,32.69,2074,161,7016
55840,3597.98,0,0,0,0,30.10,2074,161,7016
55890,3568.88,0,0,0,0,37.76,2074,161,7016
55940,3597.98,0,0,0,0,24.84,2074,161,7016
55990,3568.88,0,0,0,0,38.62,2074,161,7016
56040,3607.50,0,0,0,0,28.36,2074,161,7016
56090,3569.73,0,0,0,0,49.09,2074,161,7016
56140,3606.64,0,0,0,0,32.70,2074,161,7016
56190,3567.18,0,0,0,0,40.32,2074,161,7016
56240,3608.37,0,0,0,0,24.84,2074,161,7016
56290,3559.56,0,0,1,0,47.94,2074,162,7016
56340,3598.85,0,0,1,0,20.36,2074,163,7016
56390,3563.79,0,0,0,0,35.92,2074,164,7016
56440,3597.98,0,0,0,0,32.48,2074,164,7016
56491,3560.41,0,0,0,0,47.10,2074,164,7016
56541,3608.37,0,0,0,0,29.23,2074,164,7016
56591,3583.37,0,0,0,0,24.13,2074,164,7016
56641,3607.50,0,0,0,0,35.41,2074,164,7016
56691,3569.73,0,0,0,0,49.09,2074,164,7016
56741,3617.94,0,0,0,0,-36.28,2074,164,7016
56791,3580.81,0,0,0,0,37.14,2074,164,7016
56841,3605.77,0,0,0,0,30.79,2074,164,7016
56891,3576.54,0,0,0,0,31.83,2074,164,7016
56941,3617.94,0,0,0,0,-34.57,2074,164,7016
56991,3581.66,0,0,0,0,35.41,2074,164,7016
57041,3618.82,0,0,0,0,-38.87,2074,164,7016
57091,3568.03,0,0,0,0,38.61,2074,164,7016
57141,3607.50,0,0,0,0,23.99,2074,164,7016
57191,3571.43,0,0,0,0,47.39,2074,164,7016
57241,3607.50,0,0,0,0,36.28,2074,164,7016
57291,3575.69,0,0,0,0,32.69,2074,164,7016
57341,3607.50,0,0,0,0,30.10,2074,164,7016
57391,3566.33,0,0,0,0,21.32,2074,164,7016
57441,3607.50,0,0,0,0,39.45,2074,164,7016
57491,3574.83,0,0,0,0,21.43,2074,164,7016
57541,3608.37,0,0,0,0,29.91,2074,164,7016
57591,3577.39,0,0,0,0,185.78,2372,164,8199
57641,3568.03,0,0,0,0,35.14,2372,164,8199
57691,3546.10,0,0,1,0,401.27,2381,165,8266
57741,3543.59,0,0,1,0,272.24,2383,167,8283
57791,3608.37,0,-2,0,0,-304.56,2386,167,8283
57841,3577.39,0,0,0,0,181.07,2390,167,8283
57891,3607.50,0,-1,0,-4,-263.60,2392,167,8287
57942,3573.98,0,0,0,0,183.53,2395,167,8289
57992,3599.71,0,-1,0,-7,-199.56,2397,167,8296
58042,3561.25,0,0,0,0,76.87,2398,167,8296
58092,3606.64,0,0,0,0,37.58,2398,167,8296
58142,3574.83,0,0,0,0,30.94,2398,167,8296
58192,3608.37,0,0,0,0,32.73,2398,167,8296
58242,3581.66,0,0,0,0,37.16,2398,167,8296
58292,3618.82,0,0,0,0,-38.87,2398,167,8296
58342,3565.49,0,0,0,0,30.77,2398,167,8296
58392,3597.12,0,0,0,0,31.64,2398,167,8296
58442,3563.79,0,0,0,0,33.33,2398,167,8296
58492,3605.77,0,0,0,0,29.93,2398,167,8296
58542,3573.98,0,0,0,0,22.28,2398,167,8296
58592,3608.37,0,0,0,0,40.32,2398,167,8296
58642,3560.41,0,0,0,0,47.96,2398,167,8296
58692,3596.26,0,0,0,0,29.91,2398,167,8296
58742,3564.64,0,0,0,0,33.35,2398,167,8296
58792,3617.94,0,0,0,0,-50.76,2398,167,8296
58842,3571.43,0,0,0,0,46.52,2398,167,8296
58892,3617.94,0,0,0,0,-37.14,2398,167,8296
58942,3581.66,0,0,0,0,37.16,2398,167,8296
58992,3608.37,0,0,0,0,35.39,2398,167,8296
59042,3566.33,0,0,0,0,31.65,2398,167,8296
59092,3588.52,0,0,0,0,-32.33,2398,168,8296
59142,3557.87,0,0,1,0,38.39,2398,169,8296
59192,3607.50,0,0,0,0,33.35,2398,169,8296
59242,3568.88,0,0,0,0,40.36,2398,169,8296
59292,3608.37,0,0,0,0,43.92,2398,169,8296
59342,3567.18,0,0,0,0,41.19,2398,169,8296
59392,3607.50,0,0,0,0,31.62,2398,169,8296
59442,3576.54,0,0,0,0,30.10,2398,169,8296
59492,3618.82,0,0,0,0,-43.13,2398,169,8296
59542,3576.54,0,0,0,0,31.83,2398,169,8296
59592,3618.82,0,0,0,0,-38.87,2398,169,8296
59642,3581.66,0,0,0,0,36.28,2398,169,8296
59692,3607.50,0,0,0,0,36.28,2398,169,8296
59742,3582.52,0,0,0,0,15.47,2398,169,8296
59792,3607.50,0,0,0,0,29.23,2398,169,8296
59842,3565.49,0,0,0,0,22.17,2398,169,8296
59892,3597.98,0,0,0,0,39.45,2398,169,8296
59942,3557.87,0,0,1,0,38.39,2398,170,8296
59992,3597.12,0,0,0,0,29.93,2398,170,8296
60042,3564.64,0,0,0,0,33.35,2398,170,8296
60092,3597.12,0,0,0,0,31.62,2398,170,8296
60142,3576.54,0,0,0,0,30.10,2398,170,8296
60192,3607.50,0,0,0,0,47.37,2398,170,8296
60242,3585.09,0,0,0,0,22.42,2398,170,8296
60292,3581.66,0,0,0,0,15.46,2398,170,8296
60342,3787.88,0,-2,0,0,-83.26,2404,170,8323
60392,3711.95,0,-1,0,0,-9.16,2409,170,8360
60442,3607.50,0,-2,0,0,-351.42,2413,170,8360
60492,3569.73,0,0,0,0,188.73,2417,170,8361
60542,3609.24,0,-1,0,-7,-210.46,2419,170,8368
60592,3564.64,0,0,0,0,116.34,2421,170,8374
60642,3587.66,0,0,0,0,-23.02,2421,170,8374
60692,3558.72,0,0,1,0,47.92,2421,172,8374
60742,3597.98,0,0,0,0,42.06,2421,172,8374
60792,3565.49,0,0,0,0,30.77,2421,172,8374
60843,3597.98,0,0,0,0,29.06,2421,172,8374
60893,3566.33,0,0,0,0,42.91,2421,173,8374
60943,3599.71,0,0,1,0,40.07,2421,174,8374
60993,3565.49,0,0,0,0,34.23,2421,175,8374
61043,3588.52,0,0,0,0,-31.49,2421,176,8374
61093,3556.19,0,0,1,0,41.80,2421,177,8374
61143,3607.50,0,0,0,0,35.92,2421,177,8374
61193,3571.43,0,0,0,0,46.52,2421,177,8374
61243,3619.69,0,0,0,0,-38.03,2421,177,8374
61293,3581.66,0,0,0,0,36.28,2421,177,8374
61343,3618.82,0,0,0,0,-47.39,2421,177,8374
61393,3571.43,0,0,0,0,47.39,2421,177,8374
61443,3598.85,0,0,1,0,37.52,2421,178,8374
61493,3556.19,0,0,1,0,42.66,2421,180,8374
61543,3598.85,0,0,1,0,42.66,2421,181,8374
61593,3556.19,0,0,1,0,42.66,2421,183,8374
61643,3597.98,0,0,1,0,40.11,2421,184,8374
61693,3549.46,0,0,1,0,46.80,2421,185,8374
61743,3588.52,0,0,0,0,-51.61,2421,186,8374
61793,3567.18,0,0,0,0,21.33,2421,187,8374
61843,3597.12,0,0,0,0,32.48,2421,187,8374
61893,3576.54,0,0,0,0,31.83,2421,187,8374
61943,3597.98,0,0,0,0,30.10,2421,187,8374
61993,3566.33,0,0,0,0,41.17,2421,187,8374
62043,3607.50,0,0,0,0,30.10,2421,187,8374
62093,3568.88,0,0,0,0,39.49,2421,187,8374
62143,3608.37,0,0,0,0,25.71,2421,187,8374
62193,3560.41,0,0,0,0,47.96,2421,187,8374
62243,3588.52,0,0,0,0,-30.64,2421,188,8374
62294,3567.18,0,0,0,0,41.19,2421,188,8374
62344,3608.37,0,0,0,0,30.95,2421,188,8374
62394,3565.49,0,0,0,0,30.77,2421,188,8374
62444,3600.58,0,0,1,0,48.78,2421,189,8374
62494,3567.18,0,0,0,0,40.32,2421,189,8374
62544,3617.94,0,0,0,0,-41.41,2421,189,8374
62594,3618.82,0,0,0,0,-41.43,2421,189,8374
62644,3546.10,0,0,1,0,399.19,2430,190,8445
62694,3544.42,0,0,1,0,551.70,2439,191,8508
62744,3545.26,0,0,1,0,402.11,2447,192,8570
62794,3543.59,0,0,1,0,509.37,2455,193,8619
62844,3546.10,0,0,1,0,401.27,2463,194,8674
62894,3545.26,0,0,1,0,481.58,2471,195,8718
62944,3577.39,0,0,0,0,208.58,2474,195,8718
62994,3615.33,0,0,0,0,114.16,2476,195,8724
63044,3584.23,0,0,0,0,162.96,2478,195,8727
63094,3609.24,0,-1,0,-7,-242.95,2480,195,8734
63144,3571.43,0,0,0,0,141.44,2482,195,8742
63194,3604.90,0,0,-1,0,-122.77,2482,196,8742
63244,3571.43,0,0,0,0,38.68,2482,196,8742
63294,3604.90,0,0,-1,0,-114.13,2482,198,8742
63344,3574.83,0,0,0,0,32.67,2482,198,8742
63394,3606.64,0,0,0,0,20.64,2482,198,8742
63444,3575.69,0,0,0,0,32.69,2482,198,8742
63494,3617.94,0,0,0,0,-34.57,2482,198,8742
63544,3581.66,0,0,0,0,36.28,2482,198,8742
63594,3618.82,0,0,0,0,-43.98,2482,198,8742
63644,3576.54,0,0,0,0,30.10,2482,198,8742
63694,3612.72,0,0,0,0,18.37,2482,199,8742
63744,3573.98,0,0,0,0,24.00,2482,199,8742
63794,3606.64,0,0,0,0,24.00,2482,199,8742
63844,3567.18,0,0,0,0,41.19,2482,199,8742
63894,3608.37,0,0,0,0,30.97,2482,199,8742
63944,3574.83,0,0,0,0,21.43,2482,199,8742
63994,3608.37,0,0,0,0,30.95,2482,199,8742
64044,3566.33,0,0,0,0,32.51,2482,199,8742
64094,3585.94,0,0,0,0,3.43,2482,200,8742
64144,3557.87,0,0,1,0,40.11,2482,202,8742
64194,3597.12,0,0,0,0,34.21,2482,202,8742
64244,3564.64,0,0,0,0,32.48,2482,202,8742
64294,3606.64,0,0,0,0,32.50,2482,202,8742
64344,3565.49,0,0,0,0,30.77,2482,202,8742
64394,3609.24,0,0,1,0,48.78,2482,203,8742
64444,3568.03,0,0,0,0,40.34,2482,203,8742
64494,3604.04,0,0,-1,0,-135.43,2483,204,8742
64544,3575.69,0,0,0,0,32.69,2483,204,8742
64594,3596.26,0,0,0,0,30.97,2483,204,8742
64644,3574.83,0,0,0,0,20.56,2483,204,8742
64694,3597.12,0,0,0,0,33.33,2483,204,8742
64744,3557.03,0,0,1,0,40.09,2483,205,8742
64794,3589.38,0,0,0,0,-38.24,2483,206,8742
64844,3557.87,0,0,1,0,21.22,2483,208,8742
64894,3604.04,0,0,-1,0,-125.61,2484,209,8742
64944,3564.64,0,0,0,0,32.48,2484,209,8742
64994,3617.94,0,0,0,0,-42.26,2484,209,8742
65044,3576.54,0,0,0,0,30.97,2484,209,8742
65094,3607.50,0,0,0,0,24.13,2484,209,8742
65144,3566.33,0,0,0,0,31.65,2484,209,8742
65195,3607.50,0,0,0,0,29.91,2484,209,8742
65245,3597.98,0,0,0,0,38.62,2484,209,8742
65295,3553.66,0,0,1,0,393.71,2493,210,8803
65345,3544.42,0,0,1,0,490.00,2501,211,8863
65395,3545.26,0,0,1,0,401.07,2508,212,8919
65445,3546.10,0,0,1,0,390.91,2515,213,8955
65495,3545.26,0,0,1,0,391.75,2522,214,8990
65545,3602.31,0,0,0,0,-70.91,2522,214,8990
65595,3571.43,0,0,0,0,42.16,2522,214,8990
65645,3607.50,0,0,0,0,29.26,2522,214,8990
65695,3570.58,0,0,0,0,41.27,2522,214,8990
65745,3617.07,0,0,0,0,-43.09,2522,214,8990
65795,3570.58,0,0,0,0,43.88,2522,214,8990
65845,3618.82,0,0,0,0,-46.54,2522,214,8990
65895,3568.03,0,0,0,0,38.61,2522,214,8990
65945,3617.94,0,0,0,0,-42.26,2522,214,8990
65995,3571.43,0,0,0,0,47.39,2522,214,8990
66045,3597.98,0,0,0,0,21.42,2522,214,8990
66095,3569.73,0,0,0,0,38.64,2522,214,8990
66145,3596.26,0,0,0,0,30.10,2522,214,8990
66195,3557.87,0,0,1,0,38.39,2522,215,8990
66245,3598.85,0,0,1,0,40.95,2522,216,8990
66295,3555.34,0,0,1,0,34.03,2522,218,8990
66345,3599.71,0,0,1,0,33.19,2522,219,8990
66395,3560.41,0,0,0,0,47.10,2522,219,8990
66445,3598.85,0,0,1,0,46.21,2522,220,8990
66495,3563.79,0,0,0,0,34.19,2522,220,8990
66545,3607.50,0,0,0,0,23.99,2522,220,8990
66595,3571.43,0,0,0,0,45.64,2522,220,8990
66646,3617.94,0,0,0,0,-48.22,2522,220,8990
66696,3568.03,0,0,0,0,38.61,2522,220,8990
66746,3763.17,-1407,-2,0,-1412,40879.69,3057,220,10402
66796,3543.59,0,0,1,0,273.21,3059,222,10420
66846,3606.64,0,0,0,0,73.35,3059,222,10420
66896,3577.39,0,0,0,0,30.11,3059,222,10420
66946,3597.98,0,0,0,0,23.98,3059,222,10420
66996,3568.03,0,0,0,0,38.61,3059,222,10420
67046,3607.50,0,0,0,0,29.06,3059,222,10420
67096,3573.13,0,0,0,0,23.99,3059,222,10420
67146,3606.64,0,0,0,0,30.10,3059,222,10420
67196,3574.83,0,0,0,0,33.54,3059,222,10420
67246,3608.37,0,0,0,0,39.45,3059,222,10420
67296,3562.95,0,0,0,0,43.69,3059,222,10420
67346,3608.37,0,0,0,0,29.23,3059,222,10420
67396,3576.54,0,0,0,0,30.97,3059,222,10420
67446,3608.37,0,0,0,0,43.90,3059,222,10420
67496,3572.28,0,0,0,0,24.84,3059,222,10420
67546,3606.64,0,0,0,0,30.10,3059,222,10420
67596,3568.03,0,0,0,0,38.61,3059,222,10420
67646,3618.82,0,0,0,0,-49.09,3059,222,10420
67696,3579.10,0,0,0,0,28.41,3059,222,10420
67746,3597.12,0,0,0,0,39.47,3059,222,10420
67796,3556.19,0,0,1,0,30.61,3059,223,10420
67846,3556.19,0,0,1,0,40.93,3059,224,10420
67896,3545.26,0,0,1,0,402.11,3067,225,10482
67946,3546.10,0,0,1,0,395.05,3074,226,10532
67996,3543.59,0,0,1,0,330.38,3080,227,10565
68046,3543.59,0,0,1,0,280.99,3084,228,10590
68096,3601.44,0,-1,0,-5,-291.58,3086,228,10595
68146,3576.54,0,0,0,0,32.70,3086,228,10595
68196,3597.98,0,0,0,0,48.24,3086,228,10595
68246,3576.54,0,0,0,0,29.23,3086,228,10595
68296,3607.50,0,0,0,0,17.17,3086,228,10595
68346,3567.18,0,0,0,0,41.19,3086,228,10595
68396,3596.26,0,0,0,0,34.31,3086,228,10595
68446,3565.49,0,0,0,0,30.77,3086,228,10595
68496,3589.38,0,0,0,0,-30.66,3086,229,10595
68546,3555.34,0,0,1,0,31.46,3086,230,10595
68596,3589.38,0,0,0,0,-41.60,3086,231,10595
68646,3557.03,0,0,1,0,42.68,3086,233,10595
68696,3608.37,0,0,0,0,39.47,3086,233,10595
68746,3579.95,0,0,0,0,38.87,3086,233,10595
68796,3606.64,0,0,0,0,37.76,3086,233,10595
68846,3574.83,0,0,0,0,33.54,3086,233,10595
68896,3608.37,0,0,0,0,46.49,3086,233,10595
68946,3566.33,0,0,0,0,31.65,3086,234,10595
68996,3599.71,0,0,1,0,35.80,3086,235,10595
69046,3566.33,0,0,0,0,41.17,3086,235,10595
69096,3617.07,0,0,0,0,-40.53,3086,235,10595
69146,3569.73,0,0,0,0,49.09,3086,235,10595
69196,3617.94,0,0,0,0,-47.37,3086,235,10595
69246,3581.66,0,0,0,0,37.16,3086,235,10595
69296,3618.82,0,0,0,0,-38.87,3086,235,10595
69346,3576.54,0,0,0,0,31.83,3086,235,10595
69396,3608.37,0,0,0,0,36.27,3086,235,10595
69446,3560.41,0,0,0,0,46.23,3086,235,10595
69496,3589.38,0,0,0,0,-31.50,3086,236,10595
69547,3556.19,0,0,1,0,43.52,3086,238,10595
69597,3599.71,0,0,1,0,47.92,3086,239,10595
69647,3566.33,0,0,0,0,30.79,3086,239,10595
69697,3607.50,0,0,0,0,43.63,3086,239,10595
69747,3575.69,0,0,0,0,31.82,3086,239,10595
69797,3606.64,0,0,0,0,36.89,3086,239,10595
69847,3570.58,0,0,0,0,47.37,3086,239,10595
69897,3608.37,0,0,0,0,38.59,3086,239,10595
69947,3559.56,0,0,1,0,47.07,3086,240,10595
69997,3597.98,0,0,0,0,40.34,3086,240,10595
70047,3575.69,0,0,0,0,31.82,3086,240,10595
70097,3606.64,0,0,0,0,43.92,3086,240,10595
70147,3590.23,0,0,0,0,-34.59,3086,240,10595
70197,3617.94,0,0,0,0,-35.43,3086,240,10595
70247,3579.95,0,0,0,0,38.87,3086,240,10595
70297,3516.17,0,1,0,0,44.23,3087,240,10595
70347,3435.64,0,2,0,0,43.83,3090,240,10595
70397,3290.19,0,4,0,5,102.70,3099,240,10606
70447,3180.66,1,5,0,1,25.84,3113,240,10610
70497,3103.02,0,6,0,0,18.08,3125,240,10612
70547,2955.08,3,8,0,2,60.60,3147,240,10618
70597,2868.62,0,9,0,2,62.79,3164,240,10621
70647,2771.62,9,10,0,0,14.93,3193,240,10623
70697,2691.07,4,11,0,0,11.64,3215,240,10626
70747,2607.79,2,12,0,0,16.88,3239,240,10628
70797,2529.51,0,13,0,0,11.57,3265,240,10630
70847,2451.38,0,14,0,0,10.06,3293,240,10632
70897,2368.92,2,16,0,0,14.30,3324,240,10634
70947,2292.88,4,16,0,0,9.86,3356,240,10636
70998,2212.06,11,18,0,0,12.47,3391,240,10638
71048,2134.02,18,19,0,0,15.60,3428,240,10640
71098,2071.82,0,19,0,2,62.19,3447,240,10642
71148,1997.60,7,20,0,1,59.16,3487,240,10643
71198,1921.60,20,21,0,1,60.69,3529,240,10644
71248,53956.83,-634,-654,0,0,-52055.69,4205,240,10644
71298,1820.61,21,23,0,2,76.68,4250,240,12272
71348,1794.04,2,23,0,0,26.57,4273,240,12272
71398,1696.45,24,24,0,1,64.32,4320,240,12273
71448,1682.94,8,24,0,0,13.51,4344,240,12273
71498,1621.62,0,25,0,1,61.31,4369,240,12274
71548,1548.63,24,26,0,1,61.51,4420,240,12275
71598,1536.89,13,26,0,0,11.74,4446,240,12275
71648,1471.74,6,27,0,1,65.14,4473,240,12276
71698,1464.13,0,27,0,0,7.61,4500,240,12276
71748,1398.47,0,28,0,1,65.66,4528,240,12277
71798,1391.34,0,28,0,0,7.13,4556,240,12277
71848,1381.85,21,28,0,-2,-116.88,4614,240,12281
71898,1249.06,26,30,0,2,132.79,4644,240,12283
71948,1244.30,22,30,0,0,4.77,4674,240,12283
71998,1175.00,25,31,0,1,69.30,4705,240,12284
72048,1169.04,25,31,0,0,5.95,4736,240,12284
72098,1098.98,32,32,0,1,70.06,4768,240,12285
72148,1098.98,0,32,0,1,70.06,4768,240,12285
72198,1094.65,0,32,0,0,4.33,4800,240,12285
72248,1032.20,0,33,0,1,62.45,4833,240,12286
72298,1017.43,4,33,0,0,14.77,4866,240,12286
72348,955.17,18,34,0,0,62.26,4900,240,12286
72398,936.68,32,34,0,0,18.49,4934,240,12286
72448,936.68,0,34,0,0,18.49,4934,240,12286
72498,868.56,3,35,0,0,68.12,4969,240,12286
72549,853.29,25,35,0,0,15.27,5004,240,12286
72599,853.29,0,35,0,0,15.27,5004,240,12286
72649,786.25,0,36,0,0,67.04,5040,240,12286
72699,762.62,27,36,0,0,23.62,5076,240,12286
72749,762.62,0,36,0,0,23.62,5076,240,12286
72799,692.84,16,37,0,0,69.78,5113,240,12286
72849,692.84,0,37,0,0,69.78,5113,240,12286
72899,663.92,7,38,0,0,28.92,5151,240,12286
72949,663.92,0,38,0,0,28.92,5151,240,12286
72999,586.62,10,39,0,0,77.30,5190,240,12286
73049,586.62,0,39,0,0,77.30,5190,240,12286
73099,548.83,20,39,0,0,37.80,5229,240,12286
73149,548.83,0,39,0,0,37.80,5229,240,12286
73199,548.83,0,39,0,0,37.80,5229,240,12286
73249,454.92,2,40,0,0,93.91,5269,240,12286
73299,454.92,0,40,0,0,93.91,5269,240,12286
73349,454.92,0,40,0,0,93.91,5269,240,12286
73399,395.99,5,41,0,0,58.93,5310,240,12286
73449,395.99,0,41,0,0,58.93,5310,240,12286
73499,395.99,0,41,0,0,58.93,5310,240,12286
73549,395.99,0,41,0,0,58.93,5310,240,12286
74701,44.86,0,41,0,0,58.93,5310,240,12286
74752,44.86,0,41,0,0,58.93,5310,240,12286
74802,44.86,0,41,0,0,58.93,5310,240,12286
74852,44.86,0,41,0,0,58.93,5310,240,12286
74902,44.86,0,41,0,0,58.93,5310,240,12286
74952,0.00,0,41,0,0,58.93,5310,240,12286
75002,0.00,0,41,0,0,58.93,5310,240,12286
75052,0.00,0,41,0,0,58.93,5310,240,12286
75102,0.00,0,41,0,0,58.93,5310,240,12286
75152,0.00,0,41,0,0,58.93,5310,240,12286
75202,0.00,0,41,0,0,58.93,5310,240,12286
75252,0.00,0,41,0,0,58.93,5310,240,12286
75302,0.00,0,41,0,0,58.93,5310,240,12286
75352,0.00,0,41,0,0,58.93,5310,240,12286
75402,0.00,0,41,0,0,58.93,5310,240,12286
75452,0.00,0,41,0,0,58.93,5310,240,12286
75502,0.00,0,41,0,0,58.93,5310,240,12286
75552,0.00,0,41,0,0,58.93,5310,240,12286
75602,0.00,0,41,0,0,58.93,5310,240,12286
75652,0.00,0,41,0,0,58.93,5310,240,12286
75702,0.00,0,41,0,0,58.93,5310,240,12286
75752,0.00,0,41,0,0,58.93,5310,240,12286
75802,0.00,0,41,0,0,58.93,5310,240,12286
75852,0.00,0,41,0,0,58.93,5310,240,12286
75902,0.00,0,41,0,0,58.93,5310,240,12286
75952,0.00,0,41,0,0,58.93,5310,240,12286
76002,0.00,0,41,0,0,58.93,5310,240,12286
76052,0.00,0,41,0,0,58.93,5310,240,12286
76102,0.00,0,41,0,0,58.93,5310,240,12286
76152,0.00,0,41,0,0,58.93,5310,240,12286
76203,0.00,0,41,0,0,58.93,5310,240,12286
76253,0.00,0,41,0,0,58.93,5310,240,12286
76303,0.00,0,41,0,0,58.93,5310,240,12286
76353,0.00,0,41,0,0,58.93,5310,240,12286
76403,0.00,0,41,0,0,58.93,5310,240,12286
76453,0.00,0,41,0,0,58.93,5310,240,12286
76503,0.00,0,41,0,0,58.93,5310,240,12286
76553,0.00,0,41,0,0,58.93,5310,240,12286
76603,0.00,0,41,0,0,58.93,5310,240,12286
76653,0.00,0,41,0,0,58.93,5310,240,12286
76703,0.00,0,41,0,0,58.93,5310,240,12286
76753,0.00,0,41,0,0,58.93,5310,240,12286
76803,0.00,0,41,0,0,58.93,5310,240,12286
76853,0.00,0,41,0,0,58.93,5310,240,12286
76903,0.00,0,41,0,0,58.93,5310,240,12286
76953,0.00,0,41,0,0,58.93,5310,240,12286
77003,0.00,0,41,0,0,58.93,5310,240,12286
77053,0.00,0,41,0,0,58.93,5310,240,12286
77103,0.00,0,41,0,0,58.93,5310,240,12286
77153,0.00,0,41,0,0,58.93,5310,240,12286
77203,0.00,0,41,0,0,58.93,5310,240,12286
77253,0.00,0,41,0,0,58.93,5310,240,12286
77303,0.00,0,41,0,0,58.93,5310,240,12286
77353,0.00,0,41,0,0,58.93,5310,240,12286
77403,0.00,0,41,0,0,58.93,5310,240,12286
77453,0.00,0,41,0,0,58.93,5310,240,12286
77503,0.00,0,41,0,0,58.93,5310,240,12286
77553,0.00,0,41,0,0,58.93,5310,240,12286
77603,0.00,0,41,0,0,58.93,5310,240,12286
77654,0.00,0,41,0,0,58.93,5310,240,12286
77704,0.00,0,41,0,0,58.93,5310,240,12286
77754,0.00,0,41,0,0,58.93,5310,240,12286
77804,0.00,0,41,0,0,58.93,5310,240,12286
77854,0.00,0,41,0,0,58.93,5310,240,12286
77904,0.00,0,41,0,0,58.93,5310,240,12286
77954,0.00,0,41,0,0,58.93,5310,240,12286
78004,0.00,0,41,0,0,58.93,5310,240,12286
78054,0.00,0,41,0,0,58.93,5310,240,12286
78104,0.00,0,41,0,0,58.93,5310,240,12286
78154,0.00,0,41,0,0,58.93,5310,240,12286
78204,0.00,0,41,0,0,58.93,5310,240,12286
78254,0.00,0,41,0,0,58.93,5310,240,12286
78304,0.00,0,41,0,0,58.93,5310,240,12286
78354,0.00,0,41,0,0,58.93,5310,240,12286
78404,0.00,0,41,0,0,58.93,5310,240,12286
78454,0.00,0,41,0,0,58.93,5310,240,12286
78504,0.00,0,41,0,0,58.93,5310,240,12286
78554,0.00,0,41,0,0,58.93,5310,240,12286
78604,0.00,0,41,0,0,58.93,5310,240,12286
78654,0.00,0,41,0,0,58.93,5310,240,12286
78704,0.00,0,41,0,0,58.93,5310,240,12286
78754,0.00,0,41,0,0,58.93,5310,240,12286
78804,0.00,0,41,0,0,58.93,5310,240,12286
78854,0.00,0,41,0,0,58.93,5310,240,12286
78904,0.00,0,41,0,0,58.93,5310,240,12286
78954,0.00,0,41,0,0,58.93,5310,240,12286
79004,0.00,0,41,0,0,58.93,5310,240,12286
79054,0.00,0,41,0,0,58.93,5310,240,12286
79104,0.00,0,41,0,0,58.93,5310,240,12286
79154,0.00,0,41,0,0,58.93,5310,240,12286
79204,0.00,0,41,0,0,58.93,5310,240,12286
79254,0.00,0,41,0,0,58.93,5310,240,12286
79304,0.00,0,41,0,0,58.93,5310,240,12286
79354,0.00,0,41,0,0,58.93,5310,240,12286
79404,0.00,0,41,0,0,58.93,5310,240,12286
79454,0.00,0,41,0,0,58.93,5310,240,12286
79504,0.00,0,41,0,0,58.93,5310,240,12286
79554,0.00,0,41,0,0,58.93,5310,240,12286
79604,0.00,0,41,0,0,58.93,5310,240,12286
79654,0.00,0,41,0,0,58.93,5310,240,12286
79704,0.00,0,41,0,0,58.93,5310,240,12286
79754,0.00,0,41,0,0,58.93,5310,240,12286
79804,0.00,0,41,0,0,58.93,5310,240,12286
79854,0.00,0,41,0,0,58.93,5310,240,12286
79904,0.00,0,41,0,0,58.93,5310,240,12286
79954,0.00,0,41,0,0,58.93,5310,240,12286
80004,0.00,0,41,0,0,58.93,5310,240,12286
80054,0.00,0,41,0,0,58.93,5310,240,12286
80104,0.00,0,41,0,0,58.93,5310,240,12286
