Microcontroller Governor - Abrupt Load Increase(1800 W) - Initially No Load
Trial: 6
Date: 4-5-2023
Time: 4:41 PM
Ambient Temp: 77
Head Temp: 211.1

------ Microcontroller Engine Governor - Version: 1.16 ------
-------------------------------------------------------------
PID Gains:  Kp: 0.013  KpAlt: 0.025  Kd: 0.100  KdAlt: 4.000
-------------------------------------------------------------
Set RPM:             3600    |  Min RPM:                 300
                             |
RPM Precision:       20      |  PID Kp Alt Range:        70
                             |
Start Steps:         850     |  Max Steps:               1200
                             |
RPM Calc Interval:   1       |  Num Magnets:             1
                             |
LCD Update Interval: 400     |  Serial Update Interval:  50
-------------------------------------------------------------

Time,RPM,Steps Remaining, PID p, PID p Alt, PID d, RPM Change, P Cmd, P Alt Cmd, D Cmd
1281,0.00,0,0,0,0,0.00,0,0,0
1331,0.00,0,0,0,0,0.00,0,0,0
1381,0.00,0,0,0,0,0.00,0,0,0
1431,0.00,0,0,0,0,0.00,0,0,0
1481,0.00,0,0,0,0,0.00,0,0,0
1531,0.00,0,0,0,0,0.00,0,0,0
1581,0.00,0,0,0,0,0.00,0,0,0
1631,0.00,0,0,0,0,0.00,0,0,0
1681,0.00,0,0,0,0,0.00,0,0,0
1731,0.00,0,0,0,0,0.00,0,0,0
1781,0.00,0,0,0,0,0.00,0,0,0
1831,0.00,0,0,0,0,0.00,0,0,0
1881,0.00,0,0,0,0,0.00,0,0,0
1931,0.00,0,0,0,0,0.00,0,0,0
1981,0.00,0,0,0,0,0.00,0,0,0
2031,0.00,0,0,0,0,0.00,0,0,0
2081,0.00,0,0,0,0,0.00,0,0,0
2131,0.00,0,0,0,0,0.00,0,0,0
2181,0.00,0,0,0,0,0.00,0,0,0
2231,0.00,0,0,0,0,0.00,0,0,0
2281,0.00,0,0,0,0,0.00,0,0,0
2331,0.00,0,0,0,0,0.00,0,0,0
2381,0.00,0,0,0,0,0.00,0,0,0
2432,0.00,0,0,0,0,0.00,0,0,0
2482,0.00,0,0,0,0,0.00,0,0,0
2532,0.00,0,0,0,0,0.00,0,0,0
2582,0.00,0,0,0,0,0.00,0,0,0
2632,0.00,0,0,0,0,0.00,0,0,0
2682,0.00,0,0,0,0,0.00,0,0,0
2732,0.00,0,0,0,0,0.00,0,0,0
2782,0.00,0,0,0,0,0.00,0,0,0
2832,0.00,0,0,0,0,0.00,0,0,0
2882,0.00,0,0,0,0,0.00,0,0,0
2932,0.00,0,0,0,0,0.00,0,0,0
2982,0.00,0,0,0,0,0.00,0,0,0
3032,0.00,0,0,0,0,0.00,0,0,0
3082,0.00,0,0,0,0,0.00,0,0,0
3132,0.00,0,0,0,0,0.00,0,0,0
3182,0.00,0,0,0,0,0.00,0,0,0
3232,0.00,0,0,0,0,0.00,0,0,0
3282,0.00,0,0,0,0,0.00,0,0,0
3332,0.00,0,0,0,0,0.00,0,0,0
3382,0.00,0,0,0,0,0.00,0,0,0
3432,0.00,0,0,0,0,0.00,0,0,0
3482,0.00,0,0,0,0,0.00,0,0,0
3532,0.00,0,0,0,0,0.00,0,0,0
3582,0.00,0,0,0,0,0.00,0,0,0
3632,0.00,0,0,0,0,0.00,0,0,0
3682,0.00,0,0,0,0,0.00,0,0,0
3732,0.00,0,0,0,0,0.00,0,0,0
3782,0.00,0,0,0,0,0.00,0,0,0
3832,0.00,0,0,0,0,0.00,0,0,0
3883,0.00,0,0,0,0,0.00,0,0,0
3933,0.00,0,0,0,0,0.00,0,0,0
3983,0.00,0,0,0,0,0.00,0,0,0
4033,0.00,0,0,0,0,0.00,0,0,0
4083,0.00,0,0,0,0,0.00,0,0,0
4133,0.00,0,0,0,0,0.00,0,0,0
4183,0.00,0,0,0,0,0.00,0,0,0
4233,0.00,0,0,0,0,0.00,0,0,0
4283,0.00,0,0,0,0,0.00,0,0,0
4333,0.00,0,0,0,0,0.00,0,0,0
4383,0.00,0,0,0,0,0.00,0,0,0
4433,0.00,0,0,0,0,0.00,0,0,0
4483,0.00,0,0,0,0,0.00,0,0,0
4533,0.00,0,0,0,0,0.00,0,0,0
4583,0.00,0,0,0,0,0.00,0,0,0
4633,0.00,0,0,0,0,0.00,0,0,0
4683,0.00,0,0,0,0,0.00,0,0,0
4733,0.00,0,0,0,0,0.00,0,0,0
4783,0.00,0,0,0,0,0.00,0,0,0
4833,0.00,0,0,0,0,0.00,0,0,0
4883,0.00,0,0,0,0,0.00,0,0,0
4933,0.00,0,0,0,0,0.00,0,0,0
4983,0.00,0,0,0,0,0.00,0,0,0
5033,0.00,0,0,0,0,0.00,0,0,0
5083,0.00,0,0,0,0,0.00,0,0,0
5133,0.00,0,0,0,0,0.00,0,0,0
5183,0.00,0,0,0,0,0.00,0,0,0
5233,0.00,0,0,0,0,0.00,0,0,0
5283,0.00,0,0,0,0,0.00,0,0,0
5334,0.00,0,0,0,0,0.00,0,0,0
5384,0.00,0,0,0,0,0.00,0,0,0
5434,0.00,0,0,0,0,0.00,0,0,0
5484,0.00,0,0,0,0,0.00,0,0,0
5534,0.00,0,0,0,0,0.00,0,0,0
5584,0.00,0,0,0,0,0.00,0,0,0
5634,0.00,0,0,0,0,0.00,0,0,0
5684,0.00,0,0,0,0,0.00,0,0,0
5734,0.00,0,0,0,0,0.00,0,0,0
5784,0.00,0,0,0,0,0.00,0,0,0
5834,0.00,0,0,0,0,0.00,0,0,0
5884,0.00,0,0,0,0,0.00,0,0,0
5934,0.00,0,0,0,0,0.00,0,0,0
5984,0.00,0,0,0,0,0.00,0,0,0
6034,0.00,0,0,0,0,0.00,0,0,0
6084,0.00,0,0,0,0,0.00,0,0,0
6134,0.00,0,0,0,0,0.00,0,0,0
6184,0.00,0,0,0,0,0.00,0,0,0
6234,0.00,0,0,0,0,0.00,0,0,0
6284,0.00,0,0,0,0,0.00,0,0,0
6334,0.00,0,0,0,0,0.00,0,0,0
6384,0.00,0,0,0,0,0.00,0,0,0
6434,0.00,0,0,0,0,0.00,0,0,0
6484,0.00,0,0,0,0,0.00,0,0,0
6534,0.00,0,0,0,0,0.00,0,0,0
6584,0.00,0,0,0,0,0.00,0,0,0
6634,0.00,0,0,0,0,0.00,0,0,0
6684,0.00,0,0,0,0,0.00,0,0,0
6734,0.00,0,0,0,0,0.00,0,0,0
6784,0.00,0,0,0,0,0.00,0,0,0
6834,0.00,0,0,0,0,0.00,0,0,0
6884,0.00,0,0,0,0,0.00,0,0,0
6934,0.00,0,0,0,0,0.00,0,0,0
6984,0.00,0,0,0,0,0.00,0,0,0
7034,0.00,0,0,0,0,0.00,0,0,0
7084,0.00,0,0,0,0,0.00,0,0,0
7134,0.00,0,0,0,0,0.00,0,0,0
7184,0.00,0,0,0,0,0.00,0,0,0
7234,0.00,0,0,0,0,0.00,0,0,0
7284,0.00,0,0,0,0,0.00,0,0,0
7334,0.00,0,0,0,0,0.00,0,0,0
7384,0.00,0,0,0,0,0.00,0,0,0
7434,0.00,0,0,0,0,0.00,0,0,0
7484,0.00,0,0,0,0,0.00,0,0,0
7534,0.00,0,0,0,0,0.00,0,0,0
7584,0.00,0,0,0,0,0.00,0,0,0
7634,0.00,0,0,0,0,0.00,0,0,0
7684,0.00,0,0,0,0,0.00,0,0,0
7734,0.00,0,0,0,0,0.00,0,0,0
7784,0.00,0,0,0,0,0.00,0,0,0
7834,0.00,0,0,0,0,0.00,0,0,0
7884,0.00,0,0,0,0,0.00,0,0,0
7934,0.00,0,0,0,0,0.00,0,0,0
7984,0.00,0,0,0,0,0.00,0,0,0
8034,0.00,0,0,0,0,0.00,0,0,0
8084,0.00,0,0,0,0,0.00,0,0,0
8134,0.00,0,0,0,0,0.00,0,0,0
8184,0.00,0,0,0,0,0.00,0,0,0
8235,0.00,0,0,0,0,0.00,0,0,0
8285,0.00,0,0,0,0,0.00,0,0,0
8335,0.00,0,0,0,0,0.00,0,0,0
8385,0.00,0,0,0,0,0.00,0,0,0
8435,0.00,0,0,0,0,0.00,0,0,0
8485,0.00,0,0,0,0,0.00,0,0,0
8535,0.00,0,0,0,0,0.00,0,0,0
8585,0.00,0,0,0,0,0.00,0,0,0
8635,0.00,0,0,0,0,0.00,0,0,0
8685,0.00,0,0,0,0,0.00,0,0,0
8735,0.00,0,0,0,0,0.00,0,0,0
8785,0.00,0,0,0,0,0.00,0,0,0
8835,0.00,0,0,0,0,0.00,0,0,0
8885,0.00,0,0,0,0,0.00,0,0,0
8935,0.00,0,0,0,0,0.00,0,0,0
8985,0.00,0,0,0,0,0.00,0,0,0
9035,0.00,0,0,0,0,0.00,0,0,0
9085,0.00,0,0,0,0,0.00,0,0,0
9135,0.00,0,0,0,0,0.00,0,0,0
9185,0.00,0,0,0,0,0.00,0,0,0
9235,0.00,0,0,0,0,0.00,0,0,0
9285,0.00,0,0,0,0,0.00,0,0,0
9335,0.00,0,0,0,0,0.00,0,0,0
9385,0.00,0,0,0,0,0.00,0,0,0
9435,0.00,0,0,0,0,0.00,0,0,0
9485,0.00,0,0,0,0,0.00,0,0,0
9535,0.00,0,0,0,0,0.00,0,0,0
9585,0.00,0,0,0,0,0.00,0,0,0
9635,inf,0,0,0,0,inf,0,0,0
9686,inf,0,0,0,0,inf,0,0,0
9736,482.35,23,40,0,0,inf,40,0,0
9786,1020.55,0,33,0,-35,-538.20,73,0,35
9836,1020.55,0,33,0,-35,-538.20,73,0,35
9886,956.33,0,34,0,4,64.22,107,0,39
9936,957.49,1,34,0,0,-1.16,141,0,39
9986,919.29,19,34,0,2,38.20,175,0,41
10036,1174.17,0,31,0,-19,-254.88,206,0,60
10086,1175.64,16,31,0,0,-1.47,237,0,60
10136,1465.27,0,27,0,-28,-289.63,264,0,88
10186,1481.04,0,27,0,-1,-15.77,291,0,89
10236,1898.97,0,22,0,-27,-217.93,337,0,138
10286,2039.71,12,20,0,-1,-11.86,377,0,156
10336,2244.50,13,17,0,-1,-13.35,411,0,184
10386,2429.94,11,15,0,0,2.36,441,0,215
10436,2594.71,7,13,0,2,13.08,466,0,247
10486,2734.73,0,11,0,0,17.06,488,0,247
10536,2985.07,5,7,0,0,-126.84,513,0,247
10586,3099.81,0,6,0,0,-113.55,526,0,247
10636,3205.81,0,5,0,0,6.87,542,0,247
10686,3427.79,1,2,0,0,-108.47,550,0,247
10736,3534.40,0,0,1,0,-119.10,552,1,247
10786,3702.79,0,-1,0,0,-97.89,562,1,253
10836,3711.03,0,-1,0,0,23.10,565,1,253
10886,3761.28,0,-2,0,0,-85.71,568,1,253
10936,3810.98,0,-2,0,0,-2.90,573,1,253
10986,3824.58,0,-2,0,0,35.43,581,1,253
11036,3786.92,0,-2,0,0,9.58,587,1,253
11086,3901.17,0,-3,0,0,-64.85,596,1,253
11136,3968.25,-2,-4,0,0,-68.10,610,1,254
11186,3984.06,0,-4,0,0,25.56,623,1,254
11236,4038.77,0,-5,0,0,-56.82,637,1,254
11286,4079.41,-4,-6,0,0,-54.73,658,1,254
11336,4025.76,0,-5,0,0,39.28,674,1,254
11386,3954.65,0,-4,0,0,98.31,689,1,254
11436,4066.14,-2,-6,0,0,-1.10,715,1,254
11486,4037.68,0,-5,0,0,43.95,731,1,254
11536,4051.86,0,-5,0,0,-27.18,746,1,254
11586,4023.61,0,-5,0,0,-32.12,767,1,259
11636,3996.80,0,-5,0,0,27.88,782,1,259
11686,3996.80,0,-5,0,0,-15.91,796,1,259
11736,3955.70,0,-4,0,0,22.03,814,2,264
11786,3940.11,0,-4,0,0,28.14,826,2,264
11836,3953.61,0,-4,0,0,-39.21,838,2,264
11886,3888.02,-2,-3,0,0,13.15,852,2,264
11936,3810.98,0,-2,0,0,22.40,860,2,264
11986,3786.92,0,-2,0,0,10.55,866,2,264
12036,3711.03,0,-1,0,0,36.16,870,2,264
12086,3688.22,0,-1,0,0,-13.55,872,2,264
12136,3616.20,0,0,0,0,20.39,872,3,264
12186,3594.54,0,0,-1,0,-26.34,872,4,264
12236,3567.18,0,0,0,0,10.21,872,4,264
12286,3542.75,0,0,1,0,14.28,872,6,264
12336,3481.09,0,1,0,0,20.31,875,6,264
12386,3513.70,0,1,0,0,-32.62,878,6,264
12436,3439.58,0,2,0,0,9.49,882,6,264
12486,3388.30,0,2,0,0,20.02,886,6,264
12536,3328.16,5,3,0,16,388.39,895,6,300
12587,3378.38,0,2,0,0,127.11,899,6,300
12637,3435.64,0,2,0,0,-41.97,905,6,300
12687,3438.79,0,2,0,0,31.83,910,6,300
12737,3501.40,0,1,0,0,-30.79,913,6,300
12787,3502.22,0,1,0,0,11.49,916,6,300
12837,3556.19,0,0,1,0,-42.48,918,7,300
12887,3545.26,0,0,1,0,35.55,918,8,300
12937,3532.74,0,0,1,0,21.77,918,10,300
12987,3579.10,0,0,0,0,-58.80,919,10,300
13037,3582.52,0,-5,0,-5,-811.39,928,10,306
13087,3617.07,0,-5,0,-5,-773.43,937,10,311
13137,3594.54,0,-5,0,-5,-795.53,946,10,317
13187,3628.45,0,0,0,0,442.11,956,10,322
13237,3502.22,0,1,0,0,393.89,962,10,343
13287,3651.41,0,0,-1,0,24.16,969,11,347
13337,3695.49,0,-1,0,0,-43.19,971,12,347
13387,3624.94,0,0,0,0,24.70,971,14,347
13437,3633.72,0,0,0,0,-18.39,971,15,347
13487,3615.33,0,0,0,0,-32.26,971,15,347
13537,3622.31,0,0,0,0,-6.98,971,16,347
13587,3554.50,0,0,1,0,10.14,971,17,347
13637,3612.72,0,0,0,0,16.24,971,17,347
13687,3556.19,0,0,1,0,17.79,971,18,347
13737,3575.69,0,0,0,0,-20.34,971,19,347
13787,3597.98,0,0,1,0,22.87,971,20,347
13837,3566.33,0,0,0,0,278.83,977,20,380
13887,3501.40,0,1,0,0,316.36,982,20,397
13937,3538.57,0,0,1,0,98.68,983,21,397
13987,3521.95,0,1,0,0,9.95,984,23,397
14038,3503.04,0,1,0,0,19.74,987,23,397
14088,3579.10,0,0,0,0,-58.80,988,24,397
14138,3571.43,0,0,0,0,27.42,988,25,397
14188,3590.23,0,0,0,0,27.42,988,25,397
14238,3593.67,0,0,0,0,11.14,988,25,397
14288,3573.98,0,0,0,0,8.54,988,25,397
14338,3555.34,0,0,1,0,10.14,988,27,397
14388,3610.11,0,0,0,0,25.72,988,27,397
14438,3595.40,0,0,0,0,25.72,988,27,397
14488,3652.30,0,0,-1,0,-47.40,988,28,397
14538,3626.69,0,0,0,0,35.42,988,29,397
14588,3673.77,0,0,0,0,-35.64,988,30,397
14638,3603.17,0,0,0,0,35.64,988,30,397
14688,3629.32,0,0,0,0,-42.52,988,30,397
14738,3615.33,0,0,-1,0,-41.97,988,31,397
14788,3576.54,0,0,0,0,-2.56,988,31,397
14838,3556.19,0,0,1,0,21.20,988,32,397
14888,3629.32,0,0,0,0,-46.81,988,32,397
14938,3604.90,0,0,0,0,-30.33,988,32,397
14988,3633.72,0,0,0,0,-29.68,988,32,397
15038,3603.17,0,0,-1,0,-41.97,988,33,397
15088,3610.11,0,0,0,0,31.61,988,33,397
15138,3604.04,0,0,0,0,-47.66,988,33,397
15188,3627.57,0,0,0,0,-0.88,988,34,397
15238,3583.37,0,0,0,0,-0.88,988,34,397
15288,3642.54,0,0,-1,0,-38.51,988,35,397
15338,3615.33,0,0,-1,0,-34.37,988,36,397
15388,3643.43,0,0,-1,0,-39.39,988,37,397
15438,3616.20,0,0,0,0,-14.02,988,37,397
15488,3642.54,0,0,-1,0,-37.64,988,38,397
15538,3593.67,0,0,0,0,-16.56,988,38,397
15588,3663.00,0,0,-1,0,-46.80,988,39,397
15638,3638.13,0,0,0,0,23.98,988,40,397
15688,3616.20,0,0,0,0,24.85,988,41,397
15738,3591.95,0,0,0,0,-35.48,988,41,397
15788,3633.72,0,0,0,0,-28.82,988,41,397
15838,3560.41,0,0,0,0,22.11,988,41,397
15888,3618.82,0,0,0,0,22.11,988,41,397
15938,3604.04,0,0,0,0,-38.05,988,41,397
15988,3599.71,0,0,0,0,-38.05,988,41,397
16038,3585.94,0,0,0,0,-38.05,988,41,397
16088,3581.66,0,0,0,0,-46.90,988,41,397
16138,3573.13,0,0,0,0,24.85,988,42,397
16188,3619.69,0,0,0,0,24.85,988,42,397
16238,3547.78,0,0,1,0,91.23,988,43,397
16288,3556.19,0,0,1,0,13.54,988,45,397
16338,3566.33,0,0,0,0,10.20,988,46,397
16388,3544.42,0,0,1,0,32.97,988,47,397
16438,3491.62,0,1,0,0,8.96,990,48,397
16488,3579.10,0,0,0,0,-57.14,991,49,397
16538,3563.79,0,0,0,0,35.06,991,50,397
16588,3555.34,0,0,1,0,22.05,991,51,397
16638,3569.73,0,0,0,0,27.39,991,52,397
16688,3629.32,0,0,0,0,-37.37,991,52,397
16738,3573.98,0,0,0,0,11.10,991,52,397
16788,3573.98,0,0,0,0,11.10,991,52,397
16838,3582.52,0,0,1,0,17.79,991,53,397
16888,3652.30,0,0,-1,0,-47.40,991,54,397
16939,3596.26,0,0,0,0,30.86,991,54,397
16989,3651.41,0,0,-1,0,-46.51,991,55,397
17039,3643.43,0,0,-1,0,30.34,991,56,397
17089,3639.01,0,0,0,0,-42.75,991,56,397
17139,3615.33,0,0,-1,0,-49.39,991,57,397
17189,3610.11,0,0,-1,0,-49.39,991,57,397
17239,3604.90,0,0,0,0,-45.10,991,57,397
17289,3652.30,0,0,-1,0,-37.84,991,58,397
17339,3616.20,0,0,0,0,4.39,991,58,397
17389,3662.11,0,0,-1,0,-37.17,991,60,397
17439,3626.69,0,0,0,0,35.42,991,61,397
17489,3650.52,0,0,-1,0,-12.40,991,63,397
17539,3626.69,0,0,0,0,36.31,991,64,397
17589,3650.52,0,0,-1,0,-12.40,991,66,397
17639,3615.33,0,0,-1,0,-19.44,991,67,397
17689,3653.19,0,0,-1,0,-37.86,991,69,397
17739,3626.69,0,0,0,0,35.42,991,70,397
17789,3594.54,0,0,0,0,-11.43,991,70,397
17839,3564.64,0,0,0,0,23.88,991,70,397
17889,3573.98,0,0,0,0,7.68,991,70,397
17939,3555.34,0,0,1,0,21.19,991,72,397
17989,3576.54,0,0,0,0,-32.95,991,73,397
18039,3503.04,0,1,0,0,18.92,993,74,397
18089,3568.03,0,0,0,0,-47.73,994,75,397
18139,3512.88,0,1,0,0,9.07,996,76,397
18189,3556.19,0,0,1,0,-34.23,997,78,397
18240,3555.34,0,0,1,0,32.31,997,80,397
18290,3557.87,0,0,1,0,-37.57,998,82,397
18340,3587.66,0,0,1,0,18.47,998,83,397
18390,3571.43,0,0,0,0,446.79,1007,83,403
18440,3613.59,0,-1,0,-10,-253.77,1009,83,413
18490,3612.72,0,-1,0,-11,-274.02,1011,83,424
18540,3636.36,0,0,0,0,163.03,1015,83,438
18590,3640.78,0,0,-1,0,295.20,1021,84,441
18640,3614.46,0,0,0,0,459.59,1031,84,447
18690,3638.13,0,0,0,0,13.28,1031,85,447
18740,3639.01,0,0,0,0,34.76,1041,85,453
18790,3601.44,0,0,0,0,11.44,1041,85,453
18840,3578.24,0,0,0,0,31.00,1041,85,453
18890,3534.40,0,0,1,0,34.48,1041,86,453
18940,3503.04,0,1,0,0,387.01,1050,86,481
18990,3491.62,0,1,0,0,135.07,1053,86,487
19040,3534.40,0,0,1,0,-41.16,1054,87,487
19090,3449.07,0,1,0,0,23.15,1057,87,487
19140,3460.21,0,1,0,0,-31.64,1061,87,487
19190,3439.58,0,2,0,0,31.04,1066,87,487
19240,3387.53,0,2,0,0,27.77,1072,87,487
19290,3409.09,0,2,0,0,-39.82,1076,87,487
19340,3405.99,0,2,0,0,235.67,1083,88,504
19390,3377.62,0,2,0,0,21.43,1089,88,504
19440,3389.06,0,2,0,0,27.79,1096,88,504
19490,3449.86,0,1,0,0,-49.27,1101,88,504
19540,3439.58,0,2,0,0,20.63,1106,88,504
19590,3501.40,0,1,0,0,-29.98,1109,88,504
19640,3533.57,0,0,1,0,-44.39,1110,89,504
19690,3503.04,0,1,0,0,285.80,1117,89,523
19740,3542.75,0,0,1,0,16.81,1118,91,523
19790,3490.81,0,1,0,0,14.68,1121,91,523
19840,3557.03,0,0,1,0,-58.08,1122,93,523
19890,3531.07,0,0,1,0,27.65,1123,95,523
19940,3574.83,0,0,0,0,-31.25,1123,97,523
19990,3585.94,0,0,1,0,22.01,1123,98,523
20040,3582.52,0,0,1,0,22.01,1123,98,523
20090,3595.40,0,0,1,0,22.95,1123,99,523
20140,3652.30,0,0,-1,0,-36.10,1123,100,523
20190,3653.19,0,0,-1,0,19.68,1123,101,523
20240,3719.32,0,-1,0,0,-55.42,1125,102,523
20290,3677.37,0,-1,0,0,35.50,1128,102,523
20340,3700.05,0,-1,0,0,-24.48,1130,102,523
20390,3686.41,0,-1,0,0,25.54,1132,102,523
20440,3699.14,0,-1,0,0,-5.47,1135,102,523
20490,3689.13,0,-1,0,0,10.01,1138,102,523
20540,3709.20,0,-1,0,0,24.93,1147,102,527
20590,3687.32,0,-1,0,0,23.72,1150,102,527
20640,3639.89,0,0,0,0,36.58,1150,102,527
20690,3633.72,0,0,0,0,-16.65,1150,103,527
20740,3605.77,0,0,0,0,-20.11,1150,103,527
20790,3591.95,0,0,0,0,14.08,1150,104,527
20840,3585.09,0,0,0,0,14.08,1150,104,527
20890,3624.06,0,0,0,0,-19.16,1150,104,527
20940,3604.90,0,0,0,0,-22.61,1150,104,527
20990,3661.22,0,0,-1,0,-35.40,1150,106,527
21040,3575.69,0,0,0,0,38.77,1150,106,527
21090,3556.19,0,0,1,0,21.20,1150,107,527
21140,3555.34,0,0,1,0,43.50,1150,109,527
21190,3557.03,0,0,1,0,-36.73,1151,111,527
21240,3503.04,0,1,0,0,23.89,1152,111,527
21291,3521.95,0,1,0,0,23.31,1153,112,527
21341,3562.10,0,0,0,0,343.13,1160,112,532
21391,3503.04,0,1,0,0,286.76,1166,112,548
21441,3557.03,0,0,1,0,187.35,1168,113,556
21491,3541.91,0,0,1,0,49.18,1169,114,556
21541,3600.58,0,0,0,0,9.35,1169,114,556
21591,3604.90,0,0,0,0,-35.53,1169,114,556
21641,3603.17,0,0,0,0,-31.46,1169,114,556
21691,3585.09,0,0,0,0,24.93,1169,114,556
21741,3648.75,0,0,-1,0,-56.79,1169,115,556
21791,3626.69,0,0,0,0,34.52,1169,116,556
21841,3673.77,0,0,0,0,-35.64,1169,117,556
21891,3649.63,0,0,-1,0,103.18,1170,118,560
21941,3697.31,0,-1,0,0,69.64,1173,118,562
21991,3722.08,0,-1,0,0,-47.42,1181,118,566
22041,3664.79,0,0,-1,0,9.88,1182,119,566
22091,3707.36,0,-1,0,0,-43.47,1184,120,566
22141,3700.05,0,-1,0,0,22.04,1187,120,566
22191,3699.14,0,-1,0,0,-0.91,1190,120,566
22241,3614.46,0,0,-1,0,26.87,1191,121,566
22291,3634.60,0,0,0,0,-47.80,1191,121,566
22341,3604.90,0,0,0,0,-20.88,1191,121,566
22391,3610.98,0,0,0,0,-20.88,1191,121,566
22441,3604.90,0,0,0,0,-20.88,1191,121,566
22491,3631.96,0,0,0,0,-27.92,1191,121,566
22541,3614.46,0,0,-1,0,-41.10,1191,122,566
22591,3650.52,0,0,-1,0,-25.58,1191,124,566
22641,3576.54,0,0,0,0,29.23,1191,124,566
22691,3532.74,0,0,1,0,44.65,1191,125,566
22742,3556.19,0,0,1,0,25.47,1191,126,566
22792,3599.71,0,0,0,0,12.81,1191,126,566
22842,3532.74,0,0,1,0,10.85,1191,128,566
22892,3565.49,0,0,0,0,-34.41,1191,130,566
22942,3554.50,0,0,1,0,10.98,1191,132,566
22992,3554.50,0,0,1,0,0.84,1191,134,566
23042,3555.34,0,0,1,0,20.34,1191,136,566
23092,3612.72,0,0,0,0,35.90,1191,136,566
23142,3534.40,0,0,1,0,31.93,1191,137,566
23192,3545.26,0,0,1,0,19.38,1191,138,566
23242,3593.67,0,-5,0,-5,-770.07,1200,138,572
23292,3562.10,0,0,0,0,421.96,1208,138,576
23342,3503.04,0,1,0,0,281.98,1214,138,603
23392,3534.40,0,0,1,0,37.88,1214,139,603
23442,3598.85,0,0,0,0,27.34,1214,139,603
23492,3567.18,0,0,0,0,11.06,1214,139,603
23542,3619.69,0,0,0,0,11.06,1214,139,603
23592,3555.34,0,0,1,0,26.32,1214,140,603
23642,3610.98,0,0,1,0,26.32,1214,140,603
23692,3604.90,0,0,0,0,-33.06,1214,140,603
23742,3614.46,0,0,0,0,-29.70,1214,140,603
23792,3603.17,0,0,0,0,-43.61,1214,140,603
23842,3604.90,0,0,-1,0,-46.46,1214,141,603
23892,3604.90,0,0,-1,0,-46.46,1214,141,603
23942,3614.46,0,0,0,0,-31.46,1214,141,603
23992,3596.26,0,0,0,0,-31.46,1214,141,603
24042,3619.69,0,0,0,0,-31.46,1214,141,603
24092,3573.13,0,0,0,0,26.58,1214,141,603
24142,3629.32,0,0,0,0,-34.79,1214,141,603
24192,3604.90,0,0,0,0,-23.49,1214,141,603
24242,3620.56,0,0,0,0,-33.76,1214,141,603
24292,3603.17,0,0,0,0,-22.61,1214,141,603
24342,3624.06,0,0,0,0,-17.43,1214,141,603
24392,3615.33,0,0,0,0,-32.26,1214,141,603
24442,3672.87,0,0,0,0,-47.05,1214,142,603
24492,3626.69,0,0,0,0,11.43,1214,142,603
24542,3638.13,0,0,0,0,-12.31,1214,143,603
24592,3614.46,0,0,-1,0,-29.07,1214,144,603
24642,3592.81,0,0,0,0,-7.86,1214,144,603
24692,3573.98,0,0,0,0,13.68,1214,145,603
24742,3583.37,0,0,0,0,13.68,1214,145,603
24792,3585.09,0,0,0,0,10.24,1214,145,603
24842,3639.01,0,0,0,0,-42.75,1214,145,603
24892,3562.95,0,0,0,0,33.31,1214,145,603
24942,3621.44,0,0,0,0,-56.80,1214,145,603
24992,3604.90,0,0,0,0,-38.23,1214,145,603
25042,3587.66,0,0,0,0,21.42,1214,145,603
25092,3568.03,0,0,0,0,40.34,1214,146,603
25142,3600.58,0,0,0,0,20.51,1214,146,603
25192,3593.67,0,0,0,0,-45.80,1214,146,603
25242,3611.85,0,0,0,0,25.72,1214,146,603
25292,3533.57,0,0,1,0,33.61,1214,147,603
25342,3554.50,0,0,1,0,-10.92,1214,149,603
25392,3568.03,0,0,0,0,8.51,1214,150,603
25442,3601.44,0,0,0,0,8.51,1214,150,603
25492,3595.40,0,0,0,0,8.51,1214,150,603
25542,3639.01,0,0,0,0,-46.20,1214,150,603
25592,3564.64,0,0,0,0,20.45,1214,150,603
25643,3610.98,0,0,0,0,20.45,1214,150,603
25693,3604.90,0,0,0,0,-39.26,1214,150,603
25743,3589.38,0,0,0,0,14.52,1214,150,603
25793,3586.80,0,0,0,0,17.10,1214,150,603
25843,3619.69,0,0,0,0,-36.39,1214,150,603
25893,3604.90,0,0,0,0,-33.91,1214,150,603
25943,3643.43,0,0,-1,0,-36.79,1214,151,603
25993,3638.13,0,0,0,0,23.98,1214,152,603
26043,3615.33,0,0,0,0,22.19,1214,153,603
26093,3615.33,0,0,0,0,-41.89,1214,153,603
26143,3616.20,0,0,0,0,35.38,1214,154,603
26193,3603.17,0,0,0,0,-30.48,1214,154,603
26243,3618.82,0,0,0,0,-30.48,1214,154,603
26293,3615.33,0,0,0,0,-29.68,1214,154,603
26343,3593.67,0,0,0,0,23.84,1214,155,603
26393,3604.90,0,0,0,0,-55.64,1214,155,603
26443,3623.19,0,0,0,0,-8.73,1214,156,603
26493,3604.04,0,0,0,0,-33.14,1214,156,603
26543,3624.06,0,0,0,0,-8.73,1214,157,603
26593,3615.33,0,0,0,0,-30.54,1214,157,603
26643,3604.90,0,0,-1,0,-44.99,1214,158,603
26693,3572.28,0,0,0,0,19.67,1214,158,603
26743,3652.30,0,0,-1,0,-118.73,1214,160,603
26793,3576.54,0,0,0,0,43.15,1214,160,603
26843,3586.80,0,0,1,0,3.37,1214,162,603
26893,3586.80,0,0,0,0,18.77,1214,162,603
26943,3619.69,0,0,0,0,-34.64,1214,162,603
26993,3596.26,0,0,0,0,-34.64,1214,162,603
27043,3662.11,0,0,-1,0,-47.65,1214,164,603
27094,3625.82,0,0,0,0,24.71,1214,165,603
27144,3635.48,0,0,0,0,-48.68,1214,165,603
27194,3604.90,0,0,0,0,-30.52,1214,165,603
27244,3623.19,0,0,0,0,-18.29,1214,165,603
27294,3593.67,0,0,0,0,-22.61,1214,165,603
27344,3629.32,0,0,0,0,-33.06,1214,165,603
27394,3615.33,0,0,0,0,-39.30,1214,165,603
27444,3642.54,0,0,-1,0,-27.22,1214,166,603
27494,3585.09,0,0,-1,0,-27.22,1214,166,603
27544,3568.03,0,0,0,0,18.77,1214,166,603
27594,3545.26,0,0,1,0,19.38,1214,168,603
27644,3541.91,0,0,1,0,13.43,1214,170,603
27694,3542.75,0,0,1,0,14.28,1215,172,603
27744,3532.74,0,0,1,0,22.61,1215,174,603
27794,3521.95,0,1,0,0,34.23,1217,175,603
27844,3552.82,0,0,1,0,-18.42,1217,177,603
27894,3556.19,0,0,1,0,20.35,1217,179,603
27944,3579.10,0,0,0,0,-48.02,1217,181,603
27994,3578.24,0,0,0,0,31.86,1217,182,603
28044,3639.01,0,0,0,0,-42.75,1217,182,603
28094,3626.69,0,0,0,0,25.61,1217,183,603
28144,3662.11,0,0,-1,0,-24.86,1217,185,603
28194,3624.94,0,0,0,0,24.70,1217,187,603
28244,3660.32,0,0,-1,0,-10.69,1217,190,603
28294,3585.09,0,0,-1,0,-10.69,1217,190,603
28344,3592.81,0,0,0,0,-49.52,1217,190,603
28394,3594.54,0,0,0,0,22.24,1217,190,603
28444,3653.19,0,0,-1,0,-48.29,1217,191,603
28494,3630.20,0,0,0,0,42.67,1217,191,603
28544,3637.25,0,0,0,0,4.42,1217,192,603
28594,3638.13,0,0,0,0,23.09,1217,193,603
28644,3685.50,0,-1,0,0,-34.09,1218,194,603
28694,3663.90,0,0,-1,0,33.42,1219,196,603
28744,3662.11,0,0,-1,0,-35.42,1219,198,603
28794,3615.33,0,0,-1,0,-21.20,1219,199,603
28844,3577.39,0,0,0,0,-3.41,1219,199,603
28894,3555.34,0,0,1,0,30.60,1219,201,603
28944,3600.58,0,0,0,0,25.72,1219,201,603
28994,3555.34,0,0,1,0,18.64,1219,202,603
29044,3554.50,0,0,1,0,-10.08,1219,204,603
29094,3545.26,0,0,1,0,20.23,1219,206,603
29144,3532.74,0,0,1,0,20.92,1219,208,603
29194,3556.19,0,0,1,0,-45.77,1220,209,603
29244,3550.30,0,0,1,0,559.29,1231,210,611
29294,3573.13,0,0,0,0,370.09,1239,210,616
29344,3501.40,0,1,0,0,346.73,1246,210,647
29394,3501.40,0,1,0,0,341.80,1251,210,662
29444,3568.88,0,0,0,0,249.86,1254,210,675
29494,3610.11,0,0,0,0,20.55,1254,210,675
29544,3585.09,0,0,0,0,36.98,1254,210,675
29594,3572.28,0,0,0,0,20.54,1254,210,675
29644,3555.34,0,0,1,0,38.33,1254,212,675
29694,3554.50,0,0,1,0,11.83,1254,213,675
29744,3555.34,0,0,1,0,30.60,1254,215,675
29794,3600.58,0,0,0,0,31.85,1254,215,675
29844,3542.75,0,0,1,0,13.44,1254,217,675
29894,3610.11,0,0,1,0,21.18,1254,218,675
29944,3604.90,0,0,0,0,-45.80,1254,218,675
29995,3652.30,0,0,-1,0,-36.97,1254,219,675
30045,3638.13,0,0,0,0,23.98,1254,220,675
30095,3626.69,0,0,0,0,14.08,1255,221,675
30145,3625.82,0,0,0,0,16.73,1255,222,675
30195,3660.32,0,0,-1,0,-10.69,1255,225,675
30245,3636.36,0,0,0,0,29.33,1255,226,675
30295,3683.69,0,-1,0,0,-39.38,1256,227,675
30345,3614.46,0,0,-1,0,0.88,1256,229,675
30395,3603.17,0,0,-1,0,-52.08,1256,230,675
30445,3581.66,0,-1,0,-4,-174.85,1258,230,679
30495,3601.44,0,0,-1,0,-150.48,1259,231,679
30545,3581.66,0,-1,0,-2,-156.39,1260,232,681
30595,3604.04,0,0,-1,0,-105.54,1260,234,681
30645,3586.80,0,0,0,0,27.50,1260,234,681
30695,3597.98,0,0,1,0,17.72,1260,235,681
30745,3585.09,0,0,0,0,32.50,1260,235,681
30795,3567.18,0,0,0,0,36.85,1260,235,681
30845,3563.79,0,0,0,0,34.19,1260,236,681
30895,3524.44,0,0,0,0,-2.48,1261,237,681
30945,3521.95,0,1,0,0,24.98,1263,238,681
30995,3564.64,0,0,0,0,-19.38,1263,239,681
31045,3573.98,0,0,0,0,23.14,1263,240,681
31095,3610.11,0,0,0,0,23.14,1263,240,681
31145,3615.33,0,0,0,0,-49.59,1263,240,681
31195,3673.77,0,0,0,0,-46.20,1263,241,681
31245,3653.19,0,0,-1,0,19.68,1263,242,681
31295,3683.69,0,-1,0,0,-19.80,1265,243,681
31345,3674.67,0,0,0,0,9.02,1266,244,681
31395,3722.08,0,-1,0,0,-34.77,1269,244,681
31446,3640.78,0,0,-1,0,38.40,1271,245,681
31496,3652.30,0,0,-1,0,-45.66,1271,246,681
31546,3615.33,0,0,-1,0,-24.59,1271,247,681
31596,3637.25,0,0,0,0,18.62,1271,248,681
31646,3626.69,0,0,0,0,130.82,1274,248,690
31696,3663.90,0,0,-1,0,243.37,1279,249,693
31746,3593.67,0,-5,0,-5,-771.74,1288,249,700
31796,3502.22,0,1,0,0,308.76,1293,249,716
31846,3502.22,0,1,0,0,378.77,1298,249,732
31896,3606.64,0,-4,0,-3,-476.46,1304,249,735
31946,3501.40,0,1,0,0,368.57,1311,249,768
31996,3498.95,0,1,0,0,60.61,1313,250,768
32046,3492.43,0,1,0,0,27.04,1316,250,768
32096,3490.81,0,1,0,0,0.81,1319,250,768
32146,3469.81,0,1,0,0,10.47,1322,250,768
32196,3439.58,0,2,0,0,31.84,1326,250,768
32246,3439.58,0,2,0,0,20.63,1331,250,768
32296,3481.09,0,1,0,0,-42.30,1335,250,768
32346,3503.04,0,1,0,0,-45.22,1337,250,768
32396,3517.82,0,1,0,0,183.14,1343,250,786
32446,3460.21,0,1,0,0,17.65,1346,250,786
32496,3449.86,0,1,0,0,9.55,1350,250,786
32546,3513.70,0,1,0,0,-43.89,1353,250,786
32596,3509.59,0,1,0,0,35.67,1355,251,786
32646,3564.64,0,0,0,0,-32.73,1355,253,786
32696,3554.50,0,0,1,0,33.16,1355,255,786
32746,3544.42,0,0,1,0,-23.30,1356,257,786
32796,3564.64,0,0,0,0,23.88,1356,258,786
32846,3557.03,0,0,1,0,20.36,1356,259,786
32896,3545.26,0,0,1,0,18.53,1356,261,786
32946,3601.44,0,0,0,0,13.67,1356,261,786
32996,3593.67,0,0,0,0,-42.52,1356,261,786
33046,3652.30,0,0,-1,0,-37.84,1356,262,786
33096,3637.25,0,0,0,0,23.97,1356,263,786
33146,3661.22,0,0,-1,0,-23.97,1356,265,786
33196,3723.93,0,-1,0,0,-105.99,1357,266,786
33246,3661.22,0,0,-1,0,-23.09,1357,268,786
33296,3653.19,0,0,-1,0,18.78,1357,270,786
33346,3671.97,0,0,0,0,-8.97,1358,271,786
33396,3651.41,0,0,-1,0,44.08,1359,273,786
33446,3672.87,0,0,0,0,-9.87,1360,274,786
33496,3663.90,0,0,-1,0,31.59,1361,276,786
33546,3711.03,0,-1,0,0,-23.72,1364,276,786
33596,3675.57,0,0,0,0,23.57,1366,276,786
33646,3660.32,0,0,-1,0,-8.02,1367,278,786
33696,3625.82,0,0,0,0,23.82,1367,279,786
33746,3612.72,0,0,0,0,25.77,1367,279,786
33796,3544.42,0,0,1,0,28.71,1367,280,786
33846,3554.50,0,0,1,0,-10.08,1367,282,786
33896,3513.70,0,1,0,0,9.90,1369,282,786
33946,3557.03,0,0,1,0,-46.62,1370,284,786
33996,3493.25,0,1,0,0,29.53,1373,284,786
34046,3533.57,0,0,1,0,-19.04,1374,285,786
34096,3531.07,0,0,1,0,25.11,1375,287,786
34146,3546.10,0,0,1,0,-25.80,1376,289,786
34196,3544.42,0,0,1,0,19.37,1376,291,786
34246,3541.91,0,0,1,0,13.43,1376,293,786
34296,3512.06,0,1,0,0,10.72,1379,293,786
34347,3563.79,0,0,0,0,-32.72,1379,295,786
34397,3587.66,0,0,1,0,11.81,1379,296,786
34447,3582.52,0,-5,0,-5,-792.52,1388,296,791
34497,3639.89,0,0,0,0,414.16,1397,296,796
34547,3620.56,0,0,0,0,-27.75,1409,296,804
34597,3625.82,0,0,0,0,30.94,1409,297,804
34647,3672.87,0,0,0,0,-31.21,1409,298,804
34697,3636.36,0,0,0,0,12.38,1409,300,804
34747,3616.20,0,0,0,0,34.52,1409,301,804
34797,3617.07,0,0,0,0,-40.16,1409,301,804
34847,3649.63,0,0,-1,0,-20.31,1409,302,804
34897,3641.66,0,0,-1,0,30.31,1409,304,804
34947,3697.31,0,-1,0,0,-33.42,1411,305,804
34997,3663.90,0,0,-1,0,22.51,1413,306,804
35047,3653.19,0,0,-1,0,22.38,1414,307,804
35097,3641.66,0,0,-1,0,31.21,1414,308,804
35147,3709.20,0,-1,0,0,-45.30,1416,309,804
35197,3663.90,0,0,-1,0,45.30,1417,311,804
35247,3660.32,0,0,-1,0,3.58,1418,313,804
35297,3653.19,0,0,-1,0,20.58,1418,314,804
35347,3625.82,0,0,0,0,26.49,1419,315,804
35397,3557.03,0,0,1,0,18.65,1419,316,804
35447,3566.33,0,0,0,0,6.80,1419,316,804
35497,3555.34,0,0,1,0,30.60,1419,318,804
35547,3589.38,0,0,0,0,26.57,1419,318,804
35597,3521.13,0,1,0,0,24.13,1420,319,804
35647,3586.80,0,0,1,0,12.69,1420,320,804
35697,3562.95,0,0,0,0,24.71,1420,321,804
35747,3578.24,0,0,0,0,-57.12,1421,322,804
35798,3563.79,0,0,0,0,23.01,1421,323,804
35848,3578.24,0,0,0,0,-1.71,1421,323,804
35898,3544.42,0,0,1,0,21.06,1421,325,804
35948,3576.54,0,0,0,0,-21.19,1421,326,804
35998,3566.33,0,0,0,0,11.91,1421,326,804
36048,3612.72,0,0,0,0,24.05,1421,326,804
36098,3615.33,0,0,0,0,-31.34,1421,326,804
36148,3599.71,0,0,0,0,-31.34,1421,326,804
36198,3543.59,0,0,1,0,0.00,1421,328,804
36248,3610.11,0,0,1,0,25.46,1421,329,804
36298,3575.69,0,0,0,0,25.76,1421,329,804
36348,3619.69,0,0,0,0,-46.63,1421,329,804
36398,3604.04,0,0,-1,0,-38.51,1421,330,804
36448,3600.58,0,0,0,0,30.11,1421,330,804
36498,3596.26,0,0,0,0,30.11,1421,330,804
36548,3642.54,0,0,-1,0,-36.78,1421,331,804
36598,3624.94,0,0,0,0,28.25,1421,332,804
36648,3638.13,0,0,0,0,3.53,1421,333,804
36698,3638.13,0,0,0,0,23.98,1421,334,804
36748,3633.72,0,0,0,0,-28.82,1421,334,804
36798,3625.82,0,0,0,0,15.84,1421,335,804
36848,3629.32,0,0,0,0,-46.81,1421,335,804
36898,3616.20,0,0,0,0,-32.26,1421,335,804
36948,3643.43,0,0,-1,0,-28.10,1421,337,804
36998,3625.82,0,0,0,0,26.49,1421,338,804
37048,3629.32,0,0,0,0,-33.06,1421,338,804
37098,3625.82,0,0,0,0,27.37,1421,339,804
37148,3627.57,0,0,0,0,10.56,1421,340,804
37198,3626.69,0,0,0,0,25.61,1421,341,804
37248,3616.20,0,0,0,0,34.52,1421,342,804
37298,3604.90,0,0,0,0,34.52,1421,342,804
37348,3614.46,0,0,0,0,-29.70,1421,342,804
37398,3596.26,0,0,0,0,-29.70,1421,342,804
37448,3632.84,0,0,0,0,-28.80,1421,342,804
37498,3615.33,0,0,-1,0,-29.84,1421,343,804
37548,3566.33,0,0,0,0,11.06,1421,343,804
37598,3573.98,0,0,0,0,12.82,1421,344,804
37648,3560.41,0,0,0,0,68.92,1421,345,804
37698,3543.59,0,0,1,0,21.90,1421,347,804
37748,3599.71,0,0,1,0,32.98,1421,348,804
37798,3580.81,0,0,0,0,36.77,1421,348,804
37848,3554.50,0,0,1,0,28.87,1421,349,804
37898,3604.90,0,-4,0,-4,-712.98,1429,349,809
37948,3604.90,0,-5,0,-4,-725.62,1438,349,813
37998,3624.06,0,0,0,0,27.35,1447,350,818
38048,3649.63,0,0,-1,0,113.54,1449,352,826
38098,3616.20,0,0,0,0,-7.05,1449,352,826
38148,3653.19,0,0,-1,0,-37.86,1449,354,826
38198,3624.94,0,0,0,0,27.36,1449,355,826
38248,3673.77,0,0,0,0,-47.08,1449,356,826
38298,3604.04,0,0,0,0,47.08,1449,356,826
38348,3633.72,0,0,0,0,-28.82,1449,356,826
38398,3596.26,0,0,0,0,-28.82,1449,356,826
38448,3642.54,0,0,-1,0,-38.51,1449,357,826
38498,3613.59,0,0,-1,0,-35.93,1449,358,826
38548,3643.43,0,0,-1,0,-39.39,1449,359,826
38598,3573.13,0,0,0,0,23.13,1449,359,826
38648,3554.50,0,0,1,0,1.69,1449,361,826
38699,3553.66,0,0,1,0,34.00,1449,363,826
38749,3590.23,0,0,0,0,11.06,1449,363,826
38799,3556.19,0,0,1,0,20.35,1449,364,826
38849,3560.41,0,0,0,0,25.53,1449,364,826
38899,3559.56,0,0,1,0,525.40,1460,365,833
38949,3540.24,0,0,1,0,389.55,1468,366,838
38999,3503.04,0,1,0,0,251.66,1473,366,853
39049,3533.57,0,0,1,0,36.16,1473,367,853
39099,3522.78,0,1,0,0,-31.16,1476,367,853
39149,3490.81,0,1,0,0,22.90,1479,367,853
39199,3480.28,0,1,0,0,12.97,1481,367,853
39249,3441.95,0,2,0,0,18.26,1485,367,853
39299,3429.36,0,2,0,0,20.51,1489,367,853
39349,3428.57,0,2,0,0,31.64,1494,367,853
39399,3449.07,0,1,0,0,32.02,1496,367,853
39449,3310.53,10,3,0,22,580.52,1507,367,904
39499,3459.41,0,1,0,0,176.07,1510,367,911
39549,3503.04,0,1,0,0,-32.42,1513,367,911
39599,3509.59,0,1,0,0,23.98,1515,368,911
39649,3577.39,0,0,0,0,-34.64,1515,370,911
39699,3586.80,0,0,0,0,14.45,1515,370,911
39749,3653.19,0,0,-1,0,-36.99,1515,371,911
39799,3626.69,0,0,0,0,23.83,1515,372,911
39849,3683.69,0,-1,0,0,-42.92,1516,373,911
39899,3663.00,0,0,-1,0,34.31,1517,375,911
39949,3684.60,0,-1,0,0,-20.70,1519,376,911
39999,3650.52,0,0,-1,0,33.17,1520,378,911
40049,3711.95,0,-1,0,0,-36.38,1522,378,911
40099,3653.19,0,0,-1,0,22.38,1523,379,911
40150,3698.22,0,-1,0,0,43.36,1525,379,911
40200,3640.78,0,0,-1,0,33.89,1532,380,915
40250,3637.25,0,0,0,0,23.97,1532,381,915
40300,3626.69,0,0,0,0,14.97,1532,382,915
40350,3518.65,0,1,0,0,66.44,1533,382,915
40400,3429.36,0,2,0,0,72.86,1536,382,915
40450,3298.88,0,3,0,1,256.47,1543,383,930
40500,3207.18,0,5,0,0,54.39,1556,383,930
40550,3206.50,4,5,0,0,-35.92,1570,383,930
40600,3188.78,0,5,0,0,-38.18,1580,383,930
40650,3127.61,0,6,0,0,59.14,1597,383,930
40700,3136.76,0,6,0,0,56.76,1608,383,930
40750,3198.98,0,5,0,0,80.43,1623,383,931
40800,3188.78,1,5,0,0,34.95,1637,383,931
40850,3216.12,0,4,0,0,34.85,1645,383,931
40900,3299.60,0,3,0,0,-16.61,1656,383,931
40950,3290.92,0,4,0,0,46.12,1667,383,931
41000,3397.51,0,2,0,0,-69.35,1675,383,931
41050,3418.41,0,2,0,0,-53.68,1680,383,931
41100,3311.26,8,3,0,19,461.38,1691,383,973
41150,3521.95,0,1,0,0,138.37,1694,384,982
41200,3511.24,0,1,0,0,24.83,1696,385,982
41250,3597.12,0,0,1,0,31.93,1696,386,982
41300,3569.73,0,0,0,0,53.46,1696,386,982
41350,3652.30,0,0,-1,0,-47.40,1696,387,982
41400,3640.78,0,0,-1,0,41.11,1697,388,982
41450,3719.32,0,-1,0,0,-55.42,1699,389,982
41500,3686.41,0,-1,0,0,46.79,1701,390,982
41550,3746.25,0,-1,0,0,-47.12,1704,390,982
41601,3781.19,-1,-2,0,0,-59.11,1713,390,985
41651,3716.55,0,-1,0,0,67.51,1717,390,985
41701,3799.39,0,-2,0,0,-39.05,1723,390,985
41751,3773.58,0,-2,0,0,38.36,1729,390,985
41801,3837.30,0,-3,0,0,-52.29,1737,390,985
41851,3811.94,0,-2,0,0,36.18,1744,390,985
41901,3849.11,0,-3,0,0,14.87,1752,390,985
41951,3897.12,-1,-3,0,-1,-152.73,1770,390,994
42001,3797.47,0,-2,0,0,39.83,1777,390,994
42051,3823.60,0,-2,0,0,-27.10,1783,390,994
42101,3772.64,0,-2,0,0,38.34,1789,390,994
42151,3758.46,0,-2,0,0,-35.45,1794,390,994
42201,3723.93,0,-1,0,0,34.52,1798,390,994
42251,3735.99,0,-1,0,0,-31.37,1801,390,994
42301,3697.31,0,-1,0,0,0.91,1811,390,998
42351,3664.79,0,0,-1,0,11.68,1811,391,998
42401,3683.69,0,-1,0,0,-31.39,1813,392,998
42451,3652.30,0,0,-1,0,31.39,1814,394,998
42501,3683.69,0,-1,0,0,-30.50,1815,395,998
42551,3586.80,0,0,0,0,49.09,1815,395,998
42601,3589.38,0,0,0,0,37.92,1815,395,998
42651,3586.80,0,0,0,0,16.25,1815,395,998
42701,3611.85,0,0,0,0,24.05,1815,395,998
42752,3562.95,0,0,0,0,27.29,1815,395,998
42802,3599.71,0,0,0,0,16.25,1815,395,998
42852,3577.39,0,0,0,0,32.72,1815,395,998
42902,3600.58,0,0,0,0,35.31,1815,395,998
42952,3573.13,0,0,0,0,25.72,1815,395,998
43002,3599.71,0,0,0,0,35.06,1815,395,998
43052,3572.28,0,0,0,0,27.43,1815,395,998
43102,3598.85,0,0,0,0,26.58,1815,395,998
43152,3568.03,0,0,0,0,33.41,1815,395,998
43202,3589.38,0,0,0,0,24.89,1815,395,998
43252,3576.54,0,0,0,0,-30.44,1815,396,998
43302,3537.74,0,0,1,0,531.72,1826,397,1005
43352,3501.40,0,1,0,0,375.57,1834,397,1030
43402,3537.74,0,0,1,0,46.49,1834,398,1030
43452,3513.70,0,1,0,0,-11.49,1836,399,1030
43502,3482.70,0,1,0,0,40.91,1838,399,1030
43552,3512.88,0,1,0,0,-31.79,1841,399,1030
43602,3469.81,0,1,0,0,32.41,1844,399,1030
43652,3523.61,0,0,0,0,-42.52,1846,399,1030
43702,3484.32,0,1,0,0,40.94,1848,399,1030
43752,3491.62,0,1,0,0,-3.25,1850,400,1030
43802,3470.62,0,1,0,0,32.42,1853,400,1030
43852,3480.28,0,1,0,0,41.68,1855,400,1030
43902,3537.74,0,0,1,0,471.89,1866,401,1036
43952,3503.04,0,1,0,0,258.25,1872,401,1062
44002,3564.64,0,0,0,0,-31.90,1872,402,1062
44052,3520.30,0,1,0,0,32.52,1873,404,1062
44102,3542.75,0,0,1,0,-10.01,1873,406,1062
44152,3533.57,0,0,1,0,34.46,1874,407,1062
44203,3587.66,0,0,1,0,30.42,1874,408,1062
44253,3572.28,0,0,0,0,15.38,1874,409,1062
44303,3557.03,0,0,1,0,19.51,1874,410,1062
44353,3544.42,0,0,1,0,21.06,1874,412,1062
44403,3589.38,0,0,0,0,25.57,1874,412,1062
44453,3558.72,0,0,1,0,41.86,1874,413,1062
44503,3612.72,0,0,0,0,31.82,1874,413,1062
44553,3562.95,0,0,0,0,27.29,1874,413,1062
44603,3610.98,0,0,0,0,32.72,1874,413,1062
44653,3585.94,0,0,0,0,33.59,1874,413,1062
44703,3623.19,0,0,0,0,-45.80,1874,413,1062
44753,3603.17,0,0,0,0,-48.78,1874,413,1062
44803,3624.06,0,0,0,0,-20.89,1874,414,1062
44853,3544.42,0,0,1,0,23.61,1874,415,1062
44903,3610.11,0,0,1,0,27.24,1874,416,1062
44953,3582.52,0,0,0,0,-44.90,1874,416,1062
45003,3610.11,0,0,0,0,-43.30,1874,416,1062
45053,3603.17,0,0,0,0,-36.51,1874,416,1062
45103,3643.43,0,0,-1,0,-39.39,1874,417,1062
45153,3593.67,0,0,0,0,-27.07,1874,417,1062
45203,3632.84,0,0,0,0,-28.80,1874,417,1062
45253,3580.81,0,0,0,0,-21.76,1874,417,1062
45303,3638.13,0,0,0,0,-42.73,1874,417,1062
45353,3604.90,0,0,0,0,-23.61,1874,417,1062
45403,3604.90,0,0,-1,0,-44.73,1874,418,1062
45453,3596.26,0,0,0,0,33.47,1874,418,1062
45503,3642.54,0,0,-1,0,-38.51,1874,419,1062
45553,3564.64,0,0,0,0,27.32,1874,419,1062
45603,3600.58,0,0,0,0,26.57,1874,419,1062
45654,3586.80,0,0,0,0,34.24,1874,419,1062
45704,3641.66,0,0,-1,0,-55.72,1874,420,1062
45754,3614.46,0,0,-1,0,-53.35,1874,421,1062
45804,3643.43,0,0,-1,0,-38.53,1874,422,1062
45854,3563.79,0,0,0,0,22.15,1874,422,1062
45904,3623.19,0,0,0,0,-59.40,1874,422,1062
45954,3591.95,0,0,0,0,-44.94,1874,422,1062
46004,3642.54,0,0,-1,0,-37.64,1874,423,1062
46054,3638.13,0,0,0,0,4.42,1874,424,1062
46104,3639.89,0,0,0,0,-1.77,1874,425,1062
46154,3593.67,0,0,0,0,-13.09,1874,425,1062
46204,3610.11,0,0,0,0,-32.14,1874,425,1062
46254,3586.80,0,0,0,0,-32.14,1874,425,1062
46304,3619.69,0,0,0,0,-32.14,1874,425,1062
46354,3532.74,0,0,1,0,21.77,1874,427,1062
46404,3586.80,0,0,1,0,30.21,1874,428,1062
46454,3509.59,0,1,0,0,23.14,1875,430,1062
46504,3557.87,0,0,1,0,-35.92,1876,432,1062
46554,3545.26,0,0,1,0,34.69,1876,433,1062
46604,3610.98,0,0,0,0,33.33,1876,433,1062
46654,3554.50,0,0,1,0,23.74,1876,434,1062
46704,3565.49,0,0,0,0,-21.06,1876,435,1062
46754,3577.39,0,0,0,0,-36.31,1876,436,1062
46804,3571.43,0,0,0,0,439.27,1885,436,1068
46854,3628.45,0,0,0,0,356.68,1894,436,1073
46904,3601.44,0,-2,0,-12,-318.13,1897,436,1085
46954,3501.40,0,1,0,0,333.94,1903,436,1102
47004,3526.09,0,0,0,0,155.79,1905,436,1107
47054,3557.87,0,0,1,0,-43.35,1906,437,1107
47104,3449.86,0,1,0,0,32.84,1909,437,1107
47154,3503.04,0,1,0,0,-53.17,1912,437,1107
47204,3481.09,0,1,0,0,20.31,1915,437,1107
47254,3501.40,0,1,0,0,-31.59,1918,437,1107
47304,3464.20,0,1,0,0,38.83,1921,437,1107
47354,3501.40,0,1,0,0,-41.19,1924,437,1107
47404,3512.88,0,1,0,0,-45.47,1926,437,1107
47454,3494.87,0,1,0,0,497.67,1938,437,1114
47504,3546.10,0,0,1,0,136.69,1942,438,1126
47554,3521.95,0,1,0,0,29.18,1944,439,1126
47604,3568.03,0,0,0,0,-54.33,1945,440,1126
47654,3460.21,0,1,0,0,41.19,1948,440,1126
47704,3523.61,0,0,0,0,-31.99,1950,440,1126
47754,3520.30,0,1,0,0,36.73,1952,441,1126
47804,3577.39,0,0,0,0,-32.97,1952,442,1126
47854,3562.95,0,0,0,0,24.71,1952,443,1126
47904,3600.58,0,0,0,0,25.72,1952,443,1126
47954,3586.80,0,0,0,0,33.39,1952,443,1126
48004,3619.69,0,0,0,0,-42.52,1952,443,1126
48054,3603.17,0,0,0,0,-46.20,1952,443,1126
48104,3662.11,0,0,-1,0,-45.91,1952,444,1126
48154,3604.04,0,0,-1,0,-33.29,1952,445,1126
48204,3652.30,0,0,-1,0,-36.97,1952,447,1126
48254,3615.33,0,0,-1,0,-34.37,1952,448,1126
48304,3673.77,0,0,0,0,-47.08,1952,449,1126
48354,3640.78,0,0,-1,0,43.82,1953,450,1126
48404,3662.11,0,0,-1,0,-46.78,1953,452,1126
48454,3568.03,0,0,0,0,37.74,1953,452,1126
48504,3620.56,0,0,0,0,-39.76,1953,452,1126
48555,3586.80,0,0,0,0,-39.76,1953,452,1126
48605,3612.72,0,0,0,0,31.82,1953,452,1126
48655,3593.67,0,0,0,0,-42.50,1953,452,1126
48705,3627.57,0,0,0,0,-33.89,1953,452,1126
48755,3604.04,0,0,-1,0,-58.51,1953,453,1126
48805,3653.19,0,0,-1,0,-38.73,1953,455,1126
48855,3594.54,0,0,-1,0,-38.73,1953,455,1126
48905,3630.20,0,0,0,0,-36.53,1953,455,1126
48955,3594.54,0,0,0,0,-20.03,1953,455,1126
49005,3639.01,0,0,0,0,-45.34,1953,455,1126
49055,3604.04,0,0,-1,0,-40.45,1953,456,1126
49105,3638.13,0,0,0,0,-55.61,1953,456,1126
49155,3603.17,0,0,-1,0,-49.90,1953,457,1126
49205,3662.11,0,0,-1,0,-37.17,1953,459,1126
49255,3604.04,0,0,-1,0,-21.20,1953,460,1126
49305,3611.85,0,0,0,0,33.35,1953,460,1126
49355,3592.81,0,0,-1,0,-65.25,1953,461,1126
49405,3629.32,0,0,0,0,-33.06,1953,461,1126
49455,3577.39,0,0,0,0,28.38,1953,461,1126
49505,3591.95,0,0,0,0,28.38,1953,461,1126
49555,3566.33,0,0,0,0,34.24,1953,461,1126
49605,3610.11,0,0,0,0,34.21,1953,461,1126
49655,3575.69,0,0,0,0,37.03,1953,461,1126
49705,3629.32,0,0,0,0,-33.06,1953,461,1126
49755,3615.33,0,0,-1,0,-89.66,1953,462,1126
49805,3578.24,0,0,0,0,36.21,1953,463,1126
49855,3562.95,0,0,0,0,35.90,1953,464,1126
49905,3611.85,0,0,0,0,24.04,1953,464,1126
49955,3563.79,0,0,0,0,35.92,1953,464,1126
50006,3611.85,0,0,0,0,34.44,1953,464,1126
50056,3544.42,0,0,1,0,22.76,1953,465,1126
50106,3576.54,0,0,0,0,-32.11,1953,466,1126
50156,3568.03,0,0,0,0,149.44,1956,466,1137
50206,3599.71,0,0,0,0,23.02,1956,466,1137
50256,3574.83,0,0,0,0,25.74,1956,466,1137
50306,3629.32,0,0,0,0,-34.79,1956,466,1137
50356,3625.82,0,0,0,0,27.37,1956,467,1137
50406,3671.97,0,0,0,0,-31.19,1957,468,1137
50456,3653.19,0,0,-1,0,18.78,1957,470,1137
50506,3684.60,0,-1,0,0,-20.70,1959,471,1137
50556,3688.22,0,-1,0,0,7.27,1961,472,1137
50606,3710.12,0,-1,0,0,-22.80,1964,472,1137
50656,3675.57,0,0,0,0,47.44,1966,472,1137
50706,3684.60,0,-1,0,0,-43.82,1967,473,1137
50756,3674.67,0,0,0,0,20.82,1968,474,1137
50806,3663.90,0,0,-1,0,28.86,1970,475,1137
50856,3615.33,0,0,0,0,17.58,1970,475,1137
50906,3662.11,0,0,-1,0,-23.10,1970,476,1137
50956,3648.75,0,0,-1,0,8.90,1970,478,1137
51006,3674.67,0,0,0,0,58.53,1971,478,1137
51057,3683.69,0,-1,0,0,-20.69,1979,479,1140
51107,3663.00,0,0,-1,0,22.50,1980,481,1140
51158,3685.50,0,-1,0,0,-22.50,1982,482,1140
51208,3616.20,0,0,0,0,29.17,1982,483,1140
51258,3556.19,0,0,1,0,6.76,1982,484,1140
51308,3545.26,0,0,1,0,18.53,1982,486,1140
51358,3520.30,0,1,0,0,14.93,1983,487,1140
51408,3509.59,0,1,0,0,25.64,1985,488,1140
51458,3521.95,0,1,0,0,23.31,1986,489,1140
51508,3536.07,0,0,1,0,158.51,1989,490,1151
51558,3521.95,0,1,0,0,28.34,1991,491,1151
51608,3563.79,0,0,0,0,-29.39,1991,493,1151
51658,3522.78,0,1,0,0,42.71,1992,494,1151
51708,3544.42,0,0,1,0,-52.80,1994,495,1151
51758,3542.75,0,0,1,0,5.03,1995,497,1151
51808,3481.09,0,1,0,0,17.86,1997,498,1151
51858,3490.81,0,1,0,0,22.07,2000,498,1151
51908,3576.54,0,0,0,0,-45.46,2000,500,1151
51958,3572.28,0,0,0,0,15.38,2000,501,1151
52008,3628.45,0,0,0,0,-42.50,2000,501,1151
52058,3615.33,0,0,-1,0,-50.86,2000,502,1151
52108,3556.19,0,0,1,0,20.35,2000,503,1151
52158,3595.40,0,0,1,0,-25.14,2000,505,1151
52208,3555.34,0,0,1,0,29.74,2000,506,1151
52258,3565.49,0,0,0,0,11.05,2000,507,1151
52308,3627.57,0,0,0,0,-31.31,2000,507,1151
52358,3614.46,0,0,-1,0,-51.72,2000,508,1151
52408,3673.77,0,0,0,0,-48.83,2000,509,1151
52458,3651.41,0,0,-1,0,33.19,2001,511,1151
52508,3648.75,0,0,-1,0,15.15,2002,513,1151
52558,3628.45,0,0,0,0,22.08,2002,514,1151
52608,3637.25,0,0,0,0,3.53,2002,515,1151
52658,3603.17,0,0,0,0,-29.67,2002,515,1151
52708,3643.43,0,0,-1,0,-27.23,2002,516,1151
52758,3648.75,0,0,-1,0,12.47,2002,518,1151
52808,3660.32,0,0,-1,0,-8.91,2003,520,1151
52858,3638.13,0,0,0,0,23.98,2003,521,1151
52908,3649.63,0,0,-1,0,-23.82,2003,523,1151
52958,3639.89,0,0,0,0,21.32,2003,524,1151
53008,3661.22,0,0,-1,0,-23.09,2003,526,1151
53058,3604.90,0,0,0,0,3.51,2003,526,1151
53108,3623.19,0,0,0,0,-18.29,2003,526,1151
53158,3562.95,0,0,0,0,29.87,2003,526,1151
53208,3602.31,0,0,0,0,29.87,2003,526,1151
53258,3556.19,0,0,1,0,10.15,2003,527,1151
53308,3521.13,0,1,0,0,24.13,2004,528,1151
53358,3534.40,0,0,1,0,11.70,2005,530,1151
53408,3563.79,0,0,0,0,-18.53,2005,531,1151
53458,3564.64,0,0,0,0,21.30,2005,532,1151
53508,3629.32,0,0,0,0,-34.79,2005,532,1151
53558,3555.34,0,0,1,0,26.32,2005,533,1151
53608,3600.58,0,0,0,0,20.45,2005,533,1151
53658,3553.66,0,0,1,0,35.72,2005,534,1151
53708,3597.98,0,0,1,0,21.18,2005,535,1151
53758,3568.88,0,0,0,0,20.50,2005,535,1151
53808,3599.71,0,0,0,0,11.07,2005,535,1151
53858,3604.04,0,0,0,0,-47.66,2005,535,1151
53908,3610.98,0,0,0,0,-26.17,2005,535,1151
53958,3604.90,0,0,0,0,-45.95,2005,535,1151
54008,3624.06,0,0,0,0,-7.86,2005,535,1151
54059,3577.39,0,0,0,0,26.65,2005,535,1151
54109,3623.19,0,0,0,0,-20.02,2005,535,1151
54159,3627.57,0,0,0,0,15.86,2005,536,1151
54209,3683.69,0,-1,0,0,-34.06,2006,538,1151
54259,3641.66,0,0,-1,0,31.21,2006,540,1151
54309,3695.49,0,-1,0,0,-32.49,2008,541,1151
54359,3616.20,0,0,0,0,30.24,2008,542,1151
54409,3635.48,0,0,0,0,-58.09,2008,542,1151
54459,3604.90,0,0,0,0,-22.62,2008,542,1151
54509,3565.49,0,0,0,0,-9.30,2008,543,1151
54559,3524.44,0,0,0,0,75.28,2008,544,1151
54609,3564.64,0,0,0,0,-16.02,2008,545,1151
54659,3556.19,0,0,1,0,8.45,2008,547,1151
54709,3611.85,0,0,0,0,15.38,2008,547,1151
54759,3554.50,0,0,1,0,34.87,2008,548,1151
54809,3600.58,0,0,0,0,23.88,2008,548,1151
54859,3594.54,0,0,0,0,23.88,2008,548,1151
54909,3594.54,0,0,0,0,-43.59,2008,548,1151
54959,3610.11,0,0,0,0,-43.59,2008,548,1151
55009,3629.32,0,0,0,0,-35.65,2020,548,1158
55059,3615.33,0,0,-1,0,-41.32,2020,549,1158
55109,3652.30,0,0,-1,0,-38.71,2020,551,1158
55159,3604.04,0,0,0,0,-14.90,2020,551,1158
55209,3653.19,0,0,-1,0,-37.86,2020,553,1158
55259,3638.13,0,0,0,0,23.98,2020,554,1158
55309,3673.77,0,0,0,0,-48.83,2020,555,1158
55359,3627.57,0,0,0,0,10.56,2020,555,1158
55409,3633.72,0,0,0,0,-19.26,2020,555,1158
55459,3616.20,0,0,0,0,-39.30,2020,555,1158
55510,3650.52,0,0,-1,0,-22.95,2020,556,1158
55560,3603.17,0,0,0,0,1.76,2020,556,1158
55610,3629.32,0,0,0,0,-35.65,2020,556,1158
55660,3615.33,0,0,-1,0,-50.76,2020,557,1158
55710,3604.90,0,0,-1,0,-28.99,2020,558,1158
55760,3591.09,0,0,0,0,33.47,2020,558,1158
55810,3573.98,0,0,0,0,11.96,2020,558,1158
55860,3502.22,0,1,0,0,9.02,2022,559,1158
55910,3579.10,0,0,0,0,-57.14,2023,560,1158
55960,3509.59,0,1,0,0,23.14,2024,562,1158
56010,3521.13,0,1,0,0,11.61,2025,563,1158
56060,3593.67,0,-5,0,-5,-822.99,2035,563,1164
56110,3584.23,0,-4,0,-4,-707.41,2043,563,1168
56160,3603.17,0,-1,0,-8,-215.45,2045,563,1176
56210,3533.57,0,0,1,0,110.75,2046,565,1177
56260,3598.85,0,0,1,0,25.47,2046,566,1177
56310,3577.39,0,0,0,0,25.78,2046,566,1177
56360,3611.85,0,0,0,0,22.28,2046,566,1177
56410,3593.67,0,0,0,0,-53.82,2046,566,1177
56460,3601.44,0,0,0,0,15.38,2046,566,1177
56510,3585.94,0,0,0,0,15.38,2046,566,1177
56560,3619.69,0,0,0,0,15.38,2046,566,1177
56610,3586.80,0,0,0,0,15.38,2046,566,1177
56660,3642.54,0,0,-1,0,-37.64,2046,567,1177
56710,3638.13,0,0,0,0,19.52,2046,568,1177
56760,3643.43,0,0,-1,0,-38.53,2046,569,1177
56810,3624.94,0,0,0,0,28.25,2046,570,1177
56860,3642.54,0,0,-1,0,-22.85,2046,571,1177
56910,3615.33,0,0,-1,0,-36.12,2046,572,1177
56960,3671.97,0,0,0,0,-54.03,2046,573,1177
57010,3652.30,0,0,-1,0,36.83,2047,574,1177
57060,3660.32,0,0,-1,0,-5.35,2047,576,1177
57110,3625.82,0,0,0,0,149.67,2050,576,1188
57160,3594.54,0,-4,0,-3,-521.50,2056,576,1191
57210,3501.40,0,1,0,0,367.57,2063,576,1222
57260,3612.72,0,-2,0,-13,-320.83,2066,576,1235
57310,3543.59,0,0,1,0,23.60,2066,577,1235
57360,3565.49,0,0,0,0,-6.77,2066,578,1235
57410,3534.40,0,0,1,0,18.42,2066,581,1235
57460,3585.94,0,0,1,0,30.42,2066,582,1235
57510,3577.39,0,0,0,0,23.19,2066,582,1235
57560,3590.23,0,0,0,0,15.38,2066,582,1235
57610,3585.94,0,0,0,0,10.28,2066,582,1235
57660,3629.32,0,0,0,0,-47.66,2066,582,1235
57710,3605.77,0,0,0,0,-47.66,2066,582,1235
57760,3643.43,0,0,-1,0,-40.26,2066,583,1235
57810,3628.45,0,0,0,0,33.66,2066,584,1235
57860,3619.69,0,0,0,0,33.66,2066,584,1235
57910,3604.90,0,0,0,0,-34.79,2066,584,1235
57960,3662.11,0,0,-1,0,-23.98,2066,586,1235
58010,3652.30,0,0,-1,0,34.11,2067,587,1235
58060,3697.31,0,-1,0,0,-33.42,2069,588,1235
58110,54744.52,-8418,-664,0,-7768,-51094.00,2734,590,9003
58160,3699.14,0,-1,0,0,398.10,2741,590,9006
58210,3649.63,0,0,-1,0,105.06,2743,591,9008
58260,3501.40,0,1,0,0,364.58,2749,591,9027
58310,3546.94,0,0,1,0,233.30,2752,592,9040
58360,3516.17,0,1,0,0,120.19,2754,592,9040
58411,3481.09,0,1,0,0,35.09,2757,592,9040
58461,3418.41,0,2,0,0,10.94,2762,592,9040
58511,3419.19,0,2,0,0,30.67,2767,592,9040
58561,3409.09,0,2,0,0,9.32,2772,592,9040
58611,3390.60,0,2,0,0,18.49,2778,592,9040
58661,3408.32,0,2,0,0,21.04,2782,592,9040
58711,3309.80,11,3,0,21,538.33,2794,592,9089
58761,3406.77,0,2,0,0,172.33,2798,592,9095
58811,3439.58,0,2,0,0,-60.44,2804,592,9095
58861,3379.14,0,2,0,0,20.68,2810,592,9095
58911,3460.21,0,1,0,0,-61.16,2815,592,9095
58961,3460.21,0,1,0,0,20.88,2819,592,9095
59011,3459.41,0,1,0,0,9.60,2821,592,9095
59061,3534.40,0,0,1,0,-28.91,2823,593,9095
59111,3627.57,0,0,0,0,116.81,3432,593,9095
59161,3587.66,0,0,1,0,23.62,3432,594,9095
59211,3562.95,0,0,0,0,35.90,3432,595,9095
59261,3627.57,0,0,0,0,-31.31,3432,595,9095
59311,3615.33,0,0,-1,0,-32.45,3432,596,9095
59361,3672.87,0,0,0,0,-34.74,3432,597,9095
59411,3665.69,0,0,-1,0,31.62,3433,599,9095
59461,3686.41,0,-1,0,0,-6.33,3436,599,9095
59511,3684.60,0,-1,0,0,106.15,3439,599,9101
59561,3722.08,0,-1,0,0,23.23,3451,599,9120
59611,3722.08,0,-1,0,0,0.92,3454,599,9120
59661,3698.22,0,-1,0,0,37.77,3457,599,9120
59711,3711.03,0,-1,0,0,-35.46,3459,599,9120
59761,3687.32,0,-1,0,0,22.80,3462,599,9120
59811,3674.67,0,0,0,0,36.36,3464,599,9120
59862,3699.14,0,-1,0,0,24.80,3468,599,9120
59912,3722.08,0,-1,0,0,-33.86,3471,599,9120
59962,3687.32,0,-1,0,0,47.74,3474,599,9120
60012,3695.49,0,-1,0,0,-31.59,3476,600,9120
60062,3663.00,0,0,-1,0,35.22,3477,601,9120
60112,3699.14,0,-1,0,0,-12.73,3479,601,9120
60162,3663.90,0,0,-1,0,308.56,3485,602,9123
60212,3501.40,0,1,0,0,363.58,3491,602,9142
60262,3629.32,0,0,0,0,332.64,3496,602,9145
60312,3605.77,0,-6,0,-6,-854.72,3506,602,9152
60362,3548.62,0,0,1,0,526.36,3517,603,9159
60412,3551.14,0,0,1,0,405.60,3525,604,9164
60462,3503.04,0,1,0,0,264.86,3531,604,9187
60512,3491.62,0,1,0,0,-7.30,3534,604,9187
60562,3419.19,0,2,0,0,20.39,3539,604,9187
60612,3460.21,0,1,0,0,-20.63,3543,604,9187
60662,3428.57,0,2,0,0,21.29,3547,604,9187
60712,3480.28,0,1,0,0,-30.42,3550,604,9187
60762,3460.21,0,1,0,0,30.60,3553,604,9187
60812,3428.57,0,2,0,0,19.70,3556,604,9187
60862,3489.18,0,1,0,0,67.85,3560,605,9194
60912,3438.79,0,2,0,0,29.42,3565,605,9194
60962,3502.22,0,1,0,0,-42.81,3568,605,9194
61012,3449.86,0,1,0,0,40.95,3571,605,9194
61062,3513.70,0,1,0,0,-43.89,3574,605,9194
61112,3503.85,0,1,0,0,19.75,3576,605,9194
61162,3545.26,0,0,1,0,-24.96,3577,607,9194
61212,3532.74,0,0,1,0,25.14,3577,609,9194
61262,3564.64,0,0,0,0,-32.73,3577,611,9194
61312,3576.54,0,0,0,0,-26.24,3577,612,9194
61362,3538.57,0,0,1,0,555.32,3588,613,9202
61412,3629.32,0,0,0,0,342.08,3596,613,9207
61462,3562.10,0,0,0,0,410.36,3604,613,9212
61512,3501.40,0,1,0,0,385.62,3611,613,9245
61562,3617.94,0,-4,0,-3,-486.67,3616,613,9248
61612,3674.67,0,0,0,0,392.58,3625,613,9253
61662,3595.40,0,-4,0,-3,-584.32,3632,613,9256
61712,3639.01,0,0,0,0,377.05,3640,613,9271
61762,3681.88,0,-1,0,0,-31.36,3652,614,9279
61812,3687.32,0,-1,0,0,20.05,3654,615,9279
61862,3759.40,0,-2,0,0,-60.26,3658,615,9279
61912,3735.99,0,-1,0,0,49.02,3662,615,9279
61962,3759.40,0,-2,0,0,-48.36,3666,615,9279
62012,3749.06,0,-1,0,0,34.04,3670,615,9279
62062,3785.97,0,-2,0,0,-24.68,3676,615,9279
62112,3772.64,0,-2,0,0,25.79,3682,615,9279
62162,3798.43,0,-2,0,0,-37.15,3688,615,9279
62212,3746.25,0,-1,0,0,34.94,3702,615,9285
62262,3723.93,0,-1,0,0,65.86,3706,615,9285
62312,3723.93,0,-1,0,0,-23.88,3709,615,9285
62362,3640.78,0,0,-1,0,33.89,3710,616,9285
62412,3661.22,0,0,-1,0,-35.40,3710,618,9285
62462,3626.69,0,0,0,0,34.52,3710,620,9285
62512,3639.01,0,0,0,0,-13.19,3710,620,9285
62562,3604.90,0,0,0,0,-15.82,3710,620,9285
62612,3592.81,0,0,0,0,-15.82,3710,620,9285
62662,3575.69,0,0,0,0,27.49,3710,620,9285
62712,3581.66,0,0,0,0,27.49,3710,620,9285
62763,3563.79,0,0,0,0,34.19,3710,621,9285
62813,3567.18,0,0,0,0,5.95,3710,621,9285
62863,3499.77,0,1,0,0,32.14,3711,623,9285
62913,3501.40,0,1,0,0,-9.78,3714,623,9285
62963,3482.70,0,1,0,0,41.73,3716,623,9285
63013,3449.07,0,1,0,0,32.02,3718,623,9285
63063,3339.27,6,3,0,16,398.58,3727,623,9322
63113,3450.66,0,1,0,0,242.11,3731,623,9334
63163,3449.86,0,1,0,0,-33.01,3736,623,9334
63213,3439.58,0,2,0,0,30.23,3741,623,9334
63263,3438.79,0,2,0,0,21.42,3745,623,9334
63313,3429.36,0,2,0,0,20.51,3750,623,9334
63363,3449.86,0,1,0,0,18.35,3752,623,9334
63413,3529.41,0,0,0,0,372.77,3760,623,9339
63463,3475.44,0,1,0,0,127.73,3763,623,9339
63513,3546.10,0,0,1,0,-54.48,3765,624,9339
63563,3492.43,0,1,0,0,9.78,3768,624,9339
63613,3568.03,0,0,0,0,-58.44,3769,625,9339
63663,3553.66,0,0,1,0,39.15,3769,626,9339
63713,3578.24,0,0,0,0,-1.71,3769,626,9339
63763,3586.80,0,0,0,0,16.15,3769,626,9339
63813,3663.00,0,0,-1,0,-58.97,3769,627,9339
63863,3639.89,0,0,0,0,22.22,3769,628,9339
63913,3636.36,0,0,0,0,5.30,3769,629,9339
63963,3640.78,0,0,-1,0,40.20,3770,630,9339
64013,3672.87,0,0,0,0,-8.97,3771,631,9339
64063,3652.30,0,0,-1,0,31.39,3772,633,9339
64113,3662.11,0,0,-1,0,-23.98,3772,635,9339
64163,3640.78,0,0,-1,0,32.09,3772,637,9339
64214,3689.13,0,-1,0,0,-17.16,3774,637,9339
64264,3664.79,0,0,-1,0,92.72,3776,638,9339
64314,3640.78,0,0,-1,0,279.77,3782,639,9342
64364,3671.97,0,0,0,0,-43.52,3792,639,9348
64414,3615.33,0,0,-1,0,-13.27,3792,640,9348
64464,3652.30,0,0,-1,0,-47.40,3792,641,9348
64514,3603.17,0,0,-1,0,-35.04,3792,642,9348
64564,3653.19,0,0,-1,0,-49.15,3792,643,9348
64614,3625.82,0,0,0,0,35.40,3792,644,9348
64664,3615.33,0,0,0,0,35.40,3792,644,9348
64714,3545.26,0,0,1,0,28.72,3792,645,9348
64764,3609.24,0,0,1,0,30.60,3792,646,9348
64814,3577.39,0,0,0,0,-9.36,3792,646,9348
64864,3501.40,0,1,0,0,388.64,3800,646,9373
64914,3536.07,0,0,1,0,157.60,3803,647,9384
64964,3521.13,0,1,0,0,18.28,3805,648,9384
65014,3480.28,0,1,0,0,24.39,3807,649,9384
65064,3481.09,0,1,0,0,31.79,3810,649,9384
65114,3512.88,0,1,0,0,-32.60,3813,649,9384
65164,3470.62,0,1,0,0,10.47,3816,649,9384
65214,3512.88,0,1,0,0,-31.79,3819,649,9384
65264,3499.77,0,1,0,0,33.80,3821,650,9384
65314,3555.34,0,0,1,0,-44.93,3822,652,9384
65364,3509.59,0,1,0,0,37.35,3823,653,9384
65414,3482.70,0,1,0,0,17.88,3825,653,9384
65464,3501.40,0,1,0,0,388.64,3833,653,9411
65514,3557.87,0,0,1,0,173.47,3836,654,9423
65564,3563.79,0,0,0,0,-16.85,3837,655,9423
65614,3557.03,0,0,1,0,22.07,3837,657,9423
65664,3585.94,0,0,1,0,13.49,3837,658,9423
65714,3593.67,0,0,0,0,-59.40,3837,658,9423
65764,3652.30,0,0,-1,0,-47.40,3837,659,9423
65814,3626.69,0,0,0,0,36.31,3837,660,9423
65864,3683.69,0,-1,0,0,-35.83,3838,662,9423
65914,3652.30,0,0,-1,0,38.64,3839,664,9423
65964,3626.69,0,0,0,0,33.63,3839,665,9423
66014,3624.94,0,0,0,0,16.72,3839,666,9423
66064,3650.52,0,0,-1,0,-21.20,3839,667,9423
66114,3638.13,0,0,0,0,137.36,3841,668,9432
66164,3686.41,0,-1,0,0,274.51,3848,668,9435
66214,3698.22,0,-1,0,0,-25.36,3862,668,9444
66264,3675.57,0,0,0,0,19.92,3863,669,9444
66314,3664.79,0,0,-1,0,10.78,3864,670,9444
66364,3626.69,0,0,0,0,22.05,3864,671,9444
66414,3614.46,0,0,0,0,-12.32,3864,671,9444
66464,3575.69,0,0,0,0,25.76,3864,671,9444
66514,3621.44,0,0,0,0,-47.46,3864,671,9444
66564,3595.40,0,0,0,0,-47.46,3864,671,9444
66614,3576.54,0,0,0,0,28.36,3864,671,9444
66664,3545.26,0,0,1,0,19.38,3864,673,9444
66714,3598.85,0,0,1,0,20.35,3864,674,9444
66764,3585.94,0,0,0,0,26.57,3864,674,9444
66814,3600.58,0,0,0,0,26.44,3864,674,9444
66864,3619.69,0,0,0,0,26.44,3864,674,9444
66914,3594.54,0,-6,0,-6,-864.85,3874,674,9450
66964,3604.90,0,-6,0,-6,-928.93,3885,674,9457
67014,3560.41,0,0,0,0,500.23,3895,674,9464
67064,3617.94,0,-4,0,-4,-700.96,3903,674,9469
67115,3551.14,0,0,1,0,400.39,3911,675,9474
67165,3501.40,0,1,0,0,326.11,3917,675,9493
67215,3546.94,0,0,1,0,220.96,3920,676,9504
67265,3547.78,0,0,1,0,77.16,3921,677,9504
67315,3556.19,0,0,1,0,21.20,3921,679,9504
67365,3543.59,0,0,1,0,26.14,3921,680,9504
67415,3544.42,0,0,1,0,19.37,3921,682,9504
67465,3611.85,0,0,0,0,21.30,3921,682,9504
67515,3532.74,0,0,1,0,24.29,3921,684,9504
67565,3546.10,0,0,1,0,-34.04,3923,685,9504
67615,3533.57,0,0,1,0,36.16,3923,686,9504
67665,3512.88,0,1,0,0,-9.03,3926,686,9504
67715,3532.74,0,0,1,0,11.69,3927,688,9504
67765,3574.83,0,0,0,0,-40.43,3927,689,9504
67815,3531.07,0,0,1,0,0.83,3927,692,9504
67865,3587.66,0,0,1,0,22.75,3927,693,9504
67915,3596.26,0,0,0,0,17.08,3927,693,9504
67965,3652.30,0,0,-1,0,-36.97,3927,694,9504
68015,3575.69,0,0,0,0,29.22,3927,694,9504
68065,3642.54,0,0,-1,0,-36.78,3927,695,9504
68115,3638.13,0,0,0,0,23.98,3927,696,9504
68165,3684.60,0,-1,0,0,-31.41,3928,697,9504
68215,3614.46,0,0,0,0,7.07,3928,698,9504
68265,3672.87,0,0,0,0,-47.05,3928,699,9504
68315,3637.25,0,0,0,0,23.97,3928,701,9504
68365,3642.54,0,0,-1,0,-28.09,3928,702,9504
68415,3640.78,0,0,-1,0,41.11,3929,703,9504
68465,3672.87,0,0,0,0,-24.12,3929,705,9504
68515,3593.67,0,0,0,0,7.03,3929,705,9504
68566,3632.84,0,0,0,0,-29.67,3929,705,9504
68616,3626.69,0,0,0,0,26.50,3929,706,9504
68666,3629.32,0,0,0,0,-36.51,3929,706,9504
68716,3603.17,0,0,-1,0,-53.48,3929,707,9504
68766,3623.19,0,0,0,0,-47.50,3929,707,9504
68816,3614.46,0,0,0,0,-49.63,3929,707,9504
68866,3605.77,0,0,-1,0,-34.29,3929,708,9504
68916,3593.67,0,0,0,0,-33.76,3929,708,9504
68966,3575.69,0,0,0,0,-30.42,3929,709,9504
69016,3532.74,0,0,1,0,31.06,3929,711,9504
69066,3586.80,0,0,1,0,21.18,3929,712,9504
69116,3585.94,0,0,0,0,22.16,3929,712,9504
69166,3573.98,0,0,0,0,20.55,3929,712,9504
69216,3577.39,0,0,0,0,32.72,3929,713,9504
69266,3623.19,0,0,0,0,-50.06,3929,713,9504
69316,3576.54,0,0,0,0,33.57,3929,713,9504
69366,3598.85,0,0,1,0,22.89,3929,714,9504
69416,3604.90,0,0,0,0,-50.03,3929,714,9504
69466,3643.43,0,0,-1,0,-39.39,3929,716,9504
69516,3626.69,0,0,0,0,32.74,3929,717,9504
69566,3639.01,0,0,0,0,-12.32,3929,718,9504
69616,3616.20,0,0,0,0,-14.94,3929,718,9504
69666,3623.19,0,0,0,0,-47.50,3929,718,9504
69716,3615.33,0,0,-1,0,-49.08,3929,719,9504
69766,3579.10,0,0,0,0,-6.82,3929,719,9504
69816,3568.03,0,0,0,0,42.08,3929,720,9504
69866,3629.32,0,0,0,0,-35.65,3929,720,9504
69916,3622.31,0,0,0,0,-68.65,3929,721,9504
69966,3585.94,0,0,1,0,10.07,3929,723,9504
70016,3545.26,0,0,1,0,31.28,3929,724,9504
70066,3611.85,0,0,0,0,22.28,3929,724,9504
70116,3592.81,0,0,0,0,-36.53,3929,724,9504
70166,3597.98,0,0,1,0,10.99,3929,725,9504
70216,3511.24,0,1,0,0,44.11,3930,726,9504
70266,3459.41,0,1,0,0,40.36,3932,726,9504
70316,3167.90,0,5,0,3,557.88,3943,726,9528
70366,3305.42,0,3,0,0,37.57,3949,726,9538
70416,3234.15,0,4,0,0,18.23,3961,726,9538
70466,3187.42,0,5,0,0,9.51,3971,726,9538
70516,3092.78,0,6,0,0,40.05,3988,726,9538
70566,3042.60,0,7,0,0,25.52,4001,726,9538
70616,2967.95,1,8,0,1,276.70,4023,726,9542
70666,2910.36,0,8,0,0,20.47,4039,726,9542
70716,2817.43,6,10,0,0,47.90,4067,726,9542
70766,2768.55,0,10,0,0,40.97,4087,726,9542
70816,2714.44,0,11,0,0,33.31,4109,726,9542
70866,2658.16,0,12,0,7,44.06,4132,726,9549
70916,2611.42,45,12,0,36,209.19,4169,726,9623
70966,2487.15,17,14,0,8,51.78,4196,726,9643
71016,2491.28,15,14,0,9,58.44,4223,726,9662
71066,2487.56,0,14,0,-22,-137.20,4253,726,9707
71116,2378.69,15,15,0,6,42.62,4283,726,9723
71166,2389.30,0,15,0,-19,-121.38,4315,726,9758
71216,2212.72,26,18,0,10,72.82,4350,726,9783
71266,2257.00,0,17,0,-6,-44.28,4367,726,9789
71316,2199.41,0,18,0,-4,-33.35,4403,726,9805
71366,2127.36,19,19,0,16,118.82,4439,726,9828
71416,2104.97,9,19,0,-1,-9.41,4477,726,9833
71467,2030.59,24,20,0,5,40.08,4516,726,9842
71517,2022.65,0,20,0,1,7.94,4536,726,9843
71567,1976.55,11,21,0,0,-0.52,4578,726,9849
71617,1928.02,0,21,0,6,48.52,4599,726,9855
71667,1883.24,27,22,0,5,40.33,4642,726,9860
71717,1828.82,28,23,0,5,45.24,4687,726,9866
71767,1830.16,23,23,0,0,-1.34,4710,726,9866
71817,1777.46,23,23,0,0,2.95,4756,726,9872
71867,1729.70,29,24,0,5,47.76,4780,726,9877
71917,89820.36,-25781,-1120,0,-24692,-88093.25,5924,726,34569
71967,1683.31,27,24,0,3,30.39,5972,726,44641
72017,1629.73,30,25,0,5,53.59,5997,726,44646
72067,1632.39,25,25,0,0,-2.66,6022,726,44646
72117,1582.78,26,26,0,0,-4.16,6074,726,44651
72167,1527.96,31,26,0,5,54.82,6100,726,44656
72217,1531.39,26,26,0,0,-3.43,6126,726,44656
72267,1481.04,27,27,0,0,-4.37,6180,726,44661
72317,1424.77,33,28,0,5,56.27,6208,726,44666
72367,1428.98,28,28,0,0,-4.21,6236,726,44666
72417,1374.51,33,28,0,5,54.47,6264,726,44671
72467,1376.90,28,28,0,0,-2.40,6292,726,44671
72517,1322.75,33,29,0,4,54.15,6321,726,44675
72567,1324.50,29,29,0,0,-1.75,6350,726,44675
72617,1269.47,34,30,0,4,55.04,6380,726,44679
72667,1271.40,30,30,0,0,-1.94,6410,726,44679
72717,1214.57,35,31,0,4,56.83,6441,726,44683
72767,1219.31,30,30,0,0,-4.74,6471,726,44683
72817,1158.57,35,31,0,4,60.74,6502,726,44687
72867,1164.69,31,31,0,0,-6.12,6533,726,44687
72918,1103.18,36,32,0,4,61.50,6565,726,44691
72968,1107.50,32,32,0,0,-4.32,6597,726,44691
73018,1054.93,36,33,0,3,52.57,6630,726,44694
73068,1045.44,33,33,0,0,9.48,6663,726,44694
73118,981.55,38,34,0,4,63.90,6697,726,44698
73168,981.55,38,34,0,4,63.90,6697,726,44698
73218,986.26,33,33,0,0,-4.71,6730,726,44698
73268,924.90,37,34,0,3,61.36,6764,726,44701
73318,923.36,34,34,0,0,1.54,6798,726,44701
73368,923.36,34,34,0,0,1.54,6798,726,44701
73418,860.19,38,35,0,3,63.17,6833,726,44704
73468,856.41,35,35,0,0,3.78,6868,726,44704
73518,856.41,35,35,0,0,3.78,6868,726,44704
73568,763.05,40,36,0,4,93.36,6904,726,44708
73618,803.94,34,36,0,-2,-40.90,6940,726,44710
73668,803.94,34,36,0,-2,-40.90,6940,726,44710
73718,719.98,41,37,0,4,83.97,6977,726,44714
73768,700.77,37,37,0,0,19.21,7014,726,44714
73818,700.77,37,37,0,0,19.21,7014,726,44714
73868,630.97,40,38,0,2,69.80,7052,726,44716
73918,630.97,40,38,0,2,69.80,7052,726,44716
73968,608.27,38,38,0,0,22.70,7090,726,44716
74018,608.27,38,38,0,0,22.70,7090,726,44716
74068,608.27,38,38,0,0,22.70,7090,726,44716
74118,526.91,41,39,0,2,81.36,7129,726,44718
74168,526.91,41,39,0,2,81.36,7129,726,44718
74218,496.15,41,40,0,1,30.76,7169,726,44719
74268,496.15,41,40,0,1,30.76,7169,726,44719
74318,496.15,41,40,0,1,30.76,7169,726,44719
74368,394.45,43,41,0,2,101.70,7210,726,44721
74418,394.45,43,41,0,2,101.70,7210,726,44721
74468,394.45,43,41,0,2,101.70,7210,726,44721
74518,394.45,43,41,0,2,101.70,7210,726,44721
74568,336.82,43,42,0,1,57.63,7252,726,44722
74618,336.82,43,42,0,1,57.63,7252,726,44722
74668,336.82,43,42,0,1,57.63,7252,726,44722
74718,336.82,43,42,0,1,57.63,7252,726,44722
75546,58.64,-43,42,0,1,57.63,7252,726,44722
75596,58.64,-43,42,0,1,57.63,7252,726,44722
75646,58.64,-43,42,0,1,57.63,7252,726,44722
75696,58.64,-43,42,0,1,57.63,7252,726,44722
75746,58.64,-43,42,0,1,57.63,7252,726,44722
75796,0.00,-43,42,0,1,57.63,7252,726,44722
75846,0.00,-43,42,0,1,57.63,7252,726,44722
75896,0.00,-43,42,0,1,57.63,7252,726,44722
75947,0.00,-43,42,0,1,57.63,7252,726,44722
75997,0.00,-43,42,0,1,57.63,7252,726,44722
76047,0.00,-43,42,0,1,57.63,7252,726,44722
76097,0.00,-43,42,0,1,57.63,7252,726,44722
76147,0.00,-43,42,0,1,57.63,7252,726,44722
76197,0.00,-43,42,0,1,57.63,7252,726,44722
76247,0.00,-43,42,0,1,57.63,7252,726,44722
76297,0.00,-43,42,0,1,57.63,7252,726,44722
76347,0.00,-43,42,0,1,57.63,7252,726,44722
76397,0.00,-43,42,0,1,57.63,7252,726,44722
76447,0.00,-43,42,0,1,57.63,7252,726,44722
76497,0.00,-43,42,0,1,57.63,7252,726,44722
76547,0.00,-43,42,0,1,57.63,7252,726,44722
76597,0.00,-43,42,0,1,57.63,7252,726,44722
76647,0.00,-43,42,0,1,57.63,7252,726,44722
76697,0.00,-43,42,0,1,57.63,7252,726,44722
76747,0.00,-43,42,0,1,57.63,7252,726,44722
76797,0.00,-43,42,0,1,57.63,7252,726,44722
76847,0.00,-43,42,0,1,57.63,7252,726,44722
76897,0.00,-43,42,0,1,57.63,7252,726,44722
76947,0.00,-43,42,0,1,57.63,7252,726,44722
76997,0.00,-43,42,0,1,57.63,7252,726,44722
77047,0.00,-43,42,0,1,57.63,7252,726,44722
77097,0.00,-43,42,0,1,57.63,7252,726,44722
77147,0.00,-43,42,0,1,57.63,7252,726,44722
77197,0.00,-43,42,0,1,57.63,7252,726,44722
77247,0.00,-43,42,0,1,57.63,7252,726,44722
77297,0.00,-43,42,0,1,57.63,7252,726,44722
77347,0.00,-43,42,0,1,57.63,7252,726,44722
77398,0.00,-43,42,0,1,57.63,7252,726,44722
77448,0.00,-43,42,0,1,57.63,7252,726,44722
77498,0.00,-43,42,0,1,57.63,7252,726,44722
77548,0.00,-43,42,0,1,57.63,7252,726,44722
77598,0.00,-43,42,0,1,57.63,7252,726,44722
77648,0.00,-43,42,0,1,57.63,7252,726,44722
77698,0.00,-43,42,0,1,57.63,7252,726,44722
77748,0.00,-43,42,0,1,57.63,7252,726,44722
77798,0.00,-43,42,0,1,57.63,7252,726,44722
77848,0.00,-43,42,0,1,57.63,7252,726,44722
77898,0.00,-43,42,0,1,57.63,7252,726,44722
77948,0.00,-43,42,0,1,57.63,7252,726,44722
77998,0.00,-43,42,0,1,57.63,7252,726,44722
78048,0.00,-43,42,0,1,57.63,7252,726,44722
78098,0.00,-43,42,0,1,57.63,7252,726,44722
78148,0.00,-43,42,0,1,57.63,7252,726,44722
78198,0.00,-43,42,0,1,57.63,7252,726,44722
78248,0.00,-43,42,0,1,57.63,7252,726,44722
78298,0.00,-43,42,0,1,57.63,7252,726,44722
78348,0.00,-43,42,0,1,57.63,7252,726,44722
78398,0.00,-43,42,0,1,57.63,7252,726,44722
78448,0.00,-43,42,0,1,57.63,7252,726,44722
78498,0.00,-43,42,0,1,57.63,7252,726,44722
78548,0.00,-43,42,0,1,57.63,7252,726,44722
78598,0.00,-43,42,0,1,57.63,7252,726,44722
78648,0.00,-43,42,0,1,57.63,7252,726,44722
78698,0.00,-43,42,0,1,57.63,7252,726,44722
78748,0.00,-43,42,0,1,57.63,7252,726,44722
78798,0.00,-43,42,0,1,57.63,7252,726,44722
78848,0.00,-43,42,0,1,57.63,7252,726,44722
78898,0.00,-43,42,0,1,57.63,7252,726,44722
78948,0.00,-43,42,0,1,57.63,7252,726,44722
78998,0.00,-43,42,0,1,57.63,7252,726,44722
79048,0.00,-43,42,0,1,57.63,7252,726,44722
79098,0.00,-43,42,0,1,57.63,7252,726,44722
79148,0.00,-43,42,0,1,57.63,7252,726,44722
79198,0.00,-43,42,0,1,57.63,7252,726,44722
79248,0.00,-43,42,0,1,57.63,7252,726,44722
79298,0.00,-43,42,0,1,57.63,7252,726,44722
79348,0.00,-43,42,0,1,57.63,7252,726,44722
79398,0.00,-43,42,0,1,57.63,7252,726,44722
79448,0.00,-43,42,0,1,57.63,7252,726,44722
79498,0.00,-43,42,0,1,57.63,7252,726,44722
79548,0.00,-43,42,0,1,57.63,7252,726,44722
79598,0.00,-43,42,0,1,57.63,7252,726,44722
79648,0.00,-43,42,0,1,57.63,7252,726,44722
79698,0.00,-43,42,0,1,57.63,7252,726,44722
79748,0.00,-43,42,0,1,57.63,7252,726,44722
79798,0.00,-43,42,0,1,57.63,7252,726,44722
79848,0.00,-43,42,0,1,57.63,7252,726,44722
79898,0.00,-43,42,0,1,57.63,7252,726,44722
79948,0.00,-43,42,0,1,57.63,7252,726,44722
79998,0.00,-43,42,0,1,57.63,7252,726,44722
80048,0.00,-43,42,0,1,57.63,7252,726,44722
80098,0.00,-43,42,0,1,57.63,7252,726,44722
80148,0.00,-43,42,0,1,57.63,7252,726,44722
80198,0.00,-43,42,0,1,57.63,7252,726,44722
80248,0.00,-43,42,0,1,57.63,7252,726,44722
80299,0.00,-43,42,0,1,57.63,7252,726,44722
80349,0.00,-43,42,0,1,57.63,7252,726,44722
80399,0.00,-43,42,0,1,57.63,7252,726,44722
80449,0.00,-43,42,0,1,57.63,7252,726,44722
80499,0.00,-43,42,0,1,57.63,7252,726,44722
80549,0.00,-43,42,0,1,57.63,7252,726,44722
80599,0.00,-43,42,0,1,57.63,7252,726,44722
80649,0.00,-43,42,0,1,57.63,7252,726,44722
80699,0.00,-43,42,0,1,57.63,7252,726,44722
80749,0.00,-43,42,0,1,57.63,7252,726,44722
80799,0.00,-43,42,0,1,57.63,7252,726,44722
80849,0.00,-43,42,0,1,57.63,7252,726,44722
80899,0.00,-43,42,0,1,57.63,7252,726,44722
80949,0.00,-43,42,0,1,57.63,7252,726,44722
80999,0.00,-43,42,0,1,57.63,7252,726,44722
81049,0.00,-43,42,0,1,57.63,7252,726,44722
81099,0.00,-43,42,0,1,57.63,7252,726,44722
81149,0.00,-43,42,0,1,57.63,7252,726,44722
81199,0.00,-43,42,0,1,57.63,7252,726,44722
81249,0.00,-43,42,0,1,57.63,7252,726,44722
81299,0.00,-43,42,0,1,57.63,7252,726,44722
81349,0.00,-43,42,0,1,57.63,7252,726,44722
