Microcontroller Governor - Abrupt Load Increase(1800 W) - Initially No Load
Trial: 10
Date: 4-5-2023
Time: 4:50 PM
Ambient Temp: 76
Head Temp: 214.2

------ Microcontroller Engine Governor - Version: 1.16 ------
-------------------------------------------------------------
PID Gains:  Kp: 0.013  KpAlt: 0.025  Kd: 0.100  KdAlt: 4.000
-------------------------------------------------------------
Set RPM:             3600    |  Min RPM:                 300
                             |
RPM Precision:       20      |  PID Kp Alt Range:        70
                             |
Start Steps:         850     |  Max Steps:               1200
                             |
RPM Calc Interval:   1       |  Num Magnets:             1
                             |
LCD Update Interval: 400     |  Serial Update Interval:  50
-------------------------------------------------------------

Time,RPM,Steps Remaining, PID p, PID p Alt, PID d, RPM Change, P Cmd, P Alt Cmd, D Cmd
1734,0.00,0,0,0,0,0.00,0,0,0
1784,0.00,0,0,0,0,0.00,0,0,0
1835,0.00,0,0,0,0,0.00,0,0,0
1885,0.00,0,0,0,0,0.00,0,0,0
1935,0.00,0,0,0,0,0.00,0,0,0
1985,0.00,0,0,0,0,0.00,0,0,0
2035,0.00,0,0,0,0,0.00,0,0,0
2085,0.00,0,0,0,0,0.00,0,0,0
2135,0.00,0,0,0,0,0.00,0,0,0
2185,0.00,0,0,0,0,0.00,0,0,0
2235,0.00,0,0,0,0,0.00,0,0,0
2285,0.00,0,0,0,0,0.00,0,0,0
2335,0.00,0,0,0,0,0.00,0,0,0
2385,0.00,0,0,0,0,0.00,0,0,0
2435,0.00,0,0,0,0,0.00,0,0,0
2485,0.00,0,0,0,0,0.00,0,0,0
2535,0.00,0,0,0,0,0.00,0,0,0
2585,0.00,0,0,0,0,0.00,0,0,0
2635,0.00,0,0,0,0,0.00,0,0,0
2685,0.00,0,0,0,0,0.00,0,0,0
2735,0.00,0,0,0,0,0.00,0,0,0
2785,0.00,0,0,0,0,0.00,0,0,0
2835,0.00,0,0,0,0,0.00,0,0,0
2885,0.00,0,0,0,0,0.00,0,0,0
2935,0.00,0,0,0,0,0.00,0,0,0
2985,0.00,0,0,0,0,0.00,0,0,0
3035,0.00,0,0,0,0,0.00,0,0,0
3085,0.00,0,0,0,0,0.00,0,0,0
3135,0.00,0,0,0,0,0.00,0,0,0
3185,0.00,0,0,0,0,0.00,0,0,0
3235,0.00,0,0,0,0,0.00,0,0,0
3286,0.00,0,0,0,0,0.00,0,0,0
3336,0.00,0,0,0,0,0.00,0,0,0
3386,0.00,0,0,0,0,0.00,0,0,0
3436,0.00,0,0,0,0,0.00,0,0,0
3486,0.00,0,0,0,0,0.00,0,0,0
3536,0.00,0,0,0,0,0.00,0,0,0
3586,0.00,0,0,0,0,0.00,0,0,0
3636,0.00,0,0,0,0,0.00,0,0,0
3686,0.00,0,0,0,0,0.00,0,0,0
3736,0.00,0,0,0,0,0.00,0,0,0
3786,0.00,0,0,0,0,0.00,0,0,0
3836,0.00,0,0,0,0,0.00,0,0,0
3886,0.00,0,0,0,0,0.00,0,0,0
3936,0.00,0,0,0,0,0.00,0,0,0
3986,0.00,0,0,0,0,0.00,0,0,0
4036,0.00,0,0,0,0,0.00,0,0,0
4086,0.00,0,0,0,0,0.00,0,0,0
4136,0.00,0,0,0,0,0.00,0,0,0
4186,0.00,0,0,0,0,0.00,0,0,0
4236,0.00,0,0,0,0,0.00,0,0,0
4286,0.00,0,0,0,0,0.00,0,0,0
4336,0.00,0,0,0,0,0.00,0,0,0
4386,0.00,0,0,0,0,0.00,0,0,0
4436,0.00,0,0,0,0,0.00,0,0,0
4486,0.00,0,0,0,0,0.00,0,0,0
4536,0.00,0,0,0,0,0.00,0,0,0
4586,0.00,0,0,0,0,0.00,0,0,0
4636,0.00,0,0,0,0,0.00,0,0,0
4686,0.00,0,0,0,0,0.00,0,0,0
4736,0.00,0,0,0,0,0.00,0,0,0
4786,0.00,0,0,0,0,0.00,0,0,0
4836,0.00,0,0,0,0,0.00,0,0,0
4886,0.00,0,0,0,0,0.00,0,0,0
4936,0.00,0,0,0,0,0.00,0,0,0
4986,0.00,0,0,0,0,0.00,0,0,0
5036,0.00,0,0,0,0,0.00,0,0,0
5086,0.00,0,0,0,0,0.00,0,0,0
5136,0.00,0,0,0,0,0.00,0,0,0
5186,0.00,0,0,0,0,0.00,0,0,0
5236,0.00,0,0,0,0,0.00,0,0,0
5286,0.00,0,0,0,0,0.00,0,0,0
5336,0.00,0,0,0,0,0.00,0,0,0
5386,0.00,0,0,0,0,0.00,0,0,0
5436,0.00,0,0,0,0,0.00,0,0,0
5486,0.00,0,0,0,0,0.00,0,0,0
5536,0.00,0,0,0,0,0.00,0,0,0
5586,0.00,0,0,0,0,0.00,0,0,0
5636,0.00,0,0,0,0,0.00,0,0,0
5686,0.00,0,0,0,0,0.00,0,0,0
5736,0.00,0,0,0,0,0.00,0,0,0
5786,0.00,0,0,0,0,0.00,0,0,0
5836,0.00,0,0,0,0,0.00,0,0,0
5886,0.00,0,0,0,0,0.00,0,0,0
5936,0.00,0,0,0,0,0.00,0,0,0
5986,0.00,0,0,0,0,0.00,0,0,0
6036,0.00,0,0,0,0,0.00,0,0,0
6086,0.00,0,0,0,0,0.00,0,0,0
6136,0.00,0,0,0,0,0.00,0,0,0
6187,0.00,0,0,0,0,0.00,0,0,0
6237,0.00,0,0,0,0,0.00,0,0,0
6287,0.00,0,0,0,0,0.00,0,0,0
6337,0.00,0,0,0,0,0.00,0,0,0
6387,0.00,0,0,0,0,0.00,0,0,0
6437,0.00,0,0,0,0,0.00,0,0,0
6487,0.00,0,0,0,0,0.00,0,0,0
6537,0.00,0,0,0,0,0.00,0,0,0
6587,0.00,0,0,0,0,0.00,0,0,0
6637,0.00,0,0,0,0,0.00,0,0,0
6687,0.00,0,0,0,0,0.00,0,0,0
6737,0.00,0,0,0,0,0.00,0,0,0
6787,0.00,0,0,0,0,0.00,0,0,0
6837,0.00,0,0,0,0,0.00,0,0,0
6887,0.00,0,0,0,0,0.00,0,0,0
6937,0.00,0,0,0,0,0.00,0,0,0
6987,0.00,0,0,0,0,0.00,0,0,0
7037,0.00,0,0,0,0,0.00,0,0,0
7087,0.00,0,0,0,0,0.00,0,0,0
7137,0.00,0,0,0,0,0.00,0,0,0
7187,0.00,0,0,0,0,0.00,0,0,0
7237,0.00,0,0,0,0,0.00,0,0,0
7287,0.00,0,0,0,0,0.00,0,0,0
7337,0.00,0,0,0,0,0.00,0,0,0
7387,0.00,0,0,0,0,0.00,0,0,0
7437,0.00,0,0,0,0,0.00,0,0,0
7487,0.00,0,0,0,0,0.00,0,0,0
7537,0.00,0,0,0,0,0.00,0,0,0
7587,0.00,0,0,0,0,0.00,0,0,0
7638,0.00,0,0,0,0,0.00,0,0,0
7688,0.00,0,0,0,0,0.00,0,0,0
7738,0.00,0,0,0,0,0.00,0,0,0
7788,0.00,0,0,0,0,0.00,0,0,0
7838,0.00,0,0,0,0,0.00,0,0,0
7888,0.00,0,0,0,0,0.00,0,0,0
7938,0.00,0,0,0,0,0.00,0,0,0
7988,0.00,0,0,0,0,0.00,0,0,0
8038,0.00,0,0,0,0,0.00,0,0,0
8088,0.00,0,0,0,0,0.00,0,0,0
8138,0.00,0,0,0,0,0.00,0,0,0
8188,0.00,0,0,0,0,0.00,0,0,0
8238,0.00,0,0,0,0,0.00,0,0,0
8288,0.00,0,0,0,0,0.00,0,0,0
8338,0.00,0,0,0,0,0.00,0,0,0
8388,0.00,0,0,0,0,0.00,0,0,0
8438,0.00,0,0,0,0,0.00,0,0,0
8488,0.00,0,0,0,0,0.00,0,0,0
8538,0.00,0,0,0,0,0.00,0,0,0
8588,0.00,0,0,0,0,0.00,0,0,0
8638,0.00,0,0,0,0,0.00,0,0,0
8688,0.00,0,0,0,0,0.00,0,0,0
8738,0.00,0,0,0,0,0.00,0,0,0
8788,0.00,0,0,0,0,0.00,0,0,0
8838,0.00,0,0,0,0,0.00,0,0,0
8888,0.00,0,0,0,0,0.00,0,0,0
8938,0.00,0,0,0,0,0.00,0,0,0
8988,0.00,0,0,0,0,0.00,0,0,0
9038,0.00,0,0,0,0,0.00,0,0,0
9088,0.00,0,0,0,0,0.00,0,0,0
9138,0.00,0,0,0,0,0.00,0,0,0
9188,0.00,0,0,0,0,0.00,0,0,0
9238,0.00,0,0,0,0,0.00,0,0,0
9288,0.00,0,0,0,0,0.00,0,0,0
9338,0.00,0,0,0,0,0.00,0,0,0
9388,0.00,0,0,0,0,0.00,0,0,0
9438,0.00,0,0,0,0,0.00,0,0,0
9488,inf,0,0,0,0,inf,0,0,0
9538,inf,0,0,0,0,inf,0,0,0
9588,inf,0,0,0,0,inf,0,0,0
9638,inf,0,0,0,0,inf,0,0,0
11268,2849.77,8,9,0,0,inf,9,0,0
11318,4976.77,-131,-17,0,-115,-376.96,66,0,705
11368,4873.29,-87,-16,0,-84,-273.48,109,0,789
11418,4711.06,-36,-14,0,-34,-111.24,167,0,1556
11468,4874.88,-207,-16,0,-200,-600.16,217,0,2091
11518,4641.09,-120,-13,0,-113,-367.58,260,0,2256
11568,4274.72,0,-8,0,0,442.26,288,0,2456
11618,4261.36,0,-8,0,0,13.36,324,0,2709
11668,4168.98,0,-7,0,0,29.17,346,0,2709
11718,4168.98,-2,-7,0,-1,-178.56,373,1,3080
11768,4038.77,0,-5,0,0,-16.25,389,1,3080
11819,3941.15,-3,-4,0,0,26.06,407,1,3080
11869,3861.00,0,-3,0,0,27.02,416,1,3080
11919,3785.97,0,-2,0,0,11.50,423,1,3080
11969,3698.22,0,-1,0,0,35.91,426,1,3080
12019,3637.25,0,0,0,0,15.06,427,2,3080
12069,3555.34,0,0,1,0,34.89,427,3,3080
12119,3531.07,0,0,1,0,15.03,427,5,3080
12169,3493.25,0,1,0,0,31.19,429,5,3080
12219,3439.58,0,2,0,0,10.28,433,5,3080
12269,3369.27,0,2,0,0,18.26,439,5,3080
12319,3319.32,0,3,0,0,10.32,445,5,3080
12369,3318.58,0,3,0,0,-5.13,454,5,3080
12419,3290.19,0,4,0,0,28.39,465,5,3080
12469,3252.39,3,4,0,0,-18.23,477,5,3080
12519,3266.55,0,4,0,0,-68.26,486,5,3080
12569,3206.50,0,5,0,0,17.92,500,5,3080
12619,3261.58,2,4,0,0,-45.46,512,5,3080
12669,3298.88,0,3,0,0,-58.44,519,5,3080
12719,3280.12,0,4,0,0,28.94,530,5,3080
12769,3337.04,0,3,0,0,-56.20,540,5,3080
12819,3348.21,2,3,0,0,20.30,549,5,3080
12869,3379.14,0,2,0,0,29.95,553,5,3080
12919,3449.86,0,1,0,0,-25.99,558,5,3080
12969,3469.81,0,1,0,0,21.00,562,5,3080
13019,3555.34,0,0,1,0,-51.49,563,6,3080
13069,3564.64,0,0,0,0,21.30,563,7,3080
13119,3629.32,0,0,0,0,-43.38,563,7,3080
13169,3640.78,0,0,-1,0,31.19,563,8,3080
13219,3707.36,0,-1,0,0,-44.36,565,9,3080
13270,3711.03,0,-1,0,0,23.10,568,9,3080
13320,3784.06,0,-2,0,0,-35.93,573,9,3080
13370,3772.64,-1,-2,0,0,-36.65,579,9,3080
13420,3772.64,0,-2,0,0,26.76,585,9,3080
13470,3785.01,0,-2,0,0,-23.73,591,9,3080
13520,3772.64,0,-2,0,0,11.42,597,9,3080
13570,3799.39,0,-2,0,0,-26.76,603,9,3080
13620,3785.01,0,-2,0,0,12.46,609,9,3080
13670,3750.00,0,-1,0,0,22.64,614,9,3080
13720,3725.78,0,-1,0,0,35.50,618,9,3080
13770,3685.50,0,-1,0,0,24.61,626,9,3083
13820,3722.08,0,-1,0,0,-34.77,629,9,3083
13870,3664.79,0,0,-1,0,10.78,630,10,3083
13920,3683.69,0,-1,0,0,-19.80,632,11,3083
13970,3648.75,0,0,-1,0,11.57,632,14,3083
14020,3672.87,0,0,0,0,-34.74,632,15,3083
14070,3603.17,0,0,0,0,-13.19,632,15,3083
14120,3523.61,0,0,0,0,31.74,632,16,3083
14170,3521.95,0,1,0,0,33.39,634,17,3083
14220,3568.03,0,0,0,0,-47.73,635,18,3083
14270,3520.30,0,1,0,0,34.20,636,20,3083
14320,3509.59,0,1,0,0,38.18,637,21,3083
14370,3562.10,0,0,0,0,383.19,646,21,3088
14420,3502.22,0,1,0,0,277.07,652,21,3113
14470,3568.03,0,0,0,0,43.82,652,22,3113
14520,3568.03,0,0,0,0,19.63,652,23,3113
14570,3589.38,0,0,0,0,12.76,652,23,3113
14620,3593.67,0,0,0,0,-34.62,652,23,3113
14670,3586.80,0,0,0,0,-44.45,652,23,3113
14720,3586.80,0,0,0,0,21.31,652,23,3113
14770,3620.56,0,0,0,0,-35.48,652,23,3113
14820,3564.64,0,0,0,0,26.46,652,23,3113
14870,3629.32,0,0,0,0,-37.37,652,23,3113
14920,3592.81,0,0,0,0,-37.37,652,23,3113
14970,3652.30,0,0,-1,0,-36.97,652,24,3113
15020,3641.66,0,0,-1,0,32.11,652,25,3113
15070,3672.87,0,0,0,0,-24.12,652,27,3113
15120,3637.25,0,0,0,0,23.08,652,29,3113
15170,3660.32,0,0,-1,0,-14.24,652,32,3113
15220,3577.39,0,0,0,0,36.20,652,32,3113
15270,3611.85,0,0,0,0,17.05,652,32,3113
15320,3604.90,0,0,0,0,-51.81,652,32,3113
15370,3573.98,0,0,0,0,18.83,652,32,3113
15420,3573.98,0,0,0,0,13.68,652,33,3113
15470,3555.34,0,0,1,0,22.05,652,34,3113
15520,3555.34,0,0,1,0,30.60,652,36,3113
15570,3600.58,0,0,0,0,31.00,652,36,3113
15620,3541.91,0,0,1,0,14.28,652,38,3113
15670,3610.11,0,0,1,0,20.34,652,39,3113
15720,3593.67,0,0,0,0,-39.76,652,39,3113
15770,3556.19,0,0,1,0,6.76,652,40,3113
15820,3556.19,0,0,1,0,31.47,652,42,3113
15870,3556.19,0,0,1,0,20.35,652,43,3113
15920,3555.34,0,0,1,0,10.14,652,45,3113
15970,3611.85,0,0,0,0,24.71,652,45,3113
16020,3576.54,0,0,0,0,25.77,652,45,3113
16070,3588.52,0,0,0,0,23.02,652,45,3113
16120,3585.09,0,0,0,0,20.49,652,45,3113
16171,3572.28,0,0,0,0,21.40,652,45,3113
16221,3520.30,0,1,0,0,11.60,653,47,3113
16271,3587.66,0,0,1,0,16.81,653,49,3113
16321,3577.39,0,0,0,0,23.19,653,49,3113
16371,3623.19,0,0,0,0,-50.06,653,49,3113
16421,3616.20,0,0,0,0,-48.78,653,49,3113
16471,3577.39,0,0,0,0,-12.75,653,49,3113
16521,3576.54,0,0,0,0,33.57,653,50,3113
16571,3619.69,0,0,0,0,33.57,653,50,3113
16621,3603.17,0,0,0,0,-32.26,653,50,3113
16671,3652.30,0,0,-1,0,-48.26,653,51,3113
16721,3638.13,0,0,0,0,23.98,653,52,3113
16771,3661.22,0,0,-1,0,-23.97,653,54,3113
16821,3663.00,0,0,-1,0,21.59,654,56,3113
16871,3699.14,0,-1,0,0,-11.82,657,56,3113
16921,3675.57,0,0,0,0,23.57,659,56,3113
16971,3638.13,0,0,0,0,25.77,660,57,3113
17021,3615.33,0,0,-1,0,-23.82,660,58,3113
17071,3653.19,0,0,-1,0,-37.86,660,60,3113
17121,3613.59,0,0,-1,0,-23.73,660,61,3113
17171,3642.54,0,0,-1,0,-28.09,660,63,3113
17221,3616.20,0,0,0,0,-5.25,660,63,3113
17271,3594.54,0,0,-1,0,-30.77,660,64,3113
17321,3594.54,0,0,0,0,15.44,660,64,3113
17371,3637.25,0,0,0,0,6.18,660,65,3113
17421,3573.98,0,0,0,0,21.42,660,65,3113
17471,3632.84,0,0,0,0,-27.94,660,65,3113
17521,3613.59,0,0,-1,0,-25.57,660,66,3113
17571,3610.98,0,0,0,0,24.91,660,66,3113
17622,3603.17,0,0,0,0,-30.33,660,66,3113
17672,3618.82,0,0,0,0,-30.33,660,66,3113
17722,3580.81,0,0,0,0,-25.17,660,66,3113
17772,3643.43,0,0,-1,0,-36.79,660,67,3113
17822,3616.20,0,0,0,0,-7.04,660,67,3113
17872,3618.82,0,0,0,0,-13.12,660,67,3113
17922,3546.10,0,0,1,0,18.54,660,68,3113
17972,3600.58,0,0,0,0,15.39,660,68,3113
18022,3544.42,0,0,1,0,22.76,660,69,3113
18072,3565.49,0,0,0,0,-23.57,660,71,3113
18122,3553.66,0,0,1,0,45.19,660,73,3113
18172,3564.64,0,0,0,0,-31.07,660,75,3113
18222,3564.64,0,0,0,0,23.88,660,76,3113
18272,3587.66,0,0,1,0,22.90,660,77,3113
18322,3567.18,0,0,0,0,42.93,660,78,3113
18372,3564.64,0,0,0,0,-33.57,660,80,3113
18422,3562.95,0,0,0,0,35.90,660,81,3113
18472,3576.54,0,0,0,0,-45.46,660,83,3113
18522,3571.43,0,0,0,0,27.42,660,84,3113
18572,3603.17,0,0,0,0,-67.45,660,84,3113
18622,3591.95,0,0,0,0,-45.80,660,84,3113
18672,3662.11,0,0,-1,0,-45.91,660,85,3113
18722,3604.04,0,0,0,0,1.76,660,85,3113
18772,3662.11,0,0,-1,0,-35.42,660,87,3113
18822,3636.36,0,0,0,0,25.75,660,88,3113
18872,3652.30,0,0,-1,0,-36.10,660,89,3113
18922,3636.36,0,0,0,0,24.85,660,90,3113
18972,3672.87,0,0,0,0,-44.42,660,90,3113
19022,3604.04,0,0,0,0,10.55,660,90,3113
19072,3662.11,0,0,-1,0,-35.42,660,92,3113
19122,3624.94,0,0,0,0,13.19,660,93,3113
19172,3639.01,0,0,0,0,-12.32,660,94,3113
19222,3615.33,0,0,0,0,-20.99,660,94,3113
19272,3652.30,0,0,-1,0,-36.97,660,96,3113
19322,3637.25,0,0,0,0,24.86,660,97,3113
19372,3637.25,0,0,0,0,15.95,660,98,3113
19422,3626.69,0,0,0,0,22.94,660,99,3113
19472,3661.22,0,0,-1,0,-35.40,660,101,3113
19522,3604.04,0,0,0,0,14.97,660,102,3113
19572,3591.95,0,0,0,0,-23.53,660,102,3113
19622,3532.74,0,0,1,0,9.18,660,105,3113
19672,3597.98,0,0,1,0,17.79,660,106,3113
19722,3556.19,0,0,1,0,22.06,660,107,3113
19772,3597.98,0,0,1,0,28.94,660,108,3113
19822,3521.13,0,1,0,0,24.13,661,109,3113
19872,3587.66,0,0,1,0,20.23,661,110,3113
19922,3591.09,0,0,1,0,32.31,661,111,3113
19972,3572.28,0,0,0,0,21.40,661,111,3113
20022,3582.52,0,0,1,0,15.25,661,112,3113
20072,3619.69,0,0,1,0,15.25,661,112,3113
20122,3604.90,0,0,0,0,-30.46,661,112,3113
20172,3623.19,0,0,0,0,-54.31,661,112,3113
20222,3604.90,0,0,0,0,-39.93,661,112,3113
20272,3627.57,0,0,0,0,-31.31,661,112,3113
20322,3604.04,0,0,0,0,-21.87,661,112,3113
20372,3610.98,0,0,0,0,-21.87,661,112,3113
20422,3541.91,0,0,1,0,15.12,661,114,3113
20472,3611.85,0,0,0,0,9.35,661,114,3113
20523,3567.18,0,0,0,0,3.40,661,114,3113
20573,3517.82,0,1,0,0,538.42,672,114,3120
20623,3604.90,0,-5,0,-4,-698.15,681,114,3125
20673,3573.13,0,0,0,0,369.05,689,114,3129
20723,3628.45,0,0,0,0,271.71,695,114,3142
20773,3500.58,0,1,0,0,395.52,702,114,3178
20823,3663.90,0,0,-1,0,382.50,709,115,3182
20873,3617.94,0,-4,0,-3,-554.99,715,115,3185
20923,3639.89,0,0,0,0,34.78,724,115,3190
20973,3685.50,0,-1,0,0,-32.31,725,116,3190
21023,3663.00,0,0,-1,0,32.49,726,118,3190
21073,3662.11,0,0,-1,0,-23.98,726,120,3190
21123,3625.82,0,0,0,0,35.40,726,122,3190
21173,3614.46,0,0,0,0,35.40,726,122,3190
21223,3624.94,0,0,0,0,18.49,726,123,3190
21273,3653.19,0,0,-1,0,-36.99,726,124,3190
21323,3637.25,0,0,0,0,24.86,726,125,3190
21373,3631.96,0,0,0,0,-16.63,726,126,3190
21423,3626.69,0,0,0,0,16.74,726,127,3190
21473,3662.11,0,0,-1,0,-23.98,726,129,3190
21523,3614.46,0,0,-1,0,-7.97,726,131,3190
21573,3620.56,0,0,0,0,-33.76,726,131,3190
21623,3577.39,0,0,0,0,37.07,726,131,3190
21673,3554.50,0,0,1,0,-20.93,726,133,3190
21723,3543.59,0,0,1,0,26.14,726,134,3190
21773,3556.19,0,0,1,0,-0.84,726,136,3190
21823,3544.42,0,0,1,0,32.11,726,138,3190
21873,3545.26,0,0,1,0,17.68,726,139,3190
21924,3521.13,0,1,0,0,13.27,728,140,3190
21974,3543.59,0,0,1,0,23.60,728,141,3190
22024,3595.40,0,-4,0,-4,-709.24,736,141,3195
22074,3573.13,0,0,0,0,341.27,744,141,3199
22124,3501.40,0,1,0,0,390.66,751,141,3221
22174,3617.94,0,-4,0,-3,-540.51,757,141,3224
22224,3617.07,0,-6,0,-5,-797.85,767,141,3229
22274,3594.54,0,-6,0,-5,-890.27,777,141,3235
22324,3501.40,0,1,0,0,323.18,782,141,3252
22374,3501.40,0,1,0,0,393.69,787,141,3269
22424,3651.41,0,0,-1,0,353.93,794,142,3273
22474,3653.19,0,0,-1,0,-36.99,805,143,3281
22524,3641.66,0,0,-1,0,32.11,805,144,3281
22574,3662.11,0,0,-1,0,-23.98,805,146,3281
22624,3641.66,0,0,-1,0,32.11,805,147,3281
22674,3671.97,0,0,0,0,-22.34,805,149,3281
22724,3630.20,0,0,0,0,42.67,805,149,3281
22774,3624.94,0,0,0,0,-8.74,805,149,3281
22824,3596.26,0,0,0,0,-8.74,805,149,3281
22874,3624.06,0,0,0,0,-20.89,805,149,3281
22924,3604.90,0,0,0,0,-19.14,805,149,3281
22974,3628.45,0,0,0,0,-34.77,805,149,3281
23024,3615.33,0,0,-1,0,-51.72,805,150,3281
23074,3633.72,0,0,0,0,-20.13,805,151,3281
23124,3613.59,0,0,-1,0,-42.21,805,152,3281
23174,3565.49,0,0,0,0,7.64,805,152,3281
23224,3563.79,0,0,0,0,34.19,805,153,3281
23274,3589.38,0,0,0,0,23.02,805,153,3281
23324,3582.52,0,0,0,0,-37.19,805,153,3281
23374,3565.49,0,0,0,0,-21.06,805,154,3281
23424,3564.64,0,0,0,0,23.02,805,155,3281
23474,3543.59,0,0,1,0,24.44,805,156,3281
23524,3604.90,0,-5,0,-5,-737.68,814,156,3287
23574,3593.67,0,-5,0,-5,-753.37,823,156,3292
23624,3627.57,0,0,0,0,383.13,832,156,3297
23674,3560.41,0,0,0,0,451.36,841,156,3304
23724,3606.64,0,-4,0,-4,-661.08,848,156,3309
23774,3580.81,0,-1,0,-8,-216.04,850,156,3317
23824,3625.82,0,0,0,0,68.77,851,156,3321
23874,3590.23,0,-1,0,-10,-253.70,853,156,3331
23924,3624.06,0,0,0,0,112.86,855,156,3342
23974,3602.31,0,-1,0,-11,-291.95,857,156,3353
24024,3625.82,0,0,0,0,159.20,861,156,3366
24074,3554.50,0,0,1,0,26.30,861,157,3366
24124,3598.85,0,0,1,0,28.76,861,158,3366
24174,3568.03,0,0,0,0,34.28,861,158,3366
24224,3598.85,0,0,0,0,15.34,861,158,3366
24274,3522.78,0,1,0,0,19.13,862,160,3366
24324,3565.49,0,0,0,0,-34.41,862,162,3366
24374,3553.66,0,0,1,0,34.00,862,164,3366
24424,3587.66,0,0,1,0,24.44,862,165,3366
24474,3578.24,0,0,0,0,33.60,862,165,3366
24524,3586.80,0,0,1,0,0.00,862,167,3366
24574,3568.88,0,0,0,0,41.23,862,167,3366
24624,3574.83,0,0,0,0,-39.60,862,169,3366
24674,3531.07,0,0,1,0,22.59,862,172,3366
24724,3587.66,0,0,1,0,22.75,862,173,3366
24774,3555.34,0,0,1,0,33.17,862,174,3366
24824,3609.24,0,0,1,0,17.79,862,175,3366
24875,3575.69,0,0,0,0,24.89,862,175,3366
24925,3572.28,0,0,0,0,21.40,862,175,3366
24975,3556.19,0,0,1,0,20.35,862,177,3366
25025,3610.11,0,0,0,0,25.53,862,177,3366
25075,3594.54,0,0,0,0,31.01,862,177,3366
25125,3637.25,0,0,0,0,-41.85,862,177,3366
25175,3615.33,0,0,-1,0,-42.21,862,178,3366
25225,3661.22,0,0,-1,0,-35.40,862,180,3366
25275,3653.19,0,0,-1,0,18.78,862,182,3366
25325,3671.97,0,0,0,0,-8.97,863,183,3366
25375,3652.30,0,0,-1,0,19.67,863,185,3366
25425,3695.49,0,-1,0,0,-31.59,865,186,3366
25475,3675.57,0,0,0,0,8.12,866,187,3366
25525,3699.14,0,-1,0,0,-23.57,868,187,3366
25575,3675.57,0,0,0,0,23.57,870,187,3366
25625,3712.87,0,-1,0,0,-37.30,872,187,3366
25675,3687.32,0,-1,0,0,34.77,875,187,3366
25725,3683.69,0,-1,0,0,-42.03,876,188,3366
25775,3624.94,0,0,0,0,28.25,876,190,3366
25825,3640.78,0,0,-1,0,-20.21,876,192,3366
25875,3626.69,0,0,0,0,24.72,876,193,3366
25925,3604.04,0,0,0,0,-3.51,876,193,3366
25975,3572.28,0,0,0,0,23.98,876,193,3366
26025,3532.74,0,0,1,0,25.98,876,195,3366
26075,3532.74,0,0,1,0,23.45,877,197,3366
26125,3563.79,0,0,0,0,-29.39,877,198,3366
26175,3502.22,0,1,0,0,13.96,879,198,3366
26225,3559.56,0,0,1,0,-45.86,881,199,3366
26275,3491.62,0,1,0,0,23.73,883,199,3366
26326,3546.10,0,0,1,0,-35.69,884,201,3366
26376,3531.07,0,0,1,0,27.65,884,203,3366
26426,3565.49,0,0,0,0,-21.90,884,204,3366
26476,3491.62,0,1,0,0,18.79,886,205,3366
26526,3556.19,0,0,1,0,-46.60,887,207,3366
26576,3531.90,0,0,1,0,15.03,887,209,3366
26626,3597.12,0,0,1,0,8.46,887,210,3366
26676,3586.80,0,0,0,0,21.44,887,210,3366
26726,3612.72,0,0,0,0,11.96,887,210,3366
26776,3604.04,0,0,0,0,-40.12,887,210,3366
26826,3601.44,0,0,0,0,-40.12,887,210,3366
26876,3604.90,0,0,0,0,-36.53,887,210,3366
26926,3572.28,0,0,0,0,14.52,887,210,3366
26976,3639.89,0,0,0,0,376.17,896,210,3372
27026,3630.20,0,0,0,0,-49.40,907,210,3380
27076,3612.72,0,0,0,0,62.17,907,210,3380
27126,3559.56,0,0,1,0,510.99,918,211,3387
27176,3627.57,0,0,0,0,372.43,927,211,3392
27226,3604.90,0,-5,0,-5,-787.15,936,211,3398
27276,3568.03,0,0,0,0,231.36,940,211,3412
27326,3548.62,0,0,1,0,122.46,941,212,3419
27376,3555.34,0,0,1,0,12.69,941,213,3419
27426,3490.81,0,1,0,0,95.99,942,213,3419
27476,3600.58,0,0,0,0,81.76,942,214,3422
27526,3521.95,0,1,0,0,32.55,943,215,3422
27576,3574.83,0,0,0,0,-29.57,943,216,3422
27626,3567.18,0,0,0,0,9.36,943,216,3422
27676,3601.44,0,0,0,0,25.74,943,216,3422
27726,3582.52,0,0,0,0,33.41,943,216,3422
27776,3623.19,0,0,0,0,-45.80,943,216,3422
27826,3539.41,0,0,1,0,43.11,943,217,3422
27876,3600.58,0,0,0,0,59.60,943,217,3422
27926,3586.80,0,0,0,0,30.85,943,217,3422
27976,3633.72,0,0,0,0,-29.68,943,217,3422
28026,3603.17,0,0,0,0,-21.87,943,217,3422
28076,3633.72,0,0,0,0,-17.52,943,217,3422
28126,3615.33,0,0,-1,0,-39.57,943,218,3422
28176,3611.85,0,0,0,0,31.83,943,218,3422
28226,3585.94,0,0,0,0,31.83,943,218,3422
28276,3623.19,0,0,0,0,-46.65,943,218,3422
28326,3613.59,0,0,-1,0,-59.37,943,219,3422
28376,3662.11,0,0,-1,0,-35.42,943,221,3422
28426,3594.54,0,0,0,0,22.22,943,221,3422
28476,3627.57,0,0,0,0,-40.77,943,221,3422
28526,3615.33,0,0,0,0,-33.14,943,221,3422
28576,3605.77,0,0,-1,0,-35.19,943,222,3422
28626,3586.80,0,0,0,0,33.49,943,222,3422
28676,3619.69,0,0,0,0,33.49,943,222,3422
28726,3596.26,0,0,0,0,33.49,943,222,3422
28776,3598.85,0,0,1,0,7.60,943,223,3422
28826,3580.81,0,0,0,0,32.51,943,223,3422
28876,3576.54,0,0,0,0,-21.19,943,224,3422
28926,3564.64,0,0,0,0,24.74,943,224,3422
28976,3598.85,0,0,1,0,10.14,943,225,3422
29026,3586.80,0,0,0,0,24.87,943,225,3422
29076,3598.85,0,0,1,0,27.86,943,226,3422
29126,3576.54,0,0,0,0,35.31,943,226,3422
29176,3562.95,0,0,0,0,19.57,943,226,3422
29227,3564.64,0,0,0,0,32.48,943,227,3422
29277,3574.83,0,0,0,0,-29.57,943,228,3422
29327,3564.64,0,0,0,0,22.16,943,229,3422
29377,3587.66,0,0,1,0,20.35,943,230,3422
29427,3594.54,0,0,1,0,20.35,943,230,3422
29477,3610.98,0,0,1,0,20.35,943,230,3422
29527,3575.69,0,0,0,0,25.76,943,230,3422
29577,3619.69,0,0,0,0,25.76,943,230,3422
29627,3615.33,0,0,0,0,-41.89,943,230,3422
29677,3662.11,0,0,-1,0,-37.17,943,232,3422
29727,3641.66,0,0,-1,0,30.31,943,234,3422
29777,3652.30,0,0,-1,0,-47.40,943,235,3422
29827,3616.20,0,0,0,0,-18.45,943,235,3422
29877,3662.11,0,0,-1,0,-37.17,943,237,3422
29927,3615.33,0,0,-1,0,-22.08,943,238,3422
29977,3601.44,0,0,0,0,32.72,943,238,3422
30027,3577.39,0,0,0,0,23.19,943,238,3422
30077,3630.20,0,0,0,0,-34.81,943,238,3422
30127,3577.39,0,0,0,0,24.05,943,238,3422
30177,3600.58,0,0,0,0,26.58,943,238,3422
30227,3582.52,0,0,0,0,-40.81,943,238,3422
30277,3552.82,0,0,1,0,-6.72,943,240,3422
30327,3544.42,0,0,1,0,21.06,943,242,3422
30377,3533.57,0,0,1,0,21.78,943,244,3422
30427,3555.34,0,0,1,0,-35.87,944,245,3422
30477,3562.10,0,0,0,0,394.64,952,245,3427
30527,3501.40,0,1,0,0,390.66,959,245,3458
30577,3557.87,0,0,1,0,210.97,963,246,3471
30627,3569.73,0,0,0,0,124.85,965,246,3479
30678,3553.66,0,0,1,0,36.57,965,248,3479
30728,3609.24,0,0,1,0,36.57,965,248,3479
30778,3603.17,0,0,0,0,-51.25,965,248,3479
30828,3587.66,0,0,1,0,26.35,965,249,3479
30878,3573.13,0,0,0,0,21.41,965,250,3479
30928,3597.12,0,0,1,0,16.97,965,251,3479
30978,3591.95,0,0,0,0,-44.05,965,251,3479
31028,3581.66,0,0,0,0,-44.05,965,251,3479
31078,3585.94,0,0,0,0,18.72,965,251,3479
31128,3643.43,0,0,-1,0,-38.53,965,252,3479
31178,3604.90,0,0,0,0,-27.07,965,252,3479
31228,3600.58,0,0,0,0,23.01,965,252,3479
31278,3605.77,0,0,0,0,-42.52,965,252,3479
31328,3583.37,0,0,0,0,-42.52,965,252,3479
31378,3585.09,0,0,0,0,13.64,965,252,3479
31428,3618.82,0,0,0,0,13.64,965,252,3479
31478,3575.69,0,0,0,0,30.95,965,252,3479
31528,3610.98,0,0,0,0,30.95,965,252,3479
31578,3591.95,0,0,0,0,-41.69,965,252,3479
31628,3576.54,0,0,0,0,-22.04,965,253,3479
31678,3572.28,0,0,0,0,15.38,965,254,3479
31728,3629.32,0,0,0,0,-35.65,965,254,3479
31778,3604.04,0,0,0,0,-40.16,965,254,3479
31828,3649.63,0,0,-1,0,-22.94,965,256,3479
31878,3735.99,0,-1,0,0,-132.82,966,257,3479
31928,3661.22,0,0,-1,0,-23.09,966,259,3479
31978,3637.25,0,0,0,0,24.86,966,260,3479
32028,3671.97,0,0,0,0,-31.19,966,261,3479
32078,3604.90,0,0,0,0,12.39,966,262,3479
32128,3642.54,0,0,-1,0,-28.09,966,264,3479
32178,3604.04,0,0,0,0,-14.82,966,264,3479
32228,3620.56,0,0,0,0,-26.89,966,264,3479
32278,3593.67,0,0,0,0,43.17,966,264,3479
32328,3610.11,0,0,0,0,43.17,966,264,3479
32378,3586.80,0,0,0,0,43.17,966,264,3479
32428,3599.71,0,0,0,0,11.10,966,264,3479
32478,3591.95,0,0,0,0,-27.75,966,264,3479
32528,3638.13,0,0,0,0,-43.59,966,264,3479
32578,3615.33,0,0,-1,0,-43.06,966,265,3479
32628,3673.77,0,0,0,0,-35.64,966,266,3479
32678,3627.57,0,0,0,0,33.65,966,267,3479
32728,3591.09,0,0,0,0,33.65,966,267,3479
32778,3585.09,0,0,0,0,15.41,966,267,3479
32828,3572.28,0,0,0,0,10.24,966,267,3479
32878,3556.19,0,0,1,0,18.65,966,269,3479
32928,3531.90,0,0,1,0,23.44,966,271,3479
32978,3532.74,0,0,1,0,35.29,967,272,3479
33028,3532.74,0,0,1,0,20.92,967,274,3479
33078,3546.94,0,0,1,0,21.09,968,275,3479
33128,3598.85,0,0,1,0,22.06,968,276,3479
33178,3575.69,0,0,0,0,24.89,968,276,3479
33228,3629.32,0,0,0,0,-33.06,968,276,3479
33278,3604.04,0,0,0,0,-32.28,968,276,3479
33328,3643.43,0,0,-1,0,-28.10,968,277,3479
33378,3615.33,0,0,-1,0,-32.61,968,278,3479
33428,3639.01,0,0,0,0,-42.75,968,278,3479
33478,3629.32,0,0,0,0,22.98,968,279,3479
33528,3616.20,0,0,0,0,22.19,968,280,3479
33579,3586.80,0,0,0,0,22.19,968,280,3479
33629,3630.20,0,0,0,0,-36.53,968,280,3479
33679,3564.64,0,0,0,0,17.88,968,280,3479
33729,3630.20,0,0,0,0,-44.26,968,280,3479
33779,3605.77,0,0,0,0,-44.26,968,280,3479
33829,3633.72,0,0,0,0,-20.13,968,281,3479
33879,3627.57,0,0,0,0,25.62,968,282,3479
33929,3642.54,0,0,-1,0,-26.34,968,283,3479
33979,3613.59,0,0,-1,0,-23.74,968,284,3479
34029,3642.54,0,0,-1,0,-27.22,968,285,3479
34079,3586.80,0,0,-1,0,-27.22,968,285,3479
34129,3633.72,0,0,0,0,-29.68,968,285,3479
34179,3625.82,0,0,0,0,36.29,968,286,3479
34229,3662.11,0,0,-1,0,-25.75,968,288,3479
34279,3544.42,0,0,1,0,105.21,968,291,3479
34329,3545.26,0,0,1,0,27.87,969,292,3479
34379,3556.19,0,0,1,0,17.79,969,294,3479
34429,3601.44,0,0,1,0,17.79,969,294,3479
34479,3585.94,0,0,0,0,23.20,969,294,3479
34529,3610.11,0,0,0,0,23.20,969,294,3479
34579,3554.50,0,0,1,0,10.14,969,295,3479
34629,3590.23,0,0,0,0,15.38,969,295,3479
34679,3582.52,0,0,0,0,16.25,969,295,3479
34729,3582.52,0,0,0,0,16.25,969,295,3479
34779,3575.69,0,0,0,0,24.89,969,295,3479
34829,3620.56,0,0,0,0,-26.89,969,295,3479
34879,3567.18,0,0,0,0,34.26,969,295,3479
34929,3576.54,0,0,0,0,-22.04,969,296,3479
34979,3568.03,0,0,0,0,32.55,969,296,3479
35030,3536.07,0,0,1,0,-12.46,969,297,3479
35080,3477.05,0,1,0,0,79.98,971,298,3479
35130,3520.30,0,1,0,0,15.77,972,299,3480
35180,3503.04,0,1,0,0,21.40,974,299,3480
35230,3555.34,0,0,1,0,-34.22,975,301,3480
35280,3555.34,0,0,1,0,30.60,975,303,3480
35330,3564.64,0,0,0,0,22.16,975,303,3480
35380,3503.85,0,1,0,0,288.81,980,303,3496
35430,3579.10,0,0,0,0,188.80,983,303,3506
35480,3624.06,0,0,0,0,143.83,986,303,3518
35530,3606.64,0,-3,0,-3,-538.46,992,303,3521
35580,3501.40,0,1,0,0,387.63,998,303,3541
35630,3606.64,0,-4,0,-3,-487.46,1003,303,3544
35680,3645.20,0,0,-1,0,104.80,1005,304,3554
35730,3500.58,0,1,0,0,325.95,1010,304,3570
35780,3500.58,0,1,0,0,342.61,1015,304,3585
35830,3579.95,0,0,0,0,212.72,1018,304,3597
35880,3591.09,0,-2,0,-13,-322.15,1021,304,3610
35930,3521.95,0,1,0,0,132.13,1024,305,3618
35980,3491.62,0,1,0,0,27.03,1026,306,3618
36030,3490.81,0,1,0,0,12.23,1029,306,3618
36080,3524.44,0,0,0,0,-32.82,1031,306,3618
36130,3449.07,0,1,0,0,21.55,1034,306,3618
36180,3501.40,0,1,0,0,-30.79,1037,306,3618
36230,3439.58,0,2,0,0,10.28,1041,306,3618
36280,3491.62,0,1,0,0,-42.55,1044,306,3618
36330,3492.43,0,1,0,0,-24.23,1046,306,3618
36380,3309.80,8,3,0,19,441.14,1054,306,3657
36430,3534.40,0,0,1,0,-22.34,1055,307,3670
36480,3520.30,0,1,0,0,35.89,1057,308,3670
36530,3546.10,0,0,1,0,-25.80,1058,310,3670
36580,3556.19,0,0,1,0,18.65,1058,312,3670
36630,3531.07,0,0,1,0,24.27,1058,314,3670
36680,3545.26,0,0,1,0,32.13,1059,315,3670
36730,3623.19,0,0,0,0,-44.09,1059,315,3670
36780,3626.69,0,0,0,0,12.32,1059,315,3670
36830,3673.77,0,0,0,0,-47.08,1059,316,3670
36880,3652.30,0,0,-1,0,33.20,1060,318,3670
36930,3637.25,0,0,0,0,25.76,1061,319,3670
36980,3626.69,0,0,0,0,22.94,1061,320,3670
37030,3672.87,0,0,0,0,-36.51,1061,321,3670
37080,3641.66,0,0,-1,0,31.21,1061,323,3670
37130,3683.69,0,-1,0,0,-34.06,1062,325,3670
37180,3653.19,0,0,-1,0,19.68,1062,327,3670
37230,3700.05,0,-1,0,0,-29.88,1064,327,3670
37280,3625.82,0,0,0,0,15.84,1064,329,3670
37330,3663.90,0,0,-1,0,37.06,1065,330,3670
37380,3501.40,0,1,0,0,363.58,1070,330,3687
37430,3652.30,0,0,-1,0,90.21,1071,332,3691
37480,3502.22,0,1,0,0,376.76,1077,332,3710
37530,3512.06,0,1,0,0,369.93,1083,332,3729
37580,3607.50,0,-4,0,-3,-483.57,1089,332,3732
37630,3562.10,0,0,0,0,370.78,1096,332,3746
37680,3503.04,0,1,0,0,286.76,1102,332,3762
37730,3556.19,0,0,1,0,10.99,1102,334,3762
37780,3543.59,0,0,1,0,19.36,1102,335,3762
37830,3545.26,0,0,1,0,-34.85,1103,337,3762
37880,3480.28,0,1,0,0,24.39,1105,337,3762
37931,3503.85,0,1,0,0,-33.24,1108,337,3762
37981,3503.85,0,1,0,0,20.58,1110,337,3762
38031,3524.44,0,0,0,0,-22.22,1112,337,3762
38081,3521.95,0,1,0,0,34.23,1114,338,3762
38131,3552.82,0,0,1,0,-20.08,1114,341,3762
38181,3542.75,0,0,1,0,14.28,1115,343,3762
38231,3576.54,0,0,0,0,-32.11,1115,344,3762
38281,3572.28,0,0,0,0,15.38,1115,345,3762
38331,3625.82,0,0,0,0,-29.56,1115,345,3762
38381,3616.20,0,0,0,0,-28.74,1115,345,3762
38431,3662.11,0,0,-1,0,-25.75,1115,347,3762
38481,3641.66,0,0,-1,0,30.31,1115,349,3762
38531,3624.06,0,0,0,0,-20.03,1115,349,3762
38581,3614.46,0,0,-1,0,-29.84,1115,350,3762
38631,3604.90,0,0,0,0,27.39,1115,351,3762
38681,3615.33,0,0,0,0,-49.59,1115,351,3762
38731,3650.52,0,0,-1,0,-23.83,1115,353,3762
38781,3625.82,0,0,0,0,22.93,1115,355,3762
38831,3633.72,0,0,0,0,-28.82,1115,355,3762
38881,3625.82,0,0,0,0,23.82,1115,356,3762
38931,3616.20,0,0,0,0,22.19,1115,357,3762
38981,3596.26,0,0,0,0,22.19,1115,357,3762
39031,3595.40,0,0,-1,0,-48.94,1115,358,3762
39081,3564.64,0,0,0,0,24.74,1115,358,3762
39131,3624.06,0,0,0,0,-45.82,1115,358,3762
39181,3582.52,0,0,0,0,-31.19,1115,358,3762
39231,3620.56,0,0,0,0,-33.76,1115,358,3762
39281,3593.67,0,0,0,0,-41.67,1115,358,3762
39331,3610.98,0,0,0,0,-41.67,1115,358,3762
39382,3586.80,0,0,0,0,-41.67,1115,358,3762
39432,3619.69,0,0,0,0,-41.67,1115,358,3762
39482,3604.90,0,0,0,0,-38.23,1115,358,3762
39532,3623.19,0,0,0,0,-19.15,1115,358,3762
39582,3614.46,0,0,0,0,-22.74,1115,358,3762
39632,3642.54,0,0,-1,0,-37.64,1115,359,3762
39682,3564.64,0,0,0,0,27.32,1115,359,3762
39732,3576.54,0,0,0,0,-43.80,1115,360,3762
39782,3531.07,0,0,1,0,23.43,1115,363,3762
39832,3598.85,0,0,1,0,10.98,1115,364,3762
39882,3577.39,0,0,0,0,24.05,1115,364,3762
39932,3565.49,0,0,0,0,-10.14,1115,365,3762
39982,3545.26,0,0,1,0,31.28,1115,366,3762
40032,3619.69,0,0,1,0,31.28,1115,366,3762
40082,3593.67,0,0,0,0,-42.52,1115,366,3762
40132,3619.69,0,0,0,0,-42.52,1115,366,3762
40182,3603.17,0,0,0,0,-30.54,1115,366,3762
40232,3633.72,0,0,0,0,-28.82,1115,366,3762
40282,3563.79,0,0,0,0,24.72,1115,366,3762
40332,3311.26,9,3,0,19,450.03,1125,366,3802
40382,3309.07,0,3,0,0,45.89,1134,366,3802
40432,3189.45,0,5,0,0,72.12,1147,366,3802
40482,3153.91,0,5,0,0,49.85,1157,366,3802
40532,3169.91,0,5,0,0,-31.83,1173,366,3802
40582,3127.61,4,6,0,0,41.63,1190,366,3802
40632,3136.76,0,6,0,0,48.63,1201,366,3802
40682,3222.34,0,4,0,0,-68.43,1215,366,3802
40732,3197.61,4,5,0,0,44.93,1229,366,3802
40782,3225.11,0,4,0,0,35.76,1237,366,3802
40832,3328.89,0,3,0,0,-77.21,1248,366,3802
40882,3309.07,0,3,0,0,27.97,1258,366,3802
40932,3408.32,1,2,0,0,-80.16,1266,366,3802
40982,3439.58,0,2,0,0,-66.52,1270,366,3802
41032,3429.36,0,2,0,0,47.70,1275,366,3802
41082,3524.44,0,0,0,0,-65.03,1277,366,3802
41132,3532.74,0,0,1,0,23.45,1278,368,3802
41182,3619.69,0,0,1,0,33.11,1278,369,3802
41232,3604.04,0,0,-1,0,-69.55,1278,370,3802
41282,3685.50,0,-1,0,0,-48.26,1279,371,3802
41332,3663.90,0,0,-1,0,43.47,1280,373,3802
41382,3735.06,0,-1,0,0,-48.65,1283,373,3802
41432,3725.78,0,-1,0,0,34.56,1287,373,3802
41482,3760.34,0,-2,0,0,-19.69,1292,373,3802
41532,3781.19,0,-2,0,0,-34.94,1305,373,3808
41582,3746.25,0,-1,0,0,188.69,1310,373,3809
41632,3785.01,0,-2,0,0,-36.89,1315,373,3809
41682,3761.28,0,-2,0,0,34.26,1320,373,3809
41732,3810.01,0,-2,0,0,-47.78,1326,373,3809
41782,3799.39,0,-2,0,0,22.26,1332,373,3809
41832,3836.32,0,-3,0,0,-38.85,1339,373,3809
41882,3859.02,0,-3,0,0,-114.63,1354,373,3816
41932,3759.40,0,-2,0,0,39.99,1360,373,3816
41982,3771.69,0,-2,0,0,-33.83,1365,373,3816
42032,3747.19,0,-1,0,0,26.40,1369,373,3816
42082,3758.46,0,-2,0,0,-34.52,1374,373,3816
42132,3711.95,0,-1,0,0,48.39,1378,373,3816
42182,3735.99,0,-1,0,0,-24.04,1382,373,3816
42232,3699.14,0,-1,0,0,34.99,1385,373,3816
42283,3709.20,0,-1,0,0,27.72,1392,373,3818
42333,3696.40,0,-1,0,0,-33.40,1394,374,3818
42383,3675.57,0,0,0,0,20.83,1395,375,3818
42433,3661.22,0,0,-1,0,2.68,1396,377,3818
42483,3641.66,0,0,-1,0,31.21,1396,379,3818
42533,3619.69,0,0,-1,0,31.21,1396,379,3818
42583,3568.88,0,0,0,0,42.10,1396,379,3818
42633,3543.59,0,0,1,0,20.21,1396,380,3818
42683,3532.74,0,0,1,0,34.45,1397,381,3818
42733,3565.49,0,0,0,0,-21.06,1397,382,3818
42783,3555.34,0,0,1,0,11.84,1397,384,3818
42833,3587.66,0,0,1,0,31.46,1397,385,3818
42883,3597.98,0,0,1,0,34.00,1397,386,3818
42933,3551.14,0,0,1,0,355.11,1404,387,3822
42983,3502.22,0,1,0,0,350.85,1411,387,3842
43033,3501.40,0,1,0,0,367.57,1416,387,3859
43083,3502.22,0,1,0,0,328.22,1420,387,3874
43133,3557.87,0,0,1,0,210.02,1423,388,3885
43183,3594.54,0,0,0,-5,-182.70,1424,388,3890
43233,3545.26,0,0,1,0,37.26,1424,390,3890
43283,3565.49,0,0,0,0,-21.06,1424,391,3890
43333,3470.62,0,1,0,0,38.98,1426,392,3890
43383,3523.61,0,0,0,0,-43.33,1428,392,3890
43433,3482.70,0,1,0,0,41.73,1430,392,3890
43483,3449.07,0,1,0,0,21.55,1433,392,3890
43533,3428.57,0,2,0,0,31.64,1438,392,3890
43583,3497.32,0,1,0,0,-71.88,1442,392,3890
43633,3490.81,0,1,0,0,-34.59,1444,392,3890
43683,3310.53,11,3,0,23,588.61,1455,392,3942
43734,3503.85,0,1,0,0,299.39,1460,392,3957
43784,3499.77,0,1,0,0,37.13,1462,393,3957
43834,3535.23,0,0,1,0,-25.64,1463,395,3957
43884,3511.24,0,1,0,0,34.02,1465,396,3957
43934,3568.88,0,0,0,0,-48.58,1466,397,3957
43984,3531.90,0,0,1,0,26.81,1466,399,3957
44034,3563.79,0,0,0,0,-31.89,1466,401,3957
44084,3545.26,0,0,1,0,29.57,1466,403,3957
44134,3586.80,0,0,1,0,18.53,1466,404,3957
44184,3573.13,0,0,0,0,23.99,1466,405,3957
44234,3545.26,0,0,1,0,21.92,1466,406,3957
44284,3532.74,0,0,1,0,43.80,1466,408,3957
44334,3598.85,0,0,1,0,43.26,1466,409,3957
44384,3573.98,0,0,0,0,37.87,1466,409,3957
44434,3639.01,0,0,0,0,-45.34,1466,409,3957
44484,3626.69,0,0,0,0,25.61,1466,410,3957
44534,3650.52,0,0,-1,0,-23.83,1466,412,3957
44584,3640.78,0,0,-1,0,32.09,1466,413,3957
44634,3662.11,0,0,-1,0,-35.42,1466,415,3957
44684,3613.59,0,0,-1,0,-21.20,1466,416,3957
44734,3653.19,0,0,-1,0,-37.86,1466,417,3957
44784,3627.57,0,0,0,0,34.54,1466,418,3957
44834,3672.87,0,0,0,0,-35.62,1466,419,3957
44884,3649.63,0,0,-1,0,12.47,1466,421,3957
44934,3636.36,0,0,0,0,12.38,1466,423,3957
44984,3614.46,0,0,-1,0,-38.73,1466,424,3957
45034,3653.19,0,0,-1,0,-39.60,1466,426,3957
45084,3615.33,0,0,-1,0,-35.93,1466,427,3957
45134,3624.06,0,0,0,0,-19.16,1466,427,3957
45184,3538.57,0,0,1,0,103.09,1466,429,3957
45234,3633.72,0,0,0,0,-18.39,1467,429,3962
45284,3604.90,0,0,0,0,-39.28,1467,429,3962
45334,3633.72,0,0,0,0,-29.68,1467,429,3962
45384,3613.59,0,0,-1,0,-41.97,1467,430,3962
45434,3630.20,0,0,0,0,-36.53,1467,430,3962
45484,3582.52,0,0,0,0,-42.54,1467,430,3962
45534,3592.81,0,0,0,0,-40.67,1467,430,3962
45584,3567.18,0,0,0,0,45.53,1467,430,3962
45634,3557.03,0,0,1,0,-36.73,1468,432,3962
45684,3543.59,0,0,1,0,14.29,1468,434,3962
45734,3586.80,0,0,1,0,18.65,1468,435,3962
45784,3573.13,0,0,0,0,14.53,1468,435,3962
45834,3599.71,0,0,0,0,36.77,1468,435,3962
45884,3572.28,0,0,0,0,27.43,1468,435,3962
45934,3599.71,0,0,0,0,41.21,1468,435,3962
45984,3553.66,0,0,1,0,34.86,1468,436,3962
46034,3611.85,0,0,0,0,26.57,1468,436,3962
46084,3586.80,0,0,0,0,26.57,1468,436,3962
46134,3611.85,0,0,0,0,24.90,1468,436,3962
46184,3571.43,0,0,0,0,51.76,1468,436,3962
46234,3611.85,0,0,0,0,26.58,1468,436,3962
46284,3593.67,0,0,0,0,-35.48,1468,436,3962
46334,3583.37,0,0,0,0,-31.26,1468,436,3962
46384,3532.74,0,0,1,0,44.65,1468,438,3962
46434,3509.59,0,1,0,0,34.83,1469,439,3962
46484,3571.43,0,0,0,0,426.44,1479,439,3968
46534,3500.58,0,1,0,0,377.39,1487,439,3992
46584,3601.44,0,-2,0,-12,-308.30,1490,439,4004
46635,3526.92,0,0,0,0,146.85,1492,439,4013
46685,3546.10,0,0,1,0,-37.33,1493,441,4013
46735,3510.41,0,1,0,0,45.77,1495,442,4013
46785,3535.23,0,0,1,0,-14.11,1496,444,4013
46835,3493.25,0,1,0,0,30.36,1498,444,4013
46885,3544.42,0,0,1,0,-40.57,1499,445,4013
46935,3493.25,0,1,0,0,31.19,1501,445,4013
46985,3534.40,0,0,1,0,-34.63,1502,447,4013
47035,3504.67,0,1,0,0,20.59,1504,447,4013
47085,3546.10,0,0,1,0,-36.51,1505,449,4013
47135,3532.74,0,0,1,0,15.04,1505,451,4013
47185,3533.57,0,0,1,0,-12.44,1506,453,4013
47235,3546.94,0,0,1,0,-49.62,1507,454,4013
47285,3518.65,0,1,0,0,421.46,1517,454,4018
47335,3503.04,0,1,0,0,253.54,1522,454,4033
47385,3540.24,0,0,1,0,139.84,1523,456,4033
47435,3565.49,0,0,0,0,-28.58,1523,457,4033
47485,3563.79,0,0,0,0,31.61,1523,458,4033
47535,3599.71,0,0,0,0,31.62,1523,458,4033
47585,3564.64,0,0,0,0,23.02,1523,459,4033
47635,3610.98,0,0,0,0,22.19,1523,459,4033
47685,3582.52,0,0,0,0,-46.65,1523,459,4033
47735,3620.56,0,0,0,0,-27.75,1523,459,4033
47785,3520.30,0,1,0,0,35.04,1524,460,4033
47835,3576.54,0,0,0,0,-33.79,1524,462,4033
47885,3544.42,0,0,1,0,32.11,1524,464,4033
47935,3576.54,0,0,0,0,-34.63,1524,466,4033
47985,3545.26,0,0,1,0,42.40,1524,468,4033
48035,3546.94,0,0,1,0,-23.33,1524,470,4033
48086,3544.42,0,0,1,0,23.61,1525,471,4033
48136,3597.98,0,0,1,0,21.18,1525,472,4033
48186,3567.18,0,0,0,0,33.39,1525,472,4033
48236,3619.69,0,0,0,0,33.39,1525,472,4033
48286,3604.90,0,0,0,0,-34.79,1525,472,4033
48336,3630.20,0,0,0,0,-37.39,1525,472,4033
48386,3577.39,0,0,0,0,24.05,1525,472,4033
48436,3630.20,0,0,0,0,-46.83,1525,472,4033
48486,3602.31,0,0,-1,0,-41.10,1525,473,4033
48536,3650.52,0,0,-1,0,-23.83,1525,475,4033
48586,3641.66,0,0,-1,0,32.11,1525,476,4033
48636,3685.50,0,-1,0,0,-44.73,1527,477,4033
48686,3586.80,0,0,0,0,51.78,1527,477,4033
48736,3624.06,0,0,0,0,-19.16,1527,477,4033
48786,3604.90,0,0,0,0,-30.52,1527,477,4033
48836,3637.25,0,0,0,0,-40.99,1527,477,4033
48886,3604.90,0,0,0,0,-21.86,1527,477,4033
48936,3653.19,0,0,-1,0,-48.29,1527,478,4033
48986,3613.59,0,0,-1,0,-25.48,1527,479,4033
49036,3642.54,0,0,-1,0,-27.22,1527,481,4033
49086,3613.59,0,0,-1,0,-35.25,1527,482,4033
49136,3661.22,0,0,-1,0,-35.40,1527,484,4033
49186,3629.32,0,0,0,0,43.54,1527,484,4033
49236,3679.18,0,-1,0,0,-85.50,1528,485,4033
49286,3626.69,0,0,0,0,34.52,1528,486,4033
49336,3600.58,0,0,0,0,35.34,1528,486,4033
49386,3575.69,0,0,0,0,24.89,1528,486,4033
49436,3598.85,0,0,0,0,33.60,1528,486,4033
49486,3575.69,0,0,0,0,25.76,1528,486,4033
49536,3618.82,0,0,0,0,-45.75,1528,486,4033
49586,3556.19,0,0,1,0,16.94,1528,487,4033
49636,3601.44,0,0,0,0,13.68,1528,487,4033
49686,3586.80,0,0,0,0,25.76,1528,487,4033
49736,3612.72,0,0,0,0,31.85,1528,487,4033
49786,3586.80,0,0,0,0,37.03,1528,487,4033
49836,3610.11,0,0,0,0,37.03,1528,487,4033
49886,3593.67,0,0,0,0,-35.48,1528,487,4033
49936,3619.69,0,0,0,0,-35.48,1528,487,4033
49986,3554.50,0,0,1,0,28.87,1528,488,4033
50036,3589.38,0,0,1,0,22.05,1528,489,4033
50086,3605.77,0,0,0,0,-45.05,1528,489,4033
50136,3662.11,0,0,-1,0,-35.42,1528,491,4033
50186,3652.30,0,0,-1,0,35.01,1529,492,4033
50236,3637.25,0,0,0,0,14.17,1530,493,4033
50286,3641.66,0,0,-1,0,31.21,1530,494,4033
50336,3695.49,0,-1,0,0,-43.19,1532,495,4033
50386,3675.57,0,0,0,0,19.92,1533,496,4033
50436,3687.32,0,-1,0,0,-12.65,1535,496,4033
50486,3687.32,0,-1,0,0,20.05,1537,497,4033
50536,3688.22,0,-1,0,0,0.00,1540,497,4033
50586,3663.90,0,0,-1,0,33.42,1541,499,4033
50636,3674.67,0,0,0,0,3.60,1543,499,4033
50686,3652.30,0,0,-1,0,86.48,1544,500,4033
50736,3652.30,0,0,-1,0,252.93,1549,501,4036
50786,3614.46,0,-2,0,-13,-321.04,1552,501,4049
50836,3663.90,0,0,-1,0,262.80,1558,502,4052
50886,3625.82,0,0,0,0,13.19,1568,502,4060
50936,3604.90,0,0,0,0,13.19,1568,502,4060
50987,3610.98,0,0,0,0,-28.82,1568,502,4060
51037,3593.67,0,0,0,0,-37.37,1568,502,4060
51087,3600.58,0,0,0,0,24.71,1568,502,4060
51137,3578.24,0,0,0,0,-3.41,1568,502,4060
51187,3571.43,0,0,0,0,523.58,1579,502,4068
51237,3518.65,0,1,0,0,409.08,1589,502,4073
51287,3536.07,0,0,1,0,135.90,1591,503,4084
51337,3576.54,0,0,0,0,-41.30,1591,505,4084
51387,3563.79,0,0,0,0,35.92,1591,506,4084
51437,3601.44,0,0,0,0,35.92,1591,506,4084
51487,3544.42,0,0,1,0,20.22,1591,507,4084
51537,3589.38,0,0,0,0,22.15,1591,507,4084
51587,3577.39,0,0,0,0,23.19,1591,507,4084
51637,3647.86,0,0,-1,0,-54.18,1591,508,4084
51687,3638.13,0,0,0,0,13.28,1591,509,4084
51737,3684.60,0,-1,0,0,-42.94,1592,510,4084
51787,3663.90,0,0,-1,0,19.80,1593,512,4084
51837,3674.67,0,0,0,0,4.51,1595,512,4084
51887,3675.57,0,0,0,0,16.28,1596,513,4084
51937,3672.87,0,0,0,0,-17.01,1597,514,4084
51987,3501.40,0,1,0,0,376.57,1602,514,4101
52037,3663.00,0,0,-1,0,23.41,1611,515,4105
52087,3632.84,0,0,0,0,-17.51,1611,515,4105
52137,3626.69,0,0,0,0,26.50,1611,516,4105
52187,3649.63,0,0,-1,0,-24.70,1611,518,4105
52237,3594.54,0,0,0,0,18.55,1611,518,4105
52287,3629.32,0,0,0,0,-33.06,1611,518,4105
52337,3603.17,0,0,-1,0,-48.15,1611,519,4105
52387,3623.19,0,0,0,0,-46.65,1611,519,4105
52438,3493.25,0,1,0,0,79.88,1612,519,4105
52488,3590.23,0,0,0,0,74.19,1612,519,4105
52538,3552.82,0,0,1,0,0.84,1612,521,4105
52588,3547.78,0,0,1,0,536.08,1623,522,4113
52638,3593.67,0,-5,0,-5,-757.09,1632,522,4119
52688,3573.13,0,0,0,0,379.44,1640,522,4123
52738,3501.40,0,1,0,0,307.64,1646,522,4151
52788,3593.67,0,0,0,0,41.85,1646,522,4155
52838,3601.44,0,0,0,0,41.85,1646,522,4155
52888,3592.81,0,0,-1,0,-136.34,1646,524,4155
52938,3629.32,0,0,0,0,-31.34,1646,524,4155
52988,3615.33,0,0,-1,0,-46.40,1646,525,4155
53038,3613.59,0,-1,0,-6,-196.87,1647,526,4161
53088,3604.04,0,0,0,0,-46.97,1647,526,4161
53138,3624.06,0,0,0,0,-9.61,1647,527,4161
53188,3592.81,0,0,-1,0,-78.94,1647,528,4161
53238,3648.75,0,0,-1,0,17.84,1647,531,4161
53288,3612.72,0,-2,0,-11,-273.18,1650,531,4172
53338,3663.00,0,0,-1,0,237.15,1655,532,4175
53388,3613.59,0,-1,0,-9,-249.66,1657,532,4184
53438,3501.40,0,1,0,0,345.74,1663,532,4200
53488,3606.64,0,-4,0,-3,-478.60,1668,532,4203
53538,3501.40,0,1,0,0,390.66,1675,532,4239
53588,3594.54,0,-5,0,-3,-552.42,1682,532,4242
53638,3639.89,0,0,0,0,396.71,1691,532,4247
53688,3501.40,0,1,0,0,368.57,1697,532,4266
53738,3677.37,0,-1,0,0,300.35,1703,532,4269
53788,3682.79,0,-1,0,0,-33.15,1715,533,4278
53838,3675.57,0,0,0,0,9.03,1716,534,4278
53888,3688.22,0,-1,0,0,-12.65,1718,534,4278
53938,3675.57,0,0,0,0,33.63,1719,535,4278
53988,3674.67,0,0,0,0,24.47,1721,535,4278
54038,3663.90,0,0,-1,0,19.80,1722,537,4278
54088,3687.32,0,-1,0,0,22.80,1725,537,4278
54138,3663.90,0,0,-1,0,24.32,1726,538,4278
54188,3622.31,0,0,0,0,-6.98,1726,539,4278
54238,3615.33,0,0,-1,0,-31.58,1726,540,4278
54288,3638.13,0,0,0,0,-11.43,1726,541,4278
54338,3625.82,0,0,0,0,27.37,1726,542,4278
54388,3615.33,0,0,0,0,22.19,1726,543,4278
54438,3556.19,0,0,1,0,16.09,1726,544,4278
54488,3611.85,0,0,0,0,32.53,1726,544,4278
54538,3543.59,0,0,1,0,23.60,1726,545,4278
54588,3600.58,0,0,0,0,23.87,1726,545,4278
54638,3586.80,0,0,0,0,24.04,1726,545,4278
54688,3556.19,0,0,1,0,10.15,1726,546,4278
54738,3534.40,0,0,1,0,30.24,1726,548,4278
54788,3587.66,0,0,1,0,41.56,1726,549,4278
54838,3511.24,0,1,0,0,19.84,1727,551,4278
54888,3564.64,0,0,0,0,-29.40,1727,552,4278
54938,3555.34,0,0,1,0,32.31,1727,554,4278
54988,3575.69,0,0,0,0,-44.61,1727,556,4278
55038,3583.37,0,0,1,0,25.39,1727,557,4278
55088,3619.69,0,0,1,0,25.39,1727,557,4278
55138,3604.90,0,0,0,0,-34.79,1727,557,4278
55188,3611.85,0,0,0,0,17.97,1727,557,4278
55238,3604.90,0,0,0,0,-44.45,1727,557,4278
55288,3641.66,0,0,-1,0,-24.59,1727,559,4278
55339,3638.13,0,0,0,0,23.98,1727,560,4278
55389,3610.11,0,0,0,0,23.98,1727,560,4278
55439,3604.90,0,0,0,0,-42.50,1727,560,4278
55489,3637.25,0,0,0,0,-43.57,1727,560,4278
55539,3615.33,0,0,-1,0,-31.57,1727,561,4278
55589,3633.72,0,0,0,0,-29.68,1727,561,4278
55639,3613.59,0,0,-1,0,-31.58,1727,562,4278
55689,3653.19,0,0,-1,0,-36.12,1727,564,4278
55739,3636.36,0,0,0,0,24.85,1727,565,4278
55789,3662.11,0,0,-1,0,-23.98,1727,567,4278
55839,3625.82,0,0,0,0,23.82,1727,568,4278
55889,3611.85,0,0,0,0,24.05,1727,568,4278
55939,3596.26,0,0,0,0,35.31,1727,568,4278
55989,3629.32,0,0,0,0,-35.65,1727,568,4278
56039,3604.04,0,0,0,0,-41.03,1727,568,4278
56089,3639.01,0,0,0,0,-45.34,1727,568,4278
56139,3591.09,0,0,0,0,-33.14,1727,568,4278
56189,3599.71,0,0,0,0,29.25,1727,568,4278
56239,3595.40,0,0,0,0,19.76,1727,568,4278
56289,3600.58,0,0,0,0,17.96,1727,568,4278
56339,3578.24,0,0,0,0,31.86,1727,568,4278
56389,3610.11,0,0,0,0,31.86,1727,568,4278
56439,3593.67,0,0,0,0,-42.50,1727,568,4278
56489,3654.97,0,0,-1,0,-44.86,1727,570,4278
56539,3581.66,0,0,-1,0,-44.86,1727,570,4278
56589,3599.71,0,0,-1,0,-44.86,1727,570,4278
56639,3581.66,0,0,0,0,-49.21,1727,570,4278
56689,3587.66,0,0,1,0,32.97,1727,571,4278
56739,3564.64,0,0,0,0,24.74,1727,571,4278
56790,3600.58,0,0,0,0,24.74,1727,571,4278
56840,3544.42,0,0,1,0,20.22,1727,572,4278
56891,3653.19,-5,0,-1,-5,-176.94,1728,573,4283
56941,3576.54,0,0,0,0,24.04,1728,573,4283
56991,3564.64,0,0,0,0,-32.73,1728,575,4283
57041,3574.83,0,0,0,0,-44.59,1728,576,4283
57091,3562.10,0,0,0,0,392.55,1736,576,4288
57141,3604.90,0,0,0,0,-100.94,1736,577,4288
57191,3545.26,0,0,1,0,42.40,1736,578,4288
57241,3576.54,0,0,0,0,-20.35,1736,579,4288
57291,3531.90,0,0,1,0,55.75,1736,581,4288
57341,3555.34,0,0,1,0,-11.76,1736,583,4288
57391,3545.26,0,0,1,0,36.40,1736,584,4288
57441,3564.64,0,0,0,0,-20.22,1736,585,4288
57491,3564.64,0,0,0,0,23.02,1736,586,4288
57541,3568.03,0,0,0,0,7.66,1736,586,4288
57591,3573.98,0,0,0,0,24.00,1736,587,4288
57641,3573.98,0,0,0,0,19.69,1736,587,4288
57691,3567.18,0,0,0,0,31.67,1736,588,4288
57741,3620.56,0,0,0,0,-35.48,1736,588,4288
57791,3603.17,0,0,0,0,-23.49,1736,588,4288
57841,3639.01,0,0,0,0,-42.75,1736,588,4288
57891,3604.90,0,0,0,0,-28.74,1736,588,4288
57942,3596.26,0,0,0,0,-34.99,1736,588,4288
57992,3605.77,0,0,0,0,18.02,1736,588,4288
58042,3623.19,0,0,0,0,-20.02,1736,588,4288
58092,3597.12,0,0,0,0,-22.62,1736,588,4288
58142,3673.77,0,0,0,0,-45.32,1737,588,4288
58192,3616.20,0,0,0,0,8.79,1737,588,4288
58242,3648.75,0,0,-1,0,-55.07,1737,589,4288
58292,3629.32,0,0,0,0,42.65,1737,589,4288
58342,3639.01,0,0,0,0,-52.21,1737,589,4288
58392,3593.67,0,0,0,0,-13.09,1737,589,4288
58442,3605.77,0,0,0,0,-41.81,1737,589,4288
58492,3604.90,0,0,0,0,-49.40,1737,589,4288
58542,3652.30,0,0,-1,0,-36.97,1737,591,4288
58592,3626.69,0,0,0,0,36.31,1737,592,4288
58642,3637.25,0,0,0,0,-9.68,1737,592,4288
58692,3626.69,0,0,0,0,34.52,1737,593,4288
58742,3614.46,0,0,0,0,35.40,1737,594,4288
58792,3604.90,0,0,0,0,-33.06,1737,594,4288
58842,3633.72,0,0,0,0,-17.52,1737,594,4288
58892,3555.34,0,0,1,0,34.89,1737,595,4288
58942,3589.38,0,0,0,0,13.68,1737,595,4288
58992,3594.54,0,0,0,0,13.68,1737,595,4288
59042,3633.72,0,0,0,0,-27.95,1737,595,4288
59092,3615.33,0,0,-1,0,-43.95,1737,596,4288
59142,3662.11,0,0,-1,0,-35.42,1737,598,4288
59192,3616.20,0,0,0,0,1.76,1737,598,4288
59242,3633.72,0,0,0,0,-18.39,1737,599,4288
59292,3585.94,0,0,0,0,-18.39,1737,599,4288
59342,3572.28,0,0,0,0,15.38,1737,599,4288
59392,3572.28,0,0,0,0,26.57,1737,600,4288
59442,3629.32,0,0,0,0,-34.79,1737,600,4288
59492,3556.19,0,0,1,0,16.09,1737,601,4288
59542,3600.58,0,0,0,0,8.50,1737,601,4288
59592,3562.95,0,0,0,0,26.43,1737,601,4288
59642,3587.66,0,0,1,0,22.75,1737,602,4288
59692,3521.13,0,1,0,0,22.46,1738,604,4288
59742,3577.39,0,0,0,0,-32.97,1738,605,4288
59792,3554.50,0,0,1,0,22.04,1738,607,4288
59842,3587.66,0,0,1,0,21.92,1738,608,4288
59892,3575.69,0,0,0,0,24.89,1738,608,4288
59942,3581.66,0,0,0,0,24.89,1738,608,4288
59992,3567.18,0,0,0,0,10.21,1738,608,4288
60042,3589.38,0,0,0,0,33.57,1738,608,4288
60092,3572.28,0,0,0,0,16.24,1738,608,4288
60142,3639.01,0,0,0,0,-42.75,1738,608,4288
60192,3592.81,0,0,0,0,-29.61,1738,608,4288
60242,3633.72,0,0,0,0,-28.82,1738,608,4288
60292,3625.82,0,0,0,0,36.29,1738,609,4288
60342,3610.11,0,0,0,0,36.29,1738,609,4288
60392,3604.90,0,0,0,0,-29.68,1738,609,4288
60442,3604.90,0,0,-1,0,-45.62,1738,610,4288
60492,3596.26,0,0,-1,0,-45.62,1738,610,4288
60542,3615.33,0,0,-1,0,-53.98,1738,611,4288
60592,3604.04,0,0,0,0,-32.20,1738,611,4288
60642,3628.45,0,0,0,0,-41.65,1738,611,4288
60692,3575.69,0,0,0,0,24.89,1738,611,4288
60742,3639.01,0,0,0,0,-42.75,1738,611,4288
60792,3615.33,0,0,0,0,-38.42,1738,611,4288
60843,3650.52,0,0,-1,0,-23.83,1738,613,4288
60893,3615.33,0,0,0,0,2.63,1738,613,4288
60943,3592.81,0,0,0,0,18.50,1738,614,4288
60993,3578.24,0,0,0,0,40.57,1738,614,4288
61043,3598.85,0,0,1,0,20.23,1738,615,4288
61093,3581.66,0,0,0,0,-51.76,1738,615,4288
61143,3629.32,0,0,0,0,-45.95,1738,615,4288
61193,3544.42,0,0,1,0,29.56,1738,616,4288
61243,3611.85,0,0,0,0,25.71,1738,616,4288
61293,3577.39,0,0,0,0,23.19,1738,616,4288
61343,3610.11,0,0,1,0,29.80,1738,617,4288
61393,3605.77,0,0,1,0,29.80,1738,617,4288
61443,3652.30,0,0,-1,0,-38.71,1738,619,4288
61493,3626.69,0,0,0,0,25.61,1738,620,4288
61543,3650.52,0,0,-1,0,-25.58,1738,622,4288
61593,3626.69,0,0,0,0,33.63,1738,624,4288
61643,3642.54,0,0,-1,0,-38.51,1738,625,4288
61693,3630.20,0,0,0,0,41.77,1738,625,4288
61743,3642.54,0,0,-1,0,-38.51,1738,626,4288
61793,3615.33,0,0,-1,0,-45.66,1738,627,4288
61843,3627.57,0,0,0,0,-0.88,1738,628,4288
61893,3625.82,0,0,0,0,13.19,1738,628,4288
61943,3650.52,0,0,-1,0,-23.83,1738,630,4288
61993,3587.66,0,0,0,0,21.20,1738,630,4288
62043,3587.66,0,0,1,0,17.78,1738,631,4288
62093,3585.94,0,0,0,0,25.56,1738,631,4288
62143,3544.42,0,0,1,0,17.68,1738,632,4288
62193,3544.42,0,0,1,0,23.61,1739,633,4288
62243,3587.66,0,0,1,0,30.41,1739,634,4288
62294,3520.30,0,1,0,0,23.29,1740,636,4288
62344,3567.18,0,0,0,0,-45.23,1741,637,4288
62394,3531.07,0,0,1,0,11.68,1741,640,4288
62444,3491.62,0,1,0,0,19.62,1743,640,4288
62494,3559.56,0,0,1,0,452.20,1753,641,4295
62544,3513.70,0,1,0,0,376.34,1761,641,4320
62594,3590.23,0,-2,0,-13,-327.06,1765,641,4333
62644,3586.80,0,0,0,0,20.51,1765,641,4333
62694,3577.39,0,0,0,0,-35.48,1765,642,4333
62744,3562.95,0,0,0,0,34.18,1765,643,4333
62794,3600.58,0,0,0,0,15.38,1765,643,4333
62844,3521.13,0,1,0,0,23.30,1766,644,4333
62894,3534.40,0,0,1,0,-33.82,1767,646,4333
62944,3500.58,0,1,0,0,34.65,1769,647,4333
62994,3568.03,0,0,0,0,-57.62,1770,648,4333
63044,3573.98,0,0,0,0,13.68,1770,649,4333
63094,3610.98,0,0,0,0,13.68,1770,649,4333
63144,3604.90,0,0,0,0,-34.79,1770,649,4333
63194,3614.46,0,0,0,0,-34.99,1770,649,4333
63244,3613.59,0,0,-1,0,-41.10,1770,650,4333
63294,3627.57,0,0,0,0,-0.88,1770,651,4333
63344,3627.57,0,0,0,0,23.84,1770,652,4333
63394,3652.30,0,0,-1,0,-36.97,1770,654,4333
63444,3626.69,0,0,0,0,22.05,1770,655,4333
63494,3643.43,0,0,-1,0,-38.53,1770,656,4333
63544,3626.69,0,0,0,0,25.61,1770,657,4333
63594,3632.84,0,0,0,0,-16.64,1770,657,4333
63644,3626.69,0,0,0,0,25.61,1770,658,4333
63694,3614.46,0,0,0,0,23.97,1770,659,4333
63744,3485.13,0,1,0,0,134.56,1771,659,4333
63794,3624.06,0,0,0,0,-9.61,1773,659,4344
63844,3615.33,0,0,0,0,-39.30,1773,659,4344
63894,3604.04,0,0,-1,0,-33.42,1773,660,4344
63944,3604.04,0,0,-1,0,-33.42,1773,660,4344
63994,3652.30,0,0,-1,0,-36.10,1773,661,4344
64044,3615.33,0,0,-1,0,-18.56,1773,662,4344
64094,3600.58,0,0,0,0,26.56,1773,662,4344
64144,3592.81,0,0,0,0,-43.38,1773,662,4344
64194,3643.43,0,0,-1,0,-38.53,1773,663,4344
64244,3573.98,0,0,0,0,22.28,1773,663,4344
64294,3619.69,0,0,0,0,22.28,1773,663,4344
64344,3563.79,0,0,0,0,29.02,1773,663,4344
64394,3610.98,0,0,0,0,12.76,1773,663,4344
64444,3582.52,0,0,0,0,33.59,1773,663,4344
64494,3629.32,0,0,0,0,-33.93,1773,663,4344
64544,3603.17,0,0,0,0,-29.61,1773,663,4344
64594,3543.59,0,0,1,0,0.84,1773,665,4344
64644,3545.26,0,0,1,0,20.23,1773,667,4344
64694,3589.38,0,0,0,0,21.30,1773,667,4344
64744,3586.80,0,0,0,0,21.30,1773,667,4344
64794,3610.98,0,0,0,0,9.39,1773,667,4344
64844,3546.10,0,0,1,0,32.15,1773,668,4344
64894,3612.72,0,0,0,0,14.52,1773,668,4344
64944,3542.75,0,0,1,0,13.44,1773,670,4344
64994,3611.85,0,0,0,0,11.06,1773,670,4344
65044,3596.26,0,0,0,0,11.06,1773,670,4344
65094,3632.84,0,0,0,0,-27.94,1773,670,4344
65144,3585.09,0,0,0,0,-27.94,1773,670,4344
65195,3614.46,0,0,0,0,-27.94,1773,670,4344
65245,3604.90,0,0,0,0,-46.20,1773,670,4344
65295,3633.72,0,0,0,0,-28.82,1773,670,4344
65345,3624.94,0,0,0,0,18.49,1773,671,4344
65395,3643.43,0,0,-1,0,-27.23,1773,672,4344
65445,3573.98,0,0,0,0,20.55,1773,672,4344
65495,3643.43,0,0,-1,0,-37.66,1773,673,4344
65545,3625.82,0,0,0,0,35.40,1773,674,4344
65595,3638.13,0,0,0,0,-43.59,1773,674,4344
65645,3573.13,0,0,0,0,12.81,1773,674,4344
65695,3589.38,0,0,0,0,25.72,1773,674,4344
65745,3575.69,0,0,0,0,36.16,1773,674,4344
65795,3600.58,0,0,0,0,12.76,1773,674,4344
65845,3596.26,0,0,0,0,12.76,1773,674,4344
65895,3643.43,0,0,-1,0,-37.66,1773,675,4344
65945,3562.95,0,0,0,0,23.86,1773,675,4344
65995,3611.85,0,0,0,0,26.57,1773,675,4344
66045,3591.95,0,0,0,0,-34.81,1773,675,4344
66095,3565.49,0,0,0,0,-10.14,1773,676,4344
66145,3553.66,0,0,1,0,35.72,1773,677,4344
66195,3587.66,0,0,1,0,10.98,1773,678,4344
66245,3586.80,0,0,0,0,25.56,1773,678,4344
66295,3620.56,0,0,0,0,-26.89,1773,678,4344
66345,3614.46,0,0,-1,0,-41.08,1773,679,4344
66395,3568.03,0,0,0,0,5.10,1773,679,4344
66445,3573.13,0,0,0,0,25.72,1773,680,4344
66495,3629.32,0,0,0,0,-42.52,1773,680,4344
66545,3605.77,0,0,0,0,-42.52,1773,680,4344
66595,3639.89,0,0,0,0,53.78,1774,680,4344
66646,3615.33,0,0,-1,0,-27.22,1774,681,4344
66696,3652.30,0,0,-1,0,-36.97,1774,683,4344
66746,3626.69,0,0,0,0,35.42,1774,684,4344
66796,3578.24,0,0,0,0,26.66,1774,684,4344
66846,3595.40,0,0,0,0,12.76,1774,684,4344
66896,3643.43,0,0,-1,0,-28.10,1774,685,4344
66946,3614.46,0,0,0,0,2.63,1774,685,4344
66996,3653.19,0,0,-1,0,-36.12,1774,687,4344
67046,3624.94,0,0,0,0,37.17,1774,688,4344
67096,3604.90,0,0,-1,0,-23.81,1774,689,4344
67146,3586.80,0,0,0,0,34.32,1774,689,4344
67196,3638.13,0,0,0,0,-43.59,1774,689,4344
67246,3556.19,0,0,1,0,16.94,1774,690,4344
67296,3598.85,0,0,0,0,23.02,1774,690,4344
67346,3585.09,0,0,0,0,23.02,1774,690,4344
67396,3578.24,0,0,0,0,-12.76,1774,690,4344
67446,3577.39,0,0,0,0,23.19,1774,690,4344
67496,3573.98,0,0,0,0,12.82,1774,690,4344
67546,3565.49,0,0,0,0,-21.90,1774,691,4344
67596,3560.41,0,0,0,0,436.39,1783,691,4350
67646,3501.40,0,1,0,0,363.58,1790,691,4373
67696,3557.87,0,0,1,0,210.02,1793,692,4385
67746,3614.46,0,-1,0,-7,-206.21,1795,692,4392
67796,3603.17,0,-1,0,-9,-245.30,1797,692,4401
67846,3579.95,0,0,0,0,194.58,1800,692,4413
67896,3578.24,0,0,0,0,32.73,1800,693,4413
67946,3573.98,0,0,0,0,9.39,1800,693,4413
67996,3505.49,0,1,0,0,22.26,1801,694,4413
68046,3574.83,0,0,0,0,-42.93,1801,696,4413
68096,3509.59,0,1,0,0,23.98,1802,698,4413
68146,3555.34,0,0,1,0,-52.31,1804,699,4413
68196,3550.30,0,0,1,0,31.37,1804,700,4413
68246,3586.80,0,0,1,0,20.35,1804,701,4413
68296,3577.39,0,0,0,0,33.59,1804,701,4413
68346,3591.95,0,0,0,0,33.59,1804,701,4413
68396,3562.95,0,0,0,0,26.43,1804,701,4413
68446,3628.45,0,0,0,0,-45.93,1804,701,4413
68496,3614.46,0,0,-1,0,-42.85,1804,702,4413
68546,3639.01,0,0,0,0,-42.75,1804,702,4413
68596,3594.54,0,0,0,0,-11.34,1804,702,4413
68646,3613.59,0,0,0,0,-39.18,1804,702,4413
68696,3616.20,0,0,0,0,-47.06,1804,702,4413
68746,3662.11,0,0,-1,0,-35.42,1804,704,4413
68796,3615.33,0,0,0,0,14.96,1804,705,4413
68846,3639.01,0,0,0,0,-12.32,1804,706,4413
68896,3626.69,0,0,0,0,23.83,1804,707,4413
68946,3614.46,0,0,-1,0,-21.17,1804,708,4413
68996,3611.85,0,0,-1,0,-21.17,1804,708,4413
69046,3641.66,0,0,-1,0,-26.33,1804,710,4413
69096,3593.67,0,0,0,0,-5.25,1804,710,4413
69146,3662.11,0,0,-1,0,-45.91,1804,711,4413
69196,3637.25,0,0,0,0,24.86,1804,712,4413
69246,3620.56,0,0,0,0,-25.17,1804,712,4413
69296,3616.20,0,0,0,0,-52.21,1804,712,4413
69346,3631.96,0,0,0,0,-16.63,1804,713,4413
69396,3566.33,0,0,0,0,66.51,1804,713,4413
69446,3643.43,0,0,-1,0,-24.61,1804,714,4413
69496,3626.69,0,0,0,0,34.52,1804,715,4413
69547,3650.52,0,0,-1,0,-23.83,1804,717,4413
69597,3602.31,0,0,-1,0,-25.48,1804,718,4413
69647,3611.85,0,0,0,0,37.94,1804,718,4413
69697,3585.09,0,0,0,0,37.94,1804,718,4413
69747,3610.11,0,0,0,0,24.05,1804,718,4413
69797,3604.90,0,0,0,0,-32.19,1804,718,4413
69847,3573.98,0,0,0,0,19.69,1804,718,4413
69897,3562.95,0,0,0,0,24.71,1804,719,4413
69947,3546.10,0,0,1,0,29.59,1804,720,4413
69997,3532.74,0,0,1,0,32.75,1804,722,4413
70047,3575.69,0,0,0,0,-42.12,1804,723,4413
70097,3562.95,0,0,0,0,24.71,1804,724,4413
70147,3480.28,0,1,0,0,30.14,1806,725,4413
70197,3391.36,0,2,0,0,48.21,1811,725,4413
70247,3348.21,0,3,0,0,37.03,1816,725,4413
70297,3269.40,0,4,0,0,314.83,1826,725,4414
70347,3188.10,0,5,0,0,36.32,1839,725,4414
70397,3135.45,0,6,0,0,26.44,1850,725,4414
70447,3062.47,0,6,0,1,317.43,1867,725,4436
70497,3010.84,0,7,0,0,12.74,1881,725,4436
70547,2915.45,0,8,0,1,319.40,1904,725,4440
70597,2865.33,0,9,0,0,36.02,1922,725,4440
70647,2788.10,6,10,0,0,42.62,1951,725,4440
70697,2735.73,1,11,0,0,24.67,1972,725,4440
70747,2689.14,0,11,0,2,12.59,1994,725,4442
70797,2633.89,0,12,0,1,10.21,2018,725,4450
70847,2573.78,0,13,0,2,16.00,2044,725,4459
70897,2525.68,21,13,0,9,52.97,2085,725,4511
70947,2388.92,22,15,0,9,57.27,2114,725,4532
70998,2395.02,21,15,0,8,50.77,2144,725,4549
71048,2319.11,21,16,0,6,39.01,2176,725,4560
71098,2313.39,0,16,0,0,5.72,2192,725,4560
71148,2200.70,3,18,0,6,43.46,2227,725,4576
71198,2222.88,5,17,0,6,44.01,2261,725,4592
71248,2154.86,6,18,0,0,1.86,2297,725,4601
71298,2104.38,15,19,0,0,2.96,2335,725,4607
71348,2054.23,1,20,0,6,50.15,2355,725,4613
71398,2007.23,10,20,0,6,46.72,2395,725,4619
71448,1956.69,22,21,0,6,47.05,2436,725,4625
71498,1952.87,0,21,0,0,3.82,2457,725,4625
71548,1904.76,10,22,0,0,5.34,2500,725,4630
71598,1856.67,26,22,0,5,48.10,2522,725,4635
71648,1808.97,27,23,0,5,45.17,2567,725,4640
71698,1804.62,23,23,0,0,4.35,2590,725,4640
71748,1755.82,23,23,0,0,0.82,2636,725,4645
71798,1709.40,29,24,0,5,46.42,2660,725,4650
71848,1657.64,30,25,0,5,46.52,2709,725,4655
71898,1655.99,25,25,0,0,1.65,2734,725,4655
71948,1606.34,30,25,0,5,49.66,2759,725,4660
71998,1553.60,31,26,0,5,52.40,2810,725,4665
72048,1554.89,26,26,0,0,-1.29,2836,725,4665
72098,1503.01,32,27,0,5,51.88,2863,725,4670
72148,1506.33,27,27,0,0,-3.32,2890,725,4670
72198,1453.35,27,27,0,0,-2.39,2944,725,4675
72248,1398.60,33,28,0,5,54.75,2972,725,4680
72298,1401.74,28,28,0,0,-3.14,3000,725,4680
72348,1346.74,33,29,0,4,55.00,3029,725,4684
72398,1349.65,29,29,0,0,-2.91,3058,725,4684
72448,1291.99,34,30,0,4,57.66,3088,725,4688
72498,1295.90,29,29,0,0,-3.91,3117,725,4688
72548,1239.67,34,30,0,4,56.23,3147,725,4692
72598,1241.62,30,30,0,0,-1.95,3177,725,4692
72648,1182.97,35,31,0,4,58.65,3208,725,4696
72698,1186.05,31,31,0,0,-3.09,3239,725,4696
72748,1126.72,36,32,0,4,59.33,3271,725,4700
72798,1131.82,32,32,0,0,-5.10,3303,725,4700
72848,1073.96,36,32,0,4,57.86,3335,725,4704
72898,1071.96,32,32,0,0,2.00,3367,725,4704
72948,1018.19,36,33,0,3,53.77,3400,725,4707
72998,1008.88,33,33,0,0,9.31,3433,725,4707
73048,1008.88,33,33,0,0,9.31,3433,725,4707
73098,942.15,38,34,0,4,66.73,3467,725,4711
73148,945.66,34,34,0,0,-3.50,3501,725,4711
73198,879.66,38,35,0,3,65.99,3536,725,4714
73248,879.66,38,35,0,3,65.99,3536,725,4714
73298,879.30,35,35,0,0,0.36,3571,725,4714
73348,804.38,40,36,0,4,74.93,3607,725,4718
73398,804.38,40,36,0,4,74.93,3607,725,4718
73448,806.32,36,36,0,0,-1.95,3643,725,4718
73498,744.90,40,37,0,3,61.42,3680,725,4721
73548,744.90,40,37,0,3,61.42,3680,725,4721
73598,725.02,37,37,0,0,19.87,3717,725,4721
73648,725.02,37,37,0,0,19.87,3717,725,4721
73698,657.29,40,38,0,2,67.73,3755,725,4723
73748,657.29,40,38,0,2,67.73,3755,725,4723
73798,634.46,38,38,0,0,22.83,3793,725,4723
73848,634.46,38,38,0,0,22.83,3793,725,4723
73899,556.92,41,39,0,2,77.55,3832,725,4725
73949,556.92,41,39,0,2,77.55,3832,725,4725
73999,526.50,40,39,0,1,30.42,3871,725,4726
74049,526.50,40,39,0,1,30.42,3871,725,4726
74099,526.50,40,39,0,1,30.42,3871,725,4726
74149,434.59,43,41,0,2,91.91,3912,725,4728
74199,434.59,43,41,0,2,91.91,3912,725,4728
74249,434.59,43,41,0,2,91.91,3912,725,4728
74299,383.94,42,41,0,1,50.66,3953,725,4729
74349,383.94,42,41,0,1,50.66,3953,725,4729
74399,383.94,42,41,0,1,50.66,3953,725,4729
74449,383.94,42,41,0,1,50.66,3953,725,4729
75300,0.00,-42,41,0,1,50.66,3953,725,4729
75350,0.00,-42,41,0,1,50.66,3953,725,4729
75400,0.00,-42,41,0,1,50.66,3953,725,4729
75450,0.00,-42,41,0,1,50.66,3953,725,4729
75500,0.00,-42,41,0,1,50.66,3953,725,4729
75550,0.00,-42,41,0,1,50.66,3953,725,4729
75600,0.00,-42,41,0,1,50.66,3953,725,4729
75650,0.00,-42,41,0,1,50.66,3953,725,4729
75700,0.00,-42,41,0,1,50.66,3953,725,4729
75750,0.00,-42,41,0,1,50.66,3953,725,4729
75800,0.00,-42,41,0,1,50.66,3953,725,4729
75850,0.00,-42,41,0,1,50.66,3953,725,4729
75900,0.00,-42,41,0,1,50.66,3953,725,4729
75950,0.00,-42,41,0,1,50.66,3953,725,4729
76000,0.00,-42,41,0,1,50.66,3953,725,4729
76050,0.00,-42,41,0,1,50.66,3953,725,4729
76100,0.00,-42,41,0,1,50.66,3953,725,4729
76150,0.00,-42,41,0,1,50.66,3953,725,4729
76200,0.00,-42,41,0,1,50.66,3953,725,4729
76250,0.00,-42,41,0,1,50.66,3953,725,4729
76300,0.00,-42,41,0,1,50.66,3953,725,4729
76350,0.00,-42,41,0,1,50.66,3953,725,4729
76400,0.00,-42,41,0,1,50.66,3953,725,4729
76450,0.00,-42,41,0,1,50.66,3953,725,4729
76500,0.00,-42,41,0,1,50.66,3953,725,4729
76550,0.00,-42,41,0,1,50.66,3953,725,4729
76600,0.00,-42,41,0,1,50.66,3953,725,4729
76650,0.00,-42,41,0,1,50.66,3953,725,4729
76700,0.00,-42,41,0,1,50.66,3953,725,4729
76750,0.00,-42,41,0,1,50.66,3953,725,4729
76800,0.00,-42,41,0,1,50.66,3953,725,4729
76850,0.00,-42,41,0,1,50.66,3953,725,4729
76900,0.00,-42,41,0,1,50.66,3953,725,4729
76950,0.00,-42,41,0,1,50.66,3953,725,4729
77000,0.00,-42,41,0,1,50.66,3953,725,4729
77050,0.00,-42,41,0,1,50.66,3953,725,4729
77100,0.00,-42,41,0,1,50.66,3953,725,4729
77150,0.00,-42,41,0,1,50.66,3953,725,4729
77200,0.00,-42,41,0,1,50.66,3953,725,4729
77250,0.00,-42,41,0,1,50.66,3953,725,4729
77300,0.00,-42,41,0,1,50.66,3953,725,4729
77350,0.00,-42,41,0,1,50.66,3953,725,4729
77400,0.00,-42,41,0,1,50.66,3953,725,4729
77450,0.00,-42,41,0,1,50.66,3953,725,4729
77500,0.00,-42,41,0,1,50.66,3953,725,4729
77550,0.00,-42,41,0,1,50.66,3953,725,4729
77600,0.00,-42,41,0,1,50.66,3953,725,4729
77650,0.00,-42,41,0,1,50.66,3953,725,4729
77700,0.00,-42,41,0,1,50.66,3953,725,4729
77750,0.00,-42,41,0,1,50.66,3953,725,4729
77800,0.00,-42,41,0,1,50.66,3953,725,4729
77850,0.00,-42,41,0,1,50.66,3953,725,4729
77900,0.00,-42,41,0,1,50.66,3953,725,4729
77950,0.00,-42,41,0,1,50.66,3953,725,4729
78000,0.00,-42,41,0,1,50.66,3953,725,4729
78050,0.00,-42,41,0,1,50.66,3953,725,4729
78100,0.00,-42,41,0,1,50.66,3953,725,4729
78150,0.00,-42,41,0,1,50.66,3953,725,4729
78200,0.00,-42,41,0,1,50.66,3953,725,4729
78251,0.00,-42,41,0,1,50.66,3953,725,4729
78301,0.00,-42,41,0,1,50.66,3953,725,4729
78351,0.00,-42,41,0,1,50.66,3953,725,4729
78401,0.00,-42,41,0,1,50.66,3953,725,4729
78451,0.00,-42,41,0,1,50.66,3953,725,4729
78501,0.00,-42,41,0,1,50.66,3953,725,4729
78551,0.00,-42,41,0,1,50.66,3953,725,4729
78601,0.00,-42,41,0,1,50.66,3953,725,4729
78651,0.00,-42,41,0,1,50.66,3953,725,4729
78701,0.00,-42,41,0,1,50.66,3953,725,4729
78751,0.00,-42,41,0,1,50.66,3953,725,4729
78801,0.00,-42,41,0,1,50.66,3953,725,4729
78851,0.00,-42,41,0,1,50.66,3953,725,4729
78901,0.00,-42,41,0,1,50.66,3953,725,4729
78951,0.00,-42,41,0,1,50.66,3953,725,4729
79001,0.00,-42,41,0,1,50.66,3953,725,4729
79051,0.00,-42,41,0,1,50.66,3953,725,4729
79101,0.00,-42,41,0,1,50.66,3953,725,4729
79151,0.00,-42,41,0,1,50.66,3953,725,4729
79201,0.00,-42,41,0,1,50.66,3953,725,4729
79251,0.00,-42,41,0,1,50.66,3953,725,4729
79301,0.00,-42,41,0,1,50.66,3953,725,4729
79351,0.00,-42,41,0,1,50.66,3953,725,4729
79401,0.00,-42,41,0,1,50.66,3953,725,4729
79451,0.00,-42,41,0,1,50.66,3953,725,4729
79501,0.00,-42,41,0,1,50.66,3953,725,4729
79551,0.00,-42,41,0,1,50.66,3953,725,4729
79601,0.00,-42,41,0,1,50.66,3953,725,4729
79651,0.00,-42,41,0,1,50.66,3953,725,4729
79702,0.00,-42,41,0,1,50.66,3953,725,4729
79752,0.00,-42,41,0,1,50.66,3953,725,4729
79802,0.00,-42,41,0,1,50.66,3953,725,4729
79852,0.00,-42,41,0,1,50.66,3953,725,4729
79902,0.00,-42,41,0,1,50.66,3953,725,4729
79952,0.00,-42,41,0,1,50.66,3953,725,4729
80002,0.00,-42,41,0,1,50.66,3953,725,4729
80052,0.00,-42,41,0,1,50.66,3953,725,4729
80102,0.00,-42,41,0,1,50.66,3953,725,4729
80152,0.00,-42,41,0,1,50.66,3953,725,4729
80202,0.00,-42,41,0,1,50.66,3953,725,4729
80252,0.00,-42,41,0,1,50.66,3953,725,4729
80302,0.00,-42,41,0,1,50.66,3953,725,4729
