Microcontroller Governor - Abrupt Load Increase(1800 W) - Initially No Load
Trial: 8
Date: 4-5-2023
Time: 4:45 PM
Ambient Temp: 76
Head Temp: 211.8

------ Microcontroller Engine Governor - Version: 1.16 ------
-------------------------------------------------------------
PID Gains:  Kp: 0.013  KpAlt: 0.025  Kd: 0.100  KdAlt: 4.000
-------------------------------------------------------------
Set RPM:             3600    |  Min RPM:                 300
                             |
RPM Precision:       20      |  PID Kp Alt Range:        70
                             |
Start Steps:         850     |  Max Steps:               1200
                             |
RPM Calc Interval:   1       |  Num Magnets:             1
                             |
LCD Update Interval: 400     |  Serial Update Interval:  50
-------------------------------------------------------------

Time,RPM,Steps Remaining, PID p, PID p Alt, PID d, RPM Change, P Cmd, P Alt Cmd, D Cmd
1728,0.00,0,0,0,0,0.00,0,0,0
1778,0.00,0,0,0,0,0.00,0,0,0
1828,0.00,0,0,0,0,0.00,0,0,0
1878,0.00,0,0,0,0,0.00,0,0,0
1928,0.00,0,0,0,0,0.00,0,0,0
1978,0.00,0,0,0,0,0.00,0,0,0
2028,0.00,0,0,0,0,0.00,0,0,0
2078,0.00,0,0,0,0,0.00,0,0,0
2128,0.00,0,0,0,0,0.00,0,0,0
2178,0.00,0,0,0,0,0.00,0,0,0
2228,0.00,0,0,0,0,0.00,0,0,0
2278,0.00,0,0,0,0,0.00,0,0,0
2328,0.00,0,0,0,0,0.00,0,0,0
2378,0.00,0,0,0,0,0.00,0,0,0
2428,0.00,0,0,0,0,0.00,0,0,0
2478,0.00,0,0,0,0,0.00,0,0,0
2528,0.00,0,0,0,0,0.00,0,0,0
2578,0.00,0,0,0,0,0.00,0,0,0
2628,0.00,0,0,0,0,0.00,0,0,0
2678,0.00,0,0,0,0,0.00,0,0,0
2728,0.00,0,0,0,0,0.00,0,0,0
2778,0.00,0,0,0,0,0.00,0,0,0
2828,0.00,0,0,0,0,0.00,0,0,0
2878,0.00,0,0,0,0,0.00,0,0,0
2928,0.00,0,0,0,0,0.00,0,0,0
2978,0.00,0,0,0,0,0.00,0,0,0
3028,0.00,0,0,0,0,0.00,0,0,0
3078,0.00,0,0,0,0,0.00,0,0,0
3128,0.00,0,0,0,0,0.00,0,0,0
3178,0.00,0,0,0,0,0.00,0,0,0
3228,0.00,0,0,0,0,0.00,0,0,0
3278,0.00,0,0,0,0,0.00,0,0,0
3328,0.00,0,0,0,0,0.00,0,0,0
3378,0.00,0,0,0,0,0.00,0,0,0
3428,0.00,0,0,0,0,0.00,0,0,0
3478,0.00,0,0,0,0,0.00,0,0,0
3528,0.00,0,0,0,0,0.00,0,0,0
3578,0.00,0,0,0,0,0.00,0,0,0
3628,0.00,0,0,0,0,0.00,0,0,0
3678,0.00,0,0,0,0,0.00,0,0,0
3728,0.00,0,0,0,0,0.00,0,0,0
3778,0.00,0,0,0,0,0.00,0,0,0
3828,0.00,0,0,0,0,0.00,0,0,0
3878,0.00,0,0,0,0,0.00,0,0,0
3928,0.00,0,0,0,0,0.00,0,0,0
3978,0.00,0,0,0,0,0.00,0,0,0
4028,0.00,0,0,0,0,0.00,0,0,0
4078,0.00,0,0,0,0,0.00,0,0,0
4128,0.00,0,0,0,0,0.00,0,0,0
4178,0.00,0,0,0,0,0.00,0,0,0
4228,0.00,0,0,0,0,0.00,0,0,0
4278,0.00,0,0,0,0,0.00,0,0,0
4328,0.00,0,0,0,0,0.00,0,0,0
4378,0.00,0,0,0,0,0.00,0,0,0
4428,0.00,0,0,0,0,0.00,0,0,0
4478,0.00,0,0,0,0,0.00,0,0,0
4528,0.00,0,0,0,0,0.00,0,0,0
4578,0.00,0,0,0,0,0.00,0,0,0
4628,0.00,0,0,0,0,0.00,0,0,0
4678,0.00,0,0,0,0,0.00,0,0,0
4728,0.00,0,0,0,0,0.00,0,0,0
4779,0.00,0,0,0,0,0.00,0,0,0
4829,0.00,0,0,0,0,0.00,0,0,0
4879,0.00,0,0,0,0,0.00,0,0,0
4929,0.00,0,0,0,0,0.00,0,0,0
4979,0.00,0,0,0,0,0.00,0,0,0
5029,0.00,0,0,0,0,0.00,0,0,0
5079,0.00,0,0,0,0,0.00,0,0,0
5129,0.00,0,0,0,0,0.00,0,0,0
5179,0.00,0,0,0,0,0.00,0,0,0
5229,0.00,0,0,0,0,0.00,0,0,0
5279,0.00,0,0,0,0,0.00,0,0,0
5329,0.00,0,0,0,0,0.00,0,0,0
5379,0.00,0,0,0,0,0.00,0,0,0
5429,0.00,0,0,0,0,0.00,0,0,0
5479,0.00,0,0,0,0,0.00,0,0,0
5529,0.00,0,0,0,0,0.00,0,0,0
5579,0.00,0,0,0,0,0.00,0,0,0
5629,0.00,0,0,0,0,0.00,0,0,0
5679,0.00,0,0,0,0,0.00,0,0,0
5729,0.00,0,0,0,0,0.00,0,0,0
5779,0.00,0,0,0,0,0.00,0,0,0
5829,0.00,0,0,0,0,0.00,0,0,0
5879,0.00,0,0,0,0,0.00,0,0,0
5929,0.00,0,0,0,0,0.00,0,0,0
5979,0.00,0,0,0,0,0.00,0,0,0
6029,0.00,0,0,0,0,0.00,0,0,0
6079,0.00,0,0,0,0,0.00,0,0,0
6129,0.00,0,0,0,0,0.00,0,0,0
6179,0.00,0,0,0,0,0.00,0,0,0
6230,0.00,0,0,0,0,0.00,0,0,0
6280,0.00,0,0,0,0,0.00,0,0,0
6330,0.00,0,0,0,0,0.00,0,0,0
6380,0.00,0,0,0,0,0.00,0,0,0
6430,0.00,0,0,0,0,0.00,0,0,0
6480,0.00,0,0,0,0,0.00,0,0,0
6530,0.00,0,0,0,0,0.00,0,0,0
6580,0.00,0,0,0,0,0.00,0,0,0
6630,0.00,0,0,0,0,0.00,0,0,0
6680,0.00,0,0,0,0,0.00,0,0,0
6730,0.00,0,0,0,0,0.00,0,0,0
6780,0.00,0,0,0,0,0.00,0,0,0
6830,0.00,0,0,0,0,0.00,0,0,0
6880,0.00,0,0,0,0,0.00,0,0,0
6930,0.00,0,0,0,0,0.00,0,0,0
6980,0.00,0,0,0,0,0.00,0,0,0
7030,0.00,0,0,0,0,0.00,0,0,0
7080,0.00,0,0,0,0,0.00,0,0,0
7130,0.00,0,0,0,0,0.00,0,0,0
7180,0.00,0,0,0,0,0.00,0,0,0
7230,0.00,0,0,0,0,0.00,0,0,0
7280,0.00,0,0,0,0,0.00,0,0,0
7330,0.00,0,0,0,0,0.00,0,0,0
7380,0.00,0,0,0,0,0.00,0,0,0
7430,0.00,0,0,0,0,0.00,0,0,0
7480,0.00,0,0,0,0,0.00,0,0,0
7530,0.00,0,0,0,0,0.00,0,0,0
7580,0.00,0,0,0,0,0.00,0,0,0
7630,0.00,0,0,0,0,0.00,0,0,0
7680,0.00,0,0,0,0,0.00,0,0,0
7730,0.00,0,0,0,0,0.00,0,0,0
7780,0.00,0,0,0,0,0.00,0,0,0
7830,0.00,0,0,0,0,0.00,0,0,0
7880,0.00,0,0,0,0,0.00,0,0,0
7930,0.00,0,0,0,0,0.00,0,0,0
7980,0.00,0,0,0,0,0.00,0,0,0
8030,0.00,0,0,0,0,0.00,0,0,0
8080,0.00,0,0,0,0,0.00,0,0,0
8130,0.00,0,0,0,0,0.00,0,0,0
8180,0.00,0,0,0,0,0.00,0,0,0
8230,0.00,0,0,0,0,0.00,0,0,0
8280,0.00,0,0,0,0,0.00,0,0,0
8330,0.00,0,0,0,0,0.00,0,0,0
8380,0.00,0,0,0,0,0.00,0,0,0
8430,0.00,0,0,0,0,0.00,0,0,0
8480,0.00,0,0,0,0,0.00,0,0,0
8530,0.00,0,0,0,0,0.00,0,0,0
8580,0.00,0,0,0,0,0.00,0,0,0
8630,0.00,0,0,0,0,0.00,0,0,0
8680,0.00,0,0,0,0,0.00,0,0,0
8730,0.00,0,0,0,0,0.00,0,0,0
8780,0.00,0,0,0,0,0.00,0,0,0
8830,0.00,0,0,0,0,0.00,0,0,0
8880,0.00,0,0,0,0,0.00,0,0,0
8930,0.00,0,0,0,0,0.00,0,0,0
8980,0.00,0,0,0,0,0.00,0,0,0
9030,0.00,0,0,0,0,0.00,0,0,0
9080,0.00,0,0,0,0,0.00,0,0,0
9131,0.00,0,0,0,0,0.00,0,0,0
9181,0.00,0,0,0,0,0.00,0,0,0
9231,0.00,0,0,0,0,0.00,0,0,0
9281,0.00,0,0,0,0,0.00,0,0,0
9331,0.00,0,0,0,0,0.00,0,0,0
9381,0.00,0,0,0,0,0.00,0,0,0
9431,0.00,0,0,0,0,0.00,0,0,0
9481,0.00,0,0,0,0,0.00,0,0,0
9531,0.00,0,0,0,0,0.00,0,0,0
9581,0.00,0,0,0,0,0.00,0,0,0
9631,0.00,0,0,0,0,0.00,0,0,0
9681,0.00,0,0,0,0,0.00,0,0,0
9731,0.00,0,0,0,0,0.00,0,0,0
9781,0.00,0,0,0,0,0.00,0,0,0
9831,0.00,0,0,0,0,0.00,0,0,0
9881,0.00,0,0,0,0,0.00,0,0,0
9931,0.00,0,0,0,0,0.00,0,0,0
9981,inf,0,0,0,0,inf,0,0,0
10031,inf,0,0,0,0,inf,0,0,0
10081,inf,0,0,0,0,inf,0,0,0
10131,471.48,0,40,0,0,inf,40,0,0
10181,471.48,0,40,0,0,inf,40,0,0
10231,571.78,2,39,0,-3,-100.30,79,0,3
10281,812.52,12,36,0,-12,-240.75,115,0,15
10331,812.52,0,36,0,-12,-240.75,115,0,15
10381,790.97,2,36,0,1,21.55,151,0,16
10431,1126.80,0,32,0,-25,-335.83,183,0,41
10481,1129.09,3,32,0,0,-2.29,215,0,41
10531,1497.90,0,27,0,-36,-368.81,242,0,77
10582,1810.50,-2,23,0,-40,-336.59,292,0,119
10632,1997.07,-7,20,0,-28,-220.87,335,0,151
10682,2078.43,0,19,0,-11,-81.36,354,0,162
10732,2253.61,0,17,0,-1,-12.12,388,0,187
10782,2429.54,0,15,0,0,1.58,418,0,216
10832,2743.74,9,11,0,0,-155.74,454,0,247
10882,2856.60,1,9,0,0,-123.86,474,0,247
10932,2985.07,0,7,0,0,-134.99,490,0,247
10982,3100.45,0,6,0,0,-1.28,510,0,247
11032,3425.44,-7,2,0,-12,-305.64,523,0,259
11082,3417.63,0,2,0,0,-96.11,528,0,259
11132,3503.04,0,1,0,0,273.40,536,0,280
11182,3671.97,0,0,0,0,27.17,538,0,285
11232,3722.08,0,-1,0,0,19.50,540,0,285
11282,3772.64,0,-2,0,0,20.99,555,0,291
11332,3722.08,0,-1,0,0,12.98,559,0,291
11382,3748.13,0,-1,0,0,36.89,563,0,291
11432,3772.64,0,-2,0,0,-50.55,567,0,291
11482,3799.39,0,-2,0,0,9.65,572,0,291
11532,3824.58,0,-2,0,0,-0.98,579,0,291
11582,3848.13,0,-3,0,0,13.87,587,0,291
11632,3939.08,-2,-4,0,-1,-194.69,603,0,299
11682,3849.11,0,-3,0,0,-0.99,612,0,299
11732,3798.43,0,-2,0,0,12.55,618,0,299
11782,3847.14,0,-3,0,0,-60.22,625,0,299
11832,3835.34,0,-3,0,0,13.78,633,0,299
11882,3808.07,0,-2,0,0,14.56,643,0,301
11932,3849.11,0,-3,0,0,-52.61,651,0,301
11982,3837.30,0,-3,0,0,9.84,659,0,301
12032,3849.11,0,-3,0,0,-13.78,668,0,301
12082,3835.34,0,-3,0,0,26.66,676,0,301
12132,3874.97,-2,-3,0,0,12.05,688,0,301
12182,3873.97,0,-3,0,0,1.00,697,0,301
12232,3798.43,0,-2,0,0,23.23,704,0,301
12282,3823.60,0,-2,0,0,-38.59,710,0,301
12332,3747.19,0,-1,0,0,27.34,715,0,301
12382,3735.06,0,-1,0,0,-36.83,718,0,301
12432,3722.08,0,-1,0,0,20.43,721,0,301
12482,3662.11,0,0,-1,0,37.03,726,2,303
12532,3639.01,0,0,0,0,-14.07,726,3,303
12582,3592.81,0,0,0,0,-9.61,726,3,303
12632,3593.67,0,0,0,0,-33.00,726,3,303
12682,3572.28,0,0,0,0,21.40,737,3,310
12732,3564.64,0,0,0,0,26.46,737,3,310
12782,3549.46,0,0,1,0,427.21,745,4,316
12832,3491.62,0,1,0,0,236.94,750,4,341
12882,3535.23,0,0,1,0,-33.02,752,5,341
12932,3469.81,0,1,0,0,32.41,755,5,341
12982,3491.62,0,1,0,0,-52.83,759,5,341
13032,3429.36,0,2,0,0,20.51,763,5,341
13082,3480.28,0,1,0,0,-30.42,766,5,341
13132,3438.79,0,2,0,0,22.22,770,5,341
13182,3524.44,0,0,0,0,-64.23,772,5,341
13232,3523.61,0,0,0,0,-34.42,773,5,341
13282,3457.81,0,1,0,0,189.16,777,6,352
13332,3534.40,0,0,1,0,-54.12,779,7,352
13382,3493.25,0,1,0,0,31.19,781,7,352
13432,3546.10,0,0,1,0,-33.22,783,8,352
13483,3480.28,0,1,0,0,22.76,786,8,352
13533,3568.03,0,0,0,0,-46.90,787,9,352
13583,3556.19,0,0,1,0,20.35,787,11,352
13633,3610.11,0,0,1,0,20.35,787,11,352
13683,3616.20,0,0,0,0,-55.64,787,11,352
13733,3649.63,0,0,-1,0,-23.82,787,13,352
13783,3648.75,0,0,-1,0,12.47,787,16,352
13833,3671.97,0,0,0,0,-8.07,788,17,352
13883,3648.75,0,0,-1,0,13.36,788,20,352
13933,3695.49,0,-1,0,0,-31.59,790,21,352
13983,3675.57,0,0,0,0,31.80,791,22,352
14033,3683.69,0,-1,0,0,-34.06,792,24,352
14083,3663.00,0,0,-1,0,18.88,793,26,352
14133,3699.14,0,-1,0,0,-24.47,795,26,352
14183,3637.25,0,0,0,0,23.97,795,27,352
14233,3684.60,0,-1,0,0,62.59,797,27,356
14283,3650.52,0,0,-1,0,66.95,804,28,360
14333,3604.90,0,0,0,0,-13.96,804,28,360
14383,3614.46,0,0,0,0,-33.22,804,28,360
14433,3604.90,0,-6,0,-6,-847.79,814,28,366
14483,3560.41,0,0,0,0,517.90,825,28,373
14533,3604.90,0,-4,0,-4,-711.35,833,28,378
14583,3562.10,0,0,0,0,353.33,840,28,381
14633,3545.26,0,0,1,0,162.10,844,29,394
14683,3595.40,0,1,0,0,9.03,846,29,394
14733,3534.40,0,0,1,0,-19.05,847,30,394
14783,3470.62,0,1,0,0,22.63,850,30,394
14833,3534.40,0,0,1,0,-54.12,852,31,394
14883,3510.41,0,1,0,0,45.77,854,32,394
14934,3514.53,0,1,0,0,-42.30,857,32,394
14984,3511.24,0,1,0,0,33.19,859,33,394
15034,3553.66,0,0,1,0,-19.26,859,35,394
15084,3502.22,0,1,0,0,20.56,861,36,394
15134,3574.83,0,0,0,0,-42.10,861,38,394
15184,3509.59,0,1,0,0,21.48,862,40,394
15234,3514.53,0,1,0,0,9.91,863,40,394
15284,3560.41,0,0,0,0,428.95,873,40,400
15334,3500.58,0,1,0,0,380.40,880,40,424
15384,3602.31,0,-2,0,-13,-335.62,883,40,437
15434,3501.40,0,1,0,0,311.51,888,40,453
15484,3591.09,0,-2,0,-9,-248.66,891,40,462
15534,3568.03,0,0,0,0,146.68,893,40,472
15584,3556.19,0,0,1,0,22.06,893,41,472
15634,3493.25,0,1,0,0,31.19,894,41,472
15684,3512.06,0,1,0,0,-31.78,897,41,472
15734,3481.09,0,1,0,0,21.95,900,41,472
15784,3481.09,0,1,0,0,-42.30,904,41,472
15834,3480.28,0,1,0,0,31.78,907,41,472
15884,3536.07,0,0,1,0,-43.63,909,42,472
15934,3469.81,0,1,0,0,21.81,912,42,472
15984,3522.78,0,1,0,0,-41.69,915,42,472
16034,3546.10,0,0,1,0,-46.33,916,43,472
16084,3309.07,9,3,0,20,505.79,925,43,514
16134,3544.42,0,0,1,0,-38.11,926,44,528
16184,3533.57,0,0,1,0,34.46,927,45,528
16234,3544.42,0,0,1,0,-33.19,928,47,528
16284,3545.26,0,0,1,0,21.92,929,48,528
16334,3610.98,0,0,0,0,13.68,929,48,528
16384,3604.04,0,0,0,0,-36.51,929,48,528
16434,3624.06,0,0,0,0,-8.73,929,49,528
16484,3555.34,0,0,1,0,18.64,929,50,528
16534,3639.01,0,0,0,0,-56.49,929,50,528
16584,3604.90,0,0,0,0,-21.76,929,50,528
16634,3662.11,0,0,-1,0,-35.42,929,52,528
16684,3613.59,0,0,-1,0,-32.78,929,53,528
16734,3660.32,0,0,-1,0,-19.55,930,55,528
16784,3663.90,0,0,-1,0,21.61,931,57,528
16834,3683.69,0,-1,0,0,-23.37,932,59,528
16884,3677.37,0,-1,0,0,31.83,934,60,528
16934,3626.69,0,0,0,0,25.61,934,61,528
16984,3591.95,0,0,0,0,-32.26,934,61,528
17034,3589.38,0,0,0,0,21.29,934,61,528
17084,3573.13,0,0,0,0,26.58,934,61,528
17134,3567.18,0,0,0,0,10.21,934,61,528
17184,3554.50,0,0,1,0,22.89,934,63,528
17234,3590.23,0,0,0,0,17.10,934,63,528
17284,3586.80,0,0,0,0,11.99,934,63,528
17334,3632.84,0,0,0,0,-27.07,934,63,528
17384,3604.90,0,0,0,0,-21.76,934,63,528
17434,3585.09,0,0,0,0,-32.34,934,63,528
17484,3582.52,0,0,0,0,17.90,934,63,528
17534,3610.98,0,0,0,0,-50.32,934,63,528
17584,3543.59,0,0,1,0,11.76,934,65,528
17634,3611.85,0,0,0,0,21.30,934,65,528
17684,3595.40,0,0,0,0,21.30,934,65,528
17734,3610.98,0,0,0,0,21.30,934,65,528
17784,3573.13,0,0,0,0,18.82,934,65,528
17835,3629.32,0,0,0,0,-35.65,934,65,528
17885,3553.66,0,0,1,0,28.00,934,66,528
17935,3622.31,0,0,0,0,-55.98,934,66,528
17985,3604.04,0,0,0,0,-39.09,934,66,528
18035,3578.24,0,0,0,0,-11.91,934,66,528
18085,3577.39,0,0,0,0,32.72,934,67,528
18135,3643.43,0,0,-1,0,-39.39,934,68,528
18185,3593.67,0,0,0,0,-4.37,934,68,528
18235,3653.19,0,0,-1,0,-37.86,934,70,528
18285,3616.20,0,0,0,0,-10.56,934,70,528
18335,3590.23,0,0,0,0,17.10,934,70,528
18385,3577.39,0,0,0,0,24.05,934,70,528
18435,3633.72,0,0,0,0,-27.95,934,70,528
18485,3614.46,0,0,-1,0,-41.34,934,71,528
18535,3650.52,0,0,-1,0,-23.83,934,73,528
18585,3586.80,0,0,0,0,20.32,934,73,528
18635,3624.06,0,0,0,0,-48.38,934,73,528
18685,3604.90,0,0,0,0,-47.92,934,73,528
18735,3578.24,0,0,0,0,-12.76,934,73,528
18785,3585.94,0,0,0,0,16.15,934,73,528
18835,3554.50,0,0,1,0,32.30,934,74,528
18885,3491.62,0,1,0,0,17.97,936,75,528
18935,3574.83,0,0,0,0,-42.93,936,77,528
18985,3534.40,0,0,1,0,30.24,936,79,528
19035,3546.94,0,0,1,0,-44.72,938,80,528
19085,3545.26,0,0,1,0,22.77,939,81,528
19135,3610.11,0,0,1,0,22.06,939,82,528
19185,3587.66,0,0,0,0,36.98,939,82,528
19235,3647.86,0,0,-1,0,-54.18,939,83,528
19286,3625.82,0,0,0,0,26.49,939,84,528
19336,3638.13,0,0,0,0,-11.43,939,85,528
19386,3624.94,0,0,0,0,37.17,939,86,528
19436,3672.87,0,0,0,0,-47.05,939,87,528
19486,3592.81,0,0,0,0,12.32,939,87,528
19536,3661.22,0,0,-1,0,-33.65,939,88,528
19586,3652.30,0,0,-1,0,31.39,940,90,528
19636,3633.72,0,0,0,0,-18.39,940,90,528
19686,3602.31,0,0,-1,0,-31.58,940,91,528
19736,3605.77,0,0,-1,0,-39.36,940,92,528
19786,3593.67,0,0,0,0,-37.19,940,92,528
19836,3643.43,0,0,-1,0,-27.23,940,93,528
19886,3613.59,0,0,-1,0,-25.48,940,94,528
19936,3610.98,0,0,0,0,26.53,940,94,528
19986,3591.95,0,0,0,0,-37.19,940,94,528
20036,3576.54,0,0,0,0,-21.19,940,95,528
20086,3582.52,0,0,0,0,14.44,940,95,528
20136,3573.98,0,0,0,0,8.54,940,95,528
20186,3563.79,0,0,0,0,23.87,940,96,528
20236,3567.18,0,0,0,0,5.10,940,96,528
20286,3543.59,0,0,1,0,21.90,940,98,528
20336,3552.82,0,0,1,0,-20.08,940,101,528
20386,3555.34,0,0,1,0,32.31,940,103,528
20436,3598.85,0,0,1,0,33.14,940,104,528
20486,3619.69,0,0,1,0,33.14,940,104,528
20536,3502.22,0,1,0,0,386.81,947,104,562
20586,3501.40,0,1,0,0,331.00,953,104,579
20636,3501.40,0,1,0,0,356.62,958,104,594
20686,3501.40,0,1,0,0,331.00,963,104,609
20736,3630.20,0,0,0,0,294.44,968,104,611
20786,3660.32,0,0,-1,0,159.39,971,105,623
20836,3770.74,-1,-2,0,0,-54.19,980,105,659
20886,3652.30,0,0,-1,0,31.39,981,107,659
20936,3662.11,0,0,-1,0,-47.65,981,108,659
20986,3638.13,0,0,0,0,23.98,981,109,659
21036,3708.28,0,-1,0,0,-55.98,983,110,659
21086,3626.69,0,0,0,0,22.05,983,112,659
21136,3623.19,0,0,0,0,9.65,983,113,659
21186,3626.69,0,0,0,0,25.61,983,114,659
21236,3639.01,0,0,0,0,-0.88,983,115,659
21286,3638.13,0,0,0,0,23.98,983,116,659
21336,3660.32,0,0,-1,0,-12.46,983,119,659
21386,3626.69,0,0,0,0,33.63,983,121,659
21436,3601.44,0,0,0,0,33.63,983,121,659
21486,3556.19,0,0,1,0,34.05,983,122,659
21536,3567.18,0,0,0,0,-2.54,983,122,659
21586,3564.64,0,0,0,0,22.16,983,123,659
21636,3610.98,0,0,0,0,22.16,983,123,659
21686,3563.79,0,0,0,0,18.73,983,123,659
21736,3620.56,0,0,0,0,-34.62,983,123,659
21786,3596.26,0,0,0,0,-34.62,983,123,659
21836,3572.28,0,0,0,0,23.98,983,123,659
21886,3557.03,0,0,1,0,19.51,983,125,659
21936,3613.59,0,0,0,0,26.57,983,125,659
21986,3604.90,0,0,0,0,-36.48,983,125,659
22036,3633.72,0,0,0,0,-29.68,983,125,659
22086,3576.54,0,0,0,0,28.36,983,125,659
22136,3624.06,0,0,0,0,-48.38,983,125,659
22187,3546.10,0,0,1,0,19.39,983,126,659
22237,3623.19,0,0,0,0,-50.06,983,126,659
22287,3604.90,0,0,0,0,-40.83,983,126,659
22337,3640.78,0,0,-1,0,-37.61,983,127,659
22387,3591.95,0,0,0,0,-17.43,983,127,659
22437,3581.66,0,0,0,0,-46.17,983,127,659
22487,3582.52,0,0,0,0,17.02,983,127,659
22537,3576.54,0,0,0,0,-32.95,983,129,659
22587,3600.58,0,0,0,0,11.90,983,129,659
22637,3560.41,0,0,0,0,441.73,992,129,665
22687,3617.07,0,-4,0,-4,-657.98,1000,129,670
22737,3540.24,0,0,1,0,387.49,1008,130,673
22787,3503.85,0,1,0,0,286.90,1013,130,689
22837,3591.95,0,0,0,0,66.75,1014,130,694
22887,3633.72,0,0,0,0,-16.65,1014,131,694
22937,3624.94,0,0,0,0,91.61,1015,132,697
22987,3501.40,0,1,0,0,341.80,1020,132,713
23037,3606.64,0,-4,0,-2,-452.56,1025,132,715
23087,3501.40,0,1,0,0,393.69,1032,132,749
23137,3582.52,0,0,0,0,20.38,1032,133,751
23187,3627.57,0,0,0,0,7.91,1032,133,751
23237,3624.94,0,0,0,0,93.45,1033,134,755
23287,3501.40,0,1,0,0,367.57,1038,134,773
23337,3593.67,0,-5,0,-3,-585.86,1044,134,776
23387,3605.77,0,-6,0,-5,-828.54,1054,134,781
23437,3501.40,0,1,0,0,323.18,1059,134,798
23487,3603.17,0,-2,0,-12,-317.03,1062,134,810
23537,3501.40,0,1,0,0,320.26,1067,134,827
23587,3625.82,0,0,0,0,166.85,1070,134,838
23638,3503.85,0,1,0,0,300.36,1075,134,854
23688,3591.95,0,-1,0,-7,-210.54,1077,134,861
23738,3545.26,0,0,1,0,99.05,1078,136,862
23788,3533.57,0,0,1,0,-37.88,1080,137,862
23838,3449.07,0,1,0,0,32.83,1083,137,862
23888,3490.81,0,1,0,0,-30.60,1086,137,862
23938,3419.19,0,2,0,0,30.67,1090,137,862
23988,3469.81,0,1,0,0,-31.02,1094,137,862
24038,3459.41,0,1,0,0,33.02,1097,137,862
24088,3438.79,1,2,0,0,21.42,1101,137,862
24138,3427.79,0,2,0,0,-18.70,1105,137,862
24188,3429.36,0,2,0,0,24.48,1110,137,862
24238,3439.58,0,2,0,0,10.28,1114,137,862
24288,3428.57,0,2,0,0,11.01,1120,137,862
24338,3490.81,0,1,0,0,-30.60,1123,137,862
24388,3469.81,0,1,0,0,10.47,1126,137,862
24438,3544.42,0,0,1,0,-41.39,1128,138,862
24488,3554.50,0,0,1,0,24.60,1129,139,862
24538,3587.66,0,0,0,0,26.58,1129,139,862
24588,3586.80,0,0,0,0,22.17,1129,139,862
24638,3652.30,0,0,-1,0,-36.10,1129,140,862
24688,3576.54,0,0,0,0,28.36,1129,140,862
24738,3653.19,0,0,-1,0,-48.29,1129,141,862
24788,3653.19,0,0,-1,0,20.58,1129,142,862
24838,3671.97,0,0,0,0,-23.22,1129,144,862
24888,3675.57,0,0,0,0,31.80,1130,145,862
24938,3685.50,0,-1,0,0,-22.50,1132,146,862
24988,3687.32,0,-1,0,0,25.56,1134,146,862
25038,3734.13,0,-1,0,0,-24.01,1137,146,862
25088,3699.14,0,-1,0,0,24.80,1140,146,862
25138,3674.67,0,0,0,0,24.47,1142,146,862
25188,3653.19,0,0,-1,0,20.58,1142,148,862
25238,3687.32,0,-1,0,0,-11.75,1144,148,862
25288,3687.32,0,-1,0,0,23.72,1147,148,862
25338,3663.90,0,0,-1,0,24.32,1149,149,862
25388,3604.90,0,0,0,0,23.80,1149,150,862
25438,3650.52,0,0,-1,0,-24.71,1149,152,862
25488,3630.20,0,0,0,0,45.37,1149,152,862
25538,3672.87,0,0,0,0,-25.01,1149,154,862
25588,3606.64,0,-1,0,0,-137.70,1150,154,862
25638,3634.60,0,0,0,0,106.98,1152,154,872
25688,3557.03,0,0,1,0,184.55,1155,155,884
25738,3534.40,0,0,1,0,-31.37,1157,156,884
25788,3520.30,0,1,0,0,25.80,1159,157,884
25838,3512.06,0,1,0,0,9.90,1161,158,884
25888,3511.24,0,1,0,0,22.33,1163,159,884
25938,3557.03,0,0,1,0,-36.73,1164,161,884
25988,3481.89,0,1,0,0,24.42,1166,161,884
26038,3533.57,0,0,1,0,-41.95,1168,162,884
26088,3460.21,0,1,0,0,20.88,1171,162,884
26138,3512.88,0,1,0,0,-32.60,1174,162,884
26188,3481.09,0,1,0,0,32.62,1177,162,884
26238,3509.59,0,1,0,0,24.81,1178,163,884
26288,3501.40,0,1,0,0,378.58,1186,163,909
26338,3534.40,0,0,1,0,28.54,1186,164,909
26388,3543.59,0,0,1,0,-40.55,1188,165,909
26438,3533.57,0,0,1,0,34.46,1189,166,909
26488,3600.58,0,0,0,0,7.65,1189,166,909
26539,3604.90,0,0,0,0,-55.50,1189,166,909
26589,3642.54,0,0,-1,0,-26.34,1189,167,909
26639,3573.13,0,0,0,0,12.81,1189,167,909
26689,3652.30,0,0,-1,0,-49.13,1189,168,909
26739,3641.66,0,0,-1,0,30.31,1189,169,909
26789,3779.29,-1,-2,0,-12,-294.16,1192,169,921
26839,3626.69,0,0,0,0,31.84,1192,170,921
26889,3695.49,0,-1,0,0,-42.30,1193,171,921
26939,3675.57,0,0,0,0,23.57,1195,171,921
26989,3716.55,0,-1,0,0,127.63,1199,171,933
27039,3659.43,0,0,-1,0,-20.42,1210,172,941
27089,3653.19,0,0,-1,0,20.58,1210,173,941
27139,3637.25,0,0,0,0,25.76,1211,174,941
27189,3615.33,0,0,-1,0,-28.24,1211,175,941
27239,3610.98,0,0,-1,0,-28.24,1211,175,941
27289,3604.04,0,0,0,0,-21.74,1211,175,941
27339,3631.96,0,0,0,0,-27.06,1211,175,941
27389,3604.90,0,0,0,0,-10.48,1211,175,941
27439,3650.52,0,0,-1,0,-23.83,1211,177,941
27489,3626.69,0,0,0,0,35.42,1211,178,941
27539,3653.19,0,0,-1,0,-37.86,1211,179,941
27589,3664.79,0,0,-1,0,-45.10,1211,180,941
27639,3639.01,0,0,0,0,-42.75,1211,180,941
27689,3614.46,0,0,-1,0,-38.70,1211,181,941
27739,3643.43,0,0,-1,0,-37.66,1211,182,941
27789,3614.46,0,0,-1,0,-35.04,1211,183,941
27839,3616.20,0,0,0,0,30.95,1211,184,941
27889,3585.09,0,0,0,0,30.95,1211,184,941
27939,3564.64,0,0,0,0,22.16,1211,184,941
27990,3556.19,0,0,1,0,20.35,1211,186,941
28040,3600.58,0,0,0,0,8.50,1211,186,941
28090,3594.54,0,0,0,0,-38.90,1211,186,941
28140,3587.66,0,0,1,0,28.69,1211,187,941
28190,3578.24,0,0,0,0,33.60,1211,187,941
28240,3611.85,0,0,0,0,26.58,1211,187,941
28290,3572.28,0,0,0,0,17.96,1211,187,941
28340,3567.18,0,0,0,0,8.50,1211,187,941
28390,3576.54,0,0,0,0,-20.35,1211,188,941
28440,3549.46,0,0,1,0,532.18,1222,189,949
28490,3606.64,0,-4,0,-4,-724.30,1230,189,954
28540,3529.41,0,0,0,0,371.76,1237,189,957
28590,3601.44,0,-1,0,-12,-314.24,1240,189,969
28640,3577.39,0,0,0,0,29.25,1240,189,969
28690,3520.30,0,1,0,0,12.44,1241,191,969
28740,3509.59,0,1,0,0,25.64,1243,192,969
28790,3500.58,0,1,0,0,33.82,1244,193,969
28840,3535.23,0,0,1,0,34.49,1244,194,969
28890,3564.64,0,0,0,0,-33.57,1244,196,969
28940,3553.66,0,0,1,0,45.19,1244,198,969
28990,3502.22,0,1,0,0,18.08,1246,199,969
29040,3510.41,0,1,0,0,24.82,1248,200,969
29090,3565.49,0,0,0,0,-23.57,1248,202,969
29140,3572.28,0,0,0,0,26.57,1248,203,969
29190,3642.54,0,0,-1,0,-48.87,1248,204,969
29240,3626.69,0,0,0,0,35.42,1248,205,969
29290,3695.49,0,-1,0,0,-43.19,1250,206,969
29340,3675.57,0,0,0,0,31.80,1251,207,969
29390,3685.50,0,-1,0,0,-48.26,1252,208,969
29440,3663.90,0,0,-1,0,43.47,1253,210,969
29490,3625.82,0,0,0,0,0.00,1253,211,969
29540,3625.82,0,0,0,0,27.37,1253,212,969
29590,3660.32,0,0,-1,0,-10.69,1253,215,969
29640,3596.26,0,0,0,0,30.12,1253,215,969
29690,3643.43,0,0,-1,0,-28.97,1253,216,969
29740,3616.20,0,0,0,0,-14.90,1253,216,969
29790,3601.44,0,0,0,0,-7.86,1253,216,969
29840,3586.80,0,0,0,0,24.05,1253,216,969
29890,3642.54,0,0,-1,0,-37.64,1253,217,969
29940,3573.13,0,0,0,0,21.41,1253,217,969
29990,3620.56,0,0,0,0,-35.48,1253,217,969
30040,3616.20,0,0,0,0,-29.66,1253,217,969
30090,3653.19,0,0,-1,0,-36.99,1253,218,969
30140,3615.33,0,0,-1,0,-22.08,1253,219,969
30190,3604.90,0,0,0,0,-14.00,1253,219,969
30240,3521.95,0,1,0,0,33.39,1254,220,969
30290,3534.40,0,0,1,0,-53.32,1256,221,969
30340,3509.59,0,1,0,0,26.48,1258,222,969
30390,3563.79,0,0,0,0,-31.89,1258,224,969
30440,3545.26,0,0,1,0,29.57,1258,226,969
30490,3589.38,0,0,0,0,11.96,1258,226,969
30540,3532.74,0,0,1,0,11.69,1258,228,969
30590,3597.98,0,0,1,0,7.60,1258,229,969
30640,3594.54,0,0,0,0,20.59,1258,229,969
30690,3600.58,0,0,0,0,20.59,1258,229,969
30740,3585.09,0,0,0,0,30.85,1258,229,969
30790,3638.13,0,0,0,0,-44.45,1258,229,969
30840,3563.79,0,0,0,0,19.58,1258,229,969
30891,3623.19,0,0,0,0,-47.50,1258,229,969
30941,3577.39,0,0,0,0,33.59,1258,229,969
30991,3630.20,0,0,0,0,-45.12,1258,229,969
31041,3626.69,0,0,0,0,25.61,1258,230,969
31091,3643.43,0,0,-1,0,-28.10,1258,232,969
31141,3636.36,0,0,0,0,16.83,1258,233,969
31191,3648.75,0,0,-1,0,-7.09,1258,235,969
31241,3626.69,0,0,0,0,25.61,1258,236,969
31291,3662.11,0,0,-1,0,-25.75,1258,238,969
31341,3626.69,0,0,0,0,22.05,1258,240,969
31391,3642.54,0,0,-1,0,-39.37,1258,241,969
31441,3592.81,0,0,0,0,-5.25,1258,241,969
31491,3565.49,0,0,0,0,-10.14,1258,242,969
31541,3531.07,0,0,1,0,16.70,1258,244,969
31591,3577.39,0,0,0,0,-33.80,1258,245,969
31641,3562.95,0,0,0,0,25.57,1258,246,969
31691,3575.69,0,0,0,0,-43.78,1258,248,969
31741,3581.66,0,0,1,0,22.87,1258,249,969
31791,3595.40,0,0,1,0,22.87,1258,249,969
31841,3628.45,0,0,0,0,432.19,1267,249,974
31891,3637.25,0,0,0,0,-10.55,1279,249,983
31941,3627.57,0,0,0,0,10.56,1279,249,983
31991,3604.90,0,0,0,0,10.62,1279,250,983
32041,3604.04,0,0,0,0,-39.24,1279,250,983
32091,3652.30,0,0,-1,0,-37.84,1279,252,983
32141,3626.69,0,0,0,0,23.83,1279,253,983
32191,3653.19,0,0,-1,0,-38.73,1279,254,983
32241,3626.69,0,0,0,0,34.52,1279,255,983
32291,3614.46,0,0,0,0,42.67,1279,255,983
32342,3616.20,0,0,0,0,-50.49,1279,255,983
32392,3604.90,0,0,-1,0,-36.10,1279,256,983
32442,3604.90,0,0,0,0,-29.51,1279,256,983
32492,3653.19,0,0,-1,0,-37.86,1279,258,983
32542,3615.33,0,0,-1,0,-36.12,1279,259,983
32592,3662.11,0,0,-1,0,-35.42,1279,261,983
32642,3653.19,0,0,-1,0,19.68,1279,262,983
32692,3616.20,0,0,0,0,17.73,1279,263,983
32742,3573.13,0,0,0,0,19.68,1279,263,983
32792,3620.56,0,0,0,0,-33.76,1279,263,983
32842,3554.50,0,0,1,0,23.74,1279,264,983
32892,3611.85,0,0,0,0,23.88,1279,264,983
32942,3568.88,0,0,0,0,42.97,1279,264,983
32992,3520.30,0,1,0,0,12.44,1280,266,983
33042,3521.13,0,1,0,0,25.81,1282,267,983
33092,3576.54,0,0,0,0,-32.11,1282,268,983
33142,3531.90,0,0,1,0,22.60,1282,271,983
33192,3587.66,0,0,1,0,21.20,1282,272,983
33242,3546.10,0,0,1,0,20.23,1282,273,983
33292,3545.26,0,0,1,0,104.37,1284,275,990
33342,3610.98,0,0,0,0,23.83,1284,275,990
33392,3604.90,0,0,0,0,-43.44,1284,275,990
33442,3581.66,0,0,0,0,0.88,1284,275,990
33492,3586.80,0,0,0,0,3.42,1284,275,990
33542,3653.19,0,0,-1,0,-45.69,1284,276,990
33592,3614.46,0,0,-1,0,-38.85,1284,277,990
33642,3625.82,0,0,0,0,-33.00,1284,277,990
33692,3604.90,0,0,0,0,-38.43,1284,277,990
33742,3584.23,0,-1,0,0,-109.34,1285,277,990
33792,3603.17,0,-1,0,-6,-195.03,1287,277,996
33842,3662.11,0,0,-1,0,-31.91,1287,279,996
33892,3639.89,0,0,0,0,59.24,1288,279,996
33942,3502.22,0,1,0,0,393.89,1293,279,1014
33992,3647.86,0,0,-1,0,14.25,1303,281,1020
34042,3594.54,0,0,0,0,26.42,1303,281,1020
34092,3629.32,0,0,0,0,-37.37,1303,281,1020
34142,3582.52,0,0,0,0,-37.37,1303,281,1020
34192,3549.46,0,0,1,0,476.31,1313,282,1025
34242,3606.64,0,-4,0,-4,-643.20,1321,282,1030
34292,3500.58,0,1,0,0,366.39,1328,282,1064
34342,3567.18,0,0,0,0,92.25,1329,283,1070
34392,3532.74,0,0,1,0,32.75,1329,284,1070
34442,3533.57,0,0,1,0,0.83,1329,286,1070
34492,3531.07,0,0,1,0,15.03,1330,288,1070
34542,3587.66,0,0,1,0,32.97,1330,289,1070
34592,3531.07,0,0,1,0,14.19,1330,291,1070
34642,3576.54,0,0,0,0,-32.95,1330,292,1070
34692,3572.28,0,0,0,0,26.57,1330,293,1070
34742,3610.98,0,0,0,0,26.57,1330,293,1070
34792,3604.04,0,0,0,0,-33.93,1330,293,1070
34842,3641.66,0,0,-1,0,-26.33,1330,295,1070
34892,3626.69,0,0,0,0,15.85,1330,296,1070
34942,3622.31,0,0,0,0,-16.54,1330,296,1070
34992,3615.33,0,0,0,0,-32.26,1330,296,1070
35042,3633.72,0,0,0,0,-17.52,1330,296,1070
35092,3583.37,0,0,0,0,-17.52,1330,296,1070
35142,3583.37,0,0,0,0,-17.52,1330,296,1070
35192,3586.80,0,0,0,0,15.34,1330,296,1070
35243,3588.52,0,0,0,0,15.34,1330,296,1070
35293,3581.66,0,0,0,0,24.72,1330,296,1070
35343,3599.71,0,0,0,0,24.72,1330,296,1070
35393,3586.80,0,0,0,0,24.72,1330,296,1070
35443,3638.13,0,0,0,0,-42.73,1330,296,1070
35493,3616.20,0,0,0,0,-40.16,1330,296,1070
35543,3661.22,0,0,-1,0,-23.09,1330,298,1070
35593,3641.66,0,0,-1,0,30.31,1330,300,1070
35643,3579.95,0,0,0,0,34.51,1330,300,1070
35693,3649.63,0,0,-1,0,14.26,1331,302,1070
35743,3626.69,0,0,0,0,24.72,1332,303,1070
35793,3593.67,0,0,0,0,-20.13,1332,303,1070
35843,3552.82,0,0,1,0,2.53,1332,305,1070
35893,3546.10,0,0,1,0,40.70,1332,307,1070
35943,3557.03,0,0,1,0,-44.15,1334,308,1070
35993,3493.25,0,1,0,0,10.61,1336,308,1070
36043,3521.95,0,1,0,0,-1.65,1338,309,1070
36093,3522.78,0,1,0,0,41.86,1339,309,1070
36143,3535.23,0,0,1,0,-43.61,1341,310,1070
36193,3521.95,0,1,0,0,33.39,1343,311,1070
36243,3597.12,0,0,1,0,32.98,1343,312,1070
36293,3585.09,0,0,0,0,34.18,1343,312,1070
36343,3599.71,0,0,0,0,34.18,1343,312,1070
36393,3577.39,0,0,0,0,23.19,1343,312,1070
36443,3591.95,0,0,0,0,-44.05,1343,312,1070
36493,3624.94,0,0,0,0,37.17,1353,313,1076
36543,3650.52,0,0,-1,0,-23.83,1353,314,1076
36593,3640.78,0,0,-1,0,43.82,1354,316,1076
36643,3650.52,0,0,-1,0,-23.83,1354,318,1076
36694,3638.13,0,0,0,0,23.09,1354,319,1076
36744,3633.72,0,0,0,0,-17.52,1354,319,1076
36794,3626.69,0,0,0,0,23.83,1354,320,1076
36844,3625.82,0,0,0,0,0.00,1354,321,1076
36894,3554.50,0,0,1,0,28.01,1354,322,1076
36944,3576.54,0,0,0,0,-45.46,1354,324,1076
36994,3554.50,0,0,1,0,33.16,1354,326,1076
37044,3600.58,0,0,0,0,24.71,1354,326,1076
37094,3586.80,0,0,0,0,25.74,1354,326,1076
37144,3600.58,0,0,0,0,7.68,1354,326,1076
37194,3586.80,0,0,0,0,7.68,1354,326,1076
37244,3553.66,0,0,1,0,33.14,1354,327,1076
37294,3574.83,0,0,0,0,-41.26,1354,328,1076
37344,3562.10,0,0,0,0,352.31,1362,328,1081
37394,3556.19,0,0,1,0,184.46,1366,329,1096
37444,3548.62,0,0,1,0,64.97,1367,330,1096
37494,3555.34,0,0,1,0,11.84,1367,331,1096
37544,3554.50,0,0,1,0,21.18,1367,333,1096
37594,3610.98,0,0,0,0,16.28,1367,333,1096
37644,3594.54,0,0,0,0,16.28,1367,333,1096
37694,3653.19,0,0,-1,0,-36.99,1367,334,1096
37744,3615.33,0,0,-1,0,-24.61,1367,335,1096
37794,3633.72,0,0,0,0,-15.78,1367,335,1096
37844,3637.25,0,0,0,0,31.13,1367,336,1096
37894,3671.97,0,0,0,0,-18.78,1367,338,1096
37944,3638.13,0,0,0,0,20.41,1367,340,1096
37994,3687.32,0,-1,0,0,44.96,1369,340,1096
38044,3617.07,0,-4,0,-3,-562.64,1375,340,1099
38094,3639.01,0,0,0,0,386.75,1384,340,1104
38144,3581.66,0,-6,0,-5,-839.76,1394,340,1111
38194,3501.40,0,1,0,0,308.61,1399,340,1127
38244,3501.40,0,1,0,0,341.80,1404,340,1141
38294,3591.09,0,-2,0,-11,-287.62,1407,340,1152
38344,3526.09,0,0,0,0,160.32,1410,340,1161
38394,3493.25,0,1,0,0,32.85,1411,341,1161
38444,3491.62,0,1,0,0,10.60,1414,341,1161
38494,3503.04,0,1,0,0,-21.14,1417,341,1161
38544,3429.36,0,2,0,0,10.22,1422,341,1161
38594,3459.41,0,1,0,0,-30.05,1426,341,1161
38644,3399.05,0,2,0,0,20.14,1432,341,1161
38694,3398.28,0,2,0,0,20.14,1436,341,1161
38744,3311.26,9,3,0,19,450.03,1447,341,1202
38794,3429.36,0,2,0,0,192.96,1451,341,1210
38844,3428.57,0,2,0,0,-20.26,1457,341,1210
38894,3438.00,0,2,0,0,25.40,1462,341,1210
38944,3512.06,0,1,0,0,-51.85,1465,341,1210
38994,3511.24,0,1,0,0,23.17,1467,342,1210
39044,3587.66,0,0,1,0,23.43,1467,344,1210
39094,3564.64,0,0,0,0,23.02,1467,345,1210
39144,3610.11,0,0,0,0,23.02,1467,345,1210
39194,3616.20,0,0,0,0,-34.79,1467,345,1210
39244,3673.77,0,0,0,0,-47.08,1467,346,1210
39294,3596.26,0,0,0,0,37.41,1467,346,1210
39344,3652.30,0,0,-1,0,-38.71,1467,348,1210
39394,3625.82,0,0,0,0,17.61,1467,349,1210
39444,3672.87,0,0,0,0,-47.93,1467,350,1210
39494,3664.79,0,0,-1,0,7.18,1467,352,1210
39544,3712.87,0,-1,0,0,-37.30,1469,352,1210
39595,3687.32,0,-1,0,0,34.77,1472,352,1210
39645,3683.69,0,-1,0,0,-34.06,1473,354,1210
39695,3663.90,0,0,-1,0,43.47,1474,356,1210
39745,3671.97,0,0,0,0,-8.07,1475,357,1210
39795,3653.19,0,0,-1,0,18.78,1475,359,1210
39845,3683.69,0,-1,0,0,-20.69,1477,360,1210
39895,3664.79,0,0,-1,0,8.08,1477,362,1210
39945,3664.79,0,0,-1,0,10.78,1478,363,1210
39995,3615.33,0,0,-1,0,-5.32,1478,365,1210
40045,3641.66,0,0,-1,0,-38.49,1478,366,1210
40095,3605.77,0,0,0,0,-12.27,1478,366,1210
40145,3600.58,0,0,0,0,14.51,1478,366,1210
40195,3576.54,0,0,0,0,43.15,1478,366,1210
40245,3565.49,0,0,0,0,-22.74,1478,368,1210
40295,3531.07,0,0,1,0,23.43,1478,371,1210
40345,3477.86,0,1,0,0,55.71,1479,372,1210
40395,3320.79,0,3,0,0,66.75,1486,372,1210
40445,3261.58,2,4,0,0,-18.34,1497,372,1210
40495,3198.98,0,5,0,0,-13.59,1507,372,1210
40545,3110.10,0,6,0,0,52.46,1523,372,1210
40595,3101.74,0,6,0,0,49.52,1534,372,1210
40645,3135.45,0,6,0,0,-17.60,1552,372,1210
40695,3101.74,4,6,0,0,50.19,1569,372,1210
40745,3118.50,0,6,0,0,50.06,1580,372,1210
40795,3223.03,0,4,0,0,-77.72,1594,372,1210
40846,3207.87,4,5,0,0,43.11,1608,372,1210
40896,3243.94,0,4,0,0,44.81,1616,372,1210
40946,3346.72,0,3,0,0,-75.18,1626,372,1210
40996,3340.01,0,3,0,0,47.52,1634,372,1210
41046,3449.86,0,1,0,0,-70.72,1639,372,1210
41096,3449.86,0,1,0,0,31.22,1643,372,1210
41146,3481.09,0,1,0,0,30.97,1645,372,1210
41196,3503.04,0,1,0,0,286.76,1652,372,1228
41246,3569.73,0,0,0,0,148.67,1654,372,1235
41296,3627.57,0,0,0,0,78.88,1656,372,1240
41346,3501.40,0,1,0,0,329.04,1660,372,1255
41396,3700.05,0,-1,0,0,107.06,1664,372,1261
41446,3746.25,0,-1,0,0,-48.94,1676,372,1281
41496,3735.99,0,-1,0,0,22.47,1680,372,1281
41546,3797.47,0,-2,0,0,-62.41,1685,372,1281
41596,3762.23,0,-2,0,0,34.28,1691,372,1281
41646,3822.63,0,-2,0,0,-49.05,1697,372,1281
41696,3706.45,0,-1,0,0,91.02,1702,372,1281
41746,3823.60,0,-2,0,0,-30.94,1709,372,1287
41796,3835.34,-1,-3,0,0,-39.79,1719,372,1288
41846,3810.98,0,-2,0,0,38.14,1726,372,1288
41896,3849.11,0,-3,0,0,-39.11,1734,372,1288
41946,3810.98,0,-2,0,0,38.14,1741,372,1288
41996,3849.11,0,-3,0,0,-25.51,1749,372,1288
42046,3810.98,0,-2,0,0,34.19,1756,372,1288
42096,3899.14,-3,-3,0,-3,-154.76,1771,372,1298
42146,3837.30,0,-3,0,0,-39.83,1778,372,1298
42196,3798.43,0,-2,0,0,26.15,1784,372,1298
42246,3821.66,0,-2,0,0,-22.26,1790,372,1298
42296,3785.97,0,-2,0,0,24.04,1796,372,1298
42346,3769.79,0,-2,0,0,-19.79,1801,372,1298
42396,3757.52,-1,-2,0,0,-35.43,1810,372,1301
42446,3698.22,0,-1,0,0,25.71,1813,372,1301
42496,3699.14,0,-1,0,0,-12.73,1816,372,1301
42546,3604.90,0,0,0,0,16.84,1816,373,1301
42596,3638.13,0,0,0,0,-44.45,1816,373,1301
42646,3556.19,0,0,1,0,26.33,1816,374,1301
42696,3564.64,0,0,0,0,-31.07,1816,375,1301
42746,3522.78,0,1,0,0,42.71,1817,376,1301
42796,3480.28,0,1,0,0,21.12,1819,376,1301
42846,3503.04,0,1,0,0,284.84,1826,376,1321
42896,3488.37,0,1,0,0,47.70,1828,377,1321
42946,3490.81,0,1,0,0,-23.40,1831,377,1321
42996,3460.21,0,1,0,0,42.01,1834,377,1321
43046,3502.22,0,1,0,0,-32.41,1837,377,1321
43096,3481.09,0,1,0,0,20.31,1840,377,1321
43146,3512.06,0,1,0,0,-31.78,1843,377,1321
43196,3503.85,0,1,0,0,18.93,1846,377,1321
43246,3524.44,0,0,0,0,-14.84,1847,378,1321
43297,3409.87,1,2,0,0,112.92,1851,378,1321
43347,3545.26,0,0,1,0,-34.02,1852,380,1330
43397,3544.42,0,0,1,0,-25.77,1853,381,1330
43447,3503.04,0,1,0,0,271.50,1859,381,1349
43497,3531.07,0,0,1,0,26.80,1860,383,1349
43547,3510.41,0,1,0,0,26.49,1862,384,1349
43597,3566.33,0,0,0,0,-44.38,1863,385,1349
43648,3521.95,0,1,0,0,43.53,1864,386,1349
43698,3546.10,0,0,1,0,-24.97,1865,388,1349
43748,3525.26,0,0,0,0,104.06,1866,388,1351
43798,3563.79,0,0,0,0,-31.06,1866,390,1351
43848,3543.59,0,0,1,0,32.95,1866,392,1351
43898,3600.58,0,0,0,0,35.06,1866,392,1351
43948,3587.66,0,0,0,0,35.06,1866,392,1351
43998,3546.10,0,0,1,0,30.44,1866,393,1351
44048,3531.07,0,0,1,0,15.03,1867,395,1351
44098,3587.66,0,0,1,0,32.13,1867,396,1351
44148,3534.40,0,0,1,0,29.39,1867,398,1351
44198,3597.12,0,0,1,0,30.42,1867,399,1351
44248,3562.95,0,0,0,0,26.43,1867,399,1351
44298,3587.66,0,0,1,0,13.43,1867,401,1351
44348,3563.79,0,0,0,0,23.87,1867,402,1351
44398,3611.85,0,0,0,0,44.66,1867,402,1351
44448,3577.39,0,0,0,0,31.85,1867,402,1351
44498,3629.32,0,0,0,0,-34.79,1867,402,1351
44548,3613.59,0,0,-1,0,-41.10,1867,403,1351
44598,3671.97,0,0,0,0,-56.64,1867,404,1351
44648,3638.13,0,0,0,0,23.98,1867,405,1351
44698,3660.32,0,0,-1,0,-18.66,1867,407,1351
44748,3638.13,0,0,0,0,23.09,1867,408,1351
44798,3650.52,0,0,-1,0,-12.40,1867,410,1351
44848,3638.13,0,0,0,0,23.09,1867,411,1351
44898,3661.22,0,0,-1,0,-35.40,1867,413,1351
44948,3636.36,0,0,0,0,16.83,1867,414,1351
44998,3672.87,0,0,0,0,-46.18,1867,415,1351
45048,3641.66,0,0,-1,0,31.21,1867,416,1351
45099,3661.22,0,0,-1,0,-23.09,1867,418,1351
45149,3630.20,0,0,0,0,41.77,1867,418,1351
45199,3627.57,0,0,0,0,-0.88,1867,419,1351
45249,3604.04,0,0,-1,0,-31.58,1867,420,1351
45299,3641.66,0,0,-1,0,-27.20,1867,422,1351
45349,3596.26,0,0,-1,0,-27.20,1867,422,1351
45399,3629.32,0,0,0,0,-46.81,1867,422,1351
45449,3594.54,0,0,0,0,-41.67,1867,422,1351
45499,3556.19,0,0,1,0,15.24,1867,423,1351
45549,3534.40,0,0,1,0,31.93,1868,424,1351
45599,3574.83,0,0,0,0,-41.26,1868,425,1351
45649,3557.03,0,0,1,0,19.51,1868,427,1351
45699,3598.85,0,0,0,0,24.87,1868,427,1351
45749,3594.54,0,0,0,0,26.57,1868,427,1351
45799,3581.66,0,0,0,0,-33.91,1868,427,1351
45849,3555.34,0,0,1,0,33.17,1868,428,1351
45899,3600.58,0,0,0,0,22.16,1868,428,1351
45949,3577.39,0,0,0,0,35.33,1868,428,1351
45999,3597.98,0,0,1,0,20.36,1868,429,1351
46049,3577.39,0,0,0,0,33.59,1868,429,1351
46099,3619.69,0,0,0,0,33.59,1868,429,1351
46149,3587.66,0,0,0,0,42.30,1868,429,1351
46199,3600.58,0,0,0,0,28.15,1868,429,1351
46249,3571.43,0,0,0,0,51.76,1868,429,1351
46299,3597.98,0,0,1,0,39.86,1868,430,1351
46349,3578.24,0,0,0,0,33.60,1868,430,1351
46399,3639.01,0,0,0,0,-44.47,1868,430,1351
46449,3591.95,0,0,0,0,-40.83,1868,430,1351
46499,3629.32,0,0,0,0,-35.65,1868,430,1351
46550,3604.90,0,0,0,0,-22.73,1868,430,1351
46600,3652.30,0,0,-1,0,-36.97,1868,431,1351
46650,3615.33,0,0,0,0,-14.03,1868,431,1351
46700,3652.30,0,0,-1,0,-37.84,1868,433,1351
46750,3626.69,0,0,0,0,36.31,1868,434,1351
46800,3629.32,0,0,0,0,-33.93,1868,434,1351
46850,3604.04,0,0,-1,0,-41.97,1868,435,1351
46900,3652.30,0,0,-1,0,-36.97,1868,437,1351
46950,3625.82,0,0,0,0,2.63,1868,437,1351
47000,3576.54,0,0,0,0,-21.19,1868,438,1351
47050,3545.26,0,0,1,0,53.59,1868,440,1351
47100,3564.64,0,0,0,0,-31.90,1868,441,1351
47150,3555.34,0,0,1,0,43.50,1868,443,1351
47200,3589.38,0,0,0,0,35.90,1868,443,1351
47250,3585.94,0,0,0,0,17.10,1868,443,1351
47300,3572.28,0,0,0,0,14.52,1868,443,1351
47350,3511.24,0,1,0,0,44.95,1869,444,1351
47400,3560.41,0,0,0,0,439.59,1878,444,1356
47450,3606.64,0,-4,0,-4,-647.14,1885,444,1361
47500,3569.73,0,0,0,0,130.32,1887,444,1368
47550,3615.33,0,0,-1,0,-124.79,1887,446,1368
47600,3591.95,0,-1,0,-7,-213.00,1889,446,1375
47650,3625.82,0,0,0,0,99.97,1891,446,1384
47700,3579.95,0,0,0,0,173.80,1893,446,1395
47750,3523.61,0,0,0,0,182.84,1895,446,1404
47800,3521.13,0,1,0,0,25.81,1896,448,1404
47850,3533.57,0,0,1,0,-12.44,1897,450,1404
47900,3484.32,0,1,0,0,39.29,1899,450,1404
47950,3482.70,0,1,0,0,-54.91,1903,450,1404
48000,3449.86,0,1,0,0,42.57,1907,450,1404
48050,3492.43,0,1,0,0,-43.36,1910,450,1404
48100,3449.86,0,1,0,0,41.76,1913,450,1404
48150,3398.28,0,2,0,0,30.29,1917,450,1404
48200,3478.66,0,1,0,0,166.54,1922,451,1419
48250,3449.86,0,1,0,0,43.38,1926,451,1419
48300,3439.58,0,2,0,0,21.43,1930,451,1419
48350,3429.36,0,2,0,0,20.51,1935,451,1419
48400,3490.81,0,1,0,0,-51.23,1939,451,1419
48450,3469.81,0,1,0,0,21.00,1942,451,1419
48500,3522.78,0,1,0,0,-52.17,1945,451,1419
48550,3511.24,0,1,0,0,34.86,1947,452,1419
48600,3534.40,0,0,1,0,31.93,1947,453,1419
48650,3503.04,0,1,0,0,274.35,1953,453,1435
48700,3537.74,0,0,1,0,145.05,1955,454,1438
48750,3552.82,0,0,1,0,-15.92,1955,456,1438
48800,3536.07,0,0,1,0,48.16,1955,458,1438
48850,3544.42,0,0,1,0,-35.65,1956,460,1438
48900,3543.59,0,0,1,0,14.29,1956,462,1438
48950,3574.83,0,0,0,0,-19.49,1956,463,1438
49000,3546.10,0,0,1,0,29.59,1956,465,1438
49050,3597.98,0,0,1,0,40.70,1956,466,1438
49100,3555.34,0,0,1,0,32.31,1956,467,1438
49150,3611.85,0,0,0,0,25.69,1956,467,1438
49200,3586.80,0,0,0,0,25.69,1956,467,1438
49250,3629.32,0,0,0,0,-36.51,1956,467,1438
49300,3603.17,0,0,0,0,-39.30,1956,467,1438
49350,3624.06,0,0,0,0,-46.67,1956,467,1438
49400,3604.04,0,0,0,0,-47.06,1956,467,1438
49451,3653.19,0,0,-1,0,-37.86,1956,469,1438
49501,3604.04,0,0,0,0,-15.78,1956,469,1438
49551,3629.32,0,0,0,0,-35.65,1956,469,1438
49601,3615.33,0,0,0,0,-38.42,1956,469,1438
49651,3661.22,0,0,-1,0,-36.28,1956,471,1438
49701,3626.69,0,0,0,0,35.42,1956,472,1438
49751,3671.97,0,0,0,0,-30.31,1956,473,1438
49801,3615.33,0,0,-1,0,0.00,1956,475,1438
49851,3673.77,0,0,0,0,-47.08,1956,476,1438
49901,3624.94,0,0,0,0,36.28,1956,477,1438
49951,3614.46,0,0,-1,0,-35.38,1956,478,1438
50001,3604.90,0,0,0,0,-44.94,1956,478,1438
50051,3596.26,0,0,0,0,-26.18,1956,478,1438
50101,3556.19,0,0,1,0,32.33,1956,479,1438
50151,3630.20,0,0,0,0,-46.83,1956,479,1438
50201,3606.64,0,-1,0,0,-141.42,1957,480,1438
50251,3673.77,0,0,0,0,-35.64,1957,481,1438
50301,3687.32,0,-1,0,0,20.97,1959,482,1438
50351,3711.03,0,-1,0,0,-15.54,1962,482,1438
50401,3711.03,0,-1,0,0,36.16,1965,482,1438
50451,3710.12,0,-1,0,0,23.08,1976,482,1443
50501,3722.08,0,-1,0,0,0.92,1980,482,1443
50551,3710.12,0,-1,0,0,25.87,1983,482,1443
50601,3699.14,0,-1,0,0,10.98,1986,482,1443
50651,3710.12,0,-1,0,0,12.89,1989,482,1443
50701,3638.13,0,0,0,0,24.88,1990,483,1443
50751,3636.36,0,0,0,0,24.85,1990,484,1443
50801,3661.22,0,0,-1,0,-23.09,1990,486,1443
50851,3604.04,0,0,-1,0,18.67,1990,487,1443
50902,3591.09,0,0,0,0,-26.17,1990,487,1443
50952,3566.33,0,0,0,0,34.24,1990,487,1443
51002,3576.54,0,0,0,0,-21.19,1990,488,1443
51052,3575.69,0,0,0,0,24.89,1990,488,1443
51102,3599.71,0,0,0,0,24.89,1990,488,1443
51152,3575.69,0,0,0,0,25.76,1990,488,1443
51202,3564.64,0,0,0,0,-32.73,1990,490,1443
51252,3555.34,0,0,1,0,21.19,1990,492,1443
51302,3531.90,0,0,1,0,22.60,1990,494,1443
51352,3532.74,0,0,1,0,25.14,1990,496,1443
51402,3587.66,0,0,1,0,27.88,1990,497,1443
51452,3586.80,0,0,0,0,14.53,1990,497,1443
51502,3567.18,0,0,0,0,9.36,1990,497,1443
51552,3565.49,0,0,0,0,11.05,1990,498,1443
51602,3600.58,0,0,0,0,24.05,1990,498,1443
51652,3586.80,0,0,0,0,23.19,1990,498,1443
51702,3629.32,0,0,0,0,-44.24,1990,498,1443
51752,3603.17,0,0,0,0,-23.49,1990,498,1443
51802,3639.01,0,0,0,0,-12.32,1990,499,1443
51852,3596.26,0,0,0,0,-12.32,1990,499,1443
51902,3652.30,0,0,-1,0,-36.97,1990,501,1443
51952,3586.80,0,0,0,0,21.22,1990,501,1443
52002,3662.11,0,0,-1,0,-57.21,1990,502,1443
52052,3605.77,0,0,0,0,33.66,1990,502,1443
52102,3587.66,0,0,1,0,23.60,1990,503,1443
52152,3586.80,0,0,0,0,24.71,1990,503,1443
52202,3610.98,0,0,0,0,13.71,1990,503,1443
52252,3595.40,0,0,0,0,13.71,1990,503,1443
52302,3663.00,0,0,-1,0,-46.80,1990,504,1443
52352,3627.57,0,0,0,0,10.56,1990,504,1443
52402,3639.01,0,0,0,0,-12.32,1990,505,1443
52452,3625.82,0,0,0,0,22.04,1990,506,1443
52502,3662.11,0,0,-1,0,-23.98,1990,508,1443
52552,3586.80,0,0,0,0,32.78,1990,508,1443
52602,3629.32,0,0,0,0,-45.95,1990,508,1443
52652,3626.69,0,0,0,0,16.74,1990,509,1443
52702,3577.39,0,0,0,0,0.00,1990,509,1443
52752,3564.64,0,0,0,0,32.48,1990,510,1443
52802,3619.69,0,0,0,0,32.48,1990,510,1443
52852,3556.19,0,0,1,0,17.79,1990,511,1443
52902,3610.11,0,0,0,0,11.96,1990,511,1443
52952,3604.90,0,0,0,0,-33.93,1990,511,1443
53002,3642.54,0,0,-1,0,-35.91,1990,512,1443
53052,3636.36,0,0,0,0,7.07,1990,513,1443
53102,3650.52,0,0,-1,0,-12.40,1990,515,1443
53152,3586.80,0,0,-1,0,-12.40,1990,515,1443
53202,3572.28,0,0,0,0,21.40,1990,515,1443
53252,3554.50,0,0,1,0,-8.40,1990,517,1443
53302,3516.17,0,1,0,0,495.59,2001,517,1450
53352,3501.40,0,1,0,0,330.02,2008,517,1476
53402,3578.24,0,0,0,0,189.65,2011,517,1487
53452,3578.24,0,0,0,0,80.29,2012,518,1494
53502,3577.39,0,0,0,0,25.78,2012,518,1494
53552,3633.72,0,0,0,0,-29.68,2012,518,1494
53602,3615.33,0,0,-1,0,-31.64,2012,519,1494
53652,3600.58,0,0,0,0,32.59,2012,519,1494
53702,3563.79,0,0,0,0,32.47,2012,519,1494
53752,3610.98,0,0,0,0,32.47,2012,519,1494
53803,3529.41,0,0,0,0,72.03,2012,519,1494
53853,3581.66,0,0,-1,0,-139.86,2012,520,1494
53903,3545.26,0,0,1,0,26.17,2012,522,1494
53953,3600.58,0,0,0,0,31.62,2012,522,1494
54003,3572.28,0,0,0,0,17.10,2012,522,1494
54053,3601.44,0,0,0,0,16.25,2012,522,1494
54103,3586.80,0,0,0,0,16.25,2012,522,1494
54153,3620.56,0,0,0,0,-35.48,2012,522,1494
54203,3582.52,0,0,0,0,-22.61,2012,522,1494
54253,3647.86,0,0,-1,0,-54.18,2012,523,1494
54303,3572.28,0,0,0,0,23.12,2012,523,1494
54353,3639.01,0,0,0,0,-42.75,2012,523,1494
54403,3604.90,0,0,0,0,-30.48,2012,523,1494
54453,3604.90,0,0,0,0,-27.06,2012,523,1494
54503,3596.26,0,0,0,0,-27.06,2012,523,1494
54553,3598.85,0,0,1,0,23.75,2012,524,1494
54603,3579.10,0,0,0,0,21.48,2012,524,1494
54653,3648.75,0,0,-1,0,-55.07,2012,525,1494
54703,3615.33,0,0,-1,0,-35.06,2012,526,1494
54753,3642.54,0,0,-1,0,-37.64,2012,527,1494
54803,3572.28,0,0,0,0,14.52,2012,527,1494
54853,3609.24,0,0,0,0,14.52,2012,527,1494
54903,3575.69,0,0,0,0,25.76,2012,527,1494
54953,3633.72,0,0,0,0,-28.82,2012,527,1494
55003,3563.79,0,0,0,0,23.01,2012,527,1494
55053,3629.32,0,0,0,0,-42.52,2012,527,1494
55103,3604.90,0,0,0,0,-41.67,2012,527,1494
55153,3573.98,0,0,0,0,12.82,2012,527,1494
55203,3565.49,0,0,0,0,11.05,2012,528,1494
55254,3612.72,0,0,0,0,17.96,2012,528,1494
55304,3587.66,0,0,0,0,17.96,2012,528,1494
55354,3576.54,0,0,0,0,-30.44,2012,529,1494
55404,3521.95,0,1,0,0,20.80,2013,531,1494
55454,3585.94,0,0,1,0,4.22,2013,533,1494
55504,3510.41,0,1,0,0,31.50,2014,535,1494
55554,3576.54,0,0,0,0,-34.63,2014,537,1494
55604,3580.81,0,0,1,0,25.40,2014,538,1494
55654,3639.01,0,0,0,0,-43.61,2014,538,1494
55704,3638.13,0,0,0,0,23.98,2014,539,1494
55754,3683.69,0,-1,0,0,-42.03,2015,540,1494
55804,3640.78,0,0,-1,0,43.82,2016,542,1494
55854,3603.17,0,0,0,0,30.05,2016,543,1494
55904,3615.33,0,0,0,0,-53.95,2016,543,1494
55954,3662.11,0,0,-1,0,-35.42,2016,545,1494
56004,3638.13,0,0,0,0,10.62,2016,547,1494
56054,3671.97,0,0,0,0,-30.31,2016,548,1494
56104,3641.66,0,0,-1,0,32.11,2016,549,1494
56154,3683.69,0,-1,0,0,-22.48,2017,551,1494
56204,3675.57,0,0,0,0,43.75,2018,552,1494
56254,3652.30,0,0,-1,0,58.73,2019,553,1494
56304,3585.09,0,0,0,0,29.99,2019,553,1494
56354,3581.66,0,0,0,0,-45.12,2019,553,1494
56404,3563.79,0,0,0,0,33.33,2019,554,1494
56454,3574.83,0,0,0,0,-40.43,2019,555,1494
56504,3499.77,0,1,0,0,31.31,2020,557,1494
56554,3545.26,0,0,1,0,-42.23,2022,558,1494
56604,3541.91,0,0,1,0,17.65,2022,560,1494
56654,3565.49,0,0,0,0,-12.67,2022,562,1494
56704,3572.28,0,0,0,0,26.57,2022,563,1494
56754,3620.56,0,0,0,0,-33.76,2022,563,1494
56804,3544.42,0,0,1,0,23.61,2022,564,1494
56854,3619.69,0,0,1,0,23.61,2022,564,1494
56904,3593.67,0,0,0,0,-31.31,2022,564,1494
56954,3600.58,0,0,0,0,12.76,2022,564,1494
57004,3604.90,0,0,0,0,-48.35,2022,564,1494
57054,3604.90,0,0,-1,0,-51.85,2022,565,1494
57104,3586.80,0,0,0,0,32.62,2022,565,1494
57154,3642.54,0,0,-1,0,-37.64,2022,566,1494
57204,3575.69,0,0,0,0,30.08,2022,566,1494
57254,3639.01,0,0,0,0,-45.34,2022,566,1494
57304,3614.46,0,0,-1,0,-58.80,2022,567,1494
57354,3633.72,0,0,0,0,-17.52,2022,567,1494
57404,3626.69,0,0,0,0,25.61,2022,568,1494
57454,3683.69,0,-1,0,0,-42.03,2023,569,1494
57504,3636.36,0,0,0,0,24.85,2023,571,1494
57554,3673.77,0,0,0,0,-47.08,2023,572,1494
57604,3641.66,0,0,-1,0,30.31,2023,574,1494
57654,3637.25,0,0,0,0,15.06,2024,575,1494
57704,3592.81,0,0,0,0,-31.42,2024,575,1494
57754,3629.32,0,0,0,0,-37.37,2024,575,1494
57804,3624.94,0,0,0,0,18.49,2024,576,1494
57854,3661.22,0,0,-1,0,-32.77,2024,577,1494
57904,3649.63,0,0,-1,0,12.47,2024,579,1494
57954,3660.32,0,0,-1,0,-12.46,2024,582,1494
58004,3626.69,0,0,0,0,23.83,2024,583,1494
58054,3577.39,0,0,0,0,26.65,2024,583,1494
58104,3555.34,0,0,1,0,10.14,2024,585,1494
58155,3611.85,0,0,0,0,23.01,2024,585,1494
58205,3556.19,0,0,1,0,21.20,2024,586,1494
58255,3589.38,0,0,0,0,20.59,2024,586,1494
58305,3566.33,0,0,0,0,34.24,2024,586,1494
58355,3534.40,0,0,1,0,-13.27,2025,588,1494
58405,3521.95,0,1,0,0,35.92,2026,589,1494
58455,3577.39,0,0,0,0,-32.13,2026,590,1494
58505,3509.59,0,1,0,0,23.14,2027,592,1494
58555,3552.82,0,0,1,0,-20.08,2027,595,1494
58605,3545.26,0,0,1,0,29.57,2027,597,1494
58655,3586.80,0,0,1,0,27.90,2027,598,1494
58705,3568.88,0,0,0,0,43.84,2027,598,1494
58755,3543.59,0,0,1,0,12.60,2027,600,1494
58805,3501.40,0,1,0,0,339.83,2034,600,1521
58855,3502.22,0,1,0,0,340.98,2039,600,1536
58905,3501.40,0,1,0,0,341.80,2044,600,1551
58955,3629.32,0,0,0,0,332.64,2049,600,1554
59005,3639.89,0,0,0,0,33.88,2059,600,1560
59055,3696.40,0,-1,0,0,-33.40,2061,601,1560
59105,3641.66,0,0,-1,0,30.31,2061,603,1560
59155,3649.63,0,0,-1,0,-12.39,2061,605,1560
59205,3653.19,0,0,-1,0,19.68,2061,607,1560
59255,3638.13,0,0,0,0,14.17,2062,608,1560
59305,3604.90,0,0,0,0,-8.73,2062,608,1560
59355,3662.11,0,0,-1,0,-46.78,2062,610,1560
59405,3640.78,0,0,-1,0,32.09,2062,612,1560
59455,3664.79,0,0,-1,0,-48.59,2062,614,1560
59505,3626.69,0,0,0,0,26.50,2062,615,1560
59555,3604.90,0,0,0,0,23.98,2062,616,1560
59606,3564.64,0,0,0,0,25.60,2062,616,1560
59656,3543.59,0,0,1,0,30.40,2062,617,1560
59706,3532.74,0,0,1,0,20.08,2062,620,1560
59756,3554.50,0,0,1,0,-10.08,2062,622,1560
59806,3542.75,0,0,1,0,12.60,2062,625,1560
59856,3634.60,0,0,0,0,-123.37,2063,625,1560
59906,3576.54,0,0,0,0,24.04,2063,625,1560
59956,3568.03,0,0,0,0,-46.90,2064,626,1560
60006,3564.64,0,0,0,0,23.02,2064,627,1560
60056,3564.64,0,0,0,0,24.74,2064,627,1560
60106,3550.30,0,0,1,0,365.13,2073,628,1565
60156,3545.26,0,0,1,0,208.49,2077,629,1580
60206,3572.28,0,0,0,0,18.82,2078,629,1580
60256,3496.50,0,1,0,0,89.44,2079,630,1580
60306,3610.98,0,0,-1,-4,-168.29,2079,631,1584
60356,3554.50,0,0,1,0,12.68,2079,632,1584
60406,3598.85,0,0,1,0,10.14,2079,633,1584
60456,3567.18,0,0,0,0,9.36,2079,633,1584
60506,3600.58,0,0,0,0,24.85,2079,633,1584
60556,3594.54,0,0,0,0,25.74,2079,633,1584
60606,3600.58,0,0,0,0,25.74,2079,633,1584
60656,3574.83,0,0,0,0,45.73,2079,633,1584
60706,3576.54,0,0,0,0,-22.88,2079,634,1584
60756,3568.03,0,0,0,0,43.82,2079,634,1584
60806,3564.64,0,0,0,0,-32.73,2079,636,1584
60856,3564.64,0,0,0,0,23.02,2079,637,1584
60906,3610.98,0,0,0,0,15.39,2079,637,1584
60956,3545.26,0,0,1,0,19.38,2079,638,1584
61006,3542.75,0,0,1,0,2.51,2079,640,1584
61056,3532.74,0,0,1,0,12.52,2080,642,1584
61106,3587.66,0,0,1,0,0.84,2080,644,1584
61156,3577.39,0,0,0,0,34.46,2080,644,1584
61206,3612.72,0,0,0,0,14.53,2080,644,1584
61256,3585.09,0,0,0,0,37.88,2080,644,1584
61306,3648.75,0,0,-1,0,-52.49,2080,645,1584
61356,3578.24,0,0,0,0,26.66,2080,645,1584
61406,3642.54,0,0,-1,0,-37.64,2080,646,1584
61456,3569.73,0,0,0,0,24.81,2080,646,1584
61506,3611.85,0,0,0,0,-1.71,2080,646,1584
61556,3604.90,0,0,0,0,-54.78,2080,646,1584
61606,3642.54,0,0,-1,0,-38.51,2080,647,1584
61656,3649.63,0,0,-1,0,13.37,2080,649,1584
61706,3707.36,0,-1,0,0,-43.47,2082,650,1584
61756,3625.82,0,0,0,0,26.49,2083,651,1584
61806,3649.63,0,0,-1,0,-22.07,2083,652,1584
61856,3616.20,0,0,-1,0,-32.61,2083,653,1584
61906,3610.11,0,0,0,0,23.99,2083,653,1584
61956,3593.67,0,0,0,0,-44.26,2083,653,1584
62006,3624.06,0,0,0,0,-20.89,2083,654,1584
62056,3593.67,0,0,0,0,-30.54,2083,654,1584
62106,3600.58,0,0,0,0,23.98,2083,654,1584
62156,3586.80,0,0,0,0,23.98,2083,654,1584
62206,3564.64,0,0,0,0,-19.38,2083,655,1584
62256,3557.03,0,0,1,0,17.80,2083,657,1584
62306,3578.24,0,0,0,0,-0.85,2083,657,1584
62356,3532.74,0,0,1,0,20.08,2083,660,1584
62406,3585.94,0,0,1,0,19.38,2083,661,1584
62456,3573.13,0,0,0,0,26.58,2083,661,1584
62507,3588.52,0,0,0,0,28.28,2083,661,1584
62557,3577.39,0,0,0,0,24.05,2083,661,1584
62607,3619.69,0,0,0,0,24.05,2083,661,1584
62657,3616.20,0,0,0,0,-41.87,2083,661,1584
62707,3604.04,0,0,-1,0,-32.55,2083,662,1584
62757,3555.34,0,0,1,0,33.17,2083,663,1584
62807,3521.95,0,1,0,0,19.12,2084,664,1584
62857,3568.88,0,0,0,0,137.57,2087,664,1596
62907,3559.56,0,0,1,0,54.02,2088,665,1596
62957,3599.71,0,0,0,0,6.79,2088,665,1596
63007,3586.80,0,0,0,0,35.07,2088,665,1596
63057,3633.72,0,0,0,0,-28.82,2088,665,1596
63107,3571.43,0,0,0,0,22.25,2088,665,1596
63157,3638.13,0,0,0,0,-44.45,2088,665,1596
63207,3638.13,0,0,0,0,15.95,2088,666,1596
63257,3671.97,0,0,0,0,-19.67,2088,668,1596
63307,3652.30,0,0,-1,0,68.86,2089,669,1596
63357,3501.40,0,1,0,0,363.58,2095,669,1614
63407,3639.89,0,0,0,0,436.19,2102,669,1618
63457,3676.47,0,0,0,0,299.15,2108,669,1621
63507,3681.88,0,-1,0,0,-32.25,2121,670,1630
63557,3604.90,0,0,0,0,17.62,2121,671,1630
63607,3582.52,0,0,0,0,-19.16,2121,671,1630
63657,3555.34,0,0,1,0,21.19,2121,673,1630
63707,3562.95,0,0,0,0,35.04,2121,673,1630
63757,3606.64,0,-4,0,-4,-700.58,2129,673,1635
63807,3540.24,0,0,1,0,398.84,2137,674,1639
63857,3503.04,0,1,0,0,276.25,2142,674,1655
63907,3533.57,0,0,1,0,33.61,2142,676,1655
63958,3531.07,0,0,1,0,6.66,2142,678,1655
64008,3521.13,0,1,0,0,13.27,2144,679,1655
64058,3587.66,0,0,1,0,25.11,2144,681,1655
64108,3562.10,0,0,0,0,36.75,2144,682,1655
64158,3587.66,0,0,1,0,33.82,2144,683,1655
64208,3577.39,0,0,0,0,23.19,2144,683,1655
64258,3643.43,0,0,-1,0,-38.53,2144,684,1655
64308,3573.98,0,0,0,0,17.97,2144,684,1655
64358,3638.13,0,0,0,0,-45.31,2144,684,1655
64408,3625.82,0,0,0,0,36.29,2144,685,1655
64458,3624.94,0,0,0,0,28.25,2144,686,1655
64508,3626.69,0,0,0,0,35.42,2144,687,1655
64558,3624.94,0,0,0,0,16.72,2144,688,1655
64608,3615.33,0,0,-1,0,-38.51,2144,689,1655
64658,3639.01,0,0,0,0,-13.19,2144,690,1655
64708,3663.90,0,0,-1,0,-121.99,2144,692,1655
64758,3663.00,0,0,-1,0,-48.55,2144,694,1655
64808,3628.45,0,0,0,0,45.32,2144,694,1655
64858,3624.06,0,0,0,0,-8.73,2144,695,1655
64908,3604.90,0,0,0,0,-39.09,2144,695,1655
64958,3605.77,0,0,0,0,-28.82,2144,695,1655
65008,3596.26,0,0,0,0,30.94,2144,695,1655
65058,3611.85,0,0,0,0,33.55,2144,695,1655
65108,3602.31,0,0,0,0,33.55,2144,695,1655
65158,3652.30,0,0,-1,0,-49.13,2144,696,1655
65208,3615.33,0,0,-1,0,-33.48,2144,697,1655
65258,3610.98,0,0,-1,0,-33.48,2144,697,1655
65308,3604.04,0,0,0,0,-40.16,2144,697,1655
65358,3619.69,0,0,0,0,-40.16,2144,697,1655
65408,3603.17,0,0,0,0,-34.79,2144,697,1655
65458,3633.72,0,0,0,0,-17.52,2144,697,1655
65508,3605.77,0,0,0,0,-23.61,2144,697,1655
65558,3662.11,0,0,-1,0,-47.65,2144,698,1655
65608,3615.33,0,0,0,0,-16.66,2144,698,1655
65658,3638.13,0,0,0,0,-14.06,2144,698,1655
65708,3563.79,0,0,0,0,35.92,2144,698,1655
65758,3576.54,0,0,0,0,-22.04,2144,699,1655
65808,3575.69,0,0,0,0,24.89,2144,699,1655
65858,3601.44,0,0,0,0,15.39,2144,699,1655
65908,3522.78,0,1,0,0,31.72,2145,700,1655
65958,3577.39,0,0,0,0,-33.80,2145,701,1655
66008,3555.34,0,0,1,0,21.19,2145,703,1655
66058,3598.85,0,0,0,0,33.35,2145,703,1655
66108,3595.40,0,0,0,0,33.35,2145,703,1655
66158,3604.04,0,0,0,0,-42.73,2145,703,1655
66208,3594.54,0,0,0,0,-42.73,2145,703,1655
66258,3633.72,0,0,0,0,-28.82,2145,703,1655
66308,3617.07,0,0,0,0,-17.57,2145,703,1655
66358,3650.52,0,0,-1,0,-23.83,2145,705,1655
66408,3577.39,0,0,0,0,28.38,2145,705,1655
66458,3620.56,0,0,0,0,-33.76,2145,705,1655
66508,3604.04,0,0,-1,0,-33.32,2145,706,1655
66558,3556.19,0,0,1,0,7.60,2145,707,1655
66608,3544.42,0,0,1,0,32.11,2145,709,1655
66658,3600.58,0,0,0,0,25.71,2145,709,1655
66708,3584.23,0,0,0,0,25.71,2145,709,1655
66758,3610.98,0,0,0,0,25.71,2145,709,1655
66808,3593.67,0,0,0,0,-25.17,2145,709,1655
66859,3639.01,0,0,0,0,-46.20,2145,709,1655
66909,3614.46,0,0,0,0,-21.00,2145,709,1655
66959,3610.11,0,0,0,0,20.55,2145,709,1655
67009,3603.17,0,0,0,0,-53.07,2145,709,1655
67059,3653.19,0,0,-1,0,-38.73,2145,711,1655
67109,3579.10,0,0,0,0,15.44,2145,711,1655
67159,3563.79,0,0,0,0,30.74,2145,711,1655
67209,3554.50,0,0,1,0,22.04,2145,713,1655
67259,3565.49,0,0,0,0,-23.57,2145,715,1655
67309,3562.95,0,0,0,0,24.71,2145,716,1655
67359,3583.37,0,0,0,0,24.71,2145,716,1655
67409,3586.80,0,0,0,0,11.09,2145,716,1655
67459,3629.32,0,0,0,0,-34.79,2145,716,1655
67509,3615.33,0,0,0,0,-21.87,2145,716,1655
67559,3661.22,0,0,-1,0,-23.09,2145,718,1655
67609,3595.40,0,0,0,0,31.01,2145,718,1655
67659,3633.72,0,0,0,0,-28.82,2145,718,1655
67709,3615.33,0,0,-1,0,-34.19,2145,719,1655
67759,3663.00,0,0,-1,0,-46.80,2145,720,1655
67809,3587.66,0,0,0,0,40.69,2145,720,1655
67859,3619.69,0,0,0,0,40.69,2145,720,1655
67909,3560.41,0,0,0,0,59.28,2145,720,1655
67959,3598.85,0,0,0,0,29.88,2145,720,1655
68009,3581.66,0,0,0,0,-50.91,2145,720,1655
68059,3567.18,0,0,0,0,5.10,2145,720,1655
68109,3573.13,0,0,0,0,25.72,2145,721,1655
68159,3610.98,0,0,0,0,22.16,2145,721,1655
68209,3591.95,0,0,0,0,-34.62,2145,721,1655
68259,3629.32,0,0,0,0,-42.52,2145,721,1655
68310,3586.80,0,0,0,0,-42.52,2145,721,1655
68360,3610.11,0,0,0,0,-42.52,2145,721,1655
68410,3585.94,0,0,0,0,-42.52,2145,721,1655
68460,3604.90,0,0,0,0,-48.66,2145,721,1655
68510,3555.34,0,0,1,0,12.69,2145,722,1655
68560,3612.72,0,0,0,0,24.84,2145,722,1655
68610,3614.46,0,0,0,0,24.84,2145,722,1655
68660,3632.84,0,0,0,0,-18.38,2145,723,1655
68710,3564.64,0,0,0,0,22.16,2145,723,1655
68760,3587.66,0,0,0,0,23.19,2145,723,1655
68810,3576.54,0,0,0,0,35.31,2145,723,1655
68860,3600.58,0,0,0,0,28.28,2145,723,1655
68910,3582.52,0,0,0,0,-45.78,2145,723,1655
68960,3591.95,0,0,0,0,-41.55,2145,723,1655
69010,3591.95,0,0,0,0,23.07,2145,723,1655
69060,3639.89,0,0,0,0,-47.94,2145,723,1655
69110,3614.46,0,0,0,0,-21.87,2145,723,1655
69160,3612.72,0,0,0,0,16.25,2145,723,1655
69210,3603.17,0,0,0,0,-35.67,2145,723,1655
69260,3599.71,0,0,0,0,-35.67,2145,723,1655
69310,3591.95,0,0,0,0,-34.62,2145,723,1655
69360,3599.71,0,0,0,0,31.62,2145,723,1655
69410,3556.19,0,0,1,0,20.35,2145,724,1655
69460,3610.98,0,0,1,0,20.35,2145,724,1655
69510,3629.32,0,0,0,0,-34.79,2145,724,1655
69560,3663.00,0,0,-1,0,250.38,2152,725,1673
69610,3639.89,0,0,0,0,427.35,2162,725,1680
69660,3660.32,0,0,-1,0,-21.31,2174,726,1689
69710,3614.46,0,0,0,0,12.32,2174,726,1689
69760,3673.77,0,0,0,0,-35.64,2174,727,1689
69810,3653.19,0,0,-1,0,18.78,2174,729,1689
69860,3652.30,0,0,-1,0,-36.10,2174,730,1689
69910,3630.20,0,0,0,0,43.57,2174,730,1689
69960,3673.77,0,0,0,0,-35.64,2174,731,1689
70010,3626.69,0,0,0,0,22.94,2174,732,1689
70060,3672.87,0,0,0,0,-42.67,2174,732,1689
70110,3653.19,0,0,-1,0,18.78,2174,734,1689
70160,3683.69,0,-1,0,0,-34.95,2175,736,1689
70210,3652.30,0,0,-1,0,31.39,2176,738,1689
70260,3586.80,0,0,0,0,19.46,2176,738,1689
70310,3500.58,0,1,0,0,32.15,2177,740,1689
70360,3419.19,0,2,0,0,31.46,2181,740,1689
70410,3369.27,0,2,0,0,29.01,2185,740,1689
70460,3282.99,0,4,0,1,218.41,2195,740,1703
70510,3216.12,0,4,0,0,17.33,2207,740,1703
70560,3161.22,0,5,0,0,18.09,2217,740,1703
70610,2999.40,0,7,0,2,470.41,2235,740,1728
70660,3001.80,6,7,0,0,18.13,2255,740,1728
70710,2948.11,0,8,0,0,23.36,2271,740,1728
70760,2896.31,0,9,0,0,13.48,2288,740,1728
70810,2803.21,4,10,0,0,43.63,2316,740,1728
70860,2747.76,0,11,0,0,39.31,2337,740,1728
70910,2695.90,0,11,0,6,38.33,2359,740,1734
70960,2637.59,0,12,0,7,40.98,2382,740,1744
71010,2594.71,27,13,0,17,99.26,2420,740,1814
71060,2595.16,-7,13,0,-25,-154.54,2448,740,1864
71110,2388.92,24,15,0,15,98.65,2477,740,1896
71160,2467.92,3,14,0,-4,-27.31,2506,740,1908
71211,2297.79,20,16,0,10,66.64,2538,740,1933
71261,2335.36,13,16,0,1,10.23,2570,740,1941
71311,2213.04,23,18,0,6,43.61,2605,740,1959
71361,2248.88,0,17,0,-5,-35.83,2622,740,1964
71411,2155.48,5,18,0,6,46.51,2658,740,1976
71461,2106.74,11,19,0,5,41.02,2695,740,1982
71511,2054.23,22,20,0,6,46.31,2734,740,1988
71561,2047.22,0,20,0,0,7.01,2754,740,1988
71611,1998.14,5,20,0,0,6.14,2794,740,1993
71661,1950.08,17,21,0,0,5.08,2836,740,1998
71711,1907.18,5,22,0,5,42.89,2858,740,2003
71761,1853.91,19,22,0,5,46.99,2902,740,2008
71811,1854.14,22,22,0,0,-0.23,2924,740,2008
71861,1802.88,23,23,0,0,3.26,2970,740,2013
71911,1756.65,28,23,0,5,46.24,2993,740,2018
71961,1704.74,29,24,0,5,52.11,3040,740,2023
72011,1706.68,24,24,0,0,-1.94,3064,740,2023
72061,1658.37,30,25,0,5,48.30,3089,740,2028
72111,1608.92,29,25,0,4,43.97,3139,740,2032
72161,1606.34,25,25,0,0,2.58,3164,740,2032
72211,1554.40,31,26,0,5,51.94,3190,740,2037
72261,1505.12,32,27,0,5,52.19,3243,740,2042
72311,1505.72,27,27,0,0,-0.60,3270,740,2042
72361,1451.38,32,27,0,5,54.34,3297,740,2047
72411,1455.75,27,27,0,0,-4.37,3324,740,2047
72461,1398.86,33,28,0,5,56.88,3352,740,2052
72511,1348.44,34,29,0,5,55.66,3409,740,2057
72561,1350.86,29,29,0,0,-2.43,3438,740,2057
72611,1295.22,33,29,0,4,55.64,3467,740,2061
72662,1297.35,29,29,0,0,-2.13,3496,740,2061
72712,1241.11,34,30,0,4,56.25,3526,740,2065
72762,1244.50,30,30,0,0,-3.40,3556,740,2065
72812,1186.05,35,31,0,4,58.45,3587,740,2069
72862,1190.67,31,31,0,0,-4.61,3618,740,2069
72912,1128.92,36,32,0,4,61.74,3650,740,2073
72962,1135.68,32,32,0,0,-6.75,3682,740,2073
73012,1076.19,36,32,0,4,59.48,3714,740,2077
73062,1077.59,32,32,0,0,-1.39,3746,740,2077
73112,1077.59,32,32,0,0,-1.39,3746,740,2077
73162,1022.91,36,33,0,3,54.67,3779,740,2080
73212,1013.79,33,33,0,0,9.13,3812,740,2080
73262,949.19,38,34,0,4,64.60,3846,740,2084
73312,952.93,34,34,0,0,-3.74,3880,740,2084
73362,952.93,34,34,0,0,-3.74,3880,740,2084
73412,889.57,38,35,0,3,63.35,3915,740,2087
73462,886.84,35,35,0,0,2.73,3950,740,2087
73512,886.84,35,35,0,0,2.73,3950,740,2087
73562,809.89,40,36,0,4,76.95,3986,740,2091
73612,824.81,36,36,0,0,-14.92,4022,740,2091
73662,824.81,36,36,0,0,-14.92,4022,740,2091
73712,746.16,40,37,0,3,78.65,4059,740,2094
73762,739.06,37,37,0,0,7.10,4096,740,2094
73812,739.06,37,37,0,0,7.10,4096,740,2094
73862,669.85,41,38,0,3,69.21,4134,740,2097
73912,669.85,41,38,0,3,69.21,4134,740,2097
73962,652.06,38,38,0,0,17.79,4172,740,2097
74012,652.06,38,38,0,0,17.79,4172,740,2097
74062,577.03,41,39,0,2,75.03,4211,740,2099
74112,577.03,41,39,0,2,75.03,4211,740,2099
74162,549.21,40,39,0,1,27.82,4250,740,2100
74212,549.21,40,39,0,1,27.82,4250,740,2100
74262,549.21,40,39,0,1,27.82,4250,740,2100
74312,461.28,42,40,0,2,87.93,4290,740,2102
74362,461.28,42,40,0,2,87.93,4290,740,2102
74412,461.28,42,40,0,2,87.93,4290,740,2102
74462,416.69,42,41,0,1,44.59,4331,740,2103
74512,416.69,42,41,0,1,44.59,4331,740,2103
74562,416.69,42,41,0,1,44.59,4331,740,2103
74612,416.69,42,41,0,1,44.59,4331,740,2103
75444,117.07,-42,41,0,1,44.59,4331,740,2103
75494,117.07,-42,41,0,1,44.59,4331,740,2103
75544,117.07,-42,41,0,1,44.59,4331,740,2103
75594,117.07,-42,41,0,1,44.59,4331,740,2103
75644,117.07,-42,41,0,1,44.59,4331,740,2103
75694,0.00,-42,41,0,1,44.59,4331,740,2103
75744,0.00,-42,41,0,1,44.59,4331,740,2103
75794,0.00,-42,41,0,1,44.59,4331,740,2103
75844,0.00,-42,41,0,1,44.59,4331,740,2103
75894,0.00,-42,41,0,1,44.59,4331,740,2103
75944,0.00,-42,41,0,1,44.59,4331,740,2103
75994,0.00,-42,41,0,1,44.59,4331,740,2103
76044,0.00,-42,41,0,1,44.59,4331,740,2103
76094,0.00,-42,41,0,1,44.59,4331,740,2103
76144,0.00,-42,41,0,1,44.59,4331,740,2103
76194,0.00,-42,41,0,1,44.59,4331,740,2103
76244,0.00,-42,41,0,1,44.59,4331,740,2103
76294,0.00,-42,41,0,1,44.59,4331,740,2103
76344,0.00,-42,41,0,1,44.59,4331,740,2103
76394,0.00,-42,41,0,1,44.59,4331,740,2103
76444,0.00,-42,41,0,1,44.59,4331,740,2103
76494,0.00,-42,41,0,1,44.59,4331,740,2103
76544,0.00,-42,41,0,1,44.59,4331,740,2103
76594,0.00,-42,41,0,1,44.59,4331,740,2103
76644,0.00,-42,41,0,1,44.59,4331,740,2103
76694,0.00,-42,41,0,1,44.59,4331,740,2103
76744,0.00,-42,41,0,1,44.59,4331,740,2103
76794,0.00,-42,41,0,1,44.59,4331,740,2103
76844,0.00,-42,41,0,1,44.59,4331,740,2103
76894,0.00,-42,41,0,1,44.59,4331,740,2103
76944,0.00,-42,41,0,1,44.59,4331,740,2103
76994,0.00,-42,41,0,1,44.59,4331,740,2103
77044,0.00,-42,41,0,1,44.59,4331,740,2103
77094,0.00,-42,41,0,1,44.59,4331,740,2103
77144,0.00,-42,41,0,1,44.59,4331,740,2103
77194,0.00,-42,41,0,1,44.59,4331,740,2103
77244,0.00,-42,41,0,1,44.59,4331,740,2103
77294,0.00,-42,41,0,1,44.59,4331,740,2103
77344,0.00,-42,41,0,1,44.59,4331,740,2103
77394,0.00,-42,41,0,1,44.59,4331,740,2103
77444,0.00,-42,41,0,1,44.59,4331,740,2103
77494,0.00,-42,41,0,1,44.59,4331,740,2103
77544,0.00,-42,41,0,1,44.59,4331,740,2103
77594,0.00,-42,41,0,1,44.59,4331,740,2103
77644,0.00,-42,41,0,1,44.59,4331,740,2103
77694,0.00,-42,41,0,1,44.59,4331,740,2103
77744,0.00,-42,41,0,1,44.59,4331,740,2103
77794,0.00,-42,41,0,1,44.59,4331,740,2103
77844,0.00,-42,41,0,1,44.59,4331,740,2103
77894,0.00,-42,41,0,1,44.59,4331,740,2103
77944,0.00,-42,41,0,1,44.59,4331,740,2103
77995,0.00,-42,41,0,1,44.59,4331,740,2103
78045,0.00,-42,41,0,1,44.59,4331,740,2103
78095,0.00,-42,41,0,1,44.59,4331,740,2103
78145,0.00,-42,41,0,1,44.59,4331,740,2103
78195,0.00,-42,41,0,1,44.59,4331,740,2103
78245,0.00,-42,41,0,1,44.59,4331,740,2103
78295,0.00,-42,41,0,1,44.59,4331,740,2103
78345,0.00,-42,41,0,1,44.59,4331,740,2103
78395,0.00,-42,41,0,1,44.59,4331,740,2103
78445,0.00,-42,41,0,1,44.59,4331,740,2103
78495,0.00,-42,41,0,1,44.59,4331,740,2103
78545,0.00,-42,41,0,1,44.59,4331,740,2103
78595,0.00,-42,41,0,1,44.59,4331,740,2103
78645,0.00,-42,41,0,1,44.59,4331,740,2103
78695,0.00,-42,41,0,1,44.59,4331,740,2103
78745,0.00,-42,41,0,1,44.59,4331,740,2103
78795,0.00,-42,41,0,1,44.59,4331,740,2103
78845,0.00,-42,41,0,1,44.59,4331,740,2103
78895,0.00,-42,41,0,1,44.59,4331,740,2103
78945,0.00,-42,41,0,1,44.59,4331,740,2103
78995,0.00,-42,41,0,1,44.59,4331,740,2103
79045,0.00,-42,41,0,1,44.59,4331,740,2103
79095,0.00,-42,41,0,1,44.59,4331,740,2103
79145,0.00,-42,41,0,1,44.59,4331,740,2103
79195,0.00,-42,41,0,1,44.59,4331,740,2103
79245,0.00,-42,41,0,1,44.59,4331,740,2103
79295,0.00,-42,41,0,1,44.59,4331,740,2103
79345,0.00,-42,41,0,1,44.59,4331,740,2103
79395,0.00,-42,41,0,1,44.59,4331,740,2103
79446,0.00,-42,41,0,1,44.59,4331,740,2103
79496,0.00,-42,41,0,1,44.59,4331,740,2103
79546,0.00,-42,41,0,1,44.59,4331,740,2103
79596,0.00,-42,41,0,1,44.59,4331,740,2103
79646,0.00,-42,41,0,1,44.59,4331,740,2103
79696,0.00,-42,41,0,1,44.59,4331,740,2103
79746,0.00,-42,41,0,1,44.59,4331,740,2103
79796,0.00,-42,41,0,1,44.59,4331,740,2103
79846,0.00,-42,41,0,1,44.59,4331,740,2103
79896,0.00,-42,41,0,1,44.59,4331,740,2103
79946,0.00,-42,41,0,1,44.59,4331,740,2103
79996,0.00,-42,41,0,1,44.59,4331,740,2103
80046,0.00,-42,41,0,1,44.59,4331,740,2103
80096,0.00,-42,41,0,1,44.59,4331,740,2103
80146,0.00,-42,41,0,1,44.59,4331,740,2103
80196,0.00,-42,41,0,1,44.59,4331,740,2103
80246,0.00,-42,41,0,1,44.59,4331,740,2103
80296,0.00,-42,41,0,1,44.59,4331,740,2103
80346,0.00,-42,41,0,1,44.59,4331,740,2103
80396,0.00,-42,41,0,1,44.59,4331,740,2103
80446,0.00,-42,41,0,1,44.59,4331,740,2103
80496,0.00,-42,41,0,1,44.59,4331,740,2103
80546,0.00,-42,41,0,1,44.59,4331,740,2103
80596,0.00,-42,41,0,1,44.59,4331,740,2103
80646,0.00,-42,41,0,1,44.59,4331,740,2103
80696,0.00,-42,41,0,1,44.59,4331,740,2103
80746,0.00,-42,41,0,1,44.59,4331,740,2103
80796,0.00,-42,41,0,1,44.59,4331,740,2103
80846,0.00,-42,41,0,1,44.59,4331,740,2103
80896,0.00,-42,41,0,1,44.59,4331,740,2103
80946,0.00,-42,41,0,1,44.59,4331,740,2103
80996,0.00,-42,41,0,1,44.59,4331,740,2103
81046,0.00,-42,41,0,1,44.59,4331,740,2103
81096,0.00,-42,41,0,1,44.59,4331,740,2103
81146,0.00,-42,41,0,1,44.59,4331,740,2103
81196,0.00,-42,41,0,1,44.59,4331,740,2103
