Mechanical Governor - Abrupt Load Increase(1800 W) - Initially No Load
Trial: 5
Date: 3-31-2023
Time: 3:12 PM
Ambient Temp: 82
Head Temp: 211.0

------ Microcontroller Engine Governor - Version: 1.16 ------
-------------------------------------------------------------
PID Gains:        Kp: 0.013000   Ki: 0.025000   Kd: 1.000000
-------------------------------------------------------------
Set RPM:             3600    |  Min RPM:                300
                             |
RPM Precision        10       |  PID I Precision:         70
                             |
Start Steps:         850     |  Max Steps:               1200
                             |
RPM Calc Interval:   1       |  Num Magnets:             1
                             |
LCD Update Interval: 400     |  Serial Update Interval:  50
-------------------------------------------------------------

Time,RPM,Steps Remaining, PID p, PID i, PID d, RPM Change, P Cmd, I Cmd, D Cmd
1226,0.00,0,0,0,0,0.00,0,0,0
1276,0.00,0,0,0,0,0.00,0,0,0
1326,0.00,0,0,0,0,0.00,0,0,0
1376,0.00,0,0,0,0,0.00,0,0,0
1426,0.00,0,0,0,0,0.00,0,0,0
1476,0.00,0,0,0,0,0.00,0,0,0
1526,0.00,0,0,0,0,0.00,0,0,0
1576,0.00,0,0,0,0,0.00,0,0,0
1626,0.00,0,0,0,0,0.00,0,0,0
1676,0.00,0,0,0,0,0.00,0,0,0
1726,0.00,0,0,0,0,0.00,0,0,0
1776,0.00,0,0,0,0,0.00,0,0,0
1826,0.00,0,0,0,0,0.00,0,0,0
1876,0.00,0,0,0,0,0.00,0,0,0
1926,0.00,0,0,0,0,0.00,0,0,0
1976,0.00,0,0,0,0,0.00,0,0,0
2026,0.00,0,0,0,0,0.00,0,0,0
2076,0.00,0,0,0,0,0.00,0,0,0
2126,0.00,0,0,0,0,0.00,0,0,0
2176,0.00,0,0,0,0,0.00,0,0,0
2226,0.00,0,0,0,0,0.00,0,0,0
2276,0.00,0,0,0,0,0.00,0,0,0
2326,0.00,0,0,0,0,0.00,0,0,0
2376,0.00,0,0,0,0,0.00,0,0,0
2426,0.00,0,0,0,0,0.00,0,0,0
2476,0.00,0,0,0,0,0.00,0,0,0
2526,0.00,0,0,0,0,0.00,0,0,0
2576,0.00,0,0,0,0,0.00,0,0,0
2626,0.00,0,0,0,0,0.00,0,0,0
2676,0.00,0,0,0,0,0.00,0,0,0
2726,0.00,0,0,0,0,0.00,0,0,0
2776,0.00,0,0,0,0,0.00,0,0,0
2826,0.00,0,0,0,0,0.00,0,0,0
2876,0.00,0,0,0,0,0.00,0,0,0
2926,0.00,0,0,0,0,0.00,0,0,0
2976,0.00,0,0,0,0,0.00,0,0,0
3026,0.00,0,0,0,0,0.00,0,0,0
3076,0.00,0,0,0,0,0.00,0,0,0
3126,0.00,0,0,0,0,0.00,0,0,0
3176,0.00,0,0,0,0,0.00,0,0,0
3226,0.00,0,0,0,0,0.00,0,0,0
3276,0.00,0,0,0,0,0.00,0,0,0
3326,0.00,0,0,0,0,0.00,0,0,0
3376,0.00,0,0,0,0,0.00,0,0,0
3426,0.00,0,0,0,0,0.00,0,0,0
3476,0.00,0,0,0,0,0.00,0,0,0
3526,0.00,0,0,0,0,0.00,0,0,0
3576,0.00,0,0,0,0,0.00,0,0,0
3627,0.00,0,0,0,0,0.00,0,0,0
3677,0.00,0,0,0,0,0.00,0,0,0
3727,0.00,0,0,0,0,0.00,0,0,0
3777,0.00,0,0,0,0,0.00,0,0,0
3827,0.00,0,0,0,0,0.00,0,0,0
3877,0.00,0,0,0,0,0.00,0,0,0
3927,0.00,0,0,0,0,0.00,0,0,0
3977,0.00,0,0,0,0,0.00,0,0,0
4027,0.00,0,0,0,0,0.00,0,0,0
4077,0.00,0,0,0,0,0.00,0,0,0
4127,0.00,0,0,0,0,0.00,0,0,0
4177,0.00,0,0,0,0,0.00,0,0,0
4227,0.00,0,0,0,0,0.00,0,0,0
4277,0.00,0,0,0,0,0.00,0,0,0
4327,0.00,0,0,0,0,0.00,0,0,0
4377,0.00,0,0,0,0,0.00,0,0,0
4427,0.00,0,0,0,0,0.00,0,0,0
4477,0.00,0,0,0,0,0.00,0,0,0
4527,0.00,0,0,0,0,0.00,0,0,0
4577,0.00,0,0,0,0,0.00,0,0,0
4627,0.00,0,0,0,0,0.00,0,0,0
4677,0.00,0,0,0,0,0.00,0,0,0
4727,0.00,0,0,0,0,0.00,0,0,0
4777,0.00,0,0,0,0,0.00,0,0,0
4827,0.00,0,0,0,0,0.00,0,0,0
4877,0.00,0,0,0,0,0.00,0,0,0
4927,0.00,0,0,0,0,0.00,0,0,0
4977,0.00,0,0,0,0,0.00,0,0,0
5027,0.00,0,0,0,0,0.00,0,0,0
5078,0.00,0,0,0,0,0.00,0,0,0
5128,0.00,0,0,0,0,0.00,0,0,0
5178,0.00,0,0,0,0,0.00,0,0,0
5228,0.00,0,0,0,0,0.00,0,0,0
5278,0.00,0,0,0,0,0.00,0,0,0
5328,0.00,0,0,0,0,0.00,0,0,0
5378,0.00,0,0,0,0,0.00,0,0,0
5428,0.00,0,0,0,0,0.00,0,0,0
5478,0.00,0,0,0,0,0.00,0,0,0
5528,0.00,0,0,0,0,0.00,0,0,0
5578,0.00,0,0,0,0,0.00,0,0,0
5628,0.00,0,0,0,0,0.00,0,0,0
5678,0.00,0,0,0,0,0.00,0,0,0
5728,0.00,0,0,0,0,0.00,0,0,0
5778,0.00,0,0,0,0,0.00,0,0,0
5828,0.00,0,0,0,0,0.00,0,0,0
5878,0.00,0,0,0,0,0.00,0,0,0
5928,0.00,0,0,0,0,0.00,0,0,0
5978,0.00,0,0,0,0,0.00,0,0,0
6028,0.00,0,0,0,0,0.00,0,0,0
6078,0.00,0,0,0,0,0.00,0,0,0
6128,0.00,0,0,0,0,0.00,0,0,0
6178,0.00,0,0,0,0,0.00,0,0,0
6228,0.00,0,0,0,0,0.00,0,0,0
6278,0.00,0,0,0,0,0.00,0,0,0
6328,0.00,0,0,0,0,0.00,0,0,0
6378,0.00,0,0,0,0,0.00,0,0,0
6428,0.00,0,0,0,0,0.00,0,0,0
6478,0.00,0,0,0,0,0.00,0,0,0
6528,0.00,0,0,0,0,0.00,0,0,0
6578,0.00,0,0,0,0,0.00,0,0,0
6628,0.00,0,0,0,0,0.00,0,0,0
6678,0.00,0,0,0,0,0.00,0,0,0
6728,0.00,0,0,0,0,0.00,0,0,0
6778,0.00,0,0,0,0,0.00,0,0,0
6828,0.00,0,0,0,0,0.00,0,0,0
6878,0.00,0,0,0,0,0.00,0,0,0
6928,0.00,0,0,0,0,0.00,0,0,0
6978,0.00,0,0,0,0,0.00,0,0,0
7028,0.00,0,0,0,0,0.00,0,0,0
7078,0.00,0,0,0,0,0.00,0,0,0
7128,0.00,0,0,0,0,0.00,0,0,0
7178,0.00,0,0,0,0,0.00,0,0,0
7228,0.00,0,0,0,0,0.00,0,0,0
7278,0.00,0,0,0,0,0.00,0,0,0
7328,0.00,0,0,0,0,0.00,0,0,0
7378,0.00,0,0,0,0,0.00,0,0,0
7428,0.00,0,0,0,0,0.00,0,0,0
7478,0.00,0,0,0,0,0.00,0,0,0
7528,0.00,0,0,0,0,0.00,0,0,0
7578,0.00,0,0,0,0,0.00,0,0,0
7628,0.00,0,0,0,0,0.00,0,0,0
7678,0.00,0,0,0,0,0.00,0,0,0
7728,0.00,0,0,0,0,0.00,0,0,0
7778,0.00,0,0,0,0,0.00,0,0,0
7828,0.00,0,0,0,0,0.00,0,0,0
7878,0.00,0,0,0,0,0.00,0,0,0
7928,0.00,0,0,0,0,0.00,0,0,0
7979,0.00,0,0,0,0,0.00,0,0,0
8029,0.00,0,0,0,0,0.00,0,0,0
8079,0.00,0,0,0,0,0.00,0,0,0
8129,0.00,0,0,0,0,0.00,0,0,0
8179,0.00,0,0,0,0,0.00,0,0,0
8229,0.00,0,0,0,0,0.00,0,0,0
8279,0.00,0,0,0,0,0.00,0,0,0
8329,0.00,0,0,0,0,0.00,0,0,0
8379,0.00,0,0,0,0,0.00,0,0,0
8429,0.00,0,0,0,0,0.00,0,0,0
8479,0.00,0,0,0,0,0.00,0,0,0
8529,0.00,0,0,0,0,0.00,0,0,0
8579,0.00,0,0,0,0,0.00,0,0,0
8629,0.00,0,0,0,0,0.00,0,0,0
8679,0.00,0,0,0,0,0.00,0,0,0
8729,0.00,0,0,0,0,0.00,0,0,0
8779,0.00,0,0,0,0,0.00,0,0,0
8829,0.00,0,0,0,0,0.00,0,0,0
8879,0.00,0,0,0,0,0.00,0,0,0
8929,0.00,0,0,0,0,0.00,0,0,0
8979,0.00,0,0,0,0,0.00,0,0,0
9029,0.00,0,0,0,0,0.00,0,0,0
9079,0.00,0,0,0,0,0.00,0,0,0
9129,0.00,0,0,0,0,0.00,0,0,0
9179,0.00,0,0,0,0,0.00,0,0,0
9229,0.00,0,0,0,0,0.00,0,0,0
9279,0.00,0,0,0,0,0.00,0,0,0
9329,0.00,0,0,0,0,0.00,0,0,0
9379,0.00,0,0,0,0,0.00,0,0,0
9430,0.00,0,0,0,0,0.00,0,0,0
9480,0.00,0,0,0,0,0.00,0,0,0
9530,0.00,0,0,0,0,0.00,0,0,0
9580,0.00,0,0,0,0,0.00,0,0,0
9630,0.00,0,0,0,0,0.00,0,0,0
9680,0.00,0,0,0,0,0.00,0,0,0
9730,0.00,0,0,0,0,0.00,0,0,0
9780,0.00,0,0,0,0,0.00,0,0,0
9830,0.00,0,0,0,0,0.00,0,0,0
9880,0.00,0,0,0,0,0.00,0,0,0
9930,0.00,0,0,0,0,0.00,0,0,0
9980,0.00,0,0,0,0,0.00,0,0,0
10030,0.00,0,0,0,0,0.00,0,0,0
10080,0.00,0,0,0,0,0.00,0,0,0
10130,0.00,0,0,0,0,0.00,0,0,0
10180,0.00,0,0,0,0,0.00,0,0,0
10230,0.00,0,0,0,0,0.00,0,0,0
10280,inf,0,0,0,0,inf,0,0,0
10330,inf,0,0,0,0,inf,0,0,0
10380,439.41,32,41,0,0,inf,41,0,0
10430,439.41,0,41,0,0,inf,41,0,0
10480,597.78,29,39,0,-1,-158.37,80,0,1
10530,597.78,0,39,0,-1,-158.37,80,0,1
10580,997.08,0,33,0,-6,-399.30,113,0,7
10630,1068.22,0,32,0,-1,-71.15,145,0,8
10680,1550.07,12,26,0,-4,-157.44,199,0,19
10730,1737.32,0,24,0,-5,-187.25,223,0,24
10780,1965.92,4,21,0,-7,-228.00,268,0,31
10830,2245.85,4,17,0,-9,-262.51,306,0,40
10880,2501.67,2,14,0,-10,-242.29,337,0,50
10930,2749.77,0,11,0,-10,-245.18,362,0,60
10980,2975.01,0,8,0,-11,-233.28,381,0,71
11030,3171.92,0,5,0,0,-6.69,399,0,81
11080,3518.65,0,1,0,-4,-171.18,406,0,95
11130,3654.08,0,0,-1,0,11.61,407,2,95
11180,3714.71,0,-1,0,0,25.94,411,2,95
11230,3659.43,0,0,-1,0,34.24,413,3,95
11280,3623.19,0,0,0,0,13.18,413,4,95
11330,3621.44,0,0,0,0,12.28,413,4,95
11380,3689.13,0,-1,0,0,-32.38,414,5,95
11430,3649.63,0,0,-1,0,28.64,415,7,95
11480,3664.79,0,0,-1,0,-28.43,415,9,95
11530,3636.36,0,0,0,0,31.12,415,11,95
11580,3612.72,0,0,0,0,13.98,415,12,95
11630,3602.31,0,0,0,0,-42.48,415,12,95
11680,3664.79,0,0,-1,0,-38.98,415,14,95
11730,3623.19,0,0,0,0,11.41,415,15,95
11780,3664.79,0,0,-1,0,-28.43,415,17,95
11830,3656.75,0,0,-1,0,10.73,415,20,95
11880,3657.64,0,0,-1,0,-11.56,415,23,95
11930,3611.85,0,0,0,0,20.99,415,23,95
11980,3665.69,0,0,-1,0,-41.63,415,25,95
12030,3646.97,0,0,-1,0,10.67,415,28,95
12080,3664.79,0,0,-1,0,-28.43,415,30,95
12130,3634.60,0,0,0,0,40.97,415,30,95
12180,3656.75,0,0,-1,0,-15.98,415,33,95
12230,3636.36,0,0,0,0,26.64,415,34,95
12280,3660.32,0,0,-1,0,27.90,416,35,95
12331,3545.26,0,0,1,0,297.94,420,36,118
12382,3770.74,-1,-2,0,0,-226.32,429,37,162
12432,3622.31,0,0,0,0,12.29,429,37,162
12482,3612.72,0,0,0,0,22.77,429,37,162
12532,3612.72,0,0,0,0,22.77,429,38,162
12582,3657.64,0,0,-1,0,12.53,430,39,162
12632,3646.09,0,0,-1,0,0.89,430,42,162
12682,3615.33,0,0,0,0,28.10,430,43,162
12732,3654.08,0,0,-1,0,-27.39,430,45,162
12782,3646.97,0,0,-1,0,18.72,430,47,162
12832,3657.64,0,0,-1,0,-10.67,430,50,162
12882,3639.01,0,0,0,0,39.26,431,51,162
12932,3678.27,0,-1,0,0,-31.30,432,53,162
12982,3646.09,0,0,-1,0,22.29,432,56,162
13032,3623.19,0,0,0,0,13.18,432,57,162
13082,3602.31,0,0,0,0,-31.26,432,57,162
13132,3654.08,0,0,-1,0,-38.75,432,59,162
13182,3625.82,0,0,0,0,17.61,432,60,162
13232,3664.79,0,0,-1,0,-28.43,432,62,162
13282,3636.36,0,0,0,0,21.28,432,64,162
13332,3678.27,0,-1,0,0,-31.30,433,66,162
13382,3636.36,0,0,0,0,32.02,433,68,162
13432,3654.08,0,0,-1,0,-17.72,433,70,162
13483,3636.36,0,0,0,0,18.61,433,71,162
13533,3657.64,0,0,-1,0,-11.56,433,74,162
13583,3621.44,0,0,0,0,12.28,433,74,162
13633,3632.84,0,0,0,0,-20.99,433,74,162
13683,3602.31,0,0,0,0,-26.26,433,74,162
13733,3675.57,0,0,0,0,-57.62,433,75,162
13783,3646.97,0,0,-1,0,28.60,433,76,162
13833,3657.64,0,0,-1,0,-8.01,433,79,162
13883,3639.89,0,0,0,0,130.85,435,80,162
13933,3543.59,0,0,1,0,430.98,441,81,203
13984,3725.78,-2,-1,0,-2,-181.36,451,82,270
14034,3636.36,0,0,0,0,28.43,451,83,270
14084,3654.08,0,0,-1,0,-28.26,451,85,270
14134,3615.33,0,0,0,0,28.10,451,86,270
14184,3664.79,0,0,-1,0,-38.98,451,88,270
14234,3625.82,0,0,0,0,17.61,451,89,270
14284,3654.08,0,0,-1,0,-42.23,451,90,270
14334,3626.69,0,0,0,0,25.61,451,91,270
14384,3667.48,0,0,-1,0,-20.51,451,94,270
14434,3649.63,0,0,-1,0,40.40,452,96,270
14484,3656.75,0,0,-1,0,-9.78,452,99,270
14534,3603.17,0,0,0,0,0.00,452,99,270
14584,3644.31,0,0,-1,0,-31.60,452,100,270
14635,3625.82,0,0,0,0,18.50,452,101,270
14685,3677.37,0,-1,0,0,-41.01,453,102,270
14735,3660.32,0,0,-1,0,18.85,454,104,270
14785,3667.48,0,0,-1,0,-20.51,454,106,270
14835,3600.58,0,0,0,0,7.02,454,106,270
14885,3633.72,0,0,0,0,-21.87,454,106,270
14935,3615.33,0,0,0,0,27.22,454,107,270
14985,3664.79,0,0,-1,0,-38.10,454,109,270
15035,3634.60,0,0,0,0,19.48,454,110,270
15085,3654.08,0,0,-1,0,-27.39,454,112,270
15135,3614.46,0,0,0,0,28.97,454,113,270
15185,3664.79,0,0,-1,0,-38.98,454,115,270
15235,3646.09,0,0,-1,0,22.29,454,118,270
15285,3643.43,0,0,-1,0,-7.95,454,120,270
15335,3591.09,0,0,0,0,9.59,454,120,270
15385,3654.08,0,0,-1,0,-42.23,454,121,270
15435,3614.46,0,0,0,0,28.97,454,122,270
15485,3665.69,0,0,-1,0,-44.25,454,124,270
15535,3646.97,0,0,-1,0,9.78,454,127,270
15585,3646.09,0,0,-1,0,0.00,454,129,270
15635,3615.33,0,0,0,0,36.08,454,130,270
15685,3656.75,0,0,-1,0,18.82,454,131,270
15735,3587.66,0,0,0,0,194.49,457,131,270
15785,3553.66,0,0,1,0,248.62,461,132,292
15835,3545.26,0,0,1,0,410.44,466,133,325
15885,3545.26,0,0,1,0,320.72,469,135,345
15936,3748.13,-1,-1,0,-1,-203.70,478,136,392
15986,3616.20,0,0,0,0,37.88,478,137,392
16036,3643.43,0,0,-1,0,-38.53,478,139,392
16086,3622.31,0,0,0,0,11.41,478,139,392
16136,3652.30,0,0,-1,0,-26.49,478,141,392
16186,3654.08,0,0,-1,0,-30.02,478,142,392
16236,3654.08,0,0,-1,0,-27.39,478,144,392
16286,3636.36,0,0,0,0,18.61,478,145,392
16336,3654.97,0,0,-1,0,-18.61,478,147,392
16386,3636.36,0,0,0,0,17.72,478,148,392
16436,3654.08,0,0,-1,0,-28.26,478,150,392
16486,3615.33,0,0,0,0,27.22,478,151,392
16536,3643.43,0,0,-1,0,-28.10,478,153,392
16586,3616.20,0,0,0,0,27.23,478,154,392
16636,3632.84,0,0,0,0,-6.15,478,155,392
16686,3622.31,0,0,0,0,11.41,478,155,392
16736,3643.43,0,0,-1,0,-21.99,478,156,392
16786,3625.82,0,0,0,0,29.16,478,157,392
16836,3664.79,0,0,-1,0,-39.85,478,159,392
16886,3625.82,0,0,0,0,18.50,478,160,392
16936,3664.79,0,0,-1,0,-38.98,478,162,392
16986,3635.48,0,0,0,0,22.16,478,164,392
17036,3633.72,0,0,0,0,-43.49,478,164,392
17086,3604.90,0,0,-1,0,-41.06,478,165,392
17136,3632.84,0,0,0,0,-17.51,478,166,392
17186,3624.94,0,0,0,0,18.49,478,167,392
17236,3664.79,0,0,-1,0,-28.43,478,169,392
17286,3636.36,0,0,0,0,39.21,478,169,392
17336,3623.19,0,0,0,0,-11.34,478,169,392
17386,3615.33,0,0,0,0,28.10,478,170,392
17436,3632.84,0,0,0,0,-17.51,478,171,392
17486,3625.82,0,0,0,0,38.98,478,172,392
17536,3643.43,0,0,-1,0,-31.58,478,173,392
17586,3623.19,0,0,0,0,10.53,478,173,392
17636,3654.08,0,0,-1,0,-39.62,478,175,392
17686,3635.48,0,0,0,0,29.31,478,176,392
17736,3631.96,0,0,0,0,-6.15,478,177,392
17786,3625.82,0,0,0,0,29.16,478,178,392
17836,3642.54,0,0,-1,0,-16.73,478,180,392
17886,3611.85,0,0,0,0,21.87,478,180,392
17936,3635.48,0,0,0,0,-34.04,478,180,392
17986,3621.44,0,0,0,0,11.40,478,180,392
18036,3654.97,0,0,-1,0,-27.40,478,181,392
18086,3601.44,0,0,0,0,7.85,478,181,392
18136,3654.08,0,0,-1,0,-37.88,478,182,392
18186,3636.36,0,0,0,0,28.43,478,183,392
18236,3643.43,0,0,-1,0,-18.49,478,185,392
18286,3615.33,0,0,0,0,35.19,478,186,392
18336,3643.43,0,0,-1,0,85.13,479,188,394
18386,3545.26,0,0,1,0,297.94,484,189,419
18436,3546.10,0,0,1,0,413.77,490,190,452
18486,3545.26,0,0,1,0,355.91,493,192,475
18536,3544.42,0,0,1,0,507.44,500,193,522
18586,3632.84,0,0,0,0,133.16,510,193,581
18636,3625.82,0,0,0,0,18.50,510,194,581
18686,3643.43,0,0,-1,0,-20.24,510,195,581
18736,3625.82,0,0,0,0,28.26,510,196,581
18786,3654.08,0,0,-1,0,-18.60,510,198,581
18836,3625.82,0,0,0,0,28.26,510,199,581
18886,3608.37,0,0,0,0,-7.91,510,199,581
18936,3599.71,0,0,0,0,25.85,510,199,581
18987,3643.43,0,0,-1,0,-21.12,510,200,581
19037,3636.36,0,0,0,0,28.43,510,201,581
19087,3654.08,0,0,-1,0,-18.60,510,203,581
19137,3636.36,0,0,0,0,17.72,510,204,581
19187,3654.08,0,0,-1,0,-18.60,510,206,581
19237,3579.95,0,0,0,0,31.89,510,206,581
19287,3632.84,0,0,0,0,-40.89,510,206,581
19337,3612.72,0,0,0,0,9.60,510,206,581
19387,3643.43,0,0,-1,0,-28.97,510,208,581
19437,3611.85,0,0,0,0,10.47,510,208,581
19487,3643.43,0,0,-1,0,-28.10,510,210,581
19537,3635.48,0,0,0,0,18.60,510,211,581
19587,3664.79,0,0,-1,0,-38.98,510,213,581
19637,3636.36,0,0,0,0,18.61,510,214,581
19687,3654.08,0,0,-1,0,-18.60,510,216,581
19737,3625.82,0,0,0,0,38.98,510,217,581
19787,3644.31,0,0,-1,0,-33.34,510,218,581
19837,3615.33,0,0,0,0,101.22,511,219,584
19887,3634.60,0,0,0,0,-32.30,511,219,584
19937,3624.94,0,0,0,0,16.72,511,220,584
19987,3632.84,0,0,0,0,3.52,511,221,584
20037,3603.17,0,0,0,0,-6.15,511,221,584
20087,3643.43,0,0,-1,0,-17.61,511,223,584
20137,3615.33,0,0,0,0,28.99,511,224,584
20187,3654.08,0,0,-1,0,-38.75,511,226,584
20237,3626.69,0,0,0,0,28.28,511,227,584
20287,3654.97,0,0,-1,0,-18.61,511,229,584
20337,3636.36,0,0,0,0,20.39,511,231,584
20387,3601.44,0,0,0,0,19.38,511,232,584
20438,3602.31,0,0,0,0,-36.28,511,232,584
20488,3643.43,0,0,-1,0,-31.58,511,233,584
20538,3600.58,0,0,0,0,-13.16,511,233,584
20588,3632.84,0,0,0,0,-20.12,511,233,584
20638,3625.82,0,0,0,0,17.61,511,234,584
20688,3664.79,0,0,-1,0,-28.43,511,236,584
20738,3635.48,0,0,0,0,32.90,511,237,584
20788,3644.31,0,0,-1,0,-35.94,511,238,584
20838,3616.20,0,0,0,0,45.91,511,239,584
20888,3632.84,0,0,0,0,-20.12,511,239,584
20938,3625.82,0,0,0,0,30.05,511,240,584
20988,3658.54,0,0,-1,0,92.40,512,242,584
21038,3608.37,-15,-3,0,-27,-435.30,517,242,611
21088,3545.26,0,0,1,0,333.71,520,244,633
21138,3544.42,0,0,1,0,466.27,527,245,674
21188,3545.26,0,0,1,0,404.19,534,246,728
21239,3703.70,-3,-1,0,-3,-160.12,544,247,784
21289,3625.82,0,0,0,0,28.26,544,248,784
21339,3642.54,0,0,-1,0,-29.83,544,249,784
21389,3623.19,0,0,0,0,9.65,544,249,784
21439,3644.31,0,0,-1,0,-20.25,544,251,784
21489,3612.72,0,0,0,0,20.12,544,251,784
21539,3654.97,0,0,-1,0,-29.16,544,253,784
21590,3636.36,0,0,0,0,18.61,544,254,784
21640,3664.79,0,0,-1,0,-28.43,544,256,784
21690,3625.82,0,0,0,0,21.16,544,258,784
21740,3654.08,0,0,-1,0,-28.26,544,260,784
21790,3636.36,0,0,0,0,17.72,544,261,784
21840,3670.17,0,0,0,0,-73.91,544,262,784
21890,3625.82,0,0,0,0,28.26,544,263,784
21940,3607.50,0,0,0,0,12.23,544,263,784
21990,3610.98,0,0,0,0,13.96,544,263,784
22040,3654.97,0,0,-1,0,-29.16,544,265,784
22090,3634.60,0,0,0,0,31.09,544,266,784
22140,3644.31,0,0,-1,0,-28.99,544,268,784
22190,3612.72,0,0,0,0,20.12,544,268,784
22240,3654.08,0,0,-1,0,-28.26,544,270,784
22290,3646.97,0,0,-1,0,10.67,544,273,784
22340,3644.31,0,0,-1,0,-19.38,544,275,784
22390,3602.31,0,0,0,0,8.71,544,275,784
22440,3642.54,0,0,-1,0,-41.10,544,276,784
22490,3616.20,0,0,0,0,37.88,544,277,784
22540,3654.08,0,0,-1,0,-28.26,544,279,784
22590,3636.36,0,0,0,0,17.72,544,280,784
22640,3654.08,0,0,-1,0,-17.72,544,282,784
22690,3625.82,0,0,0,0,28.26,544,283,784
22740,3654.08,0,0,-1,0,-28.26,544,285,784
22790,3626.69,0,0,0,0,27.39,544,286,784
22840,3644.31,0,0,-1,0,-22.00,544,287,784
22890,3636.36,0,0,0,0,17.72,544,288,784
22940,3643.43,0,0,-1,0,-20.24,544,289,784
22990,3601.44,0,0,0,0,6.97,544,289,784
23040,3634.60,0,0,0,0,-13.16,544,289,784
23090,3635.48,0,0,0,0,22.16,544,291,784
23140,3664.79,0,0,-1,0,-29.31,544,293,784
23190,3625.82,0,0,0,0,25.60,544,294,784
23240,3643.43,0,0,-1,0,-17.61,544,296,784
23290,3636.36,0,0,0,0,14.16,544,297,784
23340,3630.20,0,0,0,0,132.02,546,297,784
23390,3615.33,0,0,0,0,32.53,546,298,784
23440,3638.13,0,0,0,0,66.49,547,298,784
23490,3609.24,0,-2,0,0,-329.74,550,298,784
23540,3546.10,0,0,1,0,342.93,555,299,816
23591,3770.74,-1,-2,0,0,-226.32,564,300,859
23641,3637.25,0,0,0,0,41.03,565,301,859
23691,3633.72,0,0,0,0,-18.39,565,302,859
23741,3615.33,0,0,0,0,27.22,565,303,859
23791,3642.54,0,0,-1,0,-40.24,565,304,859
23841,3623.19,0,0,0,0,10.53,565,304,859
23891,3654.08,0,0,-1,0,-29.14,565,306,859
23941,3636.36,0,0,0,0,39.21,565,306,859
23991,3664.79,0,0,-1,0,-28.43,565,308,859
24041,3645.20,0,0,-1,0,23.18,565,311,859
24091,3615.33,0,0,0,0,30.76,565,313,859
24141,3612.72,0,0,0,0,13.98,565,313,859
24192,3654.08,0,0,-1,0,-31.77,565,314,859
24242,3585.94,0,0,0,0,58.37,565,315,859
24292,3631.08,0,0,0,0,-15.75,565,316,859
24342,3623.19,0,0,0,0,10.53,565,316,859
24392,3643.43,0,0,-1,0,-17.61,565,318,859
24442,3615.33,0,0,0,0,28.10,565,319,859
24492,3644.31,0,0,-1,0,-20.25,565,321,859
24542,3625.82,0,0,0,0,29.16,565,322,859
24592,3642.54,0,0,-1,0,-6.18,565,323,859
24642,3611.85,0,0,0,0,20.99,565,323,859
24692,3632.84,0,0,0,0,-21.86,565,323,859
24742,3625.82,0,0,0,0,17.61,565,324,859
24792,3656.75,0,0,-1,0,-9.78,565,327,859
24842,3636.36,0,0,0,0,32.02,565,329,859
24892,3635.48,0,0,0,0,-34.91,565,329,859
24942,3615.33,0,0,0,0,38.75,565,330,859
24992,3643.43,0,0,-1,0,-17.61,565,332,859
25042,3601.44,0,0,0,0,-22.73,565,332,859
25092,3644.31,0,0,-1,0,-28.99,565,334,859
25142,3635.48,0,0,0,0,30.21,565,335,859
25192,3654.97,0,0,-1,0,-18.61,565,337,859
25242,3636.36,0,0,0,0,21.28,565,339,859
25292,3654.97,0,0,-1,0,-29.16,565,341,859
25342,3590.23,0,0,0,0,10.46,565,341,859
25392,3624.94,0,0,0,0,-22.63,565,341,859
25442,3625.82,0,0,0,0,23.82,565,342,859
25492,3666.59,0,0,-1,0,-31.10,565,344,859
25542,3649.63,0,0,-1,0,27.74,566,346,859
25592,3644.31,0,0,-1,0,-5.30,566,348,859
25643,3617.94,0,0,0,0,83.93,567,348,859
25693,3544.42,0,0,1,0,266.55,570,349,880
25743,3544.42,0,0,1,0,424.88,575,350,914
25793,3748.13,-1,-1,0,-1,-204.54,585,351,980
25843,3623.19,0,0,0,0,1.75,585,352,980
25893,3611.85,0,0,0,0,14.85,585,352,980
25943,3654.08,0,0,-1,0,-28.26,585,354,980
25993,3625.82,0,0,0,0,18.50,585,355,980
26043,3643.43,0,0,-1,0,-17.61,585,357,980
26093,3625.82,0,0,0,0,29.16,585,358,980
26143,3657.64,0,0,-1,0,-11.56,585,361,980
26193,3625.82,0,0,0,0,20.27,585,363,980
26243,3654.08,0,0,-1,0,-17.72,585,365,980
26293,3625.82,0,0,0,0,38.98,585,366,980
26343,3643.43,0,0,-1,0,-17.61,585,368,980
26393,3612.72,0,0,0,0,20.12,585,368,980
26443,3626.69,0,0,0,0,-25.25,585,368,980
26493,3610.98,0,0,0,0,23.62,585,368,980
26543,3654.08,0,0,-1,0,-37.88,585,370,980
26593,3625.82,0,0,0,0,29.16,585,371,980
26643,3654.08,0,0,-1,0,-31.77,585,372,980
26693,3636.36,0,0,0,0,17.72,585,373,980
26743,3643.43,0,0,-1,0,-16.74,585,375,980
26793,3613.59,0,0,0,0,29.84,585,376,980
26843,3664.79,0,0,-1,0,-38.98,585,378,980
26893,3621.44,0,0,0,0,12.28,585,378,980
26943,3641.66,0,0,-1,0,-49.71,585,379,980
26993,3625.82,0,0,0,0,35.40,585,380,980
27043,3643.43,0,0,-1,0,-16.74,585,382,980
27094,3625.82,0,0,0,0,30.94,585,383,980
27144,3644.31,0,0,-1,0,-8.83,585,385,980
27194,3625.82,0,0,0,0,28.26,585,386,980
27244,3632.84,0,0,0,0,-7.03,585,387,980
27294,3615.33,0,0,0,0,28.99,585,388,980
27344,3654.97,0,0,-1,0,-29.16,585,390,980
27394,3625.82,0,0,0,0,38.98,585,391,980
27444,3654.97,0,0,-1,0,-29.16,585,393,980
27494,3623.19,0,0,0,0,-11.34,585,393,980
27544,3631.96,0,0,0,0,-16.63,585,394,980
27594,3625.82,0,0,0,0,29.16,585,395,980
27644,3654.08,0,0,-1,0,-28.26,585,397,980
27694,3625.82,0,0,0,0,31.83,585,398,980
27744,3657.64,0,0,-1,0,-11.56,585,401,980
27794,3615.33,0,0,0,0,36.97,585,402,980
27844,3631.96,0,0,0,0,-16.63,585,403,980
27894,3625.82,0,0,0,0,32.72,585,404,980
27944,3649.63,0,0,-1,0,54.98,586,405,980
27994,3545.26,0,0,1,0,309.79,591,406,1007
28044,3617.94,0,0,0,0,155.64,593,406,1007
28094,3544.42,0,0,1,0,263.65,597,407,1032
28144,3544.42,0,0,1,0,276.26,600,408,1056
28194,3545.26,0,0,1,0,345.79,604,409,1083
28244,3546.10,0,0,1,0,424.26,610,410,1118
28294,3556.19,0,0,1,0,608.17,620,411,1187
28344,3793.63,-1,-2,0,0,-249.20,630,412,1235
28394,3642.54,0,0,-1,0,-7.06,630,414,1235
28444,3615.33,0,0,0,0,38.75,630,415,1235
28494,3643.43,0,0,-1,0,-28.97,630,417,1235
28544,3625.82,0,0,0,0,17.61,630,418,1235
28594,3644.31,0,0,-1,0,-20.25,630,420,1235
28644,3625.82,0,0,0,0,28.26,630,421,1235
28694,3643.43,0,0,-1,0,-18.49,630,423,1235
28744,3615.33,0,0,0,0,28.99,630,424,1235
28794,3654.08,0,0,-1,0,-30.89,630,425,1235
28844,3625.82,0,0,0,0,28.26,630,426,1235
28894,3664.79,0,0,-1,0,-28.43,630,428,1235
28944,3646.97,0,0,-1,0,9.78,630,431,1235
28994,3657.64,0,0,-1,0,-11.56,630,434,1235
29044,3616.20,0,0,0,0,37.88,630,435,1235
29094,3638.13,0,0,0,0,-33.22,630,436,1235
29144,3612.72,0,0,0,0,21.00,630,436,1235
29194,3654.97,0,0,-1,0,-43.12,630,437,1235
29244,3636.36,0,0,0,0,18.61,630,438,1235
29294,3654.97,0,0,-1,0,-30.91,630,440,1235
29344,3636.36,0,0,0,0,17.72,630,441,1235
29394,3652.30,0,0,-1,0,-27.36,630,443,1235
29444,3636.36,0,0,0,0,17.72,630,444,1235
29494,3590.23,0,0,0,0,17.61,630,445,1235
29544,3615.33,0,0,0,0,34.31,631,446,1235
29594,3626.69,0,0,0,0,-25.25,631,446,1235
29644,3591.95,0,0,0,0,-15.62,631,446,1235
29694,3624.94,0,0,0,0,-32.99,631,446,1235
29744,3626.69,0,0,0,0,25.61,631,447,1235
29794,3664.79,0,0,-1,0,-30.19,631,449,1235
29844,3646.09,0,0,-1,0,29.48,631,450,1235
29894,3664.79,0,0,-1,0,-28.43,631,452,1235
29944,3625.82,0,0,0,0,18.50,631,453,1235
29995,3643.43,0,0,-1,0,-28.10,631,455,1235
30045,3625.82,0,0,0,0,16.73,631,456,1235
30095,3654.97,0,0,-1,0,-29.16,631,458,1235
30145,3625.82,0,0,0,0,28.26,631,459,1235
30195,3664.79,0,0,-1,0,-36.35,631,461,1235
30245,3614.46,0,0,0,0,36.07,631,462,1235
30295,3624.94,0,0,0,0,-30.40,631,462,1235
30345,3595.40,0,0,-1,0,-54.00,631,463,1235
30395,3643.43,0,0,-1,0,-26.36,631,464,1235
30445,3625.82,0,0,0,0,25.60,631,465,1235
30495,3667.48,0,0,-1,0,-3.58,631,467,1235
30545,3545.26,0,0,1,0,304.84,635,468,1258
30595,3546.10,0,0,1,0,397.12,641,469,1291
30645,3609.24,0,-2,0,0,-213.91,643,469,1291
30695,3545.26,0,0,1,0,331.71,648,470,1321
30745,3544.42,0,0,1,0,531.66,656,471,1371
30795,3718.39,0,-1,0,0,47.61,666,471,1425
30845,3643.43,0,0,-1,0,-30.71,666,472,1425
30895,3612.72,0,0,0,0,9.60,666,472,1425
30945,3643.43,0,0,-1,0,-17.61,666,474,1425
30995,3600.58,0,0,0,0,6.14,666,474,1425
31045,3644.31,0,0,-1,0,-32.47,666,475,1425
31095,3624.94,0,0,0,0,17.61,666,476,1425
31145,3633.72,0,0,0,0,-31.42,666,476,1425
31195,3625.82,0,0,0,0,28.26,666,477,1425
31245,3664.79,0,0,-1,0,-28.43,666,479,1425
31295,3636.36,0,0,0,0,20.39,666,481,1425
31345,3643.43,0,0,-1,0,-7.95,666,483,1425
31395,3624.06,0,0,0,0,30.91,666,484,1425
31446,3626.69,0,0,0,0,-23.52,666,484,1425
31496,3625.82,0,0,0,0,26.49,666,485,1425
31546,3675.57,0,0,0,0,-40.09,666,486,1425
31596,3646.09,0,0,-1,0,21.40,666,489,1425
31646,3654.08,0,0,-1,0,-17.72,666,491,1425
31696,3625.82,0,0,0,0,29.16,666,492,1425
31746,3622.31,0,0,0,0,-11.34,666,492,1425
31796,3602.31,0,0,0,0,-39.05,666,492,1425
31846,3633.72,0,0,0,0,-31.42,666,492,1425
31896,3625.82,0,0,0,0,18.50,666,493,1425
31946,3671.07,0,0,0,0,43.64,667,493,1425
31996,3646.09,0,0,-1,0,22.29,667,496,1425
32046,3633.72,0,0,0,0,-7.91,667,497,1425
32096,3615.33,0,0,0,0,28.10,667,498,1425
32146,3643.43,0,0,-1,0,-17.61,667,500,1425
32196,3602.31,0,0,0,0,-4.37,667,500,1425
32246,3654.08,0,0,-1,0,-43.10,667,501,1425
32296,3635.48,0,0,0,0,30.21,667,502,1425
32346,3631.96,0,0,0,0,4.40,667,503,1425
32396,3625.82,0,0,0,0,18.50,667,504,1425
32446,3654.08,0,0,-1,0,-17.72,667,506,1425
32496,3636.36,0,0,0,0,28.43,667,507,1425
32546,3654.08,0,0,-1,0,-17.72,667,509,1425
32596,3625.82,0,0,0,0,27.37,667,510,1425
32646,3654.08,0,0,-1,0,-23.00,667,512,1425
32696,3634.60,0,0,0,0,30.19,667,513,1425
32746,3654.08,0,0,-1,0,-16.83,667,515,1425
32796,3611.85,0,0,0,0,27.16,667,515,1425
32846,3624.06,0,0,0,0,-27.80,667,515,1425
32896,3611.85,0,0,0,0,25.40,667,515,1425
32946,3654.97,0,0,-1,0,-35.28,667,517,1425
32996,3636.36,0,0,0,0,9.72,667,518,1425
33046,3672.87,0,0,0,0,42.76,668,518,1425
33096,3545.26,0,0,1,0,384.53,674,519,1459
33146,3616.20,0,0,0,0,66.59,683,519,1503
33196,3615.33,0,0,0,0,29.87,683,520,1503
33246,3546.10,0,0,1,0,404.39,690,521,1560
33296,3736.92,-2,-1,0,-2,-191.66,700,522,1629
33346,3625.82,0,0,0,0,17.61,700,523,1629
33396,3665.69,0,0,-1,0,-39.87,700,525,1629
33446,3635.48,0,0,0,0,18.60,700,526,1629
33496,3643.43,0,0,-1,0,-21.12,700,527,1629
33546,3624.06,0,0,0,0,41.63,700,528,1629
33596,3643.43,0,0,-1,0,-28.10,700,530,1629
33646,3624.94,0,0,0,0,29.14,700,531,1629
33696,3623.19,0,0,0,0,2.63,700,532,1629
33746,3624.94,0,0,0,0,19.38,700,533,1629
33796,3675.57,0,0,0,0,-39.21,700,534,1629
33846,3648.75,0,0,-1,0,30.43,701,536,1629
33896,3665.69,0,0,-1,0,-29.33,701,538,1629
33946,3656.75,0,0,-1,0,-11.55,701,540,1629
33996,3602.31,0,0,0,0,19.23,701,540,1629
34046,3592.81,0,0,0,0,15.50,701,540,1629
34096,3654.97,0,0,-1,0,-42.25,701,541,1629
34146,3636.36,0,0,0,0,7.07,701,542,1629
34196,3678.27,0,-1,0,0,-32.19,702,544,1629
34246,3646.09,0,0,-1,0,21.40,702,547,1629
34296,3633.72,0,0,0,0,-9.66,702,548,1629
34347,3596.26,0,0,0,0,-9.66,702,548,1629
34397,3631.08,0,0,0,0,-39.99,702,548,1629
34447,3611.85,0,0,0,0,23.64,702,548,1629
34497,3654.97,0,0,-1,0,-29.16,702,550,1629
34547,3646.09,0,0,-1,0,29.48,702,551,1629
34597,3668.38,0,0,-1,0,-11.63,702,553,1629
34647,3646.09,0,0,-1,0,21.40,702,556,1629
34697,3643.43,0,0,-1,0,-7.07,702,558,1629
34747,3611.85,0,0,0,0,20.99,702,558,1629
34797,3632.84,0,0,0,0,-20.12,702,558,1629
34847,3591.95,0,0,0,0,-7.83,702,558,1629
34897,3652.30,0,0,-1,0,-50.86,702,559,1629
34947,3615.33,0,0,0,0,28.10,702,560,1629
34997,3624.94,0,0,0,0,-32.13,702,560,1629
35047,3625.82,0,0,0,0,35.40,702,561,1629
35097,3679.18,0,-1,0,0,-33.09,703,562,1629
35147,3646.09,0,0,-1,0,28.58,703,564,1629
35197,3624.06,0,0,0,0,22.91,703,566,1629
35247,3573.13,0,0,0,0,24.85,703,566,1629
35297,3631.96,0,0,0,0,-41.73,703,566,1629
35347,3615.33,0,0,0,0,28.99,703,567,1629
35397,3665.69,0,0,-1,0,-35.49,703,569,1629
35447,3625.82,0,0,0,0,28.26,703,570,1629
35497,3627.57,0,0,0,0,110.28,704,570,1630
35547,3544.42,0,0,1,0,286.99,709,571,1656
35597,3649.63,0,0,-1,0,37.68,710,573,1656
35647,3544.42,0,0,1,0,284.06,713,574,1679
35697,3545.26,0,0,1,0,312.76,718,575,1706
35747,3546.10,0,0,1,0,373.42,724,576,1736
35798,3546.10,0,0,1,0,400.23,730,577,1771
35849,3748.13,-2,-1,0,-2,-204.54,740,578,1823
35899,3636.36,0,0,0,0,28.43,740,579,1823
35949,3664.79,0,0,-1,0,-28.43,740,581,1823
35999,3648.75,0,0,-1,0,29.53,741,583,1823
36049,3654.08,0,0,-1,0,-17.72,741,585,1823
36099,3636.36,0,0,0,0,17.72,741,586,1823
36149,3631.96,0,0,0,0,4.40,741,587,1823
36199,3615.33,0,0,0,0,28.10,741,588,1823
36249,3602.31,0,0,0,0,22.74,741,588,1823
36299,3591.95,0,0,0,0,-29.41,741,588,1823
36349,3604.04,0,0,0,0,-40.89,741,588,1823
36399,3625.82,0,0,0,0,30.94,741,590,1823
36449,3654.97,0,0,-1,0,-30.91,741,592,1823
36499,3636.36,0,0,0,0,17.72,741,593,1823
36549,3654.08,0,0,-1,0,-17.72,741,595,1823
36599,3636.36,0,0,0,0,17.72,741,596,1823
36649,3654.08,0,0,-1,0,-17.72,741,598,1823
36699,3581.66,0,0,0,0,31.05,741,598,1823
36749,3632.84,0,0,0,0,-42.61,741,598,1823
36799,3611.85,0,0,0,0,20.99,741,598,1823
36849,3654.08,0,0,-1,0,-30.89,741,599,1823
36899,3646.97,0,0,-1,0,17.82,741,601,1823
36950,3654.97,0,0,-1,0,-19.49,741,603,1823
37000,3625.82,0,0,0,0,38.98,741,604,1823
37050,3644.31,0,0,-1,0,-18.50,741,606,1823
37100,3583.37,0,0,0,0,18.93,741,606,1823
37150,3642.54,0,0,-1,0,-40.24,741,607,1823
37200,3625.82,0,0,0,0,28.26,741,608,1823
37250,3643.43,0,0,-1,0,-7.07,741,610,1823
37300,3615.33,0,0,0,0,28.10,741,611,1823
37350,3653.19,0,0,-1,0,-37.86,741,613,1823
37400,3625.82,0,0,0,0,17.61,741,614,1823
37450,3644.31,0,0,-1,0,-32.47,741,615,1823
37500,3626.69,0,0,0,0,27.39,741,616,1823
37550,3654.08,0,0,-1,0,-29.14,741,618,1823
37600,3615.33,0,0,0,0,55.74,741,618,1823
37650,3616.20,0,0,0,0,-24.25,741,618,1823
37700,3612.72,0,0,0,0,19.24,741,618,1823
37750,3644.31,0,0,-1,0,-33.34,741,619,1823
37800,3636.36,0,0,0,0,20.39,741,620,1823
37850,3654.08,0,0,-1,0,-15.07,741,622,1823
37900,3636.36,0,0,0,0,38.31,741,622,1823
37950,3643.43,0,0,-1,0,-21.99,741,623,1823
38000,3615.33,0,0,0,0,27.22,741,624,1823
38050,3649.63,0,0,-1,0,43.13,742,625,1823
38100,3544.42,0,0,1,0,284.06,745,626,1846
38150,3544.42,0,0,1,0,301.73,750,627,1873
38200,3604.90,0,0,-1,0,3.55,750,629,1873
38250,3661.22,0,0,-1,0,41.57,751,630,1873
38300,3545.26,0,0,1,0,370.17,757,631,1904
38350,3736.92,-2,-1,0,-2,-191.66,766,632,1956
38400,3624.06,0,0,0,0,34.47,766,633,1956
38450,3545.26,0,0,1,0,405.23,774,634,2021
38501,3681.88,0,-1,0,0,-136.62,784,635,2088
38551,3601.44,0,0,0,0,-15.62,784,635,2088
38601,3654.08,0,0,-1,0,-42.23,784,636,2088
38651,3625.82,0,0,0,0,29.16,784,637,2088
38701,3665.69,0,0,-1,0,-29.33,784,639,2088
38751,3646.09,0,0,-1,0,10.67,784,642,2088
38801,3633.72,0,0,0,0,-23.61,784,642,2088
38851,3615.33,0,0,0,0,25.45,784,643,2088
38901,3622.31,0,0,0,0,0.00,784,643,2088
38951,3623.19,0,0,0,0,10.53,784,643,2088
39001,3643.43,0,0,-1,0,-28.10,784,645,2088
39051,3615.33,0,0,0,0,28.99,784,646,2088
39101,3653.19,0,0,-1,0,-37.86,784,648,2088
39151,3636.36,0,0,0,0,7.95,784,649,2088
39201,3657.64,0,0,-1,0,-12.44,784,652,2088
39251,3646.97,0,0,-1,0,10.67,784,655,2088
39301,3643.43,0,0,-1,0,-7.07,784,657,2088
39351,3613.59,0,0,0,0,30.73,784,658,2088
39401,3626.69,0,0,0,0,-24.39,784,658,2088
39451,3602.31,0,0,0,0,-22.73,784,658,2088
39501,3634.60,0,0,0,0,-34.03,784,658,2088
39552,3610.98,0,0,0,0,23.62,784,658,2088
39602,3654.08,0,0,-1,0,-27.39,784,660,2088
39652,3634.60,0,0,0,0,19.48,784,661,2088
39702,3644.31,0,0,-1,0,-18.50,784,663,2088
39752,3624.94,0,0,0,0,18.49,784,664,2088
39802,3643.43,0,0,-1,0,-20.24,784,665,2088
39852,3615.33,0,0,0,0,37.86,784,666,2088
39902,3623.19,0,0,0,0,-31.23,784,666,2088
39952,3604.90,0,0,-1,0,-42.81,784,667,2088
40002,3702.79,0,-1,0,0,-136.46,785,668,2088
40052,3488.37,0,1,0,0,86.46,786,668,2088
40102,3419.97,0,2,0,-1,-23.23,791,668,2089
40152,3341.50,3,3,0,3,61.40,799,668,2094
40202,3371.54,0,2,0,0,50.77,803,668,2097
40252,3518.65,0,1,0,0,188.72,810,668,2126
40302,3557.03,0,0,1,0,156.76,811,669,2126
40352,3654.08,0,0,-1,0,38.68,812,671,2128
40402,3553.66,0,0,1,0,251.51,815,672,2149
40452,3610.11,0,0,0,0,175.86,818,672,2149
40502,3558.72,0,0,1,0,47.92,818,674,2149
40552,3607.50,0,0,0,0,35.90,818,674,2149
40602,3559.56,0,0,1,0,46.21,818,675,2149
40652,3629.32,0,0,0,0,-57.90,818,675,2149
40702,3571.43,0,0,0,0,58.77,818,675,2149
40752,3607.50,0,0,0,0,38.59,818,675,2149
40802,3569.73,0,0,0,0,37.77,818,675,2149
40852,3627.57,0,0,0,0,-45.05,818,675,2149
40902,3602.31,0,0,0,0,-24.35,818,675,2149
40952,3626.69,0,0,0,0,-24.39,818,675,2149
41003,3591.09,0,0,0,0,-31.37,818,675,2149
41053,3633.72,0,0,0,0,-27.95,818,676,2149
41103,3602.31,0,0,0,0,-25.30,818,676,2149
41153,3624.06,0,0,0,0,-30.39,818,676,2149
41203,3591.95,0,0,0,0,-39.97,818,676,2149
41253,3624.06,0,0,0,0,-29.53,818,676,2149
41303,3591.95,0,0,0,0,-40.81,818,676,2149
41353,3641.66,0,0,-1,0,-51.43,818,677,2149
41403,3604.90,0,0,-1,0,-52.41,818,678,2149
41453,3635.48,0,0,0,0,-33.18,818,679,2149
41503,3582.52,0,0,0,0,42.42,818,679,2149
41553,3628.45,0,0,0,0,-44.22,818,679,2149
41603,3594.54,0,0,-1,0,-57.49,818,680,2149
41653,3635.48,0,0,0,0,-27.11,818,680,2149
41703,3602.31,0,0,0,0,-27.99,818,680,2149
41753,3640.78,0,0,-1,0,-42.79,818,682,2149
41803,3604.04,0,0,-1,0,-28.94,818,683,2149
41853,3626.69,0,0,0,0,-24.39,818,683,2149
41903,3591.95,0,0,0,0,-17.37,818,683,2149
41953,3628.45,0,0,0,0,-39.07,818,683,2149
42003,3591.95,0,0,0,0,-40.95,818,683,2149
42053,3618.82,0,0,0,0,-17.38,818,683,2149
42103,3579.95,0,0,0,0,38.87,818,683,2149
42153,3640.78,0,0,-1,0,-50.54,818,684,2149
42203,3604.90,0,0,-1,0,-31.54,818,685,2149
42253,3643.43,0,0,-1,0,-35.06,818,686,2149
42303,3604.04,0,0,-1,0,-47.31,818,687,2149
42353,3617.94,0,0,0,0,-13.91,818,687,2149
42403,3602.31,0,0,0,0,-35.51,818,687,2149
42454,3640.78,0,0,-1,0,-41.06,818,688,2149
42504,3597.98,0,-1,0,0,-138.13,819,689,2149
42554,3631.96,0,0,0,0,117.10,821,689,2151
42604,3544.42,0,0,1,0,287.97,826,690,2177
42654,3545.26,0,0,1,0,322.71,830,691,2204
42704,3545.26,0,0,1,0,424.04,836,692,2238
42754,3544.42,0,0,1,0,473.79,844,693,2292
42804,3545.26,0,0,1,0,322.71,848,694,2316
42854,3546.10,0,0,1,0,397.12,854,695,2352
42904,3543.59,0,0,1,0,467.11,861,696,2397
42954,3612.72,0,0,0,0,152.34,870,696,2452
43004,3635.48,0,0,0,0,-33.18,870,696,2452
43054,3632.84,0,0,0,0,-33.99,870,696,2452
43104,3545.26,0,0,1,0,402.11,878,697,2514
43154,3544.42,0,0,1,0,500.88,886,698,2573
43205,3852.08,-21,-3,0,-19,-305.98,896,699,2648
43255,3546.10,0,0,1,0,283.36,899,700,2673
43305,3643.43,0,0,-1,0,-20.24,900,701,2675
43355,3615.33,0,0,0,0,28.10,900,702,2675
43405,3643.43,0,0,-1,0,-32.45,900,703,2675
43455,3601.44,0,0,0,0,-33.98,900,703,2675
43505,3635.48,0,0,0,0,-33.18,900,703,2675
43555,3612.72,0,0,0,0,22.77,900,703,2675
43606,3643.43,0,0,-1,0,-19.37,900,704,2675
43656,3604.90,0,0,-1,0,-71.81,900,705,2675
43706,3635.48,0,0,0,0,-33.18,900,705,2675
43756,3604.90,0,0,-1,0,-41.93,900,706,2675
43806,3615.33,0,0,0,0,-23.37,900,706,2675
43856,3591.09,0,0,0,0,-29.43,900,706,2675
43906,3617.94,0,0,0,0,-36.28,900,706,2675
43956,3602.31,0,0,0,0,-39.07,900,706,2675
44006,3632.84,0,0,0,0,-20.99,900,706,2675
44056,3615.33,0,0,0,0,29.87,900,707,2675
44106,3643.43,0,0,-1,0,-38.53,900,709,2675
44156,3604.90,0,0,-1,0,-37.68,900,710,2675
44206,3642.54,0,0,-1,0,-27.22,900,712,2675
44256,3604.90,0,0,-1,0,-35.93,900,713,2675
44306,3622.31,0,0,0,0,-9.60,900,713,2675
44356,3591.95,0,0,0,0,-39.99,900,713,2675
44406,3633.72,0,0,0,0,-30.55,900,713,2675
44456,3604.90,0,0,-1,0,-41.93,900,714,2675
44506,3644.31,0,0,-1,0,-42.01,900,715,2675
44556,3601.44,0,0,0,0,-33.98,900,715,2675
44606,3633.72,0,0,0,0,-32.28,900,715,2675
44656,3602.31,0,0,0,0,-19.20,900,715,2675
44706,3644.31,0,0,-1,0,-42.01,900,716,2675
44756,3565.49,0,0,0,0,31.64,900,716,2675
44806,3617.94,0,0,0,0,-36.28,900,716,2675
44856,3602.31,0,0,0,0,-33.98,900,716,2675
44906,3635.48,0,0,0,0,-30.58,900,717,2675
44956,3615.33,0,0,0,0,28.10,900,718,2675
45006,3654.97,0,0,-1,0,-41.38,900,720,2675
45056,3615.33,0,0,0,0,38.75,900,721,2675
45106,3632.84,0,0,0,0,-17.51,900,722,2675
45156,3602.31,0,0,0,0,-33.99,900,722,2675
45206,3631.96,0,0,0,0,-40.01,900,722,2675
45256,3602.31,0,0,0,0,-49.63,900,722,2675
45306,3634.60,0,0,0,0,-29.70,900,723,2675
45356,3591.95,0,0,0,0,-15.63,900,723,2675
45406,3628.45,0,0,0,0,-47.64,900,723,2675
45456,3602.31,0,0,0,0,-28.57,900,723,2675
45506,3633.72,0,0,0,0,-31.42,900,723,2675
45556,3604.90,0,0,-1,0,-43.68,900,724,2675
45606,3643.43,0,0,-1,0,-39.39,900,726,2675
45656,3615.33,0,0,0,0,28.99,900,727,2675
45706,3643.43,0,0,-1,0,-30.71,900,728,2675
45756,3604.90,0,0,-1,0,-44.82,900,729,2675
45806,3633.72,0,0,0,0,-18.39,900,730,2675
45856,3602.31,0,0,0,0,-27.98,900,730,2675
45906,3626.69,0,0,0,0,-26.12,900,730,2675
45956,3604.04,0,0,-1,0,-43.68,900,731,2675
46006,3626.69,0,0,0,0,-21.79,900,732,2675
46056,3603.17,0,0,0,0,-26.08,900,732,2675
46106,3615.33,0,0,0,0,-22.51,900,732,2675
46156,3591.95,0,0,0,0,-29.43,900,732,2675
46206,3624.94,0,0,0,0,-34.70,900,732,2675
46256,3602.31,0,0,0,0,-32.95,900,732,2675
46306,3643.43,0,0,-1,0,-28.10,900,734,2675
46356,3615.33,0,0,0,0,38.75,900,735,2675
46406,3654.97,0,0,-1,0,-29.16,900,737,2675
46456,3605.77,0,0,-1,0,-26.36,900,738,2675
46507,3635.48,0,0,0,0,-34.04,900,738,2675
46557,3600.58,0,0,0,0,-24.35,900,738,2675
46607,3635.48,0,0,0,0,-34.04,900,738,2675
46657,3601.44,0,0,0,0,-33.99,900,738,2675
46707,3632.84,0,0,0,0,-41.75,900,738,2675
46757,3604.04,0,0,-1,0,-50.79,900,739,2675
46807,3644.31,0,0,-1,0,-39.41,900,741,2675
46857,3541.91,0,0,1,0,90.93,900,742,2675
46907,3632.84,0,0,0,0,-35.72,901,742,2676
46957,3591.09,0,0,0,0,-33.11,901,742,2676
47007,3632.84,0,0,0,0,-40.89,901,742,2676
47057,3602.31,0,0,0,0,-34.86,901,742,2676
47107,3626.69,0,0,0,0,-24.39,901,742,2676
47157,3602.31,0,0,0,0,-32.23,901,742,2676
47207,3653.19,0,0,-1,0,-48.29,901,744,2676
47257,3615.33,0,0,0,0,28.99,901,745,2676
47307,3642.54,0,0,-1,0,-27.22,901,747,2676
47357,3616.20,0,0,0,0,37.88,901,748,2676
47407,3632.84,0,0,0,0,-18.38,901,749,2676
47457,3603.17,0,0,-1,0,-41.06,901,750,2676
47507,3617.94,0,0,0,0,-15.64,901,750,2676
47557,3602.31,0,0,0,0,-27.82,901,750,2676
47607,3635.48,0,0,0,0,-34.91,901,750,2676
47657,3600.58,0,0,0,0,-34.86,901,750,2676
47707,3631.08,0,0,0,0,-39.99,901,750,2676
47757,3604.90,0,0,-1,0,-42.85,901,751,2676
47807,3643.43,0,0,-1,0,-28.10,901,753,2676
47857,3610.98,0,0,0,0,24.50,901,753,2676
47907,3644.31,0,0,-1,0,-32.47,901,754,2676
47958,3601.44,0,0,0,0,-36.58,901,754,2676
48008,3644.31,0,0,-1,0,-43.74,901,755,2676
48058,3614.46,0,0,0,0,33.40,901,756,2676
48108,3633.72,0,0,0,0,-23.61,901,756,2676
48158,3604.90,0,0,-1,0,-46.55,901,757,2676
48208,3626.69,0,0,0,0,-20.92,901,757,2676
48258,3591.95,0,0,0,0,-43.44,901,757,2676
48308,3635.48,0,0,0,0,-34.04,901,757,2676
48358,3585.09,0,0,0,0,24.15,901,757,2676
48408,3628.45,0,0,0,0,-42.50,901,757,2676
48458,3602.31,0,0,0,0,-44.30,901,757,2676
48508,3644.31,0,0,-1,0,-14.99,901,758,2676
48558,3615.33,0,0,0,0,38.75,901,759,2676
48608,3644.31,0,0,-1,0,-36.81,901,761,2676
48658,3611.85,0,0,0,0,24.52,901,761,2676
48708,3644.31,0,0,-1,0,-32.47,901,762,2676
48758,3604.90,0,-1,0,-3,-172.71,902,763,2679
48808,3631.08,0,0,0,0,129.26,905,763,2680
48858,3544.42,0,0,1,0,264.62,909,764,2704
48908,3609.24,0,0,0,0,-125.75,909,764,2704
48958,3591.95,0,0,0,0,-43.92,909,764,2704
49008,3607.50,0,0,0,0,-23.37,909,764,2704
49058,3591.95,0,0,0,0,-33.72,909,764,2704
49108,3623.19,0,0,0,0,-4.37,909,764,2704
49158,3615.33,0,0,0,0,53.95,909,765,2704
49208,3644.31,0,0,-1,0,-32.47,909,767,2704
49258,3591.95,0,0,0,0,-34.91,909,767,2704
49308,3633.72,0,0,0,0,-1.76,909,767,2704
49358,3594.54,0,0,0,0,-131.67,909,768,2704
49408,3643.43,0,0,-1,0,73.12,911,769,2709
49458,3615.33,0,0,0,0,36.97,911,770,2709
49508,3636.36,0,0,0,0,18.61,911,771,2709
49558,3597.12,0,-1,0,-1,-241.70,913,771,2710
49608,3609.24,0,-2,0,0,-346.14,916,771,2710
49658,3544.42,0,0,1,0,261.72,920,772,2734
49708,3610.11,0,0,0,0,177.77,923,772,2734
49758,3591.95,0,0,0,0,-35.50,923,772,2734
49808,3632.84,0,0,0,0,-33.13,923,772,2734
49858,3602.31,0,0,0,0,-57.29,923,772,2734
49908,3639.01,0,0,0,0,52.84,924,773,2734
49958,3543.59,0,0,1,0,264.49,927,774,2754
50008,3546.10,0,0,1,0,344.95,931,775,2781
50058,3609.24,0,-1,0,0,-108.13,932,775,2781
50108,3544.42,0,0,1,0,262.68,935,776,2803
50158,3544.42,0,0,1,0,447.06,941,777,2837
50208,3723.93,-3,-1,0,-3,-178.67,952,778,2911
50258,3654.08,0,0,-1,0,-17.72,952,780,2911
50308,3611.85,0,0,0,0,11.34,952,780,2911
50358,3626.69,0,0,0,0,-26.12,952,780,2911
50408,3604.04,0,0,-1,0,-34.19,952,781,2911
50458,3612.72,0,0,0,0,2.61,952,782,2911
50508,3615.33,0,0,0,0,31.64,952,783,2911
50558,3665.69,0,0,-1,0,-39.87,952,785,2911
50608,3655.86,0,0,-1,0,19.71,952,786,2911
50658,3667.48,0,0,-1,0,-7.16,953,788,2911
50708,3615.33,0,0,0,0,30.76,953,790,2911
50758,3633.72,0,0,0,0,-18.39,953,791,2911
50808,3612.72,0,0,0,0,20.12,953,791,2911
50859,3632.84,0,0,0,0,-19.25,953,791,2911
50909,3611.85,0,0,0,0,26.28,953,791,2911
50959,3643.43,0,0,-1,0,-31.58,953,792,2911
51009,3625.82,0,0,0,0,29.16,953,793,2911
51059,3643.43,0,0,-1,0,-17.61,953,795,2911
51109,3625.82,0,0,0,0,17.61,953,796,2911
51159,3654.08,0,0,-1,0,-28.26,953,798,2911
51209,3626.69,0,0,0,0,27.39,953,799,2911
51259,3615.33,0,0,0,0,-23.37,953,799,2911
51309,3612.72,0,0,0,0,19.24,953,799,2911
51359,3654.08,0,0,-1,0,-28.26,953,801,2911
51409,3646.09,0,0,-1,0,19.60,953,803,2911
51459,3680.08,0,-1,0,0,-34.88,954,805,2911
51509,3646.09,0,0,-1,0,21.40,954,808,2911
51559,3654.97,0,0,-1,0,-18.61,954,810,2911
51609,3625.82,0,0,0,0,16.73,954,811,2911
51659,3644.31,0,0,-1,0,-18.50,954,813,2911
51709,3616.20,0,0,0,0,25.46,954,814,2911
51759,3610.98,0,0,0,0,1.74,954,814,2911
51809,3600.58,0,0,0,0,-36.30,954,814,2911
51859,3625.82,0,0,0,0,-24.38,954,814,2911
51909,3612.72,0,0,0,0,22.77,954,814,2911
51959,3631.96,0,0,0,0,-20.11,954,814,2911
52009,3636.36,0,0,0,0,17.72,954,815,2911
52059,3679.18,0,-1,0,0,-33.09,955,817,2911
52109,3648.75,0,0,-1,0,29.53,956,819,2911
52159,3657.64,0,0,-1,0,-12.44,956,822,2911
52209,3615.33,0,0,0,0,31.64,956,823,2911
52259,3644.31,0,0,-1,0,-27.24,956,824,2911
52310,3623.19,0,0,0,0,13.18,956,824,2911
52360,3636.36,0,0,0,0,7.07,956,825,2911
52410,3629.32,0,0,0,0,110.39,957,826,2912
52460,3545.26,0,0,1,0,357.94,962,827,2944
52510,3425.44,0,2,0,0,559.68,971,827,2983
52560,3544.42,0,0,1,0,488.92,978,828,3022
52610,3766.01,0,-2,0,-1,180.32,987,828,3076
52660,3545.26,0,0,1,0,414.61,994,829,3116
52710,3769.79,-1,-2,0,0,-225.37,1006,830,3183
52760,3646.97,0,0,-1,0,20.51,1006,833,3183
52810,3665.69,0,0,-1,0,-31.09,1006,835,3183
52860,3601.44,0,0,0,0,-4.40,1006,835,3183
52910,3575.69,0,0,0,0,15.41,1006,835,3183
52960,3580.81,0,0,0,0,17.18,1006,835,3183
53010,3641.66,0,0,-1,0,-50.57,1006,836,3183
53060,3636.36,0,0,0,0,28.43,1006,837,3183
53110,3664.79,0,0,-1,0,-29.31,1006,839,3183
53160,3635.48,0,0,0,0,29.31,1006,840,3183
53210,3654.08,0,0,-1,0,-28.26,1006,842,3183
53260,3625.82,0,0,0,0,21.16,1006,844,3183
53310,3613.59,0,0,0,0,-11.28,1006,844,3183
53360,3591.95,0,0,0,0,-40.79,1006,844,3183
53410,3644.31,0,0,-1,0,-33.34,1006,845,3183
53460,3626.69,0,0,0,0,27.39,1006,846,3183
53510,3632.84,0,0,0,0,-40.89,1006,846,3183
53560,3612.72,0,0,0,0,21.88,1006,846,3183
53610,3654.08,0,0,-1,0,-38.75,1006,848,3183
53660,3626.69,0,0,0,0,25.61,1006,849,3183
53710,3655.86,0,0,-1,0,-19.50,1006,851,3183
53760,3614.46,0,0,0,0,28.97,1006,852,3183
53810,3654.08,0,0,-1,0,-17.72,1006,854,3183
53860,3624.06,0,0,0,0,40.73,1006,855,3183
53910,3612.72,0,0,0,0,13.10,1006,856,3183
53960,3612.72,0,0,0,0,21.00,1006,856,3183
54010,3643.43,0,0,-1,0,-41.12,1006,857,3183
54060,3615.33,0,0,0,0,36.97,1006,858,3183
54110,3654.97,0,0,-1,0,-41.38,1006,860,3183
54160,3625.82,0,0,0,0,28.26,1006,861,3183
54210,3643.43,0,0,-1,0,-18.49,1006,863,3183
54260,3636.36,0,0,0,0,28.43,1006,864,3183
54310,3646.97,0,0,-1,0,0.00,1006,867,3183
54360,3602.31,0,0,0,0,14.06,1006,867,3183
54410,3643.43,0,0,-1,0,-41.99,1006,868,3183
54460,3625.82,0,0,0,0,18.50,1006,869,3183
54510,3654.97,0,0,-1,0,-18.61,1006,871,3183
54560,3636.36,0,0,0,0,28.43,1006,872,3183
54610,3664.79,0,0,-1,0,-28.43,1006,874,3183
54660,3601.44,0,0,0,0,3.50,1006,874,3183
54710,3612.72,0,0,0,0,-1.74,1006,874,3183
54760,3591.95,0,0,0,0,-28.56,1006,874,3183
54810,3642.54,0,0,-1,0,-40.24,1006,875,3183
54860,3612.72,0,0,0,0,9.60,1006,875,3183
54910,3643.43,0,0,-1,0,-31.58,1006,876,3183
54960,3624.06,0,0,0,0,22.91,1006,877,3183
55010,3654.08,0,0,-1,0,-17.72,1006,879,3183
55060,3646.97,0,0,-1,0,17.82,1006,881,3183
55110,3669.28,0,0,-1,0,-22.30,1006,884,3183
55160,3636.36,0,0,0,0,26.64,1006,886,3183
55211,3656.75,0,0,-1,0,-15.09,1006,889,3183
55261,3627.57,0,0,0,0,103.77,1007,889,3184
55311,3630.20,0,0,0,0,167.26,1011,889,3184
55361,3544.42,0,0,1,0,306.67,1016,890,3214
55411,3544.42,0,0,1,0,350.67,1021,891,3244
55461,3546.10,0,0,1,0,375.47,1027,892,3277
55511,3545.26,0,0,1,0,413.57,1033,893,3312
55561,3545.26,0,0,1,0,329.71,1036,895,3333
55612,3759.40,-2,-2,0,-1,-214.97,1045,896,3380
55662,3654.97,0,0,-1,0,-18.61,1045,897,3380
55712,3625.82,0,0,0,0,18.50,1045,898,3380
55762,3654.08,0,0,-1,0,-39.62,1045,900,3380
55812,3616.20,0,0,0,0,37.88,1045,901,3380
55862,3632.84,0,0,0,0,-20.99,1045,901,3380
55912,3602.31,0,0,0,0,-18.32,1045,901,3380
55962,3625.82,0,0,0,0,-23.51,1045,901,3380
56012,3615.33,0,0,0,0,37.86,1045,902,3380
56062,3653.19,0,0,-1,0,-16.83,1045,904,3380
56112,3636.36,0,0,0,0,21.28,1045,906,3380
56162,3643.43,0,0,-1,0,-16.74,1045,908,3380
56212,3636.36,0,0,0,0,18.61,1045,909,3380
56262,3665.69,0,0,-1,0,-39.87,1045,911,3380
56312,3612.72,0,0,0,0,18.37,1045,911,3380
56363,3634.60,0,0,0,0,-31.43,1045,911,3380
56413,3602.31,0,0,0,0,-17.45,1045,911,3380
56463,3607.50,0,0,0,0,-28.78,1045,911,3380
56513,3602.31,0,0,0,0,-25.97,1045,911,3380
56563,3654.08,0,0,-1,0,-33.52,1045,912,3380
56613,3636.36,0,0,0,0,18.61,1045,913,3380
56663,3637.25,0,0,0,0,8.84,1045,915,3380
56713,3625.82,0,0,0,0,28.26,1045,916,3380
56763,3654.08,0,0,-1,0,-28.26,1045,918,3380
56813,3625.82,0,0,0,0,17.61,1045,919,3380
56863,3654.97,0,0,-1,0,-29.16,1045,921,3380
56913,3637.25,0,0,0,0,16.83,1045,922,3380
56963,3632.84,0,0,0,0,5.29,1045,923,3380
57013,3615.33,0,0,0,0,28.99,1045,924,3380
57063,3643.43,0,0,-1,0,-17.61,1045,926,3380
57113,3612.72,0,0,0,0,19.24,1045,926,3380
57163,3644.31,0,0,-1,0,-21.13,1045,927,3380
57213,3625.82,0,0,0,0,28.26,1045,928,3380
57263,3633.72,0,0,0,0,-7.91,1045,929,3380
57313,3602.31,0,0,0,0,-19.20,1045,929,3380
57363,3644.31,0,0,-1,0,-28.99,1045,931,3380
57413,3625.82,0,0,0,0,28.26,1045,932,3380
57463,3644.31,0,0,-1,0,-7.95,1045,934,3380
57513,3625.82,0,0,0,0,35.40,1045,935,3380
57563,3677.37,0,-1,0,0,-38.36,1046,935,3380
57613,3636.36,0,0,0,0,15.94,1046,937,3380
57663,3646.09,0,0,-1,0,-2.66,1046,940,3380
57713,3617.94,0,0,0,0,65.75,1047,940,3380
57763,3650.52,0,0,-1,0,112.65,1050,941,3380
57814,3545.26,0,0,1,0,362.01,1055,942,3412
57864,3546.10,0,0,1,0,424.26,1061,943,3451
57914,3544.42,0,0,1,0,499.79,1069,944,3511
57964,3545.26,0,0,1,0,401.07,1076,945,3567
58014,3735.99,-2,-1,0,-2,-190.73,1087,946,3628
58064,3624.06,0,0,0,0,30.91,1087,947,3628
58114,3644.31,0,0,-1,0,-39.41,1087,949,3628
58164,3625.82,0,0,0,0,29.16,1087,950,3628
58214,3644.31,0,0,-1,0,-28.99,1087,952,3628
58264,3636.36,0,0,0,0,17.72,1087,953,3628
58314,3678.27,0,-1,0,0,-31.30,1088,955,3628
58364,3622.31,0,0,0,0,13.17,1088,956,3628
58414,3644.31,0,0,-1,0,-20.25,1088,958,3628
58464,3600.58,0,0,0,0,4.38,1088,958,3628
58514,3635.48,0,0,0,0,-33.18,1088,958,3628
58564,3726.71,0,-1,0,-2,-183.96,1089,959,3630
58614,3643.43,0,0,-1,0,-17.61,1089,961,3630
58664,3636.36,0,0,0,0,17.72,1089,962,3630
58714,3654.97,0,0,-1,0,-29.16,1089,964,3630
58764,3625.82,0,0,0,0,17.61,1089,965,3630
58814,3643.43,0,0,-1,0,-17.61,1089,967,3630
58864,3625.82,0,0,0,0,28.26,1089,968,3630
58914,3644.31,0,0,-1,0,-18.50,1089,970,3630
58964,3625.82,0,0,0,0,17.61,1089,971,3630
59014,3654.97,0,0,-1,0,-29.16,1089,973,3630
59064,3615.33,0,0,0,0,28.10,1089,974,3630
59114,3621.44,0,0,0,0,-8.72,1089,974,3630
59164,3603.17,0,0,0,0,-17.45,1089,974,3630
59214,3643.43,0,0,-1,0,-30.71,1089,975,3630
59264,3636.36,0,0,0,0,18.61,1089,976,3630
59314,3664.79,0,0,-1,0,-28.43,1089,978,3630
59364,3635.48,0,0,0,0,29.31,1089,979,3630
59414,3657.64,0,0,-1,0,-10.67,1089,982,3630
59464,3635.48,0,0,0,0,11.49,1089,984,3630
59514,3633.72,0,0,0,0,-18.39,1089,985,3630
59564,3602.31,0,0,0,0,-20.92,1089,985,3630
59614,3626.69,0,0,0,0,-26.12,1089,985,3630
59664,3614.46,0,0,0,0,37.84,1089,986,3630
59714,3665.69,0,0,-1,0,-29.33,1089,988,3630
59764,3636.36,0,0,0,0,28.43,1089,989,3630
59814,3653.19,0,0,-1,0,-15.95,1089,991,3630
59864,3625.82,0,0,0,0,18.50,1089,992,3630
59914,3654.08,0,0,-1,0,-28.26,1089,994,3630
59964,3602.31,0,0,0,0,6.14,1089,994,3630
60014,3643.43,0,0,-1,0,-32.45,1089,995,3630
60064,3636.36,0,0,0,0,23.07,1089,996,3630
60114,3654.08,0,0,-1,0,-26.51,1089,997,3630
60164,3636.36,0,0,0,0,19.50,1089,998,3630
60214,3633.72,0,0,0,0,-5.27,1089,999,3630
60264,3615.33,0,0,0,0,34.31,1089,1000,3630
60314,3649.63,0,0,-1,0,44.04,1090,1001,3630
60364,3609.24,0,-2,0,0,-325.90,1093,1001,3630
60414,3543.59,0,0,1,0,296.66,1098,1002,3657
60464,3546.10,0,0,1,0,384.72,1104,1003,3689
60514,3618.82,0,0,0,0,150.03,1106,1003,3689
60564,3543.59,0,0,1,0,297.64,1111,1004,3716
60614,3545.26,0,0,1,0,476.19,1118,1005,3757
60665,3714.71,-3,-1,0,-3,-170.29,1129,1006,3823
60715,3612.72,0,0,0,0,22.77,1129,1006,3823
60765,3643.43,0,0,-1,0,-31.58,1129,1007,3823
60815,3612.72,0,0,0,0,20.12,1129,1007,3823
60865,3664.79,0,0,-1,0,-41.61,1129,1008,3823
60915,3636.36,0,0,0,0,28.43,1129,1009,3823
60965,3643.43,0,0,-1,0,-28.97,1129,1011,3823
61015,3636.36,0,0,0,0,17.72,1129,1012,3823
61065,3653.19,0,0,-1,0,-16.83,1129,1013,3823
61115,3625.82,0,0,0,0,18.50,1129,1014,3823
61165,3664.79,0,0,-1,0,-49.46,1129,1016,3823
61215,3624.94,0,0,0,0,19.38,1129,1017,3823
61265,3632.84,0,0,0,0,-20.12,1129,1017,3823
61315,3626.69,0,0,0,0,27.39,1129,1018,3823
61365,3623.19,0,0,0,0,0.88,1129,1019,3823
61415,3590.23,0,0,0,0,-25.25,1129,1019,3823
61465,3653.19,0,0,-1,0,-50.89,1129,1020,3823
61515,3625.82,0,0,0,0,18.50,1129,1021,3823
61565,3654.97,0,0,-1,0,-18.61,1129,1023,3823
61615,3644.31,0,0,-1,0,23.17,1129,1026,3823
61665,3612.72,0,0,0,0,2.61,1129,1027,3823
61715,3601.44,0,0,0,0,-18.24,1129,1027,3823
61765,3654.08,0,0,-1,0,-43.10,1129,1028,3823
61815,3604.90,0,0,-1,0,-70.91,1129,1029,3823
61865,3643.43,0,0,-1,0,-41.12,1129,1030,3823
61915,3624.94,0,0,0,0,29.14,1129,1031,3823
61965,3664.79,0,0,-1,0,-38.10,1129,1033,3823
62015,3636.36,0,0,0,0,17.72,1129,1034,3823
62065,3643.43,0,0,-1,0,-28.10,1129,1036,3823
62115,3625.82,0,0,0,0,17.61,1129,1037,3823
62166,3643.43,0,0,-1,0,-31.58,1129,1038,3823
62216,3615.33,0,0,0,0,27.22,1129,1039,3823
62266,3643.43,0,0,-1,0,-16.74,1129,1041,3823
62316,3615.33,0,0,0,0,38.75,1129,1042,3823
62366,3643.43,0,0,-1,0,-30.71,1129,1043,3823
62416,3625.82,0,0,0,0,28.26,1129,1044,3823
62466,3632.84,0,0,0,0,-7.03,1129,1045,3823
62516,3604.90,0,0,-1,0,-35.94,1129,1046,3823
62566,3654.08,0,0,-1,0,-30.02,1129,1048,3823
62616,3625.82,0,0,0,0,29.16,1129,1049,3823
62666,3644.31,0,0,-1,0,-33.34,1129,1050,3823
62716,3626.69,0,0,0,0,30.06,1129,1051,3823
62766,3654.08,0,0,-1,0,-25.63,1129,1052,3823
62816,3625.82,0,0,0,0,31.83,1129,1053,3823
62866,3664.79,0,0,-1,0,-25.78,1129,1055,3823
62916,3646.97,0,0,-1,0,26.80,1129,1057,3823
62966,3651.41,0,0,-1,0,118.38,1132,1058,3823
63016,3546.10,0,0,1,0,386.78,1138,1059,3857
63066,3545.26,0,0,1,0,436.69,1144,1060,3897
63116,3607.50,0,-2,0,0,-258.79,1146,1060,3897
63166,3543.59,0,0,1,0,319.41,1151,1061,3926
63216,3546.10,0,0,1,0,446.45,1158,1062,3964
63266,3685.50,0,-1,0,0,79.56,1168,1062,4015
63316,3664.79,0,0,-1,0,-28.43,1168,1064,4015
63366,3625.82,0,0,0,0,28.26,1168,1065,4015
63416,3620.56,0,0,0,0,-4.36,1168,1066,4015
63466,3623.19,0,0,0,0,9.65,1168,1066,4015
63516,3633.72,0,0,0,0,-9.66,1168,1067,4015
63566,3615.33,0,0,0,0,36.97,1168,1068,4015
63616,3654.08,0,0,-1,0,-30.02,1168,1070,4015
63666,3611.85,0,0,0,0,21.87,1168,1070,4015
63716,3643.43,0,0,-1,0,-28.10,1168,1072,4015
63766,3624.06,0,0,0,0,40.73,1168,1073,4015
63816,3643.43,0,0,-1,0,-30.71,1168,1074,4015
63866,3625.82,0,0,0,0,28.26,1168,1075,4015
63916,3654.97,0,0,-1,0,-29.16,1168,1077,4015
63966,3624.94,0,0,0,0,29.14,1168,1078,4015
64016,3643.43,0,0,-1,0,-28.10,1168,1080,4015
64066,3624.94,0,0,0,0,29.14,1168,1081,4015
64116,3612.72,0,0,0,0,13.10,1168,1082,4015
64166,3602.31,0,0,0,0,-39.07,1168,1082,4015
64216,3633.72,0,0,0,0,-21.00,1168,1082,4015
64266,3625.82,0,0,0,0,17.61,1168,1083,4015
64316,3644.31,0,0,-1,0,-8.83,1168,1085,4015
64366,3625.82,0,0,0,0,17.61,1168,1086,4015
64416,3654.08,0,0,-1,0,-29.14,1168,1088,4015
64466,3636.36,0,0,0,0,28.43,1168,1089,4015
64516,3631.96,0,0,0,0,-6.15,1168,1090,4015
64566,3602.31,0,0,0,0,-19.19,1168,1090,4015
64616,3625.82,0,0,0,0,-34.72,1168,1090,4015
64666,3615.33,0,0,0,0,36.97,1168,1091,4015
64716,3664.79,0,0,-1,0,-38.98,1168,1093,4015
64766,3611.85,0,0,0,0,20.99,1168,1093,4015
64816,3643.43,0,0,-1,0,-28.10,1168,1095,4015
64866,3625.82,0,0,0,0,29.16,1168,1096,4015
64916,3616.20,0,0,0,0,-24.25,1168,1096,4015
64966,3611.85,0,0,0,0,20.99,1168,1096,4015
65016,3633.72,0,0,0,0,-10.53,1168,1096,4015
65067,3623.19,0,0,0,0,9.65,1168,1096,4015
65117,3664.79,0,0,-1,0,-38.10,1168,1098,4015
65167,3615.33,0,0,0,0,38.75,1168,1099,4015
65217,3635.48,0,0,0,0,-30.58,1168,1100,4015
65267,3615.33,0,0,0,0,36.97,1168,1101,4015
65317,3643.43,0,0,-1,0,-18.49,1168,1103,4015
65367,3625.82,0,0,0,0,18.50,1168,1104,4015
65417,3655.86,0,0,-1,0,-31.80,1168,1106,4015
65467,3636.36,0,0,0,0,17.72,1168,1107,4015
65517,3654.97,0,0,-1,0,-18.61,1168,1109,4015
65567,3612.72,0,0,0,0,24.53,1168,1109,4015
65617,3643.43,0,0,-1,0,-29.84,1168,1111,4015
65667,3615.33,0,0,0,0,40.53,1168,1112,4015
65717,3654.08,0,0,-1,0,-16.83,1168,1114,4015
65767,3615.33,0,0,0,0,36.97,1168,1115,4015
65817,3547.78,0,0,1,0,165.09,1169,1116,4015
65867,3545.26,0,0,1,0,328.71,1172,1118,4036
65918,3770.74,-1,-2,0,0,-226.32,1181,1119,4078
65968,3654.97,0,0,-1,0,-18.61,1181,1121,4078
66018,3636.36,0,0,0,0,18.61,1181,1122,4078
66068,3668.38,0,0,-1,0,-21.41,1181,1125,4078
66118,3591.09,0,0,0,0,1.75,1181,1125,4078
66168,3624.94,0,0,0,0,-32.99,1181,1125,4078
66219,3612.72,0,0,0,0,10.47,1181,1125,4078
66269,3654.08,0,0,-1,0,-38.75,1181,1127,4078
66319,3636.36,0,0,0,0,17.72,1181,1128,4078
66369,3664.79,0,0,-1,0,-29.31,1181,1130,4078
66419,3635.48,0,0,0,0,29.31,1181,1131,4078
66469,3633.72,0,0,0,0,-7.91,1181,1132,4078
66519,3612.72,0,0,0,0,19.24,1181,1132,4078
66569,3644.31,0,0,-1,0,-31.60,1181,1133,4078
66619,3611.85,0,0,0,0,23.64,1181,1133,4078
66669,3654.97,0,0,-1,0,-30.91,1181,1135,4078
66719,3615.33,0,0,0,0,28.10,1181,1136,4078
66769,3654.97,0,0,-1,0,-33.53,1181,1137,4078
66819,3615.33,0,0,0,0,28.10,1181,1138,4078
66869,3632.84,0,0,0,0,-17.51,1181,1139,4078
66919,3602.31,0,0,0,0,-6.12,1181,1139,4078
66969,3652.30,0,0,-1,0,-50.86,1181,1140,4078
67019,3585.09,0,0,0,0,16.35,1181,1140,4078
67069,3633.72,0,0,0,0,-41.77,1181,1140,4078
67119,3615.33,0,0,0,0,28.99,1181,1141,4078
67169,3654.08,0,0,-1,0,-38.75,1181,1143,4078
67219,3625.82,0,0,0,0,29.16,1181,1144,4078
67269,3635.48,0,0,0,0,10.60,1181,1145,4078
67319,3626.69,0,0,0,0,25.61,1181,1146,4078
67369,3654.97,0,0,-1,0,-18.61,1181,1148,4078
67419,3636.36,0,0,0,0,18.61,1181,1149,4078
67469,3654.97,0,0,-1,0,-29.16,1181,1151,4078
67519,3611.85,0,0,0,0,21.87,1181,1151,4078
67569,3601.44,0,0,0,0,-19.24,1181,1151,4078
67619,3591.95,0,0,0,0,-32.00,1181,1151,4078
67670,3626.69,0,0,0,0,-25.25,1181,1151,4078
67720,3611.85,0,0,0,0,22.75,1181,1151,4078
67770,3644.31,0,0,-1,0,-7.95,1181,1153,4078
67820,3646.97,0,0,-1,0,17.82,1181,1155,4078
67870,3643.43,0,0,-1,0,-18.49,1181,1157,4078
67920,3634.60,0,0,0,0,28.40,1181,1158,4078
67970,3654.08,0,0,-1,0,-20.36,1181,1160,4078
68020,3610.98,0,0,0,0,27.15,1181,1160,4078
68070,3644.31,0,0,-1,0,-22.00,1181,1161,4078
68120,3616.20,0,0,0,0,36.99,1181,1162,4078
68170,3626.69,0,0,0,0,-20.92,1181,1162,4078
68220,3591.09,0,0,0,0,-17.38,1181,1162,4078
68270,3643.43,0,0,-1,0,-33.32,1181,1163,4078
68320,3625.82,0,0,0,0,26.49,1181,1164,4078
68370,3664.79,0,0,-1,0,-28.43,1181,1166,4078
68420,3543.59,0,0,1,0,280.99,1184,1167,4098
68470,3545.26,0,0,1,0,432.46,1189,1168,4131
68520,3696.40,0,-1,0,0,69.60,1199,1168,4182
68570,3642.54,0,0,-1,0,-7.06,1199,1169,4182
68620,3674.67,0,0,0,0,90.39,1209,1169,4250
68670,3625.82,0,0,0,0,15.84,1209,1170,4250
68720,3654.08,0,0,-1,0,-38.75,1209,1172,4250
68770,3626.69,0,0,0,0,25.61,1209,1173,4250
68820,3664.79,0,0,-1,0,-28.43,1209,1175,4250
68870,3624.94,0,0,0,0,18.49,1209,1176,4250
68920,3654.08,0,0,-1,0,-17.72,1209,1178,4250
68970,3615.33,0,0,0,0,28.99,1209,1179,4250
69020,3606.64,0,0,0,0,24.87,1209,1179,4250
69070,3602.31,0,0,0,0,-40.03,1209,1179,4250
69120,3654.08,0,0,-1,0,-38.75,1209,1181,4250
69170,3613.59,0,0,0,0,30.73,1209,1182,4250
69220,3654.08,0,0,-1,0,-28.26,1209,1184,4250
69270,3635.48,0,0,0,0,29.31,1209,1185,4250
69320,3668.38,0,0,-1,0,-23.18,1209,1188,4250
69370,3636.36,0,0,0,0,31.12,1209,1190,4250
69420,3654.08,0,0,-1,0,-17.72,1209,1192,4250
69470,3625.82,0,0,0,0,28.26,1209,1193,4250
69520,3632.84,0,0,0,0,-20.12,1209,1193,4250
69570,3612.72,0,0,0,0,21.88,1209,1193,4250
69620,3608.37,0,0,0,0,25.72,1209,1193,4250
69670,3602.31,0,0,0,0,-39.07,1209,1193,4250
69720,3654.97,0,0,-1,0,-33.53,1209,1194,4250
69770,3646.09,0,0,-1,0,18.71,1209,1196,4250
69820,3678.27,0,-1,0,0,-28.64,1211,1197,4250
69870,3635.48,0,0,0,0,12.38,1211,1199,4250
69920,3654.08,0,0,-1,0,-17.72,1211,1201,4250
69970,3612.72,0,0,0,0,21.00,1211,1201,4250
70020,3635.48,0,0,0,0,-33.18,1211,1201,4250
70070,3615.33,0,0,0,0,28.99,1211,1202,4250
70120,3654.08,0,0,-1,0,-28.26,1211,1204,4250
70170,3636.36,0,0,0,0,16.83,1211,1205,4250
70220,3654.08,0,0,-1,0,-16.83,1211,1207,4250
70270,3581.66,0,0,0,0,31.05,1211,1207,4250
70320,3508.77,0,1,0,0,18.98,1212,1208,4250
70370,3426.22,0,2,0,0,27.61,1216,1208,4250
70420,3349.71,0,3,0,0,14.27,1224,1208,4250
70470,3300.33,0,3,0,0,11.66,1230,1208,4252
70520,3153.25,6,5,0,13,259.72,1243,1208,4301
70571,3142.68,0,5,0,0,15.88,1257,1208,4309
70621,3099.81,0,6,0,0,3.21,1269,1208,4310
70671,3018.11,0,7,0,0,11.58,1290,1208,4312
70721,2955.08,0,8,0,1,32.37,1305,1208,4314
70771,2890.73,4,9,0,0,10.62,1331,1208,4315
70821,2845.22,0,9,0,0,3.24,1349,1208,4316
70871,2790.70,0,10,0,0,1.56,1369,1208,4318
70921,2699.30,9,11,0,1,39.43,1402,1208,4320
70971,2647.84,5,12,0,1,39.37,1425,1208,4321
71021,2594.71,2,13,0,1,43.35,1450,1208,4322
71071,2543.23,0,13,0,1,46.10,1476,1208,4323
71121,2491.69,0,14,0,2,50.68,1503,1208,4325
71171,2444.19,0,15,0,2,50.40,1532,1208,4327
71221,2394.25,0,15,0,1,47.55,1562,1208,4328
71271,2344.85,0,16,0,1,44.45,1593,1208,4329
71321,2294.28,1,16,0,1,46.91,1625,1208,4330
71371,2244.84,5,17,0,1,49.09,1658,1208,4331
71421,2194.59,10,18,0,1,47.90,1693,1208,4332
71471,2146.54,16,18,0,1,49.33,1729,1208,4333
71521,2142.55,0,18,0,0,3.99,1747,1208,4333
71571,2093.80,1,19,0,0,2.63,1785,1208,4334
71621,2043.88,10,20,0,0,5.31,1825,1208,4335
71671,2000.00,0,20,0,1,43.88,1845,1208,4336
71721,2046.38,0,20,0,-4,-141.62,1887,1208,4343
71771,1900.66,17,22,0,1,46.89,1930,1208,4347
71821,1898.97,0,22,0,0,1.68,1952,1208,4347
71871,1838.69,14,22,0,0,12.25,1996,1208,4348
71921,1812.91,0,23,0,0,25.78,2019,1208,4348
71971,1753.77,16,24,0,1,46.95,2066,1208,4349
72022,1751.11,0,24,0,0,2.66,2090,1208,4349
72072,1701.84,20,24,0,0,1.74,2138,1208,4350
72122,1653.99,8,25,0,1,47.85,2163,1208,4351
72172,1652.53,0,25,0,0,1.46,2188,1208,4351
72222,1604.28,18,25,0,0,1.72,2238,1208,4352
72272,1553.60,11,26,0,1,50.68,2264,1208,4353
72322,1556.82,0,26,0,0,-3.22,2290,1208,4353
72372,1503.46,0,27,0,1,53.37,2317,1208,4354
72422,1503.01,18,27,0,-1,-46.84,2371,1208,4356
72472,1455.32,11,27,0,1,47.68,2398,1208,4357
72522,1401.61,4,28,0,1,53.71,2426,1208,4358
72572,1405.15,0,28,0,0,-3.55,2454,1208,4358
72622,1350.26,0,29,0,1,54.90,2483,1208,4359
72672,1352.45,0,29,0,0,-2.19,2512,1208,4359
72722,1297.35,0,29,0,1,55.09,2541,1208,4360
72772,1296.57,26,29,0,-1,-47.09,2600,1208,4361
72822,1247.30,27,30,0,1,49.27,2630,1208,4362
72872,1189.63,28,31,0,1,57.67,2661,1208,4363
72922,1194.36,29,31,0,0,-4.74,2692,1208,4363
72972,1194.36,0,31,0,0,-4.74,2692,1208,4363
73022,1101.40,0,32,0,1,92.96,2724,1208,4364
73072,1173.71,0,31,0,-1,-72.31,2755,1208,4365
73122,1083.35,0,32,0,1,90.36,2787,1208,4366
73172,1080.54,0,32,0,0,2.81,2819,1208,4366
73222,1027.89,6,33,0,0,52.65,2852,1208,4366
73272,1018.05,14,33,0,0,9.84,2885,1208,4366
73322,953.11,29,34,0,1,64.95,2919,1208,4367
73372,953.11,0,34,0,1,64.95,2919,1208,4367
73422,955.90,0,34,0,0,-2.79,2953,1208,4367
73472,895.26,10,35,0,0,60.65,2988,1208,4367
73522,888.99,27,35,0,0,6.26,3023,1208,4367
73572,888.99,0,35,0,0,6.26,3023,1208,4367
73622,824.67,0,36,0,0,64.32,3059,1208,4367
73672,816.19,24,36,0,0,8.48,3095,1208,4367
73722,816.19,0,36,0,0,8.48,3095,1208,4367
73772,745.27,6,37,0,0,70.93,3132,1208,4367
73822,745.27,0,37,0,0,70.93,3132,1208,4367
73872,724.29,0,37,0,0,20.98,3169,1208,4367
73922,677.66,27,37,0,0,46.63,3206,1208,4367
73972,677.66,0,37,0,0,46.63,3206,1208,4367
74022,645.05,21,38,0,0,32.61,3244,1208,4367
74072,645.05,0,38,0,0,32.61,3244,1208,4367
74122,570.54,28,39,0,0,74.51,3283,1208,4367
74172,570.54,0,39,0,0,74.51,3283,1208,4367
74222,570.54,0,39,0,0,74.51,3283,1208,4367
74272,528.88,0,39,0,0,41.66,3322,1208,4367
74322,528.88,0,39,0,0,41.66,3322,1208,4367
74372,454.26,24,40,0,0,74.62,3362,1208,4367
74422,454.26,0,40,0,0,74.62,3362,1208,4367
74472,454.26,0,40,0,0,74.62,3362,1208,4367
74522,393.18,28,41,0,0,61.07,3403,1208,4367
74572,393.18,0,41,0,0,61.07,3403,1208,4367
74622,393.18,0,41,0,0,61.07,3403,1208,4367
74672,393.18,0,41,0,0,61.07,3403,1208,4367
75847,44.86,0,41,0,0,61.07,3403,1208,4367
75897,44.86,0,41,0,0,61.07,3403,1208,4367
75947,44.86,0,41,0,0,61.07,3403,1208,4367
75997,44.86,0,41,0,0,61.07,3403,1208,4367
76047,44.86,0,41,0,0,61.07,3403,1208,4367
76097,0.00,0,41,0,0,61.07,3403,1208,4367
76147,0.00,0,41,0,0,61.07,3403,1208,4367
76197,0.00,0,41,0,0,61.07,3403,1208,4367
76247,0.00,0,41,0,0,61.07,3403,1208,4367
76297,0.00,0,41,0,0,61.07,3403,1208,4367
76347,0.00,0,41,0,0,61.07,3403,1208,4367
76397,0.00,0,41,0,0,61.07,3403,1208,4367
76447,0.00,0,41,0,0,61.07,3403,1208,4367
76497,0.00,0,41,0,0,61.07,3403,1208,4367
76547,0.00,0,41,0,0,61.07,3403,1208,4367
76597,0.00,0,41,0,0,61.07,3403,1208,4367
76647,0.00,0,41,0,0,61.07,3403,1208,4367
76697,0.00,0,41,0,0,61.07,3403,1208,4367
76747,0.00,0,41,0,0,61.07,3403,1208,4367
76797,0.00,0,41,0,0,61.07,3403,1208,4367
76847,0.00,0,41,0,0,61.07,3403,1208,4367
76897,0.00,0,41,0,0,61.07,3403,1208,4367
76947,0.00,0,41,0,0,61.07,3403,1208,4367
76997,0.00,0,41,0,0,61.07,3403,1208,4367
77047,0.00,0,41,0,0,61.07,3403,1208,4367
77097,0.00,0,41,0,0,61.07,3403,1208,4367
77147,0.00,0,41,0,0,61.07,3403,1208,4367
77197,0.00,0,41,0,0,61.07,3403,1208,4367
77247,0.00,0,41,0,0,61.07,3403,1208,4367
77297,0.00,0,41,0,0,61.07,3403,1208,4367
77347,0.00,0,41,0,0,61.07,3403,1208,4367
77398,0.00,0,41,0,0,61.07,3403,1208,4367
77448,0.00,0,41,0,0,61.07,3403,1208,4367
77498,0.00,0,41,0,0,61.07,3403,1208,4367
77548,0.00,0,41,0,0,61.07,3403,1208,4367
77598,0.00,0,41,0,0,61.07,3403,1208,4367
77648,0.00,0,41,0,0,61.07,3403,1208,4367
77698,0.00,0,41,0,0,61.07,3403,1208,4367
77748,0.00,0,41,0,0,61.07,3403,1208,4367
77798,0.00,0,41,0,0,61.07,3403,1208,4367
77848,0.00,0,41,0,0,61.07,3403,1208,4367
77898,0.00,0,41,0,0,61.07,3403,1208,4367
77948,0.00,0,41,0,0,61.07,3403,1208,4367
77998,0.00,0,41,0,0,61.07,3403,1208,4367
78048,0.00,0,41,0,0,61.07,3403,1208,4367
78098,0.00,0,41,0,0,61.07,3403,1208,4367
78148,0.00,0,41,0,0,61.07,3403,1208,4367
78198,0.00,0,41,0,0,61.07,3403,1208,4367
78248,0.00,0,41,0,0,61.07,3403,1208,4367
78298,0.00,0,41,0,0,61.07,3403,1208,4367
78348,0.00,0,41,0,0,61.07,3403,1208,4367
78398,0.00,0,41,0,0,61.07,3403,1208,4367
78448,0.00,0,41,0,0,61.07,3403,1208,4367
78498,0.00,0,41,0,0,61.07,3403,1208,4367
78548,0.00,0,41,0,0,61.07,3403,1208,4367
78598,0.00,0,41,0,0,61.07,3403,1208,4367
78648,0.00,0,41,0,0,61.07,3403,1208,4367
78698,0.00,0,41,0,0,61.07,3403,1208,4367
78748,0.00,0,41,0,0,61.07,3403,1208,4367
78798,0.00,0,41,0,0,61.07,3403,1208,4367
78848,0.00,0,41,0,0,61.07,3403,1208,4367
78898,0.00,0,41,0,0,61.07,3403,1208,4367
78948,0.00,0,41,0,0,61.07,3403,1208,4367
78998,0.00,0,41,0,0,61.07,3403,1208,4367
79048,0.00,0,41,0,0,61.07,3403,1208,4367
79098,0.00,0,41,0,0,61.07,3403,1208,4367
79148,0.00,0,41,0,0,61.07,3403,1208,4367
79198,0.00,0,41,0,0,61.07,3403,1208,4367
79248,0.00,0,41,0,0,61.07,3403,1208,4367
79298,0.00,0,41,0,0,61.07,3403,1208,4367
79348,0.00,0,41,0,0,61.07,3403,1208,4367
79398,0.00,0,41,0,0,61.07,3403,1208,4367
79448,0.00,0,41,0,0,61.07,3403,1208,4367
79498,0.00,0,41,0,0,61.07,3403,1208,4367
79548,0.00,0,41,0,0,61.07,3403,1208,4367
79598,0.00,0,41,0,0,61.07,3403,1208,4367
79648,0.00,0,41,0,0,61.07,3403,1208,4367
79698,0.00,0,41,0,0,61.07,3403,1208,4367
79748,0.00,0,41,0,0,61.07,3403,1208,4367
79798,0.00,0,41,0,0,61.07,3403,1208,4367
79848,0.00,0,41,0,0,61.07,3403,1208,4367
79898,0.00,0,41,0,0,61.07,3403,1208,4367
79948,0.00,0,41,0,0,61.07,3403,1208,4367
79998,0.00,0,41,0,0,61.07,3403,1208,4367
80048,0.00,0,41,0,0,61.07,3403,1208,4367
80098,0.00,0,41,0,0,61.07,3403,1208,4367
80148,0.00,0,41,0,0,61.07,3403,1208,4367
80198,0.00,0,41,0,0,61.07,3403,1208,4367
80248,0.00,0,41,0,0,61.07,3403,1208,4367
80299,0.00,0,41,0,0,61.07,3403,1208,4367
80349,0.00,0,41,0,0,61.07,3403,1208,4367
80399,0.00,0,41,0,0,61.07,3403,1208,4367
