Mechanical Governor - Abrupt Load Increase(1800 W) - Initially No Load
Trial: 1
Date: 3-31-2023
Time: 3:01 PM
Ambient Temp: 82
Head Temp: 194.0

------ Microcontroller Engine Governor - Version: 1.16 ------
-------------------------------------------------------------
PID Gains:        Kp: 0.013000   Ki: 0.025000   Kd: 1.000000
-------------------------------------------------------------
Set RPM:             3600    |  Min RPM:                300
                             |
RPM Precision        10       |  PID I Precision:         70
                             |
Start Steps:         850     |  Max Steps:               1200
                             |
RPM Calc Interval:   1       |  Num Magnets:             1
                             |
LCD Update Interval: 400     |  Serial Update Interval:  50
-------------------------------------------------------------

Time,RPM,Steps Remaining, PID p, PID i, PID d, RPM Change, P Cmd, I Cmd, D Cmd
1226,0.00,0,0,0,0,0.00,0,0,0
1276,0.00,0,0,0,0,0.00,0,0,0
1326,0.00,0,0,0,0,0.00,0,0,0
1376,0.00,0,0,0,0,0.00,0,0,0
1426,0.00,0,0,0,0,0.00,0,0,0
1476,0.00,0,0,0,0,0.00,0,0,0
1526,0.00,0,0,0,0,0.00,0,0,0
1576,0.00,0,0,0,0,0.00,0,0,0
1626,0.00,0,0,0,0,0.00,0,0,0
1676,0.00,0,0,0,0,0.00,0,0,0
1726,0.00,0,0,0,0,0.00,0,0,0
1776,0.00,0,0,0,0,0.00,0,0,0
1826,0.00,0,0,0,0,0.00,0,0,0
1876,0.00,0,0,0,0,0.00,0,0,0
1926,0.00,0,0,0,0,0.00,0,0,0
1976,0.00,0,0,0,0,0.00,0,0,0
2026,0.00,0,0,0,0,0.00,0,0,0
2076,0.00,0,0,0,0,0.00,0,0,0
2126,0.00,0,0,0,0,0.00,0,0,0
2176,0.00,0,0,0,0,0.00,0,0,0
2226,0.00,0,0,0,0,0.00,0,0,0
2276,0.00,0,0,0,0,0.00,0,0,0
2326,0.00,0,0,0,0,0.00,0,0,0
2376,0.00,0,0,0,0,0.00,0,0,0
2426,0.00,0,0,0,0,0.00,0,0,0
2476,0.00,0,0,0,0,0.00,0,0,0
2526,0.00,0,0,0,0,0.00,0,0,0
2576,0.00,0,0,0,0,0.00,0,0,0
2626,0.00,0,0,0,0,0.00,0,0,0
2676,0.00,0,0,0,0,0.00,0,0,0
2726,0.00,0,0,0,0,0.00,0,0,0
2776,0.00,0,0,0,0,0.00,0,0,0
2826,0.00,0,0,0,0,0.00,0,0,0
2876,0.00,0,0,0,0,0.00,0,0,0
2926,0.00,0,0,0,0,0.00,0,0,0
2976,0.00,0,0,0,0,0.00,0,0,0
3026,0.00,0,0,0,0,0.00,0,0,0
3076,0.00,0,0,0,0,0.00,0,0,0
3126,0.00,0,0,0,0,0.00,0,0,0
3176,0.00,0,0,0,0,0.00,0,0,0
3226,0.00,0,0,0,0,0.00,0,0,0
3276,0.00,0,0,0,0,0.00,0,0,0
3326,0.00,0,0,0,0,0.00,0,0,0
3376,0.00,0,0,0,0,0.00,0,0,0
3426,0.00,0,0,0,0,0.00,0,0,0
3476,0.00,0,0,0,0,0.00,0,0,0
3526,0.00,0,0,0,0,0.00,0,0,0
3576,0.00,0,0,0,0,0.00,0,0,0
3627,0.00,0,0,0,0,0.00,0,0,0
3677,0.00,0,0,0,0,0.00,0,0,0
3727,0.00,0,0,0,0,0.00,0,0,0
3777,0.00,0,0,0,0,0.00,0,0,0
3827,0.00,0,0,0,0,0.00,0,0,0
3877,0.00,0,0,0,0,0.00,0,0,0
3927,0.00,0,0,0,0,0.00,0,0,0
3977,0.00,0,0,0,0,0.00,0,0,0
4027,0.00,0,0,0,0,0.00,0,0,0
4077,0.00,0,0,0,0,0.00,0,0,0
4127,0.00,0,0,0,0,0.00,0,0,0
4177,0.00,0,0,0,0,0.00,0,0,0
4227,0.00,0,0,0,0,0.00,0,0,0
4277,0.00,0,0,0,0,0.00,0,0,0
4327,0.00,0,0,0,0,0.00,0,0,0
4377,0.00,0,0,0,0,0.00,0,0,0
4427,0.00,0,0,0,0,0.00,0,0,0
4477,0.00,0,0,0,0,0.00,0,0,0
4527,0.00,0,0,0,0,0.00,0,0,0
4577,0.00,0,0,0,0,0.00,0,0,0
4627,0.00,0,0,0,0,0.00,0,0,0
4677,0.00,0,0,0,0,0.00,0,0,0
4727,0.00,0,0,0,0,0.00,0,0,0
4777,0.00,0,0,0,0,0.00,0,0,0
4827,0.00,0,0,0,0,0.00,0,0,0
4877,0.00,0,0,0,0,0.00,0,0,0
4927,0.00,0,0,0,0,0.00,0,0,0
4977,0.00,0,0,0,0,0.00,0,0,0
5027,0.00,0,0,0,0,0.00,0,0,0
5078,0.00,0,0,0,0,0.00,0,0,0
5128,0.00,0,0,0,0,0.00,0,0,0
5178,0.00,0,0,0,0,0.00,0,0,0
5228,0.00,0,0,0,0,0.00,0,0,0
5278,0.00,0,0,0,0,0.00,0,0,0
5328,0.00,0,0,0,0,0.00,0,0,0
5378,0.00,0,0,0,0,0.00,0,0,0
5428,0.00,0,0,0,0,0.00,0,0,0
5478,0.00,0,0,0,0,0.00,0,0,0
5528,0.00,0,0,0,0,0.00,0,0,0
5578,0.00,0,0,0,0,0.00,0,0,0
5628,0.00,0,0,0,0,0.00,0,0,0
5678,0.00,0,0,0,0,0.00,0,0,0
5728,0.00,0,0,0,0,0.00,0,0,0
5778,0.00,0,0,0,0,0.00,0,0,0
5828,0.00,0,0,0,0,0.00,0,0,0
5878,0.00,0,0,0,0,0.00,0,0,0
5928,0.00,0,0,0,0,0.00,0,0,0
5978,0.00,0,0,0,0,0.00,0,0,0
6028,0.00,0,0,0,0,0.00,0,0,0
6078,0.00,0,0,0,0,0.00,0,0,0
6128,0.00,0,0,0,0,0.00,0,0,0
6178,0.00,0,0,0,0,0.00,0,0,0
6228,0.00,0,0,0,0,0.00,0,0,0
6278,0.00,0,0,0,0,0.00,0,0,0
6328,0.00,0,0,0,0,0.00,0,0,0
6378,0.00,0,0,0,0,0.00,0,0,0
6428,0.00,0,0,0,0,0.00,0,0,0
6478,0.00,0,0,0,0,0.00,0,0,0
6528,0.00,0,0,0,0,0.00,0,0,0
6578,0.00,0,0,0,0,0.00,0,0,0
6628,0.00,0,0,0,0,0.00,0,0,0
6678,0.00,0,0,0,0,0.00,0,0,0
6728,0.00,0,0,0,0,0.00,0,0,0
6778,0.00,0,0,0,0,0.00,0,0,0
6828,0.00,0,0,0,0,0.00,0,0,0
6878,0.00,0,0,0,0,0.00,0,0,0
6928,0.00,0,0,0,0,0.00,0,0,0
6978,0.00,0,0,0,0,0.00,0,0,0
7028,0.00,0,0,0,0,0.00,0,0,0
7078,0.00,0,0,0,0,0.00,0,0,0
7128,0.00,0,0,0,0,0.00,0,0,0
7178,0.00,0,0,0,0,0.00,0,0,0
7228,0.00,0,0,0,0,0.00,0,0,0
7278,0.00,0,0,0,0,0.00,0,0,0
7328,0.00,0,0,0,0,0.00,0,0,0
7378,0.00,0,0,0,0,0.00,0,0,0
7428,0.00,0,0,0,0,0.00,0,0,0
7478,0.00,0,0,0,0,0.00,0,0,0
7528,0.00,0,0,0,0,0.00,0,0,0
7578,0.00,0,0,0,0,0.00,0,0,0
7628,0.00,0,0,0,0,0.00,0,0,0
7678,0.00,0,0,0,0,0.00,0,0,0
7728,0.00,0,0,0,0,0.00,0,0,0
7778,0.00,0,0,0,0,0.00,0,0,0
7828,0.00,0,0,0,0,0.00,0,0,0
7878,0.00,0,0,0,0,0.00,0,0,0
7928,0.00,0,0,0,0,0.00,0,0,0
7979,0.00,0,0,0,0,0.00,0,0,0
8029,0.00,0,0,0,0,0.00,0,0,0
8079,0.00,0,0,0,0,0.00,0,0,0
8129,0.00,0,0,0,0,0.00,0,0,0
8179,0.00,0,0,0,0,0.00,0,0,0
8229,0.00,0,0,0,0,0.00,0,0,0
8279,0.00,0,0,0,0,0.00,0,0,0
8329,0.00,0,0,0,0,0.00,0,0,0
8379,0.00,0,0,0,0,0.00,0,0,0
8429,0.00,0,0,0,0,0.00,0,0,0
8479,0.00,0,0,0,0,0.00,0,0,0
8529,0.00,0,0,0,0,0.00,0,0,0
8579,0.00,0,0,0,0,0.00,0,0,0
8629,0.00,0,0,0,0,0.00,0,0,0
8679,0.00,0,0,0,0,0.00,0,0,0
8729,0.00,0,0,0,0,0.00,0,0,0
8779,0.00,0,0,0,0,0.00,0,0,0
8829,0.00,0,0,0,0,0.00,0,0,0
8879,0.00,0,0,0,0,0.00,0,0,0
8929,inf,0,0,0,0,inf,0,0,0
8979,inf,0,0,0,0,inf,0,0,0
9029,inf,0,0,0,0,inf,0,0,0
9079,489.68,0,40,0,0,inf,40,0,0
9129,489.68,0,40,0,0,inf,40,0,0
9179,571.91,0,39,0,0,-82.22,79,0,0
9229,988.40,0,33,0,-6,-416.49,112,0,6
9279,1010.51,12,33,0,0,-22.11,145,0,6
9329,1465.99,0,27,0,-11,-455.48,172,0,17
9379,1785.71,9,23,0,-8,-293.33,222,0,25
9430,1795.33,0,23,0,0,-9.62,245,0,25
9480,2079.58,4,19,0,0,-16.02,283,0,34
9530,2345.58,2,16,0,0,-8.04,315,0,43
9580,2572.02,0,13,0,0,2.65,341,0,53
9630,3023.58,0,7,0,-12,-229.77,368,0,76
9680,3211.99,0,5,0,-10,-195.10,380,0,86
9730,3393.67,0,2,0,0,-3.07,389,0,95
9780,3694.58,0,-1,0,0,-145.13,390,1,99
9830,3729.49,0,-1,0,0,26.15,393,2,99
9880,3680.98,0,-1,0,0,11.78,396,2,99
9930,3624.06,0,0,0,0,22.02,396,4,99
9980,3632.84,0,0,0,0,-16.64,396,4,99
10030,3592.81,0,0,0,0,-16.64,396,4,99
10080,3675.57,0,0,0,0,-50.63,396,4,99
10130,3656.75,0,0,-1,0,19.72,396,6,99
10180,3662.11,0,0,-1,0,131.52,398,8,99
10231,3770.74,-1,-2,0,0,-226.32,408,9,144
10281,3591.95,0,0,0,0,17.49,408,9,144
10331,3546.94,0,0,1,0,14.32,408,10,144
10381,3852.08,-21,-3,0,-19,-308.49,419,11,227
10431,3667.48,0,0,-1,0,-1.79,419,13,227
10481,3660.32,0,0,-1,0,28.81,420,15,227
10531,3656.75,0,0,-1,0,2.68,421,17,227
10582,3581.66,0,0,0,0,31.05,421,17,227
10632,3617.94,0,0,0,0,-15.64,421,17,227
10682,3615.33,0,0,0,0,28.10,421,18,227
10732,3675.57,0,0,0,0,-39.21,421,19,227
10782,3660.32,0,0,-1,0,28.81,422,21,227
10832,3633.72,0,0,0,0,-9.66,422,22,227
10882,3611.85,0,0,0,0,21.87,422,22,227
10932,3643.43,0,0,-1,0,-30.71,422,23,227
10982,3635.48,0,0,0,0,18.60,422,24,227
11032,3656.75,0,0,-1,0,-9.78,422,27,227
11082,3625.82,0,0,0,0,38.98,422,28,227
11132,3622.31,0,0,0,0,-7.86,422,29,227
11182,3610.98,0,0,0,0,22.74,422,29,227
11232,3643.43,0,0,-1,0,-17.61,422,31,227
11282,3645.20,0,0,-1,0,8.88,422,33,227
11332,3665.69,0,0,-1,0,-39.87,422,35,227
11382,3590.23,0,0,0,0,8.72,422,35,227
11432,3654.08,0,0,-1,0,-41.36,422,36,227
11482,3646.97,0,0,-1,0,17.82,422,38,227
11532,3667.48,0,0,-1,0,-17.85,423,40,227
11582,3612.72,0,0,0,0,22.77,423,41,227
11632,3591.95,0,0,0,0,29.87,423,42,227
11682,3602.31,0,0,0,0,-44.84,423,42,227
11732,3665.69,0,0,-1,0,-50.36,423,44,227
11782,3622.31,0,0,0,0,11.41,423,44,227
11832,3664.79,0,0,-1,0,-28.43,423,46,227
11882,3625.82,0,0,0,0,28.26,423,47,227
11932,3643.43,0,0,-1,0,-27.23,423,49,227
11982,3625.82,0,0,0,0,29.16,423,50,227
12032,3654.08,0,0,-1,0,-17.72,423,52,227
12082,3625.82,0,0,0,0,17.61,423,53,227
12132,3653.19,0,0,-1,0,-26.50,423,55,227
12182,3635.48,0,0,0,0,40.09,423,55,227
12232,3654.97,0,0,-1,0,-22.13,423,57,227
12282,3636.36,0,0,0,0,88.49,424,57,227
12332,3546.10,0,0,1,0,348.99,429,58,255
12382,3601.44,0,-2,0,-1,-180.62,431,58,256
12432,3545.26,0,0,1,0,293.02,436,59,283
12482,3544.42,0,0,1,0,439.64,442,60,321
12532,3748.13,-1,-1,0,-1,-202.86,453,61,390
12582,3633.72,0,0,0,0,2.64,453,62,390
12632,3602.31,0,0,0,0,-18.38,453,62,390
12682,3654.97,0,0,-1,0,-30.91,453,64,390
12732,3636.36,0,0,0,0,20.39,453,66,390
12782,3664.79,0,0,-1,0,-28.43,453,68,390
12832,3612.72,0,0,0,0,21.88,453,69,390
12882,3643.43,0,0,-1,0,-30.71,453,70,390
12932,3612.72,0,0,0,0,21.00,453,70,390
12982,3654.08,0,0,-1,0,-43.10,453,71,390
13032,3636.36,0,0,0,0,18.61,453,72,390
13082,3654.97,0,0,-1,0,-18.61,453,74,390
13132,3625.82,0,0,0,0,28.26,453,75,390
13182,3665.69,0,0,-1,0,-39.87,453,77,390
13232,3622.31,0,0,0,0,11.41,453,77,390
13282,3641.66,0,0,-1,0,-28.94,453,78,390
13332,3573.98,0,0,0,0,80.99,453,79,390
13382,3654.97,0,0,-1,0,-15.08,454,80,390
13432,3625.82,0,0,0,0,18.50,454,81,390
13483,3626.69,0,0,0,0,-26.12,454,81,390
13533,3611.85,0,0,0,0,20.99,454,81,390
13583,3664.79,0,0,-1,0,-38.98,454,83,390
13633,3646.97,0,0,-1,0,20.51,454,86,390
13683,3644.31,0,0,-1,0,-22.88,454,87,390
13733,3615.33,0,0,0,0,28.10,454,88,390
13783,3643.43,0,0,-1,0,-17.61,454,90,390
13833,3615.33,0,0,0,0,28.10,454,91,390
13883,3625.82,0,0,0,0,-24.38,454,91,390
13933,3615.33,0,0,0,0,28.99,454,92,390
13983,3643.43,0,0,-1,0,-17.61,454,94,390
14033,3623.19,0,0,0,0,9.65,454,94,390
14083,3654.97,0,0,-1,0,-29.16,454,96,390
14133,3625.82,0,0,0,0,29.16,454,97,390
14183,3654.08,0,0,-1,0,-28.26,454,99,390
14233,3591.95,0,0,0,0,-0.87,454,99,390
14283,3643.43,0,0,-1,0,-41.99,454,100,390
14333,3610.98,0,0,0,0,12.21,454,100,390
14383,3643.43,0,0,-1,0,-30.71,454,101,390
14433,3625.82,0,0,0,0,29.16,454,102,390
14483,3643.43,0,0,-1,0,-41.12,454,103,390
14533,3616.20,0,0,0,0,36.10,454,104,390
14583,3639.01,0,0,0,0,41.07,455,104,390
14633,3615.33,0,0,0,0,33.42,455,105,390
14683,3654.08,0,0,-1,0,-33.52,455,107,390
14733,3626.69,0,0,0,0,31.84,455,108,390
14783,3654.97,0,0,-1,0,-23.01,455,110,390
14833,3636.36,0,0,0,0,8.84,455,111,390
14883,3627.57,0,0,0,0,89.90,456,111,390
14934,3544.42,0,0,1,0,263.65,459,112,411
14984,3545.26,0,0,1,0,373.23,464,113,441
15034,3545.26,0,0,1,0,417.75,470,114,480
15084,3782.15,-1,-2,0,0,-237.72,481,115,541
15134,3678.27,0,-1,0,0,-28.64,483,116,541
15184,3660.32,0,0,-1,0,17.95,484,118,541
15234,3632.84,0,0,0,0,2.64,484,119,541
15284,3591.09,0,0,0,0,-38.30,484,119,541
15334,3623.19,0,0,0,0,-31.23,484,119,541
15384,3616.20,0,0,0,0,27.23,484,120,541
15434,3654.97,0,0,-1,0,-41.38,484,122,541
15484,3626.69,0,0,0,0,27.39,484,123,541
15534,3644.31,0,0,-1,0,-19.38,484,125,541
15584,3625.82,0,0,0,0,28.26,484,126,541
15634,3654.08,0,0,-1,0,-28.26,484,128,541
15684,3602.31,0,0,0,0,19.24,484,128,541
15734,3643.43,0,0,-1,0,-31.58,484,129,541
15784,3618.82,0,0,0,0,83.97,485,129,541
15834,3635.48,0,0,0,0,-33.18,485,129,541
15884,3625.82,0,0,0,0,27.37,485,130,541
15934,3602.31,0,0,0,0,30.05,485,131,541
15984,3591.95,0,0,0,0,-36.28,485,131,541
16034,3652.30,0,0,-1,0,-50.00,485,132,541
16084,3636.36,0,0,0,0,18.61,485,133,541
16134,3668.38,0,0,-1,0,-21.41,485,136,541
16184,3635.48,0,0,0,0,32.00,485,138,541
16234,3654.97,0,0,-1,0,-18.61,485,140,541
16284,3625.82,0,0,0,0,18.50,485,141,541
16334,3633.72,0,0,0,0,-31.42,485,141,541
16384,3583.37,0,0,0,0,18.93,485,141,541
16434,3643.43,0,0,-1,0,-41.12,485,142,541
16484,3646.97,0,0,-1,0,7.11,485,144,541
16534,3667.48,0,0,-1,0,-21.40,485,147,541
16584,3649.63,0,0,-1,0,29.54,486,149,541
16634,3642.54,0,0,-1,0,-16.73,486,151,541
16684,3580.81,0,0,0,0,11.15,486,151,541
16734,3641.66,0,0,-1,0,-48.85,486,152,541
16784,3604.90,0,0,-1,0,-42.79,486,153,541
16834,3632.84,0,0,0,0,-40.89,486,153,541
16884,3624.06,0,0,0,0,30.91,486,154,541
16934,3654.97,0,0,-1,0,-19.49,486,156,541
16984,3625.82,0,0,0,0,21.16,486,158,541
17034,3643.43,0,0,-1,0,-28.10,486,160,541
17084,3625.82,0,0,0,0,28.26,486,161,541
17134,3606.64,0,0,0,0,19.81,486,161,541
17184,3602.31,0,0,0,0,-32.97,486,161,541
17234,3652.30,0,0,-1,0,-47.40,486,163,541
17284,3624.06,0,0,0,0,20.25,486,164,541
17334,3654.97,0,0,-1,0,-18.61,486,166,541
17384,3635.48,0,0,0,0,32.00,486,168,541
17434,3644.31,0,0,-1,0,-30.73,486,170,541
17484,3600.58,0,0,0,0,-10.46,486,170,541
17534,3635.48,0,0,0,0,-28.85,486,170,541
17584,3625.82,0,0,0,0,27.37,486,171,541
17634,3644.31,0,0,-1,0,-28.99,486,173,541
17684,3625.82,0,0,0,0,16.73,486,174,541
17734,3641.66,0,0,-1,0,-24.59,486,176,541
17784,3616.20,0,0,0,0,27.23,486,177,541
17835,3649.63,0,0,-1,0,44.04,487,178,541
17885,3545.26,0,0,1,0,283.22,490,179,565
17935,3545.26,0,0,1,0,401.07,496,180,599
17986,3713.79,-3,-1,0,-3,-170.20,506,181,652
18036,3612.72,0,0,0,0,20.12,506,181,652
18086,3643.43,0,0,-1,0,-31.58,506,182,652
18136,3625.82,0,0,0,0,29.16,506,183,652
18186,3644.31,0,0,-1,0,-8.83,506,185,652
18236,3636.36,0,0,0,0,7.07,506,186,652
18286,3654.08,0,0,-1,0,-18.60,506,188,652
18336,3604.90,0,0,-1,0,-21.13,506,189,652
18386,3634.60,0,0,0,0,-33.16,506,189,652
18436,3603.17,0,0,-1,0,-33.34,506,190,652
18486,3617.07,0,0,0,0,-34.56,506,190,652
18536,3602.31,0,0,0,0,-34.03,506,190,652
18586,3670.17,0,0,0,0,-65.27,506,191,652
18636,3613.59,0,0,0,0,29.84,506,192,652
18686,3654.08,0,0,-1,0,-38.75,506,194,652
18736,3624.06,0,0,0,0,30.91,506,195,652
18786,3654.97,0,0,-1,0,-29.16,506,197,652
18836,3613.59,0,0,0,0,41.38,506,198,652
18886,3611.85,0,0,0,0,4.35,506,199,652
18936,3591.95,0,0,0,0,-21.65,506,199,652
18987,3644.31,0,0,-1,0,-30.73,506,201,652
19037,3591.09,0,0,0,0,-8.71,506,201,652
19087,3649.63,0,0,-1,0,-56.82,506,202,652
19137,3625.82,0,0,0,0,36.29,506,203,652
19187,3623.19,0,0,0,0,2.63,506,204,652
19237,3602.31,0,0,0,0,-24.25,506,204,652
19287,3643.43,0,0,-1,0,-41.12,506,205,652
19337,3614.46,0,0,0,0,39.62,506,206,652
19387,3629.32,0,0,0,0,-27.88,506,206,652
19437,3604.90,0,0,-1,0,-42.85,506,207,652
19487,3654.97,0,0,-1,0,-30.91,506,209,652
19537,3611.85,0,0,0,0,20.99,506,209,652
19587,3643.43,0,0,-1,0,-20.24,506,210,652
19637,3625.82,0,0,0,0,17.61,506,211,652
19687,3654.08,0,0,-1,0,-38.75,506,213,652
19737,3625.82,0,0,0,0,17.61,506,214,652
19787,3633.72,0,0,0,0,-7.91,506,215,652
19837,3614.46,0,0,0,0,28.97,506,216,652
19887,3623.19,0,0,0,0,-10.47,506,216,652
19937,3615.33,0,0,0,0,25.45,506,217,652
19987,3631.96,0,0,0,0,-6.15,506,218,652
20037,3625.82,0,0,0,0,18.50,506,219,652
20087,3643.43,0,0,-1,0,-21.99,506,220,652
20137,3616.20,0,0,0,0,27.23,506,221,652
20187,3643.43,0,0,-1,0,-20.24,506,222,652
20237,3614.46,0,0,0,0,29.86,506,223,652
20287,3635.48,0,0,0,0,-29.71,506,224,652
20337,3612.72,0,0,0,0,19.24,506,224,652
20387,3634.60,0,0,0,0,-29.70,506,225,652
20438,3612.72,0,0,0,0,9.60,506,225,652
20488,3643.43,0,0,-1,0,-41.12,506,226,652
20538,3612.72,0,0,0,0,20.12,506,226,652
20588,3643.43,0,0,-1,0,-29.84,506,228,652
20638,3625.82,0,0,0,0,14.96,506,229,652
20688,3631.96,0,0,0,0,-19.24,506,229,652
20738,3615.33,0,0,0,0,32.53,506,230,652
20788,3643.43,0,0,-1,0,-34.19,506,231,652
20838,3612.72,0,0,0,0,27.18,506,231,652
20888,3643.43,0,0,-1,0,-15.86,506,233,652
20938,3631.08,0,0,0,0,137.76,508,234,652
20988,3545.26,0,0,1,0,324.71,513,235,680
21038,3544.42,0,0,1,0,453.44,520,236,719
21088,3640.78,0,0,-1,0,158.62,523,237,719
21138,3545.26,0,0,1,0,351.86,528,238,753
21188,3544.42,0,0,1,0,442.82,535,239,795
21238,3725.78,-2,-1,0,-2,-180.52,545,240,864
21288,3615.33,0,0,0,0,28.99,545,241,864
21338,3643.43,0,0,-1,0,-18.49,545,243,864
21388,3625.82,0,0,0,0,29.16,545,244,864
21438,3654.08,0,0,-1,0,-29.14,545,246,864
21488,3591.95,0,0,0,0,20.11,545,246,864
21538,3624.06,0,0,0,0,-33.83,545,246,864
21588,3603.17,0,0,0,0,-32.09,545,246,864
21638,3643.43,0,0,-1,0,-30.71,545,247,864
21688,3635.48,0,0,0,0,30.21,545,248,864
21738,3664.79,0,0,-1,0,-28.43,545,250,864
21788,3624.06,0,0,0,0,40.73,545,251,864
21838,3654.08,0,0,-1,0,-27.39,545,253,864
21888,3604.04,0,0,-1,0,-10.59,545,254,864
21938,3632.84,0,0,0,0,-20.12,545,254,864
21988,3615.33,0,0,0,0,28.99,545,255,864
22038,3610.98,0,0,0,0,1.74,545,255,864
22088,3583.37,0,0,0,0,25.00,545,255,864
22138,3631.96,0,0,0,0,-40.01,545,255,864
22188,3612.72,0,0,0,0,21.00,545,255,864
22238,3643.43,0,0,-1,0,-18.49,545,257,864
22288,3615.33,0,0,0,0,28.99,545,258,864
22338,3643.43,0,0,-1,0,-17.61,545,260,864
22388,3610.98,0,0,0,0,21.86,545,260,864
22438,3644.31,0,0,-1,0,-18.50,545,262,864
22488,3613.59,0,0,0,0,30.73,545,263,864
22538,3654.97,0,0,-1,0,-39.64,545,265,864
22588,3615.33,0,0,0,0,27.22,545,266,864
22638,3639.01,0,0,0,0,53.75,546,266,864
22688,3615.33,0,0,0,0,39.64,546,267,864
22738,3644.31,0,0,-1,0,-28.99,546,269,864
22788,3602.31,0,0,0,0,-12.28,546,269,864
22838,3617.94,0,0,0,0,-17.37,546,269,864
22888,3615.33,0,0,0,0,28.10,546,270,864
22938,3643.43,0,0,-1,0,-30.71,546,271,864
22988,3615.33,0,0,0,0,37.86,546,272,864
23038,3644.31,0,0,-1,0,-17.62,546,274,864
23088,3602.31,0,0,0,0,-27.98,546,274,864
23138,3643.43,0,0,-1,0,-21.99,546,275,864
23188,3621.44,0,0,0,0,11.40,546,275,864
23238,3643.43,0,0,-1,0,-20.24,546,276,864
23288,3625.82,0,0,0,0,17.61,546,277,864
23339,3610.11,0,0,0,0,-7.80,546,277,864
23389,3602.31,0,0,0,0,-42.61,546,277,864
23439,3643.43,0,0,-1,0,-28.10,546,279,864
23489,3616.20,0,0,0,0,37.88,546,280,864
23539,3664.79,0,0,-1,0,-29.31,546,282,864
23589,3636.36,0,0,0,0,10.61,546,284,864
23639,3654.97,0,0,-1,0,-29.16,546,286,864
23689,3625.82,0,0,0,0,29.16,546,287,864
23739,3632.84,0,0,0,0,-17.51,546,288,864
23789,3591.95,0,0,0,0,-17.37,546,288,864
23839,3626.69,0,0,0,0,-23.52,546,288,864
23889,3611.85,0,0,0,0,20.99,546,288,864
23939,3654.97,0,0,-1,0,-29.16,546,290,864
23989,3636.36,0,0,0,0,28.43,546,291,864
24039,3654.08,0,0,-1,0,-20.36,546,293,864
24089,3625.82,0,0,0,0,22.04,546,294,864
24139,3623.19,0,0,0,0,-2.62,546,295,864
24189,3612.72,0,0,0,0,20.12,546,295,864
24239,3601.44,0,-1,0,-2,-155.39,547,296,866
24289,3611.85,0,0,0,0,13.09,547,296,866
24339,3653.19,0,0,-1,0,-43.95,547,297,866
24389,3625.82,0,0,0,0,24.71,547,298,866
24439,3646.97,0,0,-1,0,85.30,549,299,869
24489,3545.26,0,0,1,0,333.71,554,300,896
24539,3544.42,0,0,1,0,507.44,561,301,943
24589,3546.10,0,0,1,0,411.68,566,302,974
24639,3423.09,0,2,0,0,632.06,576,302,1023
24689,3712.87,-3,-1,0,-3,-167.61,586,303,1082
24739,3612.72,0,0,0,0,20.12,586,303,1082
24790,3624.06,0,0,0,0,-32.11,586,303,1082
24840,3624.06,0,0,0,0,25.57,586,304,1082
24890,3654.08,0,0,-1,0,-17.72,586,306,1082
24940,3625.82,0,0,0,0,17.61,586,307,1082
24990,3644.31,0,0,-1,0,-28.99,586,309,1082
25040,3600.58,0,0,0,0,-27.11,586,309,1082
25090,3632.84,0,0,0,0,-20.99,586,309,1082
25140,3625.82,0,0,0,0,17.61,586,310,1082
25190,3641.66,0,0,-1,0,-26.33,586,312,1082
25240,3602.31,0,0,0,0,-26.95,586,312,1082
25290,3622.31,0,0,0,0,-9.60,586,312,1082
25340,3603.17,0,0,0,0,-20.98,586,312,1082
25390,3644.31,0,0,-1,0,-42.01,586,313,1082
25440,3625.82,0,0,0,0,27.37,586,314,1082
25490,3643.43,0,0,-1,0,-7.07,586,316,1082
25540,3625.82,0,0,0,0,18.50,586,317,1082
25590,3624.94,0,0,0,0,-32.13,586,317,1082
25640,3611.85,0,0,0,0,20.99,586,317,1082
25690,3644.31,0,0,-1,0,-22.00,586,318,1082
25740,3636.36,0,0,0,0,17.72,586,319,1082
25790,3654.08,0,0,-1,0,-17.72,586,321,1082
25840,3522.78,0,1,0,0,89.07,587,321,1082
25890,3632.84,0,0,0,0,-39.17,588,321,1085
25940,3624.06,0,0,0,0,20.25,588,322,1085
25990,3602.31,0,0,0,0,30.76,588,323,1085
26040,3591.95,0,0,0,0,-32.00,588,323,1085
26090,3635.48,0,0,0,0,-34.04,588,323,1085
26140,3624.94,0,0,0,0,18.49,588,324,1085
26190,3634.60,0,0,0,0,-33.16,588,324,1085
26240,3612.72,0,0,0,0,20.12,588,324,1085
26290,3641.66,0,0,-1,0,-18.47,588,325,1085
26340,3625.82,0,0,0,0,28.26,588,326,1085
26390,3643.43,0,0,-1,0,-42.85,588,327,1085
26440,3612.72,0,0,0,0,22.77,588,327,1085
26490,3644.31,0,0,-1,0,-18.50,588,329,1085
26540,3624.06,0,0,0,0,30.91,588,330,1085
26590,3643.43,0,0,-1,0,-17.61,588,332,1085
26640,3620.56,0,0,0,0,13.16,588,332,1085
26690,3633.72,0,0,0,0,-21.87,588,332,1085
26740,3603.17,0,0,0,0,-18.32,588,332,1085
26790,3635.48,0,0,0,0,-34.91,588,332,1085
26840,3615.33,0,0,0,0,37.86,588,333,1085
26890,3632.84,0,0,0,0,-6.15,588,334,1085
26940,3592.81,0,0,0,0,21.86,588,334,1085
26990,3644.31,0,0,-1,0,-42.01,588,335,1085
27040,3616.20,0,0,0,0,27.23,588,336,1085
27090,3649.63,0,0,-1,0,27.74,589,337,1085
27140,3646.97,0,0,-1,0,7.11,589,339,1085
27190,3644.31,0,0,-1,0,-8.83,589,341,1085
27240,3615.33,0,0,0,0,28.99,589,342,1085
27290,3643.43,0,0,-1,0,-42.85,589,343,1085
27340,3615.33,0,0,0,0,36.97,589,344,1085
27390,3643.43,0,0,-1,0,-28.10,589,346,1085
27440,3600.58,0,0,0,0,-1.74,589,346,1085
27490,3635.48,0,0,0,0,-32.31,589,346,1085
27540,3612.72,0,0,0,0,22.77,589,346,1085
27590,3654.08,0,0,-1,0,-40.49,589,348,1085
27640,3626.69,0,0,0,0,27.39,589,349,1085
27691,3654.97,0,0,-1,0,-30.91,589,351,1085
27741,3625.82,0,0,0,0,18.50,589,352,1085
27791,3622.31,0,0,0,0,-3.50,589,353,1085
27841,3573.98,0,0,0,0,21.42,589,353,1085
27891,3635.48,0,0,0,0,-34.04,589,353,1085
27941,3625.82,0,0,0,0,37.19,589,354,1085
27991,3646.97,0,0,-1,0,16.03,589,356,1085
28041,3625.82,0,0,0,0,35.40,589,357,1085
28091,3657.64,0,0,-1,0,6.25,589,359,1085
28141,3630.20,0,0,0,0,164.38,592,359,1085
28191,3545.26,0,0,1,0,388.65,598,360,1122
28241,3544.42,0,0,1,0,456.64,606,361,1164
28291,3472.22,0,1,0,0,587.32,615,361,1225
28341,3545.26,0,0,1,0,415.66,619,363,1253
28391,3544.42,0,0,1,0,526.13,628,364,1314
28441,3719.32,0,-1,0,0,45.74,639,364,1373
28491,3613.59,0,0,0,0,29.84,639,365,1373
28541,3633.72,0,0,0,0,-21.87,639,365,1373
28591,3612.72,0,0,0,0,22.77,639,365,1373
28641,3621.44,0,0,0,0,-7.85,639,365,1373
28691,3600.58,0,0,0,0,-19.99,639,365,1373
28741,3643.43,0,0,-1,0,-28.10,639,367,1373
28791,3624.06,0,0,0,0,30.91,639,368,1373
28841,3623.19,0,0,0,0,-7.86,639,369,1373
28891,3612.72,0,0,0,0,22.77,639,369,1373
28941,3620.56,0,0,0,0,-5.24,639,370,1373
28991,3625.82,0,0,0,0,17.61,639,371,1373
29041,3654.08,0,0,-1,0,-29.14,639,373,1373
29091,3646.97,0,0,-1,0,18.72,639,375,1373
29142,3643.43,0,0,-1,0,-7.07,639,377,1373
29192,3591.95,0,0,0,0,6.97,639,377,1373
29242,3617.94,0,0,0,0,-15.64,639,377,1373
29292,3601.44,0,0,0,0,-30.49,639,377,1373
29342,3641.66,0,0,-1,0,-28.94,639,378,1373
29392,3625.82,0,0,0,0,28.26,639,379,1373
29442,3631.96,0,0,0,0,-16.63,639,380,1373
29492,3653.19,0,0,-1,0,-40.47,639,381,1373
29542,3654.08,0,0,-1,0,-28.26,639,383,1373
29592,3625.82,0,0,0,0,18.50,639,384,1373
29642,3622.31,0,0,0,0,-7.86,639,385,1373
29692,3605.77,0,0,-1,0,-33.32,639,386,1373
29742,3632.84,0,0,0,0,-17.51,639,387,1373
29792,3614.46,0,0,0,0,28.97,639,388,1373
29842,3643.43,0,0,-1,0,-17.61,639,390,1373
29892,3601.44,0,0,0,0,-9.57,639,390,1373
29942,3643.43,0,0,-1,0,-41.99,639,391,1373
29992,3615.33,0,0,0,0,28.10,639,392,1373
30042,3632.84,0,0,0,0,-16.64,639,393,1373
30092,3610.98,0,0,0,0,12.21,639,393,1373
30142,3617.94,0,0,0,0,-41.41,639,393,1373
30192,3600.58,0,0,0,0,-25.22,639,393,1373
30242,3643.43,0,0,-1,0,-28.10,639,395,1373
30292,3624.94,0,0,0,0,30.03,639,396,1373
30342,3643.43,0,0,-1,0,-17.61,639,398,1373
30392,3624.94,0,0,0,0,29.14,639,399,1373
30442,3634.60,0,0,0,0,-32.30,639,399,1373
30492,3602.31,0,0,0,0,-2.61,639,399,1373
30542,3633.72,0,0,0,0,-22.74,639,399,1373
30592,3625.82,0,0,0,0,17.61,639,400,1373
30642,3644.31,0,0,-1,0,-18.50,639,402,1373
30692,3591.95,0,0,0,0,-9.58,639,402,1373
30742,3639.89,0,0,0,0,-47.94,639,402,1373
30792,3602.31,0,0,0,0,-34.03,639,402,1373
30842,3643.43,0,0,-1,0,-28.10,639,404,1373
30892,3625.82,0,0,0,0,28.26,639,405,1373
30942,3654.08,0,0,-1,0,-28.26,639,407,1373
30992,3625.82,0,0,0,0,17.61,639,408,1373
31042,3664.79,0,0,-1,0,-28.43,639,410,1373
31092,3636.36,0,0,0,0,28.43,639,411,1373
31142,3601.44,0,0,0,0,28.97,639,412,1373
31192,3602.31,0,0,0,0,-28.56,639,412,1373
31242,3621.44,0,0,0,0,-8.72,639,412,1373
31292,3611.85,0,0,0,0,21.87,639,412,1373
31342,3664.79,0,0,-1,0,-39.85,639,414,1373
31392,3602.31,0,0,0,0,13.12,639,414,1373
31442,3633.72,0,0,0,0,-18.39,639,414,1373
31492,3611.85,0,0,0,0,23.64,639,414,1373
31542,3629.32,0,0,0,0,-48.52,639,414,1373
31592,3613.59,0,0,0,0,30.73,639,415,1373
31642,3654.08,0,0,-1,0,-26.51,639,417,1373
31692,3623.19,0,0,0,0,15.82,639,417,1373
31742,3624.94,0,0,0,0,22.03,639,419,1373
31792,3595.40,0,-1,0,-3,-160.10,640,420,1376
31842,3631.96,0,0,0,0,-15.76,640,420,1376
31892,3572.28,0,0,0,0,25.71,640,420,1376
31942,3629.32,0,0,0,0,-40.81,640,420,1376
31992,3623.19,0,0,0,0,16.70,640,420,1376
32043,3657.64,0,0,-1,0,69.06,641,421,1376
32093,3545.26,0,0,1,0,322.71,646,422,1404
32143,3546.10,0,0,1,0,423.20,652,423,1441
32193,3544.42,0,0,1,0,499.79,660,424,1501
32244,3826.53,-18,-2,0,-17,-281.27,670,425,1576
32294,3666.59,0,0,-1,0,-32.86,670,427,1576
32344,3611.85,0,0,0,0,10.47,670,427,1576
32394,3632.84,0,0,0,0,-16.64,670,428,1576
32444,3613.59,0,0,0,0,18.37,670,428,1576
32494,3633.72,0,0,0,0,-32.28,670,428,1576
32544,3615.33,0,0,0,0,25.45,670,429,1576
32594,3643.43,0,0,-1,0,-28.10,670,431,1576
32644,3614.46,0,0,0,0,28.97,670,432,1576
32694,3643.43,0,0,-1,0,-7.95,670,434,1576
32744,3624.06,0,0,0,0,20.25,670,435,1576
32794,3643.43,0,0,-1,0,-20.24,670,436,1576
32844,3573.98,0,0,0,0,25.73,670,436,1576
32894,3624.94,0,0,0,0,-34.70,670,436,1576
32944,3592.81,0,0,0,0,-34.70,670,436,1576
32994,3652.30,0,0,-1,0,-50.00,670,437,1576
33044,3625.82,0,0,0,0,29.16,670,438,1576
33094,3664.79,0,0,-1,0,-49.46,670,440,1576
33144,3636.36,0,0,0,0,17.72,670,441,1576
33195,3631.96,0,0,0,0,-9.65,670,441,1576
33245,3623.19,0,0,0,0,9.65,670,441,1576
33295,3632.84,0,0,0,0,-20.12,670,441,1576
33345,3624.06,0,0,0,0,19.37,670,442,1576
33395,3623.19,0,0,0,0,-0.87,670,442,1576
33445,3602.31,0,0,0,0,-25.25,670,442,1576
33495,3643.43,0,0,-1,0,-41.99,670,443,1576
33545,3604.90,0,0,-1,0,-47.26,670,444,1576
33595,3626.69,0,0,0,0,-24.39,670,444,1576
33645,3615.33,0,0,0,0,28.99,670,445,1576
33695,3644.31,0,0,-1,0,-18.50,670,447,1576
33745,3635.48,0,0,0,0,29.31,670,448,1576
33795,3643.43,0,0,-1,0,-17.61,670,450,1576
33845,3602.31,0,0,0,0,-14.02,670,450,1576
33895,3664.79,0,0,-1,0,-49.46,670,452,1576
33945,3611.85,0,0,0,0,20.99,670,452,1576
33995,3643.43,0,0,-1,0,-27.23,670,454,1576
34045,3615.33,0,0,0,0,28.99,670,455,1576
34095,3654.08,0,0,-1,0,-38.75,670,457,1576
34145,3625.82,0,0,0,0,28.26,670,458,1576
34195,3643.43,0,0,-1,0,-27.23,670,460,1576
34245,3610.98,0,0,0,0,21.86,670,460,1576
34295,3606.64,0,0,0,0,18.83,670,460,1576
34345,3601.44,0,0,0,0,-28.68,670,460,1576
34395,3635.48,0,0,0,0,-33.18,670,460,1576
34445,3615.33,0,0,0,0,28.10,670,461,1576
34495,3654.08,0,0,-1,0,-28.26,670,463,1576
34545,3615.33,0,0,0,0,28.99,670,464,1576
34595,3641.66,0,0,-1,0,-26.33,670,466,1576
34646,3623.19,0,0,0,0,10.53,670,466,1576
34696,3644.31,0,0,-1,0,-30.73,670,468,1576
34746,3615.33,0,0,0,0,31.64,670,469,1576
34796,3635.48,0,0,0,0,-33.18,670,469,1576
34846,3624.94,0,0,0,0,18.49,670,470,1576
34896,3664.79,0,0,-1,0,-34.59,670,472,1576
34946,3636.36,0,0,0,0,26.64,670,473,1576
34996,3623.19,0,0,0,0,0.88,670,473,1576
35046,3582.52,0,0,0,0,28.46,670,473,1576
35096,3635.48,0,0,0,0,-30.58,670,473,1576
35146,3639.01,0,0,0,0,-34.11,670,473,1576
35196,3654.97,0,0,-1,0,-30.03,670,475,1576
35246,3621.44,0,0,0,0,114.55,671,476,1578
35296,3654.97,0,0,-1,0,-29.16,671,478,1578
35346,3627.57,0,0,0,0,119.62,672,479,1579
35396,3543.59,0,0,1,0,300.60,677,480,1606
35446,3546.10,0,0,1,0,384.72,683,481,1636
35496,3544.42,0,0,1,0,494.35,691,482,1680
35546,3554.50,0,0,1,0,392.87,699,483,1737
35596,3545.26,0,0,1,0,353.88,702,485,1759
35646,3544.42,0,0,1,0,454.51,709,486,1800
35696,3642.54,0,0,-1,0,123.46,718,487,1854
35746,3644.31,0,0,-1,0,-30.73,718,489,1854
35796,3600.58,0,0,0,0,-2.60,718,489,1854
35846,3652.30,0,0,-1,0,-50.00,718,490,1854
35896,3636.36,0,0,0,0,17.72,718,491,1854
35946,3684.60,0,-1,0,0,-78.83,719,492,1854
35996,3625.82,0,0,0,0,16.73,719,493,1854
36046,3643.43,0,0,-1,0,-28.10,719,495,1854
36096,3615.33,0,0,0,0,28.10,719,496,1854
36146,3631.96,0,0,0,0,-16.63,719,497,1854
36196,3612.72,0,0,0,0,20.12,719,497,1854
36246,3643.43,0,0,-1,0,-30.71,719,498,1854
36296,3625.82,0,0,0,0,17.61,719,499,1854
36346,3644.31,0,0,-1,0,-18.50,719,501,1854
36396,3625.82,0,0,0,0,17.61,719,502,1854
36446,3624.06,0,0,0,0,-31.25,719,502,1854
36496,3614.46,0,0,0,0,26.32,719,503,1854
36546,3642.54,0,0,-1,0,-16.73,719,505,1854
36596,3625.82,0,0,0,0,28.26,719,506,1854
36646,3632.84,0,0,0,0,-19.25,719,507,1854
36696,3615.33,0,0,0,0,28.10,719,508,1854
36746,3654.97,0,0,-1,0,-30.91,719,509,1854
36796,3636.36,0,0,0,0,18.61,719,510,1854
36846,3643.43,0,0,-1,0,-18.49,719,512,1854
36896,3625.82,0,0,0,0,27.37,719,513,1854
36946,3632.84,0,0,0,0,-20.12,719,513,1854
36996,3581.66,0,0,0,0,35.41,719,513,1854
37046,3635.48,0,0,0,0,-34.04,719,513,1854
37096,3626.69,0,0,0,0,27.39,719,514,1854
37146,3571.43,0,0,0,0,53.51,719,515,1854
37196,3610.98,0,0,0,0,14.84,719,516,1854
37246,3654.08,0,0,-1,0,-38.75,719,518,1854
37296,3625.82,0,0,0,0,18.50,719,519,1854
37346,3643.43,0,0,-1,0,-17.61,719,521,1854
37396,3634.60,0,0,0,0,20.37,719,522,1854
37446,3654.08,0,0,-1,0,-18.60,719,524,1854
37496,3636.36,0,0,0,0,10.61,719,526,1854
37547,3633.72,0,0,0,0,-11.41,719,526,1854
37597,3610.98,0,0,0,0,21.86,719,526,1854
37647,3632.84,0,0,0,0,-17.51,719,527,1854
37697,3603.17,0,0,0,0,-18.32,719,527,1854
37747,3643.43,0,0,-1,0,-28.10,719,529,1854
37797,3636.36,0,0,0,0,18.61,719,530,1854
37847,3643.43,0,0,-1,0,-7.95,719,532,1854
37897,3623.19,0,0,0,0,9.65,719,532,1854
37947,3644.31,0,0,-1,0,-33.34,719,533,1854
37997,3615.33,0,0,0,0,28.10,719,534,1854
38047,3632.84,0,0,0,0,-19.25,719,534,1854
38097,3613.59,0,0,0,0,39.60,719,535,1854
38147,3643.43,0,0,-1,0,-14.98,719,537,1854
38197,3624.06,0,0,0,0,20.25,719,538,1854
38247,3644.31,0,0,-1,0,-14.99,719,540,1854
38297,3612.72,0,0,0,0,21.00,719,540,1854
38347,3644.31,0,0,-1,0,-35.08,719,541,1854
38397,3594.54,0,0,-1,0,-114.72,719,543,1854
38447,3633.72,0,0,0,0,-2.64,719,543,1854
38497,3625.82,0,0,0,0,20.27,719,544,1854
38547,3654.08,0,0,-1,0,-23.88,719,545,1854
38597,3628.45,0,0,0,0,70.69,720,545,1854
38647,3651.41,0,0,-1,0,137.42,723,546,1854
38697,3545.26,0,0,1,0,411.48,729,547,1890
38747,3543.59,0,0,1,0,579.56,738,548,1955
38797,3544.42,0,0,1,0,478.10,745,549,1997
38847,3643.43,0,0,-1,0,122.58,754,550,2052
38897,3607.50,0,0,-1,0,122.58,754,550,2052
38947,3612.72,0,0,0,0,15.73,754,550,2052
38998,3653.19,0,0,-1,0,-16.83,754,552,2052
39048,3636.36,0,0,0,0,18.61,754,553,2052
39098,3654.08,0,0,-1,0,-28.26,754,555,2052
39148,3615.33,0,0,0,0,28.99,754,556,2052
39198,3622.31,0,0,0,0,3.50,754,557,2052
39248,3615.33,0,0,0,0,28.99,754,558,2052
39298,3654.08,0,0,-1,0,-40.49,754,560,2052
39348,3635.48,0,0,0,0,30.21,754,561,2052
39398,3643.43,0,0,-1,0,-7.07,754,563,2052
39448,3615.33,0,0,0,0,28.99,754,564,2052
39498,3654.08,0,0,-1,0,-29.14,754,566,2052
39548,3623.19,0,0,0,0,10.53,754,566,2052
39598,3597.98,0,-1,0,0,-110.40,755,566,2052
39648,3602.31,0,0,0,0,-31.25,755,566,2052
39698,3643.43,0,0,-1,0,-20.24,755,567,2052
39748,3612.72,0,0,0,0,9.60,755,567,2052
39798,3654.08,0,0,-1,0,-32.64,755,568,2052
39848,3625.82,0,0,0,0,17.61,755,569,2052
39898,3664.79,0,0,-1,0,-38.98,755,571,2052
39948,3635.48,0,0,0,0,18.60,755,572,2052
39998,3612.72,0,0,0,0,12.22,755,573,2052
40048,3602.31,0,0,0,0,-29.44,755,573,2052
40098,3644.31,0,0,-1,0,-42.01,755,574,2052
40148,3624.94,0,0,0,0,29.14,755,575,2052
40198,3643.43,0,0,-1,0,-17.61,755,577,2052
40248,3625.82,0,0,0,0,38.98,755,578,2052
40298,3622.31,0,0,0,0,3.50,755,579,2052
40348,3518.65,0,1,0,0,81.93,756,579,2052
40398,3437.21,0,2,0,0,-10.21,761,579,2052
40448,3349.71,5,3,0,4,73.38,769,579,2058
40498,3362.47,0,3,0,0,69.23,774,579,2061
40548,3521.13,0,1,0,0,181.66,781,579,2089
40598,3517.82,0,1,0,0,53.60,783,579,2089
40648,3639.01,0,0,0,0,-66.73,783,579,2089
40698,3615.33,0,0,0,0,42.32,783,580,2089
40748,3617.07,0,0,0,0,-13.90,783,581,2089
40798,3602.31,0,0,0,0,43.94,783,581,2089
40848,3617.94,0,0,0,0,-57.54,783,581,2089
40898,3571.43,0,0,0,0,45.64,783,581,2089
40948,3617.94,0,0,0,0,-47.37,783,581,2089
40998,3571.43,0,0,0,0,47.39,783,581,2089
41048,3607.50,0,0,0,0,49.40,783,581,2089
41098,3581.66,0,0,0,0,37.16,783,581,2089
41148,3632.84,0,0,0,0,-41.75,783,581,2089
41198,3591.95,0,0,0,0,-39.07,783,581,2089
41248,3623.19,0,0,0,0,-31.23,783,581,2089
41298,3601.44,0,0,0,0,-25.22,783,581,2089
41348,3632.84,0,0,0,0,-40.89,783,581,2089
41398,3581.66,0,0,0,0,36.28,783,581,2089
41448,3624.94,0,0,0,0,-32.99,783,581,2089
41498,3602.31,0,0,0,0,-40.79,783,581,2089
41548,3624.94,0,0,0,0,-34.70,783,581,2089
41598,3601.44,0,0,0,0,-34.03,783,581,2089
41648,3624.06,0,0,0,0,-32.11,783,581,2089
41698,3591.09,0,0,0,0,-29.44,783,581,2089
41748,3633.72,0,0,0,0,-41.77,783,581,2089
41798,3591.95,0,0,0,0,-26.94,783,581,2089
41848,3629.32,0,0,0,0,-49.37,783,581,2089
41899,3592.81,0,0,0,0,-37.32,783,581,2089
41949,3635.48,0,0,0,0,-34.04,783,581,2089
41999,3599.71,0,0,0,0,-50.52,783,581,2089
42049,3633.72,0,0,0,0,-21.87,783,581,2089
42099,3581.66,0,0,0,0,33.67,783,581,2089
42149,3628.45,0,0,0,0,-47.64,783,581,2089
42199,3601.44,0,0,0,0,-31.37,783,581,2089
42249,3633.72,0,0,0,0,-32.28,783,581,2089
42299,3602.31,0,0,0,0,-50.49,783,581,2089
42349,3635.48,0,0,0,0,-30.58,783,582,2089
42399,3611.85,0,0,0,0,23.64,783,582,2089
42449,3625.82,0,0,0,0,-23.51,783,582,2089
42499,3591.95,0,0,0,0,-33.02,783,582,2089
42549,3606.64,0,0,0,0,24.76,783,582,2089
42599,3583.37,0,0,0,0,25.00,783,582,2089
42649,3615.33,0,0,0,0,-23.37,783,582,2089
42699,3610.98,0,0,0,0,20.98,783,582,2089
42749,3643.43,0,0,-1,0,-28.10,783,584,2089
42799,3616.20,0,0,0,0,27.23,783,585,2089
42849,3622.31,0,0,0,0,-6.11,783,586,2089
42899,3592.81,0,0,0,0,-18.32,783,586,2089
42949,3626.69,0,0,0,0,-25.25,783,586,2089
42999,3581.66,0,0,0,0,35.41,783,586,2089
43049,3632.84,0,0,0,0,-42.61,783,586,2089
43099,3600.58,0,0,0,0,-26.95,783,586,2089
43149,3617.07,0,0,0,0,-36.27,783,586,2089
43199,3531.07,0,0,1,0,97.37,783,587,2089
43249,3632.84,0,0,0,0,-39.17,784,587,2094
43299,3594.54,0,0,-1,0,-43.65,784,588,2094
43350,3624.06,0,0,0,0,-32.97,784,588,2094
43400,3591.09,0,0,0,0,-42.61,784,588,2094
43450,3635.48,0,0,0,0,-26.24,784,588,2094
43500,3602.31,0,0,0,0,-36.60,784,588,2094
43550,3635.48,0,0,0,0,-27.11,784,588,2094
43600,3591.09,0,0,0,0,-13.87,784,588,2094
43650,3624.94,0,0,0,0,-33.85,784,588,2094
43700,3600.58,0,0,0,0,-34.03,784,588,2094
43750,3634.60,0,0,0,0,-29.70,784,588,2094
43800,3611.85,0,0,0,0,20.99,784,588,2094
43850,3632.84,0,0,0,0,-19.25,784,588,2094
43900,3600.58,0,0,0,0,-24.41,784,588,2094
43950,3635.48,0,0,0,0,-34.04,784,588,2094
44000,3571.43,0,0,0,0,42.16,784,588,2094
44050,3618.82,0,0,0,0,-36.30,784,588,2094
44100,3602.31,0,0,0,0,-49.61,784,588,2094
44150,3635.48,0,0,0,0,-32.31,784,588,2094
44200,3603.17,0,0,-1,0,-43.76,784,589,2094
44250,3644.31,0,0,-1,0,-22.88,784,591,2094
44300,3602.31,0,0,0,0,-22.72,784,591,2094
44350,3625.82,0,0,0,0,-16.58,784,591,2094
44400,3590.23,0,0,0,0,-38.98,784,591,2094
44450,3624.94,0,0,0,0,-31.26,784,591,2094
44500,3604.90,0,0,-1,0,-41.95,784,592,2094
44550,3628.45,0,0,0,0,49.83,785,592,2094
44600,3610.98,0,0,0,0,20.98,785,592,2094
44650,3644.31,0,0,-1,0,-28.99,785,593,2094
44700,3615.33,0,0,0,0,51.26,785,594,2094
44750,3622.31,0,0,0,0,86.89,787,594,2099
44800,3593.67,0,-2,0,-2,-281.67,790,594,2101
44850,3628.45,0,0,0,0,48.92,791,595,2101
44900,3602.31,0,0,0,0,-38.42,791,595,2101
44950,3624.94,0,0,0,0,17.61,791,596,2101
45000,3605.77,0,-1,0,-3,-185.57,792,597,2104
45050,3544.42,0,0,1,0,260.75,795,598,2124
45100,3545.26,0,0,1,0,358.96,799,599,2150
45150,3639.89,0,0,0,0,84.96,800,599,2150
45200,3597.12,0,-2,0,0,-297.22,803,599,2150
45250,3620.56,0,0,0,0,174.98,807,599,2150
45300,3544.42,0,0,1,0,276.26,811,600,2177
45350,3544.42,0,0,1,0,310.63,815,601,2202
45400,3545.26,0,0,1,0,349.83,820,602,2231
45450,3625.82,0,0,0,0,33.61,820,603,2231
45500,3610.11,0,0,0,0,96.34,821,604,2235
45550,3640.78,0,0,-1,0,125.23,824,605,2235
45600,3545.26,0,0,1,0,349.83,829,606,2266
45650,3546.10,0,0,1,0,413.77,835,607,2301
45700,3544.42,0,0,1,0,515.12,843,608,2359
45750,3543.59,0,0,1,0,301.58,847,609,2383
45800,3545.26,0,0,1,0,410.44,853,610,2418
45850,3544.42,0,0,1,0,477.02,861,611,2477
45901,3851.09,-21,-3,0,-19,-305.83,871,612,2547
45952,3546.10,0,0,1,0,264.88,875,613,2571
46002,3626.69,0,0,0,0,-26.12,876,613,2573
46052,3602.31,0,0,0,0,-26.95,876,613,2573
46102,3643.43,0,0,-1,0,-41.12,876,614,2573
46152,3612.72,0,0,0,0,20.12,876,614,2573
46202,3626.69,0,0,0,0,-22.66,876,615,2573
46252,3579.95,0,0,0,0,38.87,876,615,2573
46302,3639.89,0,0,0,0,-47.94,876,615,2573
46352,3591.95,0,0,0,0,-32.25,876,615,2573
46402,3635.48,0,0,0,0,-30.58,876,616,2573
46452,3602.31,0,0,0,0,-28.01,876,616,2573
46502,3653.19,0,0,-1,0,-48.29,876,618,2573
46552,3604.90,0,0,-1,0,-46.55,876,619,2573
46602,3610.11,0,0,0,0,-6.94,876,620,2573
46652,3591.09,0,0,0,0,-38.85,876,620,2573
46702,3615.33,0,0,0,0,-23.37,876,620,2573
46752,3600.58,0,0,0,0,-26.95,876,620,2573
46802,3643.43,0,0,-1,0,-31.58,876,621,2573
46852,3615.33,0,0,0,0,40.53,876,622,2573
46902,3654.08,0,0,-1,0,-38.75,876,624,2573
46952,3602.31,0,0,0,0,-19.20,876,624,2573
47002,3626.69,0,0,0,0,-25.25,876,624,2573
47052,3591.09,0,0,0,0,-23.48,876,624,2573
47102,3623.19,0,0,0,0,-31.23,876,624,2573
47152,3591.09,0,0,0,0,-39.93,876,624,2573
47202,3617.94,0,0,0,0,-36.28,876,624,2573
47252,3579.95,0,0,0,0,38.87,876,624,2573
47302,3616.20,0,0,0,0,-24.25,876,624,2573
47352,3604.90,0,0,-1,0,-41.93,876,625,2573
47403,3654.08,0,0,-1,0,-39.62,876,627,2573
47453,3616.20,0,0,0,0,27.23,876,628,2573
47503,3654.97,0,0,-1,0,-41.38,876,630,2573
47553,3604.04,0,0,-1,0,-35.94,876,631,2573
47603,3606.64,0,0,0,0,33.36,876,631,2573
47653,3583.37,0,0,0,0,25.87,876,631,2573
47703,3631.96,0,0,0,0,-40.01,876,631,2573
47753,3602.31,0,0,0,0,-39.95,876,631,2573
47803,3641.66,0,0,-1,0,-49.71,876,632,2573
47853,3604.90,0,0,-1,0,-45.40,876,633,2573
47903,3653.19,0,0,-1,0,-50.89,876,634,2573
47953,3604.90,0,0,-1,0,-35.93,876,635,2573
48003,3635.48,0,0,0,0,-33.18,876,635,2573
48053,3641.66,0,0,-1,0,-44.54,876,636,2573
48103,3625.82,0,0,0,0,-23.51,876,636,2573
48153,3602.31,0,0,0,0,-33.11,876,636,2573
48203,3626.69,0,0,0,0,-25.25,876,636,2573
48253,3591.95,0,0,0,0,-40.79,876,636,2573
48303,3643.43,0,0,-1,0,-42.85,876,637,2573
48353,3604.90,0,0,-1,0,-35.94,876,638,2573
48403,3643.43,0,0,-1,0,-28.10,876,640,2573
48453,3614.46,0,0,0,0,29.86,876,641,2573
48503,3592.81,0,0,0,0,-19.26,876,641,2573
48553,3573.13,0,0,0,0,23.99,876,641,2573
48603,3617.07,0,0,0,0,-31.99,876,641,2573
48653,3601.44,0,0,0,0,-34.91,876,641,2573
48703,3643.43,0,0,-1,0,-28.10,876,643,2573
48753,3591.95,0,0,0,0,-22.73,876,643,2573
48803,3623.19,0,0,0,0,-31.23,876,643,2573
48854,3590.23,0,0,0,0,-30.30,876,643,2573
48904,3633.72,0,0,0,0,-41.77,876,643,2573
48954,3604.90,0,0,-1,0,-44.54,876,644,2573
49004,3643.43,0,0,-1,0,-29.84,876,646,2573
49054,3590.23,0,0,0,0,-17.45,876,646,2573
49104,3624.06,0,0,0,0,-32.11,876,646,2573
49154,3591.95,0,0,0,0,-39.93,876,646,2573
49204,3624.06,0,0,0,0,-32.11,876,646,2573
49254,3591.95,0,0,0,0,-23.48,876,646,2573
49304,3624.94,0,0,0,0,-34.70,876,646,2573
49354,3602.31,0,0,0,0,-34.70,876,646,2573
49404,3643.43,0,0,-1,0,-31.58,876,647,2573
49454,3615.33,0,0,0,0,38.75,876,648,2573
49504,3608.37,0,0,-1,0,-28.10,876,649,2573
49554,3579.95,0,0,0,0,38.87,876,649,2573
49604,3618.82,0,0,0,0,-33.73,876,649,2573
49654,3590.23,0,0,0,0,-40.57,876,649,2573
49704,3634.60,0,0,0,0,-32.30,876,649,2573
49754,3601.44,0,0,0,0,-24.35,876,649,2573
49804,3624.06,0,0,0,0,-32.97,876,649,2573
49854,3591.95,0,0,0,0,-39.07,876,649,2573
49904,3632.84,0,0,0,0,-41.75,876,649,2573
49954,3591.09,0,0,0,0,-25.22,876,649,2573
50004,3635.48,0,0,0,0,-33.18,876,649,2573
50054,3574.83,0,0,0,0,66.83,876,650,2573
50104,3635.48,0,0,0,0,-32.31,876,650,2573
50154,3613.59,0,0,0,0,30.73,876,651,2573
50204,3644.31,0,0,-1,0,-28.99,876,653,2573
50254,3612.72,0,0,0,0,19.24,876,653,2573
50304,3635.48,0,0,0,0,-33.18,876,653,2573
50354,3625.82,0,0,0,0,17.61,876,654,2573
50404,3664.79,0,0,-1,0,-38.98,876,656,2573
50454,3625.82,0,0,0,0,18.50,876,657,2573
50504,3664.79,0,0,-1,0,-39.85,876,659,2573
50554,3625.82,0,0,0,0,16.73,876,660,2573
50604,3644.31,0,0,-1,0,-18.50,876,662,2573
50654,3591.95,0,0,0,0,-20.07,876,662,2573
50704,3608.37,0,0,0,0,16.25,876,662,2573
50754,3602.31,0,0,0,0,-32.02,876,662,2573
50804,3654.97,0,0,-1,0,-30.91,876,664,2573
50854,3646.97,0,0,-1,0,7.11,876,666,2573
50904,3690.04,0,-1,0,0,-43.06,877,668,2573
50954,3646.09,0,0,-1,0,21.40,877,671,2573
51004,3654.08,0,0,-1,0,-17.72,877,673,2573
51054,3590.23,0,0,0,0,7.89,877,673,2573
51104,3616.20,0,0,0,0,-23.39,877,673,2573
51154,3575.69,0,0,0,0,11.97,877,673,2573
51204,3632.84,0,0,0,0,-39.17,877,673,2573
51254,3625.82,0,0,0,0,18.50,877,674,2573
51304,3656.75,0,0,-1,0,11.63,877,677,2573
51354,3639.01,0,0,0,0,38.36,878,677,2573
51404,3623.19,0,0,0,0,15.82,878,678,2573
51454,3601.44,0,0,0,0,-39.22,878,678,2573
51504,3644.31,0,0,-1,0,-22.00,878,680,2573
51554,3615.33,0,0,0,0,25.45,878,681,2573
51604,3642.54,0,0,-1,0,-17.61,878,682,2573
51654,3602.31,0,0,0,0,-14.02,878,682,2573
51704,3623.19,0,0,0,0,-0.87,878,682,2573
51755,3592.81,0,0,0,0,-64.12,878,682,2573
51805,3636.36,0,0,0,0,34.71,878,683,2573
51855,3630.20,0,0,0,0,147.18,881,683,2573
51905,3546.10,0,0,1,0,369.33,887,684,2606
51956,3737.85,-2,-1,0,-2,-193.43,896,685,2658
52006,3625.82,0,0,0,0,38.98,896,686,2658
52056,3633.72,0,0,0,0,-31.42,896,686,2658
52106,3613.59,0,0,0,0,13.11,896,686,2658
52156,3623.19,0,0,0,0,-10.47,896,686,2658
52206,3602.31,0,0,0,0,-32.23,896,686,2658
52256,3654.97,0,0,-1,0,-40.51,896,688,2658
52306,3602.31,0,0,0,0,-6.15,896,688,2658
52356,3643.43,0,0,-1,0,-41.99,896,689,2658
52406,3615.33,0,0,0,0,28.99,896,690,2658
52456,3654.08,0,0,-1,0,-17.72,896,692,2658
52506,3636.36,0,0,0,0,20.39,896,694,2658
52556,3664.79,0,0,-1,0,-29.31,896,696,2658
52606,3625.82,0,0,0,0,38.98,896,697,2658
52656,3634.60,0,0,0,0,-34.03,896,697,2658
52706,3605.77,0,0,-1,0,-32.45,896,698,2658
52756,3606.64,0,0,0,0,22.28,896,698,2658
52806,3602.31,0,0,0,0,-51.35,896,698,2658
52856,3633.72,0,0,0,0,-21.00,896,698,2658
52907,3614.46,0,0,0,0,29.86,896,699,2658
52957,3654.08,0,0,-1,0,-28.26,896,701,2658
53007,3646.97,0,0,-1,0,17.82,896,703,2658
53057,3646.09,0,0,-1,0,0.89,896,706,2658
53107,3636.36,0,0,0,0,17.72,896,707,2658
53157,3633.72,0,0,0,0,-9.66,896,708,2658
53207,3615.33,0,0,0,0,28.10,896,709,2658
53257,3644.31,0,0,-1,0,-18.50,896,711,2658
53307,3600.58,0,0,0,0,-13.15,896,711,2658
53357,3643.43,0,0,-1,0,-28.97,896,713,2658
53407,3602.31,0,0,0,0,-2.62,896,713,2658
53457,3642.54,0,0,-1,0,-40.24,896,714,2658
53507,3615.33,0,0,0,0,28.10,896,715,2658
53557,3612.72,0,0,0,0,-1.74,896,715,2658
53607,3592.81,0,0,0,0,23.34,896,715,2658
53657,3632.84,0,0,0,0,-41.75,896,715,2658
53707,3616.20,0,0,0,0,30.77,896,716,2658
53757,3654.08,0,0,-1,0,-28.26,896,718,2658
53807,3625.82,0,0,0,0,28.26,896,719,2658
53857,3632.84,0,0,0,0,-7.03,896,720,2658
53907,3610.98,0,0,0,0,15.72,896,720,2658
53957,3643.43,0,0,-1,0,-27.23,896,722,2658
54007,3623.19,0,0,0,0,9.65,896,722,2658
54057,3643.43,0,0,-1,0,-21.12,896,723,2658
54107,3620.56,0,0,0,0,-67.75,896,724,2658
54157,3625.82,0,0,0,0,-24.38,896,724,2658
54207,3625.82,0,0,0,0,27.37,896,725,2658
54257,3654.08,0,0,-1,0,-38.75,896,727,2658
54307,3636.36,0,0,0,0,17.72,896,728,2658
54358,3654.08,0,0,-1,0,-29.14,896,730,2658
54408,3625.82,0,0,0,0,38.98,896,731,2658
54458,3621.44,0,0,0,0,-9.59,896,731,2658
54508,3591.95,0,0,0,0,-33.06,896,731,2658
54558,3626.69,0,0,0,0,-25.25,896,731,2658
54608,3615.33,0,0,0,0,30.76,896,732,2658
54658,3664.79,0,0,-1,0,-42.48,896,734,2658
54708,3646.97,0,0,-1,0,11.56,896,736,2658
54758,3656.75,0,0,-1,0,-8.01,896,739,2658
54808,3630.20,0,0,0,0,138.64,898,740,2658
54858,3544.42,0,0,1,0,263.65,902,741,2684
54908,3488.37,0,1,0,0,355.81,907,741,2708
54958,3545.26,0,0,1,0,321.72,911,742,2731
55008,3604.90,0,0,0,0,-46.20,911,742,2731
55058,3643.43,0,0,-1,0,49.33,912,744,2733
55108,3544.42,0,0,1,0,272.37,915,745,2756
55158,3545.26,0,0,1,0,394.85,920,746,2786
55209,3759.40,-1,-2,0,0,-214.97,931,747,2833
55259,3635.48,0,0,0,0,19.49,931,748,2833
55309,3633.72,0,0,0,0,-18.39,931,749,2833
55359,3602.31,0,0,0,0,-19.19,931,749,2833
55409,3609.24,0,0,0,0,-14.77,931,749,2833
55459,3581.66,0,0,0,0,35.41,931,749,2833
55510,3632.84,0,0,0,0,-41.75,931,749,2833
55560,3590.23,0,0,0,0,-25.22,931,749,2833
55610,3623.19,0,0,0,0,-31.23,931,749,2833
55660,3615.33,0,0,0,0,28.99,931,750,2833
55710,3664.79,0,0,-1,0,-39.85,931,752,2833
55760,3635.48,0,0,0,0,30.21,931,753,2833
55810,3633.72,0,0,0,0,-7.91,931,754,2833
55860,3615.33,0,0,0,0,28.99,931,755,2833
55910,3643.43,0,0,-1,0,-32.45,931,756,2833
55960,3615.33,0,0,0,0,37.86,931,757,2833
56010,3644.31,0,0,-1,0,-18.50,931,759,2833
56060,3610.98,0,0,0,0,21.86,931,759,2833
56110,3608.37,0,0,-1,0,-32.45,931,760,2833
56160,3601.44,0,0,0,0,2.63,931,760,2833
56210,3585.09,0,0,0,0,18.08,931,761,2833
56260,3582.52,0,0,0,0,17.19,931,762,2833
56310,3626.69,0,0,0,0,-26.12,931,762,2833
56360,3635.48,0,0,0,0,7.95,931,763,2833
56410,3654.97,0,0,-1,0,-18.61,931,765,2833
56460,3636.36,0,0,0,0,17.72,931,766,2833
56510,3632.84,0,0,0,0,-20.12,931,766,2833
56560,3622.31,0,0,0,0,13.17,931,766,2833
56610,3643.43,0,0,-1,0,-30.71,931,767,2833
56660,3625.82,0,0,0,0,17.61,931,768,2833
56710,3654.97,0,0,-1,0,-18.61,931,770,2833
56760,3612.72,0,0,0,0,19.24,931,770,2833
56810,3622.31,0,0,0,0,-9.60,931,770,2833
56860,3591.09,0,0,0,0,-17.37,931,770,2833
56910,3624.06,0,0,0,0,-30.39,931,770,2833
56960,3601.44,0,0,0,0,-33.13,931,770,2833
57010,3654.97,0,0,-1,0,-30.91,931,772,2833
57060,3625.82,0,0,0,0,28.26,931,773,2833
57110,3622.31,0,0,0,0,-8.73,931,774,2833
57160,3611.85,0,0,0,0,16.60,931,774,2833
57210,3644.31,0,0,-1,0,-22.00,931,775,2833
57260,3615.33,0,0,0,0,28.99,931,776,2833
57310,3654.08,0,0,-1,0,-28.26,931,778,2833
57360,3625.82,0,0,0,0,18.50,931,779,2833
57410,3654.08,0,0,-1,0,-28.26,931,781,2833
57460,3625.82,0,0,0,0,29.16,931,782,2833
57510,3632.84,0,0,0,0,-17.51,931,783,2833
57560,3602.31,0,0,0,0,-19.19,931,783,2833
57610,3617.94,0,0,0,0,-17.37,931,783,2833
57660,3602.31,0,0,0,0,-32.23,931,783,2833
57710,3632.84,0,0,0,0,-20.12,931,783,2833
57760,3618.82,0,0,0,0,97.73,932,784,2837
57810,3643.43,0,0,-1,0,-21.99,932,785,2837
57860,3636.36,0,0,0,0,18.61,932,786,2837
57910,3610.98,0,0,0,0,25.39,932,787,2837
57960,3610.98,0,0,0,0,13.09,932,787,2837
58010,3633.72,0,0,0,0,-18.39,932,788,2837
58060,3615.33,0,0,0,0,27.22,932,789,2837
58110,3643.43,0,0,-1,0,-17.61,932,791,2837
58160,3615.33,0,0,0,0,28.10,932,792,2837
58210,3643.43,0,0,-1,0,-28.10,932,794,2837
58260,3625.82,0,0,0,0,17.61,932,795,2837
58310,3643.43,0,0,-1,0,-28.10,932,797,2837
58360,3625.82,0,0,0,0,31.83,932,798,2837
58411,3633.72,0,0,0,0,-18.39,932,798,2837
58461,3600.58,0,0,0,0,-20.00,932,798,2837
58511,3617.94,0,0,0,0,-31.14,932,798,2837
58561,3602.31,0,0,0,0,-31.48,932,798,2837
58611,3632.84,0,0,0,0,-1.76,932,798,2837
58661,3624.06,0,0,0,0,91.57,933,799,2840
58711,3546.10,0,0,1,0,307.96,937,800,2864
58761,3617.07,0,0,0,0,123.58,938,800,2864
58811,3544.42,0,0,1,0,284.06,941,801,2888
58861,3545.26,0,0,1,0,382.47,946,802,2919
58911,3543.59,0,0,1,0,483.26,954,803,2966
58961,3649.63,0,0,-1,0,187.66,963,804,3015
59011,3617.94,0,0,0,0,-32.00,963,804,3015
59061,3546.10,0,0,1,0,402.31,970,805,3071
59112,3725.78,-3,-1,0,-3,-181.36,980,806,3138
59162,3632.84,0,0,0,0,-17.51,980,807,3138
59212,3614.46,0,0,0,0,28.97,980,808,3138
59262,3632.84,0,0,0,0,-17.51,980,809,3138
59312,3615.33,0,0,0,0,28.10,980,810,3138
59362,3643.43,0,0,-1,0,-18.49,980,812,3138
59412,3602.31,0,0,0,0,15.73,980,812,3138
59462,3626.69,0,0,0,0,-25.25,980,812,3138
59512,3610.98,0,0,0,0,7.84,980,812,3138
59563,3634.60,0,0,0,0,-32.30,980,812,3138
59613,3625.82,0,0,0,0,18.50,980,813,3138
59663,3631.96,0,0,0,0,-6.15,980,814,3138
59713,3612.72,0,0,0,0,21.00,980,814,3138
59763,3643.43,0,0,-1,0,-28.10,980,816,3138
59813,3615.33,0,0,0,0,28.99,980,817,3138
59863,3654.97,0,0,-1,0,-29.16,980,819,3138
59913,3610.98,0,0,0,0,22.74,980,819,3138
59963,3643.43,0,0,-1,0,-28.10,980,821,3138
60013,3576.54,0,0,0,0,24.04,980,821,3138
60063,3624.94,0,0,0,0,-32.99,980,821,3138
60113,3623.19,0,0,0,0,9.65,980,821,3138
60163,3644.31,0,0,-1,0,-18.50,980,823,3138
60213,3636.36,0,0,0,0,7.07,980,824,3138
60263,3633.72,0,0,0,0,-7.91,980,825,3138
60313,3611.85,0,0,0,0,21.87,980,825,3138
60363,3644.31,0,0,-1,0,-28.99,980,827,3138
60413,3615.33,0,0,0,0,28.10,980,828,3138
60463,3623.19,0,0,0,0,-11.34,980,828,3138
60513,3612.72,0,0,0,0,13.98,980,828,3138
60563,3654.97,0,0,-1,0,-42.25,980,829,3138
60613,3635.48,0,0,0,0,18.60,980,830,3138
60663,3644.31,0,0,-1,0,-8.83,980,832,3138
60713,3636.36,0,0,0,0,17.72,980,833,3138
60763,3632.84,0,0,0,0,-6.15,980,834,3138
60813,3567.18,0,0,0,0,13.63,980,834,3138
60863,3607.50,0,0,0,0,6.84,980,834,3138
60913,3603.17,0,0,0,0,-32.11,980,834,3138
60963,3654.08,0,0,-1,0,-43.10,980,835,3138
61014,3625.82,0,0,0,0,29.16,980,836,3138
61064,3654.08,0,0,-1,0,-18.60,980,838,3138
61114,3602.31,0,0,0,0,8.77,980,838,3138
61164,3635.48,0,0,0,0,-33.18,980,838,3138
61214,3616.20,0,0,0,0,26.34,980,839,3138
61264,3631.96,0,0,0,0,-40.01,980,839,3138
61314,3616.20,0,0,0,0,28.11,980,840,3138
61364,3603.17,0,0,0,0,28.97,980,841,3138
61414,3636.36,0,0,0,0,12.38,981,842,3138
61464,3657.64,0,0,-1,0,-10.67,981,845,3138
61514,3635.48,0,0,0,0,29.31,981,846,3138
61564,3643.43,0,0,-1,0,-7.07,981,848,3138
61614,3605.77,0,0,-1,0,-30.70,981,849,3138
61664,3593.67,0,0,-1,0,-37.66,981,850,3138
61714,3585.09,0,0,0,0,21.55,981,850,3138
61764,3626.69,0,0,0,0,-25.25,981,850,3138
61814,3612.72,0,0,0,0,18.37,981,850,3138
61864,3654.08,0,0,-1,0,-17.72,981,852,3138
61914,3636.36,0,0,0,0,34.71,981,852,3138
61964,3632.84,0,0,0,0,-1.76,981,852,3138
62014,3625.82,0,0,0,0,16.73,981,853,3138
62064,3646.09,0,0,-1,0,-3.54,981,855,3138
62114,3619.69,0,0,0,0,164.37,984,855,3138
62164,3545.26,0,0,1,0,358.96,989,856,3169
62214,3544.42,0,0,1,0,466.27,996,857,3213
62264,3544.42,0,0,1,0,275.29,999,858,3233
62314,3543.59,0,0,1,0,299.61,1003,859,3258
62364,3618.82,0,0,0,0,158.57,1007,859,3258
62414,3544.42,0,0,1,0,287.97,1012,860,3283
62464,3545.26,0,0,1,0,360.99,1017,861,3312
62514,3635.48,0,0,0,0,168.73,1019,861,3318
62564,3546.10,0,0,1,0,412.73,1025,862,3356
62615,3714.71,-3,-1,0,-3,-170.29,1035,863,3422
62665,3615.33,0,0,0,0,38.75,1035,864,3422
62715,3654.08,0,0,-1,0,-28.26,1035,866,3422
62765,3625.82,0,0,0,0,17.61,1035,867,3422
62815,3643.43,0,0,-1,0,-28.10,1035,869,3422
62865,3565.49,0,0,0,0,19.60,1035,869,3422
62915,3627.57,0,0,0,0,-42.48,1035,869,3422
62965,3572.28,0,0,0,0,63.20,1035,869,3422
63015,3608.37,0,0,0,0,56.17,1035,869,3422
63065,3611.85,0,0,0,0,20.99,1035,869,3422
63115,3664.79,0,0,-1,0,-39.85,1035,871,3422
63165,3615.33,0,0,0,0,28.10,1035,872,3422
63215,3643.43,0,0,-1,0,-19.37,1035,874,3422
63265,3625.82,0,0,0,0,17.61,1035,875,3422
63315,3643.43,0,0,-1,0,-18.49,1035,877,3422
63365,3624.94,0,0,0,0,19.38,1035,878,3422
63415,3632.84,0,0,0,0,-18.38,1035,879,3422
63465,3621.44,0,0,0,0,14.04,1035,879,3422
63515,3644.31,0,0,-1,0,-22.00,1035,880,3422
63565,3602.31,0,0,0,0,-24.48,1035,880,3422
63616,3610.11,0,0,0,0,-54.76,1035,881,3422
63666,3591.95,0,0,0,0,-43.98,1035,881,3422
63716,3626.69,0,0,0,0,-24.39,1035,881,3422
63766,3613.59,0,0,0,0,30.73,1035,882,3422
63816,3654.08,0,0,-1,0,-28.26,1035,884,3422
63866,3601.44,0,0,0,0,-3.52,1035,884,3422
63916,3644.31,0,0,-1,0,-28.99,1035,886,3422
63966,3625.82,0,0,0,0,17.61,1035,887,3422
64016,3643.43,0,0,-1,0,-28.10,1035,889,3422
64066,3612.72,0,0,0,0,22.77,1035,889,3422
64116,3644.31,0,0,-1,0,-42.01,1035,890,3422
64166,3624.06,0,0,0,0,19.37,1035,891,3422
64216,3632.84,0,0,0,0,-20.12,1035,891,3422
64266,3591.95,0,0,0,0,-19.94,1035,891,3422
64316,3633.72,0,0,0,0,-22.74,1035,891,3422
64366,3615.33,0,0,0,0,28.10,1035,892,3422
64416,3628.45,0,0,0,0,-45.93,1035,892,3422
64466,3615.33,0,0,0,0,28.10,1035,893,3422
64516,3590.23,0,0,0,0,-6.98,1035,893,3422
64566,3592.81,0,0,0,0,17.10,1035,893,3422
64616,3643.43,0,0,-1,0,-32.45,1035,894,3422
64666,3636.36,0,0,0,0,27.53,1035,895,3422
64716,3667.48,0,0,-1,0,-20.51,1035,897,3422
64766,3625.82,0,0,0,0,17.61,1035,898,3422
64816,3644.31,0,0,-1,0,-31.60,1035,899,3422
64866,3615.33,0,0,0,0,28.10,1035,900,3422
64916,3632.84,0,0,0,0,-19.25,1035,901,3422
64966,3600.58,0,0,0,0,-20.07,1035,901,3422
65016,3585.94,0,0,0,0,-3.43,1035,901,3422
65067,3577.39,0,0,0,0,10.27,1035,901,3422
65117,3641.66,0,0,-1,0,-51.43,1035,902,3422
65167,3625.82,0,0,0,0,28.26,1035,903,3422
65217,3675.57,0,0,0,0,-40.09,1035,903,3422
65267,3649.63,0,0,-1,0,29.54,1036,905,3422
65317,3643.43,0,0,-1,0,-17.61,1036,907,3422
65367,3611.85,0,0,0,0,20.99,1036,907,3422
65417,3635.48,0,0,0,0,-33.18,1036,907,3422
65467,3564.64,0,0,0,0,26.46,1036,907,3422
65517,3579.10,0,0,0,0,-50.52,1036,908,3422
65567,3579.95,0,0,0,0,30.16,1036,909,3422
65617,3654.97,0,0,-1,0,-42.25,1036,910,3422
65667,3656.75,0,0,-1,0,18.82,1036,911,3422
65717,3678.27,0,-1,0,0,-7.20,1038,911,3422
65767,3634.60,0,0,0,0,33.78,1038,913,3422
65817,3628.45,0,0,0,0,-45.07,1038,913,3422
65867,3575.69,0,0,0,0,31.82,1038,913,3422
65917,3617.07,0,0,0,0,-31.99,1038,913,3422
65967,3612.72,0,0,0,0,6.10,1038,913,3422
66017,3643.43,0,0,-1,0,-28.10,1038,915,3422
66067,3624.06,0,0,0,0,20.25,1038,916,3422
66117,3644.31,0,0,-1,0,-18.50,1038,918,3422
66167,3584.23,0,0,0,0,16.35,1038,918,3422
66217,3642.54,0,0,-1,0,-51.45,1038,919,3422
66267,3636.36,0,0,0,0,26.64,1038,920,3422
66317,3643.43,0,0,-1,0,-7.07,1038,922,3422
66367,3600.58,0,0,0,0,-15.74,1038,922,3422
66417,3606.64,0,0,0,0,18.11,1038,922,3422
66467,3602.31,0,0,0,0,-30.48,1038,922,3422
66518,3644.31,0,0,-1,0,-22.88,1038,924,3422
66568,3624.06,0,0,0,0,16.71,1038,925,3422
66618,3646.97,0,0,-1,0,-1.77,1038,928,3422
66668,3617.94,0,0,0,0,132.06,1040,928,3423
66718,3543.59,0,0,1,0,312.46,1045,929,3451
66768,3546.10,0,0,1,0,397.12,1051,930,3483
66818,3546.10,0,0,1,0,378.55,1058,931,3518
66868,3597.98,0,-1,0,0,-134.56,1059,931,3518
66918,3635.48,0,0,0,0,113.58,1061,931,3521
66968,3543.59,0,0,1,0,288.81,1066,932,3547
67018,3421.53,0,2,0,0,472.55,1073,932,3577
67068,3544.42,0,0,1,0,484.59,1079,933,3610
67118,3766.01,0,-2,0,-1,181.36,1088,933,3664
67168,3546.10,0,0,1,0,337.90,1094,934,3698
67218,3546.10,0,0,1,0,348.99,1099,935,3730
67268,3546.10,0,0,1,0,424.26,1105,936,3768
67319,3759.40,-2,-2,0,-1,-214.97,1116,937,3832
67369,3656.75,0,0,-1,0,-11.55,1116,939,3832
67419,3605.77,0,0,-1,0,-15.87,1116,940,3832
67469,3601.44,0,0,0,0,-22.68,1116,940,3832
67519,3601.44,0,0,0,0,20.63,1116,940,3832
67569,3625.82,0,0,0,0,-25.24,1116,940,3832
67619,3610.98,0,0,0,0,24.50,1116,940,3832
67670,3654.08,0,0,-1,0,-38.75,1116,942,3832
67720,3625.82,0,0,0,0,16.73,1116,943,3832
67770,3643.43,0,0,-1,0,-28.10,1116,945,3832
67820,3626.69,0,0,0,0,16.74,1116,946,3832
67870,3643.43,0,0,-1,0,-7.95,1116,948,3832
67920,3611.85,0,0,0,0,21.87,1116,948,3832
67970,3618.82,0,0,0,0,-38.87,1116,948,3832
68020,3602.31,0,0,0,0,-26.94,1116,948,3832
68070,3632.84,0,0,0,0,-20.12,1116,948,3832
68120,3625.82,0,0,0,0,28.26,1116,949,3832
68170,3664.79,0,0,-1,0,-38.98,1116,951,3832
68220,3624.06,0,0,0,0,41.63,1116,952,3832
68270,3668.38,0,0,-1,0,-18.74,1117,954,3832
68320,3625.82,0,0,0,0,17.61,1117,955,3832
68370,3566.33,0,0,0,0,10.20,1117,955,3832
68420,3557.03,0,0,1,0,30.63,1117,957,3832
68470,3624.94,0,0,0,0,-34.70,1117,957,3832
68520,3625.82,0,0,0,0,18.50,1117,958,3832
68570,3679.18,0,-1,0,0,-32.20,1118,960,3832
68620,3625.82,0,0,0,0,30.94,1118,962,3832
68670,3643.43,0,0,-1,0,-19.37,1118,964,3832
68720,3602.31,0,0,0,0,-28.85,1118,964,3832
68770,3597.12,0,0,0,0,29.23,1118,964,3832
68820,3573.13,0,0,0,0,23.99,1118,964,3832
68870,3628.45,0,0,0,0,-45.07,1118,964,3832
68920,3625.82,0,0,0,0,23.82,1118,965,3832
68970,3643.43,0,0,-1,0,-28.10,1118,967,3832
69020,3646.97,0,0,-1,0,7.11,1118,969,3832
69070,3635.48,0,0,0,0,10.60,1118,970,3832
69120,3625.82,0,0,0,0,18.50,1118,971,3832
69170,3609.24,0,0,0,0,-7.03,1118,971,3832
69220,3591.95,0,0,0,0,-20.78,1118,971,3832
69270,3634.60,0,0,0,0,-33.16,1118,971,3832
69320,3612.72,0,0,0,0,22.77,1118,971,3832
69370,3635.48,0,0,0,0,-33.18,1118,971,3832
69420,3612.72,0,0,0,0,22.77,1118,971,3832
69470,3642.54,0,0,-1,0,-40.24,1118,972,3832
69520,3591.95,0,0,0,0,-6.12,1118,972,3832
69570,3609.24,0,0,0,0,-29.49,1118,972,3832
69620,3601.44,0,0,0,0,-35.72,1118,972,3832
69670,3633.72,0,0,0,0,-22.74,1118,972,3832
69720,3615.33,0,0,0,0,28.10,1118,973,3832
69770,3654.97,0,0,-1,0,-29.16,1118,975,3832
69820,3636.36,0,0,0,0,18.61,1118,976,3832
69870,3632.84,0,0,0,0,-7.90,1118,976,3832
69920,3625.82,0,0,0,0,17.61,1118,977,3832
69970,3602.31,0,0,0,0,26.49,1118,978,3832
70020,3581.66,0,0,0,0,16.32,1118,978,3832
70070,3618.82,0,0,0,0,-33.73,1118,978,3832
70120,3602.31,0,0,0,0,-35.72,1118,978,3832
70170,3643.43,0,0,-1,0,-30.71,1118,979,3832
70220,3624.94,0,0,0,0,39.85,1118,980,3832
70270,3643.43,0,0,-1,0,-27.23,1118,982,3832
70320,3624.94,0,0,0,0,18.49,1118,983,3832
70370,3612.72,0,0,0,0,13.10,1118,984,3832
70420,3517.82,0,1,0,0,39.21,1119,985,3832
70470,3455.42,0,1,0,0,17.60,1122,985,3832
70520,3357.21,0,3,0,0,42.61,1129,985,3832
70571,3298.15,2,3,0,0,16.03,1138,985,3833
70621,3242.54,0,4,0,0,11.96,1146,985,3835
70671,3143.34,0,5,0,2,51.55,1161,985,3839
70721,3096.61,0,6,0,2,49.36,1172,985,3841
70771,3016.29,11,7,0,14,284.04,1192,985,3891
70821,3124.35,0,6,0,-9,-195.81,1206,985,3904
70871,2999.40,5,7,0,6,126.25,1230,985,3952
70921,2844.68,0,9,0,1,36.61,1248,985,3958
70971,2784.48,8,10,0,0,3.62,1278,985,3960
71021,2731.25,3,11,0,0,7.48,1300,985,3962
71071,2715.92,0,11,0,-2,-56.34,1323,985,3967
71121,2630.66,0,12,0,0,4.16,1347,985,3970
71171,2579.98,0,13,0,0,8.01,1373,985,3971
71221,2532.50,0,13,0,0,2.14,1399,985,3972
71271,2571.58,0,13,0,-7,-169.65,1427,985,3984
71321,2454.59,18,14,0,5,135.19,1471,985,4015
71371,2382.84,0,15,0,2,71.75,1486,985,4017
71421,2484.68,0,14,0,-11,-285.59,1518,985,4034
71471,2264.83,0,17,0,0,17.23,1552,985,4041
71521,2234.47,0,17,0,0,14.74,1586,985,4041
71571,2181.18,6,18,0,0,1.59,1622,985,4042
71621,2130.38,13,19,0,0,4.85,1660,985,4043
71671,2086.52,0,19,0,1,43.86,1679,985,4044
71721,2045.55,1,20,0,0,28.57,1718,985,4044
71771,1988.07,13,20,0,1,44.72,1758,985,4045
71821,1982.03,0,21,0,0,6.04,1779,985,4045
71871,1917.18,5,21,0,0,19.56,1821,985,4046
71921,1885.13,19,22,0,0,18.42,1865,985,4046
71971,1839.81,3,22,0,1,45.32,1887,985,4047
72022,1790.40,20,23,0,1,44.68,1932,985,4048
72072,1786.35,2,23,0,0,4.05,1955,985,4048
72122,1735.31,23,24,0,0,3.82,2003,985,4049
72172,1689.76,9,24,0,1,45.55,2027,985,4050
72222,1688.05,0,24,0,0,1.71,2051,985,4050
72272,1638.27,17,25,0,0,1.07,2101,985,4051
72322,1589.83,8,26,0,1,48.44,2127,985,4052
72372,1588.14,0,26,0,0,1.68,2153,985,4052
72422,1537.83,23,26,0,0,1.42,2205,985,4053
72472,1487.95,15,27,0,1,49.88,2232,985,4054
72522,1488.39,4,27,0,0,-0.44,2259,985,4054
72572,1435.54,0,28,0,1,52.85,2287,985,4055
72622,1439.40,0,28,0,0,-3.86,2315,985,4055
72672,1387.35,26,28,0,0,-4.09,2371,985,4056
72722,1333.10,23,29,0,1,54.25,2400,985,4057
72772,1333.93,17,29,0,0,-0.83,2429,985,4057
72822,1280.19,15,30,0,1,53.74,2459,985,4058
72872,1282.27,11,30,0,0,-2.08,2489,985,4058
72922,1225.49,12,30,0,1,56.78,2519,985,4059
72972,1228.20,10,30,0,0,-2.71,2549,985,4059
73022,1170.41,13,31,0,1,57.79,2580,985,4060
73072,1173.25,15,31,0,0,-2.84,2611,985,4060
73122,1113.42,19,32,0,1,59.83,2643,985,4061
73172,1118.07,21,32,0,0,-4.65,2675,985,4061
73222,1063.53,28,32,0,0,54.54,2707,985,4061
73272,1063.53,0,32,0,0,54.54,2707,985,4061
73322,1058.80,0,33,0,0,4.73,2740,985,4061
73372,1004.69,0,33,0,0,54.11,2773,985,4061
73422,993.90,6,33,0,0,10.78,2806,985,4061
73472,929.89,23,34,0,1,64.02,2840,985,4062
73522,929.89,0,34,0,1,64.02,2840,985,4062
73572,930.00,0,34,0,0,-0.12,2874,985,4062
73622,868.16,6,35,0,0,61.85,2909,985,4062
73672,861.03,26,35,0,0,7.13,2944,985,4062
73722,861.03,0,35,0,0,7.13,2944,985,4062
73772,794.95,3,36,0,0,66.08,2980,985,4062
73822,786.62,29,36,0,0,8.34,3016,985,4062
73872,786.62,0,36,0,0,8.34,3016,985,4062
73922,712.28,14,37,0,0,74.33,3053,985,4062
73972,712.28,0,37,0,0,74.33,3053,985,4062
74022,703.50,0,37,0,0,8.79,3090,985,4062
74072,703.50,0,37,0,0,8.79,3090,985,4062
74122,635.81,0,38,0,0,67.69,3128,985,4062
74172,635.81,0,38,0,0,67.69,3128,985,4062
74222,609.16,0,38,0,0,26.65,3166,985,4062
74272,609.16,0,38,0,0,26.65,3166,985,4062
74322,528.47,8,39,0,0,80.70,3205,985,4062
74372,528.47,0,39,0,0,80.70,3205,985,4062
74422,493.11,31,40,0,0,35.35,3245,985,4062
74472,493.11,0,40,0,0,35.35,3245,985,4062
74522,493.11,0,40,0,0,35.35,3245,985,4062
74572,392.35,35,41,0,0,100.76,3286,985,4062
74622,392.35,0,41,0,0,100.76,3286,985,4062
74672,392.35,0,41,0,0,100.76,3286,985,4062
74722,392.35,0,41,0,0,100.76,3286,985,4062
74772,323.31,22,42,0,0,69.04,3328,985,4062
74822,323.31,0,42,0,0,69.04,3328,985,4062
74872,323.31,0,42,0,0,69.04,3328,985,4062
74923,323.31,0,42,0,0,69.04,3328,985,4062
76090,0.00,0,42,0,0,69.04,3328,985,4062
76140,0.00,0,42,0,0,69.04,3328,985,4062
76190,0.00,0,42,0,0,69.04,3328,985,4062
76240,0.00,0,42,0,0,69.04,3328,985,4062
76290,0.00,0,42,0,0,69.04,3328,985,4062
76340,0.00,0,42,0,0,69.04,3328,985,4062
76390,0.00,0,42,0,0,69.04,3328,985,4062
76440,0.00,0,42,0,0,69.04,3328,985,4062
76490,0.00,0,42,0,0,69.04,3328,985,4062
76540,0.00,0,42,0,0,69.04,3328,985,4062
76590,0.00,0,42,0,0,69.04,3328,985,4062
76640,0.00,0,42,0,0,69.04,3328,985,4062
76690,0.00,0,42,0,0,69.04,3328,985,4062
76740,0.00,0,42,0,0,69.04,3328,985,4062
76790,0.00,0,42,0,0,69.04,3328,985,4062
76840,0.00,0,42,0,0,69.04,3328,985,4062
76890,0.00,0,42,0,0,69.04,3328,985,4062
76940,0.00,0,42,0,0,69.04,3328,985,4062
76990,0.00,0,42,0,0,69.04,3328,985,4062
77040,0.00,0,42,0,0,69.04,3328,985,4062
77090,0.00,0,42,0,0,69.04,3328,985,4062
77140,0.00,0,42,0,0,69.04,3328,985,4062
77190,0.00,0,42,0,0,69.04,3328,985,4062
77240,0.00,0,42,0,0,69.04,3328,985,4062
77290,0.00,0,42,0,0,69.04,3328,985,4062
77340,0.00,0,42,0,0,69.04,3328,985,4062
77390,0.00,0,42,0,0,69.04,3328,985,4062
77440,0.00,0,42,0,0,69.04,3328,985,4062
77490,0.00,0,42,0,0,69.04,3328,985,4062
77540,0.00,0,42,0,0,69.04,3328,985,4062
77590,0.00,0,42,0,0,69.04,3328,985,4062
77640,0.00,0,42,0,0,69.04,3328,985,4062
77690,0.00,0,42,0,0,69.04,3328,985,4062
77740,0.00,0,42,0,0,69.04,3328,985,4062
77790,0.00,0,42,0,0,69.04,3328,985,4062
77840,0.00,0,42,0,0,69.04,3328,985,4062
77890,0.00,0,42,0,0,69.04,3328,985,4062
77940,0.00,0,42,0,0,69.04,3328,985,4062
77990,0.00,0,42,0,0,69.04,3328,985,4062
78040,0.00,0,42,0,0,69.04,3328,985,4062
78090,0.00,0,42,0,0,69.04,3328,985,4062
78140,0.00,0,42,0,0,69.04,3328,985,4062
78190,0.00,0,42,0,0,69.04,3328,985,4062
78240,0.00,0,42,0,0,69.04,3328,985,4062
78290,0.00,0,42,0,0,69.04,3328,985,4062
78340,0.00,0,42,0,0,69.04,3328,985,4062
78390,0.00,0,42,0,0,69.04,3328,985,4062
78440,0.00,0,42,0,0,69.04,3328,985,4062
78490,0.00,0,42,0,0,69.04,3328,985,4062
78540,0.00,0,42,0,0,69.04,3328,985,4062
78590,0.00,0,42,0,0,69.04,3328,985,4062
78640,0.00,0,42,0,0,69.04,3328,985,4062
78690,0.00,0,42,0,0,69.04,3328,985,4062
78740,0.00,0,42,0,0,69.04,3328,985,4062
78790,0.00,0,42,0,0,69.04,3328,985,4062
78840,0.00,0,42,0,0,69.04,3328,985,4062
78891,0.00,0,42,0,0,69.04,3328,985,4062
78941,0.00,0,42,0,0,69.04,3328,985,4062
78991,0.00,0,42,0,0,69.04,3328,985,4062
79041,0.00,0,42,0,0,69.04,3328,985,4062
79091,0.00,0,42,0,0,69.04,3328,985,4062
79141,0.00,0,42,0,0,69.04,3328,985,4062
79191,0.00,0,42,0,0,69.04,3328,985,4062
79241,0.00,0,42,0,0,69.04,3328,985,4062
79291,0.00,0,42,0,0,69.04,3328,985,4062
79341,0.00,0,42,0,0,69.04,3328,985,4062
79391,0.00,0,42,0,0,69.04,3328,985,4062
79441,0.00,0,42,0,0,69.04,3328,985,4062
79491,0.00,0,42,0,0,69.04,3328,985,4062
79541,0.00,0,42,0,0,69.04,3328,985,4062
79591,0.00,0,42,0,0,69.04,3328,985,4062
79641,0.00,0,42,0,0,69.04,3328,985,4062
79691,0.00,0,42,0,0,69.04,3328,985,4062
79741,0.00,0,42,0,0,69.04,3328,985,4062
79791,0.00,0,42,0,0,69.04,3328,985,4062
79841,0.00,0,42,0,0,69.04,3328,985,4062
79891,0.00,0,42,0,0,69.04,3328,985,4062
79941,0.00,0,42,0,0,69.04,3328,985,4062
79991,0.00,0,42,0,0,69.04,3328,985,4062
80041,0.00,0,42,0,0,69.04,3328,985,4062
