Mechanical Governor - Abrupt Load Increase(1800 W) - Initially No Load
Trial: 9
Date: 3-31-2023
Time: 3:22 PM
Ambient Temp: 81
Head Temp: 209.8

------ Microcontroller Engine Governor - Version: 1.16 ------
-------------------------------------------------------------
PID Gains:        Kp: 0.013000   Ki: 0.025000   Kd: 1.000000
-------------------------------------------------------------
Set RPM:             3600    |  Min RPM:                300
                             |
RPM Precision        10       |  PID I Precision:         70
                             |
Start Steps:         850     |  Max Steps:               1200
                             |
RPM Calc Interval:   1       |  Num Magnets:             1
                             |
LCD Update Interval: 400     |  Serial Update Interval:  50
-------------------------------------------------------------

Time,RPM,Steps Remaining, PID p, PID i, PID d, RPM Change, P Cmd, I Cmd, D Cmd
1226,0.00,0,0,0,0,0.00,0,0,0
1276,0.00,0,0,0,0,0.00,0,0,0
1326,0.00,0,0,0,0,0.00,0,0,0
1376,0.00,0,0,0,0,0.00,0,0,0
1426,0.00,0,0,0,0,0.00,0,0,0
1476,0.00,0,0,0,0,0.00,0,0,0
1526,0.00,0,0,0,0,0.00,0,0,0
1576,0.00,0,0,0,0,0.00,0,0,0
1626,0.00,0,0,0,0,0.00,0,0,0
1676,0.00,0,0,0,0,0.00,0,0,0
1726,0.00,0,0,0,0,0.00,0,0,0
1776,0.00,0,0,0,0,0.00,0,0,0
1826,0.00,0,0,0,0,0.00,0,0,0
1876,0.00,0,0,0,0,0.00,0,0,0
1926,0.00,0,0,0,0,0.00,0,0,0
1976,0.00,0,0,0,0,0.00,0,0,0
2026,0.00,0,0,0,0,0.00,0,0,0
2076,0.00,0,0,0,0,0.00,0,0,0
2126,0.00,0,0,0,0,0.00,0,0,0
2176,0.00,0,0,0,0,0.00,0,0,0
2226,0.00,0,0,0,0,0.00,0,0,0
2276,0.00,0,0,0,0,0.00,0,0,0
2326,0.00,0,0,0,0,0.00,0,0,0
2376,0.00,0,0,0,0,0.00,0,0,0
2426,0.00,0,0,0,0,0.00,0,0,0
2476,0.00,0,0,0,0,0.00,0,0,0
2526,0.00,0,0,0,0,0.00,0,0,0
2576,0.00,0,0,0,0,0.00,0,0,0
2626,0.00,0,0,0,0,0.00,0,0,0
2676,0.00,0,0,0,0,0.00,0,0,0
2726,0.00,0,0,0,0,0.00,0,0,0
2776,0.00,0,0,0,0,0.00,0,0,0
2826,0.00,0,0,0,0,0.00,0,0,0
2876,0.00,0,0,0,0,0.00,0,0,0
2926,0.00,0,0,0,0,0.00,0,0,0
2976,0.00,0,0,0,0,0.00,0,0,0
3026,0.00,0,0,0,0,0.00,0,0,0
3076,0.00,0,0,0,0,0.00,0,0,0
3126,0.00,0,0,0,0,0.00,0,0,0
3176,0.00,0,0,0,0,0.00,0,0,0
3226,0.00,0,0,0,0,0.00,0,0,0
3276,0.00,0,0,0,0,0.00,0,0,0
3326,0.00,0,0,0,0,0.00,0,0,0
3376,0.00,0,0,0,0,0.00,0,0,0
3426,0.00,0,0,0,0,0.00,0,0,0
3476,0.00,0,0,0,0,0.00,0,0,0
3526,0.00,0,0,0,0,0.00,0,0,0
3576,0.00,0,0,0,0,0.00,0,0,0
3627,0.00,0,0,0,0,0.00,0,0,0
3677,0.00,0,0,0,0,0.00,0,0,0
3727,0.00,0,0,0,0,0.00,0,0,0
3777,0.00,0,0,0,0,0.00,0,0,0
3827,0.00,0,0,0,0,0.00,0,0,0
3877,0.00,0,0,0,0,0.00,0,0,0
3927,0.00,0,0,0,0,0.00,0,0,0
3977,0.00,0,0,0,0,0.00,0,0,0
4027,0.00,0,0,0,0,0.00,0,0,0
4077,0.00,0,0,0,0,0.00,0,0,0
4127,0.00,0,0,0,0,0.00,0,0,0
4177,0.00,0,0,0,0,0.00,0,0,0
4227,0.00,0,0,0,0,0.00,0,0,0
4277,0.00,0,0,0,0,0.00,0,0,0
4327,0.00,0,0,0,0,0.00,0,0,0
4377,0.00,0,0,0,0,0.00,0,0,0
4427,0.00,0,0,0,0,0.00,0,0,0
4477,0.00,0,0,0,0,0.00,0,0,0
4527,0.00,0,0,0,0,0.00,0,0,0
4577,0.00,0,0,0,0,0.00,0,0,0
4627,0.00,0,0,0,0,0.00,0,0,0
4677,0.00,0,0,0,0,0.00,0,0,0
4727,0.00,0,0,0,0,0.00,0,0,0
4777,0.00,0,0,0,0,0.00,0,0,0
4827,0.00,0,0,0,0,0.00,0,0,0
4877,0.00,0,0,0,0,0.00,0,0,0
4927,0.00,0,0,0,0,0.00,0,0,0
4977,0.00,0,0,0,0,0.00,0,0,0
5027,0.00,0,0,0,0,0.00,0,0,0
5078,0.00,0,0,0,0,0.00,0,0,0
5128,0.00,0,0,0,0,0.00,0,0,0
5178,0.00,0,0,0,0,0.00,0,0,0
5228,0.00,0,0,0,0,0.00,0,0,0
5278,0.00,0,0,0,0,0.00,0,0,0
5328,0.00,0,0,0,0,0.00,0,0,0
5378,0.00,0,0,0,0,0.00,0,0,0
5428,0.00,0,0,0,0,0.00,0,0,0
5478,0.00,0,0,0,0,0.00,0,0,0
5528,0.00,0,0,0,0,0.00,0,0,0
5578,0.00,0,0,0,0,0.00,0,0,0
5628,0.00,0,0,0,0,0.00,0,0,0
5678,0.00,0,0,0,0,0.00,0,0,0
5728,0.00,0,0,0,0,0.00,0,0,0
5778,0.00,0,0,0,0,0.00,0,0,0
5828,0.00,0,0,0,0,0.00,0,0,0
5878,0.00,0,0,0,0,0.00,0,0,0
5928,0.00,0,0,0,0,0.00,0,0,0
5978,0.00,0,0,0,0,0.00,0,0,0
6028,0.00,0,0,0,0,0.00,0,0,0
6078,0.00,0,0,0,0,0.00,0,0,0
6128,0.00,0,0,0,0,0.00,0,0,0
6178,0.00,0,0,0,0,0.00,0,0,0
6228,0.00,0,0,0,0,0.00,0,0,0
6278,0.00,0,0,0,0,0.00,0,0,0
6328,0.00,0,0,0,0,0.00,0,0,0
6378,0.00,0,0,0,0,0.00,0,0,0
6428,0.00,0,0,0,0,0.00,0,0,0
6478,0.00,0,0,0,0,0.00,0,0,0
6528,0.00,0,0,0,0,0.00,0,0,0
6578,0.00,0,0,0,0,0.00,0,0,0
6628,0.00,0,0,0,0,0.00,0,0,0
6678,0.00,0,0,0,0,0.00,0,0,0
6728,0.00,0,0,0,0,0.00,0,0,0
6778,0.00,0,0,0,0,0.00,0,0,0
6828,0.00,0,0,0,0,0.00,0,0,0
6878,0.00,0,0,0,0,0.00,0,0,0
6928,0.00,0,0,0,0,0.00,0,0,0
6978,0.00,0,0,0,0,0.00,0,0,0
7028,0.00,0,0,0,0,0.00,0,0,0
7078,0.00,0,0,0,0,0.00,0,0,0
7128,0.00,0,0,0,0,0.00,0,0,0
7178,0.00,0,0,0,0,0.00,0,0,0
7228,0.00,0,0,0,0,0.00,0,0,0
7278,0.00,0,0,0,0,0.00,0,0,0
7328,0.00,0,0,0,0,0.00,0,0,0
7378,0.00,0,0,0,0,0.00,0,0,0
7428,0.00,0,0,0,0,0.00,0,0,0
7478,0.00,0,0,0,0,0.00,0,0,0
7528,0.00,0,0,0,0,0.00,0,0,0
7578,0.00,0,0,0,0,0.00,0,0,0
7628,0.00,0,0,0,0,0.00,0,0,0
7678,0.00,0,0,0,0,0.00,0,0,0
7728,0.00,0,0,0,0,0.00,0,0,0
7778,0.00,0,0,0,0,0.00,0,0,0
7828,0.00,0,0,0,0,0.00,0,0,0
7878,0.00,0,0,0,0,0.00,0,0,0
7928,0.00,0,0,0,0,0.00,0,0,0
7979,0.00,0,0,0,0,0.00,0,0,0
8029,0.00,0,0,0,0,0.00,0,0,0
8079,0.00,0,0,0,0,0.00,0,0,0
8129,0.00,0,0,0,0,0.00,0,0,0
8179,0.00,0,0,0,0,0.00,0,0,0
8229,0.00,0,0,0,0,0.00,0,0,0
8279,0.00,0,0,0,0,0.00,0,0,0
8329,0.00,0,0,0,0,0.00,0,0,0
8379,0.00,0,0,0,0,0.00,0,0,0
8429,0.00,0,0,0,0,0.00,0,0,0
8479,0.00,0,0,0,0,0.00,0,0,0
8529,0.00,0,0,0,0,0.00,0,0,0
8579,0.00,0,0,0,0,0.00,0,0,0
8629,0.00,0,0,0,0,0.00,0,0,0
8679,0.00,0,0,0,0,0.00,0,0,0
8729,0.00,0,0,0,0,0.00,0,0,0
8779,0.00,0,0,0,0,0.00,0,0,0
8829,0.00,0,0,0,0,0.00,0,0,0
8879,0.00,0,0,0,0,0.00,0,0,0
8929,0.00,0,0,0,0,0.00,0,0,0
8979,0.00,0,0,0,0,0.00,0,0,0
9029,0.00,0,0,0,0,0.00,0,0,0
9079,0.00,0,0,0,0,0.00,0,0,0
9129,0.00,0,0,0,0,0.00,0,0,0
9179,0.00,0,0,0,0,0.00,0,0,0
9229,0.00,0,0,0,0,0.00,0,0,0
9279,0.00,0,0,0,0,0.00,0,0,0
9329,0.00,0,0,0,0,0.00,0,0,0
9379,0.00,0,0,0,0,0.00,0,0,0
9430,0.00,0,0,0,0,0.00,0,0,0
9480,0.00,0,0,0,0,0.00,0,0,0
9530,0.00,0,0,0,0,0.00,0,0,0
9580,0.00,0,0,0,0,0.00,0,0,0
9630,0.00,0,0,0,0,0.00,0,0,0
9680,0.00,0,0,0,0,0.00,0,0,0
9730,0.00,0,0,0,0,0.00,0,0,0
9780,0.00,0,0,0,0,0.00,0,0,0
9830,0.00,0,0,0,0,0.00,0,0,0
9880,0.00,0,0,0,0,0.00,0,0,0
9930,0.00,0,0,0,0,0.00,0,0,0
9980,0.00,0,0,0,0,0.00,0,0,0
10030,0.00,0,0,0,0,0.00,0,0,0
10080,0.00,0,0,0,0,0.00,0,0,0
10130,inf,0,0,0,0,inf,0,0,0
10180,inf,0,0,0,0,inf,0,0,0
10230,inf,0,0,0,0,inf,0,0,0
10280,464.87,0,40,0,0,inf,40,0,0
10330,464.87,0,40,0,0,inf,40,0,0
10380,597.75,0,39,0,-1,-132.88,79,0,1
10430,1018.33,0,33,0,-7,-420.58,112,0,8
10480,1040.37,4,33,0,0,-22.04,145,0,8
10530,1475.80,0,27,0,-10,-435.43,172,0,18
10580,1705.13,6,24,0,-5,-215.11,223,0,23
10630,1718.80,0,24,0,0,-13.68,247,0,23
10680,2010.45,3,20,0,0,-8.59,287,0,32
10730,2269.63,3,17,0,0,-11.96,321,0,41
10780,2510.88,0,14,0,0,7.17,349,0,51
10830,2975.01,0,8,0,-11,-221.71,378,0,74
10880,3173.26,0,5,0,-10,-191.15,391,0,84
10930,3367.00,0,3,0,0,-3.77,402,0,94
10980,3672.87,0,0,0,0,-136.80,402,1,97
11030,3741.58,0,-1,0,0,24.42,405,2,97
11080,3693.67,0,-1,0,0,21.04,408,2,97
11130,3625.82,0,0,0,0,30.94,408,3,97
11180,3591.09,0,0,0,0,-1.75,408,3,97
11230,3612.72,0,0,0,0,15.73,408,3,97
11280,3700.05,0,-1,0,0,-53.96,409,5,97
11330,3659.43,0,0,-1,0,29.70,410,6,97
11380,3656.75,0,0,-1,0,3.57,411,8,97
11430,3625.82,0,0,0,0,31.83,411,9,97
11480,3632.84,0,0,0,0,-15.77,411,9,97
11530,3584.23,0,0,0,0,21.54,411,9,97
11580,3653.19,0,0,-1,0,-50.89,411,10,97
11630,3636.36,0,0,0,0,14.16,411,11,97
11680,3675.57,0,0,0,0,-41.85,411,12,97
11730,3650.52,0,0,-1,0,111.70,413,14,97
11780,3546.10,0,0,1,0,377.52,419,15,130
11830,3630.20,0,0,0,0,163.42,421,15,130
11880,3545.26,0,0,1,0,405.23,427,16,166
11930,3769.79,-1,-2,0,0,-225.37,439,17,225
11980,3636.36,0,0,0,0,21.28,439,19,225
12030,3642.54,0,0,-1,0,-5.30,439,21,225
12080,3602.31,0,0,0,0,-8.73,439,21,225
12130,3641.66,0,0,-1,0,-49.71,439,22,225
12180,3615.33,0,0,0,0,27.22,439,23,225
12230,3643.43,0,0,-1,0,-30.71,439,24,225
12280,3636.36,0,0,0,0,28.43,439,25,225
12331,3632.84,0,0,0,0,6.17,440,25,225
12381,3556.19,0,0,1,0,26.33,440,26,225
12431,3649.63,0,0,-1,0,-57.68,440,27,225
12481,3646.09,0,0,-1,0,29.48,440,28,225
12531,3688.22,0,-1,0,0,-38.59,442,29,225
12581,3646.09,0,0,-1,0,22.29,442,32,225
12631,3654.97,0,0,-1,0,-19.49,442,34,225
12681,3634.60,0,0,0,0,20.37,442,35,225
12731,3643.43,0,0,-1,0,-17.61,442,37,225
12781,3624.06,0,0,0,0,30.91,442,38,225
12831,3632.84,0,0,0,0,-7.90,442,39,225
12881,3613.59,0,0,0,0,30.73,442,40,225
12931,3632.84,0,0,0,0,-17.51,442,41,225
12981,3625.82,0,0,0,0,28.26,442,42,225
13031,3664.79,0,0,-1,0,-28.43,442,44,225
13081,3636.36,0,0,0,0,31.12,442,46,225
13131,3664.79,0,0,-1,0,-30.19,442,48,225
13181,3636.36,0,0,0,0,21.28,442,50,225
13231,3632.84,0,0,0,0,-42.61,442,50,225
13281,3615.33,0,0,0,0,45.89,442,51,225
13331,3643.43,0,0,-1,0,-7.07,442,53,225
13381,3625.82,0,0,0,0,29.16,442,54,225
13431,3633.72,0,0,0,0,-18.39,442,55,225
13481,3624.06,0,0,0,0,19.37,442,56,225
13531,3654.08,0,0,-1,0,-17.72,442,58,225
13581,3636.36,0,0,0,0,17.72,442,59,225
13631,3643.43,0,0,-1,0,-18.49,442,61,225
13681,3590.23,0,0,0,0,1.74,442,61,225
13731,3644.31,0,0,-1,0,-42.01,442,62,225
13782,3545.26,0,0,1,0,263.78,445,63,243
13832,3657.64,0,0,-1,0,-5.34,447,65,243
13882,3640.78,0,0,-1,0,129.96,449,67,243
13932,3543.59,0,0,1,0,428.87,455,68,281
13982,3724.86,-3,-1,0,-3,-179.60,466,69,352
14032,3591.95,0,0,0,0,2.61,466,69,352
14082,3611.85,0,0,0,0,7.84,466,69,352
14132,3851.09,-21,-3,0,-19,-306.67,477,70,435
14182,3661.22,0,0,-1,0,119.98,479,72,435
14232,3625.82,0,0,0,0,18.50,479,73,435
14282,3626.69,0,0,0,0,-26.12,479,73,435
14332,3625.82,0,0,0,0,18.50,479,74,435
14382,3664.79,0,0,-1,0,-30.19,479,76,435
14432,3625.82,0,0,0,0,28.26,479,77,435
14482,3654.08,0,0,-1,0,-17.72,479,79,435
14532,3625.82,0,0,0,0,18.50,479,80,435
14582,3652.30,0,0,-1,0,-50.86,479,81,435
14632,3636.36,0,0,0,0,7.07,479,82,435
14682,3643.43,0,0,-1,0,-17.61,479,84,435
14732,3625.82,0,0,0,0,18.50,479,85,435
14782,3654.08,0,0,-1,0,-28.26,479,87,435
14832,3636.36,0,0,0,0,28.43,479,88,435
14882,3652.30,0,0,-1,0,-50.86,479,89,435
14932,3615.33,0,0,0,0,28.10,479,90,435
14982,3654.08,0,0,-1,0,-19.48,479,92,435
15032,3635.48,0,0,0,0,30.21,479,93,435
15082,3654.97,0,0,-1,0,-18.61,479,95,435
15132,3636.36,0,0,0,0,18.61,479,96,435
15182,3654.97,0,0,-1,0,-18.61,479,98,435
15232,3635.48,0,0,0,0,18.60,479,99,435
15282,3643.43,0,0,-1,0,-18.49,479,101,435
15332,3602.31,0,0,0,0,-13.08,479,101,435
15382,3628.45,0,0,0,0,-26.14,479,101,435
15432,3602.31,0,0,0,0,-34.03,479,101,435
15482,3654.08,0,0,-1,0,-38.75,479,103,435
15532,3636.36,0,0,0,0,17.72,479,104,435
15582,3665.69,0,0,-1,0,-31.09,479,106,435
15632,3625.82,0,0,0,0,17.61,479,107,435
15682,3653.19,0,0,-1,0,-27.37,479,109,435
15732,3625.82,0,0,0,0,28.26,479,110,435
15782,3644.31,0,0,-1,0,-31.60,479,111,435
15832,3626.69,0,0,0,0,27.39,479,112,435
15882,3642.54,0,0,-1,0,-16.73,479,114,435
15932,3622.31,0,0,0,0,0.87,479,114,435
15982,3664.79,0,0,-1,0,-30.19,479,116,435
16032,3591.95,0,0,0,0,12.24,479,116,435
16082,3644.31,0,0,-1,0,-37.68,479,117,435
16132,3612.72,0,0,0,0,22.77,479,117,435
16182,3665.69,0,0,-1,0,-50.36,479,119,435
16232,3636.36,0,0,0,0,23.96,479,120,435
16282,3657.64,0,0,-1,0,-15.98,479,123,435
16332,3621.44,0,0,0,0,103.42,480,124,437
16382,3544.42,0,0,1,0,274.31,483,125,459
16432,3545.26,0,0,1,0,372.21,488,126,489
16482,3635.48,0,0,0,0,113.58,489,126,489
16532,3545.26,0,0,1,0,312.76,494,127,517
16582,3428.57,0,2,0,0,568.23,503,127,558
16632,3735.06,-2,-1,0,-2,-189.80,513,128,610
16683,3613.59,0,0,0,0,29.84,513,129,610
16733,3626.69,0,0,0,0,-24.39,513,129,610
16783,3615.33,0,0,0,0,38.75,513,130,610
16833,3643.43,0,0,-1,0,-17.61,513,132,610
16883,3611.85,0,0,0,0,21.87,513,132,610
16933,3654.97,0,0,-1,0,-29.16,513,134,610
16983,3637.25,0,0,0,0,16.83,513,135,610
17033,3654.97,0,0,-1,0,-18.61,513,137,610
17083,3625.82,0,0,0,0,38.98,513,138,610
17133,3654.97,0,0,-1,0,-29.16,513,140,610
17183,3613.59,0,0,0,0,41.38,513,141,610
17233,3618.82,0,0,0,0,-36.30,513,141,610
17283,3615.33,0,0,0,0,36.97,513,142,610
17333,3664.79,0,0,-1,0,-28.43,513,144,610
17383,3646.09,0,0,-1,0,18.71,513,146,610
17433,3642.54,0,0,-1,0,-16.73,513,148,610
17483,3615.33,0,0,0,0,28.99,513,149,610
17533,3654.97,0,0,-1,0,-30.91,513,151,610
17583,3583.37,0,0,0,0,18.93,513,151,610
17633,3627.57,0,0,0,0,-45.91,513,151,610
17683,3625.82,0,0,0,0,18.50,513,152,610
17733,3654.08,0,0,-1,0,-28.26,513,154,610
17783,3615.33,0,0,0,0,39.64,513,155,610
17833,3642.54,0,0,-1,0,-6.18,513,157,610
17883,3625.82,0,0,0,0,18.50,513,158,610
17933,3654.08,0,0,-1,0,-28.26,513,160,610
17983,3625.82,0,0,0,0,17.61,513,161,610
18033,3635.48,0,0,0,0,-34.91,513,161,610
18083,3615.33,0,0,0,0,28.10,513,162,610
18134,3635.48,0,0,0,0,-32.31,513,162,610
18184,3616.20,0,0,0,0,37.88,513,163,610
18234,3632.84,0,0,0,0,-7.03,513,164,610
18284,3602.31,0,0,0,0,8.72,513,164,610
18334,3643.43,0,0,-1,0,-32.45,513,165,610
18384,3611.85,0,0,0,0,11.34,513,165,610
18434,3664.79,0,0,-1,0,-49.46,513,167,610
18484,3636.36,0,0,0,0,17.72,513,168,610
18534,3654.97,0,0,-1,0,-29.16,513,170,610
18584,3625.82,0,0,0,0,18.50,513,171,610
18634,3625.82,0,0,0,0,24.71,513,172,610
18684,3602.31,0,0,0,0,-34.04,513,172,610
18734,3643.43,0,0,-1,0,-38.53,513,174,610
18784,3615.33,0,0,0,0,28.99,513,175,610
18834,3654.08,0,0,-1,0,-30.89,513,176,610
18884,3625.82,0,0,0,0,26.49,513,177,610
18934,3654.08,0,0,-1,0,-39.62,513,179,610
18984,3615.33,0,0,0,0,36.08,513,180,610
19034,3654.08,0,0,-1,0,-29.14,513,182,610
19084,3625.82,0,0,0,0,25.60,513,183,610
19134,3643.43,0,0,-1,0,-20.24,513,184,610
19184,3574.83,0,0,0,0,116.11,514,185,613
19234,3646.97,0,0,-1,0,26.80,514,186,613
19284,3620.56,0,0,0,0,152.07,517,186,613
19334,3545.26,0,0,1,0,323.71,522,187,642
19384,3623.19,0,0,0,0,140.93,524,187,642
19434,3545.26,0,0,1,0,312.76,529,188,670
19484,3544.42,0,0,1,0,465.20,536,189,712
19534,3657.64,0,0,-1,0,108.36,545,190,765
19584,3592.81,0,0,0,0,45.80,545,190,765
19634,3544.42,0,0,1,0,441.76,553,191,819
19684,3736.92,-2,-1,0,-2,-191.66,563,192,888
19734,3625.82,0,0,0,0,16.73,563,193,888
19784,3654.97,0,0,-1,0,-29.16,563,195,888
19834,3626.69,0,0,0,0,27.39,563,196,888
19884,3622.31,0,0,0,0,-9.60,563,196,888
19934,3615.33,0,0,0,0,28.99,563,197,888
19984,3632.84,0,0,0,0,-41.75,563,197,888
20034,3613.59,0,0,0,0,29.84,563,198,888
20084,3654.97,0,0,-1,0,-29.16,563,200,888
20134,3624.94,0,0,0,0,18.49,563,201,888
20184,3633.72,0,0,0,0,-21.00,563,201,888
20234,3625.82,0,0,0,0,17.61,563,202,888
20284,3654.08,0,0,-1,0,-38.75,563,204,888
20334,3636.36,0,0,0,0,7.95,563,205,888
20384,3643.43,0,0,-1,0,-31.58,563,206,888
20434,3611.85,0,0,0,0,20.99,563,206,888
20484,3643.43,0,0,-1,0,-28.97,563,208,888
20534,3615.33,0,0,0,0,38.75,563,209,888
20584,3623.19,0,0,0,0,-10.47,563,209,888
20634,3622.31,0,0,0,0,10.53,563,209,888
20684,3643.43,0,0,-1,0,-17.61,563,211,888
20734,3624.94,0,0,0,0,29.14,563,212,888
20784,3644.31,0,0,-1,0,-7.95,563,214,888
20834,3623.19,0,0,0,0,10.53,563,214,888
20884,3631.96,0,0,0,0,-39.15,563,214,888
20934,3624.94,0,0,0,0,19.38,563,215,888
20984,3643.43,0,0,-1,0,-18.49,563,217,888
21035,3625.82,0,0,0,0,28.26,563,218,888
21085,3626.69,0,0,0,0,-26.12,563,218,888
21135,3600.58,0,0,0,0,-34.03,563,218,888
21185,3644.31,0,0,-1,0,-32.47,563,219,888
21235,3625.82,0,0,0,0,28.26,563,220,888
21285,3646.97,0,0,-1,0,0.00,563,223,888
21335,3624.06,0,0,0,0,33.58,563,225,888
21385,3632.84,0,0,0,0,-17.51,563,226,888
21435,3660.32,0,0,-1,0,-88.04,563,227,888
21485,3597.98,0,0,0,0,18.06,563,227,888
21535,3591.95,0,0,0,0,-27.70,563,227,888
21585,3654.08,0,0,-1,0,-38.75,563,229,888
21635,3635.48,0,0,0,0,29.31,563,230,888
21685,3657.64,0,0,-1,0,-10.67,563,233,888
21735,3615.33,0,0,0,0,28.10,563,234,888
21785,3608.37,0,0,0,0,27.49,563,234,888
21835,3590.23,0,0,0,0,-33.85,563,234,888
21885,3626.69,0,0,0,0,-24.39,563,234,888
21935,3625.82,0,0,0,0,26.49,563,235,888
21985,3654.08,0,0,-1,0,-28.26,563,237,888
22035,3625.82,0,0,0,0,28.26,563,238,888
22085,3641.66,0,0,-1,0,-15.84,563,240,888
22135,3625.82,0,0,0,0,17.61,563,241,888
22185,3617.94,0,0,0,0,-17.37,563,241,888
22235,3603.17,0,0,0,0,-33.83,563,241,888
22285,3632.84,0,0,0,0,-20.12,563,241,888
22335,3611.85,0,0,0,0,24.52,563,241,888
22385,3654.08,0,0,-1,0,-32.64,563,242,888
22435,3625.82,0,0,0,0,33.61,563,243,888
22486,3635.48,0,0,0,0,-27.11,563,243,888
22536,3615.33,0,0,0,0,27.22,563,244,888
22586,3643.43,0,0,-1,0,-26.36,563,246,888
22636,3617.94,0,0,0,0,74.82,564,247,888
22686,3639.89,0,0,0,0,137.49,567,247,888
22736,3546.10,0,0,1,0,353.04,572,248,919
22786,3546.10,0,0,1,0,389.88,578,249,953
22836,3608.37,0,-1,0,0,-148.45,579,249,953
22886,3630.20,0,0,0,0,143.38,582,249,953
22936,3546.10,0,0,1,0,300.05,587,250,981
22986,3546.10,0,0,1,0,413.77,593,251,1016
23036,3926.70,-43,-4,0,-40,-560.45,609,251,1119
23086,3832.40,-11,-3,0,-25,-388.08,614,251,1144
23136,3545.26,0,0,1,0,669.41,627,252,1256
23186,3713.79,-3,-1,0,-3,-169.37,638,253,1316
23236,3633.72,0,0,0,0,-22.74,638,253,1316
23286,3613.59,0,0,0,0,30.73,638,254,1316
23336,3622.31,0,0,0,0,-10.47,638,254,1316
23386,3612.72,0,0,0,0,22.77,638,254,1316
23436,3645.20,0,0,-1,0,-40.30,638,256,1316
23486,3625.82,0,0,0,0,28.26,638,257,1316
23536,3631.96,0,0,0,0,-6.15,638,258,1316
23586,3615.33,0,0,0,0,25.45,638,259,1316
23636,3633.72,0,0,0,0,-18.39,638,260,1316
23686,3600.58,0,0,0,0,-4.37,638,260,1316
23736,3634.60,0,0,0,0,-32.30,638,260,1316
23786,3611.85,0,0,0,0,23.64,638,260,1316
23836,3644.31,0,0,-1,0,-28.99,638,262,1316
23886,3590.23,0,0,0,0,5.23,638,262,1316
23936,3626.69,0,0,0,0,-23.52,638,262,1316
23986,3615.33,0,0,0,0,28.99,638,263,1316
24036,3632.84,0,0,0,0,-7.03,638,264,1316
24086,3602.31,0,0,0,0,-21.86,638,264,1316
24136,3617.94,0,0,0,0,-17.37,638,264,1316
24186,3602.31,0,0,0,0,-28.56,638,264,1316
24236,3531.90,0,0,1,0,70.40,638,265,1316
24286,42979.94,-509,-511,0,0,-39367.23,1150,265,1320
24336,3654.08,0,0,-1,0,145.31,1154,266,1320
24386,3626.69,0,0,0,0,27.39,1154,267,1320
24436,3644.31,0,0,-1,0,-31.60,1154,268,1320
24486,3624.06,0,0,0,0,30.02,1154,269,1320
24536,3632.84,0,0,0,0,-9.65,1154,269,1320
24586,3625.82,0,0,0,0,15.84,1154,270,1320
24636,3654.08,0,0,-1,0,-38.75,1154,272,1320
24686,3611.85,0,0,0,0,21.87,1154,272,1320
24736,3631.96,0,0,0,0,-19.24,1154,272,1320
24786,3612.72,0,0,0,0,22.77,1154,272,1320
24836,3634.60,0,0,0,0,-32.30,1154,272,1320
24886,3612.72,0,0,0,0,18.37,1154,272,1320
24936,3644.31,0,0,-1,0,-31.60,1154,273,1320
24986,3615.33,0,0,0,0,28.10,1154,274,1320
25036,3633.72,0,0,0,0,-22.74,1154,274,1320
25086,3602.31,0,0,0,0,-14.02,1154,274,1320
25136,3624.06,0,0,0,0,-32.11,1154,274,1320
25186,3602.31,0,0,0,0,-34.84,1154,274,1320
25236,3644.31,0,0,-1,0,-20.25,1154,276,1320
25286,3635.48,0,0,0,0,8.83,1154,277,1320
25336,3664.79,0,0,-1,0,-38.98,1154,279,1320
25387,3625.82,0,0,0,0,28.26,1154,280,1320
25437,3631.96,0,0,0,0,-16.63,1154,281,1320
25487,3616.20,0,0,0,0,27.23,1154,282,1320
25537,3624.94,0,0,0,0,-32.99,1154,282,1320
25587,3602.31,0,0,0,0,-26.08,1154,282,1320
25637,3632.84,0,0,0,0,-20.99,1154,282,1320
25687,3615.33,0,0,0,0,26.33,1154,283,1320
25737,3643.43,0,0,-1,0,-17.61,1154,285,1320
25787,3614.46,0,0,0,0,28.97,1154,286,1320
25837,3654.08,0,0,-1,0,-38.75,1154,288,1320
25887,3614.46,0,0,0,0,30.74,1154,289,1320
25937,3632.84,0,0,0,0,-18.38,1154,290,1320
25987,3613.59,0,0,0,0,13.11,1154,290,1320
26037,3631.96,0,0,0,0,-19.24,1154,290,1320
26087,3591.95,0,0,0,0,-3.50,1154,290,1320
26137,3631.96,0,0,0,0,-39.15,1154,290,1320
26187,3615.33,0,0,0,0,25.45,1154,291,1320
26237,3654.97,0,0,-1,0,-29.16,1154,293,1320
26287,3646.09,0,0,-1,0,19.60,1154,295,1320
26337,3636.36,0,0,0,0,9.72,1154,297,1320
26387,3604.90,0,0,-1,0,-18.47,1154,298,1320
26437,3631.08,0,0,0,0,-33.96,1154,298,1320
26487,3602.31,0,0,0,0,-27.12,1154,298,1320
26537,3617.94,0,0,0,0,-28.57,1154,298,1320
26587,3612.72,0,0,0,0,16.61,1154,298,1320
26637,3664.79,0,0,-1,0,-29.31,1154,300,1320
26687,3675.57,0,0,0,0,-79.31,1154,300,1320
26737,3632.84,0,0,0,0,-14.90,1154,300,1320
26787,3615.33,0,0,0,0,36.97,1154,301,1320
26838,3618.82,0,0,0,0,84.89,1155,302,1321
26888,3606.64,0,-1,0,-1,-269.17,1157,302,1322
26938,3544.42,0,0,1,0,304.69,1162,303,1349
26988,3545.26,0,0,1,0,436.69,1168,304,1385
27039,3725.78,-3,-1,0,-3,-181.36,1178,305,1453
27089,3622.31,0,0,0,0,-6.98,1178,306,1453
27139,3602.31,0,0,0,0,-40.79,1178,306,1453
27189,3654.97,0,0,-1,0,-43.99,1178,307,1453
27239,3624.94,0,0,0,0,39.85,1178,308,1453
27289,3622.31,0,0,0,0,-7.86,1178,309,1453
27339,3610.98,0,0,0,0,21.86,1178,309,1453
27389,3632.84,0,0,0,0,-8.78,1178,309,1453
27439,3601.44,0,0,0,0,-0.87,1178,309,1453
27489,3635.48,0,0,0,0,-34.04,1178,309,1453
27539,3615.33,0,0,0,0,25.45,1178,310,1453
27589,3610.11,0,0,0,0,-7.80,1178,310,1453
27639,3602.31,0,0,0,0,-29.43,1178,310,1453
27689,3644.31,0,0,-1,0,-32.47,1178,311,1453
27739,3635.48,0,0,0,0,18.60,1178,312,1453
27789,3656.75,0,0,-1,0,-9.78,1178,315,1453
27839,3635.48,0,0,0,0,30.21,1178,316,1453
27889,3654.97,0,0,-1,0,-29.16,1178,318,1453
27939,3615.33,0,0,0,0,28.10,1178,319,1453
27990,3626.69,0,0,0,0,-24.39,1178,319,1453
28040,3564.64,0,0,0,0,32.48,1178,319,1453
28090,3618.82,0,0,0,0,-46.54,1178,319,1453
28140,3612.72,0,0,0,0,14.85,1178,319,1453
28190,3676.47,0,0,0,0,-40.11,1178,320,1453
28240,3636.36,0,0,0,0,31.12,1178,322,1453
28290,3705.53,0,-1,0,-4,-170.30,1179,324,1457
28340,3591.95,0,0,0,0,-25.20,1179,324,1457
28390,3650.52,0,0,-1,0,-48.22,1179,325,1457
28440,3616.20,0,0,0,0,27.23,1179,326,1457
28490,3632.84,0,0,0,0,-21.86,1179,326,1457
28540,3600.58,0,0,0,0,-9.58,1179,326,1457
28590,3652.30,0,0,-1,0,-50.00,1179,327,1457
28640,3625.82,0,0,0,0,28.26,1179,328,1457
28690,3664.79,0,0,-1,0,-38.98,1179,330,1457
28740,3624.94,0,0,0,0,29.14,1179,331,1457
28790,3632.84,0,0,0,0,-17.51,1179,332,1457
28840,3616.20,0,0,0,0,26.34,1179,333,1457
28890,3643.43,0,0,-1,0,-30.71,1179,334,1457
28940,3615.33,0,0,0,0,28.99,1179,335,1457
28990,3633.72,0,0,0,0,-18.39,1179,336,1457
29040,3612.72,0,0,0,0,20.12,1179,336,1457
29090,3644.31,0,0,-1,0,-18.50,1179,338,1457
29140,3604.90,0,0,-1,0,-15.87,1179,339,1457
29190,3629.32,0,0,0,0,-47.66,1179,339,1457
29240,3614.46,0,0,0,0,26.32,1179,340,1457
29290,3632.84,0,0,0,0,-21.86,1179,340,1457
29340,3621.44,0,0,0,0,14.04,1179,340,1457
29390,3654.08,0,0,-1,0,-42.23,1179,341,1457
29440,3624.06,0,0,0,0,30.02,1179,342,1457
29490,3613.59,0,0,0,0,22.78,1179,343,1457
29540,3614.46,0,0,0,0,32.52,1179,344,1457
29590,3618.82,0,0,0,0,-16.51,1179,344,1457
29640,3602.31,0,0,0,0,-27.80,1179,344,1457
29690,3643.43,0,0,-1,0,-32.45,1179,345,1457
29740,3625.82,0,0,0,0,17.61,1179,346,1457
29790,3656.75,0,0,-1,0,-10.67,1179,349,1457
29840,3625.82,0,0,0,0,29.16,1179,350,1457
29890,3633.72,0,0,0,0,-21.87,1179,350,1457
29940,3611.85,0,0,0,0,28.05,1179,350,1457
29990,3611.85,0,0,0,0,3.48,1179,351,1457
30040,3602.31,0,0,0,0,-27.76,1179,351,1457
30090,3644.31,0,0,-1,0,-32.47,1179,352,1457
30140,3636.36,0,0,0,0,20.39,1179,353,1457
30190,3631.08,0,0,0,0,6.16,1179,354,1457
30240,3601.44,0,0,0,0,-14.93,1179,354,1457
30290,3612.72,0,0,0,0,1.74,1179,354,1457
30340,3605.77,0,0,-1,0,-76.06,1179,355,1457
30390,3654.08,0,0,-1,0,-36.14,1179,356,1457
30440,3602.31,0,0,0,0,-6.14,1179,356,1457
30490,3636.36,0,0,0,0,21.28,1179,357,1457
30540,3619.69,0,0,0,0,166.28,1182,357,1457
30590,3545.26,0,0,1,0,346.80,1187,358,1487
30640,3544.42,0,0,1,0,475.95,1194,359,1531
30690,3544.42,0,0,1,0,323.55,1198,360,1555
30740,3545.26,0,0,1,0,463.29,1205,361,1596
30790,3544.42,0,0,1,0,448.12,1213,362,1649
30840,3674.67,0,0,0,0,91.34,1222,362,1701
30891,3626.69,0,0,0,0,27.39,1222,363,1701
30941,3632.84,0,0,0,0,-7.03,1222,364,1701
30991,3602.31,0,0,0,0,-18.32,1222,364,1701
31041,3632.84,0,0,0,0,-41.75,1222,364,1701
31091,3624.06,0,0,0,0,29.13,1222,365,1701
31141,3654.97,0,0,-1,0,-18.61,1222,367,1701
31191,3635.48,0,0,0,0,40.09,1222,367,1701
31241,3645.20,0,0,-1,0,1.77,1222,370,1701
31291,3615.33,0,0,0,0,28.99,1222,371,1701
31341,3617.94,0,0,0,0,-16.50,1222,371,1701
31391,3602.31,0,0,0,0,-38.18,1222,371,1701
31441,3643.43,0,0,-1,0,-31.58,1222,372,1701
31491,3604.90,0,0,-1,0,-25.48,1222,373,1701
31541,3626.69,0,0,0,0,-25.25,1222,373,1701
31591,3613.59,0,0,0,0,30.73,1222,374,1701
31641,3644.31,0,0,-1,0,-18.50,1222,376,1701
31691,3624.94,0,0,0,0,29.14,1222,377,1701
31741,3644.31,0,0,-1,0,-18.50,1222,379,1701
31791,3624.06,0,0,0,0,30.91,1222,380,1701
31841,3643.43,0,0,-1,0,-18.49,1222,382,1701
31891,3600.58,0,0,0,0,5.23,1222,382,1701
31941,3643.43,0,0,-1,0,-41.99,1222,383,1701
31991,3603.17,0,0,0,0,-19.19,1222,383,1701
32041,3623.19,0,0,0,0,-10.47,1222,383,1701
32091,3624.06,0,0,0,0,29.13,1222,384,1701
32141,3654.08,0,0,-1,0,-27.39,1222,386,1701
32191,3624.06,0,0,0,0,30.91,1222,387,1701
32241,3643.43,0,0,-1,0,-41.99,1222,388,1701
32291,3616.20,0,0,0,0,27.23,1222,389,1701
32342,3643.43,0,0,-1,0,-20.24,1222,390,1701
32392,3625.82,0,0,0,0,18.50,1222,391,1701
32442,3631.96,0,0,0,0,-6.15,1222,392,1701
32492,3615.33,0,0,0,0,28.99,1222,393,1701
32542,3644.31,0,0,-1,0,-9.71,1222,395,1701
32592,3616.20,0,0,0,0,27.23,1222,396,1701
32642,3644.31,0,0,-1,0,-20.25,1222,398,1701
32692,3622.31,0,0,0,0,10.53,1222,398,1701
32742,3633.72,0,0,0,0,-19.26,1222,398,1701
32792,3614.46,0,0,0,0,28.97,1222,399,1701
32842,3623.19,0,0,0,0,-7.86,1222,400,1701
32892,3615.33,0,0,0,0,25.45,1222,401,1701
32942,3631.96,0,0,0,0,-6.15,1222,402,1701
32992,3615.33,0,0,0,0,39.64,1222,403,1701
33042,3653.19,0,0,-1,0,-27.37,1222,405,1701
33092,3646.97,0,0,-1,0,17.82,1222,407,1701
33142,3646.09,0,0,-1,0,-5.31,1222,410,1701
33192,3625.82,0,0,0,0,20.27,1222,411,1701
33242,3633.72,0,0,0,0,-4.40,1222,412,1701
33292,3622.31,0,0,0,0,16.70,1222,412,1701
33342,3617.94,0,0,0,0,-17.37,1222,412,1701
33392,3591.09,0,0,0,0,-31.25,1222,412,1701
33442,3652.30,0,0,-1,0,-48.26,1222,413,1701
33492,3639.01,0,0,0,0,58.30,1223,413,1701
33542,3555.34,0,0,1,0,296.74,1227,414,1726
33592,3640.78,0,0,-1,0,155.73,1229,415,1726
33642,3546.10,0,0,1,0,410.64,1235,416,1764
33692,3544.42,0,0,1,0,520.62,1244,417,1814
33742,3610.98,0,0,0,0,155.03,1254,417,1872
33792,3602.31,0,0,0,0,-17.47,1254,417,1872
33842,3545.26,0,0,1,0,435.63,1261,418,1922
33893,3725.78,-3,-1,0,-3,-182.20,1271,419,1992
33943,3625.82,0,0,0,0,30.94,1271,420,1992
33993,3644.31,0,0,-1,0,-18.50,1271,422,1992
34043,3625.82,0,0,0,0,17.61,1271,423,1992
34093,3654.08,0,0,-1,0,-28.26,1271,425,1992
34143,3636.36,0,0,0,0,17.72,1271,426,1992
34193,3612.72,0,0,0,0,2.61,1271,427,1992
34243,3601.44,0,0,0,0,-25.24,1271,427,1992
34293,3644.31,0,0,-1,0,-43.74,1271,428,1992
34343,3610.98,0,0,0,0,21.86,1271,428,1992
34393,3654.08,0,0,-1,0,-30.89,1271,429,1992
34443,3636.36,0,0,0,0,28.43,1271,430,1992
34493,3612.72,0,0,0,0,13.98,1271,431,1992
34543,3602.31,0,0,0,0,-49.66,1271,431,1992
34593,3632.84,0,0,0,0,-20.99,1271,431,1992
34643,3612.72,0,0,0,0,22.77,1271,431,1992
34693,3643.43,0,0,-1,0,-18.49,1271,433,1992
34743,3626.69,0,0,0,0,27.39,1271,434,1992
34793,3664.79,0,0,-1,0,-28.43,1271,436,1992
34843,3636.36,0,0,0,0,28.43,1271,437,1992
34893,3654.08,0,0,-1,0,-17.72,1271,438,1992
34944,3624.06,0,0,0,0,20.25,1271,439,1992
34994,3643.43,0,0,-1,0,-17.61,1271,441,1992
35044,3613.59,0,0,0,0,18.37,1271,441,1992
35094,3632.84,0,0,0,0,-17.51,1271,442,1992
35144,3623.19,0,0,0,0,9.65,1271,442,1992
35194,3664.79,0,0,-1,0,-49.46,1271,444,1992
35244,3622.31,0,0,0,0,11.41,1271,444,1992
35294,3644.31,0,0,-1,0,-19.38,1271,446,1992
35344,3625.82,0,0,0,0,17.61,1271,447,1992
35394,3633.72,0,0,0,0,-9.66,1271,448,1992
35444,3616.20,0,0,0,0,37.88,1271,449,1992
35494,3654.08,0,0,-1,0,-38.75,1271,451,1992
35544,3625.82,0,0,0,0,29.16,1271,452,1992
35594,3632.84,0,0,0,0,-17.51,1271,453,1992
35644,3626.69,0,0,0,0,26.50,1271,454,1992
35694,3654.08,0,0,-1,0,-17.72,1271,456,1992
35744,3625.82,0,0,0,0,22.93,1271,457,1992
35794,3643.43,0,0,-1,0,-20.24,1271,459,1992
35844,3614.46,0,0,0,0,34.29,1271,460,1992
35894,3632.84,0,0,0,0,-38.30,1271,460,1992
35944,3615.33,0,0,0,0,32.53,1271,461,1992
35994,3654.08,0,0,-1,0,-28.26,1271,463,1992
36044,3636.36,0,0,0,0,24.85,1271,464,1992
36094,3630.20,0,0,0,0,155.76,1274,464,1992
36144,3546.10,0,0,1,0,351.02,1279,465,2025
36194,3640.78,0,0,-1,0,65.67,1280,466,2025
36244,3544.42,0,0,1,0,281.13,1283,467,2049
36294,3545.26,0,0,1,0,422.99,1289,468,2084
36344,3544.42,0,0,1,0,539.43,1298,469,2143
36395,3663.90,0,0,-1,0,102.11,1308,470,2201
36445,3612.72,0,0,0,0,0.87,1308,471,2201
36495,3602.31,0,0,0,0,-23.52,1308,471,2201
36545,3643.43,0,0,-1,0,-28.10,1308,473,2201
36595,3635.48,0,0,0,0,19.49,1308,474,2201
36645,3633.72,0,0,0,0,2.64,1308,475,2201
36695,3601.44,0,0,0,0,-21.00,1308,475,2201
36745,3654.08,0,0,-1,0,-38.75,1308,477,2201
36795,3625.82,0,0,0,0,29.16,1308,478,2201
36845,3641.66,0,0,-1,0,-28.94,1308,479,2201
36895,3616.20,0,0,0,0,37.88,1308,480,2201
36945,3626.69,0,0,0,0,-26.12,1308,480,2201
36995,3591.95,0,0,0,0,-17.34,1308,480,2201
37045,3643.43,0,0,-1,0,-30.71,1308,481,2201
37095,3646.09,0,0,-1,0,8.88,1308,483,2201
37145,3644.31,0,0,-1,0,-8.83,1308,485,2201
37195,3616.20,0,0,0,0,37.88,1308,486,2201
37245,3643.43,0,0,-1,0,-16.74,1308,488,2201
37295,3591.95,0,0,0,0,-20.06,1308,488,2201
37345,3654.08,0,0,-1,0,-43.10,1308,489,2201
37395,3625.82,0,0,0,0,28.26,1308,490,2201
37445,3632.84,0,0,0,0,-7.03,1308,491,2201
37495,3613.59,0,0,0,0,27.19,1308,492,2201
37545,3643.43,0,0,-1,0,-28.10,1308,494,2201
37595,3625.82,0,0,0,0,17.61,1308,495,2201
37645,3664.79,0,0,-1,0,-27.55,1308,497,2201
37695,3624.94,0,0,0,0,29.14,1308,498,2201
37745,3635.48,0,0,0,0,-34.04,1308,498,2201
37795,3602.31,0,0,0,0,-17.45,1308,498,2201
37846,3624.94,0,0,0,0,-34.70,1308,498,2201
37896,3613.59,0,0,0,0,28.07,1308,499,2201
37946,3664.79,0,0,-1,0,-38.98,1308,501,2201
37996,3646.97,0,0,-1,0,29.50,1308,502,2201
38046,3668.38,0,0,-1,0,-21.41,1308,505,2201
38096,3625.82,0,0,0,0,20.27,1308,507,2201
38146,3633.72,0,0,0,0,-31.42,1308,507,2201
38196,3590.23,0,0,0,0,-10.44,1308,507,2201
38246,3644.31,0,0,-1,0,-42.01,1308,508,2201
38296,3615.33,0,0,0,0,28.10,1308,509,2201
38346,3622.31,0,0,0,0,0.87,1308,509,2201
38396,3612.72,0,0,0,0,20.12,1308,509,2201
38446,3632.84,0,0,0,0,-20.99,1308,509,2201
38496,3610.98,0,0,0,0,15.72,1308,509,2201
38546,3644.31,0,0,-1,0,-28.99,1308,511,2201
38596,3625.82,0,0,0,0,38.98,1308,512,2201
38646,3676.47,0,0,0,0,-40.11,1308,513,2201
38696,3636.36,0,0,0,0,27.53,1308,515,2201
38746,3646.97,0,0,-1,0,-6.20,1308,518,2201
38796,3612.72,0,0,0,0,22.77,1308,518,2201
38846,3622.31,0,0,0,0,-11.34,1308,518,2201
38896,3591.95,0,0,0,0,-7.83,1308,518,2201
38946,3635.48,0,0,0,0,-32.31,1308,518,2201
38996,3625.82,0,0,0,0,26.49,1308,519,2201
39046,3643.43,0,0,-1,0,-22.86,1308,520,2201
39096,3624.06,0,0,0,0,41.63,1308,521,2201
39146,3643.43,0,0,-1,0,-18.49,1308,522,2201
39196,3629.32,0,0,0,0,91.84,1309,522,2202
39246,3544.42,0,0,1,0,295.82,1313,523,2225
39296,3543.59,0,0,1,0,476.78,1320,524,2264
39346,3544.42,0,0,1,0,310.63,1324,525,2287
39396,3544.42,0,0,1,0,475.95,1331,526,2329
39446,3654.08,0,0,-1,0,110.98,1340,527,2384
39496,3633.72,0,0,0,0,-19.26,1340,528,2384
39546,3610.98,0,0,0,0,24.50,1340,528,2384
39596,3626.69,0,0,0,0,-24.39,1340,528,2384
39646,3615.33,0,0,0,0,36.97,1340,529,2384
39696,3631.96,0,0,0,0,-16.63,1340,530,2384
39746,3625.82,0,0,0,0,18.50,1340,531,2384
39796,3675.57,0,0,0,0,-40.09,1340,532,2384
39846,3602.31,0,0,0,0,8.77,1340,532,2384
39896,3632.84,0,0,0,0,-20.12,1340,532,2384
39946,3604.04,0,0,-1,0,-35.93,1340,533,2384
39996,3605.77,0,0,0,0,12.88,1340,533,2384
40046,3600.58,0,0,0,0,-33.18,1340,533,2384
40096,3632.84,0,0,0,0,-7.03,1340,534,2384
40146,3624.94,0,0,0,0,18.49,1340,535,2384
40196,3654.08,0,0,-1,0,-28.26,1340,537,2384
40246,3611.85,0,0,0,0,11.34,1340,537,2384
40296,3633.72,0,0,0,0,-21.00,1340,537,2384
40346,3477.05,0,1,0,0,88.43,1341,537,2384
40396,3457.81,0,1,0,-1,-76.39,1345,537,2385
40446,3420.75,0,2,0,-2,-51.48,1349,537,2387
40496,3421.53,0,2,0,0,49.08,1354,537,2388
40546,3571.43,0,0,0,0,-100.01,1356,537,2388
40596,3551.14,0,0,1,0,60.71,1357,538,2388
40646,3641.66,0,0,-1,0,-49.71,1357,539,2388
40696,3571.43,0,0,0,0,45.64,1357,539,2388
40747,3589.38,0,0,0,0,-41.60,1357,540,2388
40797,3545.26,0,0,1,0,44.11,1357,542,2388
40847,3607.50,0,0,0,0,35.06,1357,542,2388
40897,3581.66,0,0,0,0,37.16,1357,542,2388
40947,3617.94,0,0,0,0,-47.37,1357,542,2388
40997,3585.09,0,0,0,0,22.42,1357,542,2388
41047,3628.45,0,0,0,0,-46.79,1357,542,2388
41097,3581.66,0,0,0,0,37.16,1357,542,2388
41147,3617.94,0,0,0,0,-37.14,1357,542,2388
41197,3582.52,0,0,0,0,46.81,1357,542,2388
41247,3632.84,0,0,0,0,-42.61,1357,542,2388
41297,3604.04,0,0,-1,0,-42.79,1357,543,2388
41347,3624.94,0,0,0,0,-32.99,1357,543,2388
41397,3585.09,0,0,0,0,23.29,1357,543,2388
41447,3608.37,0,0,1,0,30.63,1357,544,2388
41497,3576.54,0,0,0,0,31.83,1357,544,2388
41547,3618.82,0,0,0,0,-38.87,1357,544,2388
41597,3600.58,0,0,0,0,-32.02,1357,544,2388
41647,3644.31,0,0,-1,0,-42.01,1357,545,2388
41697,3615.33,0,0,0,0,28.10,1357,546,2388
41747,3623.19,0,0,0,0,-12.21,1357,546,2388
41797,3580.81,0,0,0,0,43.26,1357,546,2388
41847,3627.57,0,0,0,0,-45.05,1357,546,2388
41897,3575.69,0,0,0,0,32.69,1357,546,2388
41947,3627.57,0,0,0,0,-45.91,1357,546,2388
41997,3571.43,0,0,0,0,60.53,1357,546,2388
42047,3626.69,0,0,0,0,-21.79,1357,547,2388
42097,3602.31,0,0,0,0,-35.72,1357,547,2388
42147,3633.72,0,0,0,0,-43.49,1357,547,2388
42198,3581.66,0,0,0,0,37.16,1357,547,2388
42248,3624.06,0,0,0,0,-32.97,1357,547,2388
42298,3591.09,0,0,0,0,-49.63,1357,547,2388
42348,3631.96,0,0,0,0,-39.15,1357,547,2388
42398,3591.95,0,0,0,0,-27.80,1357,547,2388
42448,3624.06,0,0,0,0,-32.11,1357,547,2388
42498,3581.66,0,0,0,0,37.16,1357,547,2388
42548,3628.45,0,0,0,0,-47.64,1357,547,2388
42598,3591.95,0,0,0,0,-40.79,1357,547,2388
42648,3617.94,0,0,0,0,-37.14,1357,547,2388
42698,3591.95,0,0,0,0,-24.33,1357,547,2388
42748,3632.84,0,0,0,0,-40.03,1357,547,2388
42798,3601.44,0,0,0,0,-39.93,1357,547,2388
42848,3624.94,0,0,0,0,-33.85,1357,547,2388
42898,3591.95,0,0,0,0,-32.00,1357,547,2388
42948,3628.45,0,0,0,0,-45.93,1357,547,2388
42998,3602.31,0,0,0,0,-36.58,1357,547,2388
43048,3634.60,0,0,0,0,-33.16,1357,547,2388
43098,3591.09,0,0,0,0,-33.11,1357,547,2388
43148,3614.46,0,0,0,0,-21.64,1357,547,2388
43198,3590.23,0,0,0,0,-30.29,1357,547,2388
43248,3624.06,0,0,0,0,-32.11,1357,547,2388
43298,3592.81,0,0,0,0,-26.94,1357,547,2388
43348,3626.69,0,0,0,0,-24.39,1357,547,2388
43398,3602.31,0,0,0,0,-33.98,1357,547,2388
43448,3643.43,0,0,-1,0,-41.12,1357,548,2388
43498,3592.81,0,0,0,0,-20.06,1357,548,2388
43548,3617.94,0,0,0,0,-36.28,1357,548,2388
43598,3591.95,0,0,0,0,-32.87,1357,548,2388
43648,3632.84,0,0,0,0,-40.89,1357,548,2388
43698,3601.44,0,0,0,0,-35.72,1357,548,2388
43748,3616.20,0,0,0,0,-25.11,1357,548,2388
43798,3581.66,0,0,0,0,35.41,1357,548,2388
43848,3632.84,0,0,0,0,-42.61,1357,548,2388
43898,3583.37,0,0,0,0,24.13,1357,548,2388
43948,3631.08,0,0,0,0,-39.13,1357,548,2388
43998,3591.95,0,0,0,0,-25.22,1357,548,2388
44048,3626.69,0,0,0,0,43.48,1357,548,2388
44098,3594.54,0,0,-1,0,-41.06,1357,549,2388
44148,3626.69,0,0,0,0,-21.79,1357,550,2388
44198,3590.23,0,0,0,0,-33.99,1357,550,2388
44248,3635.48,0,0,0,0,-33.18,1357,550,2388
44298,3615.33,0,0,0,0,28.99,1357,551,2388
44348,3644.31,0,0,-1,0,-28.99,1357,553,2388
44398,3591.09,0,0,0,0,-27.98,1357,553,2388
44448,3616.20,0,0,0,0,-23.39,1357,553,2388
44498,3571.43,0,0,0,0,46.52,1357,553,2388
44548,3608.37,0,0,0,0,28.36,1357,553,2388
44598,3581.66,0,0,0,0,36.28,1357,553,2388
44648,3635.48,0,0,0,0,-33.18,1357,553,2388
44698,3602.31,0,0,0,0,-42.77,1357,553,2388
44748,3634.60,0,0,0,0,-32.30,1357,553,2388
44798,3616.20,0,0,0,0,27.23,1357,554,2388
44848,3610.11,0,0,0,0,-8.67,1357,554,2388
44898,3576.54,0,0,0,0,30.10,1357,554,2388
44948,3628.45,0,0,0,0,-57.87,1357,554,2388
44998,3602.31,0,0,0,0,-40.79,1357,554,2388
45048,3624.94,0,0,0,0,-34.70,1357,554,2388
45099,3579.95,0,0,0,0,36.25,1357,554,2388
45149,3631.96,0,0,0,0,-40.01,1357,554,2388
45199,3602.31,0,0,0,0,-25.22,1357,554,2388
45249,3635.48,0,0,0,0,-32.31,1357,554,2388
45299,45731.71,-3019,-547,0,-2478,-42129.40,1904,554,4866
45349,3671.97,0,0,0,0,63.09,1906,554,6112
45399,3590.23,0,0,0,0,-29.53,1906,554,6112
45449,3606.64,0,0,0,0,-29.46,1906,554,6112
45499,3600.58,0,0,0,0,-29.44,1906,554,6112
45549,3616.20,0,0,0,0,-24.25,1906,554,6112
45599,3591.95,0,0,0,0,-27.82,1906,554,6112
45649,3643.43,0,0,-1,0,-41.12,1906,555,6112
45699,3610.98,0,0,0,0,24.50,1906,555,6112
45749,3635.48,0,0,0,0,-33.18,1906,555,6112
45799,3582.52,0,0,0,0,41.55,1906,555,6112
45849,3629.32,0,0,0,0,-47.66,1906,555,6112
45899,3591.95,0,0,0,0,-27.80,1906,555,6112
45949,3626.69,0,0,0,0,-25.25,1906,555,6112
45999,3591.95,0,0,0,0,-24.33,1906,555,6112
46049,3641.66,0,0,-1,0,-49.71,1906,556,6112
46099,3604.90,0,0,-1,0,-43.65,1906,557,6112
46149,3644.31,0,0,-1,0,-39.41,1906,559,6112
46199,3604.90,0,0,-1,0,-37.68,1906,560,6112
46249,3635.48,0,0,0,0,-33.18,1906,560,6112
46299,3592.81,0,0,0,0,-20.06,1906,560,6112
46349,3624.94,0,0,0,0,-32.99,1906,560,6112
46399,3581.66,0,0,0,0,35.41,1906,560,6112
46449,3639.01,0,0,0,0,-77.76,1906,560,6112
46499,3591.95,0,0,0,0,-38.18,1906,560,6112
46550,3632.84,0,0,0,0,-41.75,1906,560,6112
46600,3591.09,0,0,0,0,-33.98,1906,560,6112
46650,3617.07,0,0,0,0,-35.41,1906,560,6112
46700,3601.44,0,0,0,0,-40.79,1906,560,6112
46750,3644.31,0,0,-1,0,-39.41,1906,562,6112
46800,3612.72,0,0,0,0,18.37,1906,562,6112
46850,3629.32,0,0,0,0,-27.02,1906,562,6112
46900,3594.54,0,0,-1,0,-43.68,1906,563,6112
46950,3635.48,0,0,0,0,-30.58,1906,564,6112
47000,3591.95,0,0,0,0,-33.10,1906,564,6112
47050,3632.84,0,0,0,0,-40.89,1906,564,6112
47100,3590.23,0,0,0,0,-41.67,1906,564,6112
47150,3626.69,0,0,0,0,-24.39,1906,564,6112
47200,3581.66,0,0,0,0,34.54,1906,564,6112
47250,3624.94,0,0,0,0,-32.99,1906,564,6112
47300,3591.95,0,0,0,0,-31.14,1906,564,6112
47350,3624.06,0,0,0,0,-31.25,1906,564,6112
47400,3602.31,0,0,0,0,-50.49,1906,564,6112
47450,3642.54,0,0,-1,0,-29.83,1906,565,6112
47500,3615.33,0,0,0,0,28.99,1906,566,6112
47550,3623.19,0,0,0,0,-11.34,1906,566,6112
47600,3591.95,0,0,0,0,-30.27,1906,566,6112
47650,3617.07,0,0,0,0,-25.98,1906,566,6112
47700,3584.23,0,0,0,0,22.41,1906,566,6112
47750,3624.94,0,0,0,0,-32.99,1906,566,6112
47800,3600.58,0,0,0,0,-27.82,1906,566,6112
47850,3644.31,0,0,-1,0,-42.01,1906,567,6112
47900,3604.90,0,0,-1,0,-46.53,1906,568,6112
47950,3632.84,0,0,0,0,-40.89,1906,568,6112
48000,3600.58,0,0,0,0,-26.08,1906,568,6112
48050,3630.20,0,0,0,0,-27.90,1906,568,6112
48100,3591.09,0,0,0,0,-17.35,1906,568,6112
48150,3618.82,0,0,0,0,-37.16,1906,568,6112
48200,3592.81,0,0,0,0,-28.67,1906,568,6112
48250,3632.84,0,0,0,0,-41.75,1906,568,6112
48300,3591.09,0,0,0,0,-34.84,1906,568,6112
48350,3631.96,0,0,0,0,-39.15,1906,568,6112
48400,3764.12,-2074,-2,0,-2079,61738.07,2712,568,8191
48450,3599.71,0,-2,0,0,-212.36,2714,569,8191
48500,3591.95,0,0,0,0,18.48,2714,570,8191
48550,3633.72,0,0,0,0,-43.49,2714,570,8191
48600,3574.83,0,0,0,0,33.54,2714,570,8191
48650,3617.94,0,0,0,0,-33.72,2714,570,8191
48700,3591.09,0,0,0,0,-41.65,2714,570,8191
48750,3632.84,0,0,0,0,-40.89,2714,570,8191
48800,3602.31,0,0,0,0,-34.86,2714,570,8191
48850,3635.48,0,0,0,0,-33.18,2714,570,8191
48900,3591.95,0,0,0,0,-18.31,2714,570,8191
48950,3615.33,0,0,0,0,-23.37,2714,570,8191
49000,3579.95,0,0,0,0,38.87,2714,570,8191
49050,3626.69,0,0,0,0,-45.03,2714,570,8191
49100,3594.54,0,0,-1,0,-41.06,2714,571,8191
49150,3632.84,0,0,0,0,-40.89,2714,571,8191
49200,3591.09,0,0,0,0,-18.21,2714,571,8191
49250,3632.84,0,0,0,0,-40.89,2714,571,8191
49300,3591.95,0,0,0,0,-17.44,2714,571,8191
49350,3608.37,0,0,0,0,-37.37,2714,571,8191
49400,3591.09,0,0,0,0,-42.61,2714,571,8191
49451,3626.69,0,0,0,0,-24.39,2714,571,8191
49501,3602.31,0,0,0,0,-27.80,2714,571,8191
49551,3626.69,0,0,0,0,-24.39,2714,571,8191
49601,3602.31,0,0,0,0,-25.20,2714,571,8191
49651,3624.94,0,0,0,0,-22.63,2714,571,8191
49701,3600.58,0,0,0,0,-26.94,2714,571,8191
49751,3617.94,0,0,0,0,-15.64,2714,571,8191
49801,3601.44,0,0,0,0,-36.58,2714,571,8191
49851,3626.69,0,0,0,0,-26.12,2714,571,8191
49901,3602.31,0,0,0,0,-27.82,2714,571,8191
49951,3643.43,0,0,-1,0,-41.12,2714,572,8191
50001,3581.66,0,0,0,0,33.67,2714,572,8191
50051,3624.06,0,0,0,0,-32.97,2714,572,8191
50101,3543.59,0,0,1,0,15886.46,3098,573,9922
50151,3661.22,0,0,-1,0,-43.27,3100,574,9922
50201,3656.75,0,0,-1,0,18.82,3100,575,9922
50251,3678.27,0,-1,0,0,-31.30,3101,576,9922
50301,3635.48,0,0,0,0,32.90,3101,578,9922
50351,3633.72,0,0,0,0,-9.66,3101,579,9922
50401,3610.98,0,0,0,0,24.50,3101,579,9922
50451,3596.26,0,0,0,0,16.26,3101,579,9922
50501,3590.23,0,0,0,0,-37.16,3101,579,9922
50551,3654.08,0,0,-1,0,-41.36,3101,580,9922
50601,3646.09,0,0,-1,0,18.71,3101,582,9922
50651,3654.97,0,0,-1,0,-19.49,3101,583,9922
50701,3625.82,0,0,0,0,17.61,3101,584,9922
50751,3632.84,0,0,0,0,-17.51,3101,585,9922
50801,3612.72,0,0,0,0,12.22,3101,585,9922
50851,3568.03,0,0,0,0,11.92,3101,585,9922
50902,3568.03,0,0,0,0,32.55,3101,586,9922
50952,3649.63,0,0,-1,0,-57.68,3101,587,9922
51002,3636.36,0,0,0,0,28.43,3101,588,9922
51052,3668.38,0,0,-1,0,-20.52,3102,590,9922
51102,3635.48,0,0,0,0,17.71,3102,592,9922
51152,3643.43,0,0,-1,0,-9.71,3102,594,9922
51202,3587.66,0,0,0,0,0.86,3102,594,9922
51252,3632.84,0,0,0,0,-38.30,3102,594,9922
51302,3615.33,0,0,0,0,36.08,3102,595,9922
51352,3621.44,0,0,0,0,1.75,3102,596,9922
51402,3612.72,0,0,0,0,27.18,3102,596,9922
51452,3657.64,0,0,-1,0,18.83,3102,597,9922
51502,3543.59,0,0,1,0,294.69,3106,598,9944
51552,3631.08,0,0,0,0,132.09,3108,598,9944
51602,3545.26,0,0,1,0,322.71,3113,599,9973
51652,3545.26,0,0,1,0,422.99,3119,600,10010
51702,3537.74,0,0,1,0,432.62,3126,601,10060
51752,3671.97,0,0,0,0,-126.71,3136,602,10124
51802,3585.09,0,0,0,0,23.29,3136,602,10124
51852,3545.26,0,0,1,0,342.76,3142,603,10159
51902,3545.26,0,0,1,0,466.51,3149,604,10200
51952,3643.43,0,0,-1,0,121.63,3158,605,10254
52002,3664.79,0,0,-1,0,-28.43,3158,607,10254
52052,3646.97,0,0,-1,0,17.82,3158,609,10254
52102,3664.79,0,0,-1,0,-27.55,3158,611,10254
52152,3625.82,0,0,0,0,28.26,3158,612,10254
52202,3643.43,0,0,-1,0,-17.61,3158,614,10254
52252,3602.31,0,0,0,0,-17.51,3158,614,10254
52302,3607.50,0,0,0,0,13.73,3158,614,10254
52352,3591.95,0,0,0,0,-37.14,3158,614,10254
52402,3632.84,0,0,0,0,-41.75,3158,614,10254
52452,3610.98,0,0,0,0,16.59,3158,614,10254
52502,3654.08,0,0,-1,0,-17.72,3158,616,10254
52552,3635.48,0,0,0,0,29.31,3158,617,10254
52602,3644.31,0,0,-1,0,-7.95,3158,619,10254
52652,3610.98,0,0,0,0,22.74,3158,619,10254
52702,3634.60,0,0,0,0,-29.70,3158,620,10254
52752,3602.31,0,0,0,0,-35.72,3158,620,10254
52802,3607.50,0,0,0,0,18.93,3158,620,10254
52852,3591.95,0,0,0,0,-42.46,3158,620,10254
52902,3642.54,0,0,-1,0,-16.73,3158,622,10254
52952,3636.36,0,0,0,0,7.07,3158,623,10254
53002,3654.08,0,0,-1,0,-17.72,3158,625,10254
53052,3636.36,0,0,0,0,17.72,3158,626,10254
53102,3643.43,0,0,-1,0,-17.61,3158,628,10254
53152,3625.82,0,0,0,0,17.61,3158,629,10254
53202,3624.94,0,0,0,0,-22.63,3158,629,10254
53252,3612.72,0,0,0,0,22.77,3158,629,10254
53302,3633.72,0,0,0,0,-21.00,3158,629,10254
53352,3584.23,0,0,0,0,16.35,3158,629,10254
53402,3624.94,0,0,0,0,-34.70,3158,629,10254
53452,3600.58,0,0,0,0,-26.08,3158,629,10254
53502,3635.48,0,0,0,0,-33.18,3158,629,10254
53552,3625.82,0,0,0,0,17.61,3158,630,10254
53602,3631.96,0,0,0,0,-6.15,3158,631,10254
53652,3615.33,0,0,0,0,28.99,3158,632,10254
53702,3645.20,0,0,-1,0,-21.14,3158,634,10254
53752,3602.31,0,0,0,0,4.38,3158,634,10254
53803,3622.31,0,0,0,0,-9.60,3158,634,10254
53853,3612.72,0,0,0,0,22.77,3158,634,10254
53903,3635.48,0,0,0,0,-33.18,3158,634,10254
53953,3611.85,0,0,0,0,23.64,3158,634,10254
54003,3643.43,0,0,-1,0,-20.24,3158,635,10254
54053,3610.98,0,0,0,0,21.86,3158,635,10254
54103,3645.20,0,0,-1,0,-32.48,3158,636,10254
54153,3604.90,0,0,-1,0,-38.55,3158,637,10254
54203,3631.96,0,0,0,0,-16.63,3158,638,10254
54253,3612.72,0,0,0,0,13.98,3158,638,10254
54303,3643.43,0,0,-1,0,-20.24,3158,639,10254
54353,3626.69,0,0,0,0,27.39,3158,640,10254
54403,3665.69,0,0,-1,0,-41.63,3158,642,10254
54453,3625.82,0,0,0,0,28.26,3158,643,10254
54503,3664.79,0,0,-1,0,-28.43,3158,645,10254
54553,3625.82,0,0,0,0,28.26,3158,646,10254
54603,3631.96,0,0,0,0,-6.15,3158,647,10254
54653,3602.31,0,0,0,0,-15.78,3158,647,10254
54703,3626.69,0,0,0,0,-24.39,3158,647,10254
54753,3604.90,0,0,-1,0,-36.81,3158,648,10254
54803,3618.82,0,0,0,0,-34.59,3158,648,10254
54853,3604.04,0,0,-1,0,-44.52,3158,649,10254
54903,3643.43,0,0,-1,0,-17.61,3158,651,10254
54953,3610.98,0,0,0,0,19.23,3158,651,10254
55003,3632.84,0,0,0,0,-14.90,3158,651,10254
55053,3612.72,0,0,0,0,22.77,3158,651,10254
55103,3643.43,0,0,-1,0,-21.12,3158,652,10254
55153,3612.72,0,0,0,0,21.88,3158,652,10254
55203,3615.33,0,0,0,0,-15.62,3158,652,10254
55254,3604.90,0,0,-1,0,-50.59,3158,653,10254
55304,3653.19,0,0,-1,0,-45.69,3158,654,10254
55354,3637.25,0,0,0,0,21.29,3158,655,10254
55404,3639.89,0,0,0,0,134.64,3161,655,10254
55454,3545.26,0,0,1,0,349.83,3166,656,10287
55504,3543.59,0,0,1,0,463.89,3173,657,10324
55554,3766.01,0,-2,0,-1,179.29,3182,657,10376
55604,3546.10,0,0,1,0,410.64,3189,658,10416
55654,3544.42,0,0,1,0,482.42,3197,659,10463
55705,3642.54,0,0,-1,0,123.46,3206,660,10519
55755,3654.08,0,0,-1,0,-17.72,3206,662,10519
55805,3636.36,0,0,0,0,7.95,3206,663,10519
55855,3654.97,0,0,-1,0,-30.91,3206,665,10519
55905,3623.19,0,0,0,0,9.65,3206,665,10519
55955,3612.72,0,0,0,0,1.74,3206,666,10519
56005,3603.17,0,0,0,0,-24.22,3206,666,10519
56055,3607.50,0,0,0,0,-8.68,3206,666,10519
56105,3592.81,0,0,0,0,-8.68,3206,666,10519
56155,3643.43,0,0,-1,0,-41.12,3206,667,10519
56205,3625.82,0,0,0,0,28.26,3206,668,10519
56255,3665.69,0,0,-1,0,-39.87,3206,670,10519
56305,3601.44,0,0,0,0,25.40,3206,670,10519
56355,3626.69,0,0,0,0,-26.12,3206,670,10519
56406,3601.44,0,0,0,0,-27.80,3206,670,10519
56456,3618.82,0,0,0,0,-43.13,3206,670,10519
56506,3611.85,0,0,0,0,16.60,3206,670,10519
56556,3654.08,0,0,-1,0,-38.75,3206,672,10519
56606,3636.36,0,0,0,0,7.95,3206,673,10519
56656,3644.31,0,0,-1,0,-7.95,3206,675,10519
56706,3624.06,0,0,0,0,30.02,3206,676,10519
56756,3616.20,0,0,0,0,-24.25,3206,676,10519
56806,3592.81,0,0,0,0,-26.94,3206,676,10519
56856,3635.48,0,0,0,0,-33.18,3206,676,10519
56906,3602.31,0,0,0,0,-28.68,3206,676,10519
56956,3636.36,0,0,0,0,36.51,3206,676,10519
57006,3612.72,0,0,0,0,14.85,3206,676,10519
57056,3643.43,0,0,-1,0,-28.10,3206,678,10519
57106,3624.06,0,0,0,0,20.25,3206,679,10519
57156,3611.85,0,0,0,0,13.97,3206,680,10519
57206,3602.31,0,0,0,0,-32.25,3206,680,10519
57256,3644.31,0,0,-1,0,-41.14,3206,681,10519
57306,3590.23,0,0,0,0,2.61,3206,681,10519
57356,3643.43,0,0,-1,0,-38.53,3206,683,10519
57406,3625.82,0,0,0,0,28.26,3206,684,10519
57456,3632.84,0,0,0,0,-40.89,3206,684,10519
57506,3585.09,0,0,0,0,24.15,3206,684,10519
57556,3641.66,0,0,-1,0,-49.71,3206,685,10519
57606,3615.33,0,0,0,0,28.99,3206,686,10519
57656,3643.43,0,0,-1,0,-28.10,3206,688,10519
57706,3636.36,0,0,0,0,28.43,3206,689,10519
57756,3654.08,0,0,-1,0,-16.83,3206,691,10519
57806,3625.82,0,0,0,0,28.26,3206,692,10519
57856,3644.31,0,0,-1,0,-29.86,3206,694,10519
57906,3573.98,0,0,0,0,18.83,3206,694,10519
57956,3628.45,0,0,0,0,-46.79,3206,694,10519
58006,3611.85,0,0,0,0,20.99,3206,694,10519
58056,3643.43,0,0,-1,0,-30.71,3206,695,10519
58106,3605.77,0,0,-1,0,-36.79,3206,696,10519
58156,3632.84,0,0,0,0,-20.12,3206,696,10519
58206,3622.31,0,0,0,0,13.17,3206,696,10519
58256,3664.79,0,0,-1,0,-28.43,3206,698,10519
58306,3624.06,0,0,0,0,20.25,3206,699,10519
58356,3644.31,0,0,-1,0,-32.47,3206,700,10519
58406,3615.33,0,0,0,0,28.99,3206,701,10519
58456,3626.69,0,0,0,0,-26.12,3206,701,10519
58506,3615.33,0,0,0,0,28.99,3206,702,10519
58556,3621.44,0,0,0,0,-19.13,3206,702,10519
58606,3602.31,0,0,0,0,-20.92,3206,702,10519
58656,3643.43,0,0,-1,0,-32.45,3206,703,10519
58706,3625.82,0,0,0,0,28.26,3206,704,10519
58756,3631.96,0,0,0,0,-6.15,3206,705,10519
58806,3612.72,0,0,0,0,20.12,3206,705,10519
58856,3623.19,0,0,0,0,-7.86,3206,706,10519
58906,3602.31,0,0,0,0,-33.96,3206,706,10519
58956,3637.25,0,0,0,0,-34.94,3206,706,10519
59006,3622.31,0,0,0,0,10.53,3206,706,10519
59056,3654.08,0,0,-1,0,-17.72,3206,708,10519
59106,3625.82,0,0,0,0,28.26,3206,709,10519
59156,3642.54,0,0,-1,0,-18.48,3206,711,10519
59206,3592.81,0,0,0,0,31.57,3206,711,10519
59256,3641.66,0,0,-1,0,-50.57,3206,712,10519
59307,3591.95,0,0,0,0,-20.04,3206,712,10519
59357,3608.37,0,0,0,0,20.55,3206,712,10519
59407,3602.31,0,0,0,0,-40.97,3206,712,10519
59457,3644.31,0,0,-1,0,-35.08,3206,713,10519
59507,3625.82,0,0,0,0,28.26,3206,714,10519
59557,3639.01,0,0,0,0,41.07,3207,714,10519
59607,3608.37,0,-2,0,0,-297.02,3210,714,10519
59657,3632.84,0,0,0,0,-36.58,3210,714,10519
59707,3615.33,0,0,0,0,52.15,3210,715,10519
59757,3646.97,0,0,-1,0,93.68,3212,716,10522
59807,3545.26,0,0,1,0,331.71,3217,717,10551
59857,3544.42,0,0,1,0,503.07,3224,718,10594
59907,3546.10,0,0,1,0,674.50,3235,719,10668
59957,3544.42,0,0,1,0,506.35,3243,720,10717
60007,3545.26,0,0,1,0,400.03,3251,721,10774
60057,3544.42,0,0,1,0,585.53,3260,722,10829
60107,3664.79,0,0,-1,0,100.27,3270,723,10891
60157,3616.20,0,0,0,0,28.11,3270,724,10891
60207,3623.19,0,0,0,0,7.89,3270,724,10891
60257,3632.84,0,0,0,0,133.16,3280,724,10959
60307,3643.43,0,0,-1,0,-28.97,3280,726,10959
60357,3601.44,0,0,0,0,-5.24,3280,726,10959
60407,3622.31,0,0,0,0,-6.98,3280,727,10959
60457,3591.95,0,0,0,0,-12.18,3280,727,10959
60507,3643.43,0,0,-1,0,-41.99,3280,728,10959
60557,3603.17,0,0,0,0,-27.80,3280,728,10959
60607,3654.08,0,0,-1,0,-41.36,3280,729,10959
60657,3636.36,0,0,0,0,17.72,3280,730,10959
60707,3643.43,0,0,-1,0,-17.61,3280,732,10959
60758,3625.82,0,0,0,0,29.16,3280,733,10959
60808,3643.43,0,0,-1,0,-30.71,3280,734,10959
60858,3615.33,0,0,0,0,28.10,3280,735,10959
60908,3624.06,0,0,0,0,-32.97,3280,735,10959
60958,3611.85,0,0,0,0,20.11,3280,735,10959
61008,3633.72,0,0,0,0,-7.91,3280,736,10959
61058,3623.19,0,0,0,0,8.77,3280,736,10959
61108,3654.97,0,0,-1,0,-29.16,3280,738,10959
61158,3625.82,0,0,0,0,27.37,3280,739,10959
61208,3643.43,0,0,-1,0,-17.61,3280,741,10959
61258,3604.90,0,0,-1,0,-28.10,3280,742,10959
61308,3631.96,0,0,0,0,-19.24,3280,742,10959
61358,3536.90,0,0,1,0,45.62,3280,743,10959
61408,3624.94,0,0,0,0,-33.85,3280,743,10959
61458,3610.98,0,0,0,0,24.50,3280,743,10959
61508,3626.69,0,0,0,0,-23.52,3280,743,10959
61558,3615.33,0,0,0,0,26.33,3280,744,10959
61608,3642.54,0,0,-1,0,-16.73,3280,746,10959
61658,3602.31,0,0,0,0,-12.18,3280,746,10959
61708,3635.48,0,0,0,0,-33.18,3280,746,10959
61758,3623.19,0,0,0,0,8.77,3280,746,10959
61808,3664.79,0,0,-1,0,-49.46,3280,748,10959
61858,3645.20,0,0,-1,0,19.59,3280,750,10959
61908,3643.43,0,0,-1,0,-17.61,3280,752,10959
61958,3610.98,0,0,0,0,22.74,3280,752,10959
62008,3644.31,0,0,-1,0,-18.50,3280,754,10959
62058,3591.95,0,0,0,0,-15.77,3280,754,10959
62108,3608.37,0,0,0,0,25.87,3280,754,10959
62158,3592.81,0,0,0,0,-24.22,3280,754,10959
62208,3626.69,0,0,0,0,-25.25,3280,754,10959
62258,3615.33,0,0,0,0,26.33,3280,755,10959
62308,3664.79,0,0,-1,0,-38.98,3280,757,10959
62358,3625.82,0,0,0,0,28.26,3280,758,10959
62408,3643.43,0,0,-1,0,-20.24,3280,759,10959
62458,3616.20,0,0,0,0,37.88,3280,760,10959
62508,3623.19,0,0,0,0,-7.86,3280,761,10959
62558,3612.72,0,0,0,0,18.37,3280,761,10959
62608,3634.60,0,0,0,0,25.72,3280,762,10959
62658,3602.31,0,0,0,0,-33.16,3280,762,10959
62708,3634.60,0,0,0,0,-33.16,3280,762,10959
62758,3591.95,0,0,0,0,-20.80,3280,762,10959
62808,3626.69,0,0,0,0,-25.25,3280,762,10959
62858,3613.59,0,0,0,0,28.07,3280,763,10959
62908,3654.97,0,0,-1,0,-29.16,3280,765,10959
62958,3636.36,0,0,0,0,39.21,3280,765,10959
63008,3601.44,0,0,0,0,-2.65,3280,765,10959
63058,3573.98,0,0,0,0,23.14,3280,765,10959
63108,3608.37,0,0,0,0,20.67,3280,765,10959
63158,3567.18,0,0,0,0,41.19,3280,765,10959
63208,3608.37,0,0,0,0,55.58,3280,765,10959
63258,3602.31,0,0,0,0,-39.07,3280,765,10959
63308,3644.31,0,0,-1,0,-42.01,3280,766,10959
63358,3610.98,0,0,0,0,12.21,3280,766,10959
63408,3589.38,0,0,0,0,5.16,3280,766,10959
63458,3577.39,0,0,0,0,10.27,3280,767,10959
63508,3618.82,0,0,0,0,-45.69,3280,767,10959
63558,3612.72,0,0,0,0,18.37,3280,767,10959
63608,3664.79,0,0,-1,0,-28.43,3280,769,10959
63659,3624.94,0,0,0,0,29.14,3280,770,10959
63709,3632.84,0,0,0,0,-40.89,3280,770,10959
63759,3576.54,0,0,0,0,30.97,3280,770,10959
63809,3586.80,0,0,0,0,-18.77,3280,770,10959
63859,3565.49,0,0,0,0,30.77,3280,770,10959
63909,3661.22,0,0,-1,0,-60.64,3280,771,10959
63959,3625.82,0,0,0,0,29.16,3280,772,10959
64009,3593.67,0,0,-1,0,-24.71,3280,773,10959
64059,3576.54,0,0,0,0,31.83,3280,773,10959
64109,3633.72,0,0,0,0,-41.77,3280,773,10959
64159,3615.33,0,0,0,0,36.97,3280,774,10959
64209,3654.08,0,0,-1,0,-28.26,3280,776,10959
64259,3602.31,0,0,0,0,-2.64,3280,776,10959
64309,3576.54,0,0,0,0,-12.75,3280,776,10959
64359,3517.82,0,1,0,0,21.58,3281,778,10959
64409,3620.56,0,0,0,0,-63.53,3281,779,10959
64459,3615.33,0,0,0,0,26.33,3281,780,10959
64509,3675.57,0,0,0,0,-39.21,3281,781,10959
64559,3645.20,0,0,-1,0,23.18,3281,784,10959
64609,3584.23,0,0,0,0,18.94,3281,784,10959
64659,3555.34,0,0,1,0,34.03,3281,786,10959
64709,3618.82,0,0,0,0,-29.44,3281,786,10959
64759,3600.58,0,0,0,0,-18.21,3281,786,10959
64809,3622.31,0,0,0,0,-9.60,3281,786,10959
64859,3623.19,0,0,0,0,9.65,3281,786,10959
64909,3609.24,0,0,0,0,1.75,3281,786,10959
64959,3592.81,0,0,0,0,1.75,3281,786,10959
65009,3618.82,0,0,0,0,-36.30,3281,786,10959
65059,3557.03,0,0,1,0,8.46,3281,787,10959
65110,3628.45,0,0,0,0,-46.79,3281,787,10959
65160,3615.33,0,0,0,0,28.10,3281,788,10959
65210,3664.79,0,0,-1,0,-29.31,3281,789,10959
65260,3624.94,0,0,0,0,29.14,3281,790,10959
65310,3611.85,0,0,0,0,2.61,3281,791,10959
65360,3585.09,0,0,0,0,23.29,3281,791,10959
65410,3609.24,0,0,0,0,34.54,3281,791,10959
65460,3584.23,0,0,0,0,23.27,3281,791,10959
65510,3626.69,0,0,0,0,-24.39,3281,791,10959
65560,3591.95,0,0,0,0,-29.54,3281,791,10959
65610,3626.69,0,0,0,0,-26.12,3281,791,10959
65660,3584.23,0,0,0,0,25.01,3281,791,10959
65710,3617.94,0,0,0,0,-34.57,3281,791,10959
65760,3591.95,0,0,0,0,-26.94,3281,791,10959
65810,3629.32,0,0,0,0,-27.02,3281,791,10959
65860,3615.33,0,0,0,0,28.99,3281,792,10959
65910,3633.72,0,0,0,0,-21.87,3281,792,10959
65960,3613.59,0,0,0,0,30.73,3281,793,10959
66010,3595.40,0,0,0,0,25.73,3281,793,10959
66060,3583.37,0,0,0,0,25.00,3281,793,10959
66110,3608.37,0,0,0,0,-35.44,3281,793,10959
66160,3601.44,0,0,0,0,-30.29,3281,793,10959
66210,3639.01,0,0,0,0,-36.70,3281,793,10959
66260,3611.85,0,0,0,0,21.87,3281,793,10959
66310,3654.97,0,0,-1,0,-43.99,3281,794,10959
66360,3636.36,0,0,0,0,17.72,3281,795,10959
66410,3664.79,0,0,-1,0,-28.43,3281,797,10959
66460,3624.94,0,0,0,0,39.85,3281,798,10959
66510,3623.19,0,0,0,0,-31.23,3281,798,10959
66560,3601.44,0,0,0,0,-36.58,3281,798,10959
66610,3631.08,0,0,0,0,-28.78,3281,798,10959
66660,3615.33,0,0,0,0,26.33,3281,799,10959
66710,3643.43,0,0,-1,0,-28.10,3281,801,10959
66760,3612.72,0,0,0,0,20.12,3281,801,10959
66810,3643.43,0,0,-1,0,-31.58,3281,802,10959
66860,3600.58,0,0,0,0,-15.77,3281,802,10959
66910,3617.94,0,0,0,0,-15.64,3281,802,10959
66960,3602.31,0,0,0,0,-37.44,3281,802,10959
67010,3562.10,0,0,0,0,48.88,3281,802,10959
67060,3625.82,0,0,0,0,30.94,3282,803,10959
67110,3644.31,0,0,-1,0,-20.25,3282,805,10959
67160,3615.33,0,0,0,0,41.42,3282,806,10959
67210,3626.69,0,0,0,0,-24.39,3282,806,10959
67260,3602.31,0,0,0,0,-34.84,3282,806,10959
67310,3642.54,0,0,-1,0,-34.17,3282,807,10959
67360,3625.82,0,0,0,0,15.84,3282,808,10959
67410,3654.08,0,0,-1,0,-39.62,3282,810,10959
67460,3602.31,0,0,0,0,-8.77,3282,810,10959
67510,3624.06,0,0,0,0,-24.35,3282,810,10959
67560,3592.81,0,0,0,0,-29.53,3282,810,10959
67610,3634.60,0,0,0,0,-33.16,3282,810,10959
67660,3610.98,0,0,0,0,25.39,3282,810,10959
67710,3643.43,0,0,-1,0,-21.12,3282,811,10959
67760,3632.84,0,0,0,0,88.32,3283,812,10961
67810,3643.43,0,0,-1,0,-15.86,3283,814,10961
67860,3617.94,0,0,0,0,79.37,3284,814,10961
67910,3628.45,0,0,0,0,135.67,3287,814,10961
67960,3543.59,0,0,1,0,300.60,3292,815,10987
68011,3543.59,0,0,1,0,324.39,3297,816,11013
68061,3545.26,0,0,1,0,349.83,3302,817,11045
68111,3546.10,0,0,1,0,409.60,3308,818,11081
68162,3725.78,-3,-1,0,-3,-181.36,3318,819,11147
68212,3623.19,0,0,0,0,10.53,3318,819,11147
68262,3632.84,0,0,0,0,-18.38,3318,820,11147
68312,3615.33,0,0,0,0,28.10,3318,821,11147
68362,3601.44,0,0,0,0,25.45,3318,822,11147
68412,3585.09,0,0,0,0,23.29,3318,822,11147
68462,3635.48,0,0,0,0,-32.31,3318,822,11147
68512,3602.31,0,0,0,0,-21.80,3318,822,11147
68562,3643.43,0,0,-1,0,-41.12,3318,823,11147
68612,3617.07,0,0,0,0,27.24,3318,824,11147
68662,3642.54,0,0,-1,0,-27.22,3318,826,11147
68712,3615.33,0,0,0,0,28.10,3318,827,11147
68762,3643.43,0,0,-1,0,-18.49,3318,829,11147
68812,3615.33,0,0,0,0,28.10,3318,830,11147
68862,3641.66,0,0,-1,0,-49.71,3318,831,11147
68912,3605.77,0,0,-1,0,-37.66,3318,832,11147
68962,3610.98,0,0,0,0,4.35,3318,833,11147
69012,3591.95,0,0,0,0,-41.75,3318,833,11147
69062,3643.43,0,0,-1,0,-41.12,3318,834,11147
69112,3602.31,0,0,0,0,-20.05,3318,834,11147
69163,3635.48,0,0,0,0,-34.04,3318,834,11147
69213,3611.85,0,0,0,0,11.34,3318,834,11147
69263,3644.31,0,0,-1,0,-31.60,3318,835,11147
69313,3624.06,0,0,0,0,19.37,3318,836,11147
69363,3635.48,0,0,0,0,-33.18,3318,836,11147
69413,3612.72,0,0,0,0,21.88,3318,836,11147
69463,3591.09,0,0,0,0,-7.85,3318,836,11147
69513,3591.09,0,0,0,0,-39.72,3318,836,11147
69563,3626.69,0,0,0,0,-25.25,3318,836,11147
69613,3611.85,0,0,0,0,20.11,3318,836,11147
69663,3654.08,0,0,-1,0,-38.75,3318,838,11147
69713,3615.33,0,0,0,0,28.99,3318,839,11147
69763,3644.31,0,0,-1,0,-18.50,3318,841,11147
69813,3615.33,0,0,0,0,27.22,3318,842,11147
69863,3630.20,0,0,0,0,72.59,3319,842,11147
69913,3611.85,0,0,0,0,21.87,3319,842,11147
69963,3610.98,0,0,0,0,4.35,3319,843,11147
70013,3590.23,0,0,0,0,-33.85,3319,843,11147
70063,3635.48,0,0,0,0,-33.18,3319,843,11147
70113,3602.31,0,0,0,0,-13.04,3319,843,11147
70163,3652.30,0,0,-1,0,-49.13,3319,844,11147
70213,3636.36,0,0,0,0,18.61,3319,845,11147
70263,3612.72,0,0,0,0,13.98,3319,846,11147
70313,3527.75,0,0,0,0,28.44,3319,847,11147
70363,3454.63,0,1,0,0,17.59,3322,847,11147
70413,3363.98,1,3,0,0,44.33,3329,847,11147
70463,3314.92,0,3,0,2,41.54,3335,847,11149
70513,3250.98,0,4,0,0,10.60,3346,847,11151
70563,3158.56,3,5,0,2,44.52,3361,847,11155
70614,3104.30,0,6,0,2,41.01,3372,847,11157
70664,3048.16,0,7,0,0,13.06,3392,847,11158
70714,2998.80,0,7,0,0,4.80,3406,847,11160
70764,2901.35,5,9,0,2,44.44,3431,847,11164
70814,2856.05,0,9,0,1,41.94,3449,847,11165
70865,2796.94,9,10,0,0,2.09,3478,847,11167
70915,2749.27,4,11,0,0,1.01,3500,847,11169
70965,2695.90,0,11,0,0,1.94,3522,847,11171
71015,2645.04,0,12,0,0,8.42,3546,847,11172
71065,2596.50,0,13,0,0,7.66,3571,847,11173
71115,2549.29,0,13,0,0,0.00,3597,847,11175
71165,2463.46,22,14,0,10,244.12,3638,847,11211
71215,2412.35,15,15,0,1,28.66,3668,847,11212
71265,2349.62,16,16,0,1,48.46,3699,847,11213
71315,2349.26,0,16,0,0,0.37,3715,847,11213
71365,2401.15,0,15,0,-7,-191.04,3748,847,11224
71415,2251.91,0,17,0,0,1.35,3782,847,11229
71465,2201.03,2,18,0,0,4.53,3818,847,11230
71515,2151.46,9,18,0,0,6.19,3854,847,11231
71565,2101.43,17,19,0,0,5.02,3892,847,11232
71615,2059.03,0,20,0,1,42.40,3912,847,11233
71665,2010.72,7,20,0,1,42.66,3952,847,11234
71715,1960.53,18,21,0,1,43.21,3993,847,11235
71766,1957.20,0,21,0,0,3.33,4014,847,11235
71816,1907.67,12,22,0,0,4.86,4057,847,11236
71866,1861.97,0,22,0,1,45.70,4079,847,11237
71916,1814.00,11,23,0,1,45.65,4124,847,11238
71966,1811.81,0,23,0,0,2.19,4147,847,11238
72016,1763.88,11,23,0,0,1.66,4193,847,11239
72066,1717.03,0,24,0,1,46.84,4217,847,11240
72116,1667.59,21,25,0,1,45.71,4266,847,11241
72166,1665.56,6,25,0,0,2.04,4291,847,11241
72216,1618.47,0,25,0,1,47.08,4316,847,11242
72266,1567.40,20,26,0,1,51.07,4367,847,11243
72316,1568.71,7,26,0,0,-1.31,4393,847,11243
72366,1517.76,0,27,0,1,50.95,4420,847,11244
72416,1519.14,0,27,0,0,-1.38,4447,847,11244
72466,1469.15,20,27,0,0,-1.44,4501,847,11245
72516,1416.97,14,28,0,1,52.18,4529,847,11246
72566,1419.65,5,28,0,0,-2.68,4557,847,11246
72616,1364.88,1,29,0,1,54.77,4586,847,11247
72666,1367.37,0,29,0,0,-2.49,4615,847,11247
72716,1313.72,0,29,0,1,53.65,4644,847,11248
72766,1315.44,0,29,0,0,-1.73,4673,847,11248
72816,1262.09,0,30,0,1,53.35,4703,847,11249
72866,1254.60,0,30,0,0,7.49,4733,847,11249
72916,1198.85,0,31,0,1,55.75,4764,847,11250
72966,1195.79,0,31,0,0,3.06,4795,847,11250
73016,1180.64,0,31,0,0,15.15,4826,847,11250
73066,1155.71,0,31,0,0,24.92,4857,847,11250
73116,1098.98,0,32,0,1,56.73,4889,847,11251
73166,1100.43,0,32,0,0,-1.45,4921,847,11251
73216,1048.29,5,33,0,0,52.14,4954,847,11251
73266,1038.42,13,33,0,0,9.87,4987,847,11251
73316,973.65,26,34,0,1,64.77,5021,847,11252
73366,973.65,0,34,0,1,64.77,5021,847,11252
73416,977.39,0,34,0,0,-3.74,5055,847,11252
73466,917.21,2,34,0,0,60.18,5089,847,11252
73516,913.08,18,34,0,0,4.13,5123,847,11252
73566,913.08,0,34,0,0,4.13,5123,847,11252
73616,852.03,0,35,0,0,61.04,5158,847,11252
73666,843.12,11,35,0,0,8.91,5193,847,11252
73716,843.12,0,35,0,0,8.91,5193,847,11252
73766,782.02,0,36,0,0,61.10,5229,847,11252
73816,764.29,17,36,0,0,17.73,5265,847,11252
73866,764.29,0,36,0,0,17.73,5265,847,11252
73916,699.82,4,37,0,0,64.47,5302,847,11252
73966,699.82,0,37,0,0,64.47,5302,847,11252
74016,676.13,0,38,0,0,23.69,5340,847,11252
74066,676.13,0,38,0,0,23.69,5340,847,11252
74116,604.67,0,38,0,0,71.46,5378,847,11252
74166,604.67,0,38,0,0,71.46,5378,847,11252
74216,575.22,0,39,0,0,29.45,5417,847,11252
74266,575.22,0,39,0,0,29.45,5417,847,11252
74316,490.76,21,40,0,0,84.46,5457,847,11252
74366,490.76,0,40,0,0,84.46,5457,847,11252
74416,490.76,0,40,0,0,84.46,5457,847,11252
74466,445.37,7,41,0,0,45.39,5498,847,11252
74516,445.37,0,41,0,0,45.39,5498,847,11252
74566,445.37,0,41,0,0,45.39,5498,847,11252
74616,330.80,39,42,0,0,114.56,5540,847,11252
74667,330.80,0,42,0,0,114.56,5540,847,11252
74717,330.80,0,42,0,0,114.56,5540,847,11252
74767,330.80,0,42,0,0,114.56,5540,847,11252
75952,44.86,0,42,0,0,114.56,5540,847,11252
76002,44.86,0,42,0,0,114.56,5540,847,11252
76052,44.86,0,42,0,0,114.56,5540,847,11252
76102,44.86,0,42,0,0,114.56,5540,847,11252
76152,44.86,0,42,0,0,114.56,5540,847,11252
76203,0.00,0,42,0,0,114.56,5540,847,11252
76253,0.00,0,42,0,0,114.56,5540,847,11252
76303,0.00,0,42,0,0,114.56,5540,847,11252
76353,0.00,0,42,0,0,114.56,5540,847,11252
76403,0.00,0,42,0,0,114.56,5540,847,11252
76453,0.00,0,42,0,0,114.56,5540,847,11252
76503,0.00,0,42,0,0,114.56,5540,847,11252
76553,0.00,0,42,0,0,114.56,5540,847,11252
76603,0.00,0,42,0,0,114.56,5540,847,11252
76653,0.00,0,42,0,0,114.56,5540,847,11252
76703,0.00,0,42,0,0,114.56,5540,847,11252
76753,0.00,0,42,0,0,114.56,5540,847,11252
76803,0.00,0,42,0,0,114.56,5540,847,11252
76853,0.00,0,42,0,0,114.56,5540,847,11252
76903,0.00,0,42,0,0,114.56,5540,847,11252
76953,0.00,0,42,0,0,114.56,5540,847,11252
77003,0.00,0,42,0,0,114.56,5540,847,11252
77053,0.00,0,42,0,0,114.56,5540,847,11252
77103,0.00,0,42,0,0,114.56,5540,847,11252
77153,0.00,0,42,0,0,114.56,5540,847,11252
77203,0.00,0,42,0,0,114.56,5540,847,11252
77253,0.00,0,42,0,0,114.56,5540,847,11252
77303,0.00,0,42,0,0,114.56,5540,847,11252
77353,0.00,0,42,0,0,114.56,5540,847,11252
77403,0.00,0,42,0,0,114.56,5540,847,11252
77453,0.00,0,42,0,0,114.56,5540,847,11252
77503,0.00,0,42,0,0,114.56,5540,847,11252
77553,0.00,0,42,0,0,114.56,5540,847,11252
77603,0.00,0,42,0,0,114.56,5540,847,11252
77654,0.00,0,42,0,0,114.56,5540,847,11252
77704,0.00,0,42,0,0,114.56,5540,847,11252
77754,0.00,0,42,0,0,114.56,5540,847,11252
77804,0.00,0,42,0,0,114.56,5540,847,11252
77854,0.00,0,42,0,0,114.56,5540,847,11252
77904,0.00,0,42,0,0,114.56,5540,847,11252
77954,0.00,0,42,0,0,114.56,5540,847,11252
78004,0.00,0,42,0,0,114.56,5540,847,11252
78054,0.00,0,42,0,0,114.56,5540,847,11252
78104,0.00,0,42,0,0,114.56,5540,847,11252
78154,0.00,0,42,0,0,114.56,5540,847,11252
78204,0.00,0,42,0,0,114.56,5540,847,11252
78254,0.00,0,42,0,0,114.56,5540,847,11252
78304,0.00,0,42,0,0,114.56,5540,847,11252
78354,0.00,0,42,0,0,114.56,5540,847,11252
78404,0.00,0,42,0,0,114.56,5540,847,11252
78454,0.00,0,42,0,0,114.56,5540,847,11252
78504,0.00,0,42,0,0,114.56,5540,847,11252
78554,0.00,0,42,0,0,114.56,5540,847,11252
78604,0.00,0,42,0,0,114.56,5540,847,11252
78654,0.00,0,42,0,0,114.56,5540,847,11252
78704,0.00,0,42,0,0,114.56,5540,847,11252
78754,0.00,0,42,0,0,114.56,5540,847,11252
78804,0.00,0,42,0,0,114.56,5540,847,11252
78854,0.00,0,42,0,0,114.56,5540,847,11252
78904,0.00,0,42,0,0,114.56,5540,847,11252
78954,0.00,0,42,0,0,114.56,5540,847,11252
79004,0.00,0,42,0,0,114.56,5540,847,11252
79054,0.00,0,42,0,0,114.56,5540,847,11252
79104,0.00,0,42,0,0,114.56,5540,847,11252
79154,0.00,0,42,0,0,114.56,5540,847,11252
79204,0.00,0,42,0,0,114.56,5540,847,11252
79254,0.00,0,42,0,0,114.56,5540,847,11252
79304,0.00,0,42,0,0,114.56,5540,847,11252
79354,0.00,0,42,0,0,114.56,5540,847,11252
79404,0.00,0,42,0,0,114.56,5540,847,11252
79454,0.00,0,42,0,0,114.56,5540,847,11252
79504,0.00,0,42,0,0,114.56,5540,847,11252
79554,0.00,0,42,0,0,114.56,5540,847,11252
79604,0.00,0,42,0,0,114.56,5540,847,11252
79654,0.00,0,42,0,0,114.56,5540,847,11252
79704,0.00,0,42,0,0,114.56,5540,847,11252
79754,0.00,0,42,0,0,114.56,5540,847,11252
79804,0.00,0,42,0,0,114.56,5540,847,11252
79854,0.00,0,42,0,0,114.56,5540,847,11252
79904,0.00,0,42,0,0,114.56,5540,847,11252
79954,0.00,0,42,0,0,114.56,5540,847,11252
80004,0.00,0,42,0,0,114.56,5540,847,11252
80054,0.00,0,42,0,0,114.56,5540,847,11252
80104,0.00,0,42,0,0,114.56,5540,847,11252
80154,0.00,0,42,0,0,114.56,5540,847,11252
80204,0.00,0,42,0,0,114.56,5540,847,11252
80254,0.00,0,42,0,0,114.56,5540,847,11252
80304,0.00,0,42,0,0,114.56,5540,847,11252
80354,0.00,0,42,0,0,114.56,5540,847,11252
80404,0.00,0,42,0,0,114.56,5540,847,11252
80454,0.00,0,42,0,0,114.56,5540,847,11252
80504,0.00,0,42,0,0,114.56,5540,847,11252
80555,0.00,0,42,0,0,114.56,5540,847,11252
80605,0.00,0,42,0,0,114.56,5540,847,11252
80655,0.00,0,42,0,0,114.56,5540,847,11252
80705,0.00,0,42,0,0,114.56,5540,847,11252
80755,0.00,0,42,0,0,114.56,5540,847,11252
80805,0.00,0,42,0,0,114.56,5540,847,11252
80855,0.00,0,42,0,0,114.56,5540,847,11252
80905,0.00,0,42,0,0,114.56,5540,847,11252
