Microcontroller Governor - Constant Load(1500 W)
Trial: 8
Date: 4-5-2023
Time: 3:23 PM
Ambient Temp: 82
Head Temp: 223.1

------ Microcontroller Engine Governor - Version: 1.16 ------
-------------------------------------------------------------
PID Gains:  Kp: 0.013  KpAlt: 0.025  Kd: 0.100  KdAlt: 4.000
-------------------------------------------------------------
Set RPM:             3600    |  Min RPM:                 300
                             |
RPM Precision:       20      |  PID Kp Alt Range:        70
                             |
Start Steps:         850     |  Max Steps:               1200
                             |
RPM Calc Interval:   1       |  Num Magnets:             1
                             |
LCD Update Interval: 400     |  Serial Update Interval:  50
-------------------------------------------------------------

Time,RPM,Steps Remaining, PID p, PID p Alt, PID d, RPM Change, P Cmd, P Alt Cmd, D Cmd
1733,0.00,0,0,0,0,0.00,0,0,0
1783,0.00,0,0,0,0,0.00,0,0,0
1833,0.00,0,0,0,0,0.00,0,0,0
1883,0.00,0,0,0,0,0.00,0,0,0
1933,0.00,0,0,0,0,0.00,0,0,0
1983,0.00,0,0,0,0,0.00,0,0,0
2033,0.00,0,0,0,0,0.00,0,0,0
2083,0.00,0,0,0,0,0.00,0,0,0
2134,0.00,0,0,0,0,0.00,0,0,0
2184,0.00,0,0,0,0,0.00,0,0,0
2234,0.00,0,0,0,0,0.00,0,0,0
2284,0.00,0,0,0,0,0.00,0,0,0
2334,0.00,0,0,0,0,0.00,0,0,0
2384,0.00,0,0,0,0,0.00,0,0,0
2434,0.00,0,0,0,0,0.00,0,0,0
2484,0.00,0,0,0,0,0.00,0,0,0
2534,0.00,0,0,0,0,0.00,0,0,0
2584,0.00,0,0,0,0,0.00,0,0,0
2634,0.00,0,0,0,0,0.00,0,0,0
2684,0.00,0,0,0,0,0.00,0,0,0
2734,0.00,0,0,0,0,0.00,0,0,0
2784,0.00,0,0,0,0,0.00,0,0,0
2834,0.00,0,0,0,0,0.00,0,0,0
2884,0.00,0,0,0,0,0.00,0,0,0
2934,0.00,0,0,0,0,0.00,0,0,0
2984,0.00,0,0,0,0,0.00,0,0,0
3034,0.00,0,0,0,0,0.00,0,0,0
3084,0.00,0,0,0,0,0.00,0,0,0
3134,0.00,0,0,0,0,0.00,0,0,0
3184,0.00,0,0,0,0,0.00,0,0,0
3234,0.00,0,0,0,0,0.00,0,0,0
3284,0.00,0,0,0,0,0.00,0,0,0
3334,0.00,0,0,0,0,0.00,0,0,0
3384,0.00,0,0,0,0,0.00,0,0,0
3434,0.00,0,0,0,0,0.00,0,0,0
3484,0.00,0,0,0,0,0.00,0,0,0
3534,0.00,0,0,0,0,0.00,0,0,0
3584,0.00,0,0,0,0,0.00,0,0,0
3634,0.00,0,0,0,0,0.00,0,0,0
3684,0.00,0,0,0,0,0.00,0,0,0
3734,0.00,0,0,0,0,0.00,0,0,0
3784,0.00,0,0,0,0,0.00,0,0,0
3834,0.00,0,0,0,0,0.00,0,0,0
3884,0.00,0,0,0,0,0.00,0,0,0
3934,0.00,0,0,0,0,0.00,0,0,0
3984,0.00,0,0,0,0,0.00,0,0,0
4034,0.00,0,0,0,0,0.00,0,0,0
4084,0.00,0,0,0,0,0.00,0,0,0
4134,0.00,0,0,0,0,0.00,0,0,0
4184,0.00,0,0,0,0,0.00,0,0,0
4234,0.00,0,0,0,0,0.00,0,0,0
4284,0.00,0,0,0,0,0.00,0,0,0
4334,0.00,0,0,0,0,0.00,0,0,0
4384,0.00,0,0,0,0,0.00,0,0,0
4434,0.00,0,0,0,0,0.00,0,0,0
4484,0.00,0,0,0,0,0.00,0,0,0
4534,0.00,0,0,0,0,0.00,0,0,0
4584,0.00,0,0,0,0,0.00,0,0,0
4634,0.00,0,0,0,0,0.00,0,0,0
4684,0.00,0,0,0,0,0.00,0,0,0
4734,0.00,0,0,0,0,0.00,0,0,0
4784,0.00,0,0,0,0,0.00,0,0,0
4834,0.00,0,0,0,0,0.00,0,0,0
4884,0.00,0,0,0,0,0.00,0,0,0
4934,0.00,0,0,0,0,0.00,0,0,0
4984,0.00,0,0,0,0,0.00,0,0,0
5035,0.00,0,0,0,0,0.00,0,0,0
5085,0.00,0,0,0,0,0.00,0,0,0
5135,0.00,0,0,0,0,0.00,0,0,0
5185,0.00,0,0,0,0,0.00,0,0,0
5235,0.00,0,0,0,0,0.00,0,0,0
5285,0.00,0,0,0,0,0.00,0,0,0
5335,0.00,0,0,0,0,0.00,0,0,0
5385,0.00,0,0,0,0,0.00,0,0,0
5435,0.00,0,0,0,0,0.00,0,0,0
5485,0.00,0,0,0,0,0.00,0,0,0
5535,0.00,0,0,0,0,0.00,0,0,0
5585,0.00,0,0,0,0,0.00,0,0,0
5635,0.00,0,0,0,0,0.00,0,0,0
5685,0.00,0,0,0,0,0.00,0,0,0
5735,0.00,0,0,0,0,0.00,0,0,0
5785,0.00,0,0,0,0,0.00,0,0,0
5835,0.00,0,0,0,0,0.00,0,0,0
5885,0.00,0,0,0,0,0.00,0,0,0
5935,0.00,0,0,0,0,0.00,0,0,0
5985,0.00,0,0,0,0,0.00,0,0,0
6035,0.00,0,0,0,0,0.00,0,0,0
6085,0.00,0,0,0,0,0.00,0,0,0
6135,0.00,0,0,0,0,0.00,0,0,0
6185,0.00,0,0,0,0,0.00,0,0,0
6235,0.00,0,0,0,0,0.00,0,0,0
6285,0.00,0,0,0,0,0.00,0,0,0
6335,0.00,0,0,0,0,0.00,0,0,0
6385,0.00,0,0,0,0,0.00,0,0,0
6435,0.00,0,0,0,0,0.00,0,0,0
6486,0.00,0,0,0,0,0.00,0,0,0
6536,0.00,0,0,0,0,0.00,0,0,0
6586,0.00,0,0,0,0,0.00,0,0,0
6636,0.00,0,0,0,0,0.00,0,0,0
6686,0.00,0,0,0,0,0.00,0,0,0
6736,0.00,0,0,0,0,0.00,0,0,0
6786,0.00,0,0,0,0,0.00,0,0,0
6836,0.00,0,0,0,0,0.00,0,0,0
6886,0.00,0,0,0,0,0.00,0,0,0
6936,0.00,0,0,0,0,0.00,0,0,0
6986,0.00,0,0,0,0,0.00,0,0,0
7036,0.00,0,0,0,0,0.00,0,0,0
7086,0.00,0,0,0,0,0.00,0,0,0
7136,0.00,0,0,0,0,0.00,0,0,0
7186,0.00,0,0,0,0,0.00,0,0,0
7236,0.00,0,0,0,0,0.00,0,0,0
7286,0.00,0,0,0,0,0.00,0,0,0
7336,0.00,0,0,0,0,0.00,0,0,0
7386,0.00,0,0,0,0,0.00,0,0,0
7436,0.00,0,0,0,0,0.00,0,0,0
7486,0.00,0,0,0,0,0.00,0,0,0
7536,0.00,0,0,0,0,0.00,0,0,0
7586,0.00,0,0,0,0,0.00,0,0,0
7636,0.00,0,0,0,0,0.00,0,0,0
7686,0.00,0,0,0,0,0.00,0,0,0
7736,0.00,0,0,0,0,0.00,0,0,0
7786,0.00,0,0,0,0,0.00,0,0,0
7836,0.00,0,0,0,0,0.00,0,0,0
7886,0.00,0,0,0,0,0.00,0,0,0
7936,0.00,0,0,0,0,0.00,0,0,0
7986,0.00,0,0,0,0,0.00,0,0,0
8036,0.00,0,0,0,0,0.00,0,0,0
8086,0.00,0,0,0,0,0.00,0,0,0
8136,0.00,0,0,0,0,0.00,0,0,0
8186,0.00,0,0,0,0,0.00,0,0,0
8236,0.00,0,0,0,0,0.00,0,0,0
8286,0.00,0,0,0,0,0.00,0,0,0
8336,0.00,0,0,0,0,0.00,0,0,0
8386,0.00,0,0,0,0,0.00,0,0,0
8436,0.00,0,0,0,0,0.00,0,0,0
8486,0.00,0,0,0,0,0.00,0,0,0
8536,0.00,0,0,0,0,0.00,0,0,0
8586,0.00,0,0,0,0,0.00,0,0,0
8636,0.00,0,0,0,0,0.00,0,0,0
8686,0.00,0,0,0,0,0.00,0,0,0
8736,0.00,0,0,0,0,0.00,0,0,0
8786,0.00,0,0,0,0,0.00,0,0,0
8836,0.00,0,0,0,0,0.00,0,0,0
8886,0.00,0,0,0,0,0.00,0,0,0
8936,0.00,0,0,0,0,0.00,0,0,0
8986,0.00,0,0,0,0,0.00,0,0,0
9036,0.00,0,0,0,0,0.00,0,0,0
9086,0.00,0,0,0,0,0.00,0,0,0
9136,0.00,0,0,0,0,0.00,0,0,0
9186,0.00,0,0,0,0,0.00,0,0,0
9236,0.00,0,0,0,0,0.00,0,0,0
9286,0.00,0,0,0,0,0.00,0,0,0
9336,0.00,0,0,0,0,0.00,0,0,0
9387,0.00,0,0,0,0,0.00,0,0,0
9437,0.00,0,0,0,0,0.00,0,0,0
9487,0.00,0,0,0,0,0.00,0,0,0
9537,0.00,0,0,0,0,0.00,0,0,0
9587,0.00,0,0,0,0,0.00,0,0,0
9637,0.00,0,0,0,0,0.00,0,0,0
9687,0.00,0,0,0,0,0.00,0,0,0
9737,0.00,0,0,0,0,0.00,0,0,0
9787,0.00,0,0,0,0,0.00,0,0,0
9837,inf,0,0,0,0,inf,0,0,0
9887,inf,0,0,0,0,inf,0,0,0
9937,inf,0,0,0,0,inf,0,0,0
9987,387.78,37,41,0,0,inf,41,0,0
10037,387.78,0,41,0,0,inf,41,0,0
10087,918.55,0,34,0,-32,-530.78,75,0,32
10137,851.55,19,35,0,3,67.01,110,0,35
10187,851.55,0,35,0,3,67.01,110,0,35
10237,852.22,0,35,0,0,-0.68,145,0,35
10287,846.21,8,35,0,0,6.01,180,0,35
10337,1186.61,0,31,0,-27,-340.40,211,0,62
10387,1197.80,5,31,0,0,-11.18,242,0,62
10437,1556.66,0,26,0,-36,-358.87,268,0,98
10487,1918.40,-14,21,0,-52,-403.86,316,0,154
10537,2134.32,-23,19,0,-48,-330.35,358,0,215
10587,2048.06,5,20,0,11,86.26,378,0,226
10637,2526.95,-31,13,0,-68,-395.36,410,0,305
10687,2611.88,6,12,0,-5,-35.44,451,0,393
10737,2762.43,3,10,0,0,-72.81,472,0,407
10787,2885.73,0,9,0,0,-138.98,492,0,407
10838,2994.01,3,7,0,0,7.19,515,0,407
10888,3109.45,0,6,0,0,7.75,527,0,407
10938,3337.04,0,3,0,0,-120.92,538,0,407
10988,3409.09,0,2,0,0,17.91,545,0,407
11038,3590.23,0,1,0,0,21.15,547,0,407
11088,3653.19,0,0,-1,0,16.98,547,1,407
11138,3795.55,0,-2,0,0,-72.54,551,1,407
11188,3824.58,0,-2,0,0,12.72,558,1,407
11238,3887.02,0,-3,0,0,-25.02,567,1,407
11288,3774.53,-1,-2,0,0,-2.85,576,1,407
11338,3712.87,0,-1,0,0,46.53,580,1,407
11388,3700.05,0,-1,0,0,-24.48,582,1,407
11438,3651.41,0,0,-1,0,44.99,583,3,407
11488,3672.87,0,0,0,0,-35.62,583,4,407
11538,3652.30,0,0,-1,0,45.92,584,5,407
11588,3708.28,0,-1,0,0,-45.28,586,6,407
11638,3699.14,0,-1,0,0,23.87,589,6,407
11688,3748.13,0,-1,0,0,-49.90,592,6,407
11738,3723.93,0,-1,0,0,34.52,596,6,407
11788,3770.74,0,-2,0,0,-34.75,601,6,407
11838,3749.06,0,-1,0,0,46.48,605,6,407
11888,3772.64,-1,-2,0,0,31.57,612,6,416
11938,3798.43,0,-2,0,0,-38.09,618,6,416
11988,3748.13,0,-1,0,0,51.27,622,6,416
12038,3795.55,0,-2,0,0,-45.55,627,6,416
12088,3761.28,0,-2,0,0,22.77,633,6,416
12138,3785.97,0,-2,0,0,-24.68,639,6,416
12188,3761.28,0,-2,0,0,24.68,644,6,416
12239,3798.43,-1,-2,0,0,-74.50,650,6,416
12289,3772.64,0,-2,0,0,-36.65,655,6,416
12339,3723.93,0,-1,0,0,46.81,659,6,416
12389,3758.46,0,-2,0,0,-34.52,664,6,416
12439,3699.14,0,-1,0,0,48.99,667,6,416
12489,3688.22,0,-1,0,0,-12.65,669,6,416
12539,3653.19,0,0,-1,0,19.68,669,8,416
12589,3672.87,0,0,0,0,-32.09,670,9,416
12639,3594.54,0,0,0,0,-10.56,670,9,416
12689,3641.66,0,0,-1,0,-37.62,670,11,416
12739,3603.17,0,0,-1,0,-35.93,670,12,416
12789,3610.98,0,0,0,0,-29.67,670,12,416
12839,3568.03,0,0,0,0,43.82,670,12,416
12889,3600.58,0,0,0,0,33.41,670,12,416
12939,3570.58,0,0,0,0,49.99,670,13,416
12989,3598.85,0,0,1,0,37.43,670,14,416
13039,3559.56,0,0,1,0,39.29,670,16,416
13089,3587.66,0,0,0,0,35.06,670,16,416
13139,3546.10,0,0,1,0,40.70,670,18,416
13189,3545.26,0,0,1,0,-23.31,671,20,416
13239,3510.41,0,1,0,0,46.62,673,21,416
13289,3566.33,0,0,0,0,-53.45,674,21,416
13339,3533.57,0,0,1,0,35.31,675,22,416
13389,3576.54,0,0,0,0,-32.95,675,23,416
13440,3545.26,0,0,1,0,31.28,675,25,416
13490,3598.85,0,0,1,0,33.16,675,26,416
13540,3556.19,0,0,1,0,29.76,675,28,416
13590,3598.85,0,0,0,0,31.62,675,28,416
13640,3557.87,0,0,1,0,42.70,675,29,416
13690,3612.72,0,0,0,0,43.80,675,29,416
13740,3610.98,0,0,0,0,47.23,675,29,416
13790,3583.37,0,-4,0,-4,-690.75,683,29,420
13840,3628.45,0,0,0,0,385.47,692,29,425
13890,3538.57,0,0,1,0,447.61,701,30,432
13940,3501.40,0,1,0,0,317.34,707,30,458
13990,3546.94,0,0,1,0,174.22,709,31,466
14040,3578.24,0,0,0,0,0.00,709,32,466
14090,3536.07,0,0,1,0,52.45,709,34,466
14140,3563.79,0,0,0,0,-27.72,709,35,466
14190,3523.61,0,0,0,0,40.18,709,36,466
14240,3579.10,0,0,0,0,-56.32,710,36,466
14290,3533.57,0,0,1,0,42.97,710,38,466
14340,3568.03,0,0,0,0,-47.73,711,39,466
14390,3534.40,0,0,1,0,31.93,712,40,466
14440,3574.83,0,0,0,0,-37.10,712,41,466
14490,3555.34,0,0,1,0,41.78,712,43,466
14540,3600.58,0,0,0,0,34.21,712,43,466
14590,3562.95,0,0,0,0,26.43,712,43,466
14640,3600.58,0,0,0,0,32.55,712,43,466
14690,3568.03,0,0,0,0,42.08,712,43,466
14740,3600.58,0,0,0,0,36.84,712,43,466
14790,3568.03,0,0,0,0,43.82,712,43,466
14840,3611.85,0,0,0,0,34.46,712,43,466
14891,3543.59,0,0,1,0,34.66,712,44,466
14941,3598.85,0,0,1,0,33.16,712,45,466
14991,3568.03,0,0,0,0,42.08,712,46,466
15041,3577.39,0,0,0,0,0.00,712,46,466
15091,3562.10,0,0,0,0,37.61,712,46,466
15141,3611.85,0,0,0,0,24.89,712,46,466
15191,3586.80,0,0,0,0,37.01,712,46,466
15241,3619.69,0,0,0,0,-40.77,712,46,466
15291,3593.67,0,0,0,0,-42.36,712,46,466
15341,3629.32,0,0,0,0,-35.65,712,46,466
15391,3591.95,0,0,0,0,-49.63,712,46,466
15441,3642.54,0,0,-1,0,-38.51,712,48,466
15491,3604.90,0,0,0,0,-24.48,712,48,466
15541,3642.54,0,0,-1,0,-26.34,712,49,466
15591,3615.33,0,0,-1,0,-34.37,712,50,466
15641,3662.11,0,0,-1,0,-36.29,712,52,466
15691,3638.13,0,0,0,0,23.98,712,53,466
15741,3585.94,0,0,-1,0,-23.09,712,54,466
15791,3573.13,0,0,0,0,25.72,712,55,466
15841,3588.52,0,0,0,0,44.64,712,55,466
15891,3555.34,0,0,1,0,21.19,712,57,466
15941,3598.85,0,0,1,0,44.35,712,58,466
15991,3568.03,0,0,0,0,42.08,712,58,466
16041,3612.72,0,0,0,0,37.05,712,58,466
16091,3577.39,0,0,0,0,35.33,712,58,466
16141,3629.32,0,0,0,0,-47.66,712,58,466
16191,3582.52,0,0,0,0,-38.21,712,58,466
16241,3639.01,0,0,0,0,-47.92,712,59,466
16291,3604.04,0,0,0,0,-47.06,712,59,466
16342,3642.54,0,0,-1,0,-38.51,712,61,466
16392,3604.04,0,0,-1,0,-34.16,712,62,466
16442,3643.43,0,0,-1,0,-28.10,712,64,466
16492,3592.81,0,0,0,0,-26.22,712,64,466
16542,3643.43,0,0,-1,0,-29.84,712,66,466
16592,3604.04,0,0,-1,0,-35.93,712,67,466
16642,3643.43,0,0,-1,0,-40.26,712,69,466
16692,3602.31,0,0,-1,0,-33.27,712,70,466
16742,3604.90,0,0,-1,0,-48.22,712,71,466
16792,3567.18,0,0,0,0,44.66,712,71,466
16842,3599.71,0,0,0,0,33.60,712,71,466
16892,3573.13,0,0,0,0,25.72,712,71,466
16942,3587.66,0,0,1,0,43.55,712,72,466
16992,3557.87,0,0,1,0,54.84,713,73,466
17042,3597.98,0,0,1,0,46.05,713,74,466
17092,3568.03,0,0,0,0,33.41,713,74,466
17142,3610.98,0,0,0,0,35.92,713,74,466
17192,3577.39,0,0,0,0,34.46,713,74,466
17242,3571.43,0,0,0,0,50.01,713,74,466
17292,3501.40,0,1,0,0,344.75,719,74,484
17342,3584.23,0,-4,0,-3,-453.53,724,74,487
17392,3500.58,0,1,0,0,374.38,731,74,517
17442,3501.40,0,1,0,0,356.62,736,74,533
17492,3515.35,0,1,0,0,279.24,740,74,546
17542,3557.03,0,0,1,0,201.43,743,75,556
17592,3554.50,0,0,1,0,0.00,743,77,556
17642,3521.13,0,1,0,0,26.65,744,78,556
17692,3544.42,0,0,1,0,-33.19,745,80,556
17742,3498.95,0,1,0,0,47.15,747,81,556
17792,3546.10,0,0,1,0,-34.86,748,83,556
17842,3520.30,0,1,0,0,25.80,750,84,556
17892,3568.88,0,0,0,0,-46.93,751,85,556
17942,3521.95,0,1,0,0,44.38,753,85,556
17992,3576.54,0,0,0,0,-42.97,753,86,556
18042,3544.42,0,0,1,0,32.11,753,88,556
18092,3565.49,0,0,0,0,-21.06,753,89,556
18142,3543.59,0,0,1,0,22.75,753,91,556
18192,3587.66,0,0,1,0,32.11,753,92,556
18242,3562.95,0,0,0,0,24.71,753,93,556
18292,3613.59,0,0,0,0,34.24,753,93,556
18342,3577.39,0,0,0,0,33.59,753,93,556
18392,3601.44,0,0,0,0,35.31,753,93,556
18442,3554.50,0,0,1,0,-10.08,753,95,556
18492,3529.41,0,0,0,0,405.53,761,95,561
18542,3503.04,0,1,0,0,263.92,767,95,576
18592,3521.95,0,1,0,0,79.49,768,96,576
18642,3558.72,0,0,1,0,-31.80,768,97,576
18692,3512.06,0,1,0,0,64.48,769,98,576
18742,3541.91,0,0,1,0,-2.51,769,100,576
18792,3531.07,0,0,1,0,25.11,770,102,576
18842,3576.54,0,0,0,0,-43.80,770,103,576
18892,3483.51,0,1,0,0,40.93,772,103,576
18942,3557.03,0,0,1,0,-58.08,773,105,576
18992,3521.95,0,1,0,0,33.39,775,106,576
19042,3579.95,0,0,0,0,-56.34,775,106,576
19092,3551.98,0,0,1,0,34.82,775,108,576
19142,3611.85,0,0,0,0,40.34,775,108,576
19192,3593.67,0,0,0,0,-32.05,775,108,576
19243,3639.01,0,0,0,0,-45.34,775,108,576
19293,3625.82,0,0,0,0,17.61,775,109,576
19343,3661.22,0,0,-1,0,-35.40,775,111,576
19393,3630.20,0,0,0,0,43.57,775,111,576
19443,3687.32,0,-1,0,0,-48.31,777,111,576
19493,3652.30,0,0,-1,0,44.10,778,113,576
19543,3697.31,0,-1,0,0,-45.01,780,114,576
19593,3652.30,0,0,-1,0,32.30,781,116,576
19643,3695.49,0,-1,0,0,-43.19,783,117,576
19693,3651.41,0,0,-1,0,45.90,784,119,576
19743,3697.31,0,-1,0,0,-33.42,786,120,576
19793,3663.00,0,0,-1,0,34.31,787,122,576
19843,3672.87,0,0,0,0,-25.90,788,123,576
19893,3641.66,0,0,-1,0,33.01,788,125,576
19943,3593.67,0,0,0,0,53.31,789,125,576
19993,3562.10,0,0,0,0,37.61,789,125,576
20043,3600.58,0,0,0,0,45.49,789,125,576
20093,3554.50,0,0,1,0,41.76,789,126,576
20143,3611.85,0,0,0,0,23.14,789,126,576
20193,3568.88,0,0,0,0,42.97,789,126,576
20243,3612.72,0,0,0,0,35.33,789,126,576
20293,3581.66,0,0,0,0,-51.76,789,126,576
20343,3629.32,0,0,0,0,-33.06,789,126,576
20393,3582.52,0,0,0,0,-57.21,789,126,576
20443,3611.85,0,0,0,0,41.43,789,126,576
20493,3582.52,0,0,0,0,-32.05,789,126,576
20543,3630.20,0,0,0,0,-47.69,789,126,576
20593,3593.67,0,0,0,0,-40.83,789,126,576
20643,3630.20,0,0,0,0,-49.40,789,126,576
20694,3577.39,0,0,0,0,41.43,789,126,576
20744,3612.72,0,0,0,0,47.43,789,126,576
20794,3586.80,0,0,0,0,47.43,789,126,576
20844,3620.56,0,0,0,0,-35.48,789,126,576
20894,3571.43,0,0,0,0,50.89,789,126,576
20944,3600.58,0,0,0,0,35.31,789,126,576
20994,3568.03,0,0,0,0,43.82,789,126,576
21044,3612.72,0,0,0,0,33.59,789,126,576
21094,3586.80,0,0,0,0,32.76,789,126,576
21144,3615.33,0,0,-1,0,-124.79,789,128,576
21194,3570.58,0,0,0,0,49.99,789,128,576
21244,3609.24,0,0,1,0,53.13,789,129,576
21294,3577.39,0,0,0,0,23.19,789,129,576
21344,3601.44,0,0,0,0,16.24,789,129,576
21394,3568.03,0,0,0,0,32.55,789,129,576
21444,3610.98,0,0,0,0,35.92,789,129,576
21494,3576.54,0,0,0,0,35.31,789,129,576
21544,3622.31,0,0,0,0,-47.48,789,129,576
21594,3585.09,0,0,0,0,44.07,789,129,576
21644,3627.57,0,0,0,0,-45.05,789,129,576
21694,3567.18,0,0,0,0,43.80,789,129,576
21744,3611.85,0,0,0,0,25.76,789,129,576
21794,3586.80,0,0,0,0,31.89,789,129,576
21844,3623.19,0,0,0,0,-46.65,789,129,576
21894,3586.80,0,0,0,0,44.94,789,129,576
21944,3619.69,0,0,0,0,-38.14,789,129,576
21994,3583.37,0,0,0,0,-45.82,789,129,576
22044,3620.56,0,0,0,0,-39.76,789,129,576
22094,3582.52,0,0,0,0,-44.09,789,129,576
22144,3629.32,0,0,0,0,-48.52,789,129,576
22194,3580.81,0,0,0,0,-31.19,789,129,576
22244,3601.44,0,0,0,0,31.86,789,129,576
22294,3568.88,0,0,0,0,41.23,789,129,576
22344,3611.85,0,0,0,0,37.87,789,129,576
22394,3577.39,0,0,0,0,32.72,789,129,576
22444,3620.56,0,0,0,0,-35.48,789,129,576
22494,3582.52,0,0,0,0,-56.38,789,129,576
22544,3629.32,0,0,0,0,-47.66,789,129,576
22594,3594.54,0,0,0,0,-39.09,789,129,576
22644,3629.32,0,0,0,0,-46.81,789,129,576
22694,3592.81,0,0,0,0,-49.63,789,129,576
22744,3630.20,0,0,0,0,-46.83,789,129,576
22794,3594.54,0,0,0,0,-39.95,789,129,576
22844,3639.01,0,0,0,0,-45.34,789,129,576
22894,3604.04,0,0,-1,0,-57.60,789,130,576
22944,3637.25,0,0,0,0,-42.71,789,130,576
22994,3591.95,0,0,-1,0,-48.15,789,131,576
23044,3639.01,0,0,0,0,-56.49,789,131,576
23094,3593.67,0,0,0,0,-40.83,789,131,576
23144,3619.69,0,0,0,0,-40.83,789,131,576
23194,3593.67,0,0,0,0,-44.07,789,131,576
23244,3620.56,0,0,0,0,-38.90,789,131,576
23294,3582.52,0,0,0,0,-43.24,789,131,576
23344,3629.32,0,0,0,0,-35.65,789,131,576
23394,3592.81,0,0,0,0,-49.63,789,131,576
23444,3639.01,0,0,0,0,-45.34,789,131,576
23494,3581.66,0,0,0,0,-38.42,789,131,576
23544,3629.32,0,0,0,0,-36.51,789,131,576
23595,3593.67,0,0,0,0,-39.07,789,131,576
23645,3600.58,0,0,0,0,35.97,789,131,576
23695,3568.03,0,0,0,0,43.82,789,131,576
23745,3610.98,0,0,0,0,-56.03,789,131,576
23795,3572.28,0,0,0,0,50.91,789,131,576
23845,3600.58,0,0,0,0,50.89,789,131,576
23895,3545.26,0,0,1,0,42.40,789,133,576
23945,3576.54,0,0,0,0,-42.14,789,134,576
23995,3554.50,0,0,1,0,33.16,789,136,576
24045,3600.58,0,0,0,0,24.71,789,136,576
24095,3577.39,0,0,0,0,34.46,789,136,576
24145,3623.19,0,0,0,0,-51.76,789,136,576
24195,3611.85,0,0,0,0,46.65,789,136,576
24245,3595.40,0,-4,0,-4,-602.08,796,136,591
24295,3640.78,0,0,-1,0,323.28,803,137,606
24346,3650.52,0,0,-1,0,-43.02,812,138,613
24396,3617.94,0,0,0,0,-62.73,812,138,613
24446,3673.77,0,0,0,0,-47.08,812,139,613
24496,3629.32,0,0,0,0,45.34,812,139,613
24546,3673.77,0,0,0,0,-43.57,812,139,613
24596,3641.66,0,0,-1,0,31.21,812,140,613
24646,3661.22,0,0,-1,0,-35.40,812,142,613
24696,3626.69,0,0,0,0,35.42,812,143,613
24747,3663.00,0,0,-1,0,-36.31,812,145,613
24797,3641.66,0,0,-1,0,33.91,812,146,613
24847,3673.77,0,0,0,0,-47.95,812,147,613
24897,3626.69,0,0,0,0,34.52,812,148,613
24947,3661.22,0,0,-1,0,-36.28,812,150,613
24997,3615.33,0,0,-1,0,-45.06,812,151,613
25047,3671.97,0,0,0,0,-58.38,812,152,613
25097,3626.69,0,0,0,0,35.42,812,153,613
25147,3662.11,0,0,-1,0,-35.42,812,155,613
25197,3626.69,0,0,0,0,35.42,812,156,613
25247,3653.19,0,0,-1,0,-34.37,812,157,613
25297,3604.04,0,0,-1,0,-45.66,812,158,613
25347,3652.30,0,0,-1,0,-36.97,812,160,613
25397,3615.33,0,0,-1,0,-34.37,812,161,613
25447,3613.59,0,0,-1,0,-43.21,812,162,613
25497,3585.94,0,0,-1,0,-43.21,812,162,613
25547,3532.74,0,0,1,0,44.65,812,163,613
25597,3577.39,0,0,0,0,26.65,812,164,613
25647,3623.19,0,0,0,0,-52.61,812,164,613
25697,3577.39,0,0,0,0,33.59,812,164,613
25747,3600.58,0,0,0,0,17.96,812,164,613
25797,3576.54,0,0,0,0,24.04,812,164,613
25847,3599.71,0,0,0,0,24.74,812,164,613
25897,3575.69,0,0,0,0,24.89,812,164,613
25947,3534.40,0,0,1,0,42.99,812,165,613
25997,3568.03,0,0,0,0,46.43,812,166,613
26047,3576.54,0,0,0,0,-30.44,812,167,613
26097,3545.26,0,0,1,0,42.40,812,169,613
26147,3563.79,0,0,0,0,-29.39,812,170,613
26198,3537.74,0,0,1,0,48.21,812,172,613
26248,3585.94,0,0,1,0,29.74,812,173,613
26298,3564.64,0,0,0,0,21.30,812,174,613
26348,3541.08,0,0,1,0,22.72,812,175,613
26398,3563.79,0,0,0,0,31.61,812,175,613
26448,3599.71,0,0,0,0,26.58,812,175,613
26498,3577.39,0,0,0,0,34.46,812,175,613
26548,3611.85,0,0,0,0,35.31,812,175,613
26598,3593.67,0,0,0,0,-42.36,812,175,613
26648,3629.32,0,0,0,0,-33.93,812,175,613
26698,3592.81,0,0,0,0,-39.95,812,175,613
26748,3620.56,0,0,0,0,-27.75,812,175,613
26798,3593.67,0,0,0,0,-48.78,812,175,613
26848,3629.32,0,0,0,0,-35.65,812,175,613
26898,3592.81,0,0,0,0,-47.87,812,175,613
26948,3639.01,0,0,0,0,-46.20,812,175,613
26998,3591.09,0,0,-1,0,-40.24,812,176,613
27048,3639.01,0,0,0,0,-46.20,812,177,613
27098,3593.67,0,0,0,0,-39.95,812,177,613
27148,3610.98,0,0,-1,0,-55.07,812,178,613
27198,3586.80,0,0,-1,0,-55.07,812,178,613
27248,3610.98,0,0,-1,0,-55.07,812,178,613
27298,3563.79,0,0,0,0,35.92,812,178,613
27348,3612.72,0,0,0,0,43.80,812,178,613
27398,3582.52,0,0,0,0,-44.11,812,178,613
27448,3590.23,0,0,0,0,41.43,812,178,613
27498,3562.95,0,0,0,0,26.43,812,178,613
27548,3599.71,0,0,0,0,35.92,812,178,613
27598,3563.79,0,0,0,0,35.06,812,178,613
27648,3567.18,0,0,0,0,33.39,812,178,613
27698,3606.64,0,-3,0,-3,-576.24,818,178,626
27748,3573.13,0,0,0,0,361.81,825,178,641
27798,3501.40,0,1,0,0,393.69,832,178,672
27848,3595.40,0,-4,0,-3,-514.31,838,178,675
27898,3652.30,0,0,-1,0,353.04,846,179,690
27948,3627.57,0,0,0,0,528.71,857,179,698
27998,3639.01,0,0,0,0,129.83,866,179,714
28048,3686.41,0,-1,0,0,-57.96,868,179,714
28098,3640.78,0,0,-1,0,56.54,869,180,714
28148,3660.32,0,0,-1,0,-19.55,870,182,714
28198,3638.13,0,0,0,0,12.40,870,183,714
28248,3673.77,0,0,0,0,-36.52,870,184,714
28298,3640.78,0,0,-1,0,43.82,871,185,714
28348,3683.69,0,-1,0,0,-42.92,873,186,714
28398,3639.89,0,0,0,0,44.71,874,187,714
28448,3672.87,0,0,0,0,-20.57,875,188,714
28498,3640.78,0,0,-1,0,42.92,876,190,714
28548,3683.69,0,-1,0,0,-42.92,878,191,714
28598,3630.20,0,0,0,0,43.57,878,192,714
28648,3661.22,0,0,-1,0,-20.44,878,194,714
28698,3626.69,0,0,0,0,34.52,878,195,714
28748,3661.22,0,0,-1,0,-32.77,878,196,714
28798,3617.07,0,0,-1,0,-32.78,878,197,714
28848,3662.11,0,0,-1,0,-35.42,878,199,714
28898,3615.33,0,0,-1,0,-36.12,878,200,714
28948,3633.72,0,0,0,0,-29.68,878,201,714
28998,3591.95,0,0,0,0,-48.78,878,201,714
29048,3619.69,0,0,0,0,-28.61,878,201,714
29099,3562.95,0,0,0,0,27.29,878,201,714
29149,3589.38,0,0,0,0,34.24,878,201,714
29199,3550.30,0,0,1,0,48.55,878,203,714
29249,3564.64,0,0,0,0,-19.38,878,204,714
29299,3546.10,0,0,1,0,41.56,878,206,714
29349,3587.66,0,0,1,0,32.13,878,207,714
29399,3546.10,0,0,1,0,41.56,878,209,714
29449,3585.94,0,0,1,0,31.46,878,210,714
29499,3546.10,0,0,1,0,40.70,878,212,714
29549,3586.80,0,0,1,0,31.28,878,213,714
29599,3549.46,0,0,1,0,48.53,878,215,714
29649,3589.38,0,0,0,0,35.04,878,215,714
29699,3566.33,0,0,0,0,34.24,878,215,714
29749,3599.71,0,0,0,0,33.59,878,215,714
29799,3575.69,0,0,0,0,24.89,878,215,714
29849,3619.69,0,0,0,0,24.89,878,215,714
29899,3581.66,0,0,0,0,-46.81,878,215,714
29949,3624.06,0,0,0,0,-45.82,878,215,714
29999,3582.52,0,0,0,0,-38.23,878,215,714
30049,3619.69,0,0,0,0,-55.61,878,215,714
30099,3581.66,0,0,0,0,-44.94,878,215,714
30149,3629.32,0,0,0,0,-35.65,878,215,714
30199,3593.67,0,0,0,0,-50.49,878,215,714
30249,3642.54,0,0,-1,0,-39.37,878,216,714
30299,3602.31,0,0,-1,0,-44.80,878,217,714
30349,3612.72,0,0,0,0,49.14,878,217,714
30399,3558.72,0,0,1,0,30.66,878,218,714
30449,3611.85,0,0,0,0,34.18,878,218,714
30499,3577.39,0,0,0,0,33.59,878,218,714
30550,3630.20,0,0,0,0,-45.12,878,218,714
30600,3604.90,0,0,0,0,-48.75,878,218,714
30650,3631.96,0,0,0,0,-27.06,878,218,714
30700,3604.90,0,0,0,0,-38.23,878,218,714
30750,3643.43,0,0,-1,0,-38.53,878,219,714
30800,3594.54,0,0,0,0,-41.85,878,219,714
30850,3638.13,0,0,0,0,-45.31,878,219,714
30900,3604.04,0,0,0,0,-40.16,878,219,714
30950,3643.43,0,0,-1,0,-39.39,878,221,714
31000,3602.31,0,0,-1,0,-24.61,878,222,714
31050,3643.43,0,0,-1,0,-39.39,878,223,714
31100,3582.52,0,0,0,0,-34.79,878,223,714
31150,3629.32,0,0,0,0,-36.51,878,223,714
31200,3594.54,0,0,0,0,-39.93,878,223,714
31250,3637.25,0,0,0,0,-43.57,878,223,714
31300,3592.81,0,0,0,0,-38.42,878,223,714
31350,3619.69,0,0,0,0,-35.63,878,223,714
31400,3582.52,0,0,0,0,-45.80,878,223,714
31450,3611.85,0,0,0,0,32.55,878,223,714
31500,3566.33,0,0,0,0,34.24,878,223,714
31550,3589.38,0,0,0,0,42.93,878,223,714
31600,3557.03,0,0,1,0,52.21,878,225,714
31650,3610.11,0,0,1,0,49.65,878,226,714
31700,3575.69,0,0,0,0,37.03,878,226,714
31750,3610.11,0,0,0,0,33.60,878,226,714
31800,3581.66,0,0,0,0,-38.90,878,226,714
31850,3619.69,0,0,0,0,-39.78,878,226,714
31900,3582.52,0,0,0,0,-53.07,878,226,714
31950,3611.85,0,0,0,0,40.57,878,226,714
32000,3600.58,0,0,0,0,42.12,878,226,714
32050,3572.28,0,0,0,0,557.68,889,226,721
32100,3593.67,0,-5,0,-5,-811.76,898,226,727
32150,3560.41,0,0,0,0,409.95,906,226,731
32200,3501.40,0,1,0,0,374.57,913,226,764
32250,3557.03,0,0,1,0,250.08,916,227,778
32300,3591.09,0,-1,0,-9,-238.81,918,227,787
32350,3555.34,0,0,1,0,38.33,918,229,787
32400,3587.66,0,0,0,0,28.12,918,229,787
32450,3488.37,0,1,0,0,41.87,919,231,787
32500,3545.26,0,0,1,0,-44.68,920,233,787
32550,3498.95,0,1,0,0,36.28,922,234,787
32600,3546.10,0,0,1,0,-45.52,923,236,787
32650,3521.13,0,1,0,0,35.90,925,237,787
32700,3577.39,0,0,0,0,-55.44,926,238,787
32750,3546.10,0,0,1,0,39.84,926,240,787
32800,3588.52,0,0,0,0,22.16,926,240,787
32850,3562.10,0,0,0,0,37.61,926,240,787
32900,3611.85,0,0,0,0,24.89,926,240,787
32950,3582.52,0,0,0,0,-48.31,926,240,787
33000,3630.20,0,0,0,0,-49.40,926,240,787
33050,3593.67,0,0,0,0,-37.37,926,240,787
33100,3627.57,0,0,0,0,-33.89,926,240,787
33150,3592.81,0,0,0,0,-39.09,926,240,787
33200,3642.54,0,0,-1,0,-37.64,926,241,787
33250,3577.39,0,0,0,0,32.72,926,241,787
33300,3639.01,0,0,0,0,-57.35,926,241,787
33350,3593.67,0,0,0,0,-47.89,926,241,787
33400,3624.06,0,0,0,0,-47.53,926,241,787
33451,3591.95,0,0,0,0,-39.97,926,241,787
33501,3639.01,0,0,0,0,-56.49,926,241,787
33551,3604.90,0,0,0,0,-47.92,926,241,787
33601,3653.19,0,0,-1,0,-48.29,926,242,787
33651,3624.06,0,0,0,0,98.02,927,243,793
33701,3671.97,0,0,0,0,-56.64,927,244,793
33751,3615.33,0,0,-1,0,-35.40,927,245,793
33801,3624.06,0,0,0,0,-20.03,927,246,793
33851,3582.52,0,0,0,0,-56.38,927,246,793
33901,3639.01,0,0,0,0,-58.20,927,246,793
33951,3591.95,0,0,0,0,-47.06,927,246,793
34001,3639.01,0,0,0,0,-45.34,927,246,793
34051,3593.67,0,0,0,0,-25.23,927,246,793
34101,3619.69,0,0,0,0,-33.89,927,246,793
34151,3582.52,0,0,0,0,-34.62,927,246,793
34201,3630.20,0,0,0,0,-45.12,927,246,793
34251,3594.54,0,0,0,0,-37.33,927,246,793
34301,3629.32,0,0,0,0,-36.51,927,246,793
34351,3603.17,0,0,0,0,-29.61,927,246,793
34401,3619.69,0,0,0,0,-30.55,927,246,793
34451,3571.43,0,0,0,0,53.51,927,246,793
34501,3610.98,0,0,0,0,53.51,927,246,793
34551,3563.79,0,0,0,0,25.58,927,246,793
34601,3598.85,0,0,1,0,34.87,927,247,793
34651,3554.50,0,0,1,0,43.48,927,249,793
34701,3597.12,0,0,1,0,43.50,927,250,793
34751,3566.33,0,0,0,0,34.24,927,250,793
34801,3601.44,0,0,0,0,35.29,927,250,793
34851,3568.03,0,0,0,0,33.41,927,250,793
34902,3601.44,0,0,0,0,35.31,927,250,793
34952,3568.03,0,0,0,0,32.55,927,250,793
35002,3599.71,0,0,0,0,44.69,927,250,793
35052,3566.33,0,0,0,0,34.24,927,250,793
35102,3609.24,0,0,1,0,46.05,927,251,793
35152,3568.03,0,0,0,0,43.82,927,251,793
35202,3611.85,0,0,0,0,34.44,927,251,793
35252,3602.31,0,0,0,0,41.27,927,251,793
35302,3572.28,0,0,0,0,540.69,938,251,800
35352,3616.20,0,-6,0,-6,-857.19,949,251,807
35402,3548.62,0,0,1,0,515.32,960,252,814
35452,3605.77,0,-4,0,-4,-669.47,968,252,819
35502,3500.58,0,1,0,0,393.50,975,252,854
35552,3743.45,0,-1,0,0,40116.20,1499,253,9804
35602,3562.95,0,0,0,0,31.59,1500,253,9804
35652,3578.24,0,0,0,0,-31.31,1500,254,9804
35702,3545.26,0,0,1,0,45.83,1500,256,9804
35752,3586.80,0,0,1,0,33.14,1500,257,9804
35802,3536.90,0,0,1,0,49.90,1500,259,9804
35852,3568.03,0,0,0,0,-58.44,1501,260,9804
35902,3524.44,0,0,0,0,52.95,1502,260,9804
35952,3546.10,0,0,1,0,-33.22,1503,261,9804
36002,3510.41,0,1,0,0,35.69,1505,262,9804
36052,3560.41,0,0,0,0,-40.11,1506,263,9804
36102,3520.30,0,1,0,0,36.73,1508,264,9804
36152,3566.33,0,0,0,0,-44.38,1509,264,9804
36202,3546.10,0,0,1,0,40.70,1509,266,9804
36252,3589.38,0,0,0,0,23.02,1509,266,9804
36302,3563.79,0,0,0,0,25.58,1509,266,9804
36352,3611.85,0,0,0,0,34.24,1509,266,9804
36402,3577.39,0,0,0,0,33.59,1509,266,9804
36452,3624.06,0,0,0,0,-47.53,1509,266,9804
36502,3593.67,0,0,0,0,-54.62,1509,266,9804
36552,3639.01,0,0,0,0,-45.34,1509,266,9804
36602,3591.95,0,0,0,0,-29.61,1509,266,9804
36652,3633.72,0,0,0,0,-29.68,1509,267,9804
36702,3593.67,0,0,0,0,-30.48,1509,267,9804
36752,3619.69,0,0,0,0,-30.48,1509,267,9804
36802,3582.52,0,0,0,0,-59.74,1509,267,9804
36852,3635.48,0,0,0,0,-43.53,1509,267,9804
36902,3591.95,0,0,0,0,-50.49,1509,267,9804
36952,3652.30,0,0,-1,0,-48.26,1509,269,9804
37002,3593.67,0,0,0,0,-43.61,1509,269,9804
37052,3600.58,0,0,0,0,37.92,1509,269,9804
37102,3568.03,0,0,0,0,42.95,1509,269,9804
37152,3624.06,0,0,0,0,-46.67,1509,269,9804
37202,3571.43,0,0,0,0,51.76,1509,269,9804
37252,3635.48,0,0,0,0,-52.96,1509,269,9804
37302,3593.67,0,0,0,0,-41.69,1509,269,9804
37352,3639.01,0,0,0,0,-47.06,1509,269,9804
37402,3604.04,0,0,0,0,-48.78,1509,269,9804
37452,3642.54,0,0,-1,0,-37.64,1509,270,9804
37502,3591.95,0,0,-1,0,-37.66,1509,271,9804
37552,3629.32,0,0,0,0,-36.51,1509,271,9804
37602,3591.95,0,0,0,0,-38.42,1509,271,9804
37652,3615.33,0,0,0,0,-41.77,1509,271,9804
37702,3593.67,0,0,0,0,-39.95,1509,271,9804
37752,3619.69,0,0,0,0,-39.17,1509,271,9804
37803,3582.52,0,0,0,0,-39.97,1509,271,9804
37853,3601.44,0,0,0,0,-41.55,1509,271,9804
37903,3573.98,0,0,0,0,24.00,1509,272,9804
37953,3611.85,0,0,0,0,23.19,1509,272,9804
38003,3585.09,0,0,0,0,23.19,1509,272,9804
38053,3613.59,0,0,0,0,40.57,1509,272,9804
38103,3612.72,0,0,0,0,45.56,1509,272,9804
38153,3582.52,0,-6,0,-6,-935.06,1520,272,9811
38203,3616.20,0,-6,0,-6,-941.20,1531,272,9818
38253,3571.43,0,0,0,0,548.32,1542,272,9825
38303,3592.81,0,-6,0,-6,-854.29,1553,272,9832
38353,3561.25,0,0,0,0,433.42,1562,272,9836
38403,3501.40,0,1,0,0,396.73,1569,272,9870
38453,3545.26,0,0,1,0,38.97,1569,273,9870
38503,3587.66,0,0,1,0,37.49,1569,274,9870
38553,3563.79,0,0,0,0,35.06,1569,274,9870
38603,3597.12,0,0,1,0,41.78,1569,275,9870
38653,3559.56,0,0,1,0,49.68,1569,277,9870
38703,3600.58,0,0,0,0,35.04,1569,277,9870
38753,3568.03,0,0,0,0,32.55,1569,277,9870
38803,3611.85,0,0,0,0,34.21,1569,277,9870
38853,3575.69,0,0,0,0,37.03,1569,277,9870
38903,3609.24,0,0,0,0,37.03,1569,277,9870
38953,3576.54,0,0,0,0,36.18,1569,277,9870
39003,3624.06,0,0,0,0,-54.33,1569,277,9870
39053,3577.39,0,0,0,0,33.59,1569,277,9870
39103,3634.60,0,0,0,0,-64.02,1569,277,9870
39153,3583.37,0,0,0,0,-43.24,1569,277,9870
39203,3630.20,0,0,0,0,-45.12,1569,277,9870
39254,3581.66,0,0,0,0,-56.36,1569,277,9870
39304,3622.31,0,0,0,0,-15.68,1569,277,9870
39354,3593.67,0,0,0,0,-40.81,1569,277,9870
39404,3629.32,0,0,0,0,-35.65,1569,277,9870
39454,3583.37,0,0,0,0,-42.52,1569,277,9870
39504,3639.01,0,0,0,0,-47.06,1569,277,9870
39554,3603.17,0,0,-1,0,-57.63,1569,278,9870
39604,3642.54,0,0,-1,0,-37.64,1569,279,9870
39654,3604.90,0,0,0,0,-19.16,1569,279,9870
39704,3632.84,0,0,0,0,-26.20,1569,279,9870
39754,3602.31,0,0,-1,0,-41.99,1569,280,9870
39804,3642.54,0,0,-1,0,-38.51,1569,282,9870
39854,3592.81,0,0,0,0,-28.82,1569,282,9870
39904,3647.86,0,0,-1,0,-55.91,1569,283,9870
39954,3591.95,0,0,0,0,-44.47,1569,283,9870
40004,3639.01,0,0,0,0,-45.34,1569,283,9870
40054,3586.80,0,0,0,0,-45.34,1569,283,9870
40104,3623.19,0,0,0,0,-47.50,1569,283,9870
40154,3582.52,0,0,0,0,-46.67,1569,283,9870
40204,3610.98,0,0,0,0,-40.67,1569,283,9870
40254,3568.03,0,0,0,0,44.69,1569,283,9870
40304,3608.37,0,0,1,0,52.26,1569,284,9870
40354,3576.54,0,0,0,0,35.31,1569,284,9870
40404,3622.31,0,0,0,0,-44.92,1569,284,9870
40454,3591.95,0,0,0,0,-46.67,1569,284,9870
40504,3630.20,0,0,0,0,-46.83,1569,284,9870
40554,3582.52,0,0,0,0,-55.50,1569,284,9870
40604,3610.98,0,0,0,0,38.61,1569,284,9870
40654,3576.54,0,0,0,0,35.31,1569,284,9870
40704,3610.98,0,0,0,0,35.31,1569,284,9870
40754,3577.39,0,0,0,0,34.46,1569,284,9870
40804,3620.56,0,0,0,0,-39.76,1569,284,9870
40854,3568.88,0,0,0,0,42.10,1569,284,9870
40904,3611.85,0,0,0,0,35.94,1569,284,9870
40954,3586.80,0,0,0,0,34.46,1569,284,9870
41004,3601.44,0,0,0,0,34.46,1569,284,9870
41054,3559.56,0,0,1,0,41.01,1569,285,9870
41104,3598.85,0,0,0,0,32.48,1569,285,9870
41154,3566.33,0,0,0,0,34.24,1569,285,9870
41204,3576.54,0,0,0,0,-43.80,1569,286,9870
41254,3537.74,0,0,1,0,49.06,1569,288,9870
41304,3745.32,0,-1,0,0,46590.25,2177,289,37957
41354,3533.57,0,0,1,0,44.68,2177,290,37957
41404,3554.50,0,0,1,0,-10.08,2177,292,37957
41454,3522.78,0,1,0,0,45.25,2179,292,37957
41504,3564.64,0,0,0,0,-31.90,2179,293,37957
41554,3563.79,0,0,0,0,-21.88,2179,294,37957
41604,3540.24,0,0,1,0,414.41,2187,295,37962
41654,3605.77,0,0,1,0,-10.06,2187,296,37962
41704,3570.58,0,0,0,0,55.24,2187,296,37962
41754,3630.20,0,0,0,0,-45.12,2187,296,37962
41804,3593.67,0,0,0,0,-32.08,2187,296,37962
41854,3632.84,0,0,0,0,-19.25,2187,296,37962
41904,3604.04,0,0,-1,0,-119.65,2187,298,37962
41954,3633.72,0,0,0,0,-22.74,2187,298,37962
42004,3614.46,0,0,-1,0,-46.55,2187,299,37962
42054,3648.75,0,0,-1,0,4.44,2187,301,37962
42104,3615.33,0,-2,0,-9,-244.40,2190,301,37971
42155,3501.40,0,1,0,0,385.62,2196,301,37990
42205,3616.20,0,-5,0,-3,-571.81,2202,301,37993
42255,3639.01,0,0,0,0,467.20,2212,301,38000
42305,3571.43,0,0,0,0,566.50,2223,301,38008
42355,3605.77,0,-6,0,-6,-872.49,2234,301,38016
42405,3538.57,0,0,1,0,480.72,2244,302,38022
42455,3501.40,0,1,0,0,348.70,2251,302,38052
42505,3549.46,0,0,1,0,39.92,2251,303,38052
42555,3587.66,0,0,1,0,38.13,2251,304,38052
42605,3553.66,0,0,1,0,39.15,2251,306,38052
42655,3543.59,0,0,1,0,0.84,2251,308,38052
42705,3511.24,0,1,0,0,33.19,2253,309,38052
42755,3568.03,0,0,0,0,-57.62,2254,310,38052
42805,3532.74,0,0,1,0,35.29,2255,311,38052
42855,3587.66,0,0,1,0,42.95,2255,312,38052
42905,3536.07,0,0,1,0,28.57,2255,314,38052
42955,3585.94,0,0,1,0,40.70,2255,315,38052
43005,3553.66,0,0,1,0,44.32,2255,317,38052
43055,3589.38,0,0,0,0,34.18,2255,317,38052
43105,3554.50,0,0,1,0,43.48,2255,319,38052
43155,3598.85,0,0,1,0,32.31,2255,320,38052
43205,3563.79,0,0,0,0,35.92,2255,320,38052
43255,3609.24,0,0,1,0,31.46,2255,321,38052
43305,3583.37,0,0,0,0,46.29,2255,321,38052
43355,3576.54,0,0,0,0,-7.66,2255,321,38052
43405,3534.40,0,0,1,0,40.43,2255,323,38052
43455,3597.12,0,0,1,0,51.89,2255,324,38052
43505,3582.52,0,0,0,0,28.24,2255,324,38052
43555,3623.19,0,0,0,0,-46.65,2255,324,38052
43606,3577.39,0,0,0,0,31.85,2255,324,38052
43656,3639.01,0,0,0,0,-58.20,2255,324,38052
43706,3604.90,0,0,0,0,-47.92,2255,324,38052
43756,3652.30,0,0,-1,0,-49.13,2255,326,38052
43806,3615.33,0,0,-1,0,-23.72,2255,327,38052
43856,3652.30,0,0,-1,0,-47.40,2255,328,38052
43906,3615.33,0,0,-1,0,-54.61,2255,329,38052
43956,3661.22,0,0,-1,0,-35.40,2255,331,38052
44006,3626.69,0,0,0,0,35.42,2255,332,38052
44056,3615.33,0,0,0,0,-45.28,2255,332,38052
44106,3573.98,0,0,0,0,37.87,2255,332,38052
44156,3610.98,0,0,0,0,42.10,2255,332,38052
44206,3580.81,0,0,0,0,-36.34,2255,332,38052
44256,3630.20,0,0,0,0,-47.69,2255,332,38052
44306,3582.52,0,0,0,0,-39.09,2255,332,38052
44356,3601.44,0,0,-1,0,-59.14,2255,333,38052
44406,3544.42,0,0,1,0,32.11,2255,335,38052
44456,3589.38,0,0,0,0,22.14,2255,335,38052
44506,3522.78,0,1,0,0,66.59,2256,335,38052
44556,3621.44,0,0,0,0,-51.71,2256,336,38052
44606,3575.69,0,0,0,0,36.16,2256,336,38052
44656,3600.58,0,0,0,0,37.61,2256,336,38052
44706,3577.39,0,0,0,0,32.72,2256,336,38052
44756,3611.85,0,0,0,0,34.44,2256,336,38052
44806,3612.72,0,0,0,0,37.01,2256,336,38052
44856,3582.52,0,-5,0,-5,-748.09,2265,336,38057
44906,3595.40,0,-4,0,-4,-713.28,2273,336,38061
44956,3561.25,0,0,0,0,428.11,2282,336,38067
45006,3502.22,0,1,0,0,338.03,2289,336,38086
45056,3596.26,0,-4,0,0,45684.81,2892,336,38086
45106,3574.83,0,0,0,0,-31.25,2892,337,38086
45156,3523.61,0,0,0,0,49.52,2892,338,38086
45206,3535.23,0,0,1,0,-25.64,2893,340,38086
45256,3481.09,0,1,0,0,41.69,2896,340,38086
45306,3523.61,0,0,0,0,-40.91,2897,340,38086
45356,3486.75,0,1,0,0,126.84,2900,340,38086
45406,3546.94,0,0,1,0,-47.99,2901,342,38086
45456,3511.24,0,1,0,0,34.02,2903,343,38086
45506,3546.10,0,0,1,0,-36.51,2904,345,38086
45556,3510.41,0,1,0,0,45.77,2906,346,38086
45606,3743.45,0,-1,0,0,39113.69,3418,346,64394
45656,3559.56,0,0,1,0,83.87,3418,348,64394
45706,3507.95,0,1,0,0,434.23,3428,348,64399
45756,3557.87,0,0,1,0,138.53,3431,349,64411
45806,3521.95,0,1,0,0,39.30,3432,349,64411
45856,3514.53,0,1,0,0,-21.28,3435,349,64411
45906,3488.37,0,1,0,0,46.03,3437,350,64411
45956,3534.40,0,0,1,0,-35.45,3438,352,64411
46006,3509.59,0,1,0,0,36.51,3440,353,64411
46056,3555.34,0,0,1,0,-44.93,3441,355,64411
46106,3531.07,0,0,1,0,26.80,3441,357,64411
46156,3581.66,0,0,0,0,43.57,3441,357,64411
46206,3520.30,0,1,0,0,23.29,3442,359,64411
46256,3577.39,0,0,0,0,-55.44,3443,360,64411
46306,3536.90,0,0,1,0,49.04,3443,362,64411
46356,3586.80,0,0,1,0,31.28,3443,363,64411
46406,3564.64,0,0,0,0,34.21,3443,363,64411
46456,3611.85,0,0,0,0,33.57,3443,363,64411
46507,3578.24,0,0,0,0,41.45,3443,363,64411
46557,3629.32,0,0,0,0,-46.81,3443,363,64411
46607,3594.54,0,0,0,0,-38.19,3443,363,64411
46657,3639.01,0,0,0,0,-46.20,3443,363,64411
46707,3603.17,0,0,-1,0,-41.10,3443,364,64411
46757,3662.11,0,0,-1,0,-46.78,3443,366,64411
46807,3626.69,0,0,0,0,25.61,3443,367,64411
46857,3662.11,0,0,-1,0,-35.42,3443,369,64411
46907,3630.20,0,0,0,0,43.57,3443,369,64411
46957,3626.69,0,0,0,0,0.88,3443,370,64411
47007,3592.81,0,0,0,0,-45.34,3443,370,64411
47057,3629.32,0,0,0,0,-37.37,3443,371,64411
47107,3593.67,0,0,0,0,-41.03,3443,371,64411
47157,3643.43,0,0,-1,0,-41.12,3443,373,64411
47207,3615.33,0,0,-1,0,-46.53,3443,374,64411
47257,3643.43,0,0,-1,0,-39.39,3443,376,64411
47307,3602.31,0,0,-1,0,-53.35,3443,377,64411
47357,3642.54,0,0,-1,0,-36.78,3443,379,64411
47407,3615.33,0,0,-1,0,-36.78,3443,380,64411
47457,3653.19,0,0,-1,0,-49.15,3443,382,64411
47507,3614.46,0,0,-1,0,-25.48,3443,383,64411
47557,3633.72,0,0,0,0,-30.55,3443,383,64411
47607,3591.95,0,0,0,0,-28.74,3443,383,64411
47657,3591.09,0,0,-1,0,-48.82,3443,384,64411
47707,3746.25,0,-1,0,0,48337.08,4074,384,75187
47757,3657.64,0,0,-1,0,-149.69,4076,385,75187
47807,3545.26,0,0,1,0,42.40,4076,387,75187
47857,3565.49,0,0,0,0,-21.06,4076,388,75187
47907,3532.74,0,0,1,0,37.84,4076,389,75187
47958,3563.79,0,0,0,0,-29.39,4076,390,75187
48008,3520.30,0,1,0,0,37.57,4077,391,75187
48058,3493.25,0,1,0,0,31.19,4078,391,75187
48108,3539.41,0,0,1,0,459.53,4088,392,75193
48158,3609.24,-1180,-1195,0,0,-91779.18,5288,392,75219
48208,3514.53,0,1,0,0,91.24,5289,392,75219
48258,3481.09,0,1,0,0,38.39,5292,392,75219
48308,3534.40,0,0,1,0,-51.70,5293,393,75219
48358,3498.95,0,1,0,0,37.12,5295,394,75219
48408,3535.23,0,0,1,0,-46.05,5296,396,75219
48458,3500.58,0,1,0,0,44.68,5298,397,75219
48508,3557.03,0,0,1,0,-47.44,5299,399,75219
48558,3524.44,0,0,0,0,32.59,5300,400,75219
48608,3568.03,0,0,0,0,-44.42,5300,400,75219
48658,3687.32,0,-1,0,0,57.07,5827,401,105975
48708,3587.66,0,0,1,0,34.67,5827,402,105975
48758,3533.57,0,0,1,0,42.97,5827,404,105975
48808,3568.03,0,0,0,0,-46.08,5828,404,105975
48858,3565.49,0,0,0,0,-34.41,5828,405,105975
48908,3503.04,0,1,0,0,262.02,5833,405,105990
48958,3582.52,0,0,0,0,-75.30,5833,406,105990
49008,3554.50,0,0,1,0,27.16,5833,408,105990
49058,3576.54,0,0,0,0,-23.72,5833,409,105990
49108,3534.40,0,0,1,0,32.78,5833,411,105990
49158,3574.83,0,0,0,0,-41.26,5833,412,105990
49208,3545.26,0,0,1,0,34.69,5833,413,105990
49258,3574.83,0,0,0,0,-37.10,5833,414,105990
49308,3545.26,0,0,1,0,29.57,5833,416,105990
49358,3587.66,0,0,1,0,28.73,5833,417,105990
49408,3556.19,0,0,1,0,31.47,5833,419,105990
49458,3597.12,0,0,1,0,40.05,5833,420,105990
49508,3575.69,0,0,0,0,24.89,5833,420,105990
49558,3611.85,0,0,0,0,33.57,5833,420,105990
49608,3577.39,0,0,0,0,41.43,5833,420,105990
49658,3610.98,0,0,0,0,-44.92,5833,420,105990
49708,3577.39,0,0,0,0,33.59,5833,420,105990
49758,3601.44,0,0,0,0,35.29,5833,420,105990
49808,3586.80,0,0,0,0,22.34,5833,420,105990
49858,3620.56,0,0,0,0,-38.90,5833,420,105990
49908,3586.80,0,0,0,0,-38.90,5833,420,105990
49958,3629.32,0,0,0,0,-48.52,5833,420,105990
50008,3582.52,0,0,0,0,-39.93,5833,420,105990
50058,3589.38,0,0,0,0,42.93,5833,420,105990
50108,3564.64,0,0,0,0,34.21,5833,421,105990
50158,3587.66,0,0,0,0,33.33,5833,421,105990
50208,3566.33,0,0,0,0,34.24,5833,421,105990
50258,3611.85,0,0,0,0,27.42,5833,421,105990
50308,3577.39,0,0,0,0,34.46,5833,421,105990
50358,3610.11,0,0,1,0,51.41,5833,422,105990
50408,3575.69,0,0,0,0,25.76,5833,422,105990
50458,3610.98,0,0,0,0,42.08,5833,422,105990
50508,3576.54,0,0,0,0,35.31,5833,422,105990
50558,3628.45,0,0,0,0,-45.93,5833,422,105990
50608,3585.09,0,0,0,0,51.06,5833,422,105990
50658,3628.45,0,0,0,0,-41.65,5833,422,105990
50708,3581.66,0,0,0,0,-41.67,5833,422,105990
50758,3648.75,0,0,-1,0,-55.07,5833,423,105990
50808,3582.52,0,0,0,0,-34.79,5833,423,105990
50859,3629.32,0,0,0,0,-33.93,5833,423,105990
50909,3593.67,0,0,0,0,-40.79,5833,423,105990
50959,3642.54,0,0,-1,0,-37.64,5833,424,105990
51009,3593.67,0,0,0,0,-16.56,5833,424,105990
51059,3619.69,0,0,0,0,-34.77,5833,424,105990
51109,3593.67,0,0,0,0,-34.62,5833,424,105990
51159,3629.32,0,0,0,0,-43.38,5833,424,105990
51209,3593.67,0,0,0,0,-28.72,5833,424,105990
51259,3641.66,0,0,-1,0,-36.76,5833,425,105990
51309,3591.95,0,0,-1,0,-36.79,5833,426,105990
51359,3642.54,0,0,-1,0,-28.09,5833,428,105990
51409,3602.31,0,0,-1,0,-43.06,5833,429,105990
51459,3642.54,0,0,-1,0,-37.64,5833,430,105990
51509,3604.04,0,0,-1,0,-53.35,5833,431,105990
51559,3639.01,0,0,0,0,-45.34,5833,431,105990
51609,3604.04,0,0,0,0,-39.30,5833,431,105990
51659,3629.32,0,0,0,0,-42.52,5833,431,105990
51709,3582.52,0,0,0,0,-48.38,5833,431,105990
51759,3620.56,0,0,0,0,-37.19,5833,431,105990
51809,3570.58,0,0,0,0,77.28,5833,432,105990
51859,3598.85,0,0,0,0,26.58,5833,432,105990
51909,3555.34,0,0,1,0,42.64,5833,434,105990
51959,3600.58,0,0,0,0,34.18,5833,434,105990
52009,3568.03,0,0,0,0,32.55,5833,434,105990
52059,3568.03,0,0,0,0,42.95,5833,434,105990
52109,3604.90,0,-6,0,-6,-950.56,5844,434,105997
52159,3559.56,0,0,1,0,586.37,5856,435,106004
52209,3644.31,0,0,-1,0,359.96,5866,436,106010
52259,3572.28,0,0,0,0,419.21,5875,436,106016
52310,3606.64,0,-4,0,-3,-618.72,5882,436,106020
52360,3501.40,0,1,0,0,377.58,5889,436,106054
52410,3591.09,0,-2,0,-12,-318.93,5892,436,106066
52460,3557.87,0,0,1,0,186.51,5895,437,106078
52510,3614.46,0,0,-1,0,-148.98,5896,438,106078
52560,3558.72,0,0,1,0,106.97,5897,440,106078
52610,3624.06,0,0,0,0,-24.35,5897,440,106078
52660,3572.28,0,0,0,0,53.54,5897,440,106078
52710,3610.98,0,0,0,0,46.38,5897,440,106078
52760,3585.09,0,0,0,0,40.40,5897,440,106078
52810,3618.82,0,0,0,0,40.40,5897,440,106078
52860,3576.54,0,0,0,0,40.53,5897,440,106078
52910,3639.01,0,0,0,0,-50.49,5897,440,106078
52960,3604.04,0,0,-1,0,-59.37,5897,441,106078
53010,3613.59,0,0,0,0,33.60,5897,441,106078
53060,3593.67,0,0,0,0,-39.97,5897,441,106078
53110,3643.43,0,0,-1,0,-39.39,5897,442,106078
53160,3603.17,0,0,0,0,-34.94,5897,442,106078
53210,3643.43,0,0,-1,0,-27.23,5897,443,106078
53260,3604.04,0,0,-1,0,-48.29,5897,444,106078
53310,3639.01,0,0,0,0,-41.03,5897,444,106078
53360,3591.09,0,0,-1,0,-44.52,5897,445,106078
53410,3641.66,0,0,-1,0,-31.55,5897,447,106078
53460,3615.33,0,0,-1,0,-46.64,5897,448,106078
53510,3662.11,0,0,-1,0,-35.42,5897,449,106078
53560,3625.82,0,0,0,0,42.56,5897,450,106078
53610,3663.90,0,0,-1,0,31.59,5898,451,106078
53660,3501.40,0,1,0,0,377.58,5903,451,106096
53710,3501.40,0,1,0,0,339.83,5909,451,106112
53760,3536.07,0,0,1,0,204.58,5911,452,106122
53810,3559.56,0,0,1,0,-30.15,5911,453,106122
53860,3522.78,0,1,0,0,52.90,5912,454,106122
53910,3565.49,0,0,0,0,-21.06,5912,455,106122
53960,3533.57,0,0,1,0,42.12,5912,457,106122
54010,3579.10,0,0,0,0,-57.14,5913,457,106122
54060,3536.07,0,0,1,0,56.75,5913,458,106122
54110,3531.90,0,0,1,0,12.52,5913,460,106122
54160,3509.59,0,1,0,0,35.67,5915,461,106122
54210,3558.72,0,0,1,0,-46.66,5916,462,106122
54260,3509.59,0,1,0,0,35.67,5918,463,106122
54310,3565.49,0,0,0,0,-34.41,5918,465,106122
54360,3543.59,0,0,1,0,33.80,5918,467,106122
54410,3598.85,0,0,1,0,45.19,5918,468,106122
54460,3545.26,0,0,1,0,43.26,5918,469,106122
54510,3585.94,0,0,1,0,41.78,5918,470,106122
54560,3563.79,0,0,0,0,34.19,5918,471,106122
54610,3611.85,0,0,0,0,24.87,5918,471,106122
54660,3577.39,0,0,0,0,24.05,5918,471,106122
54710,3610.11,0,0,0,0,24.05,5918,471,106122
54760,3577.39,0,0,0,0,33.59,5918,471,106122
54810,3629.32,0,0,0,0,-47.66,5918,471,106122
54860,3594.54,0,0,0,0,-52.21,5918,471,106122
54910,3633.72,0,0,0,0,-30.55,5918,471,106122
54960,3642.54,0,0,-1,0,-32.44,5918,472,106122
55010,3661.22,0,0,-1,0,-45.02,5931,473,106131
55060,3603.17,0,0,0,0,-16.65,5931,473,106131
55110,3628.45,0,0,0,0,-34.77,5931,473,106131
55160,3604.90,0,0,0,0,-40.16,5931,473,106131
55211,3633.72,0,0,0,0,-29.68,5931,473,106131
55261,3601.44,0,0,-1,0,-48.15,5931,474,106131
55311,3642.54,0,0,-1,0,-39.37,5931,476,106131
55361,3604.04,0,0,-1,0,-36.99,5931,477,106131
55411,3624.94,0,0,0,0,-39.00,5931,477,106131
55461,3593.67,0,0,0,0,-43.22,5931,477,106131
55511,3624.06,0,0,0,0,-47.53,5931,477,106131
55561,3591.95,0,0,0,0,-41.69,5931,477,106131
55611,3629.32,0,0,0,0,-35.65,5931,477,106131
55661,3582.52,0,0,0,0,-30.48,5931,477,106131
55711,3632.84,0,0,0,0,-27.94,5931,477,106131
55761,3593.67,0,0,0,0,-37.53,5931,477,106131
55811,3514.53,0,1,0,0,39.13,5932,478,106131
55861,3553.66,0,0,1,0,42.60,5932,479,106131
55911,3599.71,0,0,0,0,35.04,5932,479,106131
55961,3568.03,0,0,0,0,41.21,5932,480,106131
56011,3611.85,0,0,0,0,42.08,5932,480,106131
56061,3578.24,0,0,0,0,31.86,5932,480,106131
56111,3568.88,0,0,0,0,40.36,5932,480,106131
56161,3501.40,0,1,0,0,388.64,5939,480,106163
56211,3501.40,0,1,0,0,391.67,5945,480,106182
56261,3501.40,0,1,0,0,327.08,5950,480,106198
56311,3501.40,0,1,0,0,339.83,5955,480,106213
56361,3502.22,0,1,0,0,325.29,5959,480,106228
56411,3567.18,0,0,0,0,261.30,5962,480,106242
56461,3600.58,0,0,0,0,34.14,5962,480,106242
56511,3555.34,0,0,1,0,32.31,5962,482,106242
56561,3587.66,0,0,0,0,39.30,5962,482,106242
56611,3545.26,0,0,1,0,25.32,5962,484,106242
56662,3564.64,0,0,0,0,-28.57,5962,485,106242
56712,3510.41,0,1,0,0,42.40,5963,487,106242
56762,3554.50,0,0,1,0,-23.43,5963,490,106242
56812,3499.77,0,1,0,0,47.17,5964,491,106242
56862,3546.94,0,0,1,0,-37.35,5965,493,106242
56912,3492.43,0,1,0,0,31.18,5967,493,106242
56962,3534.40,0,0,1,0,-42.78,5969,494,106242
57012,3499.77,0,1,0,0,35.47,5971,495,106242
57062,3552.82,0,0,1,0,-7.56,5972,497,106242
57112,3522.78,0,1,0,0,45.25,5974,497,106242
57162,3575.69,0,0,0,0,-42.12,5974,498,106242
57212,3544.42,0,0,1,0,32.97,5974,500,106242
57262,3545.26,0,0,1,0,52.72,5974,501,106242
57312,3595.40,0,-4,0,-4,-628.42,5982,501,106247
57362,3501.40,0,1,0,0,390.66,5989,501,106281
57412,3612.72,0,-2,0,-14,-363.67,5993,501,106295
57462,3500.58,0,1,0,0,323.02,5998,501,106312
57512,3624.94,0,0,0,0,165.81,6001,501,106323
57562,3501.40,0,1,0,0,337.86,6007,501,106340
57612,3614.46,0,-1,0,-7,-204.13,6008,501,106347
57662,3582.52,0,0,0,0,-59.94,6008,501,106347
57712,3614.46,0,0,0,0,-59.94,6008,501,106347
57762,3582.52,0,0,0,0,-44.05,6008,501,106347
57812,3600.58,0,0,0,0,-44.05,6008,501,106347
57862,3557.87,0,0,1,0,44.43,6008,503,106347
57912,3601.44,0,0,1,0,44.43,6008,503,106347
57962,3536.90,0,0,1,0,50.76,6008,504,106347
58012,3546.10,0,0,1,0,-36.51,6009,506,106347
58062,3511.24,0,1,0,0,44.95,6011,507,106347
58112,3568.03,0,0,0,0,-56.79,6012,507,106347
58162,3533.57,0,0,1,0,45.53,6013,508,106347
58212,3565.49,0,0,0,0,-32.75,6013,509,106347
58262,3536.07,0,0,1,0,46.45,6013,510,106347
58312,3587.66,0,0,1,0,51.59,6013,511,106347
58362,3553.66,0,0,1,0,34.00,6013,513,106347
58412,3589.38,0,0,0,0,24.72,6013,513,106347
58462,3545.26,0,0,1,0,44.11,6013,514,106347
58512,3576.54,0,0,0,0,-22.04,6013,515,106347
58562,3544.42,0,0,1,0,32.11,6013,517,106347
58612,3598.85,0,0,1,0,32.28,6013,518,106347
58662,3563.79,0,0,0,0,35.06,6013,519,106347
58712,3610.98,0,0,0,0,35.06,6013,519,106347
58762,3575.69,0,0,0,0,36.16,6013,519,106347
58812,3610.98,0,0,0,0,-45.75,6013,519,106347
58862,3593.67,0,0,0,0,-44.94,6013,519,106347
58912,3633.72,0,0,0,0,-29.68,6013,519,106347
58962,3604.04,0,0,-1,0,-50.76,6013,520,106347
59012,3650.52,0,0,-1,0,-46.49,6013,522,106347
59062,3615.33,0,0,-1,0,-31.69,6013,523,106347
59112,3673.77,0,0,0,0,-58.44,6013,524,106347
59162,3638.13,0,0,0,0,23.09,6013,525,106347
59212,3673.77,0,0,0,0,-35.64,6013,526,106347
59262,3624.94,0,0,0,0,36.28,6013,527,106347
59312,3673.77,0,0,0,0,-43.57,6013,527,106347
59362,3630.20,0,0,0,0,43.57,6013,527,106347
59412,3652.30,0,0,-1,0,-38.71,6013,529,106347
59462,3649.63,0,0,-1,0,-16.79,6013,530,106347
59512,3662.11,0,0,-1,0,-48.52,6013,532,106347
59563,3615.33,0,0,-1,0,-27.23,6013,533,106347
59613,3652.30,0,0,-1,0,-38.71,6013,535,106347
59663,3615.33,0,0,-1,0,-44.80,6013,536,106347
59713,3663.00,0,0,-1,0,-47.68,6013,538,106347
59763,3592.81,0,0,0,0,-16.56,6013,538,106347
59813,3628.45,0,0,0,0,-45.93,6013,538,106347
59863,3571.43,0,0,0,0,51.76,6013,538,106347
59913,3600.58,0,0,0,0,42.95,6013,538,106347
59963,3563.79,0,0,0,0,35.06,6013,538,106347
60013,3586.80,0,0,1,0,46.05,6013,539,106347
60063,3554.50,0,0,1,0,33.16,6013,541,106347
60113,3598.85,0,0,1,0,31.44,6013,542,106347
60163,3558.72,0,0,1,0,51.39,6013,544,106347
60213,3611.85,0,0,0,0,29.25,6013,544,106347
60263,3583.37,0,0,0,0,41.27,6013,544,106347
60313,3600.58,0,0,0,0,-39.81,6013,544,106347
60363,3567.18,0,0,0,0,44.66,6013,544,106347
60413,3599.71,0,0,0,0,35.90,6013,544,106347
60463,3555.34,0,0,1,0,43.50,6013,545,106347
60513,3600.58,0,0,0,0,32.47,6013,545,106347
60563,54545.45,-7582,-662,0,-6921,-50882.45,7507,546,113268
60613,3604.90,0,-1,0,0,-0.92,7509,546,113268
60663,3578.24,0,0,0,0,20.60,7509,546,113268
60713,3611.85,0,0,0,0,27.43,7509,546,113268
60763,3568.03,0,0,0,0,51.66,7509,546,113268
60813,3600.58,0,0,0,0,23.19,7509,546,113268
60863,3568.03,0,0,0,0,43.82,7509,546,113268
60913,3567.18,0,0,0,0,33.39,7509,546,113268
60963,3605.77,0,-6,0,-6,-913.46,7520,546,113276
61014,3560.41,0,0,0,0,501.33,7531,546,113282
61064,3594.54,0,-4,0,-4,-687.01,7539,546,113287
61114,3500.58,0,1,0,0,371.38,7546,546,113310
61164,3568.03,0,0,0,0,148.52,7548,546,113320
61214,3548.62,0,0,1,0,53.69,7548,547,113320
61264,3576.54,0,0,0,0,-31.28,7548,548,113320
61314,3544.42,0,0,1,0,28.71,7548,550,113320
61364,3576.54,0,0,0,0,-32.95,7548,551,113320
61414,3544.42,0,0,1,0,32.11,7548,553,113320
61464,3587.66,0,0,1,0,39.82,7548,554,113320
61514,3533.57,0,0,1,0,42.97,7548,556,113320
61564,3587.66,0,0,1,0,31.25,7548,557,113320
61614,3544.42,0,0,1,0,43.23,7548,559,113320
61664,3586.80,0,0,1,0,42.62,7548,560,113320
61714,3564.64,0,0,0,0,34.21,7548,561,113320
61764,3588.52,0,0,0,0,39.47,7548,561,113320
61814,3555.34,0,0,1,0,31.46,7548,563,113320
61864,3598.85,0,0,1,0,48.78,7548,564,113320
61914,3568.03,0,0,0,0,43.82,7548,564,113320
61964,3600.58,0,0,0,0,31.00,7548,564,113320
62014,3576.54,0,0,0,0,34.44,7548,564,113320
62064,3630.20,0,0,0,0,-47.69,7548,564,113320
62114,3576.54,0,0,0,0,34.44,7548,564,113320
62164,3624.06,0,0,0,0,-52.64,7548,564,113320
62214,3576.54,0,0,0,0,43.15,7548,564,113320
62264,3644.31,0,0,-1,0,-85.60,7548,566,113320
62314,3582.52,0,0,0,0,-43.38,7548,566,113320
62364,3629.32,0,0,0,0,-46.81,7548,566,113320
62414,3604.90,0,0,0,0,-31.34,7548,566,113320
62464,3642.54,0,0,-1,0,-39.37,7548,568,113320
62514,3615.33,0,0,-1,0,-36.78,7548,569,113320
62564,3662.11,0,0,-1,0,-35.42,7548,571,113320
62614,3614.46,0,0,-1,0,-26.36,7548,572,113320
62664,3662.11,0,0,-1,0,-58.07,7548,574,113320
62714,3613.59,0,0,-1,0,-53.74,7548,575,113320
62764,3662.11,0,0,-1,0,-46.78,7548,577,113320
62814,3618.82,0,0,0,0,-54.90,7548,577,113320
62864,3643.43,0,0,-1,0,-28.10,7548,579,113320
62914,3591.09,0,0,-1,0,-36.79,7548,580,113320
62964,3618.82,0,0,0,0,-36.48,7548,580,113320
63014,3593.67,0,0,0,0,-32.20,7548,580,113320
63064,3639.01,0,0,0,0,-45.34,7548,580,113320
63114,3568.03,0,0,0,0,33.41,7548,580,113320
63164,3587.66,0,0,0,0,25.72,7548,580,113320
63214,3575.69,0,0,0,0,24.89,7548,580,113320
63264,3612.72,0,0,0,0,32.72,7548,580,113320
63314,3568.88,0,0,0,0,42.10,7548,580,113320
63364,3611.85,0,0,0,0,27.43,7548,580,113320
63414,3571.43,0,0,0,0,52.64,7548,580,113320
63464,3601.44,0,0,0,0,-49.14,7548,580,113320
63514,3571.43,0,0,0,0,50.01,7548,581,113320
63564,3624.06,0,0,0,0,-52.64,7548,581,113320
63614,3582.52,0,0,0,0,-46.65,7548,581,113320
63664,3620.56,0,0,0,0,-37.19,7548,581,113320
63714,3568.03,0,0,0,0,33.41,7548,581,113320
63764,3598.85,0,0,0,0,24.87,7548,581,113320
63814,3567.18,0,0,0,0,44.66,7548,581,113320
63864,3600.58,0,0,0,0,42.93,7548,581,113320
63915,3548.62,0,0,1,0,121.56,7549,582,113324
63965,3568.88,0,0,0,0,-45.27,7549,582,113324
64015,3533.57,0,0,1,0,42.97,7549,584,113324
64065,3564.64,0,0,0,0,-31.07,7549,585,113324
64115,3576.54,0,0,0,0,-46.30,7549,586,113324
64165,3538.57,0,0,1,0,483.96,7559,587,113331
64215,3501.40,0,1,0,0,324.15,7565,587,113352
64265,3546.94,0,0,1,0,33.87,7565,588,113352
64315,3599.71,0,0,0,0,11.91,7565,588,113352
64365,3548.62,0,0,1,0,55.42,7565,590,113352
64415,3589.38,0,0,0,0,23.00,7565,590,113352
64465,3568.03,0,0,0,0,33.41,7565,590,113352
64515,3610.11,0,0,0,0,35.92,7565,590,113352
64565,3575.69,0,0,0,0,24.89,7565,590,113352
64615,3611.85,0,0,0,0,26.57,7565,590,113352
64665,3568.88,0,0,0,0,40.36,7565,590,113352
64715,3610.98,0,0,0,0,40.36,7565,590,113352
64765,3586.80,0,0,0,0,40.36,7565,590,113352
64815,3629.32,0,0,0,0,-43.38,7565,590,113352
64865,3586.80,0,0,0,0,-43.38,7565,590,113352
64915,3629.32,0,0,0,0,-48.52,7565,590,113352
64965,3591.95,0,0,0,0,-42.54,7565,590,113352
65015,3639.01,0,0,0,0,-45.34,7565,590,113352
65065,3604.04,0,0,0,0,-41.03,7565,590,113352
65115,3665.69,0,0,-1,0,-69.43,7565,592,113352
65165,3604.04,0,0,-1,0,-57.21,7565,593,113352
65215,3630.20,0,0,0,0,-46.83,7565,593,113352
65265,3593.67,0,0,0,0,-51.35,7565,593,113352
65315,3648.75,0,0,-1,0,-56.79,7565,594,113352
65366,3604.04,0,0,-1,0,-62.25,7565,595,113352
65416,3653.19,0,0,-1,0,-37.86,7565,597,113352
65466,3603.17,0,0,0,0,-27.95,7565,597,113352
65516,3635.48,0,0,0,0,-43.53,7565,598,113352
65566,3582.52,0,0,0,0,-42.52,7565,598,113352
65616,3619.69,0,0,0,0,-45.93,7565,598,113352
65666,3593.67,0,0,0,0,-33.76,7565,598,113352
65716,3610.11,0,0,0,0,-33.76,7565,598,113352
65766,3568.03,0,0,0,0,32.55,7565,598,113352
65816,3598.85,0,0,0,0,35.06,7565,598,113352
65866,3575.69,0,0,0,0,24.89,7565,598,113352
65916,3590.23,0,0,0,0,43.80,7565,598,113352
65966,3555.34,0,0,1,0,43.50,7565,600,113352
66016,3608.37,0,0,1,0,40.92,7565,601,113352
66066,3576.54,0,0,0,0,35.31,7565,601,113352
66116,3623.19,0,0,0,0,-44.94,7565,601,113352
66166,3558.72,0,0,1,0,42.72,7565,602,113352
66216,3587.66,0,0,1,0,39.82,7565,603,113352
66266,3553.66,0,0,1,0,45.19,7565,605,113352
66316,3578.24,0,0,0,0,-32.98,7565,606,113352
66366,3553.66,0,0,1,0,45.19,7565,608,113352
66416,3610.11,0,0,0,0,32.47,7565,608,113352
66466,3577.39,0,0,0,0,34.46,7565,608,113352
66516,3629.32,0,0,0,0,-35.65,7565,608,113352
66566,3603.17,0,0,0,0,-30.48,7565,608,113352
66616,3652.30,0,0,-1,0,-49.13,7565,610,113352
66666,3615.33,0,0,-1,0,-46.55,7565,611,113352
66716,3661.22,0,0,-1,0,-45.02,7565,612,113352
66766,3603.17,0,0,-1,0,-39.39,7565,613,113352
66816,3652.30,0,0,-1,0,-36.97,7565,615,113352
66866,3614.46,0,0,-1,0,-34.37,7565,616,113352
66916,3652.30,0,0,-1,0,-36.97,7565,618,113352
66966,3604.90,0,0,0,0,-26.22,7565,618,113352
67016,3643.43,0,0,-1,0,-40.26,7565,619,113352
67066,3602.31,0,0,-1,0,-37.64,7565,620,113352
67116,3650.52,0,0,-1,0,-45.62,7565,621,113352
67166,3604.04,0,0,-1,0,-38.51,7565,622,113352
67216,3641.66,0,0,-1,0,-36.76,7565,623,113352
67266,3593.67,0,0,0,0,-27.95,7565,623,113352
67316,3639.01,0,0,0,0,-46.20,7565,623,113352
67366,3603.17,0,0,-1,0,-41.08,7565,624,113352
67416,3631.96,0,0,0,0,-27.06,7565,624,113352
67466,3570.58,0,0,0,0,58.75,7565,624,113352
67516,3590.23,0,0,1,0,32.97,7565,625,113352
67566,3544.42,0,0,1,0,43.23,7565,627,113352
67616,3598.85,0,0,1,0,40.68,7565,628,113352
67666,3555.34,0,0,1,0,41.78,7565,630,113352
67716,3597.12,0,0,1,0,40.05,7565,631,113352
67766,3567.18,0,0,0,0,33.39,7565,631,113352
67816,3610.98,0,0,0,0,33.39,7565,631,113352
67866,46875.00,-10744,-562,0,-10186,-43292.48,8127,631,123538
67916,3624.94,0,0,0,0,-31.26,8131,631,123538
67966,3576.54,0,0,0,0,43.15,8131,631,123538
68016,3610.98,0,0,0,0,-44.90,8131,631,123538
68066,3555.34,0,0,1,0,33.17,8131,632,123538
68116,3587.66,0,0,1,0,41.76,8131,633,123538
68166,3533.57,0,0,1,0,30.22,8131,635,123538
68216,3563.79,0,0,0,0,-29.39,8131,636,123538
68267,3509.59,0,1,0,0,43.23,8132,638,123538
68317,3498.95,0,1,0,0,34.62,8133,639,123538
68367,3550.30,0,0,1,0,443.31,8143,640,123544
68417,3503.04,0,1,0,0,267.70,8149,640,123571
68467,3552.82,0,0,1,0,0.00,8149,643,123571
68517,3522.78,0,1,0,0,43.55,8151,643,123571
68567,3575.69,0,0,0,0,-42.95,8151,644,123571
68617,3534.40,0,0,1,0,36.18,8151,645,123571
68667,3563.79,0,0,0,0,-28.56,8151,646,123571
68717,3533.57,0,0,1,0,32.77,8152,647,123571
68767,3554.50,0,0,1,0,-18.43,8152,649,123571
68817,3521.13,0,1,0,0,35.90,8154,650,123571
68867,3567.18,0,0,0,0,-55.95,8155,651,123571
68917,3532.74,0,0,1,0,36.14,8155,652,123571
68967,3587.66,0,0,1,0,29.56,8155,653,123571
69017,3555.34,0,0,1,0,43.50,8155,655,123571
69067,3611.85,0,0,0,0,22.28,8155,655,123571
69117,3580.81,0,0,0,0,-50.06,8155,655,123571
69167,3629.32,0,0,0,0,-42.52,8155,655,123571
69217,3593.67,0,0,0,0,-33.76,8155,655,123571
69267,3647.86,0,0,-1,0,-54.18,8155,656,123571
69317,3614.46,0,0,-1,0,-35.02,8155,657,123571
69367,3662.11,0,0,-1,0,-46.78,8155,659,123571
69417,3593.67,0,0,0,0,-6.12,8155,659,123571
69467,3633.72,0,0,0,0,-30.55,8155,659,123571
69517,3614.46,0,0,-1,0,-49.01,8155,660,123571
69567,3652.30,0,0,-1,0,-48.26,8155,662,123571
69617,3613.59,0,0,-1,0,-55.47,8155,663,123571
69667,3662.11,0,0,-1,0,-46.78,8155,665,123571
69718,3602.31,0,0,-1,0,-46.53,8155,666,123571
69768,3617.94,0,0,0,0,-27.90,8155,666,123571
69818,3591.95,0,0,0,0,-39.76,8155,666,123571
69868,3623.19,0,0,0,0,-44.94,8155,666,123571
69918,3576.54,0,0,0,0,33.57,8155,666,123571
69968,3619.69,0,0,0,0,33.57,8155,666,123571
70018,3581.66,0,0,0,0,-48.54,8155,666,123571
70068,3629.32,0,0,0,0,-42.52,8155,666,123571
70118,3568.03,0,0,0,0,42.95,8155,666,123571
70168,3439.58,0,2,0,0,43.12,8158,666,123571
70218,3348.96,0,3,0,0,47.78,8163,666,123571
70268,3156.57,0,5,0,2,516.30,8176,666,123597
70318,3092.78,1,6,0,0,36.13,8192,666,123597
70368,3010.84,0,7,0,0,31.76,8206,666,123597
70418,2866.42,6,9,0,0,51.30,8231,666,123597
70468,2780.87,0,10,0,0,49.86,8251,666,123597
70518,2689.62,5,11,0,10,57.63,8273,666,123607
70568,2616.43,0,12,0,5,34.21,8297,666,123619
70618,2521.43,0,14,0,9,56.33,8324,666,123634
70668,2471.17,0,14,0,-19,-109.71,8354,666,123678
70718,2469.14,0,14,0,-17,-105.81,8384,666,123711
70768,2204.59,14,18,0,17,125.33,8418,666,123749
70818,2255.64,0,17,0,-1,-12.15,8452,666,123755
70868,2061.01,22,20,0,13,99.44,8490,666,123781
70918,2049.18,23,20,0,5,42.87,8529,666,123790
70968,2001.07,4,20,0,6,48.11,8549,666,123796
71018,1923.08,13,21,0,2,20.18,8591,666,123805
71068,1862.20,1,22,0,7,60.88,8613,666,123812
71118,1787.63,18,23,0,7,60.80,8658,666,123820
71168,1773.68,0,23,0,1,13.95,8681,666,123821
71218,1697.60,18,24,0,1,14.34,8729,666,123829
71268,1636.13,11,25,0,6,61.48,8754,666,123835
71318,1624.78,0,25,0,1,11.34,8779,666,123836
71368,1548.95,27,26,0,1,11.12,8831,666,123843
71418,1484.12,33,27,0,6,64.83,8858,666,123849
71468,1473.33,28,27,0,1,10.79,8885,666,123850
71518,1407.66,34,28,0,6,65.67,8913,666,123856
71568,1400.04,28,28,0,0,7.62,8941,666,123856
71618,1333.45,34,29,0,5,66.59,8970,666,123861
71668,1282.38,31,30,0,1,16.77,9029,666,123864
71718,1249.58,32,30,0,2,32.80,9059,666,123866
71768,1181.20,36,31,0,5,68.39,9090,666,123871
71818,1175.64,31,31,0,0,5.55,9121,666,123871
71868,1175.64,31,31,0,0,5.55,9121,666,123871
71918,1103.35,37,32,0,5,72.29,9153,666,123876
71968,1099.87,32,32,0,0,3.48,9185,666,123876
72018,1032.49,37,33,0,4,67.38,9218,666,123880
72068,1021.31,33,33,0,0,11.18,9251,666,123880
72118,955.78,38,34,0,4,65.53,9285,666,123884
72168,955.78,38,34,0,4,65.53,9285,666,123884
72218,936.45,35,34,0,1,19.33,9319,666,123885
72268,878.63,38,35,0,3,57.81,9354,666,123888
72318,856.95,36,35,0,1,21.68,9389,666,123889
72368,856.95,36,35,0,1,21.68,9389,666,123889
72418,779.87,40,36,0,4,77.08,9425,666,123893
72468,769.03,36,36,0,0,10.84,9461,666,123893
72518,769.03,36,36,0,0,10.84,9461,666,123893
72568,693.87,40,37,0,3,75.17,9498,666,123896
72619,693.87,40,37,0,3,75.17,9498,666,123896
72669,673.46,38,38,0,0,20.41,9536,666,123896
72719,673.46,38,38,0,0,20.41,9536,666,123896
72769,596.80,42,39,0,3,76.66,9575,666,123899
72819,596.80,42,39,0,3,76.66,9575,666,123899
72869,564.84,40,39,0,1,31.96,9614,666,123900
72919,564.84,40,39,0,1,31.96,9614,666,123900
72969,564.84,40,39,0,1,31.96,9614,666,123900
73019,473.74,42,40,0,2,91.11,9654,666,123902
73069,473.74,42,40,0,2,91.11,9654,666,123902
73119,425.60,42,41,0,1,48.13,9695,666,123903
73169,425.60,42,41,0,1,48.13,9695,666,123903
73219,425.60,42,41,0,1,48.13,9695,666,123903
73269,425.60,42,41,0,1,48.13,9695,666,123903
74144,116.53,-42,41,0,1,48.13,9695,666,123903
74194,116.53,-42,41,0,1,48.13,9695,666,123903
74244,116.53,-42,41,0,1,48.13,9695,666,123903
74294,116.53,-42,41,0,1,48.13,9695,666,123903
74344,116.53,-42,41,0,1,48.13,9695,666,123903
74394,0.00,-42,41,0,1,48.13,9695,666,123903
74444,0.00,-42,41,0,1,48.13,9695,666,123903
74494,0.00,-42,41,0,1,48.13,9695,666,123903
74544,0.00,-42,41,0,1,48.13,9695,666,123903
74594,0.00,-42,41,0,1,48.13,9695,666,123903
74644,0.00,-42,41,0,1,48.13,9695,666,123903
74694,0.00,-42,41,0,1,48.13,9695,666,123903
74744,0.00,-42,41,0,1,48.13,9695,666,123903
74795,0.00,-42,41,0,1,48.13,9695,666,123903
74845,0.00,-42,41,0,1,48.13,9695,666,123903
74895,0.00,-42,41,0,1,48.13,9695,666,123903
74945,0.00,-42,41,0,1,48.13,9695,666,123903
74995,0.00,-42,41,0,1,48.13,9695,666,123903
75045,0.00,-42,41,0,1,48.13,9695,666,123903
75095,0.00,-42,41,0,1,48.13,9695,666,123903
75145,0.00,-42,41,0,1,48.13,9695,666,123903
75195,0.00,-42,41,0,1,48.13,9695,666,123903
75245,0.00,-42,41,0,1,48.13,9695,666,123903
75295,0.00,-42,41,0,1,48.13,9695,666,123903
75345,0.00,-42,41,0,1,48.13,9695,666,123903
75395,0.00,-42,41,0,1,48.13,9695,666,123903
75445,0.00,-42,41,0,1,48.13,9695,666,123903
75495,0.00,-42,41,0,1,48.13,9695,666,123903
75545,0.00,-42,41,0,1,48.13,9695,666,123903
75595,0.00,-42,41,0,1,48.13,9695,666,123903
75645,0.00,-42,41,0,1,48.13,9695,666,123903
75695,0.00,-42,41,0,1,48.13,9695,666,123903
75745,0.00,-42,41,0,1,48.13,9695,666,123903
75795,0.00,-42,41,0,1,48.13,9695,666,123903
75845,0.00,-42,41,0,1,48.13,9695,666,123903
75895,0.00,-42,41,0,1,48.13,9695,666,123903
75945,0.00,-42,41,0,1,48.13,9695,666,123903
75995,0.00,-42,41,0,1,48.13,9695,666,123903
76045,0.00,-42,41,0,1,48.13,9695,666,123903
76095,0.00,-42,41,0,1,48.13,9695,666,123903
76145,0.00,-42,41,0,1,48.13,9695,666,123903
76195,0.00,-42,41,0,1,48.13,9695,666,123903
76246,0.00,-42,41,0,1,48.13,9695,666,123903
76296,0.00,-42,41,0,1,48.13,9695,666,123903
76346,0.00,-42,41,0,1,48.13,9695,666,123903
76396,0.00,-42,41,0,1,48.13,9695,666,123903
76446,0.00,-42,41,0,1,48.13,9695,666,123903
76496,0.00,-42,41,0,1,48.13,9695,666,123903
76546,0.00,-42,41,0,1,48.13,9695,666,123903
76596,0.00,-42,41,0,1,48.13,9695,666,123903
76646,0.00,-42,41,0,1,48.13,9695,666,123903
76696,0.00,-42,41,0,1,48.13,9695,666,123903
76746,0.00,-42,41,0,1,48.13,9695,666,123903
76796,0.00,-42,41,0,1,48.13,9695,666,123903
76846,0.00,-42,41,0,1,48.13,9695,666,123903
76896,0.00,-42,41,0,1,48.13,9695,666,123903
76946,0.00,-42,41,0,1,48.13,9695,666,123903
76996,0.00,-42,41,0,1,48.13,9695,666,123903
77046,0.00,-42,41,0,1,48.13,9695,666,123903
77096,0.00,-42,41,0,1,48.13,9695,666,123903
77146,0.00,-42,41,0,1,48.13,9695,666,123903
77196,0.00,-42,41,0,1,48.13,9695,666,123903
77246,0.00,-42,41,0,1,48.13,9695,666,123903
77296,0.00,-42,41,0,1,48.13,9695,666,123903
77346,0.00,-42,41,0,1,48.13,9695,666,123903
77396,0.00,-42,41,0,1,48.13,9695,666,123903
77446,0.00,-42,41,0,1,48.13,9695,666,123903
77496,0.00,-42,41,0,1,48.13,9695,666,123903
77546,0.00,-42,41,0,1,48.13,9695,666,123903
77596,0.00,-42,41,0,1,48.13,9695,666,123903
77646,0.00,-42,41,0,1,48.13,9695,666,123903
77696,0.00,-42,41,0,1,48.13,9695,666,123903
77746,0.00,-42,41,0,1,48.13,9695,666,123903
77796,0.00,-42,41,0,1,48.13,9695,666,123903
77846,0.00,-42,41,0,1,48.13,9695,666,123903
77896,0.00,-42,41,0,1,48.13,9695,666,123903
77946,0.00,-42,41,0,1,48.13,9695,666,123903
77996,0.00,-42,41,0,1,48.13,9695,666,123903
78046,0.00,-42,41,0,1,48.13,9695,666,123903
78096,0.00,-42,41,0,1,48.13,9695,666,123903
78146,0.00,-42,41,0,1,48.13,9695,666,123903
78196,0.00,-42,41,0,1,48.13,9695,666,123903
78246,0.00,-42,41,0,1,48.13,9695,666,123903
78296,0.00,-42,41,0,1,48.13,9695,666,123903
78346,0.00,-42,41,0,1,48.13,9695,666,123903
78396,0.00,-42,41,0,1,48.13,9695,666,123903
78446,0.00,-42,41,0,1,48.13,9695,666,123903
78496,0.00,-42,41,0,1,48.13,9695,666,123903
78546,0.00,-42,41,0,1,48.13,9695,666,123903
78596,0.00,-42,41,0,1,48.13,9695,666,123903
78646,0.00,-42,41,0,1,48.13,9695,666,123903
78696,0.00,-42,41,0,1,48.13,9695,666,123903
78746,0.00,-42,41,0,1,48.13,9695,666,123903
78796,0.00,-42,41,0,1,48.13,9695,666,123903
78846,0.00,-42,41,0,1,48.13,9695,666,123903
78896,0.00,-42,41,0,1,48.13,9695,666,123903
78946,0.00,-42,41,0,1,48.13,9695,666,123903
78996,0.00,-42,41,0,1,48.13,9695,666,123903
79046,0.00,-42,41,0,1,48.13,9695,666,123903
79096,0.00,-42,41,0,1,48.13,9695,666,123903
79147,0.00,-42,41,0,1,48.13,9695,666,123903
79197,0.00,-42,41,0,1,48.13,9695,666,123903
79247,0.00,-42,41,0,1,48.13,9695,666,123903
79297,0.00,-42,41,0,1,48.13,9695,666,123903
79347,0.00,-42,41,0,1,48.13,9695,666,123903
79397,0.00,-42,41,0,1,48.13,9695,666,123903
79447,0.00,-42,41,0,1,48.13,9695,666,123903
79497,0.00,-42,41,0,1,48.13,9695,666,123903
79547,0.00,-42,41,0,1,48.13,9695,666,123903
79597,0.00,-42,41,0,1,48.13,9695,666,123903
79647,0.00,-42,41,0,1,48.13,9695,666,123903
79697,0.00,-42,41,0,1,48.13,9695,666,123903
79747,0.00,-42,41,0,1,48.13,9695,666,123903
79797,0.00,-42,41,0,1,48.13,9695,666,123903
79847,0.00,-42,41,0,1,48.13,9695,666,123903
79897,0.00,-42,41,0,1,48.13,9695,666,123903
79947,0.00,-42,41,0,1,48.13,9695,666,123903
79997,0.00,-42,41,0,1,48.13,9695,666,123903
80047,0.00,-42,41,0,1,48.13,9695,666,123903
80097,0.00,-42,41,0,1,48.13,9695,666,123903
80147,0.00,-42,41,0,1,48.13,9695,666,123903
80197,0.00,-42,41,0,1,48.13,9695,666,123903
80247,0.00,-42,41,0,1,48.13,9695,666,123903
80297,0.00,-42,41,0,1,48.13,9695,666,123903
80347,0.00,-42,41,0,1,48.13,9695,666,123903
80397,0.00,-42,41,0,1,48.13,9695,666,123903
80447,0.00,-42,41,0,1,48.13,9695,666,123903
80497,0.00,-42,41,0,1,48.13,9695,666,123903
80547,0.00,-42,41,0,1,48.13,9695,666,123903
80598,0.00,-42,41,0,1,48.13,9695,666,123903
80648,0.00,-42,41,0,1,48.13,9695,666,123903
80698,0.00,-42,41,0,1,48.13,9695,666,123903
80748,0.00,-42,41,0,1,48.13,9695,666,123903
80798,0.00,-42,41,0,1,48.13,9695,666,123903
80848,0.00,-42,41,0,1,48.13,9695,666,123903
80898,0.00,-42,41,0,1,48.13,9695,666,123903
80948,0.00,-42,41,0,1,48.13,9695,666,123903
80998,0.00,-42,41,0,1,48.13,9695,666,123903
81048,0.00,-42,41,0,1,48.13,9695,666,123903
81098,0.00,-42,41,0,1,48.13,9695,666,123903
81148,0.00,-42,41,0,1,48.13,9695,666,123903
