Microcontroller Governor - Constant Load(1500 W)
Trial: 1
Date: 4-5-2023
Time: 3:07 PM
Ambient Temp: 83
Head Temp: 203.0

------ Microcontroller Engine Governor - Version: 1.16 ------
-------------------------------------------------------------
PID Gains:  Kp: 0.013  KpAlt: 0.025  Kd: 0.100  KdAlt: 4.000
-------------------------------------------------------------
Set RPM:             3600    |  Min RPM:                 300
                             |
RPM Precision:       20      |  PID Kp Alt Range:        70
                             |
Start Steps:         850     |  Max Steps:               1200
                             |
RPM Calc Interval:   1       |  Num Magnets:             1
                             |
LCD Update Interval: 400     |  Serial Update Interval:  50
-------------------------------------------------------------

Time,RPM,Steps Remaining, PID p, PID p Alt, PID d, RPM Change, P Cmd, P Alt Cmd, D Cmd
1733,0.00,0,0,0,0,0.00,0,0,0
1783,0.00,0,0,0,0,0.00,0,0,0
1833,0.00,0,0,0,0,0.00,0,0,0
1883,0.00,0,0,0,0,0.00,0,0,0
1933,0.00,0,0,0,0,0.00,0,0,0
1983,0.00,0,0,0,0,0.00,0,0,0
2033,0.00,0,0,0,0,0.00,0,0,0
2083,0.00,0,0,0,0,0.00,0,0,0
2134,0.00,0,0,0,0,0.00,0,0,0
2184,0.00,0,0,0,0,0.00,0,0,0
2234,0.00,0,0,0,0,0.00,0,0,0
2284,0.00,0,0,0,0,0.00,0,0,0
2334,0.00,0,0,0,0,0.00,0,0,0
2384,0.00,0,0,0,0,0.00,0,0,0
2434,0.00,0,0,0,0,0.00,0,0,0
2484,0.00,0,0,0,0,0.00,0,0,0
2534,0.00,0,0,0,0,0.00,0,0,0
2584,0.00,0,0,0,0,0.00,0,0,0
2634,0.00,0,0,0,0,0.00,0,0,0
2684,0.00,0,0,0,0,0.00,0,0,0
2734,0.00,0,0,0,0,0.00,0,0,0
2784,0.00,0,0,0,0,0.00,0,0,0
2834,0.00,0,0,0,0,0.00,0,0,0
2884,0.00,0,0,0,0,0.00,0,0,0
2934,0.00,0,0,0,0,0.00,0,0,0
2984,0.00,0,0,0,0,0.00,0,0,0
3034,0.00,0,0,0,0,0.00,0,0,0
3084,0.00,0,0,0,0,0.00,0,0,0
3134,0.00,0,0,0,0,0.00,0,0,0
3184,0.00,0,0,0,0,0.00,0,0,0
3234,0.00,0,0,0,0,0.00,0,0,0
3284,0.00,0,0,0,0,0.00,0,0,0
3334,0.00,0,0,0,0,0.00,0,0,0
3384,0.00,0,0,0,0,0.00,0,0,0
3434,0.00,0,0,0,0,0.00,0,0,0
3484,0.00,0,0,0,0,0.00,0,0,0
3534,0.00,0,0,0,0,0.00,0,0,0
3584,0.00,0,0,0,0,0.00,0,0,0
3634,0.00,0,0,0,0,0.00,0,0,0
3684,0.00,0,0,0,0,0.00,0,0,0
3734,0.00,0,0,0,0,0.00,0,0,0
3784,0.00,0,0,0,0,0.00,0,0,0
3834,0.00,0,0,0,0,0.00,0,0,0
3884,0.00,0,0,0,0,0.00,0,0,0
3934,0.00,0,0,0,0,0.00,0,0,0
3984,0.00,0,0,0,0,0.00,0,0,0
4034,0.00,0,0,0,0,0.00,0,0,0
4084,0.00,0,0,0,0,0.00,0,0,0
4134,0.00,0,0,0,0,0.00,0,0,0
4184,0.00,0,0,0,0,0.00,0,0,0
4234,0.00,0,0,0,0,0.00,0,0,0
4284,0.00,0,0,0,0,0.00,0,0,0
4334,0.00,0,0,0,0,0.00,0,0,0
4384,0.00,0,0,0,0,0.00,0,0,0
4434,0.00,0,0,0,0,0.00,0,0,0
4484,0.00,0,0,0,0,0.00,0,0,0
4534,0.00,0,0,0,0,0.00,0,0,0
4584,0.00,0,0,0,0,0.00,0,0,0
4634,0.00,0,0,0,0,0.00,0,0,0
4684,0.00,0,0,0,0,0.00,0,0,0
4734,0.00,0,0,0,0,0.00,0,0,0
4784,0.00,0,0,0,0,0.00,0,0,0
4834,0.00,0,0,0,0,0.00,0,0,0
4884,0.00,0,0,0,0,0.00,0,0,0
4934,0.00,0,0,0,0,0.00,0,0,0
4984,0.00,0,0,0,0,0.00,0,0,0
5035,0.00,0,0,0,0,0.00,0,0,0
5085,0.00,0,0,0,0,0.00,0,0,0
5135,0.00,0,0,0,0,0.00,0,0,0
5185,0.00,0,0,0,0,0.00,0,0,0
5235,0.00,0,0,0,0,0.00,0,0,0
5285,0.00,0,0,0,0,0.00,0,0,0
5335,0.00,0,0,0,0,0.00,0,0,0
5385,0.00,0,0,0,0,0.00,0,0,0
5435,0.00,0,0,0,0,0.00,0,0,0
5485,0.00,0,0,0,0,0.00,0,0,0
5535,0.00,0,0,0,0,0.00,0,0,0
5585,0.00,0,0,0,0,0.00,0,0,0
5635,0.00,0,0,0,0,0.00,0,0,0
5685,0.00,0,0,0,0,0.00,0,0,0
5735,0.00,0,0,0,0,0.00,0,0,0
5785,0.00,0,0,0,0,0.00,0,0,0
5835,0.00,0,0,0,0,0.00,0,0,0
5885,0.00,0,0,0,0,0.00,0,0,0
5935,0.00,0,0,0,0,0.00,0,0,0
5985,0.00,0,0,0,0,0.00,0,0,0
6035,0.00,0,0,0,0,0.00,0,0,0
6085,0.00,0,0,0,0,0.00,0,0,0
6135,0.00,0,0,0,0,0.00,0,0,0
6185,0.00,0,0,0,0,0.00,0,0,0
6235,0.00,0,0,0,0,0.00,0,0,0
6285,0.00,0,0,0,0,0.00,0,0,0
6335,0.00,0,0,0,0,0.00,0,0,0
6385,0.00,0,0,0,0,0.00,0,0,0
6435,0.00,0,0,0,0,0.00,0,0,0
6486,0.00,0,0,0,0,0.00,0,0,0
6536,0.00,0,0,0,0,0.00,0,0,0
6586,0.00,0,0,0,0,0.00,0,0,0
6636,0.00,0,0,0,0,0.00,0,0,0
6686,0.00,0,0,0,0,0.00,0,0,0
6736,0.00,0,0,0,0,0.00,0,0,0
6786,0.00,0,0,0,0,0.00,0,0,0
6836,0.00,0,0,0,0,0.00,0,0,0
6886,0.00,0,0,0,0,0.00,0,0,0
6936,0.00,0,0,0,0,0.00,0,0,0
6986,0.00,0,0,0,0,0.00,0,0,0
7036,0.00,0,0,0,0,0.00,0,0,0
7086,0.00,0,0,0,0,0.00,0,0,0
7136,0.00,0,0,0,0,0.00,0,0,0
7186,0.00,0,0,0,0,0.00,0,0,0
7236,0.00,0,0,0,0,0.00,0,0,0
7286,0.00,0,0,0,0,0.00,0,0,0
7336,0.00,0,0,0,0,0.00,0,0,0
7386,0.00,0,0,0,0,0.00,0,0,0
7436,0.00,0,0,0,0,0.00,0,0,0
7486,0.00,0,0,0,0,0.00,0,0,0
7536,0.00,0,0,0,0,0.00,0,0,0
7586,0.00,0,0,0,0,0.00,0,0,0
7636,0.00,0,0,0,0,0.00,0,0,0
7686,0.00,0,0,0,0,0.00,0,0,0
7736,0.00,0,0,0,0,0.00,0,0,0
7786,0.00,0,0,0,0,0.00,0,0,0
7836,0.00,0,0,0,0,0.00,0,0,0
7886,0.00,0,0,0,0,0.00,0,0,0
7936,0.00,0,0,0,0,0.00,0,0,0
7986,0.00,0,0,0,0,0.00,0,0,0
8036,0.00,0,0,0,0,0.00,0,0,0
8086,0.00,0,0,0,0,0.00,0,0,0
8136,0.00,0,0,0,0,0.00,0,0,0
8186,0.00,0,0,0,0,0.00,0,0,0
8236,0.00,0,0,0,0,0.00,0,0,0
8286,0.00,0,0,0,0,0.00,0,0,0
8336,0.00,0,0,0,0,0.00,0,0,0
8386,0.00,0,0,0,0,0.00,0,0,0
8436,0.00,0,0,0,0,0.00,0,0,0
8486,0.00,0,0,0,0,0.00,0,0,0
8536,0.00,0,0,0,0,0.00,0,0,0
8586,0.00,0,0,0,0,0.00,0,0,0
8636,0.00,0,0,0,0,0.00,0,0,0
8686,0.00,0,0,0,0,0.00,0,0,0
8736,0.00,0,0,0,0,0.00,0,0,0
8786,0.00,0,0,0,0,0.00,0,0,0
8836,0.00,0,0,0,0,0.00,0,0,0
8886,0.00,0,0,0,0,0.00,0,0,0
8936,0.00,0,0,0,0,0.00,0,0,0
8986,0.00,0,0,0,0,0.00,0,0,0
9036,0.00,0,0,0,0,0.00,0,0,0
9086,0.00,0,0,0,0,0.00,0,0,0
9136,0.00,0,0,0,0,0.00,0,0,0
9186,0.00,0,0,0,0,0.00,0,0,0
9236,0.00,0,0,0,0,0.00,0,0,0
9286,0.00,0,0,0,0,0.00,0,0,0
9336,0.00,0,0,0,0,0.00,0,0,0
9387,0.00,0,0,0,0,0.00,0,0,0
9437,0.00,0,0,0,0,0.00,0,0,0
9487,0.00,0,0,0,0,0.00,0,0,0
9537,0.00,0,0,0,0,0.00,0,0,0
9587,0.00,0,0,0,0,0.00,0,0,0
9637,0.00,0,0,0,0,0.00,0,0,0
9687,0.00,0,0,0,0,0.00,0,0,0
9737,0.00,0,0,0,0,0.00,0,0,0
9787,0.00,0,0,0,0,0.00,0,0,0
9837,0.00,0,0,0,0,0.00,0,0,0
9887,inf,0,0,0,0,inf,0,0,0
9937,inf,0,0,0,0,inf,0,0,0
9987,620.04,27,38,0,0,inf,38,0,0
10037,620.04,0,38,0,0,inf,38,0,0
10087,649.27,18,38,0,-1,-29.23,76,0,1
10137,975.74,5,34,0,-21,-326.47,110,0,22
10187,975.74,0,34,0,-21,-326.47,110,0,22
10237,1381.72,-6,28,0,-37,-408.27,172,0,59
10287,1397.56,18,28,0,-1,-15.83,200,0,60
10337,1697.22,0,24,0,-33,-299.66,224,0,93
10387,1931.50,0,21,0,-28,-223.46,269,0,122
10437,1945.78,0,21,0,-1,-14.28,290,0,123
10487,2210.43,0,18,0,-17,-117.22,327,0,161
10537,2325.94,0,16,0,0,-3.24,359,0,178
10587,2471.58,0,14,0,0,4.49,387,0,203
10637,2737.73,9,11,0,0,-134.01,422,0,229
10687,2828.59,1,10,0,0,-108.24,443,0,229
10737,2937.72,0,8,0,0,-116.58,461,0,229
10787,3034.59,0,7,0,0,12.33,483,0,229
10838,3260.16,3,4,0,0,-116.17,497,0,229
10888,3337.04,0,3,0,0,-96.60,504,0,229
10938,3417.63,0,2,0,0,10.15,511,0,229
10988,3555.34,0,0,1,0,-85.53,513,1,229
11038,3646.97,0,0,-1,0,-22.91,513,3,229
11088,3748.13,0,-1,0,0,-60.81,516,3,229
11138,3762.23,0,-2,0,0,33.32,521,3,229
11188,3810.01,0,-2,0,0,-31.67,527,3,229
11238,3639.89,0,0,0,0,34.78,533,3,232
11288,3630.20,0,0,0,0,41.77,533,3,232
11338,3627.57,0,0,0,0,-0.88,533,4,232
11388,3604.04,0,0,-1,0,-41.10,533,5,232
11438,3681.88,0,-1,0,0,-63.07,534,5,232
11488,3604.90,0,0,0,0,8.79,534,5,232
11538,3681.88,0,-1,0,0,-67.43,535,6,232
11588,3663.00,0,0,-1,0,45.28,536,8,232
11638,3723.01,0,-1,0,0,-35.69,539,8,232
11688,3700.05,0,-1,0,0,36.87,542,8,232
11738,3758.46,0,-2,0,0,-47.42,546,8,232
11788,3735.99,0,-1,0,0,34.75,550,8,232
11838,3796.51,0,-2,0,0,-60.52,555,8,232
11888,3750.00,0,-1,0,0,34.06,559,8,232
11938,3797.47,0,-2,0,0,-48.41,564,8,232
11988,3797.47,0,-2,0,0,-40.89,579,8,238
12038,3772.64,0,-2,0,0,38.34,585,8,238
12088,3810.01,0,-2,0,0,-35.47,591,8,238
12138,3762.23,0,-2,0,0,46.81,597,8,238
12188,3772.64,0,-2,0,0,-11.35,603,8,238
12238,3736.92,0,-1,0,0,35.71,607,8,238
12288,3758.46,0,-2,0,0,-31.75,612,8,238
12338,3723.93,0,-1,0,0,30.76,616,8,238
12388,3708.28,0,-1,0,0,38.91,626,8,243
12438,3747.19,0,-1,0,0,-35.24,630,8,243
12488,3698.22,0,-1,0,0,48.03,633,8,243
12538,3696.40,0,-1,0,0,-32.50,635,9,243
12588,3652.30,0,0,-1,0,43.19,636,11,243
12638,3660.32,0,0,-1,0,-10.69,636,14,243
12688,3630.20,0,0,0,0,41.77,636,15,243
12738,3650.52,0,0,-1,0,-21.20,636,16,243
12788,3615.33,0,0,-1,0,-33.50,636,17,243
12838,3604.90,0,0,-1,0,-46.78,636,18,243
12888,3555.34,0,0,1,0,43.50,636,19,243
12938,3597.12,0,0,1,0,41.56,636,20,243
12988,3564.64,0,0,0,0,24.74,636,20,243
13038,3602.31,0,0,0,0,35.11,636,20,243
13088,3564.64,0,0,0,0,35.07,636,20,243
13138,3598.85,0,0,0,0,33.41,636,20,243
13188,3547.78,0,0,1,0,52.80,636,21,243
13238,3600.58,0,0,0,0,37.61,636,21,243
13288,3577.39,0,0,0,0,23.19,636,21,243
13338,3611.85,0,0,0,0,25.72,636,21,243
13388,3575.69,0,0,0,0,36.16,636,21,243
13438,3615.33,0,0,0,0,-47.50,636,21,243
13488,3567.18,0,0,0,0,45.53,636,21,243
13538,3611.85,0,0,0,0,43.82,636,21,243
13588,3555.34,0,0,1,0,44.37,636,22,243
13638,3587.66,0,0,1,0,51.36,636,23,243
13688,3554.50,0,0,1,0,43.48,636,25,243
13739,3589.38,0,0,0,0,25.57,636,25,243
13789,3558.72,0,0,1,0,41.86,636,26,243
13839,3597.98,0,0,1,0,51.02,636,27,243
13889,3574.83,0,0,0,0,25.74,636,27,243
13939,3611.85,0,0,0,0,36.18,636,27,243
13989,3568.88,0,0,0,0,42.10,636,27,243
14039,3566.33,0,0,0,0,35.11,636,27,243
14089,3502.22,0,1,0,0,393.89,643,27,274
14139,3502.22,0,1,0,0,381.78,649,27,293
14189,3501.40,0,1,0,0,331.00,655,27,309
14239,3557.03,0,0,1,0,226.07,658,28,321
14289,3592.81,0,0,0,-6,-192.59,659,28,327
14339,3559.56,0,0,1,0,60.13,659,30,327
14389,3611.85,0,0,0,0,41.07,659,30,327
14439,3576.54,0,0,0,0,35.31,659,30,327
14489,3587.66,0,0,1,0,41.86,659,31,327
14539,3556.19,0,0,1,0,19.50,659,33,327
14589,3597.12,0,0,1,0,32.31,659,34,327
14639,3555.34,0,0,1,0,31.46,659,36,327
14689,3587.66,0,0,1,0,34.03,659,37,327
14739,3562.95,0,0,0,0,35.90,659,38,327
14789,3610.11,0,0,1,0,43.57,659,39,327
14839,3563.79,0,0,0,0,35.92,659,39,327
14889,3611.85,0,0,0,0,26.58,659,39,327
14939,3582.52,0,0,0,0,-38.05,659,39,327
14989,3601.44,0,0,0,0,-38.92,659,39,327
15039,3567.18,0,0,0,0,44.66,659,39,327
15089,3610.98,0,0,0,0,36.20,659,39,327
15139,3569.73,0,0,0,0,50.84,659,39,327
15190,3599.71,0,0,0,0,43.82,659,39,327
15240,3577.39,0,0,0,0,34.46,659,39,327
15290,3619.69,0,0,0,0,34.46,659,39,327
15340,3593.67,0,0,0,0,-27.75,659,39,327
15390,3627.57,0,0,0,0,-33.89,659,39,327
15440,3603.17,0,0,-1,0,-40.24,659,40,327
15490,3626.69,0,0,0,0,30.95,659,41,327
15540,3582.52,0,0,0,0,-34.77,659,41,327
15590,3648.75,0,0,-1,0,-55.93,659,43,327
15640,3604.90,0,0,0,0,-41.01,659,43,327
15690,3633.72,0,0,0,0,-28.82,659,43,327
15740,3603.17,0,0,-1,0,-40.22,659,44,327
15790,3642.54,0,0,-1,0,-38.51,659,46,327
15840,3604.04,0,0,0,0,-41.87,659,46,327
15890,3639.01,0,0,0,0,-45.34,659,46,327
15940,3604.90,0,0,0,0,-32.28,659,46,327
15990,3652.30,0,0,-1,0,-37.84,659,48,327
16040,3592.81,0,0,-1,0,-34.17,659,49,327
16090,3620.56,0,0,0,0,-38.90,659,49,327
16140,3586.80,0,0,0,0,-38.90,659,49,327
16190,3619.69,0,0,0,0,-38.90,659,49,327
16240,3577.39,0,0,0,0,41.43,659,49,327
16290,3600.58,0,0,0,0,35.95,659,49,327
16340,3568.03,0,0,0,0,43.82,659,49,327
16390,3600.58,0,0,0,0,33.41,659,49,327
16440,3571.43,0,0,0,0,28.28,659,49,327
16490,3600.58,0,0,0,0,34.24,659,49,327
16540,3563.79,0,0,0,0,35.92,659,49,327
16590,3612.72,0,0,0,0,33.41,659,49,327
16640,3577.39,0,0,0,0,23.19,659,49,327
16690,3611.85,0,0,0,0,36.16,659,49,327
16740,3576.54,0,0,0,0,43.15,659,49,327
16790,3609.24,0,0,0,0,43.15,659,49,327
16840,3585.94,0,0,0,0,35.26,659,49,327
16890,3610.98,0,0,0,0,38.81,659,49,327
16940,3576.54,0,0,0,0,35.31,659,49,327
16990,3628.45,0,0,0,0,-45.93,659,49,327
17040,3576.54,0,0,0,0,24.04,659,49,327
17090,3611.85,0,0,0,0,27.46,659,49,327
17140,3577.39,0,0,0,0,33.59,659,49,327
17190,3600.58,0,0,0,0,35.11,659,49,327
17240,3558.72,0,0,1,0,41.86,659,50,327
17290,3599.71,0,0,0,0,35.06,659,50,327
17340,3575.69,0,0,0,0,24.89,659,50,327
17390,3611.85,0,0,0,0,24.89,659,50,327
17440,3577.39,0,0,0,0,32.72,659,50,327
17490,3619.69,0,0,0,0,32.72,659,50,327
17540,3586.80,0,0,0,0,44.86,659,50,327
17590,3619.69,0,0,0,0,44.86,659,50,327
17640,3582.52,0,0,0,0,-33.89,659,50,327
17690,3619.69,0,0,0,0,-40.67,659,50,327
17740,3581.66,0,0,0,0,-39.09,659,50,327
17790,3611.85,0,0,0,0,37.07,659,50,327
17840,3624.06,0,0,0,0,-58.58,659,50,327
17890,3573.13,0,0,0,0,442.93,668,50,333
17940,3616.20,0,-5,0,-5,-733.09,677,50,339
17990,3571.43,0,0,0,0,426.44,686,50,344
18040,3606.64,0,-4,0,-3,-636.90,693,50,348
18091,3562.10,0,0,0,0,349.24,700,50,362
18141,3503.04,0,1,0,0,290.59,705,50,378
18191,3557.87,0,0,1,0,199.64,708,51,387
18241,3600.58,0,0,-1,-3,-164.71,709,52,390
18291,3551.14,0,0,1,0,79.95,709,54,390
18341,3557.87,0,0,1,0,-48.28,710,56,390
18391,3520.30,0,1,0,0,35.04,712,57,390
18441,3552.82,0,0,1,0,-20.08,712,60,390
18491,3521.95,0,1,0,0,43.53,713,61,390
18541,3567.18,0,0,0,0,-45.23,714,61,390
18591,3544.42,0,0,1,0,21.06,714,63,390
18641,3587.66,0,0,1,0,44.68,714,64,390
18691,3541.08,0,0,1,0,46.58,714,66,390
18741,3589.38,0,0,0,0,25.57,714,66,390
18791,3567.18,0,0,0,0,34.26,714,66,390
18841,3598.85,0,0,0,0,26.58,714,66,390
18891,3567.18,0,0,0,0,44.66,714,66,390
18941,3609.24,0,0,1,0,44.41,714,67,390
18991,3586.80,0,0,0,0,35.26,714,67,390
19041,3620.56,0,0,0,0,-34.62,714,67,390
19091,3573.13,0,0,0,0,50.06,714,67,390
19141,3612.72,0,0,0,0,35.31,714,67,390
19191,3586.80,0,0,0,0,35.31,714,67,390
19241,3639.01,0,0,0,0,-47.06,714,67,390
19291,3603.17,0,0,-1,0,-57.65,714,68,390
19341,3642.54,0,0,-1,0,-27.22,714,70,390
19391,3615.33,0,0,-1,0,-46.53,714,71,390
19441,3643.43,0,0,-1,0,-28.10,714,73,390
19491,3573.98,0,0,0,0,26.59,714,73,390
19542,3610.98,0,0,0,0,35.33,714,73,390
19592,3567.18,0,0,0,0,43.80,714,73,390
19642,3611.85,0,0,0,0,44.69,714,73,390
19692,3568.03,0,0,0,0,42.95,714,73,390
19742,3611.85,0,0,0,0,46.41,714,73,390
19792,3577.39,0,0,0,0,34.46,714,73,390
19842,3620.56,0,0,0,0,-38.90,714,73,390
19892,3584.23,0,0,0,0,-45.82,714,73,390
19942,3630.20,0,0,0,0,-38.25,714,73,390
19992,3594.54,0,0,0,0,-48.78,714,73,390
20042,3632.84,0,0,0,0,-27.94,714,73,390
20092,3585.94,0,0,0,0,-27.94,714,73,390
20142,3587.66,0,0,1,0,39.82,714,74,390
20192,3554.50,0,0,1,0,45.21,714,76,390
20242,3599.71,0,0,0,0,34.19,714,76,390
20292,3555.34,0,0,1,0,45.23,714,77,390
20342,3611.85,0,0,0,0,42.06,714,77,390
20392,3577.39,0,0,0,0,33.59,714,77,390
20442,3610.98,0,0,0,0,33.59,714,77,390
20492,3586.80,0,0,0,0,33.59,714,77,390
20542,3620.56,0,0,0,0,-35.48,714,77,390
20592,3593.67,0,0,0,0,-43.19,714,77,390
20642,3639.01,0,0,0,0,-46.20,714,77,390
20692,3571.43,0,0,0,0,57.90,714,77,390
20742,3632.84,0,0,0,0,-29.67,714,78,390
20792,3604.04,0,0,0,0,-38.42,714,78,390
20842,3643.43,0,0,-1,0,-28.97,714,79,390
20892,3604.04,0,0,-1,0,-43.93,714,80,390
20942,3652.30,0,0,-1,0,-36.97,714,82,390
20992,3615.33,0,0,-1,0,-29.96,714,83,390
21042,3652.30,0,0,-1,0,-36.97,714,85,390
21092,3613.59,0,0,-1,0,-43.95,714,86,390
21142,3653.19,0,0,-1,0,-50.02,714,88,390
21192,3604.04,0,0,-1,0,-51.63,714,89,390
21242,3642.54,0,0,-1,0,-38.51,714,91,390
21292,3604.04,0,0,0,0,-26.22,714,91,390
21342,3620.56,0,0,0,0,-37.19,714,91,390
21392,3577.39,0,0,0,0,33.59,714,91,390
21442,3612.72,0,0,0,0,33.59,714,91,390
21492,3582.52,0,0,0,0,-38.90,714,91,390
21542,3601.44,0,0,0,0,50.79,714,91,390
21592,3562.95,0,0,0,0,24.71,714,92,390
21642,3598.85,0,0,1,0,42.70,714,93,390
21692,3564.64,0,0,0,0,24.74,714,93,390
21742,3555.34,0,0,1,0,33.17,714,94,390
21792,3593.67,0,-5,0,-5,-768.08,723,94,396
21842,3551.14,0,0,1,0,376.59,731,95,400
21892,3501.40,0,1,0,0,329.04,737,95,418
21942,3557.87,0,0,1,0,44.43,737,97,418
21992,3577.39,0,0,0,0,-32.13,737,98,418
22042,3545.26,0,0,1,0,35.55,737,100,418
22092,3587.66,0,0,1,0,20.34,737,101,418
22142,3553.66,0,0,1,0,34.00,737,103,418
22192,3576.54,0,0,0,0,-30.44,737,104,418
22242,3555.34,0,0,1,0,33.17,737,106,418
22292,3597.12,0,0,1,0,32.31,737,107,418
22342,3568.03,0,0,0,0,40.34,737,108,418
22392,3598.85,0,0,1,0,37.43,737,109,418
22443,3578.24,0,0,0,0,32.73,737,109,418
22493,3623.19,0,0,0,0,-54.31,737,109,418
22543,3581.66,0,0,0,0,-46.67,737,109,418
22593,3619.69,0,0,0,0,-47.66,737,109,418
22643,3583.37,0,0,0,0,-45.80,737,109,418
22693,3629.32,0,0,0,0,-46.81,737,109,418
22743,3593.67,0,0,0,0,-46.08,737,109,418
22793,3624.06,0,0,0,0,-48.38,737,109,418
22843,3582.52,0,0,0,0,-57.24,737,109,418
22893,3619.69,0,0,0,0,-55.61,737,109,418
22943,3593.67,0,0,0,0,-41.67,737,109,418
22993,3637.25,0,0,0,0,-44.43,737,109,418
23043,3604.04,0,0,0,0,-38.42,737,109,418
23093,3662.11,0,0,-1,0,-48.52,737,111,418
23143,3604.04,0,0,-1,0,-43.89,737,112,418
23193,3653.19,0,0,-1,0,-50.02,737,114,418
23243,3613.59,0,0,-1,0,-44.80,737,115,418
23293,3643.43,0,0,-1,0,-28.97,737,117,418
23343,3615.33,0,0,-1,0,-33.29,737,118,418
23393,3643.43,0,0,-1,0,-38.53,737,119,418
23443,3582.52,0,0,0,0,-34.79,737,119,418
23493,3629.32,0,0,0,0,-35.65,737,119,418
23543,3577.39,0,0,0,0,38.81,737,119,418
23593,3610.98,0,0,0,0,38.81,737,119,418
23643,3568.03,0,0,0,0,44.69,737,119,418
23693,3585.94,0,0,1,0,44.14,737,120,418
23743,3555.34,0,0,1,0,41.78,737,122,418
23793,3597.12,0,0,1,0,30.60,737,123,418
23843,3562.10,0,0,0,0,36.75,737,124,418
23894,3600.58,0,0,0,0,24.89,737,124,418
23944,3586.80,0,0,0,0,24.89,737,124,418
23994,3629.32,0,0,0,0,-43.38,737,124,418
24044,3583.37,0,0,0,0,-39.95,737,124,418
24094,3620.56,0,0,0,0,-26.89,737,124,418
24144,3591.95,0,0,0,0,-56.38,737,124,418
24194,3630.20,0,0,0,0,-43.40,737,124,418
24244,3593.67,0,0,0,0,-37.37,737,124,418
24294,3639.01,0,0,0,0,-45.34,737,124,418
24344,3612.72,0,0,0,0,-31.39,737,124,418
24394,3631.96,0,0,0,0,-27.92,737,125,418
24444,3603.17,0,0,-1,0,-41.99,737,126,418
24494,3633.72,0,0,0,0,-28.82,737,126,418
24544,3604.90,0,0,0,0,-49.63,737,126,418
24594,3643.43,0,0,-1,0,-39.39,737,128,418
24644,3593.67,0,0,0,0,-27.08,737,128,418
24694,3638.13,0,0,0,0,-45.31,737,128,418
24744,3584.23,0,0,0,0,-45.31,737,128,418
24794,3612.72,0,0,0,0,42.28,737,128,418
24844,3586.80,0,0,0,0,42.28,737,128,418
24894,3627.57,0,0,0,0,-33.89,737,128,418
24944,3581.66,0,0,0,0,-44.09,737,128,418
24994,3618.82,0,0,0,0,-49.42,737,128,418
25044,3567.18,0,0,0,0,33.39,737,128,418
25094,3611.85,0,0,0,0,44.64,737,128,418
25144,3559.56,0,0,1,0,39.29,737,129,418
25194,3587.66,0,0,1,0,29.74,737,130,418
25244,3544.42,0,0,1,0,32.11,737,132,418
25294,3587.66,0,0,1,0,41.54,737,133,418
25344,3553.66,0,0,1,0,45.19,737,135,418
25394,3600.58,0,0,0,0,35.04,737,135,418
25444,3577.39,0,0,0,0,34.46,737,135,418
25494,3620.56,0,0,0,0,-38.05,737,135,418
25544,3584.23,0,0,0,0,-45.82,737,135,418
25594,3619.69,0,0,0,0,-45.82,737,135,418
25644,3593.67,0,0,0,0,-42.54,737,135,418
25694,3632.84,0,0,0,0,-28.80,737,135,418
25744,3602.31,0,0,-1,0,-39.37,737,136,418
25794,3642.54,0,0,-1,0,-27.22,737,138,418
25844,3613.59,0,0,-1,0,-25.48,737,139,418
25894,3662.11,0,0,-1,0,-58.07,737,141,418
25944,3605.77,0,0,-1,0,-35.93,737,142,418
25994,3652.30,0,0,-1,0,-47.40,737,143,418
26044,3615.33,0,0,-1,0,-34.19,737,144,418
26094,3652.30,0,0,-1,0,-50.00,737,146,418
26144,3604.04,0,0,0,0,-38.42,737,146,418
26194,3639.01,0,0,0,0,-46.20,737,146,418
26244,3583.37,0,0,0,0,-39.95,737,146,418
26294,3589.38,0,0,0,0,49.99,737,146,418
26344,3567.18,0,0,0,0,20.48,737,147,418
26394,3597.98,0,0,1,0,42.72,737,148,418
26444,3568.03,0,0,0,0,41.21,737,149,418
26494,3623.19,0,0,0,0,-47.50,737,149,418
26544,3577.39,0,0,0,0,35.33,737,149,418
26594,3611.85,0,0,0,0,32.72,737,149,418
26644,3578.24,0,0,0,0,33.60,737,149,418
26694,3601.44,0,0,0,0,43.82,737,149,418
26744,3573.98,0,0,0,0,37.87,737,149,418
26795,3622.31,0,0,0,0,-44.92,737,149,418
26845,3591.95,0,0,0,0,-44.94,737,149,418
26895,3619.69,0,0,0,0,-44.94,737,149,418
26945,3568.88,0,0,0,0,50.81,737,149,418
26995,3557.03,0,0,1,0,-47.44,738,151,418
27045,3534.40,0,0,1,0,32.78,739,152,418
27095,3544.42,0,0,1,0,21.06,739,153,418
27145,3589.38,0,-1,0,-13,-338.16,742,153,431
27195,3558.72,0,0,1,0,120.46,744,154,439
27245,3589.38,0,0,0,0,3.40,744,154,439
27295,3553.66,0,0,1,0,38.29,744,155,439
27345,3576.54,0,0,0,0,-44.63,744,156,439
27395,3546.94,0,0,1,0,39.01,744,158,439
27445,3586.80,0,0,1,0,29.57,744,159,439
27495,3555.34,0,0,1,0,32.31,744,161,439
27545,3589.38,0,0,0,0,23.01,744,161,439
27595,3562.95,0,0,0,0,27.29,744,161,439
27645,3587.66,0,0,0,0,32.55,744,161,439
27695,3546.10,0,0,1,0,28.73,744,163,439
27745,3585.94,0,0,1,0,42.64,744,164,439
27795,3546.10,0,0,1,0,40.70,744,166,439
27845,3587.66,0,0,1,0,19.51,744,167,439
27895,3562.95,0,0,0,0,35.04,744,168,439
27945,3611.85,0,0,0,0,24.89,744,168,439
27995,3578.24,0,0,0,0,31.86,744,168,439
28045,3619.69,0,0,0,0,31.86,744,168,439
28095,3596.26,0,0,0,0,31.86,744,168,439
28145,3631.96,0,0,0,0,-27.06,744,168,439
28195,3603.17,0,0,-1,0,-29.84,744,169,439
28246,3642.54,0,0,-1,0,-28.96,744,171,439
28296,3602.31,0,0,-1,0,-35.06,744,172,439
28346,3643.43,0,0,-1,0,-27.23,744,173,439
28396,3603.17,0,0,-1,0,-33.29,744,174,439
28446,3643.43,0,0,-1,0,-28.97,744,176,439
28496,3603.17,0,0,-1,0,-35.91,744,177,439
28546,3633.72,0,0,0,0,-30.55,744,177,439
28596,3604.04,0,0,-1,0,-30.70,744,178,439
28646,3643.43,0,0,-1,0,-39.39,744,180,439
28696,3593.67,0,0,0,0,-40.99,744,180,439
28746,3639.01,0,0,0,0,-46.20,744,180,439
28796,3591.95,0,0,-1,0,-39.36,744,181,439
28846,3633.72,0,0,0,0,-29.68,744,182,439
28896,3614.46,0,0,-1,0,-40.22,744,183,439
28946,3622.31,0,0,0,0,-17.41,744,183,439
28996,3585.94,0,0,0,0,-17.41,744,183,439
29046,3620.56,0,0,0,0,-25.17,744,183,439
29096,3583.37,0,0,0,0,-41.67,744,183,439
29146,3620.56,0,0,0,0,-38.05,744,183,439
29196,3582.52,0,0,0,0,-35.56,744,183,439
29246,3610.98,0,0,0,0,-35.56,744,183,439
29296,3577.39,0,0,0,0,24.05,744,183,439
29346,3600.58,0,0,0,0,50.89,744,183,439
29396,3532.74,0,0,1,0,34.45,744,184,439
29446,3576.54,0,0,0,0,-32.11,744,185,439
29496,3545.26,0,0,1,0,31.28,744,187,439
29546,3574.83,0,0,0,0,-28.73,744,188,439
29596,3546.10,0,0,1,0,31.29,744,190,439
29646,3552.82,0,0,1,0,-18.42,744,192,439
29696,3544.42,0,0,1,0,25.31,744,193,439
29746,3587.66,0,0,1,0,30.41,744,194,439
29796,3545.26,0,0,1,0,31.28,744,196,439
29846,3585.94,0,0,1,0,42.64,744,197,439
29896,3564.64,0,0,0,0,22.16,744,198,439
29946,3611.85,0,0,0,0,25.72,744,198,439
29996,3613.59,0,0,0,0,41.27,744,198,439
30046,3501.40,0,1,0,0,374.57,751,198,472
30096,3501.40,0,1,0,0,369.57,757,198,490
30146,3503.04,0,1,0,0,394.08,762,198,509
30196,3501.40,0,1,0,0,343.77,768,198,526
30246,3502.22,0,1,0,0,343.94,773,198,542
30296,3590.23,0,-2,0,-12,-306.05,776,198,554
30346,3546.10,0,0,1,0,47.58,776,200,554
30396,3579.10,0,0,0,0,-33.84,776,201,554
30446,3546.10,0,0,1,0,28.73,776,203,554
30496,3574.83,0,0,0,0,-40.43,776,204,554
30546,3534.40,0,0,1,0,41.28,776,206,554
30596,3585.94,0,0,1,0,39.86,776,207,554
30646,3555.34,0,0,1,0,30.60,776,209,554
30696,3587.66,0,0,0,0,23.87,776,209,554
30746,3553.66,0,0,1,0,34.00,776,211,554
30796,3585.94,0,0,1,0,32.36,776,212,554
30846,3562.95,0,0,0,0,26.43,776,212,554
30896,3598.85,0,0,1,0,34.01,776,213,554
30946,3555.34,0,0,1,0,41.78,776,215,554
30996,3597.12,0,0,1,0,41.78,776,216,554
31046,3557.03,0,0,1,0,43.55,776,217,554
31096,3589.38,0,0,0,0,35.04,776,217,554
31147,3553.66,0,0,1,0,34.00,776,219,554
31197,3637.25,0,0,0,0,-103.68,776,220,554
31247,3585.09,0,0,0,0,71.76,776,220,554
31297,3619.69,0,0,0,0,71.76,776,220,554
31347,3578.24,0,0,0,0,32.73,776,220,554
31397,3619.69,0,0,0,0,32.73,776,220,554
31447,3576.54,0,0,0,0,24.04,776,220,554
31497,3600.58,0,0,0,0,36.18,776,220,554
31547,3567.18,0,0,0,0,33.39,776,220,554
31597,3602.31,0,0,0,0,41.21,776,220,554
31647,3575.69,0,0,0,0,24.89,776,220,554
31697,3610.11,0,0,0,0,24.89,776,220,554
31747,3585.94,0,0,0,0,24.89,776,220,554
31797,3629.32,0,0,0,0,-35.65,776,220,554
31847,3593.67,0,0,0,0,-30.48,776,220,554
31897,3633.72,0,0,0,0,-28.82,776,220,554
31947,3604.04,0,0,0,0,-32.26,776,220,554
31997,3641.66,0,0,-1,0,-26.33,776,222,554
32047,3593.67,0,0,0,0,-34.79,776,222,554
32097,3610.11,0,0,0,0,-35.65,776,222,554
32147,3577.39,0,0,0,0,35.33,776,222,554
32197,3629.32,0,0,0,0,-46.81,776,222,554
32247,3593.67,0,0,0,0,-39.95,776,222,554
32297,3629.32,0,0,0,0,-36.51,776,222,554
32347,3603.17,0,0,0,0,-32.26,776,222,554
32397,3635.48,0,0,0,0,-42.67,776,222,554
32447,3593.67,0,0,0,0,-50.49,776,222,554
32497,3619.69,0,0,0,0,-50.49,776,222,554
32547,3586.80,0,0,0,0,-50.49,776,222,554
32598,3639.01,0,0,0,0,-46.20,776,222,554
32648,3603.17,0,0,0,0,-31.40,776,222,554
32698,3652.30,0,0,-1,0,-48.26,776,224,554
32748,3604.04,0,0,-1,0,-35.04,776,225,554
32798,3641.66,0,0,-1,0,-37.62,776,227,554
32848,3592.81,0,0,0,0,-33.06,776,227,554
32898,3619.69,0,0,0,0,-27.75,776,227,554
32948,3582.52,0,0,0,0,-33.76,776,227,554
32998,3610.98,0,0,0,0,-46.81,776,227,554
33048,3566.33,0,0,0,0,46.38,776,227,554
33098,3610.11,0,0,0,0,24.04,776,227,554
33148,3576.54,0,0,0,0,34.44,776,227,554
33198,3601.44,0,0,0,0,50.89,776,227,554
33248,3555.34,0,0,1,0,33.17,776,228,554
33298,3598.85,0,0,1,0,42.64,776,229,554
33348,3567.18,0,0,0,0,42.93,776,230,554
33398,3610.98,0,0,0,0,26.58,776,230,554
33448,3586.80,0,0,0,0,37.85,776,230,554
33498,3576.54,0,0,0,0,37.92,776,230,554
33548,3615.33,0,-5,0,-5,-741.97,785,230,560
33598,3581.66,0,-5,0,-5,-786.33,794,230,566
33648,3615.33,0,-5,0,-5,-767.73,803,230,571
33698,3581.66,0,-5,0,-5,-786.33,812,230,577
33748,3604.90,0,-4,0,-4,-722.49,820,230,581
33798,3582.52,0,-4,0,-4,-710.38,828,230,585
33848,3615.33,0,-1,0,-6,-190.36,830,230,591
33898,3580.81,0,-1,0,-7,-207.10,832,230,598
33948,3591.95,0,0,-1,0,-124.84,833,231,598
33998,3544.42,0,0,1,0,32.11,833,233,598
34048,3577.39,0,0,0,0,39.68,834,233,598
34098,3544.42,0,0,1,0,32.11,834,235,598
34148,3553.66,0,0,1,0,-20.09,834,237,598
34198,3521.95,0,1,0,0,34.23,836,238,598
34248,3557.03,0,0,1,0,-34.25,837,239,598
34298,3522.78,0,1,0,0,45.25,839,239,598
34348,3574.83,0,0,0,0,-40.43,839,240,598
34398,3546.10,0,0,1,0,39.84,839,242,598
34448,3586.80,0,0,1,0,32.13,839,243,598
34498,3555.34,0,0,1,0,31.46,839,245,598
34548,3611.85,0,0,0,0,35.04,839,245,598
34598,3577.39,0,0,0,0,34.46,839,245,598
34648,3619.69,0,0,0,0,-44.92,839,245,598
34698,3582.52,0,0,0,0,-33.76,839,245,598
34748,3568.03,0,0,0,0,-46.08,840,246,598
34798,3536.07,0,0,1,0,50.73,840,248,598
34848,3501.40,0,1,0,0,20.55,842,248,598
34898,3493.25,0,1,0,0,30.36,844,248,598
34948,3511.24,0,1,0,0,22.33,845,249,598
34998,3558.72,0,0,1,0,115.05,847,250,608
35048,3533.57,0,0,1,0,42.12,847,251,608
35098,3575.69,0,0,0,0,-35.44,847,252,608
35148,3553.66,0,0,1,0,30.57,847,254,608
35198,3587.66,0,0,1,0,32.30,847,255,608
35248,3568.03,0,0,0,0,34.28,847,255,608
35298,3611.85,0,0,0,0,31.86,847,255,608
35348,3586.80,0,0,0,0,31.86,847,255,608
35398,3629.32,0,0,0,0,-46.81,847,255,608
35448,3604.04,0,0,0,0,-38.42,847,255,608
35499,3642.54,0,0,-1,0,-40.24,847,256,608
35549,3615.33,0,0,-1,0,-51.60,847,257,608
35599,3653.19,0,0,-1,0,-36.99,847,258,608
35649,3613.59,0,0,-1,0,-43.91,847,259,608
35699,3624.06,0,0,0,0,-20.03,847,260,608
35749,3582.52,0,0,0,0,-45.86,847,260,608
35799,3796.51,0,-2,0,0,-53.06,1358,260,25986
35849,3568.03,0,0,0,0,42.95,1358,260,25986
35899,3599.71,0,0,0,0,26.58,1358,260,25986
35949,3554.50,0,0,1,0,34.87,1358,261,25986
35999,3587.66,0,0,1,0,42.40,1358,262,25986
36049,3553.66,0,0,1,0,38.29,1358,263,25986
36099,3532.74,0,0,1,0,12.52,1358,265,25986
36149,3500.58,0,1,0,0,44.68,1360,266,25986
36199,3546.10,0,0,1,0,-35.69,1361,268,25986
36249,3498.95,0,1,0,0,34.62,1363,269,25986
36299,3557.87,0,0,1,0,-48.28,1364,271,25986
36349,3521.13,0,1,0,0,35.06,1366,272,25986
36399,3574.83,0,0,0,0,-40.43,1366,273,25986
36449,3555.34,0,0,1,0,33.17,1366,275,25986
36499,3574.83,0,0,0,0,-19.49,1366,276,25986
36549,3555.34,0,0,1,0,42.64,1366,278,25986
36599,3611.85,0,0,0,0,42.04,1366,278,25986
36649,3571.43,0,0,0,0,51.76,1366,278,25986
36699,3597.12,0,0,1,0,42.64,1366,279,25986
36749,3611.85,0,0,0,0,27.39,1366,279,25986
36799,3570.58,0,0,0,0,526.66,1377,279,25993
36849,3617.94,0,-5,0,-5,-831.42,1386,279,25999
36899,3571.43,0,0,0,0,504.66,1396,279,26005
36950,3604.90,0,-5,0,-4,-762.23,1405,279,26010
37000,3561.25,0,0,0,0,447.30,1414,279,26015
37050,3617.94,0,-4,0,-4,-630.74,1421,279,26030
37100,3584.23,0,-4,0,-4,-687.81,1428,279,26034
37150,3676.47,0,0,0,0,269.86,1470,279,26377
37200,3593.67,0,-6,0,-5,-811.02,1480,279,26384
37250,3629.32,0,0,0,0,462.33,1490,279,26390
37300,3501.40,0,1,0,0,366.57,1496,279,26410
37350,3590.23,0,-2,0,-13,-334.06,1499,279,26423
37400,3503.85,0,1,0,0,169.02,1502,279,26433
37450,3534.40,0,0,1,0,-34.63,1503,281,26433
37500,3493.25,0,1,0,0,31.19,1505,281,26433
37550,3525.26,0,0,0,0,-24.68,1506,282,26433
37600,3494.06,0,1,0,0,29.55,1508,282,26433
37650,3535.23,0,0,1,0,-35.47,1509,284,26433
37700,3498.95,0,1,0,0,35.45,1511,285,26433
37750,3545.26,0,0,1,0,-35.67,1512,287,26433
37800,3520.30,0,1,0,0,24.96,1514,288,26433
37850,3568.03,0,0,0,0,-47.73,1515,289,26433
37900,3526.92,0,0,0,0,53.88,1515,289,26433
37950,3575.69,0,0,0,0,-29.59,1515,290,26433
38000,3545.26,0,0,1,0,44.11,1515,291,26433
38050,3521.95,0,1,0,0,29.18,1516,292,26433
38100,3562.10,0,0,0,0,421.96,1525,292,26439
38150,3501.40,0,1,0,0,345.74,1532,292,26471
38200,3587.66,0,0,1,0,64.19,1532,293,26471
38250,3564.64,0,0,0,0,32.48,1532,294,26471
38300,3623.19,0,0,0,0,-56.85,1532,294,26471
38350,3593.67,0,0,0,0,-50.13,1532,294,26471
38400,3642.54,0,0,-1,0,-39.37,1532,295,26471
38450,3603.17,0,0,-1,0,-36.79,1532,296,26471
38500,3652.30,0,0,-1,0,-33.48,1532,298,26471
38550,3614.46,0,0,-1,0,-49.44,1532,299,26471
38600,3650.52,0,0,-1,0,-29.08,1532,301,26471
38650,3615.33,0,0,-1,0,-51.16,1532,302,26471
38700,3636.36,0,0,0,0,115.51,1534,302,26480
38750,3594.54,0,0,0,0,-17.49,1534,302,26480
38800,3627.57,0,0,0,0,-0.88,1534,302,26480
38850,3604.04,0,0,-1,0,-109.55,1534,304,26480
38900,3637.25,0,0,0,0,88.54,1536,304,26487
38950,3591.09,0,-2,0,-13,-342.41,1539,304,26500
39000,3503.04,0,1,0,0,292.51,1544,304,26515
39050,3557.87,0,0,1,0,54.84,1544,305,26519
39100,3552.82,0,0,1,0,-15.08,1544,307,26519
39150,3520.30,0,1,0,0,35.89,1546,308,26519
39200,3568.03,0,0,0,0,-46.90,1547,309,26519
39250,3521.95,0,1,0,0,42.69,1548,310,26519
39300,3563.79,0,0,0,0,-29.39,1548,311,26519
39350,3521.13,0,1,0,0,34.22,1550,312,26519
39400,3564.64,0,0,0,0,-32.73,1550,314,26519
39450,3536.07,0,0,1,0,44.74,1550,315,26519
39500,3575.69,0,0,0,0,-42.95,1550,316,26519
39550,3546.10,0,0,1,0,29.59,1550,318,26519
39600,3573.98,0,0,0,0,-39.58,1550,319,26519
39650,3545.26,0,0,1,0,30.42,1550,321,26519
39700,3586.80,0,0,1,0,31.46,1550,322,26519
39750,3555.34,0,0,1,0,31.46,1550,324,26519
39800,3610.11,0,0,1,0,43.46,1550,325,26519
39851,3567.18,0,0,0,0,33.39,1550,325,26519
39901,3599.71,0,0,0,0,25.72,1550,325,26519
39951,3576.54,0,0,0,0,35.31,1550,325,26519
40001,3620.56,0,0,0,0,-35.48,1550,325,26519
40051,3581.66,0,0,0,0,-44.94,1550,325,26519
40101,3623.19,0,0,0,0,-45.80,1550,325,26519
40151,3592.81,0,0,0,0,-39.09,1550,325,26519
40201,3642.54,0,0,-1,0,-37.64,1550,326,26519
40251,3614.46,0,0,-1,0,-37.66,1550,327,26519
40301,3653.19,0,0,-1,0,-38.73,1550,329,26519
40351,3544.42,0,0,1,0,47.53,1550,330,26519
40401,3598.85,0,0,1,0,44.32,1550,331,26519
40452,3555.34,0,0,1,0,33.17,1550,332,26519
40502,3597.12,0,0,1,0,42.64,1550,333,26519
40552,3577.39,0,0,0,0,23.19,1550,333,26519
40602,3611.85,0,0,0,0,42.93,1550,333,26519
40652,3577.39,0,0,0,0,33.59,1550,333,26519
40702,3623.19,0,0,0,0,-46.65,1550,333,26519
40752,3634.60,0,0,0,0,-57.21,1550,333,26519
40802,3582.52,0,-5,0,-5,-782.15,1559,333,26525
40852,3628.45,0,0,0,0,437.70,1569,333,26530
40902,3582.52,0,-6,0,-6,-903.04,1580,333,26538
40952,3604.90,0,-6,0,-5,-847.68,1591,333,26544
41003,3581.66,0,-5,0,-5,-816.52,1600,333,26550
41053,3617.07,0,-5,0,-5,-757.58,1609,333,26555
41103,3582.52,0,-5,0,-5,-780.30,1618,333,26561
41153,3605.77,0,-5,0,-4,-743.07,1627,333,26565
41203,3561.25,0,0,0,0,433.42,1636,333,26569
41253,3606.64,0,-4,0,-3,-631.47,1643,333,26583
41303,3568.03,0,0,0,0,264.37,1649,333,26615
41353,3630.20,0,0,0,0,42.67,1649,334,26615
41403,3590.23,0,-1,0,-9,-237.96,1651,334,26624
41453,3637.25,0,0,0,0,149.68,1654,334,26637
41503,3501.40,0,1,0,0,366.57,1660,334,26656
41553,3640.78,0,0,-1,0,266.49,1664,335,26658
41603,3501.40,0,1,0,0,393.69,1671,335,26695
41653,3639.89,0,0,0,0,106.36,1672,336,26695
41703,3512.88,0,1,0,0,315.60,1677,336,26711
41753,3501.40,0,1,0,0,367.57,1682,336,26728
41803,3536.07,0,0,1,0,245.13,1685,337,26741
41853,3554.50,0,0,1,0,36.59,1686,338,26741
41903,3510.41,0,1,0,0,41.56,1688,339,26741
41953,3545.26,0,0,1,0,-46.31,1689,341,26741
42003,3509.59,0,1,0,0,36.51,1691,342,26741
42053,3545.26,0,0,1,0,-34.85,1692,344,26741
42103,3511.24,0,1,0,0,34.86,1694,345,26741
42153,3522.78,0,1,0,0,-30.35,1697,345,26741
42203,3503.04,0,1,0,0,19.74,1700,345,26741
42253,3535.23,0,0,1,0,-25.64,1701,347,26741
42303,3510.41,0,1,0,0,23.99,1703,348,26741
42353,3557.03,0,0,1,0,-47.44,1704,350,26741
42403,3523.61,0,0,0,0,43.57,1705,350,26741
42454,3545.26,0,0,1,0,22.77,1705,351,26741
42504,3496.50,0,1,0,0,543.36,1716,351,26748
42554,3562.10,0,0,0,0,416.68,1723,351,26756
42604,3606.64,0,-3,0,-3,-583.04,1729,351,26769
42654,3500.58,0,1,0,0,368.39,1736,351,26800
42704,3614.46,0,-2,0,-14,-347.36,1739,351,26814
42754,3501.40,0,1,0,0,332.96,1745,351,26832
42804,3610.11,0,0,0,0,112.48,1746,351,26837
42854,3567.18,0,0,0,0,41.19,1746,351,26837
42904,3611.85,0,0,0,0,50.62,1746,351,26837
42954,3568.03,0,0,0,0,35.14,1746,351,26837
43004,3601.44,0,0,0,0,15.42,1746,351,26837
43054,3578.24,0,0,0,0,33.60,1746,351,26837
43104,3611.85,0,0,0,0,34.46,1746,351,26837
43154,3576.54,0,0,0,0,43.15,1746,351,26837
43204,3610.11,0,0,0,0,42.95,1746,351,26837
43254,3567.18,0,0,0,0,43.80,1746,351,26837
43304,3598.85,0,0,1,0,43.55,1746,352,26837
43354,3568.03,0,0,0,0,42.08,1746,352,26837
43404,3589.38,0,0,0,0,45.53,1746,352,26837
43454,3531.07,0,0,1,0,24.27,1746,355,26837
43504,3568.88,0,0,0,0,-45.27,1746,355,26837
43554,3545.26,0,0,1,0,29.57,1746,357,26837
43604,3587.66,0,0,1,0,38.75,1746,358,26837
43654,3546.10,0,0,1,0,41.56,1746,360,26837
43704,3579.10,0,0,0,0,-32.16,1746,361,26837
43754,3564.64,0,0,0,0,23.88,1746,361,26837
43804,3598.85,0,0,1,0,44.35,1746,362,26837
43854,3553.66,0,0,1,0,45.19,1746,364,26837
43904,3600.58,0,0,0,0,34.18,1746,364,26837
43954,3568.03,0,0,0,0,42.95,1746,364,26837
44004,3601.44,0,0,0,0,35.33,1746,364,26837
44054,3566.33,0,0,0,0,34.24,1746,364,26837
44104,3544.42,0,0,1,0,14.30,1746,366,26837
44154,3575.69,0,0,0,0,40.52,1746,366,26837
44204,3628.45,0,0,0,0,-45.93,1746,366,26837
44254,3576.54,0,0,0,0,43.15,1746,366,26837
44304,3639.01,0,0,0,0,-56.49,1746,366,26837
44354,3593.67,0,0,0,0,-49.63,1746,366,26837
44404,3619.69,0,0,-1,0,-57.74,1746,367,26837
44454,3593.67,0,0,0,0,-46.65,1746,367,26837
44504,3639.01,0,0,0,0,-46.20,1746,367,26837
44554,3591.95,0,0,0,0,-38.25,1746,367,26837
44604,3652.30,0,0,-1,0,-48.26,1746,369,26837
44654,3626.69,0,0,0,0,25.61,1746,370,26837
44704,3661.22,0,0,-1,0,-35.40,1746,372,26837
44754,3630.20,0,0,0,0,45.37,1746,372,26837
44804,3639.01,0,0,0,0,-45.34,1746,372,26837
44854,3593.67,0,0,0,0,-30.48,1746,372,26837
44904,3632.84,0,0,0,0,-29.67,1746,373,26837
44954,3602.31,0,0,-1,0,-41.10,1746,374,26837
45004,3639.01,0,0,0,0,-46.20,1746,375,26837
45054,3592.81,0,0,0,0,-32.26,1746,375,26837
45104,3629.32,0,0,0,0,-38.23,1746,376,26837
45154,3593.67,0,0,0,0,-49.61,1746,376,26837
45204,3631.96,0,0,0,0,-27.92,1746,377,26837
45254,3594.54,0,0,0,0,-39.95,1746,377,26837
45304,3629.32,0,0,0,0,-35.65,1746,377,26837
45355,3592.81,0,0,0,0,-38.42,1746,377,26837
45405,3633.72,0,0,0,0,-31.42,1746,378,26837
45455,3603.17,0,0,0,0,-40.16,1746,378,26837
45505,3639.01,0,0,0,0,-46.20,1746,379,26837
45555,3603.17,0,0,-1,0,-41.97,1746,380,26837
45605,3643.43,0,0,-1,0,-39.39,1746,382,26837
45655,3604.04,0,0,-1,0,-45.66,1746,383,26837
45705,3642.54,0,0,-1,0,-40.24,1746,385,26837
45755,3601.44,0,-1,0,-5,-184.26,1747,386,26842
45805,3643.43,0,0,-1,0,-40.26,1747,388,26842
45855,3568.03,0,0,0,0,46.43,1747,388,26842
45905,3586.80,0,0,1,0,43.50,1747,389,26842
45955,3553.66,0,0,1,0,34.00,1747,391,26842
46005,3587.66,0,0,1,0,43.26,1747,392,26842
46055,3553.66,0,0,1,0,45.19,1747,394,26842
46105,3586.80,0,0,1,0,43.46,1747,395,26842
46155,3546.10,0,0,1,0,44.99,1747,396,26842
46205,3557.03,0,0,1,0,-34.25,1748,397,26842
46255,3533.57,0,0,1,0,36.16,1748,398,26842
46305,3532.74,0,0,1,0,31.06,1748,399,26842
46355,3582.52,0,-5,0,-6,-887.04,1758,399,26849
46405,3551.14,0,0,1,0,387.94,1766,400,26853
46455,3503.04,0,1,0,0,299.25,1772,400,26870
46505,3525.26,0,0,0,0,133.27,1773,401,26870
46555,3625.82,0,0,0,-3,-162.41,1774,402,26873
46605,3523.61,0,0,0,0,44.42,1775,402,26873
46655,3545.26,0,0,1,0,-23.31,1776,404,26873
46705,3520.30,0,1,0,0,25.80,1778,405,26873
46755,3555.34,0,0,1,0,-33.39,1779,407,26873
46806,3521.95,0,1,0,0,46.93,1781,407,26873
46856,3576.54,0,0,0,0,-42.97,1781,408,26873
46906,3544.42,0,0,1,0,32.11,1781,410,26873
46956,3576.54,0,0,0,0,-32.11,1781,411,26873
47006,3554.50,0,0,1,0,33.16,1781,413,26873
47056,3589.38,0,0,0,0,23.86,1781,413,26873
47106,3555.34,0,0,1,0,43.50,1781,415,26873
47156,3597.98,0,0,1,0,39.84,1781,416,26873
47206,3564.64,0,0,0,0,32.48,1781,417,26873
47256,3597.98,0,0,1,0,45.21,1781,418,26873
47306,3562.95,0,0,0,0,35.90,1781,419,26873
47356,3612.72,0,0,0,0,36.16,1781,419,26873
47406,3585.94,0,0,0,0,36.16,1781,419,26873
47456,3621.44,0,0,0,0,-43.19,1781,419,26873
47506,3591.95,0,0,0,0,-32.05,1781,419,26873
47556,3648.75,0,0,-1,0,-55.07,1781,420,26873
47606,3604.90,0,0,0,0,-44.47,1781,420,26873
47656,3624.06,0,0,0,0,-20.89,1781,420,26873
47706,3593.67,0,0,0,0,-38.23,1781,420,26873
47756,3638.13,0,0,0,0,-44.45,1781,421,26873
47806,3593.67,0,0,0,0,-51.35,1781,421,26873
47856,3648.75,0,0,-1,0,-55.07,1781,422,26873
47906,3615.33,0,0,-1,0,-35.93,1781,423,26873
47956,3652.30,0,0,-1,0,-36.97,1781,425,26873
48006,3614.46,0,0,-1,0,-44.82,1781,426,26873
48056,3643.43,0,0,-1,0,-28.10,1781,428,26873
48106,3593.67,0,0,0,0,-27.95,1781,428,26873
48156,3742.51,-6,-1,0,-9,-237.02,1783,428,26882
48206,3591.95,0,0,0,0,-28.74,1783,428,26882
48256,3627.57,0,0,0,0,-33.89,1783,428,26882
48306,3576.54,0,0,0,0,33.57,1783,428,26882
48356,3587.66,0,0,0,0,26.58,1783,428,26882
48406,3564.64,0,0,0,0,34.21,1783,428,26882
48456,3589.38,0,0,0,0,34.21,1783,428,26882
48506,3543.59,0,0,1,0,21.90,1783,430,26882
48556,3521.95,0,1,0,0,33.39,1784,431,26882
48606,3571.43,0,0,0,0,454.34,1794,431,26889
48656,3540.24,0,0,1,0,362.96,1801,432,26894
48706,3503.04,0,1,0,0,265.81,1806,432,26909
48756,3558.72,0,0,1,0,156.91,1807,434,26913
48806,3604.90,0,0,0,0,-98.11,1807,434,26913
48856,3548.62,0,0,1,0,52.82,1807,436,26913
48906,3587.66,0,0,1,0,22.89,1807,437,26913
48956,3494.06,0,1,0,0,93.60,1808,438,26913
49006,3576.54,0,0,0,0,-28.76,1808,439,26913
49056,3545.26,0,0,1,0,35.55,1808,440,26913
49106,3587.66,0,0,1,0,41.54,1808,441,26913
49156,3545.26,0,0,1,0,42.40,1808,443,26913
49206,3587.66,0,0,1,0,43.50,1808,444,26913
49256,3573.13,0,0,0,0,25.72,1808,444,26913
49306,3600.58,0,0,0,0,26.58,1808,444,26913
49356,3511.24,0,1,0,0,78.14,1809,444,26913
49406,3587.66,0,0,1,0,97.14,1809,446,26913
49456,3564.64,0,0,0,0,21.30,1809,447,26913
49506,3597.98,0,0,1,0,45.21,1809,448,26913
49556,3566.33,0,0,0,0,34.24,1809,448,26913
49606,3600.58,0,0,0,0,42.93,1809,448,26913
49656,3568.03,0,0,0,0,40.34,1809,449,26913
49707,3611.85,0,0,0,0,24.05,1809,449,26913
49757,3551.98,0,0,1,0,60.74,1809,450,26913
49807,3610.11,0,0,0,0,-73.84,1809,450,26913
49857,3582.52,0,0,0,0,-44.97,1809,450,26913
49907,3620.56,0,0,0,0,-37.19,1809,450,26913
49957,3593.67,0,0,0,0,-41.67,1809,450,26913
50007,3639.01,0,0,0,0,-45.34,1809,450,26913
50057,3604.04,0,0,-1,0,-41.97,1809,451,26913
50107,3653.19,0,0,-1,0,-49.15,1809,453,26913
50157,3604.04,0,0,-1,0,-47.40,1809,454,26913
50207,3601.44,0,0,0,0,39.64,1809,454,26913
50257,3558.72,0,0,1,0,41.86,1809,455,26913
50307,3611.85,0,0,0,0,37.76,1809,455,26913
50357,3567.18,0,0,0,0,44.66,1809,455,26913
50407,3622.31,0,0,0,0,-50.89,1809,455,26913
50457,3585.09,0,0,0,0,45.78,1809,455,26913
50507,3610.98,0,0,0,0,30.98,1809,455,26913
50557,3575.69,0,0,0,0,25.76,1809,455,26913
50607,3611.85,0,0,0,0,33.57,1809,455,26913
50657,3582.52,0,0,0,0,-47.48,1809,455,26913
50707,3610.98,0,0,0,0,-40.67,1809,455,26913
50757,3577.39,0,0,0,0,42.30,1809,455,26913
50807,3620.56,0,0,0,0,-39.76,1809,455,26913
50857,3581.66,0,0,0,0,-40.81,1809,455,26913
50907,3617.94,0,0,-1,0,-60.00,1809,456,26913
50957,3582.52,0,0,0,0,-30.48,1809,456,26913
51007,3610.98,0,0,0,0,-45.93,1809,456,26913
51057,3578.24,0,0,0,0,41.45,1809,456,26913
51107,3620.56,0,0,0,0,-38.05,1809,456,26913
51158,3582.52,0,0,0,0,-45.80,1809,456,26913
51208,3623.19,0,0,0,0,-51.76,1809,456,26913
51258,3582.52,0,0,0,0,-32.91,1809,456,26913
51308,3630.20,0,0,0,0,-46.83,1809,456,26913
51358,3582.52,0,0,0,0,-56.36,1809,456,26913
51408,3610.11,0,0,0,0,-45.93,1809,456,26913
51458,3582.52,0,0,0,0,-39.76,1809,456,26913
51508,3629.32,0,0,0,0,-44.24,1809,456,26913
51558,3593.67,0,0,0,0,-54.60,1809,456,26913
51608,3629.32,0,0,0,0,-37.37,1809,456,26913
51658,3595.40,0,0,0,0,-37.37,1809,456,26913
51708,3639.01,0,0,0,0,-45.34,1809,456,26913
51758,3593.67,0,0,0,0,-40.81,1809,456,26913
51808,3629.32,0,0,0,0,-35.65,1809,456,26913
51858,3593.67,0,0,0,0,-50.49,1809,456,26913
51908,3648.75,0,0,-1,0,-56.79,1809,457,26913
51958,3604.90,0,0,0,0,-42.75,1809,457,26913
52008,3633.72,0,0,0,0,-28.82,1809,457,26913
52058,3603.17,0,0,-1,0,-49.04,1809,458,26913
52108,3643.43,0,0,-1,0,-40.26,1809,460,26913
52158,3593.67,0,0,0,0,-35.65,1809,460,26913
52208,3626.69,0,0,0,0,91.70,1811,460,26920
52258,3577.39,0,0,0,0,33.59,1811,460,26920
52308,3611.85,0,0,0,0,31.00,1811,460,26920
52358,3577.39,0,0,0,0,34.46,1811,460,26920
52408,3612.72,0,0,0,0,31.85,1811,460,26920
52458,3576.54,0,0,0,0,35.31,1811,460,26920
52508,3610.98,0,0,0,0,32.72,1811,460,26920
52558,3575.69,0,0,0,0,37.03,1811,460,26920
52608,3574.83,0,0,0,0,37.01,1811,460,26920
52658,3604.90,0,-5,0,-5,-822.75,1820,460,26926
52708,3560.41,0,0,0,0,459.96,1829,460,26932
52758,3606.64,0,-4,0,-4,-641.04,1837,460,26937
52808,3573.13,0,0,0,0,333.12,1843,460,26951
52858,3502.22,0,1,0,0,350.85,1850,460,26971
52908,3501.40,0,1,0,0,340.81,1855,460,26986
52958,3620.56,0,0,0,0,-38.90,1856,460,26992
53008,3573.98,0,0,0,0,41.35,1856,460,26992
53058,3599.71,0,0,0,0,22.28,1856,460,26992
53108,3564.64,0,0,0,0,23.88,1856,460,26992
53158,3600.58,0,0,0,0,29.93,1856,460,26992
53208,3566.33,0,0,0,0,46.38,1856,461,26992
53258,3610.11,0,0,0,0,41.23,1856,461,26992
53308,3585.94,0,0,0,0,41.23,1856,461,26992
53358,3588.52,0,0,0,0,38.81,1856,461,26992
53408,3541.91,0,0,1,0,44.03,1856,463,26992
53458,3597.12,0,0,1,0,51.89,1856,464,26992
53508,3547.78,0,0,1,0,52.80,1856,465,26992
53558,3576.54,0,0,0,0,-32.11,1856,466,26992
53608,3545.26,0,0,1,0,34.69,1856,467,26992
53658,3587.66,0,0,1,0,31.46,1856,468,26992
53708,3553.66,0,0,1,0,44.32,1856,470,26992
53758,3600.58,0,0,0,0,41.19,1856,470,26992
53808,3559.56,0,0,1,0,39.29,1856,471,26992
53858,3611.85,0,0,0,0,30.13,1856,471,26992
53908,3582.52,0,0,0,0,-38.05,1856,471,26992
53958,3630.20,0,0,0,0,-36.53,1856,471,26992
54008,3591.95,0,0,-1,0,-41.08,1856,472,26992
54059,3628.45,0,0,0,0,-34.77,1856,472,26992
54109,3604.90,0,0,0,0,-28.74,1856,472,26992
54159,3629.32,0,0,0,0,-35.65,1856,472,26992
54209,3594.54,0,0,0,0,-29.61,1856,472,26992
54259,3639.01,0,0,0,0,-47.06,1856,472,26992
54309,3575.69,0,0,0,0,44.01,1856,472,26992
54359,3618.82,0,0,0,0,-46.63,1856,472,26992
54409,3580.81,0,0,0,0,-39.76,1856,472,26992
54459,3611.85,0,0,0,0,46.41,1856,472,26992
54509,3586.80,0,0,0,0,37.87,1856,472,26992
54559,3630.20,0,0,0,0,-48.54,1856,472,26992
54609,3593.67,0,0,0,0,-44.94,1856,472,26992
54659,3629.32,0,0,0,0,-35.65,1856,472,26992
54709,3604.90,0,0,0,0,-50.49,1856,472,26992
54759,3643.43,0,0,-1,0,-39.39,1856,473,26992
54809,3593.67,0,0,0,0,-32.17,1856,473,26992
54859,3637.25,0,0,0,0,-44.43,1856,474,26992
54909,3614.46,0,0,-1,0,-33.32,1856,475,26992
54959,3653.19,0,0,-1,0,-39.60,1856,477,26992
55009,3616.20,0,0,-1,0,-24.61,1856,478,26992
55059,3624.06,0,0,0,0,-20.03,1856,479,26992
55109,3583.37,0,0,0,0,-42.36,1856,479,26992
55159,3629.32,0,0,0,0,-36.51,1856,479,26992
55209,3604.04,0,0,0,0,-30.48,1856,479,26992
55259,3610.98,0,0,0,0,-34.09,1856,479,26992
55309,3585.09,0,0,0,0,-34.09,1856,479,26992
55359,3609.24,0,0,0,0,-34.09,1856,479,26992
55409,3565.49,0,0,0,0,46.36,1856,479,26992
55459,3610.98,0,0,0,0,50.01,1856,479,26992
55510,3581.66,0,0,0,0,-36.34,1856,479,26992
55560,3628.45,0,0,0,0,-45.07,1856,479,26992
55610,3592.81,0,0,0,0,-55.50,1856,479,26992
55660,3639.01,0,0,0,0,-45.34,1856,479,26992
55710,3581.66,0,0,0,0,-40.16,1856,479,26992
55760,3610.98,0,0,0,0,-40.65,1856,479,26992
55810,3504.67,0,1,0,0,107.17,1857,479,26992
55860,3623.19,0,0,0,0,-53.46,1858,479,26997
55910,3582.52,0,0,0,0,-46.65,1858,479,26997
55960,3629.32,0,0,0,0,-46.81,1858,479,26997
56010,3582.52,0,0,0,0,-46.65,1858,479,26997
56060,3620.56,0,0,0,0,-38.90,1858,479,26997
56110,3586.80,0,0,0,0,-38.90,1858,479,26997
56160,3568.03,0,0,0,0,2.55,1858,479,26997
56210,3444.32,0,2,0,0,112.71,1861,480,26997
56260,3557.87,0,0,1,0,-33.44,1861,481,27002
56310,3522.78,0,1,0,0,46.95,1862,481,27002
56360,3543.59,0,0,1,0,-10.85,1862,483,27002
56410,3521.95,0,1,0,0,33.39,1864,484,27002
56460,3522.78,0,1,0,0,43.55,1865,484,27002
56510,3573.13,0,0,0,0,331.09,1872,484,27007
56560,3503.85,0,1,0,0,248.96,1877,484,27031
56610,3553.66,0,0,1,0,0.84,1877,487,27031
56660,3522.78,0,1,0,0,48.65,1879,487,27031
56710,3545.26,0,0,1,0,-46.31,1880,489,27031
56760,3509.59,0,1,0,0,47.44,1882,490,27031
56810,3557.03,0,0,1,0,-34.25,1883,491,27031
56860,3534.40,0,0,1,0,43.84,1884,492,27031
56910,3585.94,0,0,1,0,30.42,1884,493,27031
56960,3555.34,0,0,1,0,31.46,1884,495,27031
57010,3597.98,0,0,1,0,42.62,1884,496,27031
57060,3586.80,0,0,0,0,34.19,1884,496,27031
57110,3629.32,0,0,0,0,-42.52,1884,496,27031
57160,3593.67,0,0,0,0,-40.14,1884,496,27031
57210,3642.54,0,0,-1,0,-39.37,1884,498,27031
57260,3615.33,0,0,-1,0,-35.91,1884,499,27031
57310,3653.19,0,0,-1,0,-49.15,1884,501,27031
57360,3613.59,0,0,-1,0,-36.12,1884,502,27031
57410,3662.11,0,0,-1,0,-35.42,1884,504,27031
57460,3592.81,0,0,0,0,-24.43,1884,504,27031
57510,3628.45,0,0,0,0,-35.63,1884,504,27031
57560,3591.95,0,0,0,0,-41.67,1884,504,27031
57610,3629.32,0,0,0,0,-35.65,1884,504,27031
57660,3593.67,0,0,0,0,-52.21,1884,504,27031
57710,3629.32,0,0,0,0,-37.37,1884,504,27031
57760,3603.17,0,0,0,0,-38.42,1884,504,27031
57810,3629.32,0,0,0,0,-36.51,1884,505,27031
57860,3593.67,0,0,0,0,-37.30,1884,505,27031
57910,3639.01,0,0,0,0,-45.34,1884,505,27031
57960,3592.81,0,0,0,0,-38.42,1884,505,27031
58010,3601.44,0,0,0,0,-29.50,1884,505,27031
58060,3577.39,0,0,0,0,32.72,1884,505,27031
58110,3620.56,0,0,0,0,-39.76,1884,505,27031
58160,3596.26,0,0,0,0,-39.76,1884,505,27031
58210,3639.01,0,0,0,0,-47.06,1884,505,27031
58260,3604.04,0,0,0,0,-30.52,1884,505,27031
58310,3643.43,0,0,-1,0,-38.53,1884,506,27031
58360,3615.33,0,0,-1,0,-45.64,1884,507,27031
58411,3633.72,0,0,0,0,-30.55,1884,508,27031
58461,3604.90,0,0,0,0,-41.03,1884,508,27031
58511,3643.43,0,0,-1,0,-41.12,1884,510,27031
58561,3591.95,0,0,0,0,-34.79,1884,510,27031
58611,3628.45,0,0,0,0,-34.77,1884,510,27031
58661,3592.81,0,0,0,0,-34.01,1884,510,27031
58711,3639.01,0,0,0,0,-45.34,1884,510,27031
58761,3592.81,0,0,0,0,-27.86,1884,510,27031
58811,3639.01,0,0,0,0,-47.06,1884,510,27031
58861,3591.95,0,0,0,0,-31.40,1884,510,27031
58911,3629.32,0,0,0,0,-35.65,1884,510,27031
58961,3593.67,0,0,0,0,-41.03,1884,510,27031
59011,3633.72,0,0,0,0,-31.42,1884,511,27031
59061,3603.17,0,0,0,0,-34.87,1884,511,27031
59111,3639.01,0,0,0,0,-45.34,1884,511,27031
59161,3604.90,0,0,0,0,-51.35,1884,511,27031
59211,3639.01,0,0,0,0,-47.06,1884,511,27031
59261,3594.54,0,0,0,0,-48.78,1884,511,27031
59311,3619.69,0,0,0,0,-26.90,1884,511,27031
59361,3585.94,0,0,0,0,-26.90,1884,511,27031
59411,3617.94,0,0,0,0,-26.90,1884,511,27031
59461,3617.07,0,0,0,0,8.54,1884,511,27031
59511,3623.19,0,0,0,0,-45.80,1884,511,27031
59561,3575.69,0,0,0,0,36.16,1884,511,27031
59611,3599.71,0,0,0,0,35.90,1884,511,27031
59661,3563.79,0,0,0,0,35.92,1884,511,27031
59711,3601.44,0,0,0,0,41.21,1884,511,27031
59761,3575.69,0,0,0,0,24.89,1884,511,27031
59811,3599.71,0,0,0,0,42.10,1884,511,27031
59862,3694.58,-2,-1,0,-8,-214.30,1886,511,27039
59912,3611.85,0,0,0,0,33.57,1886,511,27039
59962,3568.88,0,0,0,0,42.97,1886,511,27039
60012,3597.12,0,0,1,0,39.86,1886,512,27039
60062,3566.33,0,0,0,0,34.24,1886,512,27039
60112,3612.72,0,0,0,0,34.42,1886,512,27039
60162,3582.52,0,0,0,0,-47.46,1886,512,27039
60212,3601.44,0,0,0,0,-39.80,1886,512,27039
60262,3568.03,0,0,0,0,42.08,1886,512,27039
60312,3600.58,0,0,0,0,24.91,1886,512,27039
60362,3573.13,0,0,0,0,26.58,1886,512,27039
60412,3610.98,0,0,0,0,25.72,1886,512,27039
60462,3585.09,0,0,0,0,37.00,1886,512,27039
60512,3533.57,0,0,1,0,44.68,1886,513,27039
60562,3521.13,0,1,0,0,24.97,1888,514,27039
60612,3577.39,0,0,0,0,-54.61,1889,514,27039
60662,3546.94,0,0,1,0,27.90,1889,516,27039
60712,3545.26,0,0,1,0,30.42,1889,517,27039
60762,3593.67,0,-5,0,-6,-857.80,1899,517,27046
60812,3568.03,0,0,0,0,191.37,1903,517,27059
60862,3615.33,0,-1,0,-6,-191.89,1905,517,27065
60912,3569.73,0,0,0,0,131.23,1907,517,27072
60962,3615.33,0,0,-1,0,-114.00,1907,519,27072
61012,3559.56,0,0,1,0,92.74,1907,522,27072
61062,3610.98,0,0,1,0,92.74,1907,522,27072
61112,3567.18,0,0,0,0,37.72,1907,522,27072
61162,3575.69,0,0,0,0,-16.97,1907,523,27072
61212,3555.34,0,0,1,0,43.50,1907,525,27072
61262,3608.37,0,0,1,0,40.92,1907,526,27072
61312,3566.33,0,0,0,0,35.11,1907,526,27072
61362,3567.18,0,0,0,0,0.00,1907,526,27072
61412,3555.34,0,0,1,0,21.19,1907,528,27072
61462,3555.34,0,0,1,0,-1.68,1907,530,27072
61512,3549.46,0,0,1,0,51.98,1907,531,27072
61562,3597.98,0,0,1,0,29.74,1907,532,27072
61612,3564.64,0,0,0,0,34.21,1907,532,27072
61662,3601.44,0,0,0,0,33.57,1907,532,27072
61712,3564.64,0,0,0,0,24.74,1907,532,27072
61762,3611.85,0,0,0,0,24.85,1907,532,27072
61812,3576.54,0,0,0,0,35.31,1907,532,27072
61862,3622.31,0,0,0,0,-44.92,1907,532,27072
61912,3575.69,0,0,0,0,36.16,1907,532,27072
61962,3619.69,0,0,0,0,-45.75,1907,532,27072
62012,3592.81,0,0,0,0,-48.52,1907,532,27072
62062,3638.13,0,0,0,0,-44.45,1907,532,27072
62112,3593.67,0,0,0,0,-32.20,1907,532,27072
62162,3630.20,0,0,0,0,-36.53,1907,532,27072
62212,3593.67,0,0,0,0,-36.65,1907,532,27072
62262,3631.96,0,0,0,0,-27.92,1907,533,27072
62312,3580.81,0,0,-1,0,-42.85,1907,534,27072
62362,3608.37,0,0,1,0,49.65,1907,535,27072
62412,3569.73,0,0,0,0,53.46,1907,535,27072
62462,3600.58,0,0,0,0,25.72,1907,535,27072
62512,3555.34,0,0,1,0,32.31,1907,536,27072
62562,3611.85,0,0,0,0,31.62,1907,536,27072
62612,3567.18,0,0,0,0,44.66,1907,536,27072
62662,3598.85,0,0,0,0,26.58,1907,536,27072
62712,3576.54,0,0,0,0,35.31,1907,536,27072
62763,3619.69,0,0,0,0,-44.90,1907,536,27072
62813,3555.34,0,0,1,0,33.17,1907,537,27072
62863,3600.58,0,0,0,0,20.45,1907,537,27072
62913,3567.18,0,0,0,0,43.80,1907,537,27072
62963,3610.98,0,0,0,0,51.76,1907,537,27072
63013,3580.81,0,0,0,0,-37.19,1907,537,27072
63063,3630.20,0,0,0,0,-47.69,1907,537,27072
63113,3593.67,0,0,0,0,-44.09,1907,537,27072
63163,3619.69,0,0,0,0,-28.64,1907,537,27072
63213,3586.80,0,0,0,0,39.74,1907,537,27072
63263,3624.06,0,0,0,0,-46.67,1907,537,27072
63313,3583.37,0,0,0,0,-40.81,1907,537,27072
63363,3619.69,0,0,0,0,-37.19,1907,537,27072
63413,3582.52,0,0,0,0,-54.65,1907,537,27072
63463,3629.32,0,0,0,0,-48.52,1907,537,27072
63513,3582.52,0,0,0,0,-55.48,1907,537,27072
63563,3629.32,0,0,0,0,-36.51,1907,538,27072
63613,3592.81,0,0,0,0,-40.81,1907,538,27072
63663,3618.82,0,0,0,0,-28.62,1907,538,27072
63713,3576.54,0,0,0,0,36.18,1907,538,27072
63763,3622.31,0,0,0,0,-44.92,1907,538,27072
63813,3576.54,0,0,0,0,35.31,1907,538,27072
63863,3598.85,0,0,1,0,45.19,1907,539,27072
63913,3568.88,0,0,0,0,42.97,1907,539,27072
63963,3573.98,0,0,0,0,24.00,1907,539,27072
64013,3501.40,0,1,0,0,397.74,1914,539,27105
64063,3572.28,0,0,0,0,350.31,1920,539,27108
64113,3501.40,0,1,0,0,377.58,1927,539,27129
64163,3596.26,0,-4,0,-2,-473.29,1932,539,27131
64214,3628.45,0,0,0,0,331.43,1939,539,27145
64264,3604.90,0,-5,0,-4,-731.64,1948,539,27150
64314,3639.89,0,0,0,0,414.16,1957,539,27155
64364,3633.72,0,0,0,0,-28.82,1969,539,27163
64414,3604.04,0,0,-1,0,-43.95,1969,540,27163
64464,3619.69,0,0,-1,0,-43.95,1969,540,27163
64514,3637.25,0,0,0,0,-49.59,1969,540,27163
64564,3593.67,0,-6,0,-6,-843.58,1979,540,27171
64614,3616.20,0,-6,0,-6,-920.69,1990,540,27178
64664,3630.20,0,0,0,0,-48.54,2002,540,27186
64714,3581.66,0,0,-1,0,-58.29,2002,541,27186
64764,3639.01,0,0,0,0,-45.34,2002,541,27186
64814,3639.89,0,0,0,0,-53.09,2002,541,27186
64864,3604.04,0,-5,0,-5,-796.34,2011,541,27193
64914,3639.01,0,0,0,0,480.74,2021,541,27200
64964,3629.32,0,0,0,0,-36.51,2033,541,27209
65014,3593.67,0,0,0,0,-29.60,2033,541,27209
65064,3629.32,0,0,0,0,-35.65,2033,541,27209
65114,3624.06,0,0,0,0,-35.55,2033,541,27209
65164,3582.52,0,-5,0,-5,-782.15,2042,541,27215
65214,3616.20,0,-5,0,-5,-809.32,2051,541,27220
65264,3570.58,0,0,0,0,463.85,2060,541,27226
65314,3617.94,0,-4,0,-4,-713.95,2068,541,27231
65364,3562.10,0,0,0,0,429.39,2077,541,27236
65414,3617.94,0,-4,0,-4,-609.59,2084,541,27250
65464,3591.95,0,-1,0,-7,-211.37,2086,541,27257
65514,3626.69,0,0,0,0,85.26,2088,541,27264
65564,3591.09,0,-2,0,-11,-272.12,2091,541,27275
65614,3624.06,0,0,0,0,170.52,2095,541,27289
65664,3568.03,0,0,0,0,220.81,2099,541,27303
65714,3610.98,0,0,0,0,39.66,2099,541,27303
65764,3546.10,0,0,1,0,42.42,2099,542,27303
65814,3575.69,0,0,0,0,-32.10,2099,543,27303
65864,3534.40,0,0,1,0,40.43,2099,545,27303
65914,3570.58,0,0,0,0,-48.63,2100,545,27303
65964,3521.95,0,1,0,0,47.78,2101,545,27303
66014,3544.42,0,0,1,0,-21.64,2102,546,27303
66064,3510.41,0,1,0,0,34.01,2104,547,27303
66114,3546.10,0,0,1,0,-24.97,2105,549,27303
66164,3532.74,0,0,1,0,25.14,2105,551,27303
66214,3563.79,0,0,0,0,-29.39,2105,552,27303
66264,3521.95,0,1,0,0,46.93,2107,552,27303
66314,3577.39,0,0,0,0,-43.82,2107,553,27303
66364,3545.26,0,0,1,0,42.40,2107,555,27303
66414,3587.66,0,0,1,0,31.26,2107,556,27303
66464,3562.95,0,0,0,0,24.71,2107,557,27303
66514,3609.24,0,0,1,0,43.50,2107,558,27303
66564,3573.13,0,0,0,0,26.58,2107,558,27303
66614,3611.85,0,0,0,0,51.71,2107,558,27303
66664,3577.39,0,0,0,0,31.85,2107,558,27303
66714,3615.33,0,0,0,0,31.85,2107,558,27303
66764,3594.54,0,0,0,0,-45.10,2107,558,27303
66814,3630.20,0,0,0,0,-38.25,2107,558,27303
66864,3632.84,0,0,0,0,-32.26,2107,558,27303
66914,3642.54,0,0,-1,0,-37.64,2119,559,27311
66964,3603.17,0,0,-1,0,-26.36,2119,560,27311
67014,3583.37,0,0,-1,0,-38.49,2119,561,27311
67064,3555.34,0,0,1,0,32.31,2119,563,27311
67115,3555.34,0,0,1,0,40.05,2119,564,27311
67165,3592.81,0,-6,0,-6,-878.22,2130,564,27318
67215,3550.30,0,0,1,0,457.18,2139,565,27324
67265,3501.40,0,1,0,0,346.73,2146,565,27355
67315,3546.94,0,0,1,0,208.70,2149,566,27366
67365,3577.39,0,0,0,0,36.20,2150,566,27366
67415,3545.26,0,0,1,0,39.82,2150,568,27366
67465,3576.54,0,0,0,0,-31.28,2150,569,27366
67515,3546.10,0,0,1,0,29.59,2150,571,27366
67565,3574.83,0,0,0,0,-29.57,2150,572,27366
67615,3545.26,0,0,1,0,30.42,2150,574,27366
67665,3563.79,0,0,0,0,-17.69,2150,575,27366
67715,3545.26,0,0,1,0,19.38,2150,577,27366
67765,3585.94,0,0,1,0,47.35,2150,578,27366
67815,3545.26,0,0,1,0,29.57,2150,580,27366
67865,3585.94,0,0,1,0,29.74,2150,581,27366
67915,3568.03,0,0,0,0,32.55,2150,581,27366
67965,3600.58,0,0,0,0,26.62,2150,581,27366
68015,3577.39,0,0,0,0,34.46,2150,581,27366
68065,3600.58,0,0,0,0,32.72,2150,581,27366
68115,3567.18,0,0,0,0,33.39,2150,581,27366
68165,3622.31,0,0,0,0,-44.92,2150,581,27366
68215,3581.66,0,0,0,0,-45.80,2150,581,27366
68265,3629.32,0,0,0,0,-42.52,2150,581,27366
68315,3593.67,0,0,0,0,-40.81,2150,581,27366
68365,3633.72,0,0,0,0,-28.82,2150,581,27366
68415,3596.26,0,0,0,0,-28.82,2150,581,27366
68465,3639.01,0,0,0,0,-47.06,2150,581,27366
68515,3591.95,0,0,0,0,-39.09,2150,581,27366
68566,3629.32,0,0,0,0,-35.65,2150,581,27366
68616,3596.26,0,0,0,0,-35.65,2150,581,27366
68666,3639.01,0,0,0,0,-45.34,2150,581,27366
68716,3592.81,0,0,-1,0,-49.01,2150,582,27366
68766,3630.20,0,0,0,0,-38.25,2150,582,27366
68816,3592.81,0,0,0,0,-39.95,2150,582,27366
68866,3629.32,0,0,0,0,-36.51,2150,583,27366
68916,3593.67,0,0,0,0,-42.52,2150,583,27366
68966,3639.01,0,0,0,0,-45.34,2150,583,27366
69016,3593.67,0,0,0,0,-27.86,2150,583,27366
69066,3629.32,0,0,0,0,-35.65,2150,583,27366
69116,3591.95,0,0,0,0,-28.74,2150,583,27366
69166,3639.01,0,0,0,0,-45.34,2150,583,27366
69216,3596.26,0,0,0,0,-45.34,2150,583,27366
69266,3629.32,0,0,0,0,-36.51,2150,583,27366
69316,3582.52,0,0,0,0,-48.73,2150,583,27366
69366,3611.85,0,0,0,0,35.99,2150,583,27366
69416,3559.56,0,0,1,0,52.28,2150,584,27366
69466,3611.85,0,0,0,0,49.94,2150,584,27366
69516,3567.18,0,0,0,0,44.66,2150,584,27366
69566,3620.56,0,0,0,0,-38.05,2150,584,27366
69616,3583.37,0,0,0,0,-45.80,2150,584,27366
69666,3623.19,0,0,0,0,-45.80,2150,584,27366
69716,3583.37,0,0,0,0,-57.21,2150,584,27366
69766,3610.98,0,0,0,0,-46.83,2150,584,27366
69816,3585.94,0,0,0,0,40.40,2150,584,27366
69866,3624.06,0,0,0,0,-46.67,2150,584,27366
69916,3582.52,0,0,0,0,-57.21,2150,584,27366
69966,3627.57,0,0,0,0,1.76,2150,584,27366
70016,3593.67,0,0,0,0,-29.66,2150,584,27366
70066,3620.56,0,0,0,0,-38.90,2150,584,27366
70116,3593.67,0,0,0,0,-44.09,2150,584,27366
70166,3619.69,0,0,0,0,-29.51,2150,584,27366
70216,3585.94,0,0,0,0,-29.51,2150,584,27366
70266,3619.69,0,0,0,0,-29.51,2150,584,27366
70316,3581.66,0,0,0,0,-39.76,2150,584,27366
70366,3623.19,0,0,0,0,-20.88,2150,584,27366
70416,3586.80,0,0,0,0,56.01,2150,584,27366
70466,3635.48,0,0,0,0,-58.94,2150,584,27366
70516,3489.18,0,1,0,0,55.24,2151,585,27366
70566,3409.87,0,2,0,0,38.41,2154,585,27366
70616,3280.84,0,4,0,0,68.12,2164,585,27366
70666,3135.45,2,6,0,0,44.54,2179,585,27366
70716,3043.83,0,7,0,0,55.98,2192,585,27366
70766,2918.29,3,8,0,0,40.88,2215,585,27366
70816,2830.19,0,10,0,0,42.82,2234,585,27366
70866,2748.26,0,11,0,0,33.12,2255,585,27366
70917,2606.43,20,12,0,9,58.82,2290,585,27388
70967,2543.23,9,13,0,0,0.86,2316,585,27398
71017,2430.33,18,15,0,9,59.71,2345,585,27416
71067,2389.30,3,15,0,-7,-44.45,2376,585,27436
71117,2257.68,25,17,0,11,74.78,2409,585,27455
71168,2151.46,8,18,0,14,106.21,2427,585,27469
71218,2203.94,0,18,0,1,7.47,2463,585,27478
71268,2061.01,11,20,0,4,34.26,2502,585,27496
71318,1994.68,21,20,0,4,35.36,2542,585,27504
71368,1934.24,6,21,0,7,60.44,2563,585,27511
71418,1857.13,20,22,0,7,62.26,2606,585,27519
71468,1838.91,0,22,0,2,18.21,2628,585,27521
71518,1763.46,17,23,0,2,17.38,2674,585,27529
71568,1684.26,13,24,0,9,79.20,2698,585,27538
71618,1670.38,1,25,0,1,13.88,2723,585,27539
71668,1717.82,7,24,0,-17,-152.87,2773,585,27566
71718,1548.95,43,26,0,17,168.87,2799,585,27583
71768,1538.62,27,26,0,1,10.33,2825,585,27584
71818,1463.84,28,27,0,1,11.23,2879,585,27591
71868,1396.00,34,28,0,6,67.84,2907,585,27597
71918,1388.76,28,28,0,0,7.24,2935,585,27597
71968,1321.12,34,29,0,5,67.64,2964,585,27602
72018,1314.29,29,29,0,0,6.83,2993,585,27602
72068,1244.81,35,30,0,5,69.48,3023,585,27607
72118,1238.75,30,30,0,0,6.07,3053,585,27607
72168,1167.32,36,31,0,5,71.43,3084,585,27612
72218,1164.60,31,31,0,0,2.72,3115,585,27612
72268,1090.43,37,32,0,5,74.16,3147,585,27617
72318,1088.14,32,32,0,0,2.29,3179,585,27617
72368,1019.65,37,33,0,4,68.49,3212,585,27621
72418,1019.65,37,33,0,4,68.49,3212,585,27621
72468,1010.58,33,33,0,0,9.07,3245,585,27621
72518,931.50,38,34,0,4,79.07,3279,585,27625
72568,929.31,34,34,0,0,2.19,3313,585,27625
72619,929.31,34,34,0,0,2.19,3313,585,27625
72669,847.41,39,35,0,4,81.90,3348,585,27629
72719,852.95,35,35,0,0,-5.54,3383,585,27629
72769,852.95,35,35,0,0,-5.54,3383,585,27629
72819,749.85,42,37,0,5,103.10,3420,585,27634
72869,780.52,35,36,0,-1,-30.67,3456,585,27635
72919,780.52,35,36,0,-1,-30.67,3456,585,27635
72969,692.23,41,37,0,4,88.29,3493,585,27639
73019,692.23,41,37,0,4,88.29,3493,585,27639
73069,666.28,39,38,0,1,25.95,3531,585,27640
73119,666.28,39,38,0,1,25.95,3531,585,27640
73169,589.85,42,39,0,3,76.43,3570,585,27643
73219,589.85,42,39,0,3,76.43,3570,585,27643
73269,558.78,40,39,0,1,31.07,3609,585,27644
73319,558.78,40,39,0,1,31.07,3609,585,27644
73369,469.45,42,40,0,2,89.33,3649,585,27646
73419,469.45,42,40,0,2,89.33,3649,585,27646
73469,469.45,42,40,0,2,89.33,3649,585,27646
73519,424.23,42,41,0,1,45.22,3690,585,27647
73569,424.23,42,41,0,1,45.22,3690,585,27647
73619,424.23,42,41,0,1,45.22,3690,585,27647
73669,424.23,42,41,0,1,45.22,3690,585,27647
74529,117.06,-42,41,0,1,45.22,3690,585,27647
74579,117.06,-42,41,0,1,45.22,3690,585,27647
74629,117.06,-42,41,0,1,45.22,3690,585,27647
74679,117.06,-42,41,0,1,45.22,3690,585,27647
74729,117.06,-42,41,0,1,45.22,3690,585,27647
74779,0.00,-42,41,0,1,45.22,3690,585,27647
74829,0.00,-42,41,0,1,45.22,3690,585,27647
74880,0.00,-42,41,0,1,45.22,3690,585,27647
74930,0.00,-42,41,0,1,45.22,3690,585,27647
74980,0.00,-42,41,0,1,45.22,3690,585,27647
75030,0.00,-42,41,0,1,45.22,3690,585,27647
75080,0.00,-42,41,0,1,45.22,3690,585,27647
75130,0.00,-42,41,0,1,45.22,3690,585,27647
75180,0.00,-42,41,0,1,45.22,3690,585,27647
75230,0.00,-42,41,0,1,45.22,3690,585,27647
75280,0.00,-42,41,0,1,45.22,3690,585,27647
75330,0.00,-42,41,0,1,45.22,3690,585,27647
75380,0.00,-42,41,0,1,45.22,3690,585,27647
75430,0.00,-42,41,0,1,45.22,3690,585,27647
75480,0.00,-42,41,0,1,45.22,3690,585,27647
75530,0.00,-42,41,0,1,45.22,3690,585,27647
75580,0.00,-42,41,0,1,45.22,3690,585,27647
75630,0.00,-42,41,0,1,45.22,3690,585,27647
75680,0.00,-42,41,0,1,45.22,3690,585,27647
75730,0.00,-42,41,0,1,45.22,3690,585,27647
75780,0.00,-42,41,0,1,45.22,3690,585,27647
75830,0.00,-42,41,0,1,45.22,3690,585,27647
75880,0.00,-42,41,0,1,45.22,3690,585,27647
75930,0.00,-42,41,0,1,45.22,3690,585,27647
75980,0.00,-42,41,0,1,45.22,3690,585,27647
76030,0.00,-42,41,0,1,45.22,3690,585,27647
76080,0.00,-42,41,0,1,45.22,3690,585,27647
76130,0.00,-42,41,0,1,45.22,3690,585,27647
76180,0.00,-42,41,0,1,45.22,3690,585,27647
76230,0.00,-42,41,0,1,45.22,3690,585,27647
76280,0.00,-42,41,0,1,45.22,3690,585,27647
76331,0.00,-42,41,0,1,45.22,3690,585,27647
76381,0.00,-42,41,0,1,45.22,3690,585,27647
76431,0.00,-42,41,0,1,45.22,3690,585,27647
76481,0.00,-42,41,0,1,45.22,3690,585,27647
76531,0.00,-42,41,0,1,45.22,3690,585,27647
76581,0.00,-42,41,0,1,45.22,3690,585,27647
76631,0.00,-42,41,0,1,45.22,3690,585,27647
76681,0.00,-42,41,0,1,45.22,3690,585,27647
76731,0.00,-42,41,0,1,45.22,3690,585,27647
76781,0.00,-42,41,0,1,45.22,3690,585,27647
76831,0.00,-42,41,0,1,45.22,3690,585,27647
76881,0.00,-42,41,0,1,45.22,3690,585,27647
76931,0.00,-42,41,0,1,45.22,3690,585,27647
76981,0.00,-42,41,0,1,45.22,3690,585,27647
77031,0.00,-42,41,0,1,45.22,3690,585,27647
77081,0.00,-42,41,0,1,45.22,3690,585,27647
77131,0.00,-42,41,0,1,45.22,3690,585,27647
77181,0.00,-42,41,0,1,45.22,3690,585,27647
77231,0.00,-42,41,0,1,45.22,3690,585,27647
77281,0.00,-42,41,0,1,45.22,3690,585,27647
77331,0.00,-42,41,0,1,45.22,3690,585,27647
77381,0.00,-42,41,0,1,45.22,3690,585,27647
77431,0.00,-42,41,0,1,45.22,3690,585,27647
77481,0.00,-42,41,0,1,45.22,3690,585,27647
77531,0.00,-42,41,0,1,45.22,3690,585,27647
77581,0.00,-42,41,0,1,45.22,3690,585,27647
77631,0.00,-42,41,0,1,45.22,3690,585,27647
77681,0.00,-42,41,0,1,45.22,3690,585,27647
77731,0.00,-42,41,0,1,45.22,3690,585,27647
77782,0.00,-42,41,0,1,45.22,3690,585,27647
77832,0.00,-42,41,0,1,45.22,3690,585,27647
77882,0.00,-42,41,0,1,45.22,3690,585,27647
77932,0.00,-42,41,0,1,45.22,3690,585,27647
77982,0.00,-42,41,0,1,45.22,3690,585,27647
78032,0.00,-42,41,0,1,45.22,3690,585,27647
78082,0.00,-42,41,0,1,45.22,3690,585,27647
78132,0.00,-42,41,0,1,45.22,3690,585,27647
78182,0.00,-42,41,0,1,45.22,3690,585,27647
78232,0.00,-42,41,0,1,45.22,3690,585,27647
78282,0.00,-42,41,0,1,45.22,3690,585,27647
78332,0.00,-42,41,0,1,45.22,3690,585,27647
78382,0.00,-42,41,0,1,45.22,3690,585,27647
78432,0.00,-42,41,0,1,45.22,3690,585,27647
78482,0.00,-42,41,0,1,45.22,3690,585,27647
78532,0.00,-42,41,0,1,45.22,3690,585,27647
78582,0.00,-42,41,0,1,45.22,3690,585,27647
78632,0.00,-42,41,0,1,45.22,3690,585,27647
78682,0.00,-42,41,0,1,45.22,3690,585,27647
78732,0.00,-42,41,0,1,45.22,3690,585,27647
78782,0.00,-42,41,0,1,45.22,3690,585,27647
78832,0.00,-42,41,0,1,45.22,3690,585,27647
78882,0.00,-42,41,0,1,45.22,3690,585,27647
78932,0.00,-42,41,0,1,45.22,3690,585,27647
78982,0.00,-42,41,0,1,45.22,3690,585,27647
79032,0.00,-42,41,0,1,45.22,3690,585,27647
79082,0.00,-42,41,0,1,45.22,3690,585,27647
79132,0.00,-42,41,0,1,45.22,3690,585,27647
79182,0.00,-42,41,0,1,45.22,3690,585,27647
79232,0.00,-42,41,0,1,45.22,3690,585,27647
79282,0.00,-42,41,0,1,45.22,3690,585,27647
79332,0.00,-42,41,0,1,45.22,3690,585,27647
79382,0.00,-42,41,0,1,45.22,3690,585,27647
79432,0.00,-42,41,0,1,45.22,3690,585,27647
79482,0.00,-42,41,0,1,45.22,3690,585,27647
79532,0.00,-42,41,0,1,45.22,3690,585,27647
79582,0.00,-42,41,0,1,45.22,3690,585,27647
79632,0.00,-42,41,0,1,45.22,3690,585,27647
79682,0.00,-42,41,0,1,45.22,3690,585,27647
79732,0.00,-42,41,0,1,45.22,3690,585,27647
79782,0.00,-42,41,0,1,45.22,3690,585,27647
79832,0.00,-42,41,0,1,45.22,3690,585,27647
79882,0.00,-42,41,0,1,45.22,3690,585,27647
79932,0.00,-42,41,0,1,45.22,3690,585,27647
79982,0.00,-42,41,0,1,45.22,3690,585,27647
80032,0.00,-42,41,0,1,45.22,3690,585,27647
80082,0.00,-42,41,0,1,45.22,3690,585,27647
80132,0.00,-42,41,0,1,45.22,3690,585,27647
80182,0.00,-42,41,0,1,45.22,3690,585,27647
80232,0.00,-42,41,0,1,45.22,3690,585,27647
80282,0.00,-42,41,0,1,45.22,3690,585,27647
80332,0.00,-42,41,0,1,45.22,3690,585,27647
80382,0.00,-42,41,0,1,45.22,3690,585,27647
80432,0.00,-42,41,0,1,45.22,3690,585,27647
80482,0.00,-42,41,0,1,45.22,3690,585,27647
80532,0.00,-42,41,0,1,45.22,3690,585,27647
