Microcontroller Governor - Constant Load(1500 W)
Trial: 3
Date: 4-5-2023
Time: 3:11 PM
Ambient Temp: 84
Head Temp: 213.0

------ Microcontroller Engine Governor - Version: 1.16 ------
-------------------------------------------------------------
PID Gains:  Kp: 0.013  KpAlt: 0.025  Kd: 0.100  KdAlt: 4.000
-------------------------------------------------------------
Set RPM:             3600    |  Min RPM:                 300
                             |
RPM Precision:       20      |  PID Kp Alt Range:        70
                             |
Start Steps:         850     |  Max Steps:               1200
                             |
RPM Calc Interval:   1       |  Num Magnets:             1
                             |
LCD Update Interval: 400     |  Serial Update Interval:  50
-------------------------------------------------------------

Time,RPM,Steps Remaining, PID p, PID p Alt, PID d, RPM Change, P Cmd, P Alt Cmd, D Cmd
1733,0.00,0,0,0,0,0.00,0,0,0
1783,0.00,0,0,0,0,0.00,0,0,0
1833,0.00,0,0,0,0,0.00,0,0,0
1883,0.00,0,0,0,0,0.00,0,0,0
1933,0.00,0,0,0,0,0.00,0,0,0
1983,0.00,0,0,0,0,0.00,0,0,0
2033,0.00,0,0,0,0,0.00,0,0,0
2083,0.00,0,0,0,0,0.00,0,0,0
2134,0.00,0,0,0,0,0.00,0,0,0
2184,0.00,0,0,0,0,0.00,0,0,0
2234,0.00,0,0,0,0,0.00,0,0,0
2284,0.00,0,0,0,0,0.00,0,0,0
2334,0.00,0,0,0,0,0.00,0,0,0
2384,0.00,0,0,0,0,0.00,0,0,0
2434,0.00,0,0,0,0,0.00,0,0,0
2484,0.00,0,0,0,0,0.00,0,0,0
2534,0.00,0,0,0,0,0.00,0,0,0
2584,0.00,0,0,0,0,0.00,0,0,0
2634,0.00,0,0,0,0,0.00,0,0,0
2684,0.00,0,0,0,0,0.00,0,0,0
2734,0.00,0,0,0,0,0.00,0,0,0
2784,0.00,0,0,0,0,0.00,0,0,0
2834,0.00,0,0,0,0,0.00,0,0,0
2884,0.00,0,0,0,0,0.00,0,0,0
2934,0.00,0,0,0,0,0.00,0,0,0
2984,0.00,0,0,0,0,0.00,0,0,0
3034,0.00,0,0,0,0,0.00,0,0,0
3084,0.00,0,0,0,0,0.00,0,0,0
3134,0.00,0,0,0,0,0.00,0,0,0
3184,0.00,0,0,0,0,0.00,0,0,0
3234,0.00,0,0,0,0,0.00,0,0,0
3284,0.00,0,0,0,0,0.00,0,0,0
3334,0.00,0,0,0,0,0.00,0,0,0
3384,0.00,0,0,0,0,0.00,0,0,0
3434,0.00,0,0,0,0,0.00,0,0,0
3484,0.00,0,0,0,0,0.00,0,0,0
3534,0.00,0,0,0,0,0.00,0,0,0
3584,0.00,0,0,0,0,0.00,0,0,0
3634,0.00,0,0,0,0,0.00,0,0,0
3684,0.00,0,0,0,0,0.00,0,0,0
3734,0.00,0,0,0,0,0.00,0,0,0
3784,0.00,0,0,0,0,0.00,0,0,0
3834,0.00,0,0,0,0,0.00,0,0,0
3884,0.00,0,0,0,0,0.00,0,0,0
3934,0.00,0,0,0,0,0.00,0,0,0
3984,0.00,0,0,0,0,0.00,0,0,0
4034,0.00,0,0,0,0,0.00,0,0,0
4084,0.00,0,0,0,0,0.00,0,0,0
4134,0.00,0,0,0,0,0.00,0,0,0
4184,0.00,0,0,0,0,0.00,0,0,0
4234,0.00,0,0,0,0,0.00,0,0,0
4284,0.00,0,0,0,0,0.00,0,0,0
4334,0.00,0,0,0,0,0.00,0,0,0
4384,0.00,0,0,0,0,0.00,0,0,0
4434,0.00,0,0,0,0,0.00,0,0,0
4484,0.00,0,0,0,0,0.00,0,0,0
4534,0.00,0,0,0,0,0.00,0,0,0
4584,0.00,0,0,0,0,0.00,0,0,0
4634,0.00,0,0,0,0,0.00,0,0,0
4684,0.00,0,0,0,0,0.00,0,0,0
4734,0.00,0,0,0,0,0.00,0,0,0
4784,0.00,0,0,0,0,0.00,0,0,0
4834,0.00,0,0,0,0,0.00,0,0,0
4884,0.00,0,0,0,0,0.00,0,0,0
4934,0.00,0,0,0,0,0.00,0,0,0
4984,0.00,0,0,0,0,0.00,0,0,0
5035,0.00,0,0,0,0,0.00,0,0,0
5085,0.00,0,0,0,0,0.00,0,0,0
5135,0.00,0,0,0,0,0.00,0,0,0
5185,0.00,0,0,0,0,0.00,0,0,0
5235,0.00,0,0,0,0,0.00,0,0,0
5285,0.00,0,0,0,0,0.00,0,0,0
5335,0.00,0,0,0,0,0.00,0,0,0
5385,0.00,0,0,0,0,0.00,0,0,0
5435,0.00,0,0,0,0,0.00,0,0,0
5485,0.00,0,0,0,0,0.00,0,0,0
5535,0.00,0,0,0,0,0.00,0,0,0
5585,0.00,0,0,0,0,0.00,0,0,0
5635,0.00,0,0,0,0,0.00,0,0,0
5685,0.00,0,0,0,0,0.00,0,0,0
5735,0.00,0,0,0,0,0.00,0,0,0
5785,0.00,0,0,0,0,0.00,0,0,0
5835,0.00,0,0,0,0,0.00,0,0,0
5885,0.00,0,0,0,0,0.00,0,0,0
5935,0.00,0,0,0,0,0.00,0,0,0
5985,0.00,0,0,0,0,0.00,0,0,0
6035,0.00,0,0,0,0,0.00,0,0,0
6085,0.00,0,0,0,0,0.00,0,0,0
6135,0.00,0,0,0,0,0.00,0,0,0
6185,0.00,0,0,0,0,0.00,0,0,0
6235,0.00,0,0,0,0,0.00,0,0,0
6285,0.00,0,0,0,0,0.00,0,0,0
6335,0.00,0,0,0,0,0.00,0,0,0
6385,0.00,0,0,0,0,0.00,0,0,0
6435,0.00,0,0,0,0,0.00,0,0,0
6486,0.00,0,0,0,0,0.00,0,0,0
6536,0.00,0,0,0,0,0.00,0,0,0
6586,0.00,0,0,0,0,0.00,0,0,0
6636,0.00,0,0,0,0,0.00,0,0,0
6686,0.00,0,0,0,0,0.00,0,0,0
6736,0.00,0,0,0,0,0.00,0,0,0
6786,0.00,0,0,0,0,0.00,0,0,0
6836,0.00,0,0,0,0,0.00,0,0,0
6886,0.00,0,0,0,0,0.00,0,0,0
6936,0.00,0,0,0,0,0.00,0,0,0
6986,0.00,0,0,0,0,0.00,0,0,0
7036,0.00,0,0,0,0,0.00,0,0,0
7086,0.00,0,0,0,0,0.00,0,0,0
7136,0.00,0,0,0,0,0.00,0,0,0
7186,0.00,0,0,0,0,0.00,0,0,0
7236,0.00,0,0,0,0,0.00,0,0,0
7286,0.00,0,0,0,0,0.00,0,0,0
7336,0.00,0,0,0,0,0.00,0,0,0
7386,0.00,0,0,0,0,0.00,0,0,0
7436,0.00,0,0,0,0,0.00,0,0,0
7486,0.00,0,0,0,0,0.00,0,0,0
7536,0.00,0,0,0,0,0.00,0,0,0
7586,0.00,0,0,0,0,0.00,0,0,0
7636,0.00,0,0,0,0,0.00,0,0,0
7686,0.00,0,0,0,0,0.00,0,0,0
7736,0.00,0,0,0,0,0.00,0,0,0
7786,0.00,0,0,0,0,0.00,0,0,0
7836,0.00,0,0,0,0,0.00,0,0,0
7886,0.00,0,0,0,0,0.00,0,0,0
7936,0.00,0,0,0,0,0.00,0,0,0
7986,0.00,0,0,0,0,0.00,0,0,0
8036,0.00,0,0,0,0,0.00,0,0,0
8086,0.00,0,0,0,0,0.00,0,0,0
8136,0.00,0,0,0,0,0.00,0,0,0
8186,0.00,0,0,0,0,0.00,0,0,0
8236,0.00,0,0,0,0,0.00,0,0,0
8286,0.00,0,0,0,0,0.00,0,0,0
8336,0.00,0,0,0,0,0.00,0,0,0
8386,0.00,0,0,0,0,0.00,0,0,0
8436,0.00,0,0,0,0,0.00,0,0,0
8486,0.00,0,0,0,0,0.00,0,0,0
8536,0.00,0,0,0,0,0.00,0,0,0
8586,0.00,0,0,0,0,0.00,0,0,0
8636,0.00,0,0,0,0,0.00,0,0,0
8686,0.00,0,0,0,0,0.00,0,0,0
8736,0.00,0,0,0,0,0.00,0,0,0
8786,0.00,0,0,0,0,0.00,0,0,0
8836,0.00,0,0,0,0,0.00,0,0,0
8886,0.00,0,0,0,0,0.00,0,0,0
8936,0.00,0,0,0,0,0.00,0,0,0
8986,0.00,0,0,0,0,0.00,0,0,0
9036,0.00,0,0,0,0,0.00,0,0,0
9086,0.00,0,0,0,0,0.00,0,0,0
9136,0.00,0,0,0,0,0.00,0,0,0
9186,0.00,0,0,0,0,0.00,0,0,0
9236,0.00,0,0,0,0,0.00,0,0,0
9286,0.00,0,0,0,0,0.00,0,0,0
9336,0.00,0,0,0,0,0.00,0,0,0
9387,0.00,0,0,0,0,0.00,0,0,0
9437,0.00,0,0,0,0,0.00,0,0,0
9487,0.00,0,0,0,0,0.00,0,0,0
9537,0.00,0,0,0,0,0.00,0,0,0
9587,0.00,0,0,0,0,0.00,0,0,0
9637,0.00,0,0,0,0,0.00,0,0,0
9687,0.00,0,0,0,0,0.00,0,0,0
9737,0.00,0,0,0,0,0.00,0,0,0
9787,0.00,0,0,0,0,0.00,0,0,0
9837,0.00,0,0,0,0,0.00,0,0,0
9887,0.00,0,0,0,0,0.00,0,0,0
9937,0.00,0,0,0,0,0.00,0,0,0
9987,0.00,0,0,0,0,0.00,0,0,0
10037,inf,0,0,0,0,inf,0,0,0
10087,inf,0,0,0,0,inf,0,0,0
10137,500.30,12,40,0,0,inf,40,0,0
10187,847.51,8,35,0,-19,-347.21,75,0,19
10237,847.51,0,35,0,-19,-347.21,75,0,19
10287,790.14,8,36,0,3,57.37,111,0,22
10337,774.59,32,36,0,0,15.55,147,0,22
10387,774.59,0,36,0,0,15.55,147,0,22
10437,767.58,10,36,0,0,7.02,183,0,22
10487,1169.50,0,31,0,-31,-401.92,214,0,53
10537,1178.69,7,31,0,0,-9.19,245,0,53
10587,1548.15,0,26,0,-37,-369.46,271,0,90
10637,1783.59,0,23,0,-26,-221.74,320,0,117
10687,1807.45,0,23,0,-2,-23.86,343,0,119
10737,2171.71,0,18,0,-30,-211.44,382,0,168
10787,2282.76,0,17,0,-2,-13.81,416,0,184
10838,2445.39,0,15,0,0,2.39,445,0,211
10888,2742.73,10,11,0,0,-153.85,481,0,240
10938,2870.81,1,9,0,0,-138.08,501,0,240
10988,3000.00,0,7,0,0,-135.22,517,0,240
11038,3119.15,0,6,0,0,14.99,536,0,240
11088,3356.46,0,3,0,0,-122.30,547,0,240
11139,3438.79,1,2,0,0,9.49,553,0,240
11189,3620.56,0,0,0,0,-88.66,553,2,240
11239,3686.41,0,-1,0,0,15.47,555,2,240
11289,3846.15,0,-3,0,0,-97.09,561,2,240
11339,3873.97,0,-3,0,0,14.06,569,2,240
11389,3954.65,0,-4,0,0,-53.48,580,2,240
11439,3862.00,0,-3,0,0,52.41,590,2,240
11489,3834.36,-1,-3,0,0,39.61,602,2,242
11539,3888.02,0,-3,0,0,-38.91,611,2,242
11589,3836.32,0,-3,0,0,51.71,620,2,242
11639,3809.04,0,-2,0,0,-34.51,626,2,242
11689,3773.58,0,-2,0,0,50.02,632,2,242
11739,3735.99,0,-1,0,0,52.85,637,2,242
11789,3769.79,-1,-2,0,0,-35.66,645,2,245
11839,3736.92,0,-1,0,0,46.18,649,2,245
11889,3810.01,0,-2,0,0,-61.88,654,2,245
11939,3772.64,0,-2,0,0,25.79,660,2,245
11990,3772.64,0,-2,0,0,-12.29,666,2,245
12040,3735.99,0,-1,0,0,22.47,670,2,245
12090,3758.46,0,-2,0,0,-22.47,675,2,245
12141,3785.01,-1,-2,0,0,-49.02,681,2,245
12191,3736.92,0,-1,0,0,33.82,685,2,245
12241,3785.01,0,-2,0,0,-49.02,690,2,245
12291,3675.57,0,0,0,0,34.55,692,2,245
12341,3723.93,0,-1,0,0,-36.62,695,2,245
12391,3687.32,0,-1,0,0,36.62,698,2,245
12441,3710.12,0,-1,0,0,-22.80,701,2,245
12491,3675.57,0,0,0,0,46.51,703,2,245
12541,3711.03,0,-1,0,0,-35.46,705,2,245
12591,3663.90,0,0,-1,0,44.38,706,4,245
12641,3684.60,0,-1,0,0,-20.70,708,5,245
12691,3663.90,0,0,-1,0,37.98,709,7,245
12741,3685.50,0,-1,0,0,93.79,712,7,250
12791,3682.79,0,-1,0,0,-31.38,721,8,254
12841,3631.08,0,0,0,0,41.79,721,8,254
12891,3672.87,0,0,0,0,-47.05,721,9,254
12941,3585.09,0,0,0,0,-47.05,721,9,254
12991,3622.31,0,0,0,0,-44.92,721,9,254
13041,3582.52,0,0,0,0,-44.94,721,9,254
13091,3565.49,0,0,0,0,-21.06,721,10,254
13142,3575.69,0,0,0,0,-44.61,721,11,254
13192,3538.57,0,0,1,0,476.42,731,12,260
13242,3500.58,0,1,0,0,364.40,738,12,291
13292,3536.07,0,0,1,0,234.67,741,13,303
13342,3514.53,0,1,0,0,-40.70,744,13,303
13392,3500.58,0,1,0,0,44.68,746,14,303
13442,3536.07,0,0,1,0,-26.48,747,16,303
13492,3491.62,0,1,0,0,31.16,750,16,303
13542,3544.42,0,0,1,0,-44.66,751,18,303
13592,3481.09,0,1,0,0,32.62,754,18,303
13642,3535.23,0,0,1,0,-41.99,755,19,303
13692,3511.24,0,1,0,0,44.11,757,20,303
13742,3557.03,0,0,1,0,-36.73,758,22,303
13792,3521.13,0,1,0,0,37.59,759,23,303
13842,3534.40,0,0,1,0,0.00,759,25,303
13892,3557.87,0,0,1,0,42.70,759,26,303
13942,3623.19,0,0,0,0,-46.65,759,26,303
13992,3593.67,0,0,0,0,-54.62,759,26,303
14042,3582.52,0,0,0,0,-37.41,759,26,303
14092,3629.32,0,0,0,0,388.89,768,26,308
14142,3630.20,0,0,0,0,-36.53,778,26,316
14192,3586.80,0,0,0,0,-36.53,778,26,316
14242,3584.23,0,0,0,0,-45.16,778,26,316
14292,3604.90,0,0,0,0,28.28,778,27,316
14342,3613.59,0,0,-1,0,-35.87,778,28,316
14392,3591.95,0,0,0,0,447.30,788,28,321
14442,3531.90,0,0,1,0,17.55,788,30,321
14492,3501.40,0,1,0,0,342.78,795,30,343
14542,3545.26,0,0,1,0,200.06,797,31,354
14592,3586.80,0,1,0,0,36.49,798,31,354
14642,3545.26,0,0,1,0,42.40,798,33,354
14692,3587.66,0,0,1,0,32.97,798,34,354
14742,3533.57,0,0,1,0,42.12,798,36,354
14792,3587.66,0,0,1,0,41.26,798,37,354
14842,3554.50,0,0,1,0,33.16,798,39,354
14892,3589.38,0,0,0,0,25.57,798,39,354
14942,3567.18,0,0,0,0,33.39,798,39,354
14992,3610.98,0,0,0,0,42.10,798,39,354
15042,3562.95,0,0,0,0,26.43,798,39,354
15092,3604.90,0,0,1,0,21.87,798,40,354
15142,3568.88,0,0,0,0,42.97,798,40,354
15192,3611.85,0,0,0,0,42.10,798,40,354
15242,3744.38,0,-1,0,0,52435.39,1482,40,12722
15292,3623.19,0,0,0,0,-50.06,1483,40,12722
15342,3576.54,0,0,0,0,33.57,1483,40,12722
15392,3598.85,0,0,0,0,32.55,1483,40,12722
15442,3555.34,0,0,1,0,41.78,1483,42,12722
15492,3587.66,0,0,1,0,34.82,1483,43,12722
15542,3554.50,0,0,1,0,44.35,1483,45,12722
15592,3587.66,0,0,1,0,41.54,1483,46,12722
15642,3553.66,0,0,1,0,45.19,1483,48,12722
15692,3587.66,0,0,1,0,31.26,1483,49,12722
15742,3553.66,0,0,1,0,34.86,1483,51,12722
15792,3646.97,0,0,-1,0,-120.88,12269,52,12722
15842,3555.34,0,0,1,0,31.46,12269,54,12722
15892,3585.94,0,0,1,0,22.61,12269,55,12722
15942,3555.34,0,0,1,0,43.50,12269,57,12722
15992,3599.71,0,0,0,0,35.04,12269,57,12722
16043,3577.39,0,0,0,0,23.19,12269,57,12722
16093,3611.85,0,0,0,0,41.21,12269,57,12722
16143,3619.69,0,0,0,0,41.21,12269,57,12722
16193,3629.32,0,0,0,0,-46.81,12281,57,12729
16243,3600.58,0,0,0,0,52.79,12281,57,12729
16293,3628.45,0,0,0,0,442.11,12292,57,12736
16343,3605.77,0,-6,0,-6,-919.46,12303,57,12744
16393,3501.40,0,1,0,0,308.61,12308,57,12761
16443,3592.81,0,-1,0,-6,-194.30,12310,57,12767
16493,3508.77,0,1,0,0,87.49,12312,57,12767
16543,3555.34,0,0,1,0,-47.39,12313,59,12767
16593,3510.41,0,1,0,0,46.62,12315,60,12767
16643,3545.26,0,0,1,0,-46.31,12316,62,12767
16693,3500.58,0,1,0,0,45.52,12318,63,12767
16743,3544.42,0,0,1,0,-43.84,12319,65,12767
16793,3488.37,0,1,0,0,46.86,12321,66,12767
16843,3536.07,0,0,1,0,-37.12,12322,68,12767
16893,3521.95,0,1,0,0,24.15,12324,69,12767
16943,3567.18,0,0,0,0,-45.23,12325,70,12767
16993,3533.57,0,0,1,0,36.16,12325,71,12767
17043,3568.03,0,0,0,0,-46.08,12326,71,12767
17093,3511.24,0,1,0,0,47.48,12328,72,12767
17143,3521.95,0,1,0,0,32.55,12329,73,12767
17193,3584.23,0,-4,0,-4,-729.55,12337,73,12772
17243,3501.40,0,1,0,0,385.62,12344,73,12796
17293,3586.80,0,0,1,0,111.35,12344,75,12800
17343,3546.10,0,0,1,0,38.99,12344,77,12800
17393,3564.64,0,0,0,0,-23.56,12344,78,12800
17443,3510.41,0,1,0,0,44.93,12346,79,12800
17494,3571.43,0,0,0,0,-51.13,12347,80,12800
17544,3523.61,0,0,0,0,43.57,12348,80,12800
17594,3585.94,0,0,1,0,43.84,12348,81,12800
17644,3546.94,0,0,1,0,38.15,12348,83,12800
17694,3585.94,0,0,1,0,50.16,12348,84,12800
17744,3564.64,0,0,0,0,24.74,12348,84,12800
17794,3598.85,0,0,1,0,43.26,12348,85,12800
17844,3558.72,0,0,1,0,50.52,12348,87,12800
17894,3557.03,0,0,1,0,-25.96,12348,90,12800
17944,3536.90,0,0,1,0,43.91,12348,91,12800
17994,3576.54,0,0,0,0,-20.35,12348,92,12800
18044,3553.66,0,0,1,0,45.19,12348,94,12800
18094,3611.85,0,0,0,0,41.19,12348,94,12800
18144,3582.52,0,0,0,0,-45.07,12348,94,12800
18194,3611.85,0,0,0,0,37.92,12348,94,12800
18244,3593.67,0,0,0,0,-47.48,12348,94,12800
18294,3634.60,0,0,0,0,-42.65,12348,94,12800
18344,3591.95,0,0,0,0,-30.33,12348,94,12800
18394,3643.43,0,0,-1,0,-38.53,12348,95,12800
18444,3615.33,0,0,-1,0,-47.40,12348,96,12800
18494,3661.22,0,0,-1,0,-35.40,12348,98,12800
18544,3630.20,0,0,0,0,42.67,12348,98,12800
18594,3662.11,0,0,-1,0,-24.86,12348,100,12800
18644,3638.13,0,0,0,0,23.98,12348,101,12800
18694,3670.17,0,0,0,0,-54.84,12348,102,12800
18744,3604.90,0,0,0,0,-13.19,12348,102,12800
18794,3652.30,0,0,-1,0,-48.26,12348,104,12800
18844,3613.59,0,0,-1,0,-43.93,12348,105,12800
18894,3663.00,0,0,-1,0,-47.68,12348,107,12800
18944,3613.59,0,0,-1,0,-33.50,12348,108,12800
18994,3652.30,0,0,-1,0,-36.97,12348,110,12800
19044,3613.59,0,0,-1,0,-33.50,12348,111,12800
19094,3662.11,0,0,-1,0,-46.78,12348,113,12800
19144,3617.94,0,0,0,0,-52.28,12348,113,12800
19194,3604.90,0,0,-1,0,-36.14,12348,114,12800
19244,3568.88,0,0,0,0,42.97,12348,114,12800
19294,3620.56,0,0,0,0,-33.76,12348,114,12800
19344,3499.77,0,1,0,0,33.80,12349,115,12800
19394,3568.03,0,0,0,0,-57.62,12350,116,12800
19444,3532.74,0,0,1,0,46.36,12351,117,12800
19494,3576.54,0,0,0,0,-32.95,12351,118,12800
19544,3554.50,0,0,1,0,22.89,12351,120,12800
19594,3543.59,0,0,1,0,1.67,12351,122,12800
19644,3521.95,0,1,0,0,34.23,12353,123,12800
19694,3557.03,0,0,1,0,-35.08,12354,124,12800
19744,3509.59,0,1,0,0,47.44,12356,125,12800
19794,3534.40,0,0,1,0,31.93,12356,126,12800
19844,3571.43,0,0,0,0,466.26,12366,126,12806
19894,3522.78,0,1,0,0,134.86,12368,127,12813
19944,3563.79,0,0,0,0,35.92,12369,127,12813
19994,3521.95,0,1,0,0,43.53,12370,128,12813
20044,3568.88,0,0,0,0,-45.27,12370,128,12813
20094,3545.26,0,0,1,0,21.07,12371,129,12813
20144,3576.54,0,0,0,0,-31.28,12371,130,12813
20194,3554.50,0,0,1,0,43.48,12371,132,12813
20244,3611.85,0,0,0,0,33.35,12371,132,12813
20294,3575.69,0,0,0,0,37.03,12371,132,12813
20344,3610.98,0,0,0,0,30.88,12371,132,12813
20395,3566.33,0,0,0,0,45.51,12371,132,12813
20445,3619.69,0,0,0,0,45.51,12371,132,12813
20495,3592.81,0,0,0,0,-56.49,12371,132,12813
20545,3648.75,0,0,-1,0,-55.93,12371,133,12813
20595,3614.46,0,0,-1,0,-26.36,12371,134,12813
20645,3663.00,0,0,-1,0,-47.68,12371,136,12813
20695,3604.04,0,0,-1,0,-35.25,12371,137,12813
20745,3650.52,0,0,-1,0,-44.75,12371,139,12813
20795,3604.04,0,0,-1,0,-46.55,12371,140,12813
20845,3653.19,0,0,-1,0,-39.60,12371,142,12813
20895,3615.33,0,0,-1,0,-44.19,12371,143,12813
20945,3643.43,0,0,-1,0,-28.97,12371,145,12813
20995,3603.17,0,0,-1,0,-36.79,12371,146,12813
21045,3633.72,0,0,0,0,-28.82,12371,146,12813
21095,3591.95,0,0,-1,0,-49.04,12371,147,12813
21145,3633.72,0,0,0,0,-27.95,12371,147,12813
21195,3592.81,0,0,0,0,-50.49,12371,147,12813
21245,3639.01,0,0,0,0,-45.34,12371,147,12813
21295,3593.67,0,0,0,0,-40.16,12371,147,12813
21345,3612.72,0,0,0,0,34.44,12371,147,12813
21395,3577.39,0,0,0,0,35.33,12371,147,12813
21445,3620.56,0,0,0,0,-38.05,12371,147,12813
21495,3558.72,0,0,1,0,53.13,12371,148,12813
21545,3597.98,0,0,1,0,26.19,12371,149,12813
21595,3555.34,0,0,1,0,41.78,12371,151,12813
21645,3600.58,0,0,0,0,20.45,12371,151,12813
21695,3553.66,0,0,1,0,46.05,12371,152,12813
21745,3589.38,0,0,0,0,35.90,12371,152,12813
21795,3555.34,0,0,1,0,32.31,12371,154,12813
21846,3597.12,0,0,1,0,38.99,12371,155,12813
21896,3563.79,0,0,0,0,34.19,12371,156,12813
21946,3575.69,0,0,0,0,-16.12,12371,157,12813
21996,3555.34,0,0,1,0,32.31,12371,159,12813
22046,3698.22,0,-1,0,0,46.16,13000,159,23547
22096,3576.54,0,0,0,0,24.04,13000,159,23547
22146,3600.58,0,0,0,0,26.58,13000,159,23547
22196,3576.54,0,0,0,0,34.44,13000,159,23547
22246,3600.58,0,0,0,0,25.57,13000,159,23547
22296,3568.88,0,0,0,0,41.23,13000,159,23547
22346,3610.98,0,0,0,0,-53.43,13000,159,23547
22396,3586.80,0,0,0,0,-53.43,13000,159,23547
22446,3639.01,0,0,0,0,-46.20,13000,159,23547
22496,3602.31,0,0,0,0,-33.14,13000,159,23547
22546,3647.86,0,0,-1,0,-54.18,13000,160,23547
22596,3603.17,0,0,-1,0,-53.32,13000,161,23547
22646,3639.01,0,0,0,0,-47.06,13000,161,23547
22696,3603.17,0,0,0,0,-32.28,13000,161,23547
22746,3624.06,0,0,0,0,-19.16,13000,162,23547
22796,3593.67,0,0,0,0,-41.69,13000,162,23547
22846,44378.70,-32447,-530,0,-31921,-40748.50,13530,162,55468
22896,3600.58,0,0,-1,0,290.04,13534,163,55468
22946,3620.56,0,0,0,0,-28.61,13534,164,55468
22996,3576.54,0,0,0,0,34.44,13534,164,55468
23046,3554.50,0,0,1,0,-23.43,13534,167,55468
23096,3533.57,0,0,1,0,36.16,13534,168,55468
23146,3482.70,0,1,0,0,41.73,13535,168,55468
23196,3501.40,0,1,0,0,-41.19,13537,168,55468
23246,3465.00,0,1,0,0,484.44,13548,168,55475
23296,3522.78,0,1,0,0,44.40,13551,168,55475
23346,3481.89,0,1,0,0,30.99,13554,168,55475
23396,3545.26,0,0,1,0,-62.56,13555,169,55475
23446,3510.41,0,1,0,0,35.69,13557,170,55475
23496,3564.64,0,0,0,0,-33.57,13557,172,55475
23546,3545.26,0,0,1,0,34.69,13557,173,55475
23596,3587.66,0,0,1,0,38.99,13557,174,55475
23646,3571.43,0,0,0,0,27.42,13557,175,55475
23696,3619.69,0,0,0,0,27.42,13557,175,55475
23746,3592.81,0,0,0,0,-38.90,13557,175,55475
23796,3600.58,0,0,0,0,-37.39,13557,175,55475
23846,3573.13,0,0,0,0,26.58,13557,175,55475
23896,3611.85,0,0,0,0,42.93,13557,175,55475
23946,3583.37,0,0,0,0,-46.79,13557,175,55475
23996,3629.32,0,0,0,0,-37.37,13557,175,55475
24046,3591.95,0,0,0,0,-42.54,13557,175,55475
24096,3618.82,0,0,0,0,-29.49,13557,175,55475
24146,3604.04,0,0,0,0,-41.01,13557,175,55475
24196,3653.19,0,0,-1,0,-37.86,13557,177,55475
24246,3613.59,0,0,-1,0,-26.36,13557,178,55475
24296,3663.00,0,0,-1,0,-48.55,13557,180,55475
24346,3617.94,0,0,-1,0,-32.61,13557,181,55475
24396,3643.43,0,0,-1,0,-39.39,13557,183,55475
24446,3593.67,0,0,0,0,-17.42,13557,183,55475
24496,3630.20,0,0,0,0,-45.12,13557,183,55475
24546,3591.95,0,0,0,0,-29.61,13557,183,55475
24596,3629.32,0,0,0,0,-35.65,13557,183,55475
24646,3593.67,0,0,0,0,-52.21,13557,183,55475
24696,3633.72,0,0,0,0,-31.42,13557,184,55475
24747,3593.67,0,0,0,0,-39.28,13557,184,55475
24797,3622.31,0,0,0,0,-44.07,13557,184,55475
24847,3581.66,0,0,0,0,-44.94,13557,184,55475
24897,3627.57,0,0,0,0,-45.05,13557,184,55475
24947,3581.66,0,0,0,0,-39.09,13557,184,55475
24997,3639.01,0,0,0,0,-45.34,13557,184,55475
25047,3604.90,0,0,0,0,-41.03,13557,184,55475
25097,3652.30,0,0,-1,0,-50.00,13557,186,55475
25147,3614.46,0,0,-1,0,-49.87,13557,187,55475
25197,3652.30,0,0,-1,0,-48.26,13557,189,55475
25247,3603.17,0,0,-1,0,-36.79,13557,190,55475
25297,3652.30,0,0,-1,0,-48.26,13557,192,55475
25347,3604.90,0,0,0,0,-26.22,13557,192,55475
25397,3610.98,0,0,0,0,-30.58,13557,192,55475
25447,3577.39,0,0,0,0,33.59,13557,192,55475
25497,3612.72,0,0,0,0,35.29,13557,192,55475
25547,3578.24,0,0,0,0,31.86,13557,192,55475
25597,3620.56,0,0,0,0,-35.48,13557,192,55475
25647,3568.03,0,0,0,0,33.41,13557,192,55475
25697,3600.58,0,0,0,0,25.72,13557,192,55475
25747,3588.52,0,0,0,0,-15.29,13557,192,55475
25797,3610.11,0,0,1,0,43.57,13557,193,55475
25847,3573.13,0,0,0,0,26.58,13557,193,55475
25897,3611.85,0,0,0,0,33.57,13557,193,55475
25947,3524.44,0,0,0,0,86.54,13557,193,55475
25997,3619.69,0,-1,0,-1,-152.94,13558,193,55476
26047,3559.56,0,0,1,0,52.28,13558,194,55476
26097,3600.58,0,0,0,0,23.13,13558,194,55476
26147,3576.54,0,0,0,0,35.31,13558,194,55476
26198,3609.24,0,0,0,0,-44.90,13558,194,55476
26248,3575.69,0,0,0,0,36.16,13558,194,55476
26298,3588.52,0,0,0,0,33.59,13558,194,55476
26348,3577.39,0,0,0,0,32.72,13558,194,55476
26398,3589.38,0,0,0,0,34.44,13558,194,55476
26448,3554.50,0,0,1,0,45.21,13558,196,55476
26498,3564.64,0,0,0,0,-9.29,13558,197,55476
26548,3521.95,0,1,0,0,43.53,13559,198,55476
26598,3557.03,0,0,1,0,-34.25,13560,199,55476
26648,3557.87,0,0,1,0,-30.12,13560,200,55476
26698,3529.41,0,0,0,0,425.24,13568,200,55481
26748,3503.85,0,1,0,0,297.46,13574,200,55498
26798,3503.85,0,1,0,0,350.21,13580,200,55517
26848,3589.38,0,0,0,0,75.22,13580,200,55517
26898,3557.87,0,0,1,0,44.43,13580,202,55517
26948,3610.11,0,0,0,0,-19.52,13580,202,55517
26998,3573.98,0,0,0,0,24.87,13580,203,55517
27048,3611.85,0,0,0,0,33.35,13580,203,55517
27098,3567.18,0,0,0,0,44.66,13580,203,55517
27148,3576.54,0,0,0,0,-40.47,13580,204,55517
27198,3545.26,0,0,1,0,37.26,13580,205,55517
27248,3587.66,0,0,1,0,32.28,13580,206,55517
27298,3556.19,0,0,1,0,20.35,13580,208,55517
27348,3598.85,0,0,0,0,33.33,13580,208,55517
27398,3545.26,0,0,1,0,30.42,13580,210,55517
27448,3586.80,0,0,1,0,48.46,13580,211,55517
27498,3564.64,0,0,0,0,23.02,13580,212,55517
27548,3600.58,0,0,0,0,37.61,13580,212,55517
27598,3568.03,0,0,0,0,33.41,13580,212,55517
27648,3598.85,0,0,0,0,35.06,13580,212,55517
27698,3585.09,0,0,0,0,21.46,13580,212,55517
27748,3628.45,0,0,0,0,-45.07,13580,212,55517
27798,3592.81,0,0,0,0,-39.95,13580,212,55517
27848,3648.75,0,0,-1,0,-55.93,13580,213,55517
27898,3604.90,0,0,0,0,-43.61,13580,213,55517
27948,3642.54,0,0,-1,0,-38.51,13580,214,55517
27998,3604.04,0,0,-1,0,-43.87,13580,215,55517
28048,3643.43,0,0,-1,0,-40.26,13580,217,55517
28098,3603.17,0,0,0,0,-27.07,13580,217,55517
28148,3639.01,0,0,0,0,-46.20,13580,218,55517
28198,3604.04,0,0,0,0,-38.42,13580,218,55517
28248,3642.54,0,0,-1,0,-40.24,13580,220,55517
28298,3604.04,0,0,-1,0,-45.66,13580,221,55517
28348,3652.30,0,0,-1,0,-36.97,13580,223,55517
28398,3603.17,0,0,-1,0,-38.85,13580,224,55517
28448,3610.98,0,0,0,0,33.59,13580,224,55517
28498,3746.25,0,-1,0,0,39858.40,14101,224,63936
28548,3599.71,0,-2,0,0,-15.03,14103,224,63936
28598,3509.59,0,1,0,0,23.14,14104,225,63936
28648,3556.19,0,0,1,0,-46.60,14105,227,63936
28698,3520.30,0,1,0,0,35.04,14107,228,63936
28748,3557.87,0,0,1,0,-48.28,14108,230,63936
28798,3532.74,0,0,1,0,26.83,14108,232,63936
28848,3533.57,0,0,1,0,28.53,14108,233,63936
28898,3551.14,0,0,1,0,377.62,14117,234,63941
28948,3992.55,0,-5,0,0,24097.34,14444,234,63956
28998,3565.49,0,0,0,0,6.79,14444,235,63956
29048,3520.30,0,1,0,0,35.89,14445,236,63956
29099,3565.49,0,0,0,0,-34.41,14445,238,63956
29149,3521.95,0,1,0,0,34.23,14447,239,63956
29199,3560.41,0,0,0,0,-40.11,14448,240,63956
29249,3521.95,0,1,0,0,47.78,14449,240,63956
29299,3481.09,0,1,0,0,30.15,14451,241,63956
29349,3459.41,0,1,0,0,32.21,14454,241,63956
29399,3524.44,0,0,0,0,-54.62,14456,241,63956
29449,3488.37,0,1,0,0,46.03,14458,242,63956
29499,3533.57,0,0,1,0,-40.32,14459,243,63956
29549,3498.95,0,1,0,0,47.15,14461,244,63956
29599,3512.06,0,1,0,0,31.53,14462,245,63956
29649,3562.10,0,0,0,0,366.66,14471,245,63961
29699,3503.04,0,1,0,0,272.45,14477,245,63985
29749,3587.66,0,0,1,0,50.50,14477,246,63985
29799,3562.95,0,0,0,0,26.43,14477,247,63985
29849,3611.85,0,0,0,0,15.42,14477,247,63985
29899,3568.88,0,0,0,0,41.23,14477,247,63985
29949,3578.24,0,0,0,0,-1.71,14477,247,63985
29999,3544.42,0,0,1,0,21.06,14477,249,63985
30049,3598.85,0,0,1,0,32.11,14477,250,63985
30099,3562.95,0,0,0,0,35.04,14477,251,63985
30149,3610.11,0,0,0,0,41.23,14477,251,63985
30199,3581.66,0,0,0,0,-51.76,14477,251,63985
30249,3627.57,0,0,0,0,-39.91,14477,251,63985
30299,3585.09,0,0,0,0,-39.91,14477,251,63985
30349,3630.20,0,0,0,0,-47.69,14477,251,63985
30399,3594.54,0,0,0,0,-41.67,14477,251,63985
30449,3833.38,0,-3,0,0,-88.99,14989,251,89300
30499,3593.67,0,0,0,0,-29.60,14989,251,89300
30550,3627.57,0,0,0,0,-33.89,14989,251,89300
30600,3591.95,0,0,0,0,-41.69,14989,251,89300
30650,3599.71,0,0,0,0,42.30,14989,251,89300
30700,3575.69,0,0,0,0,24.89,14989,251,89300
30750,3611.85,0,0,0,0,42.93,14989,251,89300
30800,3566.33,0,0,0,0,44.64,14989,251,89300
30850,3535.23,0,0,1,0,-46.05,14990,253,89300
30900,3510.41,0,1,0,0,46.62,14992,254,89300
30950,3535.23,0,0,1,0,-25.64,14993,256,89300
31000,3511.24,0,1,0,0,34.02,14995,257,89300
31050,3568.88,0,0,0,0,-59.29,14996,258,89300
31100,3533.57,0,0,1,0,34.46,14997,259,89300
31150,3575.69,0,0,0,0,-42.12,14997,260,89300
31200,3556.19,0,0,1,0,20.35,14997,262,89300
31250,3597.98,0,0,1,0,31.44,14997,263,89300
31300,3568.03,0,0,0,0,42.08,14997,264,89300
31350,3624.06,0,0,0,0,-56.03,14997,264,89300
31400,3582.52,0,0,0,0,-46.67,14997,264,89300
31450,3593.67,0,0,0,0,-46.81,14997,264,89300
31500,3628.45,0,0,0,0,323.08,15004,264,89315
31550,3595.40,0,-5,0,-4,-735.59,15013,264,89320
31600,3651.41,0,0,-1,0,412.53,15023,265,89325
31650,3660.32,0,0,-1,0,-32.75,15036,266,89334
31700,3626.69,0,0,0,0,34.52,15036,267,89334
31750,3643.43,0,0,-1,0,-27.23,15036,268,89334
31800,3591.09,0,0,-1,0,-47.40,15036,269,89334
31850,3575.69,0,0,0,0,-42.12,15036,270,89334
31900,3598.85,0,0,1,0,37.11,15036,271,89334
31950,3549.46,0,0,1,0,547.79,15047,272,89341
32000,3573.13,0,0,0,0,395.12,15055,272,89346
32050,3548.62,0,0,1,0,85.99,15056,273,89346
32100,3585.94,0,0,1,0,51.32,15056,274,89346
32150,3554.50,0,0,1,0,45.21,15056,275,89346
32200,3612.72,0,0,0,0,36.87,15056,275,89346
32250,3586.80,0,0,0,0,45.53,15056,275,89346
32300,3620.56,0,0,0,0,-38.90,15056,275,89346
32350,3593.67,0,0,0,0,-57.21,15056,275,89346
32400,3639.01,0,0,0,0,-47.06,15056,275,89346
32450,3593.67,0,0,0,0,-44.30,15056,275,89346
32500,3639.01,0,0,0,0,-39.30,15056,275,89346
32550,3604.04,0,0,0,0,-33.14,15056,275,89346
32600,3619.69,0,0,0,0,-20.03,15056,275,89346
32650,3583.37,0,0,0,0,-41.67,15056,275,89346
32700,3599.71,0,0,0,0,26.58,15056,275,89346
32750,3566.33,0,0,0,0,34.24,15056,275,89346
32800,3621.44,0,0,0,0,-43.19,15056,275,89346
32850,3579.95,0,0,0,0,115.54,15058,275,89351
32900,3622.31,0,0,0,0,-50.03,15058,275,89351
32950,3567.18,0,0,0,0,44.66,15058,275,89351
33000,3600.58,0,0,0,0,35.90,15058,275,89351
33050,3568.03,0,0,0,0,32.55,15058,275,89351
33100,3574.83,0,0,0,0,-15.27,15058,276,89351
33150,3536.90,0,0,1,0,49.90,15058,278,89351
33200,3587.66,0,0,1,0,31.46,15058,279,89351
33250,3543.59,0,0,1,0,121.21,15059,281,89356
33300,3599.71,0,0,0,0,33.31,15059,281,89356
33350,3562.95,0,0,0,0,24.71,15059,282,89356
33400,3598.85,0,0,0,0,35.06,15059,282,89356
33451,3550.30,0,0,1,0,58.08,15059,284,89356
33501,3566.33,0,0,0,0,-55.10,15060,285,89356
33551,3533.57,0,0,1,0,34.46,15061,286,89356
33601,3576.54,0,0,0,0,-32.95,15061,287,89356
33651,3545.26,0,0,1,0,42.40,15061,289,89356
33701,3589.38,0,0,0,0,23.01,15061,289,89356
33751,3573.13,0,0,0,0,25.72,15061,290,89356
33801,3601.44,0,0,0,0,30.98,15061,290,89356
33851,3575.69,0,0,0,0,35.29,15061,290,89356
33901,3629.32,0,0,0,0,-35.65,15061,290,89356
33951,3604.90,0,0,0,0,-41.89,15061,290,89356
34001,3643.43,0,0,-1,0,-28.97,15061,291,89356
34051,3615.33,0,0,-1,0,-48.89,15061,292,89356
34101,3642.54,0,0,-1,0,-38.51,15061,294,89356
34151,3593.67,0,0,0,0,-27.95,15061,294,89356
34201,3620.56,0,0,0,0,-39.76,15061,294,89356
34251,3577.39,0,0,0,0,34.46,15061,294,89356
34301,3629.32,0,0,0,0,-43.38,15061,294,89356
34351,3591.95,0,0,0,0,-57.21,15061,294,89356
34401,3647.86,0,0,-1,0,-54.18,15061,295,89356
34451,3604.90,0,0,0,0,-27.06,15061,295,89356
34501,3642.54,0,0,-1,0,-39.37,15061,296,89356
34551,3602.31,0,0,-1,0,-37.66,15061,297,89356
34601,3652.30,0,0,-1,0,-47.40,15061,298,89356
34651,3603.17,0,0,-1,0,-46.55,15061,299,89356
34701,3642.54,0,0,-1,0,-28.09,15061,301,89356
34751,3604.04,0,0,-1,0,-37.66,15061,302,89356
34801,3643.43,0,0,-1,0,-41.12,15061,304,89356
34851,3604.04,0,0,-1,0,-36.76,15061,305,89356
34902,3642.54,0,0,-1,0,-27.22,15061,307,89356
34952,3602.31,0,0,-1,0,-58.10,15061,308,89356
35002,3643.43,0,0,-1,0,-40.26,15061,310,89356
35052,3593.67,0,0,0,0,-36.51,15061,310,89356
35102,3610.98,0,0,0,0,-36.51,15061,310,89356
35152,3568.03,0,0,0,0,32.55,15061,310,89356
35202,3599.71,0,0,0,0,24.85,15061,310,89356
35252,3567.18,0,0,0,0,44.66,15061,310,89356
35302,3610.11,0,0,0,0,31.86,15061,310,89356
35352,3573.98,0,0,0,0,14.54,15061,310,89356
35402,3611.85,0,0,0,0,35.90,15061,310,89356
35452,3577.39,0,0,0,0,23.19,15061,310,89356
35502,3599.71,0,0,0,0,23.99,15061,310,89356
35552,3566.33,0,0,0,0,34.24,15061,310,89356
35602,3578.24,0,0,0,0,-15.30,15061,310,89356
35652,3548.62,0,0,1,0,52.82,15061,312,89356
35702,3598.85,0,0,0,0,31.62,15061,312,89356
35752,3564.64,0,0,0,0,23.02,15061,312,89356
35802,3556.19,0,0,1,0,20.35,15061,313,89356
35852,3501.40,0,1,0,0,372.57,15068,313,89389
35902,3557.03,0,0,1,0,246.21,15072,314,89403
35952,3558.72,0,0,1,0,122.26,15074,315,89411
36002,3523.61,0,0,0,0,36.80,15075,315,89411
36052,3517.00,0,1,0,0,-6.58,15077,316,89411
36102,3481.09,0,1,0,0,30.97,15080,316,89411
36152,3534.40,0,0,1,0,-46.03,15081,318,89411
36202,3499.77,0,1,0,0,35.47,15083,319,89411
36252,3522.78,0,1,0,0,-22.20,15085,320,89411
36302,3511.24,0,1,0,0,23.17,15087,321,89411
36352,3557.03,0,0,1,0,-34.25,15088,323,89411
36402,3521.13,0,1,0,0,35.90,15090,324,89411
36452,3652.30,-5,0,-1,-6,-198.47,15091,326,89417
36502,3546.10,0,0,1,0,39.84,15091,328,89417
36552,3575.69,0,0,0,0,-30.42,15091,329,89417
36602,3545.26,0,0,1,0,34.69,15091,330,89417
36652,3555.34,0,0,1,0,29.74,15091,331,89417
36702,3500.58,0,1,0,0,302.66,15097,331,89434
36752,3580.81,0,-2,0,-11,-291.13,15100,331,89445
36802,3612.72,0,-2,0,-14,-352.52,15104,331,89459
36852,3591.09,-1,-2,0,-15,-387.32,15108,331,89474
36902,3502.22,0,1,0,0,315.55,15113,331,89490
36952,3579.95,0,0,0,0,222.33,15116,331,89501
37002,3589.38,0,0,0,0,29.87,15116,331,89501
37052,3546.10,0,0,1,0,47.58,15116,333,89501
37102,3555.34,0,0,1,0,-18.44,15116,335,89501
37152,3509.59,0,1,0,0,38.18,15117,336,89501
37202,3555.34,0,0,1,0,-33.39,15118,338,89501
37252,3500.58,0,1,0,0,34.65,15120,339,89501
37302,3617.07,0,-1,0,0,42128.11,15670,340,89501
37352,3509.59,0,1,0,0,36.51,15672,341,89501
37402,3534.40,0,0,1,0,-34.63,15673,343,89501
37452,3499.77,0,1,0,0,46.33,15675,344,89501
37502,3535.23,0,0,1,0,-46.86,15676,346,89501
37552,3499.77,0,1,0,0,33.80,15678,347,89501
37603,3544.42,0,0,1,0,-34.83,15679,349,89501
37654,3521.95,0,1,0,0,34.23,15681,350,89501
37705,3546.10,0,0,1,0,-36.51,15682,352,89501
37755,3544.42,0,0,1,0,-38.11,15683,353,89501
37805,3505.49,0,1,0,0,557.35,15696,353,89509
37855,3564.64,0,0,0,0,-20.22,15697,354,89509
37905,3521.95,0,1,0,0,52.03,15699,354,89509
37955,3565.49,0,0,0,0,-34.41,15699,355,89509
38005,3534.40,0,0,1,0,35.33,15699,356,89509
38055,3585.94,0,0,1,0,28.72,15699,357,89509
38105,3546.10,0,0,1,0,40.70,15699,359,89509
38155,3574.83,0,0,0,0,-40.43,15699,360,89509
38205,3546.10,0,0,1,0,40.70,15699,362,89509
38255,3598.85,0,0,1,0,31.46,15699,363,89509
38305,3567.18,0,0,0,0,43.80,15699,363,89509
38355,3618.82,0,0,0,0,-55.13,15699,363,89509
38405,3585.94,0,0,0,0,-55.13,15699,363,89509
38455,3639.01,0,0,0,0,-56.49,15699,363,89509
38505,3593.67,0,0,0,0,-39.09,15699,363,89509
38555,3647.86,0,0,-1,0,-54.18,15699,364,89509
38605,3603.17,0,0,-1,0,-52.46,15699,365,89509
38656,3628.45,0,0,0,0,-34.77,15699,365,89509
38706,3593.67,0,0,0,0,-30.48,15699,365,89509
38756,3629.32,0,0,0,0,-36.51,15699,365,89509
38806,3582.52,0,0,0,0,-42.52,15699,365,89509
38856,3610.98,0,0,0,0,-56.49,15699,365,89509
38906,3577.39,0,0,0,0,34.46,15699,365,89509
38956,3629.32,0,0,0,0,-46.81,15699,365,89509
39006,3593.67,0,0,0,0,-40.79,15699,365,89509
39056,3642.54,0,0,-1,0,-37.64,15699,366,89509
39106,3615.33,0,0,-1,0,-35.25,15699,367,89509
39156,3653.19,0,0,-1,0,-39.60,15699,369,89509
39206,3615.33,0,0,-1,0,-25.48,15699,370,89509
39256,3643.43,0,0,-1,0,-28.10,15699,372,89509
39306,3603.17,0,0,0,0,-26.22,15699,372,89509
39356,3643.43,0,0,-1,0,-40.26,15699,374,89509
39406,3614.46,0,0,-1,0,-48.26,15699,375,89509
39456,3653.19,0,0,-1,0,-49.15,15699,377,89509
39506,3586.80,0,0,-1,0,-49.15,15699,377,89509
39556,3630.20,0,0,0,0,-46.83,15699,377,89509
39606,3544.42,0,0,1,0,34.67,15699,378,89509
39656,3598.85,0,0,1,0,42.38,15699,379,89509
39706,3555.34,0,0,1,0,43.50,15699,381,89509
39756,3597.12,0,0,1,0,29.74,15699,382,89509
39806,3564.64,0,0,0,0,32.48,15699,383,89509
39856,3611.85,0,0,0,0,50.86,15699,383,89509
39906,3586.80,0,0,0,0,50.86,15699,383,89509
39956,3629.32,0,0,0,0,-44.24,15699,383,89509
40006,3593.67,0,0,0,0,-44.05,15699,383,89509
40056,3626.69,0,0,0,0,1.75,15699,383,89509
40107,3595.40,0,0,0,0,1.75,15699,383,89509
40157,3629.32,0,0,0,0,-35.65,15699,383,89509
40207,3592.81,0,0,0,0,-29.60,15699,383,89509
40257,3623.19,0,0,0,0,-18.29,15699,383,89509
40307,3596.26,0,0,0,0,-18.29,15699,383,89509
40357,3620.56,0,0,0,0,-28.61,15699,383,89509
40407,3576.54,0,0,0,0,43.15,15699,383,89509
40457,3629.32,0,0,0,0,-35.65,15699,383,89509
40507,3570.58,0,0,0,0,53.49,15699,383,89509
40557,3610.98,0,0,0,0,-50.86,15699,383,89509
40607,3592.81,0,0,0,0,-44.09,15699,383,89509
40657,3637.25,0,0,0,0,-43.57,15699,383,89509
40707,3604.04,0,0,0,0,-39.28,15699,383,89509
40757,3652.30,0,0,-1,0,-49.13,15699,385,89509
40807,3603.17,0,0,-1,0,-35.23,15699,386,89509
40857,3610.98,0,0,0,0,33.59,15699,386,89509
40907,3562.95,0,0,0,0,28.15,15699,386,89509
40957,3611.85,0,0,0,0,27.42,15699,386,89509
41007,3546.10,0,0,1,0,42.42,15699,387,89509
41057,3586.80,0,0,1,0,29.74,15699,388,89509
41107,3545.26,0,0,1,0,30.42,15699,390,89509
41157,3597.12,0,0,1,0,50.16,15699,391,89509
41207,3567.18,0,0,0,0,42.06,15699,392,89509
41257,3610.11,0,0,1,0,43.55,15699,393,89509
41307,3571.43,0,0,0,0,52.64,15699,393,89509
41357,3601.44,0,0,0,0,-50.01,15699,393,89509
41407,3577.39,0,0,0,0,34.46,15699,393,89509
41457,3629.32,0,0,0,0,-35.65,15699,393,89509
41507,3604.04,0,0,0,0,-48.73,15699,393,89509
41558,3652.30,0,0,-1,0,-48.26,15699,395,89509
41608,3615.33,0,0,-1,0,-45.66,15699,396,89509
41658,3662.11,0,0,-1,0,-46.78,15699,398,89509
41708,3615.33,0,0,-1,0,-34.56,15699,399,89509
41758,3643.43,0,0,-1,0,-38.53,15699,400,89509
41808,3604.04,0,0,-1,0,-46.53,15699,401,89509
41858,3643.43,0,0,-1,0,-28.97,15699,403,89509
41908,3603.17,0,0,-1,0,-36.79,15699,404,89509
41958,3643.43,0,0,-1,0,-38.53,15699,405,89509
42008,3568.03,0,0,0,0,33.41,15699,405,89509
42058,3611.85,0,0,0,0,24.00,15699,405,89509
42108,3576.54,0,0,0,0,37.05,15699,405,89509
42158,3610.11,0,0,0,0,43.82,15699,405,89509
42208,3568.03,0,0,0,0,32.55,15699,405,89509
42258,3600.58,0,0,0,0,36.77,15699,405,89509
42308,3568.03,0,0,0,0,32.55,15699,405,89509
42358,3577.39,0,0,0,0,-8.51,15699,405,89509
42408,3546.10,0,0,1,0,40.70,15699,407,89509
42458,3598.85,0,0,1,0,31.46,15699,408,89509
42508,3575.69,0,0,0,0,24.89,15699,409,89509
42558,3611.85,0,0,0,0,26.58,15699,409,89509
42608,3568.03,0,0,0,0,42.95,15699,409,89509
42658,3600.58,0,0,0,0,25.58,15699,409,89509
42708,3600.58,0,0,0,0,39.32,15699,409,89509
42758,3571.43,0,0,0,0,599.87,15711,409,89517
42808,3501.40,0,1,0,0,348.70,15718,409,89537
42858,3501.40,0,1,0,0,327.08,15722,409,89552
42908,3582.52,0,-1,0,-10,-260.51,15724,409,89562
42958,3544.42,0,0,1,0,118.58,15725,411,89569
43008,3565.49,0,0,0,0,-17.71,15725,412,89569
43058,3509.59,0,1,0,0,49.13,15726,413,89569
43108,3557.87,0,0,1,0,-34.27,15726,414,89569
43158,3492.43,0,1,0,0,32.00,15728,414,89569
43208,3502.22,0,1,0,0,-53.15,15731,414,89569
43258,3469.81,0,1,0,0,43.89,15734,414,89569
43308,3503.85,0,1,0,0,-23.58,15737,414,89569
43358,3482.70,0,1,0,0,41.73,15739,414,89569
43408,3535.23,0,0,1,0,-43.61,15741,415,89569
43459,3510.41,0,1,0,0,34.85,15743,416,89569
43509,3557.87,0,0,1,0,-48.28,15744,418,89569
43559,3566.33,0,0,0,0,-50.16,15745,418,89569
43609,3518.65,0,1,0,0,409.08,15754,418,89574
43659,3546.10,0,0,1,0,-51.23,15755,420,89574
43709,3524.44,0,0,0,0,38.51,15756,420,89574
43759,3564.64,0,0,0,0,-30.24,15756,421,89574
43809,3544.42,0,0,1,0,32.11,15756,423,89574
43859,3598.85,0,0,1,0,39.82,15756,424,89574
43909,3564.64,0,0,0,0,34.21,15756,425,89574
43959,3612.72,0,0,0,0,30.11,15756,425,89574
44009,3577.39,0,0,0,0,33.59,15756,425,89574
44059,3612.72,0,0,0,0,31.85,15756,425,89574
44109,3583.37,0,0,0,0,31.85,15756,425,89574
44160,3629.32,0,0,0,0,-35.65,15756,425,89574
44210,3604.04,0,0,0,0,-41.03,15756,425,89574
44260,3643.43,0,0,-1,0,-39.39,15756,427,89574
44310,3604.04,0,0,-1,0,-36.78,15756,428,89574
44360,3663.00,0,0,-1,0,-48.55,15756,430,89574
44410,3629.32,0,0,0,0,42.65,15756,430,89574
44460,3685.50,0,-1,0,0,-57.06,15758,430,89574
44510,3618.82,0,0,0,0,-40.91,15758,430,89574
44560,3662.11,0,0,-1,0,-46.78,15758,432,89574
44610,3630.20,0,0,0,0,42.67,15758,432,89574
44660,3650.52,0,0,-1,0,-25.58,15758,434,89574
44710,3593.67,0,0,0,0,-27.12,15758,434,89574
44760,3642.54,0,0,-1,0,-34.17,15758,436,89574
44810,3591.95,0,0,-1,0,-41.95,15758,437,89574
44860,3619.69,0,0,0,0,-36.49,15758,437,89574
44910,3583.37,0,0,0,0,-51.93,15758,437,89574
44960,3610.98,0,0,0,0,-45.07,15758,437,89574
45010,3564.64,0,0,0,0,30.76,15758,437,89574
45060,3587.66,0,0,0,0,37.61,15758,437,89574
45110,3564.64,0,0,0,0,23.88,15758,437,89574
45160,3600.58,0,0,0,0,26.57,15758,437,89574
45210,3577.39,0,0,0,0,34.46,15758,437,89574
45260,3612.72,0,0,0,0,40.34,15758,437,89574
45310,3575.69,0,0,0,0,24.89,15758,437,89574
45360,3622.31,0,0,0,0,-44.07,15758,437,89574
45410,3593.67,0,0,0,0,-50.49,15758,437,89574
45460,3639.01,0,0,0,0,-45.34,15758,437,89574
45510,3593.67,0,0,0,0,-38.40,15758,437,89574
45560,3639.01,0,0,0,0,-47.06,15758,437,89574
45611,3591.95,0,0,-1,0,-51.72,15758,438,89574
45661,3598.85,0,0,0,0,28.39,15758,438,89574
45711,3585.09,0,0,0,0,22.31,15758,438,89574
45761,3610.98,0,0,0,0,41.45,15758,438,89574
45811,3576.54,0,0,0,0,43.15,15758,438,89574
45861,3628.45,0,0,0,0,-45.93,15758,438,89574
45911,3576.54,0,0,0,0,24.90,15758,438,89574
45961,3610.11,0,0,0,0,32.73,15758,438,89574
46011,3575.69,0,0,0,0,44.01,15758,438,89574
46061,3590.23,0,0,0,0,-46.63,15758,438,89574
46111,3566.33,0,0,0,0,39.44,15758,438,89574
46161,3611.85,0,0,0,0,42.93,15758,438,89574
46211,3573.98,0,0,0,0,13.68,15758,438,89574
46261,3599.71,0,0,0,0,35.92,15758,438,89574
46311,3562.95,0,0,0,0,26.43,15758,438,89574
46361,3587.66,0,0,1,0,20.34,15758,439,89574
46411,3555.34,0,0,1,0,43.50,15758,441,89574
46461,3585.94,0,0,1,0,41.76,15758,442,89574
46511,3563.79,0,0,0,0,33.33,15758,443,89574
46561,3587.66,0,0,1,0,33.17,15758,444,89574
46611,3572.28,0,0,0,0,26.57,15758,445,89574
46661,3610.11,0,0,1,0,45.19,15758,446,89574
46711,3564.64,0,0,0,0,34.21,15758,446,89574
46761,3611.85,0,0,0,0,23.13,15758,446,89574
46811,3586.80,0,0,0,0,42.12,15758,446,89574
46861,42253.52,-4917,-502,0,-4417,-38652.08,16260,446,93991
46911,3573.13,0,0,0,0,235.91,16263,446,93991
46961,3599.71,0,0,0,0,25.72,16263,446,93991
47011,3573.98,0,0,0,0,22.28,16263,447,93991
47062,42613.64,-13040,-507,0,-12534,-39035.39,16770,447,106525
47112,3529.41,0,0,0,0,242.28,16772,447,106525
47162,3575.69,0,0,0,0,-42.12,16772,448,106525
47212,3545.26,0,0,1,0,30.42,16772,450,106525
47262,3587.66,0,0,1,0,29.74,16772,451,106525
47312,3576.54,0,0,0,0,-30.44,16772,452,106525
47362,3551.14,0,0,1,0,470.31,16782,453,106532
47412,3578.24,0,0,0,0,91.03,16783,454,106537
47462,3521.95,0,1,0,0,44.38,16784,455,106537
47512,3568.88,0,0,0,0,-39.47,16784,455,106537
47562,3509.59,0,1,0,0,36.51,16786,456,106537
47612,3555.34,0,0,1,0,-44.93,16787,458,106537
47662,3498.95,0,1,0,0,35.45,16789,459,106537
47712,3533.57,0,0,1,0,-23.98,16790,461,106537
47762,3510.41,0,1,0,0,36.52,16792,462,106537
47812,3512.88,0,1,0,0,-30.99,16795,462,106537
47862,3492.43,0,1,0,0,31.18,16797,462,106537
47912,3545.26,0,0,1,0,-46.31,16798,464,106537
47962,3509.59,0,1,0,0,45.75,16800,465,106537
48012,3579.10,0,0,0,0,-57.97,16801,466,106537
48062,3575.69,0,0,0,0,-45.44,16801,467,106537
48112,3538.57,0,0,1,0,480.72,16811,468,106544
48162,3604.90,0,-4,0,-3,-620.34,16818,468,106548
48212,3501.40,0,1,0,0,390.66,16825,468,106582
48262,3502.22,0,1,0,0,339.01,16830,468,106598
48312,3607.50,0,0,0,0,21.69,16831,468,106604
48362,3606.64,0,-1,0,0,-143.80,16832,469,106604
48412,3581.66,0,0,0,-4,-166.06,16833,469,106608
48462,3626.69,0,0,0,0,24.72,16833,471,106608
48512,3581.66,0,0,-1,0,-117.23,16833,473,106608
48562,3624.06,0,0,0,0,-49.23,16833,473,106608
48612,3545.26,0,0,1,0,27.87,16833,474,106608
48662,3587.66,0,0,1,0,24.43,16833,475,106608
48712,3544.42,0,0,1,0,42.38,16833,477,106608
48762,3576.54,0,0,0,0,-32.11,16833,478,106608
48812,3554.50,0,0,1,0,33.16,16833,480,106608
48862,3563.79,0,0,0,0,-32.72,16833,482,106608
48912,3546.10,0,0,1,0,28.73,16833,484,106608
48962,3577.39,0,0,0,0,-22.05,16833,485,106608
49012,3555.34,0,0,1,0,41.78,16833,487,106608
49062,3624.06,0,0,0,0,-47.53,16833,487,106608
49112,3578.24,0,0,0,0,31.86,16833,487,106608
49162,3600.58,0,0,0,0,26.58,16833,487,106608
49212,3582.52,0,0,0,0,-44.94,16833,487,106608
49262,3630.20,0,0,0,0,-43.40,16833,487,106608
49312,3603.17,0,0,-1,0,-58.48,16833,488,106608
49362,3639.89,0,0,0,0,-36.72,16833,489,106608
49412,3604.04,0,0,0,0,-39.30,16833,489,106608
49462,3643.43,0,0,-1,0,-28.97,16833,491,106608
49512,3534.40,0,0,1,0,28.54,16833,492,106608
49562,3575.69,0,0,0,0,-28.75,16833,493,106608
49612,3546.10,0,0,1,0,40.70,16833,495,106608
49662,3557.03,0,0,1,0,-36.73,16834,497,106608
49712,3545.26,0,0,1,0,36.40,16834,498,106608
49762,3590.23,0,0,0,0,23.01,16834,498,106608
49812,3743.45,0,-1,0,0,38749.47,17340,498,115248
49862,3629.32,0,0,0,0,-43.38,17342,498,115248
49912,3577.39,0,0,0,0,41.43,17342,498,115248
49963,3620.56,0,0,0,0,-39.76,17342,498,115248
50013,3582.52,0,0,0,0,-44.92,17342,498,115248
50063,3557.03,0,0,1,0,-32.59,17342,499,115248
50113,3522.78,0,1,0,0,56.32,17344,499,115248
50163,3560.41,0,0,0,0,-40.11,17345,500,115248
50213,3569.73,0,0,0,0,-41.98,17345,500,115248
50263,3540.24,0,0,1,0,450.18,17355,501,115254
50313,3572.28,0,0,0,0,18.82,17355,501,115254
50363,3534.40,0,0,1,0,39.58,17355,503,115254
50413,3586.80,0,0,1,0,38.24,17355,504,115254
50463,3546.10,0,0,1,0,38.99,17355,506,115254
50513,3585.94,0,0,1,0,28.90,17355,507,115254
50563,3564.64,0,0,0,0,21.30,17355,508,115254
50613,3586.80,0,0,1,0,52.82,17355,509,115254
50663,3563.79,0,0,0,0,23.87,17355,510,115254
50713,3611.85,0,0,0,0,26.57,17355,510,115254
50763,3578.24,0,0,0,0,31.86,17355,510,115254
50813,3611.85,0,0,0,0,23.87,17355,510,115254
50863,3582.52,0,0,0,0,-55.18,17355,510,115254
50913,3619.69,0,0,0,0,-55.18,17355,510,115254
50963,3582.52,0,0,0,0,-53.92,17355,510,115254
51013,3643.43,0,0,-1,0,-41.12,17355,512,115254
51063,3604.04,0,0,-1,0,-47.40,17355,513,115254
51113,3652.30,0,0,-1,0,-48.26,17355,515,115254
51163,3580.81,0,0,0,0,-27.08,17355,515,115254
51213,3610.11,0,0,1,0,52.23,17355,516,115254
51263,3571.43,0,0,0,0,50.89,17355,516,115254
51313,3587.66,0,0,1,0,30.42,17355,517,115254
51363,3562.95,0,0,0,0,35.90,17355,518,115254
51414,3586.80,0,0,1,0,44.41,17355,519,115254
51464,3562.95,0,0,0,0,35.90,17355,520,115254
51514,3587.66,0,0,0,0,35.07,17355,520,115254
51564,3555.34,0,0,1,0,42.64,17355,522,115254
51614,3574.83,0,0,0,0,-29.57,17355,523,115254
51664,3546.10,0,0,1,0,51.02,17355,525,115254
51714,3610.11,0,0,1,0,41.78,17355,526,115254
51764,3576.54,0,0,0,0,36.18,17355,526,115254
51814,3629.32,0,0,0,0,-35.65,17355,526,115254
51864,3593.67,0,0,0,0,-31.34,17355,526,115254
51914,3643.43,0,0,-1,0,-40.26,17355,527,115254
51964,3613.59,0,0,-1,0,-55.07,17355,528,115254
52014,3653.19,0,0,-1,0,-48.29,17355,529,115254
52064,3615.33,0,0,-1,0,-56.34,17355,530,115254
52114,3653.19,0,0,-1,0,-37.86,17355,532,115254
52164,3603.17,0,0,-1,0,-25.47,17355,533,115254
52214,3639.01,0,0,0,0,-45.34,17355,533,115254
52264,3592.81,0,0,-1,0,-60.23,17355,534,115254
52314,3633.72,0,0,0,0,-30.55,17355,535,115254
52364,3592.81,0,0,0,0,-40.16,17355,535,115254
52414,3642.54,0,0,-1,0,-38.51,17355,536,115254
52464,3604.04,0,0,-1,0,-56.34,17355,537,115254
52514,3612.72,0,0,0,0,41.43,17355,537,115254
52564,3577.39,0,0,0,0,34.46,17355,537,115254
52614,3620.56,0,0,0,0,-38.05,17355,537,115254
52664,3578.24,0,0,0,0,32.73,17355,537,115254
52714,3630.20,0,0,0,0,-43.40,17355,537,115254
52764,3593.67,0,0,0,0,-32.05,17355,537,115254
52814,3639.01,0,0,0,0,-47.06,17355,537,115254
52864,3586.80,0,0,0,0,-47.06,17355,537,115254
52914,3620.56,0,0,0,0,-34.62,17355,537,115254
52964,3591.95,0,0,0,0,-41.67,17355,537,115254
53014,3633.72,0,0,0,0,-23.61,17355,537,115254
53064,3604.04,0,0,-1,0,-61.09,17355,538,115254
53114,3563.79,0,0,0,0,29.02,17355,538,115254
53164,3535.23,0,0,1,0,32.80,17356,539,115254
53214,3587.66,0,0,1,0,49.04,17356,540,115254
53264,3556.19,0,0,1,0,20.35,17356,542,115254
53314,3589.38,0,0,0,0,23.00,17356,542,115254
53364,3566.33,0,0,0,0,34.24,17356,542,115254
53414,3610.11,0,0,0,0,26.58,17356,542,115254
53464,3569.73,0,0,0,0,53.46,17356,542,115254
53514,3597.98,0,0,1,0,34.86,17356,543,115254
53564,3573.13,0,0,0,0,25.72,17356,544,115254
53614,3611.85,0,0,0,0,32.48,17356,544,115254
53664,3624.06,0,0,0,0,-53.49,17356,544,115254
53714,3618.82,0,-7,0,-6,-1020.88,17368,544,115262
53764,3624.06,0,0,0,0,-50.08,17368,544,115262
53814,3589.38,0,-4,0,-3,-573.74,17375,544,115277
53864,3628.45,0,0,0,0,331.43,17382,544,115291
53914,3604.90,0,-5,0,-5,-780.37,17391,544,115297
53964,3613.59,0,0,-1,0,481.71,17401,545,115303
54014,3671.97,0,0,0,0,-56.64,17401,546,115303
54064,3603.17,0,0,-1,0,-38.71,17401,547,115303
54114,3652.30,0,0,-1,0,-49.13,17401,549,115303
54164,3624.94,0,0,0,0,27.36,17401,550,115303
54214,3624.06,0,0,0,0,-8.73,17401,551,115303
54264,3604.90,0,0,0,0,-51.35,17401,551,115303
54315,3624.06,0,0,0,0,-20.03,17401,552,115303
54365,3591.95,0,0,0,0,-48.78,17401,552,115303
54415,3638.13,0,0,0,0,-43.59,17401,552,115303
54465,3604.04,0,0,-1,0,-50.74,17401,553,115303
54515,3653.19,0,0,-1,0,-50.02,17401,554,115303
54565,3604.04,0,0,-1,0,-35.91,17401,555,115303
54615,3662.11,0,0,-1,0,-58.07,17401,557,115303
54665,3603.17,0,0,0,0,-27.95,17401,557,115303
54715,3642.54,0,0,-1,0,-37.64,17401,558,115303
54765,3592.81,0,0,-1,0,-55.07,17401,559,115303
54815,3629.32,0,0,0,0,-37.37,17401,559,115303
54865,3580.81,0,0,0,0,-51.35,17401,559,115303
54915,3609.24,0,0,0,0,-46.76,17401,559,115303
54965,3568.03,0,0,0,0,33.41,17401,559,115303
55015,3670.17,-1,0,0,-4,-172.04,17402,559,115307
55065,3554.50,0,0,1,0,33.16,17402,561,115307
55115,3597.98,0,0,1,0,41.78,17402,562,115307
55165,3564.64,0,0,0,0,32.48,17402,563,115307
55215,3600.58,0,0,0,0,22.16,17402,563,115307
55265,3597.98,0,0,1,0,41.86,17402,564,115307
55315,3570.58,0,0,0,0,537.89,17413,564,115314
55365,3604.90,0,-5,0,-5,-823.34,17422,564,115320
55415,3573.13,0,0,0,0,429.00,17431,564,115325
55465,3607.50,0,-4,0,-4,-650.86,17438,564,115330
55515,3501.40,0,1,0,0,388.64,17445,564,115365
55565,3604.90,0,0,0,0,24.82,17445,565,115367
55615,3571.43,0,0,0,0,28.28,17445,566,115367
55665,3598.85,0,0,1,0,38.42,17445,567,115367
55715,3573.13,0,0,0,0,26.58,17445,567,115367
55766,3602.31,0,0,0,0,26.58,17445,567,115367
55816,3577.39,0,0,0,0,31.85,17445,567,115367
55866,3620.56,0,0,0,0,-39.76,17445,567,115367
55916,3533.57,0,0,1,0,43.82,17445,568,115367
55966,3587.66,0,0,1,0,22.04,17445,569,115367
56016,3553.66,0,0,1,0,45.19,17445,571,115367
56066,3598.85,0,0,1,0,50.50,17445,572,115367
56116,3559.56,0,0,1,0,48.81,17445,574,115367
56166,3611.85,0,0,0,0,51.66,17445,574,115367
56216,3568.03,0,0,0,0,33.41,17445,574,115367
56266,3608.37,0,0,1,0,42.72,17445,575,115367
56316,3580.81,0,0,0,0,-54.33,17445,575,115367
56366,3629.32,0,0,0,0,-35.65,17445,575,115367
56416,3593.67,0,0,0,0,-51.35,17445,575,115367
56466,3639.01,0,0,0,0,-45.34,17445,575,115367
56516,3586.80,0,0,0,0,-45.34,17445,575,115367
56566,3629.32,0,0,0,0,-43.38,17445,575,115367
56616,3582.52,0,0,0,0,-44.05,17445,575,115367
56666,3639.01,0,0,0,0,-47.06,17445,575,115367
56716,3591.95,0,0,0,0,-32.28,17445,575,115367
56766,3639.01,0,0,0,0,-45.34,17445,575,115367
56816,3593.67,0,0,0,0,-52.21,17445,575,115367
56866,3633.72,0,0,0,0,-29.68,17445,575,115367
56916,3602.31,0,0,-1,0,-48.15,17445,576,115367
56966,3663.00,0,0,-1,0,-58.97,17445,578,115367
57016,3614.46,0,0,-1,0,-33.29,17445,579,115367
57066,3653.19,0,0,-1,0,-48.29,17445,580,115367
57116,3615.33,0,0,-1,0,-48.26,17445,581,115367
57166,3639.01,0,0,0,0,-47.06,17445,581,115367
57216,3591.95,0,0,0,0,-48.78,17445,581,115367
57266,3610.11,0,0,0,0,-44.41,17445,581,115367
57316,3576.54,0,0,0,0,35.31,17445,581,115367
57366,3619.69,0,0,0,0,-44.90,17445,581,115367
57416,3583.37,0,0,0,0,-51.35,17445,581,115367
57466,3620.56,0,0,0,0,-38.90,17445,582,115367
57516,3582.52,0,0,0,0,-58.06,17445,582,115367
57566,3639.01,0,0,0,0,-47.06,17445,582,115367
57616,3591.95,0,0,0,0,-31.40,17445,582,115367
57666,3587.66,0,0,1,0,29.56,17445,583,115367
57716,3544.42,0,0,1,0,54.42,17445,585,115367
57766,3600.58,0,0,0,0,34.18,17445,585,115367
57816,3573.13,0,0,0,0,26.58,17445,585,115367
57866,3600.58,0,0,0,0,24.89,17445,585,115367
57916,3568.03,0,0,0,0,43.82,17445,585,115367
57966,3611.85,0,0,0,0,34.46,17445,585,115367
58016,3581.66,0,0,0,0,-44.97,17445,585,115367
58066,3610.98,0,0,0,0,31.85,17445,585,115367
58116,3585.94,0,0,0,0,31.85,17445,585,115367
58166,3619.69,0,0,0,0,-35.50,17445,585,115367
58216,3557.87,0,0,1,0,42.70,17445,586,115367
58266,3611.85,0,0,0,0,35.90,17445,586,115367
58316,3568.03,0,0,0,0,42.95,17445,586,115367
58366,3589.38,0,0,0,0,36.77,17445,586,115367
58416,3557.87,0,0,1,0,52.23,17445,588,115367
58466,3610.98,0,0,0,0,50.81,17445,588,115367
58516,3592.81,0,0,0,0,-43.24,17445,588,115367
58566,3581.66,0,0,0,0,-42.67,17445,588,115367
58616,3556.19,0,0,1,0,29.76,17445,590,115367
58667,3575.69,0,0,0,0,-22.03,17445,591,115367
58717,3554.50,0,0,1,0,22.04,17445,593,115367
58767,3610.98,0,0,0,0,35.90,17445,593,115367
58817,3568.03,0,0,0,0,33.41,17445,593,115367
58867,3600.58,0,0,0,0,24.00,17445,593,115367
58917,3567.18,0,0,0,0,44.66,17445,593,115367
58967,3610.98,0,0,0,0,32.72,17445,593,115367
59017,3585.94,0,0,0,0,31.02,17445,593,115367
59067,3628.45,0,0,0,0,-45.93,17445,593,115367
59117,3596.26,0,0,0,0,-45.93,17445,593,115367
59167,3639.01,0,0,0,0,-46.20,17445,593,115367
59217,3603.17,0,0,-1,0,-42.85,17445,594,115367
59267,3651.41,0,0,-1,0,-46.51,17445,595,115367
59317,3557.87,0,0,1,0,53.10,17445,596,115367
59367,3600.58,0,0,0,0,24.00,17445,596,115367
59417,3582.52,0,0,0,0,-49.16,17445,596,115367
59467,3626.69,0,0,0,0,34.52,17445,598,115367
59517,3604.04,0,0,0,0,-47.92,17445,598,115367
59567,3647.86,0,0,-1,0,-55.05,17445,600,115367
59617,3582.52,0,0,0,0,-34.79,17445,600,115367
59667,3623.19,0,0,0,0,-53.46,17445,600,115367
59717,3582.52,0,0,0,0,-41.67,17445,600,115367
59767,3638.13,0,0,0,0,-45.31,17445,600,115367
59817,3591.95,0,0,-1,0,-34.17,17445,601,115367
59867,3546.10,0,0,1,0,21.93,17445,602,115367
59917,3595.40,0,-4,0,-4,-746.40,17453,602,115372
59967,3562.10,0,0,0,0,375.94,17461,602,115376
60017,3501.40,0,1,0,0,325.13,17467,602,115403
60067,3557.87,0,0,1,0,219.51,17470,603,115414
60118,3603.17,0,-1,0,-8,-225.85,17472,603,115422
60168,3559.56,0,0,1,0,126.85,17474,604,115428
60218,3576.54,0,0,0,0,0.85,17474,604,115428
60268,3535.23,0,0,1,0,40.45,17474,606,115428
60318,3575.69,0,0,0,0,-42.12,17474,607,115428
60368,3533.57,0,0,1,0,42.97,17474,609,115428
60418,3576.54,0,0,0,0,-43.80,17474,610,115428
60468,3545.26,0,0,1,0,42.40,17474,612,115428
60518,3597.98,0,0,1,0,33.14,17474,613,115428
60568,3558.72,0,0,1,0,41.86,17474,614,115428
60618,3597.98,0,0,1,0,39.19,17474,615,115428
60668,3558.72,0,0,1,0,30.66,17474,616,115428
60718,3598.85,0,0,1,0,30.58,17474,617,115428
60768,3577.39,0,0,0,0,23.19,17474,617,115428
60818,3610.11,0,0,0,0,24.00,17474,617,115428
60868,3576.54,0,0,0,0,33.57,17474,617,115428
60918,3610.98,0,0,0,0,32.72,17474,617,115428
60968,3585.94,0,0,0,0,31.02,17474,617,115428
61018,3627.57,0,0,0,0,-33.89,17474,617,115428
61068,3595.40,0,0,0,0,-50.49,17474,617,115428
61118,3638.13,0,0,0,0,-45.31,17474,618,115428
61168,3604.90,0,0,0,0,-40.14,17474,618,115428
61218,3648.75,0,0,-1,0,-56.79,17474,620,115428
61268,3581.66,0,0,0,0,-34.79,17474,620,115428
61318,3623.19,0,0,0,0,-44.94,17474,620,115428
61368,3567.18,0,0,0,0,45.53,17474,620,115428
61418,3612.72,0,0,0,0,41.23,17474,620,115428
61468,3568.88,0,0,0,0,30.83,17474,620,115428
61518,3599.71,0,0,0,0,28.28,17474,620,115428
61568,3577.39,0,0,0,0,34.46,17474,620,115428
61618,3600.58,0,0,0,0,40.34,17474,620,115428
61668,3567.18,0,0,0,0,44.66,17474,620,115428
61718,3589.38,0,0,0,0,34.21,17474,620,115428
61768,3534.40,0,0,1,0,40.43,17474,622,115428
61818,3587.66,0,0,1,0,49.90,17474,623,115428
61868,3551.14,0,0,1,0,36.52,17474,625,115428
61918,3585.94,0,0,1,0,40.92,17474,626,115428
61968,3573.13,0,0,0,0,25.72,17474,626,115428
62018,3620.56,0,0,0,0,-39.76,17474,626,115428
62068,3593.67,0,0,0,0,-45.78,17474,626,115428
62118,3639.01,0,0,0,0,-46.20,17474,626,115428
62168,3639.01,0,0,0,0,-50.49,17474,626,115428
62218,3633.72,0,0,0,0,-28.82,17486,626,115437
62268,3584.23,0,0,0,0,-41.89,17486,626,115437
62318,3612.72,0,0,0,0,40.55,17486,626,115437
62368,3577.39,0,0,0,0,35.33,17486,626,115437
62418,3610.98,0,0,0,0,35.33,17486,626,115437
62468,3620.56,0,0,0,0,-33.76,17486,626,115437
62518,3584.23,0,-4,0,-4,-697.56,17494,626,115442
62568,3629.32,0,0,0,0,362.16,17503,626,115446
62618,3582.52,0,-5,0,-5,-773.27,17512,626,115453
62668,3583.37,0,-5,0,-4,-793.38,17521,626,115457
62718,3528.58,0,0,0,0,409.46,17529,626,115461
62768,3546.10,0,0,1,0,159.43,17532,627,115473
62818,3513.70,0,1,0,0,55.18,17534,627,115473
62868,3557.03,0,0,1,0,-44.15,17535,628,115473
62918,3510.41,0,1,0,0,46.62,17537,629,115473
62968,3534.40,0,0,1,0,-33.82,17538,631,115473
63019,3531.07,0,0,1,0,16.70,17538,633,115473
63069,3563.79,0,0,0,0,-30.22,17538,634,115473
63119,3523.61,0,0,0,0,41.03,17538,635,115473
63169,3546.10,0,0,1,0,-35.69,17539,637,115473
63219,3521.13,0,1,0,0,35.90,17541,638,115473
63269,3574.83,0,0,0,0,-40.43,17541,639,115473
63319,3546.94,0,0,1,0,39.01,17541,641,115473
63369,3646.09,0,0,-1,0,-118.33,24458,642,115473
63419,3546.10,0,0,1,0,40.70,24458,644,115473
63469,3557.87,0,0,1,0,-11.78,24458,646,115473
63519,3537.74,0,0,1,0,51.64,24458,647,115473
63569,3587.66,0,0,1,0,27.19,24458,648,115473
63619,3576.54,0,0,0,0,-29.60,24458,649,115473
63669,3540.24,0,0,1,0,437.48,24467,650,115479
63719,3502.22,0,1,0,0,336.06,24474,650,115508
63769,3546.94,0,0,1,0,193.71,24476,651,115518
63819,3593.67,0,0,0,0,-103.71,24477,651,115518
63869,3533.57,0,0,1,0,43.82,24477,653,115518
63919,3572.28,0,0,0,0,19.67,24478,653,115518
63969,3533.57,0,0,1,0,30.22,24478,655,115518
64019,3574.83,0,0,0,0,-29.57,24478,656,115518
64069,3537.74,0,0,1,0,49.92,24478,658,115518
64119,3587.66,0,0,1,0,39.84,24478,659,115518
64169,3546.94,0,0,1,0,39.01,24478,661,115518
64219,3586.80,0,0,1,0,29.74,24478,662,115518
64269,3546.10,0,0,1,0,39.84,24478,664,115518
64319,3600.58,0,0,0,0,3.41,24478,664,115518
64369,3512.06,0,1,0,0,40.76,24479,666,115518
64419,3589.38,0,1,0,0,43.55,24480,666,115518
64470,3545.26,0,0,1,0,30.42,24480,668,115518
64520,3585.94,0,0,1,0,30.60,24480,669,115518
64570,3546.10,0,0,1,0,51.02,24480,671,115518
64620,3611.85,0,0,0,0,23.99,24480,671,115518
64670,3593.67,0,0,0,0,-53.46,24480,671,115518
64720,3632.84,0,0,0,0,-18.38,24480,671,115518
64770,3591.95,0,0,-1,0,-48.15,24480,672,115518
64820,3611.85,0,0,0,0,29.22,24480,672,115518
64870,3593.67,0,0,0,0,-39.05,24480,672,115518
64920,3629.32,0,0,0,0,-36.51,24480,672,115518
64970,3595.40,0,0,0,0,-36.51,24480,672,115518
65020,3629.32,0,0,0,0,-46.81,24480,672,115518
65070,3593.67,0,0,0,0,-40.81,24480,672,115518
65120,3648.75,0,0,-1,0,68.72,24482,673,115524
65170,3613.59,0,0,-1,0,-43.95,24482,674,115524
65220,3662.11,0,0,-1,0,-46.78,24482,676,115524
65270,3604.04,0,0,-1,0,-26.36,24482,677,115524
65320,3642.54,0,0,-1,0,-38.51,24482,679,115524
65370,3604.04,0,0,-1,0,-38.53,24482,680,115524
65420,3639.01,0,0,0,0,-47.92,24482,681,115524
65470,3591.95,0,0,0,0,-49.63,24482,681,115524
65520,3630.20,0,0,0,0,-36.53,24482,681,115524
65570,3593.67,0,0,0,0,-41.67,24482,681,115524
65620,3629.32,0,0,0,0,-35.65,24482,681,115524
65670,3571.43,0,0,0,0,52.64,24482,681,115524
65720,3610.98,0,0,0,0,-50.01,24482,681,115524
65770,3586.80,0,0,0,0,-50.01,24482,681,115524
65820,3624.06,0,0,0,0,-46.67,24482,681,115524
65870,3582.52,0,0,0,0,-57.21,24482,681,115524
65920,3564.64,0,0,0,0,-7.61,24482,682,115524
65970,3567.18,0,0,0,0,33.39,24482,682,115524
66020,3600.58,0,0,0,0,14.53,24482,682,115524
66070,3573.13,0,0,0,0,26.58,24482,682,115524
66120,3577.39,0,0,0,0,-9.36,24482,682,115524
66170,3555.34,0,0,1,0,30.60,24482,684,115524
66220,3600.58,0,0,0,0,22.16,24482,684,115524
66270,3589.38,0,0,0,0,32.55,24482,684,115524
66320,3561.25,0,0,0,0,563.02,24493,684,115531
66370,3582.52,0,-5,0,-5,-821.96,24502,684,115537
66420,3551.14,0,0,1,0,399.35,24510,685,115541
66470,3501.40,0,1,0,0,311.51,24516,685,115559
66520,3492.43,0,1,0,0,29.52,24519,685,115559
66570,3546.10,0,0,1,0,-46.33,24520,687,115559
66620,3509.59,0,1,0,0,35.67,24522,688,115559
66670,3564.64,0,0,0,0,-33.57,24522,690,115559
66720,3549.46,0,0,1,0,38.20,24522,692,115559
66770,3587.66,0,0,1,0,32.30,24522,693,115559
66820,3568.03,0,0,0,0,43.82,24522,693,115559
66870,3601.44,0,0,0,0,32.72,24522,693,115559
66920,3582.52,0,0,0,0,-46.67,24522,693,115559
66970,3620.56,0,0,0,0,-33.76,24522,693,115559
67020,3583.37,0,0,0,0,-42.52,24522,693,115559
67070,3647.86,0,0,-1,0,-55.05,24522,695,115559
67120,3604.04,0,0,-1,0,-36.79,24522,696,115559
67170,3633.72,0,0,0,0,-28.82,24522,696,115559
67220,3593.67,0,0,0,0,-53.07,24522,696,115559
67270,3629.32,0,0,0,0,-37.37,24522,696,115559
67320,3592.81,0,0,0,0,-39.28,24522,696,115559
67371,3642.54,0,0,-1,0,-38.51,24522,698,115559
67421,3615.33,0,0,-1,0,-27.22,24522,699,115559
67471,3653.19,0,0,-1,0,-49.15,24522,700,115559
67521,3617.07,0,0,-1,0,-47.40,24522,701,115559
67571,3643.43,0,0,-1,0,-38.53,24522,702,115559
67621,3613.59,0,0,-1,0,-37.64,24522,703,115559
67671,3643.43,0,0,-1,0,-39.39,24522,705,115559
67721,3582.52,0,0,0,0,-28.82,24522,705,115559
67771,3619.69,0,0,0,0,-44.18,24522,705,115559
67821,3577.39,0,0,0,0,41.43,24522,705,115559
67871,3600.58,0,0,0,0,24.71,24522,705,115559
67921,3482.70,0,1,0,0,116.15,24523,706,115559
67971,3598.85,0,0,1,0,114.77,24523,708,115565
68021,3564.64,0,0,0,0,32.48,24523,709,115565
68071,3600.58,0,0,0,0,24.85,24523,709,115565
68121,3582.52,0,0,0,0,-44.94,24523,709,115565
68171,3620.56,0,0,0,0,-33.76,24523,709,115565
68221,3593.67,0,0,0,0,-52.21,24523,709,115565
68271,3639.01,0,0,0,0,-47.06,24523,709,115565
68321,3516.17,0,1,0,0,126.37,24524,710,115565
68371,3642.54,0,0,-1,0,-39.37,24525,711,115573
68421,3615.33,0,0,-1,0,-27.22,24525,712,115573
68471,3643.43,0,0,-1,0,-28.97,24525,714,115573
68521,3604.90,0,0,0,0,-27.07,24525,714,115573
68571,3629.32,0,0,0,0,-35.65,24525,714,115573
68621,3603.17,0,0,-1,0,-49.01,24525,715,115573
68671,3633.72,0,0,0,0,-28.82,24525,715,115573
68721,3593.67,0,0,0,0,-30.48,24525,715,115573
68771,3601.44,0,0,0,0,-27.76,24525,715,115573
68822,3562.95,0,0,0,0,36.77,24525,715,115573
68872,3576.54,0,0,0,0,-22.88,24525,716,115573
68922,3544.42,0,0,1,0,32.11,24525,718,115573
68972,3576.54,0,0,0,0,-31.28,24525,719,115573
69022,3533.57,0,0,1,0,31.92,24525,721,115573
69072,3575.69,0,0,0,0,-42.12,24525,722,115573
69122,3544.42,0,0,1,0,32.11,24525,724,115573
69172,3587.66,0,0,1,0,21.19,24525,725,115573
69222,3491.62,0,1,0,0,29.51,24527,726,115573
69272,3557.03,0,0,1,0,-58.08,24528,728,115573
69322,3523.61,0,0,0,0,42.73,24529,728,115573
69372,3534.40,0,0,1,0,31.93,24529,729,115573
69422,3562.10,0,0,0,0,417.74,24538,729,115578
69472,3530.24,0,0,1,0,70.33,24539,730,115578
69522,3587.66,0,0,1,0,39.90,24539,731,115578
69572,3562.95,0,0,0,0,35.04,24539,732,115578
69622,3587.66,0,0,1,0,27.06,24539,733,115578
69672,3546.10,0,0,1,0,52.75,24539,735,115578
69722,3598.85,0,0,0,0,32.48,24539,735,115578
69772,3577.39,0,0,0,0,31.85,24539,736,115578
69822,3639.01,0,0,0,0,-53.92,24539,736,115578
69872,3591.95,0,0,0,0,-49.63,24539,736,115578
69922,3652.30,0,0,-1,0,-48.26,24539,738,115578
69972,3615.33,0,0,-1,0,-52.79,24539,739,115578
70022,3633.72,0,0,0,0,-29.68,24539,740,115578
70072,3593.67,0,0,0,0,-31.34,24539,740,115578
70122,3648.75,0,0,-1,0,-55.93,24539,741,115578
70172,3602.31,0,0,-1,0,-46.53,24539,742,115578
70222,3629.32,0,0,0,0,-35.65,24539,742,115578
70272,3593.67,0,0,0,0,-41.89,24539,742,115578
70322,3639.01,0,0,0,0,-45.34,24539,742,115578
70372,3591.95,0,0,-1,0,-44.58,24539,743,115578
70422,3459.41,0,1,0,0,50.18,24541,744,115578
70472,3330.37,0,3,0,0,48.01,24548,744,115578
70522,3206.50,3,5,0,0,36.74,24561,744,115578
70572,3118.50,0,6,0,0,34.74,24572,744,115578
70622,2980.33,4,8,0,0,46.30,24593,744,115578
70672,2887.95,0,9,0,0,58.43,24610,744,115578
70722,2802.69,0,10,0,0,55.54,24629,744,115578
70772,2684.32,24,11,0,17,98.09,24661,744,115595
70822,2711.99,3,11,0,0,-184.61,24685,744,115621
70872,2487.15,12,14,0,8,50.92,24712,744,115657
70922,2487.97,0,14,0,-10,-58.04,24741,744,115676
70972,2297.44,17,16,0,10,70.73,24773,744,115704
71022,2273.76,18,17,0,8,56.88,24806,744,115717
71072,2213.04,8,18,0,-7,-46.04,24842,744,115739
71122,2127.96,5,19,0,11,85.08,24861,744,115750
71172,2052.83,10,20,0,6,43.61,24900,744,115760
71222,1964.64,22,21,0,7,56.65,24941,744,115771
71272,1948.31,0,21,0,2,16.33,24962,744,115773
71322,1869.86,13,22,0,2,16.22,25006,744,115782
71372,1808.97,2,23,0,7,60.89,25029,744,115789
71422,1732.90,21,24,0,7,62.86,25076,744,115797
71472,1720.18,1,24,0,1,12.72,25100,744,115798
71522,1644.74,26,25,0,1,10.53,25150,744,115806
71572,1581.28,32,26,0,6,63.46,25176,744,115812
71622,1569.37,27,26,0,1,11.91,25202,744,115813
71672,1504.21,33,27,0,6,65.15,25229,744,115819
71723,1428.57,34,28,0,6,68.88,25284,744,115825
71773,1419.92,28,28,0,0,8.65,25312,744,115825
71823,1355.01,34,29,0,5,64.90,25341,744,115830
71873,1344.81,29,29,0,0,10.20,25370,744,115830
71923,1278.23,35,30,0,5,66.58,25400,744,115835
71973,1270.11,30,30,0,0,8.12,25430,744,115835
72023,1201.83,36,31,0,5,68.28,25461,744,115840
72073,1196.55,31,31,0,0,5.27,25492,744,115840
72123,1124.61,37,32,0,5,71.95,25524,744,115845
72173,1119.65,32,32,0,0,4.95,25556,744,115845
72223,1051.08,37,33,0,4,68.57,25589,744,115849
72273,1043.70,33,33,0,0,7.39,25622,744,115849
72323,1043.70,33,33,0,0,7.39,25622,744,115849
72373,975.80,38,34,0,4,67.90,25656,744,115853
72423,963.02,34,34,0,0,12.78,25690,744,115853
72473,895.84,39,35,0,4,67.18,25725,744,115857
72523,895.84,39,35,0,4,67.18,25725,744,115857
72573,878.79,36,35,0,1,17.06,25760,744,115858
72623,801.03,40,36,0,4,77.76,25796,744,115862
72673,801.03,40,36,0,4,77.76,25796,744,115862
72723,792.77,36,36,0,0,8.26,25832,744,115862
72773,712.08,40,37,0,3,80.69,25869,744,115865
72823,712.08,40,37,0,3,80.69,25869,744,115865
72873,701.89,37,37,0,0,10.20,25906,744,115865
72923,701.89,37,37,0,0,10.20,25906,744,115865
72973,619.25,41,38,0,3,82.64,25944,744,115868
73023,619.25,41,38,0,3,82.64,25944,744,115868
73073,599.02,39,39,0,0,20.23,25983,744,115868
73123,599.02,39,39,0,0,20.23,25983,744,115868
73174,512.09,42,40,0,2,86.93,26023,744,115870
73224,512.09,42,40,0,2,86.93,26023,744,115870
73274,512.09,42,40,0,2,86.93,26023,744,115870
73324,471.62,41,40,0,1,40.46,26063,744,115871
73374,471.62,41,40,0,1,40.46,26063,744,115871
73424,471.62,41,40,0,1,40.46,26063,744,115871
73474,360.27,44,42,0,2,111.36,26105,744,115873
73524,360.27,44,42,0,2,111.36,26105,744,115873
73574,360.27,44,42,0,2,111.36,26105,744,115873
73624,360.27,44,42,0,2,111.36,26105,744,115873
74481,58.48,-44,42,0,2,111.36,26105,744,115873
74531,58.48,-44,42,0,2,111.36,26105,744,115873
74582,58.48,-44,42,0,2,111.36,26105,744,115873
74632,58.48,-44,42,0,2,111.36,26105,744,115873
74682,0.00,-44,42,0,2,111.36,26105,744,115873
74732,0.00,-44,42,0,2,111.36,26105,744,115873
74782,0.00,-44,42,0,2,111.36,26105,744,115873
74832,0.00,-44,42,0,2,111.36,26105,744,115873
74882,0.00,-44,42,0,2,111.36,26105,744,115873
74932,0.00,-44,42,0,2,111.36,26105,744,115873
74982,0.00,-44,42,0,2,111.36,26105,744,115873
75032,0.00,-44,42,0,2,111.36,26105,744,115873
75082,0.00,-44,42,0,2,111.36,26105,744,115873
75132,0.00,-44,42,0,2,111.36,26105,744,115873
75182,0.00,-44,42,0,2,111.36,26105,744,115873
75232,0.00,-44,42,0,2,111.36,26105,744,115873
75282,0.00,-44,42,0,2,111.36,26105,744,115873
75332,0.00,-44,42,0,2,111.36,26105,744,115873
75382,0.00,-44,42,0,2,111.36,26105,744,115873
75432,0.00,-44,42,0,2,111.36,26105,744,115873
75482,0.00,-44,42,0,2,111.36,26105,744,115873
75532,0.00,-44,42,0,2,111.36,26105,744,115873
75582,0.00,-44,42,0,2,111.36,26105,744,115873
75632,0.00,-44,42,0,2,111.36,26105,744,115873
75682,0.00,-44,42,0,2,111.36,26105,744,115873
75732,0.00,-44,42,0,2,111.36,26105,744,115873
75782,0.00,-44,42,0,2,111.36,26105,744,115873
75832,0.00,-44,42,0,2,111.36,26105,744,115873
75882,0.00,-44,42,0,2,111.36,26105,744,115873
75932,0.00,-44,42,0,2,111.36,26105,744,115873
75982,0.00,-44,42,0,2,111.36,26105,744,115873
76032,0.00,-44,42,0,2,111.36,26105,744,115873
76082,0.00,-44,42,0,2,111.36,26105,744,115873
76132,0.00,-44,42,0,2,111.36,26105,744,115873
76182,0.00,-44,42,0,2,111.36,26105,744,115873
76232,0.00,-44,42,0,2,111.36,26105,744,115873
76282,0.00,-44,42,0,2,111.36,26105,744,115873
76332,0.00,-44,42,0,2,111.36,26105,744,115873
76382,0.00,-44,42,0,2,111.36,26105,744,115873
76432,0.00,-44,42,0,2,111.36,26105,744,115873
76482,0.00,-44,42,0,2,111.36,26105,744,115873
76532,0.00,-44,42,0,2,111.36,26105,744,115873
76582,0.00,-44,42,0,2,111.36,26105,744,115873
76632,0.00,-44,42,0,2,111.36,26105,744,115873
76682,0.00,-44,42,0,2,111.36,26105,744,115873
76732,0.00,-44,42,0,2,111.36,26105,744,115873
76782,0.00,-44,42,0,2,111.36,26105,744,115873
76832,0.00,-44,42,0,2,111.36,26105,744,115873
76882,0.00,-44,42,0,2,111.36,26105,744,115873
76932,0.00,-44,42,0,2,111.36,26105,744,115873
76982,0.00,-44,42,0,2,111.36,26105,744,115873
77032,0.00,-44,42,0,2,111.36,26105,744,115873
77082,0.00,-44,42,0,2,111.36,26105,744,115873
77132,0.00,-44,42,0,2,111.36,26105,744,115873
77182,0.00,-44,42,0,2,111.36,26105,744,115873
77232,0.00,-44,42,0,2,111.36,26105,744,115873
77282,0.00,-44,42,0,2,111.36,26105,744,115873
77332,0.00,-44,42,0,2,111.36,26105,744,115873
77382,0.00,-44,42,0,2,111.36,26105,744,115873
77432,0.00,-44,42,0,2,111.36,26105,744,115873
77483,0.00,-44,42,0,2,111.36,26105,744,115873
77533,0.00,-44,42,0,2,111.36,26105,744,115873
77583,0.00,-44,42,0,2,111.36,26105,744,115873
77633,0.00,-44,42,0,2,111.36,26105,744,115873
77683,0.00,-44,42,0,2,111.36,26105,744,115873
77733,0.00,-44,42,0,2,111.36,26105,744,115873
77783,0.00,-44,42,0,2,111.36,26105,744,115873
77833,0.00,-44,42,0,2,111.36,26105,744,115873
77883,0.00,-44,42,0,2,111.36,26105,744,115873
77933,0.00,-44,42,0,2,111.36,26105,744,115873
77983,0.00,-44,42,0,2,111.36,26105,744,115873
78033,0.00,-44,42,0,2,111.36,26105,744,115873
78083,0.00,-44,42,0,2,111.36,26105,744,115873
78133,0.00,-44,42,0,2,111.36,26105,744,115873
78183,0.00,-44,42,0,2,111.36,26105,744,115873
78233,0.00,-44,42,0,2,111.36,26105,744,115873
78283,0.00,-44,42,0,2,111.36,26105,744,115873
78333,0.00,-44,42,0,2,111.36,26105,744,115873
78383,0.00,-44,42,0,2,111.36,26105,744,115873
78433,0.00,-44,42,0,2,111.36,26105,744,115873
78483,0.00,-44,42,0,2,111.36,26105,744,115873
78533,0.00,-44,42,0,2,111.36,26105,744,115873
78583,0.00,-44,42,0,2,111.36,26105,744,115873
78633,0.00,-44,42,0,2,111.36,26105,744,115873
78683,0.00,-44,42,0,2,111.36,26105,744,115873
78733,0.00,-44,42,0,2,111.36,26105,744,115873
78783,0.00,-44,42,0,2,111.36,26105,744,115873
78833,0.00,-44,42,0,2,111.36,26105,744,115873
78883,0.00,-44,42,0,2,111.36,26105,744,115873
78934,0.00,-44,42,0,2,111.36,26105,744,115873
78984,0.00,-44,42,0,2,111.36,26105,744,115873
79034,0.00,-44,42,0,2,111.36,26105,744,115873
79084,0.00,-44,42,0,2,111.36,26105,744,115873
79134,0.00,-44,42,0,2,111.36,26105,744,115873
79184,0.00,-44,42,0,2,111.36,26105,744,115873
79234,0.00,-44,42,0,2,111.36,26105,744,115873
79284,0.00,-44,42,0,2,111.36,26105,744,115873
79334,0.00,-44,42,0,2,111.36,26105,744,115873
79384,0.00,-44,42,0,2,111.36,26105,744,115873
79434,0.00,-44,42,0,2,111.36,26105,744,115873
79484,0.00,-44,42,0,2,111.36,26105,744,115873
79534,0.00,-44,42,0,2,111.36,26105,744,115873
79584,0.00,-44,42,0,2,111.36,26105,744,115873
79634,0.00,-44,42,0,2,111.36,26105,744,115873
79684,0.00,-44,42,0,2,111.36,26105,744,115873
79734,0.00,-44,42,0,2,111.36,26105,744,115873
79784,0.00,-44,42,0,2,111.36,26105,744,115873
79834,0.00,-44,42,0,2,111.36,26105,744,115873
79884,0.00,-44,42,0,2,111.36,26105,744,115873
79934,0.00,-44,42,0,2,111.36,26105,744,115873
79984,0.00,-44,42,0,2,111.36,26105,744,115873
80034,0.00,-44,42,0,2,111.36,26105,744,115873
80084,0.00,-44,42,0,2,111.36,26105,744,115873
80134,0.00,-44,42,0,2,111.36,26105,744,115873
