Microcontroller Governor - Constant Load(1500 W)
Trial: 7
Date: 4-5-2023
Time: 3:21 PM
Ambient Temp: 82
Head Temp: 224.0

------ Microcontroller Engine Governor - Version: 1.16 ------
-------------------------------------------------------------
PID Gains:  Kp: 0.013  KpAlt: 0.025  Kd: 0.100  KdAlt: 4.000
-------------------------------------------------------------
Set RPM:             3600    |  Min RPM:                 300
                             |
RPM Precision:       20      |  PID Kp Alt Range:        70
                             |
Start Steps:         850     |  Max Steps:               1200
                             |
RPM Calc Interval:   1       |  Num Magnets:             1
                             |
LCD Update Interval: 400     |  Serial Update Interval:  50
-------------------------------------------------------------

Time,RPM,Steps Remaining, PID p, PID p Alt, PID d, RPM Change, P Cmd, P Alt Cmd, D Cmd
1739,0.00,0,0,0,0,0.00,0,0,0
1789,0.00,0,0,0,0,0.00,0,0,0
1839,0.00,0,0,0,0,0.00,0,0,0
1889,0.00,0,0,0,0,0.00,0,0,0
1939,0.00,0,0,0,0,0.00,0,0,0
1989,0.00,0,0,0,0,0.00,0,0,0
2039,0.00,0,0,0,0,0.00,0,0,0
2089,0.00,0,0,0,0,0.00,0,0,0
2139,0.00,0,0,0,0,0.00,0,0,0
2189,0.00,0,0,0,0,0.00,0,0,0
2239,0.00,0,0,0,0,0.00,0,0,0
2289,0.00,0,0,0,0,0.00,0,0,0
2339,0.00,0,0,0,0,0.00,0,0,0
2390,0.00,0,0,0,0,0.00,0,0,0
2440,0.00,0,0,0,0,0.00,0,0,0
2490,0.00,0,0,0,0,0.00,0,0,0
2540,0.00,0,0,0,0,0.00,0,0,0
2590,0.00,0,0,0,0,0.00,0,0,0
2640,0.00,0,0,0,0,0.00,0,0,0
2690,0.00,0,0,0,0,0.00,0,0,0
2740,0.00,0,0,0,0,0.00,0,0,0
2790,0.00,0,0,0,0,0.00,0,0,0
2840,0.00,0,0,0,0,0.00,0,0,0
2890,0.00,0,0,0,0,0.00,0,0,0
2940,0.00,0,0,0,0,0.00,0,0,0
2990,0.00,0,0,0,0,0.00,0,0,0
3040,0.00,0,0,0,0,0.00,0,0,0
3090,0.00,0,0,0,0,0.00,0,0,0
3140,0.00,0,0,0,0,0.00,0,0,0
3190,0.00,0,0,0,0,0.00,0,0,0
3240,0.00,0,0,0,0,0.00,0,0,0
3290,0.00,0,0,0,0,0.00,0,0,0
3340,0.00,0,0,0,0,0.00,0,0,0
3390,0.00,0,0,0,0,0.00,0,0,0
3440,0.00,0,0,0,0,0.00,0,0,0
3490,0.00,0,0,0,0,0.00,0,0,0
3540,0.00,0,0,0,0,0.00,0,0,0
3590,0.00,0,0,0,0,0.00,0,0,0
3640,0.00,0,0,0,0,0.00,0,0,0
3690,0.00,0,0,0,0,0.00,0,0,0
3740,0.00,0,0,0,0,0.00,0,0,0
3790,0.00,0,0,0,0,0.00,0,0,0
3840,0.00,0,0,0,0,0.00,0,0,0
3890,0.00,0,0,0,0,0.00,0,0,0
3940,0.00,0,0,0,0,0.00,0,0,0
3990,0.00,0,0,0,0,0.00,0,0,0
4040,0.00,0,0,0,0,0.00,0,0,0
4090,0.00,0,0,0,0,0.00,0,0,0
4140,0.00,0,0,0,0,0.00,0,0,0
4190,0.00,0,0,0,0,0.00,0,0,0
4240,0.00,0,0,0,0,0.00,0,0,0
4290,0.00,0,0,0,0,0.00,0,0,0
4340,0.00,0,0,0,0,0.00,0,0,0
4390,0.00,0,0,0,0,0.00,0,0,0
4440,0.00,0,0,0,0,0.00,0,0,0
4490,0.00,0,0,0,0,0.00,0,0,0
4540,0.00,0,0,0,0,0.00,0,0,0
4590,0.00,0,0,0,0,0.00,0,0,0
4640,0.00,0,0,0,0,0.00,0,0,0
4690,0.00,0,0,0,0,0.00,0,0,0
4740,0.00,0,0,0,0,0.00,0,0,0
4790,0.00,0,0,0,0,0.00,0,0,0
4840,0.00,0,0,0,0,0.00,0,0,0
4890,0.00,0,0,0,0,0.00,0,0,0
4940,0.00,0,0,0,0,0.00,0,0,0
4990,0.00,0,0,0,0,0.00,0,0,0
5040,0.00,0,0,0,0,0.00,0,0,0
5090,0.00,0,0,0,0,0.00,0,0,0
5140,0.00,0,0,0,0,0.00,0,0,0
5190,0.00,0,0,0,0,0.00,0,0,0
5240,0.00,0,0,0,0,0.00,0,0,0
5291,0.00,0,0,0,0,0.00,0,0,0
5341,0.00,0,0,0,0,0.00,0,0,0
5391,0.00,0,0,0,0,0.00,0,0,0
5441,0.00,0,0,0,0,0.00,0,0,0
5491,0.00,0,0,0,0,0.00,0,0,0
5541,0.00,0,0,0,0,0.00,0,0,0
5591,0.00,0,0,0,0,0.00,0,0,0
5641,0.00,0,0,0,0,0.00,0,0,0
5691,0.00,0,0,0,0,0.00,0,0,0
5741,0.00,0,0,0,0,0.00,0,0,0
5791,0.00,0,0,0,0,0.00,0,0,0
5841,0.00,0,0,0,0,0.00,0,0,0
5891,0.00,0,0,0,0,0.00,0,0,0
5941,0.00,0,0,0,0,0.00,0,0,0
5991,0.00,0,0,0,0,0.00,0,0,0
6041,0.00,0,0,0,0,0.00,0,0,0
6091,0.00,0,0,0,0,0.00,0,0,0
6141,0.00,0,0,0,0,0.00,0,0,0
6191,0.00,0,0,0,0,0.00,0,0,0
6241,0.00,0,0,0,0,0.00,0,0,0
6291,0.00,0,0,0,0,0.00,0,0,0
6341,0.00,0,0,0,0,0.00,0,0,0
6391,0.00,0,0,0,0,0.00,0,0,0
6441,0.00,0,0,0,0,0.00,0,0,0
6491,0.00,0,0,0,0,0.00,0,0,0
6541,0.00,0,0,0,0,0.00,0,0,0
6591,0.00,0,0,0,0,0.00,0,0,0
6641,0.00,0,0,0,0,0.00,0,0,0
6691,0.00,0,0,0,0,0.00,0,0,0
6742,0.00,0,0,0,0,0.00,0,0,0
6792,0.00,0,0,0,0,0.00,0,0,0
6842,0.00,0,0,0,0,0.00,0,0,0
6892,0.00,0,0,0,0,0.00,0,0,0
6942,0.00,0,0,0,0,0.00,0,0,0
6992,0.00,0,0,0,0,0.00,0,0,0
7042,0.00,0,0,0,0,0.00,0,0,0
7092,0.00,0,0,0,0,0.00,0,0,0
7142,0.00,0,0,0,0,0.00,0,0,0
7192,0.00,0,0,0,0,0.00,0,0,0
7242,0.00,0,0,0,0,0.00,0,0,0
7292,0.00,0,0,0,0,0.00,0,0,0
7342,0.00,0,0,0,0,0.00,0,0,0
7392,0.00,0,0,0,0,0.00,0,0,0
7442,0.00,0,0,0,0,0.00,0,0,0
7492,0.00,0,0,0,0,0.00,0,0,0
7542,0.00,0,0,0,0,0.00,0,0,0
7592,0.00,0,0,0,0,0.00,0,0,0
7642,0.00,0,0,0,0,0.00,0,0,0
7692,0.00,0,0,0,0,0.00,0,0,0
7742,0.00,0,0,0,0,0.00,0,0,0
7792,0.00,0,0,0,0,0.00,0,0,0
7842,0.00,0,0,0,0,0.00,0,0,0
7892,0.00,0,0,0,0,0.00,0,0,0
7942,0.00,0,0,0,0,0.00,0,0,0
7992,0.00,0,0,0,0,0.00,0,0,0
8042,0.00,0,0,0,0,0.00,0,0,0
8092,0.00,0,0,0,0,0.00,0,0,0
8142,0.00,0,0,0,0,0.00,0,0,0
8192,0.00,0,0,0,0,0.00,0,0,0
8242,0.00,0,0,0,0,0.00,0,0,0
8292,0.00,0,0,0,0,0.00,0,0,0
8342,0.00,0,0,0,0,0.00,0,0,0
8392,0.00,0,0,0,0,0.00,0,0,0
8442,0.00,0,0,0,0,0.00,0,0,0
8492,0.00,0,0,0,0,0.00,0,0,0
8542,0.00,0,0,0,0,0.00,0,0,0
8592,0.00,0,0,0,0,0.00,0,0,0
8642,0.00,0,0,0,0,0.00,0,0,0
8692,0.00,0,0,0,0,0.00,0,0,0
8742,0.00,0,0,0,0,0.00,0,0,0
8792,0.00,0,0,0,0,0.00,0,0,0
8842,0.00,0,0,0,0,0.00,0,0,0
8892,0.00,0,0,0,0,0.00,0,0,0
8942,0.00,0,0,0,0,0.00,0,0,0
8992,0.00,0,0,0,0,0.00,0,0,0
9042,0.00,0,0,0,0,0.00,0,0,0
9092,0.00,0,0,0,0,0.00,0,0,0
9142,0.00,0,0,0,0,0.00,0,0,0
9192,0.00,0,0,0,0,0.00,0,0,0
9242,0.00,0,0,0,0,0.00,0,0,0
9292,0.00,0,0,0,0,0.00,0,0,0
9342,0.00,0,0,0,0,0.00,0,0,0
9392,0.00,0,0,0,0,0.00,0,0,0
9442,0.00,0,0,0,0,0.00,0,0,0
9492,0.00,0,0,0,0,0.00,0,0,0
9542,0.00,0,0,0,0,0.00,0,0,0
9592,0.00,0,0,0,0,0.00,0,0,0
9643,0.00,0,0,0,0,0.00,0,0,0
9693,0.00,0,0,0,0,0.00,0,0,0
9743,0.00,0,0,0,0,0.00,0,0,0
9793,inf,0,0,0,0,inf,0,0,0
9843,inf,0,0,0,0,inf,0,0,0
9893,inf,0,0,0,0,inf,0,0,0
9943,349.76,31,42,0,0,inf,42,0,0
9993,349.76,0,42,0,0,inf,42,0,0
10043,845.45,0,35,0,-27,-495.70,77,0,27
10093,791.26,23,36,0,2,54.19,113,0,29
10143,791.26,0,36,0,2,54.19,113,0,29
10193,785.83,0,36,0,0,5.43,149,0,29
10243,770.53,26,36,0,0,15.30,185,0,29
10293,1154.20,0,31,0,-28,-383.67,216,0,57
10343,1163.96,24,31,0,0,-9.76,247,0,57
10393,1533.59,0,26,0,-37,-369.62,273,0,94
10443,1551.35,0,26,0,-1,-17.76,299,0,95
10493,1803.54,9,23,0,-2,-18.25,345,0,126
10543,2052.26,16,20,0,-1,-12.56,385,0,158
10593,2240.14,0,17,0,-27,-187.88,402,0,185
10643,2479.34,-16,14,0,-54,-312.34,434,0,249
10693,2618.26,44,12,0,36,200.23,472,0,314
10743,2794.86,0,10,0,0,-118.68,494,0,324
10793,2844.68,0,9,0,0,3.78,512,0,324
10843,3115.26,0,6,0,0,-137.30,533,0,324
10893,3216.12,3,4,0,0,6.22,547,0,324
10943,3338.53,0,3,0,0,-1.49,553,0,324
10993,3545.26,0,0,1,0,-104.89,557,1,324
11043,3628.45,0,0,0,0,4.39,557,2,324
11094,3785.01,0,-2,0,0,-74.90,561,2,324
11144,3898.13,-1,-3,0,0,-76.47,571,2,326
11194,3901.17,0,-3,0,0,26.56,581,2,326
11244,3970.35,0,-4,0,0,-40.57,593,2,326
11294,3914.40,0,-4,0,0,26.74,605,2,326
11344,3832.40,0,-3,0,0,25.63,619,2,328
11394,3862.00,0,-3,0,0,-40.34,627,2,328
11444,3884.00,0,-3,0,0,-105.66,634,2,328
11494,3849.11,0,-3,0,0,-51.65,642,2,328
11544,3761.28,0,-2,0,0,36.18,648,2,328
11594,3811.94,0,-2,0,0,-50.66,654,2,328
11644,3783.10,0,-2,0,0,-38.72,669,2,334
11694,3750.00,0,-1,0,0,46.51,673,2,334
11744,3808.07,0,-2,0,0,-59.01,678,2,334
11794,3773.58,0,-2,0,0,36.42,684,2,334
11844,3798.43,0,-2,0,0,-25.79,690,2,334
11894,3772.64,0,-2,0,0,38.34,696,2,334
11944,3785.97,0,-2,0,0,-31.27,702,2,334
11995,3733.20,0,-1,0,0,-46.79,712,2,338
12045,3699.14,0,-1,0,0,34.99,715,2,338
12095,3723.93,0,-1,0,0,-25.71,718,2,338
12145,3687.32,0,-1,0,0,34.77,721,2,338
12195,3711.03,0,-1,0,0,-23.72,724,2,338
12246,3678.27,0,-1,0,0,31.84,727,2,338
12296,3697.31,0,-1,0,0,-33.42,729,3,338
12346,3639.01,0,0,0,0,58.30,730,4,338
12396,3671.97,0,0,0,0,-31.19,731,5,338
12446,3640.78,0,0,-1,0,43.82,732,7,338
12496,3671.97,0,0,0,0,-31.19,733,8,338
12546,3640.78,0,0,-1,0,42.92,734,10,338
12596,3643.43,0,0,-1,0,-28.97,734,11,338
12646,3536.07,0,0,1,0,131.41,734,13,338
12696,3633.72,0,0,0,0,-27.95,735,13,344
12746,3593.67,0,0,0,0,-33.22,735,13,344
12796,3642.54,0,0,-1,0,-36.78,735,15,344
12846,3603.17,0,0,-1,0,-40.26,735,16,344
12896,3633.72,0,0,0,0,-21.00,735,16,344
12946,3601.44,0,0,-1,0,-41.06,735,17,344
12996,3629.32,0,0,0,0,-39.09,735,17,344
13046,3581.66,0,0,0,0,-42.40,735,17,344
13096,3612.72,0,0,0,0,62.50,735,17,344
13146,3554.50,0,0,1,0,35.73,735,19,344
13196,3600.58,0,0,0,0,24.72,735,19,344
13246,3577.39,0,0,0,0,34.46,735,19,344
13296,3578.24,0,0,0,0,-10.21,735,19,344
13346,3545.26,0,0,1,0,32.13,735,21,344
13396,3575.69,0,0,0,0,-21.18,735,22,344
13446,3545.26,0,0,1,0,42.40,735,24,344
13496,3609.24,0,0,1,0,37.43,735,25,344
13546,3568.03,0,0,0,0,32.55,735,25,344
13596,3612.72,0,0,0,0,52.64,735,25,344
13646,3567.18,0,0,0,0,43.80,735,25,344
13696,3618.82,0,0,0,0,43.80,735,25,344
13746,3594.54,0,0,0,0,-45.10,735,25,344
13796,3601.44,0,0,-1,0,-46.24,735,26,344
13846,3555.34,0,0,1,0,22.05,735,27,344
13896,3586.80,0,0,1,0,52.82,735,28,344
13946,3520.30,0,1,0,0,23.29,736,30,344
13996,3575.69,0,0,0,0,-42.95,736,32,344
14046,3555.34,0,0,1,0,30.60,736,34,344
14096,3600.58,0,0,0,0,23.88,736,34,344
14146,3582.52,0,0,0,0,-49.18,736,34,344
14196,3619.69,0,0,0,0,-49.18,736,34,344
14246,3593.67,0,0,0,0,-41.69,736,34,344
14296,3639.01,0,0,0,0,-47.06,736,34,344
14346,3586.80,0,0,0,0,-47.06,736,34,344
14396,3619.69,0,0,0,0,-37.26,736,34,344
14446,3585.94,0,0,0,0,-37.26,736,34,344
14496,3648.75,0,0,-1,0,-55.93,736,36,344
14546,3592.81,0,0,0,0,-27.08,736,36,344
14596,3642.54,0,0,-1,0,-40.24,736,38,344
14646,3602.31,0,0,-1,0,-50.74,736,39,344
14696,3648.75,0,0,-1,0,-55.07,736,40,344
14746,3593.67,0,0,0,0,-33.06,736,40,344
14796,3629.32,0,0,0,0,-43.38,736,40,344
14846,3593.67,0,0,0,0,-55.48,736,40,344
14896,3610.11,0,0,-1,0,-47.10,736,41,344
14946,3591.95,0,0,0,0,-34.62,736,41,344
14996,3639.01,0,0,0,0,-45.34,736,41,344
15046,3592.81,0,0,0,0,-33.14,736,41,344
15096,3652.30,0,0,-1,0,-48.26,736,43,344
15147,3578.24,0,0,0,0,41.45,736,43,344
15197,3629.32,0,0,0,0,-35.65,736,43,344
15247,3580.81,0,0,0,0,-31.19,736,43,344
15297,3628.45,0,0,0,0,-45.93,736,43,344
15347,3592.81,0,0,0,0,-44.09,736,43,344
15397,3610.98,0,0,0,0,-44.09,736,43,344
15447,3585.09,0,0,0,0,-44.09,736,43,344
15497,3609.24,0,0,0,0,-44.09,736,43,344
15547,3576.54,0,0,0,0,43.15,736,43,344
15597,3638.13,0,0,0,0,-44.45,736,43,344
15647,3604.04,0,0,0,0,-38.42,736,43,344
15697,3633.72,0,0,0,0,-30.55,736,43,344
15747,3602.31,0,0,-1,0,-41.97,736,44,344
15797,3624.06,0,0,0,0,-19.16,736,44,344
15847,3577.39,0,0,0,0,32.72,736,44,344
15897,3615.33,0,0,-1,0,-113.35,736,46,344
15947,3586.80,0,0,-1,0,-113.35,736,46,344
15997,3634.60,0,0,0,0,-57.21,736,46,344
16047,3604.90,0,0,0,0,-49.63,736,46,344
16097,3653.19,0,0,-1,0,-49.15,736,47,344
16147,3603.17,0,0,0,0,-42.75,736,47,344
16197,3642.54,0,0,-1,0,-38.51,736,49,344
16247,3604.04,0,0,-1,0,-33.29,736,50,344
16297,3633.72,0,0,0,0,-28.82,736,51,344
16347,3592.81,0,0,-1,0,-41.10,736,52,344
16397,3598.85,0,0,1,0,48.81,736,53,344
16447,3562.95,0,0,0,0,26.43,736,53,344
16497,3588.52,0,0,0,0,34.24,736,53,344
16547,3555.34,0,0,1,0,32.31,736,55,344
16598,3608.37,0,0,1,0,42.64,736,56,344
16648,3567.18,0,0,0,0,44.66,736,56,344
16698,3600.58,0,0,0,0,27.46,736,56,344
16748,3577.39,0,0,0,0,32.72,736,56,344
16798,3611.85,0,0,0,0,36.18,736,56,344
16848,3577.39,0,0,0,0,32.72,736,56,344
16898,3624.06,0,0,0,0,-46.67,736,56,344
16948,3586.80,0,0,0,0,44.97,736,56,344
16998,3620.56,0,0,0,0,-33.76,736,56,344
17048,3586.80,0,0,0,0,43.17,736,56,344
17098,3620.56,0,0,0,0,-35.48,736,56,344
17148,3593.67,0,0,0,0,-32.05,736,56,344
17198,3642.54,0,0,-1,0,-38.51,736,57,344
17248,3592.81,0,0,0,0,-33.06,736,57,344
17298,3643.43,0,0,-1,0,-38.53,736,58,344
17348,3604.90,0,0,0,0,-27.95,736,58,344
17398,3639.01,0,0,0,0,-47.06,736,58,344
17448,3603.17,0,0,-1,0,-57.65,736,59,344
17498,3633.72,0,0,0,0,-28.82,736,60,344
17548,3593.67,0,0,0,0,-38.42,736,60,344
17598,3582.52,0,0,0,0,-46.22,736,60,344
17648,3522.78,0,1,0,0,42.71,737,61,344
17698,3575.69,0,0,0,0,-42.12,737,62,344
17748,3587.66,0,0,1,0,35.44,737,63,344
17798,3560.41,0,0,0,0,418.37,745,63,349
17848,3611.85,0,0,-1,-2,-154.08,746,64,351
17898,3562.10,0,0,0,0,72.50,746,64,351
17948,3612.72,0,0,0,0,42.93,746,64,351
17998,3575.69,0,0,0,0,35.29,746,64,351
18048,3576.54,0,0,0,0,-39.64,746,65,351
18098,3544.42,0,0,1,0,32.11,746,67,351
18148,3587.66,0,0,1,0,42.40,746,68,351
18198,3553.66,0,0,1,0,34.00,746,70,351
18248,3598.85,0,0,0,0,32.55,746,70,351
18298,3575.69,0,0,0,0,36.16,746,70,351
18348,3611.85,0,0,0,0,34.44,746,70,351
18398,3582.52,0,0,0,0,-47.46,746,70,351
18448,3623.19,0,0,0,0,-52.61,746,70,351
18498,3582.52,0,0,0,0,-44.07,746,70,351
18548,3619.69,0,0,0,0,-40.67,746,70,351
18598,3586.80,0,0,0,0,-40.67,746,70,351
18648,3546.10,0,0,1,0,23.63,746,71,351
18698,3524.44,0,0,0,0,43.59,747,71,351
18748,3585.94,0,0,1,0,45.55,747,72,351
18798,3556.19,0,0,1,0,29.76,747,74,351
18848,3600.58,0,0,0,0,25.69,747,74,351
18898,3562.95,0,0,0,0,36.77,747,74,351
18948,3610.11,0,0,0,0,26.58,747,74,351
18998,3580.81,0,0,0,0,-49.21,747,74,351
19048,3628.45,0,0,0,0,-45.07,747,74,351
19098,3595.40,0,0,0,0,-47.92,747,74,351
19148,3648.75,0,0,-1,0,-55.93,747,76,351
19198,3604.04,0,0,0,0,-40.99,747,76,351
19248,3591.09,0,0,0,0,-32.33,747,76,351
19298,3564.64,0,0,0,0,33.35,747,77,351
19348,3611.85,0,0,0,0,27.43,747,77,351
19398,3578.24,0,0,0,0,33.60,747,77,351
19448,3623.19,0,0,0,0,-45.80,747,77,351
19499,3594.54,0,0,0,0,-39.09,747,77,351
19549,3632.84,0,0,0,0,-30.54,747,78,351
19599,3602.31,0,0,-1,0,-41.10,747,79,351
19649,3639.01,0,0,0,0,-45.34,747,79,351
19699,3604.04,0,0,-1,0,-32.45,747,80,351
19749,3642.54,0,0,-1,0,-40.24,747,82,351
19799,3592.81,0,0,-1,0,-35.93,747,83,351
19849,3652.30,0,0,-1,0,-48.26,747,85,351
19899,3603.17,0,0,-1,0,-35.06,747,86,351
19949,3653.19,0,0,-1,0,-38.73,747,88,351
19999,3614.46,0,0,-1,0,-57.23,747,89,351
20049,3662.11,0,0,-1,0,-47.65,747,91,351
20099,3615.33,0,0,-1,0,-36.12,747,92,351
20149,3633.72,0,0,0,0,-19.26,747,93,351
20199,3604.04,0,0,0,0,-38.42,747,93,351
20249,3633.72,0,0,0,0,-30.55,747,93,351
20299,3517.00,0,1,0,0,115.84,748,93,351
20349,3581.66,0,-1,0,-7,-203.24,749,93,358
20399,3534.40,0,0,1,0,41.28,749,95,358
20449,3587.66,0,0,1,0,30.42,749,96,358
20499,3533.57,0,0,1,0,41.26,749,98,358
20549,3575.69,0,0,0,0,-42.95,749,99,358
20599,3532.74,0,0,1,0,32.75,749,101,358
20649,3556.19,0,0,1,0,-34.23,750,102,358
20699,3457.81,0,1,0,0,98.37,752,103,358
20749,3576.54,0,0,0,0,-42.14,752,104,363
20799,3547.78,0,0,1,0,-18.36,752,105,363
20849,3518.65,0,1,0,0,438.09,762,105,369
20899,3503.04,0,1,0,0,263.92,768,105,384
20950,3549.46,0,0,1,0,86.03,768,107,384
21000,3575.69,0,0,0,0,-27.07,768,108,384
21050,3490.81,0,1,0,0,23.72,770,108,384
21100,3546.10,0,0,1,0,-57.73,771,110,384
21150,3511.24,0,1,0,0,34.86,773,111,384
21200,3568.88,0,0,0,0,-57.64,774,112,384
21250,3533.57,0,0,1,0,34.46,775,113,384
21300,3598.85,0,0,1,0,31.26,775,114,384
21350,3553.66,0,0,1,0,45.19,775,116,384
21400,3576.54,0,0,0,0,-32.95,775,117,384
21450,3554.50,0,0,1,0,33.16,775,119,384
21500,3587.66,0,0,1,0,33.16,775,120,384
21550,3564.64,0,0,0,0,34.21,775,120,384
21600,3611.85,0,0,0,0,41.21,775,120,384
21650,3582.52,0,0,0,0,-43.24,775,120,384
21700,3610.11,0,0,0,0,-43.24,775,120,384
21750,3582.52,0,0,0,0,-47.50,775,120,384
21800,3639.01,0,0,0,0,-45.34,775,120,384
21850,3591.95,0,0,-1,0,-57.60,775,121,384
21900,3662.11,0,0,-1,0,-58.07,775,123,384
21950,3626.69,0,0,0,0,36.31,775,124,384
22000,3662.11,0,0,-1,0,-35.42,775,126,384
22050,3618.82,0,0,0,0,-54.90,775,126,384
22100,3643.43,0,0,-1,0,-28.97,775,128,384
22150,3593.67,0,0,0,0,-33.93,775,128,384
22200,3642.54,0,0,-1,0,-39.37,775,129,384
22250,3575.69,0,0,0,0,35.29,775,129,384
22300,3623.19,0,0,0,0,-47.50,775,129,384
22350,3593.67,0,0,0,-2,-155.27,776,129,386
22400,3630.20,0,0,0,0,-49.40,776,129,386
22450,3591.09,0,0,-1,0,-56.79,776,130,386
22500,3619.69,0,0,0,0,-35.60,776,130,386
22550,3582.52,0,0,0,0,-33.06,776,130,386
22600,3612.72,0,0,0,0,42.30,776,130,386
22650,3577.39,0,0,0,0,33.59,776,130,386
22700,3610.11,0,0,0,0,-44.92,776,130,386
22750,3582.52,0,0,0,0,-47.50,776,130,386
22800,3629.32,0,0,0,0,-35.65,776,130,386
22850,3578.24,0,0,0,0,33.60,776,130,386
22900,3623.19,0,0,0,0,-44.94,776,130,386
22950,3593.67,0,0,0,0,-41.69,776,130,386
23000,3647.86,0,0,-1,0,-55.05,776,131,386
23050,3582.52,0,0,0,0,-45.12,776,131,386
23100,3612.72,0,0,0,0,43.13,776,131,386
23150,3586.80,0,0,0,0,43.13,776,131,386
23200,3619.69,0,0,0,0,43.13,776,131,386
23250,3576.54,0,0,0,0,43.15,776,131,386
23300,3565.49,0,0,0,0,-22.74,776,133,386
23350,3546.10,0,0,1,0,41.56,776,135,386
23400,3574.83,0,0,0,0,-40.43,776,136,386
23450,3546.94,0,0,1,0,39.01,776,138,386
23500,3589.38,0,0,0,0,32.48,776,138,386
23550,3600.58,0,0,1,0,32.34,776,139,386
23600,3570.58,0,0,0,0,485.67,786,139,393
23650,3614.46,0,-2,0,-14,-346.51,790,139,407
23700,3568.03,0,0,0,0,219.85,794,139,421
23750,3603.17,0,-1,0,-8,-228.19,796,139,429
23800,3559.56,0,0,1,0,95.41,797,141,429
23851,3600.58,0,0,0,0,23.10,797,141,429
23901,3553.66,0,0,1,0,45.19,797,143,429
23951,3589.38,0,0,1,0,40.90,797,144,429
24001,3544.42,0,0,1,0,35.53,797,146,429
24051,3576.54,0,0,0,0,-21.19,797,147,429
24101,3553.66,0,0,1,0,34.86,797,149,429
24151,3543.59,0,0,1,0,1.67,797,151,429
24201,3520.30,0,1,0,0,26.64,799,152,429
24251,3564.64,0,0,0,0,-31.90,799,154,429
24301,3533.57,0,0,1,0,42.12,799,156,429
24351,3599.71,0,0,1,0,39.01,799,157,429
24401,3533.57,0,0,1,0,40.41,799,159,429
24451,3587.66,0,0,1,0,50.73,799,160,429
24501,3533.57,0,0,1,0,42.97,799,162,429
24551,3598.85,0,0,1,0,32.31,799,163,429
24601,3555.34,0,0,1,0,30.60,799,165,429
24651,3611.85,0,0,0,0,40.36,799,165,429
24701,3567.18,0,0,0,0,44.66,799,165,429
24751,3590.23,0,0,0,0,32.55,799,165,429
24801,3564.64,0,0,0,0,21.30,799,166,429
24851,3600.58,0,0,0,0,32.55,799,166,429
24901,3571.43,0,0,0,0,51.76,799,166,429
24951,3629.32,0,0,0,0,-46.81,799,166,429
25001,3593.67,0,0,0,0,-41.67,799,166,429
25051,3648.75,0,0,-1,0,-56.79,799,167,429
25101,3614.46,0,0,-1,0,-43.93,799,168,429
25151,3650.52,0,0,-1,0,-45.62,799,169,429
25201,3615.33,0,0,-1,0,-54.61,799,170,429
25251,3642.54,0,0,-1,0,-27.22,799,172,429
25302,3604.90,0,0,0,0,-44.47,799,172,429
25352,3652.30,0,0,-1,0,-47.40,799,173,429
25402,3593.67,0,0,0,0,-24.48,799,173,429
25452,3642.54,0,0,-1,0,-38.51,799,175,429
25502,3613.59,0,0,-1,0,-44.80,799,176,429
25552,3650.52,0,0,-1,0,-35.19,799,178,429
25602,3614.46,0,0,-1,0,-33.48,799,179,429
25652,3653.19,0,0,-1,0,-49.15,799,181,429
25702,3614.46,0,0,-1,0,-45.69,799,182,429
25752,3652.30,0,0,-1,0,-37.84,799,184,429
25802,3604.04,0,0,-1,0,-35.04,799,185,429
25852,3633.72,0,0,0,0,-30.55,799,185,429
25902,3602.31,0,0,-1,0,-41.97,799,186,429
25952,3632.84,0,0,0,0,-28.80,799,187,429
26002,3577.39,0,0,0,0,33.59,799,187,429
26052,3624.06,0,0,0,0,-46.67,799,187,429
26102,3578.24,0,0,0,0,33.60,799,187,429
26152,3619.69,0,0,0,0,-44.07,799,187,429
26202,3593.67,0,0,0,0,-41.67,799,187,429
26252,3629.32,0,0,0,0,-37.37,799,187,429
26302,3523.61,0,0,0,0,42.73,799,187,429
26352,3569.73,0,0,0,0,-46.95,800,187,429
26402,3522.78,0,1,0,0,41.86,801,188,429
26452,3566.33,0,0,0,0,-44.38,802,188,429
26502,3545.26,0,0,1,0,30.42,802,190,429
26552,3585.94,0,0,1,0,39.01,802,191,429
26602,3546.94,0,0,1,0,39.01,802,193,429
26652,3589.38,0,0,0,0,21.30,802,193,429
26702,3586.80,0,0,1,0,30.66,802,194,429
26752,3549.46,0,0,1,0,425.11,810,195,434
26802,3571.43,0,0,0,0,55.26,811,195,434
26852,3545.26,0,0,1,0,42.40,811,197,434
26902,3587.66,0,0,1,0,29.67,811,198,434
26952,3562.95,0,0,0,0,32.45,811,199,434
27002,3598.85,0,0,1,0,43.55,811,200,434
27052,3568.88,0,0,0,0,41.23,811,200,434
27102,3611.85,0,0,0,0,32.55,811,200,434
27152,3577.39,0,0,0,0,34.46,811,200,434
27202,3601.44,0,0,0,0,33.59,811,200,434
27252,3567.18,0,0,0,0,44.66,811,200,434
27302,3618.82,0,0,0,0,44.66,811,200,434
27352,3585.09,0,0,0,0,44.66,811,200,434
27402,3629.32,0,0,0,0,-46.81,811,200,434
27452,3593.67,0,0,0,0,-32.26,811,200,434
27502,3620.56,0,0,0,0,-38.05,811,200,434
27552,3583.37,0,0,0,0,-39.95,811,200,434
27602,3626.69,0,0,0,0,29.17,811,202,434
27652,3594.54,0,0,0,0,-47.66,811,202,434
27702,3633.72,0,0,0,0,-28.82,811,202,434
27752,3603.17,0,0,0,0,-49.63,811,202,434
27802,3639.01,0,0,0,0,-45.34,811,202,434
27852,3604.04,0,0,0,0,-39.30,811,202,434
27902,3629.32,0,0,0,0,-48.52,811,202,434
27952,3578.24,0,0,0,0,31.00,811,202,434
28002,3615.33,0,0,-1,0,-106.71,811,204,434
28052,3591.95,0,0,0,0,-29.61,811,204,434
28102,3618.82,0,0,0,0,-38.25,811,204,434
28152,3593.67,0,0,0,0,-33.06,811,204,434
28203,3629.32,0,0,0,0,-35.65,811,204,434
28253,3582.52,0,0,0,0,-32.91,811,204,434
28303,3610.11,0,0,0,0,-32.91,811,204,434
28353,3582.52,0,0,0,0,-35.48,811,204,434
28403,3629.32,0,0,0,0,-35.65,811,204,434
28453,3593.67,0,0,0,0,-31.40,811,204,434
28503,3643.43,0,0,-1,0,-38.53,811,205,434
28553,3615.33,0,0,-1,0,-26.36,811,206,434
28603,3633.72,0,0,0,0,-29.68,811,207,434
28653,3604.04,0,0,0,0,-33.14,811,207,434
28703,3639.01,0,0,0,0,-46.20,811,207,434
28753,3604.04,0,0,-1,0,-40.24,811,208,434
28803,3630.20,0,0,0,0,-46.83,811,208,434
28853,3581.66,0,0,0,0,-44.11,811,208,434
28903,3627.57,0,0,0,0,-33.89,811,208,434
28953,3593.67,0,0,0,0,-30.54,811,208,434
29003,3633.72,0,0,0,0,-30.55,811,209,434
29053,3586.80,0,0,0,0,-30.55,811,209,434
29103,3619.69,0,0,0,0,-34.64,811,209,434
29153,3587.66,0,0,0,0,-34.64,811,209,434
29203,3611.85,0,0,0,0,34.42,811,209,434
29253,3568.03,0,0,0,0,32.55,811,209,434
29303,3623.19,0,0,0,0,-55.16,811,209,434
29353,3586.80,0,0,0,0,46.65,811,209,434
29403,3629.32,0,0,0,0,-35.65,811,209,434
29453,3604.90,0,0,0,0,-31.39,811,209,434
29503,3631.96,0,0,0,0,-27.06,811,209,434
29553,3603.17,0,0,-1,0,-41.12,811,210,434
29603,3610.98,0,0,0,0,-25.28,811,210,434
29654,3586.80,0,0,0,0,43.80,811,210,434
29704,3620.56,0,0,0,0,-33.76,811,210,434
29754,3594.54,0,0,0,0,-40.81,811,210,434
29804,3620.56,0,0,0,0,-28.61,811,210,434
29854,3593.67,0,0,0,0,-43.22,811,210,434
29904,3619.69,0,0,0,0,-43.22,811,210,434
29954,3577.39,0,0,0,0,33.59,811,210,434
30004,3655.86,0,0,-1,0,-106.41,811,212,434
30054,3595.40,0,0,-1,0,-106.41,811,212,434
30104,3628.45,0,0,0,0,-34.77,811,212,434
30154,3592.81,0,0,0,0,-39.95,811,212,434
30204,3633.72,0,0,0,0,-29.68,811,212,434
30254,3593.67,0,0,0,0,-50.49,811,212,434
30304,3642.54,0,0,-1,0,-40.24,811,214,434
30354,3594.54,0,0,-1,0,-40.24,811,214,434
30404,3636.36,0,0,0,0,-53.85,811,214,434
30454,3582.52,0,0,0,0,-51.35,811,214,434
30504,3585.94,0,0,1,0,25.46,811,215,434
30554,3564.64,0,0,0,0,32.48,811,216,434
30604,3601.44,0,0,0,0,36.16,811,216,434
30654,3568.03,0,0,0,0,43.82,811,216,434
30704,3597.98,0,0,1,0,34.03,811,217,434
30754,3555.34,0,0,1,0,30.60,811,219,434
30804,3601.44,0,0,0,0,36.77,811,219,434
30854,3586.80,0,0,0,0,21.49,811,219,434
30904,3619.69,0,0,0,0,21.49,811,219,434
30954,3593.67,0,0,0,0,-40.83,811,219,434
31004,3630.20,0,0,0,0,-49.40,811,219,434
31054,3593.67,0,0,0,0,-36.49,811,219,434
31104,3620.56,0,0,0,0,-38.05,811,219,434
31154,3577.39,0,0,0,0,35.33,811,219,434
31204,3624.94,0,0,0,0,-39.00,811,219,434
31254,3592.81,0,0,0,0,-49.40,811,219,434
31304,3643.43,0,0,-1,0,-38.53,811,220,434
31354,3615.33,0,0,-1,0,-46.53,811,221,434
31404,3651.41,0,0,-1,0,-36.08,811,223,434
31454,3615.33,0,0,-1,0,-33.50,811,224,434
31504,3643.43,0,0,-1,0,-29.84,811,226,434
31554,3591.95,0,0,-1,0,-52.49,811,227,434
31604,3634.60,0,0,0,0,-40.93,811,227,434
31654,3568.03,0,0,0,0,33.41,811,227,434
31704,3600.58,0,0,0,0,26.58,811,227,434
31754,3567.18,0,0,0,0,44.66,811,227,434
31804,3623.19,0,0,0,0,-56.01,811,227,434
31854,3577.39,0,0,0,0,23.19,811,227,434
31904,3590.23,0,0,0,0,35.29,811,227,434
31954,3564.64,0,0,0,0,23.02,811,228,434
32004,3599.71,0,0,0,0,25.58,811,228,434
32054,3563.79,0,0,0,0,33.33,811,229,434
32104,3599.71,0,0,0,0,33.39,811,229,434
32154,3562.95,0,0,0,0,26.43,811,229,434
32204,3610.11,0,0,0,0,32.55,811,229,434
32254,3567.18,0,0,0,0,45.53,811,229,434
32304,3612.72,0,0,0,0,36.16,811,229,434
32354,3571.43,0,0,0,0,50.89,811,229,434
32404,3591.09,0,0,0,0,25.57,811,229,434
32454,3553.66,0,0,1,0,45.19,811,231,434
32504,3587.66,0,0,1,0,43.48,811,232,434
32555,3563.79,0,0,0,0,35.06,811,233,434
32605,3610.98,0,0,0,0,35.92,811,233,434
32655,3600.58,0,0,0,0,39.55,811,233,434
32705,3560.41,0,0,0,0,510.15,822,233,441
32755,3615.33,0,-5,0,-5,-738.03,831,233,447
32805,3562.10,0,0,0,0,407.20,839,233,451
32855,3501.40,0,1,0,0,387.63,846,233,484
32905,3559.56,0,0,1,0,44.47,846,235,486
32955,3588.52,0,0,0,0,42.78,846,235,486
33005,3550.30,0,0,1,0,52.88,846,237,486
33055,3600.58,0,0,0,0,37.61,846,237,486
33105,3562.95,0,0,0,0,22.14,846,238,486
33155,3597.98,0,0,1,0,35.72,846,239,486
33205,3481.09,0,1,0,0,30.15,848,240,486
33255,3546.10,0,0,1,0,-63.40,849,241,486
33305,3511.24,0,1,0,0,34.02,851,242,486
33355,3533.57,0,0,1,0,-29.71,852,243,486
33405,3521.13,0,1,0,0,24.13,854,244,486
33455,3568.03,0,0,0,0,-47.73,855,245,486
33505,3544.42,0,0,1,0,32.11,855,247,486
33555,3598.85,0,0,1,0,45.19,855,248,486
33605,3577.39,0,0,0,0,34.46,855,248,486
33655,3629.32,0,0,0,0,-46.81,855,248,486
33705,3604.90,0,0,0,0,-50.49,855,248,486
33755,3633.72,0,0,0,0,-30.55,855,248,486
33805,3602.31,0,0,-1,0,-51.72,855,249,486
33855,3639.01,0,0,0,0,-45.34,855,249,486
33905,3604.90,0,0,0,0,-22.74,855,249,486
33955,3613.59,0,0,-1,0,-50.07,855,250,486
34006,3585.94,0,0,-1,0,-50.07,855,250,486
34056,3629.32,0,0,0,0,-34.79,855,250,486
34106,3592.81,0,0,0,0,-33.14,855,250,486
34156,3653.19,0,0,-1,0,-50.02,855,252,486
34206,3613.59,0,0,-1,0,-44.80,855,253,486
34256,3653.19,0,0,-1,0,-37.86,855,255,486
34306,3613.59,0,0,-1,0,-34.37,855,256,486
34356,3662.11,0,0,-1,0,-46.78,855,258,486
34406,3615.33,0,0,-1,0,-31.91,855,259,486
34456,3652.30,0,0,-1,0,-37.84,855,261,486
34506,3613.59,0,0,-1,0,-34.19,855,262,486
34556,3620.56,0,0,0,0,-26.89,855,262,486
34606,3592.81,0,0,0,0,-39.30,855,262,486
34656,3632.84,0,0,0,0,-29.67,855,263,486
34706,3591.09,0,0,-1,0,-41.10,855,264,486
34756,3639.01,0,0,0,0,-45.34,855,264,486
34806,3582.52,0,0,0,0,-29.61,855,264,486
34856,3629.32,0,0,0,0,-41.67,855,264,486
34906,3586.80,0,0,0,0,-41.67,855,264,486
34956,3589.38,0,0,0,0,36.84,855,264,486
35006,3562.95,0,0,0,0,24.71,855,265,486
35056,3612.72,0,0,0,0,43.82,855,265,486
35106,3581.66,0,0,0,0,-39.76,855,265,486
35156,3623.19,0,0,0,0,-45.80,855,265,486
35206,3595.40,0,0,0,0,-45.80,855,265,486
35256,3618.82,0,0,0,0,-45.80,855,265,486
35306,3575.69,0,0,0,0,25.76,855,265,486
35356,3612.72,0,0,0,0,43.80,855,265,486
35406,3586.80,0,0,0,0,43.80,855,265,486
35456,3639.01,0,0,0,0,-57.35,855,265,486
35506,3603.17,0,0,0,0,-39.97,855,265,486
35556,3632.84,0,0,0,0,-27.94,855,265,486
35606,3603.17,0,0,-1,0,-41.97,855,266,486
35656,3642.54,0,0,-1,0,-40.24,855,268,486
35706,3604.04,0,0,-1,0,-36.79,855,269,486
35756,3639.01,0,0,0,0,-45.34,855,269,486
35806,3603.17,0,0,-1,0,-41.08,855,270,486
35856,3631.96,0,0,0,0,-27.92,855,271,486
35906,3593.67,0,0,0,0,-22.62,855,271,486
35956,3629.32,0,0,0,0,-35.65,855,271,486
36006,3583.37,0,0,0,0,-41.67,855,271,486
36056,3629.32,0,0,0,0,-35.65,855,271,486
36106,3545.26,0,0,1,0,21.07,855,272,486
36156,3597.12,0,0,1,0,40.70,855,273,486
36206,3563.79,0,0,0,0,34.19,855,274,486
36256,3600.58,0,0,0,0,24.74,855,274,486
36306,3509.59,0,1,0,0,35.67,856,275,486
36356,3566.33,0,0,0,0,-55.10,857,276,486
36406,3564.64,0,0,0,0,-34.40,857,277,486
36456,3539.41,0,0,1,0,486.36,867,278,493
36506,3501.40,0,1,0,0,379.58,874,278,517
36556,3535.23,0,0,1,0,246.91,877,279,530
36606,3577.39,0,0,0,0,26.65,878,279,530
36656,3553.66,0,0,1,0,35.72,878,281,530
36706,3587.66,0,0,1,0,41.54,878,282,530
36756,3543.59,0,0,1,0,33.80,878,284,530
36806,3587.66,0,0,1,0,32.97,878,285,530
36856,3558.72,0,0,1,0,28.94,878,287,530
36907,3600.58,0,0,0,0,24.71,878,287,530
36957,3568.03,0,0,0,0,32.55,878,287,530
37007,3610.98,0,0,0,0,26.58,878,287,530
37057,3566.33,0,0,0,0,35.11,878,287,530
37107,3610.11,0,0,0,0,35.11,878,287,530
37157,3575.69,0,0,0,0,36.16,878,287,530
37207,3623.19,0,0,0,0,-45.80,878,287,530
37257,3583.37,0,0,0,0,-39.97,878,287,530
37307,3630.20,0,0,0,0,-47.69,878,287,530
37357,3593.67,0,0,0,0,-54.65,878,287,530
37407,3639.01,0,0,0,0,-45.34,878,287,530
37457,3578.24,0,0,0,0,41.45,878,287,530
37507,3619.69,0,0,0,0,41.45,878,287,530
37557,3593.67,0,0,0,0,-29.47,878,287,530
37607,3629.32,0,0,0,0,-37.37,878,287,530
37657,3592.81,0,0,0,0,-32.26,878,287,530
37707,3628.45,0,0,0,0,-45.93,878,287,530
37757,3594.54,0,0,0,0,-39.95,878,287,530
37807,3639.01,0,0,0,0,-45.34,878,287,530
37857,3592.81,0,0,0,0,-29.61,878,287,530
37907,3632.84,0,0,0,0,-29.67,878,287,530
37957,3603.17,0,0,-1,0,-51.72,878,288,530
38007,3597.98,0,0,1,0,45.02,878,289,530
38057,3558.72,0,0,1,0,39.27,878,291,530
38107,3611.85,0,0,0,0,31.00,878,291,530
38157,3577.39,0,0,0,0,35.33,878,291,530
38207,3623.19,0,0,0,0,-51.76,878,291,530
38257,3577.39,0,0,0,0,34.46,878,291,530
38307,3611.85,0,0,0,0,32.72,878,291,530
38358,3585.09,0,0,0,0,32.75,878,291,530
38408,3601.44,0,0,0,0,-47.75,878,291,530
38458,3573.98,0,0,0,0,26.59,878,291,530
38508,3587.66,0,0,0,0,52.64,878,291,530
38558,3573.13,0,0,0,0,26.58,878,291,530
38608,3589.38,0,0,0,0,34.44,878,291,530
38658,3568.03,0,0,0,0,44.69,878,291,530
38708,3630.20,0,0,0,0,-43.40,878,291,530
38758,3582.52,0,0,0,0,-44.97,878,291,530
38808,3610.98,0,0,0,0,-44.97,878,291,530
38858,3580.81,0,0,0,0,-34.62,878,291,530
38908,3600.58,0,0,0,0,35.92,878,291,530
38958,3576.54,0,0,0,0,35.31,878,291,530
39008,3622.31,0,0,0,0,-44.92,878,291,530
39058,3593.67,0,0,0,0,-39.95,878,291,530
39108,3639.01,0,0,0,0,-45.34,878,291,530
39158,3604.90,0,0,0,0,-30.48,878,291,530
39208,3643.43,0,0,-1,0,-40.26,878,292,530
39258,3615.33,0,0,-1,0,-35.25,878,293,530
39308,3653.19,0,0,-1,0,-39.60,878,295,530
39358,3604.04,0,0,-1,0,-34.17,878,296,530
39408,3653.19,0,0,-1,0,-49.15,878,298,530
39458,3586.80,0,0,-1,0,-49.15,878,298,530
39508,3629.32,0,0,0,0,-43.38,878,298,530
39558,3591.95,0,0,0,0,-50.52,878,298,530
39608,3628.45,0,0,0,0,-45.93,878,298,530
39658,3580.81,0,0,0,0,-40.83,878,298,530
39708,3610.98,0,0,0,0,-45.01,878,298,530
39758,3583.37,0,0,0,0,-45.80,878,298,530
39808,3629.32,0,0,0,0,-35.65,878,298,530
39858,3582.52,0,0,0,0,-42.54,878,298,530
39908,3629.32,0,0,0,0,-42.52,878,298,530
39958,3582.52,0,0,0,0,-40.81,878,298,530
40008,3629.32,0,0,0,0,-36.51,878,298,530
40058,3593.67,0,0,0,0,-44.07,878,298,530
40108,3639.01,0,0,0,0,-45.34,878,298,530
40158,3591.95,0,0,0,0,-39.95,878,298,530
40208,3633.72,0,0,0,0,-28.82,878,298,530
40258,3592.81,0,0,0,0,-38.42,878,298,530
40308,3629.32,0,0,0,0,-37.37,878,298,530
40358,3602.31,0,0,-1,0,-59.37,878,299,530
40408,3633.72,0,0,0,0,-29.68,878,299,530
40458,3603.17,0,0,-1,0,-48.15,878,300,530
40508,3652.30,0,0,-1,0,-50.00,878,302,530
40558,3615.33,0,0,-1,0,-32.44,878,303,530
40608,3643.43,0,0,-1,0,-28.10,878,304,530
40658,3602.31,0,0,-1,0,-35.06,878,305,530
40708,3633.72,0,0,0,0,-29.68,878,305,530
40758,3591.95,0,0,-1,0,-49.90,878,306,530
40808,3573.98,0,0,0,0,17.11,878,307,530
40858,3544.42,0,0,1,0,32.11,878,309,530
40908,3589.38,0,0,0,0,-11.06,878,309,530
40958,3568.03,0,0,0,0,32.55,878,309,530
41008,3600.58,0,0,0,0,23.88,878,309,530
41058,3562.95,0,0,0,0,36.77,878,309,530
41108,3599.71,0,0,0,0,36.77,878,309,530
41158,3555.34,0,0,1,0,33.17,878,310,530
41208,3608.37,0,0,1,0,41.78,878,311,530
41259,3545.26,0,0,1,0,53.59,878,313,530
41309,3583.37,0,0,1,0,10.03,878,314,530
41359,3553.66,0,0,1,0,45.19,878,316,530
41409,3521.13,0,1,0,0,32.53,879,317,530
41459,3582.52,0,-5,0,-5,-812.29,889,317,536
41509,3540.24,0,0,1,0,360.93,896,318,539
41559,3579.10,0,0,0,0,130.10,899,318,551
41609,3543.59,0,0,1,0,35.51,900,319,551
41659,3598.85,0,0,1,0,33.14,900,320,551
41709,3555.34,0,0,1,0,31.46,900,322,551
41759,3597.12,0,0,1,0,41.78,900,323,551
41809,3567.18,0,0,0,0,44.66,900,323,551
41859,3611.85,0,0,0,0,35.31,900,323,551
41909,3581.66,0,0,0,0,-31.19,900,323,551
41959,3618.82,0,0,0,0,-47.66,900,323,551
42009,3591.95,0,0,0,0,-32.91,900,323,551
42059,3628.45,0,0,0,0,-41.65,900,323,551
42109,3612.72,0,1,0,0,54.30,901,323,551
42159,3587.66,0,0,1,0,27.17,901,324,551
42209,3562.95,0,0,0,0,35.90,901,325,551
42259,3600.58,0,0,0,0,34.26,901,325,551
42309,3578.24,0,0,0,0,31.86,901,325,551
42359,3630.20,0,0,0,0,-48.54,901,325,551
42409,3582.52,0,0,0,0,-41.49,901,325,551
42459,3611.85,0,0,0,0,33.57,901,325,551
42509,3585.09,0,0,0,0,40.42,901,325,551
42559,3629.32,0,0,0,0,-48.52,901,325,551
42609,3592.81,0,0,0,0,-39.95,901,325,551
42659,3642.54,0,0,-1,0,-38.51,901,327,551
42710,3614.46,0,0,-1,0,-37.66,901,328,551
42760,3652.30,0,0,-1,0,-49.13,901,330,551
42810,3615.33,0,0,-1,0,-32.61,901,331,551
42860,3661.22,0,0,-1,0,-34.52,901,333,551
42910,3605.77,0,0,0,0,-15.78,901,333,551
42960,3642.54,0,0,-1,0,-40.24,901,335,551
43010,3603.17,0,0,0,0,-26.22,901,335,551
43060,3633.72,0,0,0,0,-28.82,901,335,551
43110,3604.04,0,0,0,0,-40.16,901,335,551
43160,3642.54,0,0,-1,0,-40.24,901,337,551
43210,3591.09,0,0,-1,0,-35.04,901,338,551
43260,3587.66,0,0,1,0,44.99,901,339,551
43310,3550.30,0,0,1,0,48.55,901,341,551
43360,3585.94,0,0,1,0,29.57,901,342,551
43410,3554.50,0,0,1,0,43.48,901,344,551
43460,3600.58,0,0,0,0,22.16,901,344,551
43510,3557.03,0,0,1,0,43.55,901,345,551
43560,3600.58,0,0,0,0,25.71,901,345,551
43610,3577.39,0,0,0,0,33.59,901,345,551
43660,3620.56,0,0,0,0,-35.48,901,345,551
43710,3584.23,0,0,0,0,-35.48,901,345,551
43760,3582.52,0,0,0,0,-35.48,901,345,551
43810,3554.50,0,0,1,0,33.16,901,347,551
43860,3597.12,0,0,1,0,43.50,901,348,551
43910,3573.13,0,0,0,0,24.85,901,349,551
43960,3601.44,0,0,0,0,24.85,901,349,551
44010,3576.54,0,0,0,0,35.31,901,349,551
44060,3629.32,0,0,0,0,-42.52,901,349,551
44110,3566.33,0,0,0,0,45.51,901,349,551
44160,3601.44,0,0,0,0,24.85,901,349,551
44210,3575.69,0,0,0,0,36.16,901,349,551
44260,3618.82,0,0,0,0,36.16,901,349,551
44310,3581.66,0,0,0,0,-39.09,901,349,551
44360,3599.71,0,0,0,0,34.46,901,349,551
44410,3576.54,0,0,0,0,34.44,901,349,551
44460,3623.19,0,0,0,0,-51.76,901,349,551
44510,3583.37,0,0,0,0,44.94,901,349,551
44560,3624.06,0,0,0,0,-48.38,901,349,551
44610,3595.40,0,0,0,0,-48.38,901,349,551
44660,3630.20,0,0,0,0,-36.53,901,349,551
44710,3592.81,0,0,-1,0,-58.51,901,350,551
44760,3643.43,0,0,-1,0,-41.12,901,352,551
44810,3613.59,0,0,-1,0,-35.91,901,353,551
44860,3624.06,0,0,0,0,-20.03,901,353,551
44910,3605.77,0,0,0,0,-30.54,901,353,551
44960,3639.01,0,0,0,0,-47.92,901,354,551
45010,3603.17,0,0,0,0,-32.28,901,354,551
45060,3629.32,0,0,0,0,-35.65,901,354,551
45110,3582.52,0,0,0,0,-42.54,901,354,551
45160,3629.32,0,0,0,0,-46.81,901,354,551
45210,3559.56,0,0,1,0,41.88,901,355,551
45260,3610.11,0,0,1,0,49.65,901,356,551
45310,3573.98,0,0,0,0,26.59,901,356,551
45360,3618.82,0,0,0,0,26.59,901,356,551
45410,3581.66,0,0,0,0,-47.66,901,356,551
45460,3634.60,0,0,0,0,-56.36,901,356,551
45510,3593.67,0,0,0,0,-39.09,901,356,551
45560,3643.43,0,0,-1,0,-39.39,901,357,551
45611,3604.04,0,0,-1,0,-51.58,901,358,551
45661,3629.32,0,0,0,0,-36.51,901,359,551
45711,3517.82,0,1,0,0,112.38,902,359,551
45761,3597.98,0,0,1,0,98.08,902,361,551
45811,3568.88,0,0,0,0,39.49,902,362,551
45861,3612.72,0,0,0,0,35.31,902,362,551
45911,3558.72,0,0,1,0,52.26,902,363,551
45961,3610.98,0,0,0,0,31.62,902,363,551
46011,3611.85,0,0,0,0,39.55,902,363,551
46061,3537.74,0,0,1,0,547.23,913,364,558
46111,3583.37,0,-4,0,-4,-687.96,921,364,563
46161,3501.40,0,1,0,0,300.88,927,364,593
46211,3556.19,0,0,1,0,-43.31,928,366,593
46261,3509.59,0,1,0,0,47.44,930,367,593
46311,3513.70,0,1,0,0,-43.89,933,367,593
46361,3488.37,0,1,0,0,46.03,935,368,593
46411,3557.87,0,0,1,0,-48.28,936,370,593
46461,3534.40,0,0,1,0,31.93,937,371,593
46511,3585.94,0,0,1,0,40.45,937,372,593
46561,3564.64,0,0,0,0,32.48,937,373,593
46611,3619.69,0,0,0,0,32.48,937,373,593
46661,3594.54,0,0,0,0,-48.52,937,373,593
46711,3647.86,0,0,-1,0,-55.91,937,374,593
46761,3613.59,0,0,-1,0,-51.60,937,375,593
46811,3643.43,0,0,-1,0,-28.10,937,377,593
46861,3614.46,0,0,-1,0,-33.48,937,378,593
46911,3662.11,0,0,-1,0,-35.42,937,380,593
46961,3625.82,0,0,0,0,108.31,938,381,597
47011,3673.77,0,0,0,0,-43.57,938,381,597
47062,3618.82,0,0,0,0,-48.83,938,381,597
47112,3643.43,0,0,-1,0,-41.12,938,383,597
47162,3591.95,0,0,0,0,-35.67,938,383,597
47212,3629.32,0,0,0,0,-35.65,938,383,597
47262,3578.24,0,0,0,0,31.86,938,383,597
47312,3629.32,0,0,0,0,-35.65,938,383,597
47362,3592.81,0,0,0,0,-46.94,938,383,597
47412,3629.32,0,0,0,0,-36.51,938,383,597
47462,3591.95,0,0,0,0,-51.38,938,383,597
47512,3638.13,0,0,0,0,-44.45,938,383,597
47562,3603.17,0,0,-1,0,-48.15,938,384,597
47612,3652.30,0,0,-1,0,-50.00,938,386,597
47662,3602.31,0,0,-1,0,-43.08,938,387,597
47712,3630.20,0,0,0,0,-36.53,938,387,597
47762,3604.04,0,0,0,0,-34.01,938,387,597
47812,3629.32,0,0,0,0,-34.79,938,387,597
47862,3593.67,0,0,0,0,-39.95,938,387,597
47912,3619.69,0,0,0,0,-39.95,938,387,597
47962,3575.69,0,0,0,0,37.03,938,387,597
48012,3629.32,0,0,0,0,-35.65,938,387,597
48062,3591.95,0,0,0,0,-49.63,938,387,597
48112,3629.32,0,0,0,0,-34.79,938,387,597
48162,3592.81,0,0,-1,0,-56.66,938,388,597
48212,3620.56,0,0,0,0,-28.61,938,388,597
48262,3593.67,0,0,0,0,-44.07,938,388,597
48312,3629.32,0,0,0,0,-37.37,938,388,597
48362,3545.26,0,0,1,0,27.02,938,389,597
48412,3586.80,0,0,1,0,31.28,938,390,597
48462,3553.66,0,0,1,0,44.32,938,392,597
48512,3600.58,0,0,0,0,23.86,938,392,597
48562,3568.03,0,0,0,0,43.82,938,392,597
48612,3623.19,0,0,0,0,-55.16,938,392,597
48662,3593.67,0,0,0,0,-47.50,938,392,597
48712,3610.98,0,0,0,0,-47.50,938,392,597
48762,3586.80,0,0,0,0,42.95,938,392,597
48812,3577.39,0,0,0,0,0.00,938,392,597
48862,3554.50,0,0,1,0,44.35,938,394,597
48912,3589.38,0,0,0,0,23.87,938,394,597
48962,3563.79,0,0,0,0,26.44,938,394,597
49012,3586.80,0,0,1,0,43.55,938,395,597
49062,3546.94,0,0,1,0,40.72,938,397,597
49112,3585.94,0,0,1,0,39.84,938,398,597
49162,3555.34,0,0,1,0,31.46,938,400,597
49212,3597.98,0,0,1,0,29.74,938,401,597
49262,3563.79,0,0,0,0,35.06,938,402,597
49312,3611.85,0,0,0,0,45.51,938,402,597
49362,3578.24,0,0,0,0,27.52,938,402,597
49412,3580.81,0,0,0,0,-44.94,938,402,597
49462,3617.07,0,-4,0,-4,-677.26,945,402,612
49512,3593.67,0,-5,0,-5,-793.83,954,402,618
49562,3613.59,0,0,-1,0,447.71,964,403,624
49612,3652.30,0,0,-1,0,-38.71,964,405,624
49662,3615.33,0,0,-1,0,-32.61,964,406,624
49712,3671.97,0,0,0,0,-57.51,964,407,624
49762,3604.90,0,0,0,0,-8.73,964,407,624
49812,3639.01,0,0,0,0,-56.49,964,407,624
49862,3605.77,0,0,0,0,-48.78,964,407,624
49912,3652.30,0,0,-1,0,-49.13,964,408,624
49963,3615.33,0,0,-1,0,-53.74,964,409,624
50013,3652.30,0,0,-1,0,-37.84,964,411,624
50063,3590.23,0,0,-1,0,-49.87,964,412,624
50113,3587.66,0,0,1,0,33.82,964,413,624
50163,3558.72,0,0,1,0,39.27,964,415,624
50213,3600.58,0,0,0,0,38.62,964,415,624
50263,3566.33,0,0,0,0,34.24,964,415,624
50313,3599.71,0,0,0,0,27.43,964,415,624
50363,3577.39,0,0,0,0,30.98,964,416,624
50413,3612.72,0,0,0,0,37.03,964,416,624
50463,3586.80,0,0,0,0,50.62,964,416,624
50513,3630.20,0,0,0,0,-47.69,964,416,624
50563,3619.69,0,0,0,0,-47.69,964,416,624
50613,3582.52,0,-4,0,-4,-686.14,972,416,628
50663,3606.64,0,-4,0,-4,-665.42,979,416,632
50713,3551.14,0,0,1,0,364.29,986,417,636
50763,3503.04,0,1,0,0,277.21,991,417,652
50813,3537.74,0,0,1,0,119.91,991,420,652
50863,3575.69,0,0,0,0,-23.71,991,421,652
50913,3546.10,0,0,1,0,51.02,991,423,652
50963,3598.85,0,0,1,0,42.64,991,424,652
51013,3575.69,0,0,0,0,24.89,991,424,652
51063,3599.71,0,0,0,0,37.61,991,424,652
51113,3555.34,0,0,1,0,43.50,991,425,652
51163,3598.85,0,0,1,0,41.78,991,426,652
51213,3566.33,0,0,0,0,34.24,991,426,652
51263,3610.11,0,0,1,0,46.05,991,427,652
51313,3577.39,0,0,0,0,32.72,991,427,652
51363,3610.98,0,0,0,0,32.72,991,427,652
51414,3563.79,0,0,0,0,25.58,991,427,652
51464,3623.19,0,0,0,0,-50.06,991,427,652
51514,3582.52,0,0,0,0,-46.67,991,427,652
51564,3630.20,0,0,0,0,-46.83,991,427,652
51614,3577.39,0,0,0,0,42.30,991,427,652
51664,3585.94,0,0,1,0,34.89,991,428,652
51714,3555.34,0,0,1,0,43.50,991,430,652
51764,3600.58,0,0,0,0,42.93,991,430,652
51814,3568.03,0,0,0,0,43.82,991,430,652
51864,3629.32,0,0,0,0,-46.81,991,430,652
51914,3593.67,0,0,0,0,-40.81,991,430,652
51964,3643.43,0,0,-1,0,-40.26,991,431,652
52014,3585.09,0,0,-1,0,-40.26,991,431,652
52064,3629.32,0,0,0,0,-35.65,991,431,652
52114,3592.81,0,0,-1,0,-59.37,991,432,652
52164,3629.32,0,0,0,0,-35.65,991,432,652
52214,3583.37,0,0,0,0,-44.09,991,432,652
52264,3639.01,0,0,0,0,-46.20,991,432,652
52314,3591.95,0,0,0,0,-39.11,991,432,652
52364,3643.43,0,0,-1,0,-38.53,991,433,652
52414,3604.90,0,0,0,0,-27.94,991,433,652
52464,3564.64,0,0,0,0,27.32,991,433,652
52514,3544.42,0,0,1,0,32.11,991,435,652
52564,3587.66,0,0,1,0,34.00,991,436,652
52614,3553.66,0,0,1,0,45.19,991,438,652
52664,3611.85,0,0,0,0,24.85,991,438,652
52714,3570.58,0,0,0,0,49.99,991,438,652
52764,3611.85,0,0,0,0,34.24,991,438,652
52814,3577.39,0,0,0,0,41.43,991,438,652
52864,3610.98,0,0,0,0,41.43,991,438,652
52914,3582.52,0,0,0,0,-39.76,991,438,652
52964,3629.32,0,0,0,0,-36.51,991,438,652
53014,3602.31,0,0,-1,0,-41.99,991,439,652
53064,3662.11,0,0,-1,0,-58.94,991,441,652
53114,3614.46,0,0,-1,0,-55.47,991,442,652
53164,3653.19,0,0,-1,0,-49.15,991,443,652
53214,3614.46,0,0,-1,0,-36.12,991,444,652
53264,3650.52,0,0,-1,0,-24.71,991,446,652
53314,3615.33,0,0,-1,0,-31.91,991,447,652
53364,3650.52,0,0,-1,0,-23.83,991,449,652
53414,3617.07,0,-1,0,0,-74.24,992,449,652
53464,3642.54,0,0,-1,0,-27.22,992,451,652
53514,3604.04,0,0,-1,0,-35.23,992,452,652
53564,3632.84,0,0,0,0,-29.67,992,453,652
53614,3603.17,0,0,-1,0,-41.97,992,454,652
53664,3629.32,0,0,0,0,-36.51,992,454,652
53714,3582.52,0,0,0,0,-39.07,992,454,652
53764,3619.69,0,0,0,0,-47.69,992,454,652
53814,3577.39,0,0,0,0,34.46,992,454,652
53864,3619.69,0,0,0,0,34.46,992,454,652
53914,3577.39,0,0,0,0,41.43,992,454,652
53964,3610.98,0,0,0,0,41.43,992,454,652
54014,3578.24,0,0,0,0,31.00,992,454,652
54064,3598.85,0,0,1,0,44.43,992,455,652
54114,3568.88,0,0,0,0,42.97,992,455,652
54164,3599.71,0,0,0,0,33.41,992,455,652
54214,3534.40,0,0,1,0,41.28,992,457,652
54264,3597.98,0,0,1,0,49.90,992,458,652
54315,3545.26,0,0,1,0,30.42,992,460,652
54365,3574.83,0,0,0,0,-40.43,992,461,652
54415,3546.10,0,0,1,0,28.73,992,463,652
54465,3585.94,0,0,1,0,42.64,992,464,652
54515,3555.34,0,0,1,0,30.60,992,466,652
54565,3600.58,0,0,0,0,23.88,992,466,652
54615,3602.31,0,0,0,0,39.32,992,466,652
54665,3572.28,0,0,0,0,511.58,1003,466,659
54715,3617.94,0,-5,0,-5,-818.61,1012,466,665
54765,3582.52,0,-5,0,-5,-817.31,1021,466,671
54815,3604.90,0,-5,0,-5,-758.31,1030,466,676
54865,3562.10,0,0,0,0,392.55,1038,466,680
54915,3501.40,0,1,0,0,351.67,1045,466,709
54965,3562.95,0,0,0,0,36.77,1045,466,709
55015,3599.71,0,0,1,0,46.92,1045,467,709
55065,3563.79,0,0,0,0,33.33,1045,468,709
55115,3563.79,0,0,0,0,-8.45,1045,469,709
55165,3545.26,0,0,1,0,29.57,1045,471,709
55215,3564.64,0,0,0,0,-19.38,1045,472,709
55265,3546.94,0,0,1,0,40.72,1045,474,709
55315,3546.10,0,0,1,0,-24.15,1046,475,709
55365,3521.95,0,1,0,0,46.93,1048,475,709
55415,3591.95,0,1,0,0,66.98,1049,475,709
55465,3534.40,0,0,1,0,34.48,1049,476,709
55515,3585.94,0,0,1,0,48.21,1049,477,709
55565,3555.34,0,0,1,0,41.78,1049,479,709
55615,3611.85,0,0,0,0,31.62,1049,479,709
55665,3562.95,0,0,0,0,35.90,1049,480,709
55715,3610.98,0,0,0,0,33.39,1049,480,709
55766,3577.39,0,0,0,0,33.59,1049,480,709
55816,3654.97,0,0,-1,0,-110.55,1049,482,709
55866,3582.52,0,0,0,0,-59.74,1049,482,709
55916,3610.11,0,0,0,0,-53.85,1049,482,709
55966,3577.39,0,0,0,0,32.72,1049,482,709
56016,3629.32,0,0,0,0,-37.37,1049,482,709
56066,3591.95,0,0,0,0,-49.63,1049,482,709
56116,3643.43,0,0,-1,0,-39.39,1049,484,709
56166,3614.46,0,0,-1,0,-56.34,1049,485,709
56216,3631.08,0,0,0,0,-27.05,1049,486,709
56266,3596.26,0,0,0,0,-27.05,1049,486,709
56316,3629.32,0,0,0,0,-35.65,1049,486,709
56366,3592.81,0,0,0,0,-40.16,1049,486,709
56416,3643.43,0,0,-1,0,-41.12,1049,488,709
56466,3604.04,0,0,0,0,-27.08,1049,488,709
56516,3632.84,0,0,0,0,-28.80,1049,488,709
56566,3592.81,0,0,-1,0,-40.24,1049,489,709
56616,3639.89,0,0,0,0,-34.12,1049,489,709
56666,3585.94,0,0,0,0,-34.12,1049,489,709
56716,3617.94,0,0,0,0,-34.12,1049,489,709
56766,3580.81,0,0,0,0,-45.12,1049,489,709
56816,3639.01,0,0,0,0,-45.34,1049,489,709
56866,3593.67,0,0,0,0,-40.81,1049,489,709
56916,3633.72,0,0,0,0,-29.68,1049,489,709
56966,3573.13,0,0,0,0,26.58,1049,489,709
57016,3613.59,0,0,0,0,25.74,1049,489,709
57066,3568.03,0,0,0,0,43.82,1049,489,709
57116,3611.85,0,0,0,0,32.55,1049,489,709
57166,3566.33,0,0,0,0,43.77,1049,490,709
57216,3611.85,0,0,0,0,26.58,1049,490,709
57266,3586.80,0,0,0,0,31.89,1049,490,709
57316,3624.06,0,0,0,0,-48.38,1049,490,709
57366,3585.94,0,0,0,0,44.97,1049,490,709
57416,3612.72,0,0,0,0,36.16,1049,490,709
57466,3582.52,0,0,0,0,-43.19,1049,490,709
57516,3629.32,0,0,0,0,-37.37,1049,490,709
57566,3591.95,0,0,0,0,-40.81,1049,490,709
57616,3632.84,0,0,0,0,-27.94,1049,490,709
57666,3603.17,0,0,-1,0,-42.85,1049,491,709
57716,3652.30,0,0,-1,0,-50.00,1049,493,709
57766,3614.46,0,0,-1,0,-33.32,1049,494,709
57816,3650.52,0,0,-1,0,-36.07,1049,496,709
57866,3615.33,0,0,-1,0,-34.37,1049,497,709
57916,3630.20,0,0,0,0,-47.69,1049,497,709
57966,3586.80,0,0,0,0,-47.69,1049,497,709
58016,3630.20,0,0,0,0,-43.40,1049,497,709
58066,3594.54,0,0,0,0,-35.62,1049,497,709
58116,3601.44,0,0,0,0,-31.28,1049,497,709
58166,3564.64,0,0,0,0,22.16,1049,498,709
58216,3568.88,0,0,0,0,-13.53,1049,499,709
58266,3554.50,0,0,1,0,40.90,1049,500,709
58316,3600.58,0,0,0,0,37.61,1049,500,709
58366,3573.13,0,0,0,0,25.72,1049,501,709
58416,3623.19,0,0,0,0,-44.94,1049,501,709
58466,3577.39,0,0,0,0,34.46,1049,501,709
58516,3619.69,0,0,0,0,34.46,1049,501,709
58566,3577.39,0,0,0,0,34.46,1049,501,709
58616,3595.40,0,0,0,0,32.72,1049,501,709
58667,3585.94,0,0,0,0,32.72,1049,501,709
58717,3610.11,0,0,0,0,49.14,1049,501,709
58767,3600.58,0,0,0,0,31.86,1049,501,709
58817,3571.43,0,0,0,0,499.13,1060,501,716
58867,3616.20,0,-6,0,-5,-839.19,1070,501,722
58917,3582.52,0,-6,0,-6,-909.58,1081,501,729
58967,43988.27,-15695,-525,0,-15185,-40360.70,1617,501,15920
59017,3709.20,0,-1,0,0,436.74,1628,501,16291
59067,3640.78,0,0,-1,0,273.63,1635,502,16309
59117,3605.77,0,-4,0,-4,-685.91,1642,502,16314
59167,3651.41,0,0,-1,0,399.36,1651,503,16319
59217,3662.11,0,0,-1,0,-45.91,1663,504,16327
59267,3642.54,0,0,-1,0,-25.47,1663,505,16327
59317,3594.54,0,-6,0,-6,-895.51,1673,505,16335
59367,3591.09,0,0,0,0,525.34,1685,505,16342
59417,3620.56,0,0,0,0,-38.05,1685,505,16342
59467,3567.18,0,0,0,0,44.66,1685,505,16342
59517,3582.52,0,0,0,0,44.66,1685,505,16342
59567,3604.90,0,-6,0,-6,-925.32,1696,505,16348
59617,3501.40,0,1,0,0,332.96,1703,505,16366
59667,3593.67,0,-1,0,0,3267.55,1747,505,17138
59717,3536.90,0,0,1,0,95.06,1748,506,17138
59767,3557.03,0,0,1,0,-37.56,1749,508,17138
59817,3511.24,0,1,0,0,28.17,1751,509,17138
59867,3535.23,0,0,1,0,-24.00,1752,511,17138
59917,3498.95,0,1,0,0,35.45,1754,512,17138
59967,3523.61,0,0,0,0,-40.91,1755,512,17138
60017,3503.85,0,1,0,0,20.58,1757,512,17138
60067,3535.23,0,0,1,0,-36.28,1758,514,17138
60118,3500.58,0,1,0,0,33.82,1760,515,17138
60168,3535.23,0,0,1,0,-36.28,1761,517,17138
60218,3510.41,0,1,0,0,34.01,1763,518,17138
60268,3544.42,0,0,1,0,-31.54,1764,520,17138
60318,3556.19,0,0,1,0,-49.06,1765,521,17138
60368,3505.49,0,1,0,0,556.25,1778,521,17146
60418,3503.04,0,1,0,0,285.80,1784,521,17165
60468,3522.78,0,1,0,0,39.32,1785,522,17165
60518,3566.33,0,0,0,0,-45.21,1786,523,17165
60568,3523.61,0,0,0,0,43.57,1787,523,17165
60618,3579.10,0,0,0,0,-57.14,1788,523,17165
60668,3594.54,0,1,0,0,6.63,1789,523,17165
60718,3587.66,0,0,1,0,44.97,1789,524,17165
60768,3563.79,0,0,0,0,35.06,1789,525,17165
60818,3597.12,0,0,1,0,32.31,1789,526,17165
60868,3568.88,0,0,0,0,41.23,1789,527,17165
60918,3612.72,0,0,0,0,35.29,1789,527,17165
60968,3582.52,0,0,0,0,-45.07,1789,527,17165
61018,3629.32,0,0,0,0,-36.51,1789,527,17165
61068,3663.00,0,0,-1,0,-91.58,1789,528,17165
61118,3629.32,0,0,0,0,-46.81,1789,528,17165
61168,3582.52,0,0,0,0,-41.67,1789,528,17165
61218,3629.32,0,0,0,0,-35.65,1789,528,17165
61268,3604.04,0,0,0,0,-38.42,1789,528,17165
61318,3631.96,0,0,0,0,-27.06,1789,528,17165
61368,3603.17,0,0,-1,0,-41.99,1789,529,17165
61418,3652.30,0,0,-1,0,-48.26,1789,531,17165
61468,3616.20,0,0,-1,0,-33.48,1789,532,17165
61518,3652.30,0,0,-1,0,-36.97,1789,534,17165
61568,3624.94,0,0,0,0,37.17,1789,535,17165
61618,3652.30,0,0,-1,0,-36.97,1789,537,17165
61668,3613.59,0,0,-1,0,-33.50,1789,538,17165
61718,3652.30,0,0,-1,0,-48.26,1789,540,17165
61768,3604.04,0,0,-1,0,-35.93,1789,541,17165
61818,3633.72,0,0,0,0,-18.39,1789,542,17165
61868,3595.40,0,0,0,0,-31.34,1789,542,17165
61918,3648.75,0,0,-1,0,-55.07,1789,543,17165
61968,3593.67,0,0,0,0,-42.75,1789,543,17165
62018,3620.56,0,0,0,0,-38.05,1789,543,17165
62068,3576.54,0,0,0,0,35.31,1789,543,17165
62118,3598.85,0,0,1,0,33.16,1789,544,17165
62168,3558.72,0,0,1,0,51.39,1789,546,17165
62218,3597.12,0,0,1,0,40.92,1789,547,17165
62268,3561.25,0,0,0,0,35.87,1789,548,17165
62318,3589.38,0,0,0,0,26.57,1789,548,17165
62368,3562.95,0,0,0,0,35.90,1789,549,17165
62418,3598.85,0,0,1,0,34.66,1789,550,17165
62468,3555.34,0,0,1,0,33.17,1789,551,17165
62518,3597.12,0,0,1,0,40.92,1789,552,17165
62568,3562.95,0,0,0,0,35.90,1789,553,17165
62618,3589.38,0,0,0,0,25.57,1789,553,17165
62668,3566.33,0,0,0,0,34.24,1789,553,17165
62718,3611.85,0,0,0,0,32.72,1789,553,17165
62768,3575.69,0,0,0,0,35.29,1789,553,17165
62818,3609.24,0,0,0,0,35.92,1789,553,17165
62868,3585.09,0,0,0,0,34.41,1789,553,17165
62918,3628.45,0,0,0,0,-34.77,1789,553,17165
62968,3593.67,0,0,0,0,-50.49,1789,553,17165
63019,3629.32,0,0,0,0,-46.81,1789,553,17165
63069,3583.37,0,0,0,0,-41.67,1789,553,17165
63119,3639.01,0,0,0,0,-46.20,1789,554,17165
63169,3602.31,0,0,-1,0,-50.86,1789,555,17165
63219,3653.19,0,0,-1,0,-38.73,1789,557,17165
63269,3615.33,0,0,-1,0,-47.40,1789,558,17165
63319,3653.19,0,0,-1,0,-49.15,1789,560,17165
63369,3604.04,0,0,-1,0,-45.66,1789,561,17165
63419,3653.19,0,0,-1,0,-37.86,1789,563,17165
63469,3603.17,0,0,-1,0,-55.47,1789,564,17165
63519,3642.54,0,0,-1,0,-40.24,1789,566,17165
63569,3595.40,0,0,-1,0,-40.24,1789,566,17165
63619,3639.01,0,0,0,0,-46.20,1789,566,17165
63669,3553.66,0,0,1,0,36.57,1789,567,17165
63719,3587.66,0,0,1,0,30.41,1789,568,17165
63769,3562.95,0,0,0,0,24.71,1789,569,17165
63819,3600.58,0,0,0,0,24.71,1789,569,17165
63869,3507.95,0,1,0,0,102.16,1790,569,17165
63919,3601.44,0,0,0,0,94.93,1790,570,17167
63969,3566.33,0,0,0,0,34.24,1790,570,17167
64019,3610.98,0,0,0,0,40.36,1790,570,17167
64069,3575.69,0,0,0,0,37.03,1790,570,17167
64119,3612.72,0,0,0,0,35.31,1790,570,17167
64169,3577.39,0,0,0,0,32.72,1790,570,17167
64219,3600.58,0,0,0,0,34.44,1790,570,17167
64269,3568.88,0,0,0,0,42.97,1790,570,17167
64319,3600.58,0,0,0,0,25.72,1790,570,17167
64369,3589.38,0,0,0,0,27.45,1790,570,17167
64419,3548.62,0,0,1,0,547.51,1801,571,17174
64470,3595.40,0,-4,0,-4,-721.49,1809,571,17179
64520,3562.10,0,0,0,0,363.57,1817,571,17183
64570,3501.40,0,1,0,0,327.08,1823,571,17201
64620,3579.95,0,0,0,0,223.29,1826,571,17213
64670,3601.44,0,-2,0,-14,-351.33,1830,571,17227
64720,3546.94,0,0,1,0,187.19,1833,572,17239
64770,3596.26,0,0,1,0,6.70,1833,573,17239
64820,3562.95,0,0,0,0,32.45,1833,574,17239
64870,3600.58,0,0,0,0,27.47,1833,574,17239
64920,3573.13,0,0,0,0,26.58,1833,574,17239
64970,3611.85,0,0,0,0,33.57,1833,574,17239
65020,3582.52,0,0,0,0,-37.19,1833,574,17239
65070,3586.80,0,0,1,0,36.44,1833,575,17239
65120,3554.50,0,0,1,0,45.21,1833,577,17239
65170,3586.80,0,0,1,0,44.32,1833,578,17239
65220,3557.87,0,0,1,0,54.84,1833,579,17239
65270,3598.85,0,0,0,0,24.00,1833,579,17239
65320,3577.39,0,0,0,0,34.46,1833,579,17239
65370,3601.44,0,0,0,0,35.29,1833,579,17239
65420,3568.03,0,0,0,0,42.08,1833,579,17239
65470,3611.85,0,0,0,0,35.33,1833,579,17239
65520,3577.39,0,0,0,0,39.68,1833,579,17239
65570,3610.98,0,0,0,0,-44.05,1833,579,17239
65620,3582.52,0,0,0,0,-39.76,1833,579,17239
65670,3638.13,0,0,0,0,-43.59,1833,579,17239
65720,3604.04,0,0,0,0,-38.40,1833,579,17239
65770,3643.43,0,0,-1,0,-40.26,1833,581,17239
65820,3603.17,0,0,-1,0,-39.39,1833,582,17239
65870,3643.43,0,0,-1,0,-29.84,1833,583,17239
65920,3604.04,0,0,-1,0,-53.69,1833,584,17239
65970,3611.85,0,0,0,0,37.07,1833,584,17239
66020,3571.43,0,0,0,0,58.77,1833,584,17239
66070,3597.12,0,0,1,0,43.50,1833,585,17239
66120,3567.18,0,0,0,0,44.66,1833,585,17239
66170,3610.11,0,0,1,0,53.10,1833,586,17239
66220,3568.03,0,0,0,0,43.82,1833,586,17239
66270,3623.19,0,0,0,0,-45.80,1833,586,17239
66320,3585.94,0,0,0,0,45.80,1833,586,17239
66370,3610.98,0,0,0,0,-41.63,1833,586,17239
66420,3586.80,0,0,0,0,-41.63,1833,586,17239
66470,3629.32,0,0,0,0,-37.37,1833,586,17239
66520,3582.52,0,0,0,0,-27.86,1833,586,17239
66570,3600.58,0,0,0,0,26.63,1833,586,17239
66620,3577.39,0,0,0,0,41.43,1833,586,17239
66670,3610.11,0,0,0,0,41.43,1833,586,17239
66720,3577.39,0,0,0,0,38.81,1833,586,17239
66770,3612.72,0,0,0,0,42.08,1833,586,17239
66820,3577.39,0,0,0,0,35.33,1833,586,17239
66870,3610.11,0,0,0,0,42.95,1833,586,17239
66920,3576.54,0,0,0,0,35.31,1833,586,17239
66970,3618.82,0,0,0,0,-44.90,1833,586,17239
67020,3581.66,0,0,0,0,-47.66,1833,586,17239
67070,3610.98,0,0,0,0,36.20,1833,586,17239
67120,3585.09,0,0,0,0,36.14,1833,586,17239
67170,3609.24,0,0,0,0,-41.61,1833,586,17239
67220,3575.69,0,0,0,0,36.16,1833,586,17239
67270,3629.32,0,0,0,0,-46.81,1833,586,17239
67320,3576.54,0,0,0,0,35.31,1833,586,17239
67371,3621.44,0,0,0,0,-44.05,1833,586,17239
67421,3581.66,0,0,0,0,-44.09,1833,586,17239
67471,3617.94,0,0,0,0,-44.09,1833,586,17239
67521,3593.67,0,0,0,0,-33.86,1833,586,17239
67571,3648.75,0,0,-1,0,-55.93,1833,588,17239
67621,3604.04,0,0,-1,0,-35.02,1833,589,17239
67671,3652.30,0,0,-1,0,-48.26,1833,591,17239
67721,3615.33,0,0,-1,0,-45.04,1833,592,17239
67771,3642.54,0,0,-1,0,-28.09,1833,594,17239
67821,3592.81,0,0,0,0,-41.87,1833,594,17239
67871,3633.72,0,0,0,0,-28.82,1833,594,17239
67921,3679.18,0,-1,0,0,-113.69,1834,594,17239
67971,3643.43,0,0,-1,0,-38.53,1834,595,17239
68021,3603.17,0,0,-1,0,-37.66,1834,596,17239
68071,3610.11,0,0,-1,0,-37.66,1834,596,17239
68121,3557.87,0,0,1,0,42.70,1834,597,17239
68171,3598.85,0,0,0,0,35.06,1834,597,17239
68221,3576.54,0,0,0,0,24.04,1834,597,17239
68271,3601.44,0,0,0,0,34.44,1834,597,17239
68321,3565.49,0,0,0,0,45.49,1834,597,17239
68371,3598.85,0,0,1,0,32.31,1834,598,17239
68421,3562.95,0,0,0,0,35.90,1834,599,17239
68471,3611.85,0,0,0,0,27.43,1834,599,17239
68521,3568.03,0,0,0,0,42.08,1834,599,17239
68571,3545.26,0,0,1,0,32.98,1834,600,17239
68621,3594.54,0,-6,0,-6,-920.85,1845,600,17246
68671,3550.30,0,0,1,0,453.98,1855,601,17252
68721,3589.38,-10,-3,0,-23,-558.32,1861,601,17285
68771,3502.22,0,1,0,0,351.84,1868,601,17314
68822,3603.17,0,-1,0,-9,-241.23,1870,601,17323
68872,3569.73,0,0,0,0,130.32,1872,601,17331
68922,3601.44,0,0,1,0,26.14,1872,602,17331
68972,3553.66,0,0,1,0,28.00,1872,604,17331
69022,3576.54,0,0,0,0,-23.72,1872,605,17331
69072,3536.07,0,0,1,0,54.17,1872,607,17331
69122,3515.35,0,1,0,0,29.07,1873,608,17331
69172,3545.26,0,0,1,0,37.26,1873,609,17331
69222,3597.98,0,0,1,0,42.62,1873,610,17331
69272,3586.80,0,0,0,0,19.74,1873,610,17331
69322,3620.56,0,0,0,0,-33.76,1873,610,17331
69372,3582.52,0,0,0,0,-41.67,1873,610,17331
69422,3619.69,0,0,-1,0,-58.26,1873,611,17331
69472,3532.74,0,0,1,0,391204.09,6957,612,17331
69522,3525.26,0,0,0,0,66.69,6958,612,17338
69572,3744.38,0,-1,0,0,42409.46,7513,612,17344
69622,3624.94,0,0,0,0,-17.44,7515,612,17344
69672,3582.52,0,0,0,0,-41.69,7515,612,17344
69722,3630.20,0,0,0,0,-48.54,7515,612,17344
69772,3596.26,0,0,0,0,-48.54,7515,612,17344
69822,70422.54,-3479,-868,0,-2620,-66811.57,8383,612,19964
69872,3570.58,0,0,0,0,90.64,8384,613,19964
69922,3587.66,0,0,1,0,33.16,8384,614,19964
69972,3532.74,0,0,1,0,32.75,8384,616,19964
70022,3557.87,0,0,1,0,-34.27,8384,617,19964
70072,3520.30,0,1,0,0,25.80,8386,618,19964
70122,3552.82,0,0,1,0,-21.75,8386,621,19964
70172,3523.61,0,0,0,0,43.57,8387,621,19964
70222,3575.69,0,0,0,0,-42.95,8387,622,19964
70272,3461.01,0,1,0,0,42.03,8390,622,19964
70322,3480.28,0,1,0,0,33.43,8392,622,19964
70372,3444.32,0,2,0,0,484.44,8403,622,19970
70422,3301.06,0,3,0,0,53.90,8411,622,19970
70472,3180.66,0,5,0,0,34.77,8424,622,19970
70522,3084.52,0,6,0,0,41.79,8436,622,19970
70572,2948.69,2,8,0,0,54.91,8458,622,19970
70622,2866.97,0,9,0,0,50.18,8475,622,19970
70672,2774.69,0,10,0,0,56.03,8495,622,19970
70723,2661.93,58,12,0,51,297.23,8529,622,20066
70773,2595.60,0,13,0,-9,-54.52,8555,622,20096
70823,2490.45,12,14,0,10,62.30,8582,622,20113
70873,2487.97,0,14,0,-24,-147.15,8612,622,20160
70923,2298.15,14,16,0,8,52.95,8644,622,20189
70973,2267.23,9,17,0,-1,-10.23,8678,622,20196
71023,2134.02,23,19,0,5,43.05,8715,622,20214
71073,2120.74,0,19,0,1,13.28,8734,622,20215
71123,2015.59,13,20,0,7,59.39,8773,622,20228
71173,1989.92,12,20,0,-5,-43.38,8814,622,20241
71223,1919.39,9,21,0,9,70.53,8835,622,20250
71273,1859.89,14,22,0,-1,-15.32,8879,622,20260
71323,1785.93,8,23,0,8,73.96,8902,622,20268
71373,1709.21,26,24,0,6,58.62,8949,622,20276
71424,1694.92,6,24,0,1,14.29,8973,622,20277
71474,1631.32,0,25,0,7,63.59,8998,622,20284
71524,1556.18,32,26,0,6,63.69,9049,622,20291
71574,1547.03,26,26,0,0,9.15,9075,622,20291
71624,1479.44,33,27,0,6,67.59,9102,622,20297
71674,1473.19,27,27,0,0,6.25,9129,622,20297
71724,1395.09,28,28,0,0,10.59,9185,622,20303
71774,1330.14,34,29,0,5,64.95,9214,622,20308
71824,1322.98,29,29,0,0,7.16,9243,622,20308
71874,1253.97,35,30,0,5,69.01,9273,622,20313
71924,1246.47,30,30,0,0,7.50,9303,622,20313
71974,1177.86,36,31,0,5,68.61,9334,622,20318
72024,1172.70,31,31,0,0,5.16,9365,622,20318
72074,1100.03,37,32,0,5,72.67,9397,622,20323
72124,1097.86,32,32,0,0,2.17,9429,622,20323
72174,1097.86,32,32,0,0,2.17,9429,622,20323
72224,1031.78,37,33,0,4,66.08,9462,622,20327
72274,1020.20,33,33,0,0,11.58,9495,622,20327
72324,954.87,38,34,0,4,65.33,9529,622,20331
72374,937.62,35,34,0,1,17.25,9563,622,20332
72424,937.62,35,34,0,1,17.25,9563,622,20332
72474,862.12,39,35,0,4,75.50,9598,622,20336
72524,855.43,35,35,0,0,6.69,9633,622,20336
72574,855.43,35,35,0,0,6.69,9633,622,20336
72624,766.71,40,36,0,4,88.72,9669,622,20340
72674,765.46,36,36,0,0,1.25,9705,622,20340
72724,765.46,36,36,0,0,1.25,9705,622,20340
72774,695.06,40,37,0,3,70.41,9742,622,20343
72824,695.06,40,37,0,3,70.41,9742,622,20343
72875,668.09,39,38,0,1,26.96,9780,622,20344
72925,668.09,39,38,0,1,26.96,9780,622,20344
72975,590.23,42,39,0,3,77.87,9819,622,20347
73025,590.23,42,39,0,3,77.87,9819,622,20347
73075,557.89,40,39,0,1,32.34,9858,622,20348
73125,557.89,40,39,0,1,32.34,9858,622,20348
73175,557.89,40,39,0,1,32.34,9858,622,20348
73225,465.49,42,40,0,2,92.40,9898,622,20350
73275,465.49,42,40,0,2,92.40,9898,622,20350
73325,415.21,42,41,0,1,50.28,9939,622,20351
73375,415.21,42,41,0,1,50.28,9939,622,20351
73425,415.21,42,41,0,1,50.28,9939,622,20351
73475,415.21,42,41,0,1,50.28,9939,622,20351
74345,58.64,-42,41,0,1,50.28,9939,622,20351
74395,58.64,-42,41,0,1,50.28,9939,622,20351
74445,58.64,-42,41,0,1,50.28,9939,622,20351
74496,58.64,-42,41,0,1,50.28,9939,622,20351
74546,58.64,-42,41,0,1,50.28,9939,622,20351
74596,0.00,-42,41,0,1,50.28,9939,622,20351
74646,0.00,-42,41,0,1,50.28,9939,622,20351
74696,0.00,-42,41,0,1,50.28,9939,622,20351
74746,0.00,-42,41,0,1,50.28,9939,622,20351
74796,0.00,-42,41,0,1,50.28,9939,622,20351
74846,0.00,-42,41,0,1,50.28,9939,622,20351
74896,0.00,-42,41,0,1,50.28,9939,622,20351
74946,0.00,-42,41,0,1,50.28,9939,622,20351
74996,0.00,-42,41,0,1,50.28,9939,622,20351
75046,0.00,-42,41,0,1,50.28,9939,622,20351
75096,0.00,-42,41,0,1,50.28,9939,622,20351
75146,0.00,-42,41,0,1,50.28,9939,622,20351
75196,0.00,-42,41,0,1,50.28,9939,622,20351
75246,0.00,-42,41,0,1,50.28,9939,622,20351
75296,0.00,-42,41,0,1,50.28,9939,622,20351
75346,0.00,-42,41,0,1,50.28,9939,622,20351
75396,0.00,-42,41,0,1,50.28,9939,622,20351
75446,0.00,-42,41,0,1,50.28,9939,622,20351
75496,0.00,-42,41,0,1,50.28,9939,622,20351
75546,0.00,-42,41,0,1,50.28,9939,622,20351
75596,0.00,-42,41,0,1,50.28,9939,622,20351
75646,0.00,-42,41,0,1,50.28,9939,622,20351
75696,0.00,-42,41,0,1,50.28,9939,622,20351
75746,0.00,-42,41,0,1,50.28,9939,622,20351
75796,0.00,-42,41,0,1,50.28,9939,622,20351
75846,0.00,-42,41,0,1,50.28,9939,622,20351
75896,0.00,-42,41,0,1,50.28,9939,622,20351
75947,0.00,-42,41,0,1,50.28,9939,622,20351
75997,0.00,-42,41,0,1,50.28,9939,622,20351
76047,0.00,-42,41,0,1,50.28,9939,622,20351
76097,0.00,-42,41,0,1,50.28,9939,622,20351
76147,0.00,-42,41,0,1,50.28,9939,622,20351
76197,0.00,-42,41,0,1,50.28,9939,622,20351
76247,0.00,-42,41,0,1,50.28,9939,622,20351
76297,0.00,-42,41,0,1,50.28,9939,622,20351
76347,0.00,-42,41,0,1,50.28,9939,622,20351
76397,0.00,-42,41,0,1,50.28,9939,622,20351
76447,0.00,-42,41,0,1,50.28,9939,622,20351
76497,0.00,-42,41,0,1,50.28,9939,622,20351
76547,0.00,-42,41,0,1,50.28,9939,622,20351
76597,0.00,-42,41,0,1,50.28,9939,622,20351
76647,0.00,-42,41,0,1,50.28,9939,622,20351
76697,0.00,-42,41,0,1,50.28,9939,622,20351
76747,0.00,-42,41,0,1,50.28,9939,622,20351
76797,0.00,-42,41,0,1,50.28,9939,622,20351
76847,0.00,-42,41,0,1,50.28,9939,622,20351
76897,0.00,-42,41,0,1,50.28,9939,622,20351
76947,0.00,-42,41,0,1,50.28,9939,622,20351
76997,0.00,-42,41,0,1,50.28,9939,622,20351
77047,0.00,-42,41,0,1,50.28,9939,622,20351
77097,0.00,-42,41,0,1,50.28,9939,622,20351
77147,0.00,-42,41,0,1,50.28,9939,622,20351
77197,0.00,-42,41,0,1,50.28,9939,622,20351
77247,0.00,-42,41,0,1,50.28,9939,622,20351
77297,0.00,-42,41,0,1,50.28,9939,622,20351
77347,0.00,-42,41,0,1,50.28,9939,622,20351
77398,0.00,-42,41,0,1,50.28,9939,622,20351
77448,0.00,-42,41,0,1,50.28,9939,622,20351
77498,0.00,-42,41,0,1,50.28,9939,622,20351
77548,0.00,-42,41,0,1,50.28,9939,622,20351
77598,0.00,-42,41,0,1,50.28,9939,622,20351
77648,0.00,-42,41,0,1,50.28,9939,622,20351
77698,0.00,-42,41,0,1,50.28,9939,622,20351
77748,0.00,-42,41,0,1,50.28,9939,622,20351
77798,0.00,-42,41,0,1,50.28,9939,622,20351
77848,0.00,-42,41,0,1,50.28,9939,622,20351
77898,0.00,-42,41,0,1,50.28,9939,622,20351
77948,0.00,-42,41,0,1,50.28,9939,622,20351
77998,0.00,-42,41,0,1,50.28,9939,622,20351
78048,0.00,-42,41,0,1,50.28,9939,622,20351
78098,0.00,-42,41,0,1,50.28,9939,622,20351
78148,0.00,-42,41,0,1,50.28,9939,622,20351
78198,0.00,-42,41,0,1,50.28,9939,622,20351
78248,0.00,-42,41,0,1,50.28,9939,622,20351
78298,0.00,-42,41,0,1,50.28,9939,622,20351
78348,0.00,-42,41,0,1,50.28,9939,622,20351
78398,0.00,-42,41,0,1,50.28,9939,622,20351
78448,0.00,-42,41,0,1,50.28,9939,622,20351
78498,0.00,-42,41,0,1,50.28,9939,622,20351
78548,0.00,-42,41,0,1,50.28,9939,622,20351
78598,0.00,-42,41,0,1,50.28,9939,622,20351
78648,0.00,-42,41,0,1,50.28,9939,622,20351
78698,0.00,-42,41,0,1,50.28,9939,622,20351
78748,0.00,-42,41,0,1,50.28,9939,622,20351
78798,0.00,-42,41,0,1,50.28,9939,622,20351
78848,0.00,-42,41,0,1,50.28,9939,622,20351
78898,0.00,-42,41,0,1,50.28,9939,622,20351
78948,0.00,-42,41,0,1,50.28,9939,622,20351
78998,0.00,-42,41,0,1,50.28,9939,622,20351
79048,0.00,-42,41,0,1,50.28,9939,622,20351
79098,0.00,-42,41,0,1,50.28,9939,622,20351
79148,0.00,-42,41,0,1,50.28,9939,622,20351
79198,0.00,-42,41,0,1,50.28,9939,622,20351
79248,0.00,-42,41,0,1,50.28,9939,622,20351
79298,0.00,-42,41,0,1,50.28,9939,622,20351
79348,0.00,-42,41,0,1,50.28,9939,622,20351
79398,0.00,-42,41,0,1,50.28,9939,622,20351
79448,0.00,-42,41,0,1,50.28,9939,622,20351
79498,0.00,-42,41,0,1,50.28,9939,622,20351
79548,0.00,-42,41,0,1,50.28,9939,622,20351
79598,0.00,-42,41,0,1,50.28,9939,622,20351
79648,0.00,-42,41,0,1,50.28,9939,622,20351
79698,0.00,-42,41,0,1,50.28,9939,622,20351
79748,0.00,-42,41,0,1,50.28,9939,622,20351
79798,0.00,-42,41,0,1,50.28,9939,622,20351
79848,0.00,-42,41,0,1,50.28,9939,622,20351
79898,0.00,-42,41,0,1,50.28,9939,622,20351
79948,0.00,-42,41,0,1,50.28,9939,622,20351
79998,0.00,-42,41,0,1,50.28,9939,622,20351
80048,0.00,-42,41,0,1,50.28,9939,622,20351
80098,0.00,-42,41,0,1,50.28,9939,622,20351
80148,0.00,-42,41,0,1,50.28,9939,622,20351
80198,0.00,-42,41,0,1,50.28,9939,622,20351
80248,0.00,-42,41,0,1,50.28,9939,622,20351
80299,0.00,-42,41,0,1,50.28,9939,622,20351
80349,0.00,-42,41,0,1,50.28,9939,622,20351
80399,0.00,-42,41,0,1,50.28,9939,622,20351
80449,0.00,-42,41,0,1,50.28,9939,622,20351
80499,0.00,-42,41,0,1,50.28,9939,622,20351
80549,0.00,-42,41,0,1,50.28,9939,622,20351
80599,0.00,-42,41,0,1,50.28,9939,622,20351
