Microcontroller Governor - Constant Load(1500 W)
Trial: 6
Date: 4-5-2023
Time: 3:18 PM
Ambient Temp: 82
Head Temp: 226.2

------ Microcontroller Engine Governor - Version: 1.16 ------
-------------------------------------------------------------
PID Gains:  Kp: 0.013  KpAlt: 0.025  Kd: 0.100  KdAlt: 4.000
-------------------------------------------------------------
Set RPM:             3600    |  Min RPM:                 300
                             |
RPM Precision:       20      |  PID Kp Alt Range:        70
                             |
Start Steps:         850     |  Max Steps:               1200
                             |
RPM Calc Interval:   1       |  Num Magnets:             1
                             |
LCD Update Interval: 400     |  Serial Update Interval:  50
-------------------------------------------------------------

Time,RPM,Steps Remaining, PID p, PID p Alt, PID d, RPM Change, P Cmd, P Alt Cmd, D Cmd
1728,0.00,0,0,0,0,0.00,0,0,0
1778,0.00,0,0,0,0,0.00,0,0,0
1828,0.00,0,0,0,0,0.00,0,0,0
1878,0.00,0,0,0,0,0.00,0,0,0
1928,0.00,0,0,0,0,0.00,0,0,0
1978,0.00,0,0,0,0,0.00,0,0,0
2028,0.00,0,0,0,0,0.00,0,0,0
2078,0.00,0,0,0,0,0.00,0,0,0
2128,0.00,0,0,0,0,0.00,0,0,0
2178,0.00,0,0,0,0,0.00,0,0,0
2228,0.00,0,0,0,0,0.00,0,0,0
2278,0.00,0,0,0,0,0.00,0,0,0
2328,0.00,0,0,0,0,0.00,0,0,0
2378,0.00,0,0,0,0,0.00,0,0,0
2428,0.00,0,0,0,0,0.00,0,0,0
2478,0.00,0,0,0,0,0.00,0,0,0
2528,0.00,0,0,0,0,0.00,0,0,0
2578,0.00,0,0,0,0,0.00,0,0,0
2628,0.00,0,0,0,0,0.00,0,0,0
2678,0.00,0,0,0,0,0.00,0,0,0
2728,0.00,0,0,0,0,0.00,0,0,0
2778,0.00,0,0,0,0,0.00,0,0,0
2828,0.00,0,0,0,0,0.00,0,0,0
2878,0.00,0,0,0,0,0.00,0,0,0
2928,0.00,0,0,0,0,0.00,0,0,0
2978,0.00,0,0,0,0,0.00,0,0,0
3028,0.00,0,0,0,0,0.00,0,0,0
3078,0.00,0,0,0,0,0.00,0,0,0
3128,0.00,0,0,0,0,0.00,0,0,0
3178,0.00,0,0,0,0,0.00,0,0,0
3228,0.00,0,0,0,0,0.00,0,0,0
3278,0.00,0,0,0,0,0.00,0,0,0
3328,0.00,0,0,0,0,0.00,0,0,0
3378,0.00,0,0,0,0,0.00,0,0,0
3428,0.00,0,0,0,0,0.00,0,0,0
3478,0.00,0,0,0,0,0.00,0,0,0
3528,0.00,0,0,0,0,0.00,0,0,0
3578,0.00,0,0,0,0,0.00,0,0,0
3628,0.00,0,0,0,0,0.00,0,0,0
3678,0.00,0,0,0,0,0.00,0,0,0
3728,0.00,0,0,0,0,0.00,0,0,0
3778,0.00,0,0,0,0,0.00,0,0,0
3828,0.00,0,0,0,0,0.00,0,0,0
3878,0.00,0,0,0,0,0.00,0,0,0
3928,0.00,0,0,0,0,0.00,0,0,0
3978,0.00,0,0,0,0,0.00,0,0,0
4028,0.00,0,0,0,0,0.00,0,0,0
4078,0.00,0,0,0,0,0.00,0,0,0
4128,0.00,0,0,0,0,0.00,0,0,0
4178,0.00,0,0,0,0,0.00,0,0,0
4228,0.00,0,0,0,0,0.00,0,0,0
4278,0.00,0,0,0,0,0.00,0,0,0
4328,0.00,0,0,0,0,0.00,0,0,0
4378,0.00,0,0,0,0,0.00,0,0,0
4428,0.00,0,0,0,0,0.00,0,0,0
4478,0.00,0,0,0,0,0.00,0,0,0
4528,0.00,0,0,0,0,0.00,0,0,0
4578,0.00,0,0,0,0,0.00,0,0,0
4628,0.00,0,0,0,0,0.00,0,0,0
4678,0.00,0,0,0,0,0.00,0,0,0
4728,0.00,0,0,0,0,0.00,0,0,0
4779,0.00,0,0,0,0,0.00,0,0,0
4829,0.00,0,0,0,0,0.00,0,0,0
4879,0.00,0,0,0,0,0.00,0,0,0
4929,0.00,0,0,0,0,0.00,0,0,0
4979,0.00,0,0,0,0,0.00,0,0,0
5029,0.00,0,0,0,0,0.00,0,0,0
5079,0.00,0,0,0,0,0.00,0,0,0
5129,0.00,0,0,0,0,0.00,0,0,0
5179,0.00,0,0,0,0,0.00,0,0,0
5229,0.00,0,0,0,0,0.00,0,0,0
5279,0.00,0,0,0,0,0.00,0,0,0
5329,0.00,0,0,0,0,0.00,0,0,0
5379,0.00,0,0,0,0,0.00,0,0,0
5429,0.00,0,0,0,0,0.00,0,0,0
5479,0.00,0,0,0,0,0.00,0,0,0
5529,0.00,0,0,0,0,0.00,0,0,0
5579,0.00,0,0,0,0,0.00,0,0,0
5629,0.00,0,0,0,0,0.00,0,0,0
5679,0.00,0,0,0,0,0.00,0,0,0
5729,0.00,0,0,0,0,0.00,0,0,0
5779,0.00,0,0,0,0,0.00,0,0,0
5829,0.00,0,0,0,0,0.00,0,0,0
5879,0.00,0,0,0,0,0.00,0,0,0
5929,0.00,0,0,0,0,0.00,0,0,0
5979,0.00,0,0,0,0,0.00,0,0,0
6029,0.00,0,0,0,0,0.00,0,0,0
6079,0.00,0,0,0,0,0.00,0,0,0
6129,0.00,0,0,0,0,0.00,0,0,0
6179,0.00,0,0,0,0,0.00,0,0,0
6230,0.00,0,0,0,0,0.00,0,0,0
6280,0.00,0,0,0,0,0.00,0,0,0
6330,0.00,0,0,0,0,0.00,0,0,0
6380,0.00,0,0,0,0,0.00,0,0,0
6430,0.00,0,0,0,0,0.00,0,0,0
6480,0.00,0,0,0,0,0.00,0,0,0
6530,0.00,0,0,0,0,0.00,0,0,0
6580,0.00,0,0,0,0,0.00,0,0,0
6630,0.00,0,0,0,0,0.00,0,0,0
6680,0.00,0,0,0,0,0.00,0,0,0
6730,0.00,0,0,0,0,0.00,0,0,0
6780,0.00,0,0,0,0,0.00,0,0,0
6830,0.00,0,0,0,0,0.00,0,0,0
6880,0.00,0,0,0,0,0.00,0,0,0
6930,0.00,0,0,0,0,0.00,0,0,0
6980,0.00,0,0,0,0,0.00,0,0,0
7030,0.00,0,0,0,0,0.00,0,0,0
7080,0.00,0,0,0,0,0.00,0,0,0
7130,0.00,0,0,0,0,0.00,0,0,0
7180,0.00,0,0,0,0,0.00,0,0,0
7230,0.00,0,0,0,0,0.00,0,0,0
7280,0.00,0,0,0,0,0.00,0,0,0
7330,0.00,0,0,0,0,0.00,0,0,0
7380,0.00,0,0,0,0,0.00,0,0,0
7430,0.00,0,0,0,0,0.00,0,0,0
7480,0.00,0,0,0,0,0.00,0,0,0
7530,0.00,0,0,0,0,0.00,0,0,0
7580,0.00,0,0,0,0,0.00,0,0,0
7630,0.00,0,0,0,0,0.00,0,0,0
7680,0.00,0,0,0,0,0.00,0,0,0
7730,0.00,0,0,0,0,0.00,0,0,0
7780,0.00,0,0,0,0,0.00,0,0,0
7830,0.00,0,0,0,0,0.00,0,0,0
7880,0.00,0,0,0,0,0.00,0,0,0
7930,0.00,0,0,0,0,0.00,0,0,0
7980,0.00,0,0,0,0,0.00,0,0,0
8030,0.00,0,0,0,0,0.00,0,0,0
8080,0.00,0,0,0,0,0.00,0,0,0
8130,0.00,0,0,0,0,0.00,0,0,0
8180,0.00,0,0,0,0,0.00,0,0,0
8230,0.00,0,0,0,0,0.00,0,0,0
8280,0.00,0,0,0,0,0.00,0,0,0
8330,0.00,0,0,0,0,0.00,0,0,0
8380,0.00,0,0,0,0,0.00,0,0,0
8430,0.00,0,0,0,0,0.00,0,0,0
8480,0.00,0,0,0,0,0.00,0,0,0
8530,0.00,0,0,0,0,0.00,0,0,0
8580,0.00,0,0,0,0,0.00,0,0,0
8630,0.00,0,0,0,0,0.00,0,0,0
8680,0.00,0,0,0,0,0.00,0,0,0
8730,0.00,0,0,0,0,0.00,0,0,0
8780,0.00,0,0,0,0,0.00,0,0,0
8830,0.00,0,0,0,0,0.00,0,0,0
8880,0.00,0,0,0,0,0.00,0,0,0
8930,0.00,0,0,0,0,0.00,0,0,0
8980,0.00,0,0,0,0,0.00,0,0,0
9030,0.00,0,0,0,0,0.00,0,0,0
9080,0.00,0,0,0,0,0.00,0,0,0
9131,0.00,0,0,0,0,0.00,0,0,0
9181,0.00,0,0,0,0,0.00,0,0,0
9231,0.00,0,0,0,0,0.00,0,0,0
9281,0.00,0,0,0,0,0.00,0,0,0
9331,0.00,0,0,0,0,0.00,0,0,0
9381,0.00,0,0,0,0,0.00,0,0,0
9431,0.00,0,0,0,0,0.00,0,0,0
9481,0.00,0,0,0,0,0.00,0,0,0
9531,inf,0,0,0,0,inf,0,0,0
9581,inf,0,0,0,0,inf,0,0,0
9631,inf,0,0,0,0,inf,0,0,0
9681,inf,0,0,0,0,inf,0,0,0
9731,322.77,20,42,0,0,inf,42,0,0
9781,322.77,0,42,0,0,inf,42,0,0
9831,824.67,0,36,0,-27,-501.91,78,0,27
9881,796.18,13,36,0,1,28.50,114,0,28
9931,796.18,0,36,0,1,28.50,114,0,28
9981,781.74,0,36,0,0,14.44,150,0,28
10031,767.11,18,36,0,0,14.63,186,0,28
10081,1160.90,0,31,0,-30,-393.79,217,0,58
10131,1170.23,15,31,0,0,-9.33,248,0,58
10181,1539.88,0,26,0,-37,-369.65,274,0,95
10231,1805.92,-1,23,0,-29,-246.19,323,0,126
10281,1826.82,0,23,0,-2,-20.89,346,0,128
10331,2074.40,5,19,0,-1,-11.70,384,0,160
10381,2271.01,6,17,0,-1,-11.63,418,0,188
10431,2444.99,4,15,0,1,7.60,447,0,219
10481,2618.26,0,12,0,2,12.86,471,0,254
10531,2916.02,6,8,0,0,-141.32,499,0,254
10582,3041.36,0,7,0,0,-132.69,514,0,254
10632,3152.58,1,5,0,0,8.64,531,0,254
10682,3261.58,0,4,0,0,17.83,539,0,254
10732,3452.24,0,1,0,0,150.06,545,0,254
10782,3543.59,0,0,1,0,22.75,546,1,254
10832,3692.76,0,-1,0,0,-87.86,547,1,254
10882,3711.03,0,-1,0,0,22.17,549,1,254
10932,3786.92,-1,-2,0,0,49.39,558,1,254
10982,3795.55,0,-2,0,0,-46.48,563,1,254
11032,3837.30,0,-3,0,0,-41.75,570,1,254
11082,3862.00,0,-3,0,0,-62.61,577,1,254
11132,3823.60,0,-2,0,0,38.39,584,1,254
11182,3862.00,0,-3,0,0,-50.05,592,1,254
11232,3849.11,-2,-3,0,0,-12.80,603,1,254
11282,3835.34,0,-3,0,0,26.66,611,1,254
11332,3862.00,0,-3,0,0,-25.68,620,1,254
11382,3799.39,0,-2,0,0,35.94,627,1,254
11432,3797.47,0,-2,0,0,1.92,634,1,254
11482,3750.00,0,-1,0,0,31.19,639,1,254
11532,3759.40,-1,-2,0,0,19.89,646,2,265
11582,3783.10,0,-2,0,0,-34.98,651,2,265
11632,3710.12,0,-1,0,0,36.14,654,2,265
11682,3734.13,0,-1,0,0,-20.34,658,2,265
11732,3698.22,0,-1,0,0,48.03,661,2,265
11782,3735.06,0,-1,0,0,-35.01,665,2,265
11832,3699.14,0,-1,0,0,36.85,668,2,265
11882,3663.90,0,0,-1,0,11.67,669,3,265
11932,3626.69,0,0,0,0,35.42,669,4,265
11982,3673.77,0,0,0,0,-44.44,669,4,265
12032,3603.17,0,0,0,0,10.56,669,4,265
12082,3653.19,0,0,-1,0,-38.73,669,6,265
12132,3602.31,0,0,-1,0,-43.93,669,7,265
12182,3661.22,0,0,-1,0,-36.28,669,9,265
12232,3572.28,0,0,0,0,88.04,669,10,265
12282,3650.52,0,0,-1,0,-13.28,670,11,265
12332,3613.59,0,-1,0,-6,-187.83,671,12,271
12382,3650.52,0,0,-1,0,-24.71,671,14,271
12432,3602.31,0,-1,0,-3,-164.46,672,15,274
12482,3648.75,0,0,-1,0,142.00,675,16,286
12532,3502.22,0,1,0,0,391.86,681,16,307
12582,3501.40,0,1,0,0,369.57,687,16,325
12632,3501.40,0,1,0,0,331.00,692,16,340
12682,3576.54,0,0,0,0,-12.75,692,17,342
12732,3556.19,0,0,1,0,26.33,692,19,342
12782,3585.94,0,0,1,0,39.71,692,20,342
12832,3488.37,0,1,0,0,42.70,693,22,342
12882,3523.61,0,0,0,0,-29.55,694,22,342
12932,3498.95,0,1,0,0,36.28,696,23,342
12982,3546.10,0,0,1,0,-53.67,697,24,342
13032,3448.28,0,1,0,0,96.99,699,25,342
13082,3534.40,0,0,1,0,-29.73,700,26,342
13132,3509.59,0,1,0,0,34.83,702,27,342
13182,3546.10,0,0,1,0,-35.69,703,29,342
13232,3509.59,0,1,0,0,35.67,705,30,342
13282,3557.03,0,0,1,0,-47.44,706,32,342
13332,3556.19,0,0,1,0,-37.54,707,33,342
13382,3502.22,0,1,0,0,389.84,715,33,367
13432,3557.03,0,0,1,0,164.13,718,34,378
13483,3521.95,0,1,0,0,45.23,719,35,378
13533,3588.52,0,0,1,0,37.11,719,36,378
13583,3554.50,0,0,1,0,18.63,719,38,378
13633,3587.66,0,0,1,0,34.86,719,39,378
13683,3554.50,0,0,1,0,44.35,719,41,378
13733,3597.12,0,0,1,0,31.46,719,42,378
13783,3546.10,0,0,1,0,28.73,719,44,378
13833,3586.80,0,0,1,0,41.56,719,45,378
13883,3555.34,0,0,1,0,42.64,719,47,378
13933,3611.85,0,0,0,0,26.56,719,47,378
13983,3568.03,0,0,0,0,32.55,719,47,378
14033,3597.12,0,0,1,0,51.41,719,48,378
14083,3567.18,0,0,0,0,42.93,719,49,378
14133,3587.66,0,0,1,0,34.87,719,50,378
14183,3563.79,0,0,0,0,35.06,719,51,378
14233,3624.06,0,0,0,0,-46.67,719,51,378
14283,3576.54,0,0,0,0,36.18,719,51,378
14333,3623.19,0,0,0,0,-51.76,719,51,378
14383,3585.09,0,0,0,0,45.80,719,51,378
14433,3629.32,0,0,0,0,-46.81,719,51,378
14483,3593.67,0,0,0,0,-49.63,719,51,378
14533,3639.01,0,0,0,0,-47.92,719,52,378
14583,3593.67,0,0,0,0,-39.09,719,52,378
14633,3637.25,0,0,0,0,-43.57,719,52,378
14683,3604.90,0,0,0,0,-31.40,719,52,378
14733,3610.98,0,0,0,0,-32.34,719,52,378
14783,3585.94,0,0,0,0,31.88,719,52,378
14833,3629.32,0,0,0,0,-35.65,719,52,378
14883,3593.67,0,0,0,0,-48.75,719,52,378
14934,3641.66,0,0,-1,0,-37.62,719,54,378
14984,3591.95,0,0,-1,0,-52.49,719,55,378
15034,3642.54,0,0,-1,0,-38.51,719,57,378
15084,3617.07,0,0,0,0,-105.84,719,57,378
15134,3652.30,0,0,-1,0,-49.13,719,59,378
15184,3604.04,0,0,-1,0,-34.17,719,60,378
15234,3653.19,0,0,-1,0,-49.15,719,62,378
15284,3614.46,0,0,-1,0,-54.61,719,63,378
15334,3653.19,0,0,-1,0,-37.86,719,65,378
15384,3615.33,0,0,-1,0,-34.37,719,66,378
15434,3652.30,0,0,-1,0,-38.71,719,68,378
15484,3615.33,0,0,-1,0,-30.85,719,69,378
15534,3624.94,0,0,0,0,-11.35,719,70,378
15584,3585.94,0,0,0,0,-11.35,719,70,378
15634,3628.45,0,0,0,0,-34.77,719,70,378
15684,3591.95,0,0,0,0,-23.49,719,70,378
15734,3610.98,0,0,0,0,-30.36,719,70,378
15784,3566.33,0,0,0,0,35.11,719,70,378
15834,3556.19,0,0,1,0,11.84,719,71,378
15884,3521.95,0,1,0,0,49.48,721,71,378
15934,3565.49,0,0,0,0,-31.92,721,72,378
15984,3523.61,0,0,0,0,51.23,721,73,378
16034,3563.79,0,0,0,0,-29.39,721,74,378
16084,3532.74,0,0,1,0,46.36,722,75,378
16134,3577.39,0,0,0,0,-32.97,722,76,378
16184,3543.59,0,0,1,0,32.95,722,78,378
16234,3587.66,0,0,1,0,22.05,722,79,378
16284,3554.50,0,0,1,0,33.16,722,81,378
16334,3597.12,0,0,1,0,45.21,722,82,378
16384,3555.34,0,0,1,0,42.64,722,84,378
16434,3599.71,0,0,0,0,35.06,722,84,378
16484,3611.85,0,0,0,0,30.83,722,84,378
16534,3571.43,0,0,0,0,530.29,733,84,385
16584,3617.07,0,-5,0,-5,-821.88,742,84,391
16634,3582.52,0,-6,0,-5,-860.26,752,84,397
16684,3618.82,0,-6,0,-5,-832.21,762,84,402
16734,3501.40,0,1,0,0,313.45,767,84,419
16784,3603.17,0,-2,0,-10,-259.38,770,84,429
16834,3554.50,0,0,1,0,195.50,773,85,442
16884,3549.46,0,0,1,0,78.11,774,86,442
16934,3511.24,0,1,0,0,37.38,776,87,442
16984,3546.10,0,0,1,0,-24.97,777,89,442
17034,3490.00,0,1,0,0,44.41,779,90,442
17084,3546.94,0,0,1,0,-58.57,780,92,442
17134,3469.81,0,1,0,0,42.25,783,92,442
17184,3524.44,0,0,0,0,-43.35,785,92,442
17234,3498.95,0,1,0,0,34.62,787,93,442
17284,3534.40,0,0,1,0,-34.63,788,95,442
17334,3520.30,0,1,0,0,35.89,790,96,442
17384,3565.49,0,0,0,0,-34.41,790,98,442
17434,3545.26,0,0,1,0,42.40,790,100,442
17484,3681.88,-7,-1,0,-7,-209.66,792,100,449
17534,3576.54,0,0,0,0,-32.95,792,101,449
17584,3549.46,0,0,1,0,490.40,802,102,456
17634,3505.49,0,1,0,0,168.28,804,102,462
17684,3481.09,0,1,0,0,37.56,807,102,462
17734,3503.04,0,1,0,0,-34.03,809,103,462
17784,3470.62,0,1,0,0,30.79,812,103,462
17835,3536.07,0,0,1,0,-54.17,814,104,462
17885,3492.43,0,1,0,0,41.97,816,105,462
17935,3546.94,0,0,1,0,-47.99,817,107,462
17985,3521.95,0,1,0,0,33.39,819,108,462
18035,3565.49,0,0,0,0,-34.41,819,110,462
18085,3545.26,0,0,1,0,42.40,819,112,462
18135,3598.85,0,0,1,0,34.01,819,113,462
18185,3564.64,0,0,0,0,33.35,819,114,462
18235,3609.24,0,0,1,0,43.50,819,115,462
18285,3564.64,0,0,0,0,47.21,819,115,462
18335,3628.45,0,0,0,0,-45.93,819,115,462
18385,3593.67,0,0,0,0,-49.63,819,115,462
18435,3652.30,0,0,-1,0,-48.26,819,116,462
18485,3613.59,0,0,-1,0,-43.06,819,117,462
18535,3662.11,0,0,-1,0,-46.78,819,119,462
18585,3630.20,0,0,0,0,41.77,819,119,462
18635,3662.11,0,0,-1,0,-46.78,819,121,462
18685,3630.20,0,0,0,0,42.67,819,121,462
18735,3671.97,0,0,0,0,-30.31,819,122,462
18785,3641.66,0,0,-1,0,30.31,819,124,462
18835,3683.69,0,-1,0,0,-42.92,821,125,462
18885,3630.20,0,0,0,0,41.77,821,126,462
18935,3650.52,0,0,-1,0,-20.32,821,127,462
18985,3615.33,0,0,-1,0,-36.12,821,128,462
19035,3653.19,0,0,-1,0,-37.86,821,130,462
19085,3615.33,0,0,-1,0,-36.12,821,131,462
19135,3642.54,0,0,-1,0,-38.51,821,132,462
19185,3591.95,0,0,0,0,-33.06,821,132,462
19235,3629.32,0,0,0,0,-46.81,821,132,462
19286,3583.37,0,0,0,0,-40.81,821,132,462
19336,3629.32,0,0,0,0,-35.65,821,132,462
19386,3581.66,0,0,0,0,-32.26,821,132,462
19436,3623.19,0,0,0,0,-56.01,821,132,462
19486,3582.52,0,0,0,0,-44.94,821,132,462
19536,3629.32,0,0,0,0,-47.66,821,132,462
19586,3582.52,0,0,0,0,-43.22,821,132,462
19636,3629.32,0,0,0,0,-48.52,821,132,462
19686,3591.95,0,0,0,0,-31.19,821,132,462
19736,3638.13,0,0,0,0,-55.61,821,132,462
19786,3593.67,0,0,0,0,-40.81,821,132,462
19836,3629.32,0,0,0,0,-35.65,821,132,462
19886,3593.67,0,0,0,0,-28.74,821,132,462
19936,3629.32,0,0,0,0,-37.37,821,132,462
19986,3582.52,0,0,0,0,-44.07,821,132,462
20036,3629.32,0,0,0,0,-47.66,821,132,462
20086,3591.95,0,0,0,0,-56.38,821,132,462
20136,3628.45,0,0,0,0,-41.65,821,132,462
20186,3576.54,0,0,0,0,34.44,821,132,462
20236,3618.82,0,0,0,0,34.44,821,132,462
20286,3592.81,0,0,0,0,-38.23,821,132,462
20336,3610.11,0,0,0,0,-41.79,821,132,462
20386,3586.80,0,0,0,0,33.57,821,132,462
20436,3619.69,0,0,0,0,-37.26,821,132,462
20486,3593.67,0,0,0,0,-34.62,821,132,462
20536,3629.32,0,0,0,0,-46.81,821,132,462
20586,3593.67,0,0,0,0,-50.49,821,132,462
20636,3632.84,0,0,0,0,-28.80,821,132,462
20686,3604.04,0,0,-1,0,-50.00,821,133,462
20736,3662.11,0,0,-1,0,-26.63,821,134,462
20786,3615.33,0,0,-1,0,-44.80,821,135,462
20836,3633.72,0,0,0,0,-29.68,821,136,462
20886,3591.95,0,0,-1,0,-41.97,821,137,462
20936,3610.11,0,0,0,0,-44.41,821,137,462
20986,3578.24,0,0,0,0,32.73,821,137,462
21036,3619.69,0,0,0,0,32.73,821,137,462
21086,3586.80,0,0,0,0,32.73,821,137,462
21136,3620.56,0,0,0,0,-38.05,821,137,462
21186,3593.67,0,0,0,0,-42.36,821,137,462
21236,3629.32,0,0,0,0,-35.65,821,137,462
21286,3580.81,0,0,0,0,-22.61,821,137,462
21336,3618.82,0,0,0,0,-22.61,821,137,462
21386,3576.54,0,0,0,0,33.57,821,137,462
21436,3610.98,0,0,0,0,42.97,821,137,462
21486,3566.33,0,0,0,0,45.51,821,137,462
21536,3589.38,0,0,0,0,35.94,821,137,462
21586,3554.50,0,0,1,0,43.48,821,139,462
21636,3609.24,0,0,0,0,35.92,821,139,462
21686,3569.73,0,0,0,0,54.33,821,139,462
21736,3612.72,0,0,0,0,42.10,821,139,462
21786,3581.66,0,0,0,0,-38.90,821,139,462
21836,3618.82,0,0,0,0,-49.42,821,139,462
21886,3570.58,0,0,0,0,53.49,821,139,462
21936,3611.85,0,0,0,0,38.74,821,139,462
21986,3558.72,0,0,1,0,41.86,821,140,462
22036,3600.58,0,0,0,0,35.04,821,140,462
22086,3568.88,0,0,0,0,42.97,821,140,462
22136,3630.20,0,0,0,0,-47.69,821,140,462
22187,3586.80,0,0,0,0,-47.69,821,140,462
22237,3629.32,0,0,0,0,-35.65,821,140,462
22287,3592.81,0,0,0,0,-21.74,821,140,462
22337,3629.32,0,0,0,0,-37.37,821,140,462
22387,3591.95,0,0,0,0,-39.95,821,140,462
22437,3628.45,0,0,0,0,-34.77,821,140,462
22487,3604.04,0,0,0,0,-33.14,821,140,462
22537,3642.54,0,0,-1,0,-38.51,821,142,462
22587,3613.59,0,0,-1,0,-35.93,821,143,462
22637,3639.01,0,0,0,0,-44.47,821,143,462
22687,3603.17,0,0,-1,0,-51.72,821,144,462
22737,3591.95,0,0,0,0,-35.84,821,144,462
22787,3555.34,0,0,1,0,33.17,821,146,462
22837,3598.85,0,0,0,0,23.02,821,146,462
22887,3563.79,0,0,0,0,35.92,821,146,462
22937,3600.58,0,0,0,0,24.04,821,146,462
22987,3558.72,0,0,1,0,41.86,821,147,462
23037,3553.66,0,0,1,0,5.06,821,149,462
23087,3568.03,0,0,0,0,-45.25,822,149,462
23137,3385.24,0,2,0,0,415.11,829,149,489
23187,3573.13,0,0,0,0,110.56,830,149,498
23237,3521.95,0,1,0,0,46.08,831,150,498
23287,3575.69,0,0,0,0,-45.44,831,151,498
23337,3555.34,0,0,1,0,19.49,831,153,498
23387,3565.49,0,0,0,0,-20.23,831,154,498
23437,3536.90,0,0,1,0,43.91,831,155,498
23487,3574.83,0,0,0,0,-29.57,831,156,498
23537,3551.14,0,0,1,0,35.66,831,158,498
23587,3586.80,0,0,1,0,43.50,831,159,498
23638,3572.28,0,0,0,0,26.57,831,160,498
23688,3576.54,0,0,0,0,-16.97,831,161,498
23738,3545.26,0,0,1,0,43.26,831,163,498
23788,3597.12,0,0,1,0,42.64,831,164,498
23838,3555.34,0,0,1,0,30.60,831,166,498
23888,3611.85,0,0,0,0,25.72,831,166,498
23938,3584.23,0,0,0,0,-53.49,831,166,498
23988,3629.32,0,0,0,0,-35.65,831,166,498
24038,3593.67,0,0,0,0,-31.39,831,166,498
24088,3638.13,0,0,0,0,-44.45,831,166,498
24138,3591.09,0,0,0,0,-39.30,831,166,498
24188,3647.86,0,0,-1,0,-55.05,831,168,498
24238,3591.95,0,0,-1,0,-34.17,831,169,498
24288,3631.96,0,0,0,0,-27.92,831,170,498
24338,3591.95,0,0,-1,0,-39.58,831,171,498
24388,3643.43,0,0,-1,0,-41.12,831,173,498
24438,3566.33,0,0,0,0,38.57,831,173,498
24488,3620.56,0,0,0,0,-35.48,831,173,498
24538,3596.26,0,0,0,0,41.47,831,173,498
24588,3618.82,0,0,0,0,-26.05,831,173,498
24638,3591.95,0,0,0,0,-49.63,831,173,498
24688,3633.72,0,0,0,0,-28.82,831,173,498
24738,3593.67,0,0,0,0,-38.42,831,173,498
24788,3639.01,0,0,0,0,-46.20,831,173,498
24838,3591.95,0,0,-1,0,-57.65,831,174,498
24888,3639.01,0,0,0,0,-45.34,831,174,498
24938,3604.90,0,0,0,0,-39.30,831,174,498
24988,3639.01,0,0,0,0,-47.92,831,175,498
25038,3592.81,0,0,0,0,-48.78,831,175,498
25088,3648.75,0,0,-1,0,-55.07,831,176,498
25138,3604.04,0,0,-1,0,-51.60,831,177,498
25188,3643.43,0,0,-1,0,-28.10,831,179,498
25238,3576.54,0,0,0,0,24.90,831,179,498
25288,3600.58,0,0,0,0,34.26,831,179,498
25338,3568.88,0,0,0,0,41.23,831,179,498
25388,3611.85,0,0,0,0,24.89,831,179,498
25438,3586.80,0,0,0,0,24.89,831,179,498
25488,3629.32,0,0,0,0,-43.38,831,179,498
25538,3582.52,0,0,0,0,-56.36,831,179,498
25588,3611.85,0,0,0,0,49.02,831,179,498
25638,3568.88,0,0,0,0,42.97,831,179,498
25688,3611.85,0,0,0,0,32.73,831,179,498
25738,3578.24,0,0,0,0,41.45,831,179,498
25788,3610.11,0,0,0,0,-44.07,831,179,498
25838,3577.39,0,0,0,0,35.33,831,179,498
25888,3601.44,0,0,0,0,42.08,831,179,498
25938,3569.73,0,0,0,0,53.46,831,179,498
25988,3618.82,0,0,0,0,-53.46,831,179,498
26038,3585.94,0,0,0,0,40.57,831,179,498
26088,3629.32,0,0,0,0,-46.81,831,179,498
26138,3576.54,0,0,0,0,34.44,831,179,498
26188,3610.98,0,0,0,0,42.97,831,179,498
26238,3575.69,0,0,0,0,36.16,831,179,498
26288,3624.06,0,0,0,0,-52.64,831,179,498
26338,3576.54,0,0,0,0,34.44,831,179,498
26388,3611.85,0,0,0,0,25.76,831,179,498
26438,3577.39,0,0,0,0,41.43,831,179,498
26488,3598.85,0,0,1,0,33.82,831,180,498
26539,3562.95,0,0,0,0,35.90,831,181,498
26589,3610.11,0,0,1,0,43.57,831,182,498
26639,3573.98,0,0,0,0,24.87,831,182,498
26689,3611.85,0,0,0,0,33.41,831,182,498
26739,3568.03,0,0,0,0,32.55,831,182,498
26789,3599.71,0,0,0,0,46.43,831,182,498
26839,3600.58,0,0,0,0,24.88,831,182,498
26889,3559.56,0,0,1,0,470.53,840,183,504
26939,3606.64,0,-4,0,-4,-655.31,848,183,509
26989,3500.58,0,1,0,0,380.40,855,183,544
27039,3603.17,0,-2,0,-14,-360.59,858,183,558
27089,3501.40,0,1,0,0,310.54,863,183,575
27139,3569.73,0,0,0,0,200.06,866,183,584
27189,3534.40,0,0,1,0,27.70,866,185,584
27239,3576.54,0,0,0,0,-45.46,866,186,584
27289,3520.30,0,1,0,0,34.20,867,188,584
27339,3556.19,0,0,1,0,-46.60,868,190,584
27389,3520.30,0,1,0,0,35.89,870,191,584
27439,3554.50,0,0,1,0,-22.60,870,194,584
27489,3521.95,0,1,0,0,33.39,872,195,584
27539,3569.73,0,0,0,0,-46.12,872,195,584
27589,3532.74,0,0,1,0,39.54,872,196,584
27639,3509.59,0,1,0,0,23.98,873,197,584
27689,3490.81,0,1,0,0,31.97,876,197,584
27739,3555.34,0,0,1,0,-56.39,877,199,584
27789,3509.59,0,1,0,0,47.44,879,200,584
27839,3566.33,0,0,0,0,-46.03,880,201,584
27889,3575.69,0,0,0,0,-44.61,880,202,584
27939,3501.40,0,1,0,0,375.57,888,202,609
27990,3590.23,0,-1,0,-12,-298.77,890,202,621
28040,3557.87,0,0,1,0,155.92,892,203,631
28090,3555.34,0,0,1,0,22.90,892,205,631
28140,3523.61,0,0,0,0,40.18,893,205,631
28190,3564.64,0,0,0,0,-31.07,893,206,631
28240,3533.57,0,0,1,0,42.97,893,208,631
28290,3555.34,0,0,1,0,-45.75,894,210,631
28340,3522.78,0,1,0,0,43.55,896,210,631
28390,3567.18,0,0,0,0,-35.28,896,212,631
28440,3532.74,0,0,1,0,37.84,896,213,631
28490,3563.79,0,0,0,0,-29.39,896,214,631
28540,3545.26,0,0,1,0,29.57,896,216,631
28590,3575.69,0,0,0,0,-28.75,896,217,631
28640,3546.10,0,0,1,0,39.84,896,219,631
28690,3597.12,0,0,1,0,51.89,896,220,631
28740,3553.66,0,0,1,0,45.19,896,222,631
28790,3590.23,0,0,1,0,32.30,896,223,631
28840,3557.03,0,0,1,0,43.55,896,224,631
28890,3598.85,0,0,0,0,42.08,896,224,631
28940,3573.98,0,0,0,0,23.14,896,225,631
28990,3612.72,0,0,0,0,36.16,896,225,631
29040,3587.66,0,0,0,0,36.16,896,225,631
29090,3629.32,0,0,0,0,-37.37,896,225,631
29140,3581.66,0,0,0,0,-39.95,896,225,631
29190,3644.31,0,0,-1,0,-50.64,896,226,631
29240,3604.04,0,0,0,0,-44.45,896,226,631
29290,3652.30,0,0,-1,0,-50.00,896,228,631
29340,3615.33,0,0,-1,0,-33.32,896,229,631
29390,3633.72,0,0,0,0,-29.68,896,230,631
29440,3604.04,0,0,0,0,-31.39,896,230,631
29490,3642.54,0,0,-1,0,-38.51,896,232,631
29540,3614.46,0,0,-1,0,-56.37,896,233,631
29590,3648.75,0,0,-1,0,-34.29,896,235,631
29640,3582.52,0,0,0,0,-16.56,896,235,631
29690,3620.56,0,0,0,0,-37.19,896,235,631
29740,3582.52,0,0,0,0,-32.05,896,235,631
29790,3630.20,0,0,0,0,-43.40,896,235,631
29840,3593.67,0,0,0,0,-55.50,896,235,631
29890,3629.32,0,0,0,0,-36.51,896,235,631
29940,3605.77,0,0,0,0,-40.81,896,235,631
29990,3650.52,0,0,-1,0,-45.62,896,236,631
30040,3603.17,0,0,-1,0,-37.66,896,237,631
30090,3632.84,0,0,0,0,-29.67,896,237,631
30140,3591.95,0,0,0,0,-33.14,896,237,631
30190,3648.75,0,0,-1,0,-55.93,896,238,631
30240,3604.90,0,0,0,0,-44.47,896,238,631
30290,3601.44,0,0,0,0,-30.58,896,238,631
30340,3573.13,0,0,0,0,25.72,896,239,631
30390,3612.72,0,0,0,0,24.00,896,239,631
30440,3521.95,0,1,0,0,43.53,897,240,631
30490,3568.88,0,0,0,0,-45.27,897,240,631
30541,3534.40,0,0,1,0,41.28,897,242,631
30592,3563.79,0,0,0,0,-26.06,897,243,631
30642,3565.49,0,0,0,0,-34.41,897,244,631
30692,3537.74,0,0,1,0,516.32,907,245,638
30742,3584.23,0,-4,0,-4,-643.69,915,245,643
30792,3501.40,0,1,0,0,332.96,922,245,671
30842,3579.10,0,0,0,0,154.10,924,245,680
30892,3508.77,0,1,0,0,84.04,926,245,680
30942,3568.03,0,0,0,0,-58.44,927,246,680
30992,3523.61,0,0,0,0,42.73,928,246,680
31042,3547.78,0,0,1,0,-24.17,928,247,680
31092,3522.78,0,1,0,0,45.25,930,247,680
31142,3533.57,0,0,1,0,-21.51,931,248,680
31192,3499.77,0,1,0,0,47.17,933,249,680
31242,3555.34,0,0,1,0,-44.93,934,251,680
31292,3521.95,0,1,0,0,48.63,935,251,680
31342,3565.49,0,0,0,0,-31.92,935,252,680
31392,3544.42,0,0,1,0,32.11,935,254,680
31442,3587.66,0,0,1,0,20.34,935,255,680
31492,3557.87,0,0,1,0,51.36,935,257,680
31542,3634.60,0,0,0,0,-63.17,935,257,680
31592,3593.67,0,0,0,0,-39.95,935,257,680
31642,3629.32,0,0,0,0,-35.65,935,257,680
31692,3520.30,0,1,0,0,35.04,936,258,680
31742,3587.66,0,0,1,0,26.99,936,259,680
31792,3587.66,0,0,1,0,39.04,936,260,680
31842,3560.41,0,0,0,0,525.67,947,260,687
31892,3617.07,0,-5,0,-5,-788.57,956,260,693
31942,3582.52,0,-5,0,-5,-802.14,965,260,699
31992,3616.20,0,-5,0,-4,-749.83,974,260,703
32043,3571.43,0,0,0,0,425.37,983,260,708
32093,3629.32,0,0,0,0,310.79,990,260,723
32143,3573.13,0,0,0,0,372.16,998,260,728
32193,3500.58,0,1,0,0,349.52,1005,260,759
32243,3557.87,0,0,1,0,234.79,1008,261,772
32293,3568.88,0,0,0,0,55.18,1009,261,774
32343,3528.58,0,0,0,0,52.23,1009,261,774
32393,3557.03,0,0,1,0,-33.42,1009,262,774
32443,3522.78,0,1,0,0,45.25,1010,263,774
32493,3576.54,0,0,0,0,-32.95,1010,264,774
32543,3555.34,0,0,1,0,21.19,1010,266,774
32593,3576.54,0,0,0,0,-32.11,1010,267,774
32643,3544.42,0,0,1,0,32.11,1010,269,774
32693,3587.66,0,0,1,0,31.26,1010,270,774
32743,3553.66,0,0,1,0,45.19,1010,272,774
32793,3598.85,0,0,0,0,33.35,1010,272,774
32843,3568.03,0,0,0,0,34.28,1010,272,774
32893,3600.58,0,0,0,0,34.24,1010,272,774
32943,3563.79,0,0,0,0,35.06,1010,273,774
32993,3596.26,0,0,1,0,41.86,1010,274,774
33043,3575.69,0,0,0,0,25.76,1010,274,774
33093,3600.58,0,0,0,0,37.61,1010,274,774
33143,3568.88,0,0,0,0,42.97,1010,274,774
33193,3600.58,0,0,0,0,41.23,1010,274,774
33243,3586.80,0,0,0,0,23.19,1010,274,774
33293,3619.69,0,0,0,0,23.19,1010,274,774
33343,3582.52,0,0,0,0,-41.67,1010,274,774
33393,3630.20,0,0,0,0,-47.69,1010,274,774
33443,3593.67,0,0,0,0,-39.95,1010,274,774
33494,3639.01,0,0,0,0,-47.06,1010,274,774
33544,3592.81,0,0,0,0,-37.37,1010,274,774
33594,3639.01,0,0,0,0,-45.34,1010,274,774
33644,3582.52,0,0,0,0,-37.28,1010,274,774
33694,3629.32,0,0,0,0,-35.65,1010,274,774
33744,3593.67,0,0,0,0,-51.35,1010,274,774
33794,3633.72,0,0,0,0,-30.55,1010,274,774
33844,3590.23,0,0,-1,0,-41.97,1010,275,774
33894,3639.01,0,0,0,0,-46.20,1010,276,774
33944,3593.67,0,0,0,0,-32.26,1010,276,774
33994,3623.19,0,0,0,0,-45.80,1010,276,774
34044,3582.52,0,0,0,0,-58.12,1010,276,774
34094,3629.32,0,0,0,0,-48.52,1010,276,774
34144,3593.67,0,0,0,0,-39.95,1010,276,774
34194,3620.56,0,0,0,0,-33.76,1010,276,774
34244,3591.95,0,0,0,0,-49.63,1010,276,774
34294,3642.54,0,0,-1,0,-38.51,1010,278,774
34344,3587.66,0,0,-1,0,-38.51,1010,278,774
34394,3610.11,0,0,-1,0,-38.51,1010,278,774
34444,3571.43,0,0,0,0,52.64,1010,278,774
34494,3600.58,0,0,0,0,50.89,1010,278,774
34544,3577.39,0,0,0,0,34.46,1010,278,774
34594,3623.19,0,0,0,0,-51.76,1010,278,774
34644,3576.54,0,0,0,0,35.31,1010,278,774
34694,3598.85,0,0,0,0,26.58,1010,278,774
34744,3546.10,0,0,1,0,39.84,1010,280,774
34794,3587.66,0,0,1,0,31.46,1010,281,774
34844,3562.95,0,0,0,0,27.29,1010,281,774
34894,3600.58,0,0,0,0,36.77,1010,281,774
34944,3599.71,0,0,0,0,22.33,1010,281,774
34994,3584.23,0,-4,0,-4,-674.26,1018,281,778
35044,3606.64,0,-4,0,-4,-670.43,1025,281,782
35094,3573.13,0,0,0,0,382.57,1032,281,786
35144,3584.23,0,-4,0,-3,-588.92,1039,281,799
35194,3501.40,0,1,0,0,320.26,1045,281,827
35244,3593.67,0,-1,0,-7,-207.40,1047,281,834
35294,3555.34,0,0,1,0,33.17,1047,282,834
35344,3585.94,0,0,1,0,26.35,1047,283,834
35394,3555.34,0,0,1,0,31.46,1047,285,834
35444,3575.69,0,0,0,0,-28.75,1047,286,834
35494,3535.23,0,0,1,0,39.60,1047,288,834
35544,3585.94,0,0,1,0,39.01,1047,289,834
35594,3544.42,0,0,1,0,54.42,1047,291,834
35644,3558.72,0,0,1,0,-48.30,1048,293,834
35694,3521.13,0,1,0,0,35.90,1050,294,834
35744,3579.10,0,0,0,0,-56.32,1051,294,834
35794,3545.26,0,0,1,0,18.53,1051,296,834
35844,3587.66,0,0,1,0,39.84,1051,297,834
35894,3544.42,0,0,1,0,43.23,1051,299,834
35944,3587.66,0,0,1,0,45.19,1051,300,834
35994,3553.66,0,0,1,0,45.19,1051,302,834
36044,3612.72,0,0,0,0,41.21,1051,302,834
36094,3577.39,0,0,0,0,34.46,1051,302,834
36144,3611.85,0,0,0,0,44.66,1051,302,834
36194,3573.98,0,0,0,0,24.87,1051,302,834
36244,3624.06,0,0,0,0,-54.33,1051,302,834
36294,3577.39,0,0,0,0,41.43,1051,302,834
36344,3639.01,0,0,0,0,-47.06,1051,302,834
36395,3603.17,0,0,0,0,-47.92,1051,302,834
36445,3631.96,0,0,0,0,-27.06,1051,302,834
36495,3591.95,0,0,-1,0,-41.97,1051,303,834
36545,3642.54,0,0,-1,0,-40.24,1051,305,834
36595,3614.46,0,0,-1,0,-24.61,1051,306,834
36645,3643.43,0,0,-1,0,-39.39,1051,307,834
36695,3604.04,0,0,-1,0,-61.35,1051,308,834
36745,3633.72,0,0,0,0,-29.68,1051,308,834
36795,3614.46,0,0,-1,0,-41.97,1051,309,834
36845,3650.52,0,0,-1,0,-36.94,1051,311,834
36895,3604.90,0,0,0,0,-26.20,1051,311,834
36945,3652.30,0,0,-1,0,-47.40,1051,312,834
36995,3604.04,0,0,-1,0,-32.44,1051,313,834
37045,3617.94,0,0,0,0,-34.97,1051,313,834
37095,3585.09,0,0,0,0,-34.97,1051,313,834
37145,3639.01,0,0,0,0,-56.49,1051,313,834
37195,3586.80,0,0,0,0,-56.49,1051,313,834
37245,3563.79,0,0,0,0,31.61,1051,313,834
37295,3577.39,0,0,0,0,26.65,1051,314,834
37345,3611.85,0,0,0,0,32.72,1051,314,834
37395,3566.33,0,0,0,0,35.11,1051,314,834
37445,3576.54,0,0,0,0,-31.28,1051,315,834
37495,3532.74,0,0,1,0,36.99,1051,316,834
37545,3501.40,0,1,0,0,21.38,1053,316,834
37595,3524.44,0,0,0,0,-53.02,1054,316,834
37645,3501.40,0,1,0,0,387.63,1063,316,862
37695,3546.94,0,0,1,0,147.64,1066,317,874
37745,3511.24,0,1,0,0,34.02,1068,318,874
37795,3557.03,0,0,1,0,-38.38,1069,320,874
37846,3531.90,0,0,1,0,25.13,1070,322,874
37896,3568.88,0,0,0,0,-45.27,1070,322,874
37946,3534.40,0,0,1,0,40.43,1070,324,874
37996,3564.64,0,0,0,0,-31.90,1070,325,874
38046,3543.59,0,0,1,0,33.80,1070,327,874
38096,3587.66,0,0,1,0,45.81,1070,328,874
38146,3553.66,0,0,1,0,34.00,1070,330,874
38196,3585.94,0,0,1,0,32.33,1070,331,874
38246,3545.26,0,0,1,0,29.57,1070,333,874
38296,3585.94,0,0,1,0,28.73,1070,334,874
38346,3546.94,0,0,1,0,40.72,1070,336,874
38396,3586.80,0,0,1,0,30.60,1070,337,874
38446,3563.79,0,0,0,0,34.19,1070,338,874
38496,3623.19,0,0,0,0,-46.65,1070,338,874
38546,3577.39,0,0,0,0,23.19,1070,338,874
38596,3624.06,0,0,0,0,-46.67,1070,338,874
38646,3604.90,0,0,0,0,-48.78,1070,338,874
38696,3650.52,0,0,-1,0,-46.49,1070,340,874
38746,3615.33,0,0,-1,0,-44.19,1070,341,874
38796,3642.54,0,0,-1,0,-40.24,1070,343,874
38846,3604.04,0,0,-1,0,-35.91,1070,344,874
38896,3643.43,0,0,-1,0,-40.26,1070,346,874
38946,3603.17,0,0,0,0,-27.08,1070,346,874
38996,3642.54,0,0,-1,0,-38.51,1070,348,874
39046,3614.46,0,0,-1,0,-36.78,1070,349,874
39096,3662.11,0,0,-1,0,-58.94,1070,351,874
39146,3626.69,0,0,0,0,36.31,1070,352,874
39196,3623.19,0,0,0,0,-7.86,1070,353,874
39246,3581.66,0,0,0,0,-39.95,1070,353,874
39296,3620.56,0,0,0,0,-27.75,1070,353,874
39346,3544.42,0,0,1,0,45.81,1070,354,874
39396,3587.66,0,0,1,0,31.26,1070,355,874
39446,3563.79,0,0,0,0,34.19,1070,356,874
39496,3622.31,0,0,0,0,-49.18,1070,356,874
39546,3585.94,0,0,0,0,44.07,1070,356,874
39596,3620.56,0,0,0,0,-38.05,1070,356,874
39646,3581.66,0,0,0,0,-44.97,1070,356,874
39696,3625.82,0,0,0,0,1.75,1070,356,874
39746,3580.81,0,0,0,0,-38.90,1070,356,874
39796,3639.89,0,0,0,0,-56.52,1070,356,874
39846,3582.52,0,0,0,0,-42.54,1070,356,874
39896,3629.32,0,0,0,0,-46.81,1070,356,874
39946,3593.67,0,0,0,0,-51.35,1070,356,874
39996,3629.32,0,0,0,0,-47.66,1070,356,874
40046,3592.81,0,0,0,0,-22.61,1070,356,874
40096,3631.96,0,0,0,0,-26.19,1070,356,874
40146,3603.17,0,0,-1,0,-41.10,1070,357,874
40196,3652.30,0,0,-1,0,-49.13,1070,359,874
40246,3591.95,0,0,0,0,-26.22,1070,359,874
40296,3624.06,0,0,0,0,-19.16,1070,359,874
40346,3577.39,0,0,0,0,42.30,1070,359,874
40396,3630.20,0,0,0,0,-47.69,1070,359,874
40446,3568.03,0,0,0,0,33.41,1070,359,874
40496,3597.98,0,0,0,0,34.24,1070,359,874
40546,3567.18,0,0,0,0,33.39,1070,359,874
40596,3597.98,0,0,1,0,46.05,1070,360,874
40646,3568.88,0,0,0,0,42.97,1070,360,874
40696,3600.58,0,0,0,0,41.23,1070,360,874
40747,3567.18,0,0,0,0,44.66,1070,360,874
40797,3622.31,0,0,0,0,-53.43,1070,360,874
40847,3585.09,0,0,0,0,44.92,1070,360,874
40897,3628.45,0,0,0,0,-43.36,1070,360,874
40947,3592.81,0,0,0,0,-49.61,1070,360,874
40997,3639.01,0,0,0,0,-45.34,1070,360,874
41047,3591.95,0,0,-1,0,-48.15,1070,361,874
41097,3629.32,0,0,0,0,-48.52,1070,361,874
41147,3603.17,0,0,0,0,-33.14,1070,361,874
41197,3632.84,0,0,0,0,-29.67,1070,362,874
41247,3592.81,0,0,0,0,-22.74,1070,362,874
41297,3639.01,0,0,0,0,-46.20,1070,362,874
41347,3580.81,0,0,0,0,-29.47,1070,362,874
41397,3638.13,0,0,0,0,-55.61,1070,362,874
41447,3591.95,0,0,0,0,-32.05,1070,362,874
41497,3639.01,0,0,0,0,-45.34,1070,362,874
41547,3593.67,0,0,0,0,-30.48,1070,362,874
41597,3620.56,0,0,0,0,-39.76,1070,362,874
41647,3582.52,0,0,0,0,-44.07,1070,362,874
41697,3630.20,0,0,0,0,-48.54,1070,362,874
41747,3591.95,0,0,0,0,-47.03,1070,362,874
41797,3639.01,0,0,0,0,-45.34,1070,362,874
41847,3578.24,0,0,0,0,41.45,1070,362,874
41897,3629.32,0,0,0,0,-35.65,1070,362,874
41948,3558.72,0,0,1,0,41.86,1070,363,874
41998,3610.11,0,0,0,0,33.35,1070,363,874
42048,3585.09,0,0,0,0,41.23,1070,363,874
42098,3661.22,0,0,-1,0,-132.63,1070,364,874
42148,3563.79,0,0,0,0,35.92,1070,364,874
42198,3567.18,0,0,0,0,44.66,1070,364,874
42248,3540.24,0,0,1,0,393.67,1077,365,879
42298,3524.44,0,0,0,0,193.04,1081,365,893
42348,3563.79,0,0,0,0,-29.39,1081,367,893
42398,3509.59,0,1,0,0,35.67,1083,368,893
42448,3556.19,0,0,1,0,-34.23,1084,370,893
42498,3524.44,0,0,0,0,41.90,1085,370,893
42548,3576.54,0,0,0,0,-43.80,1085,371,893
42598,3532.74,0,0,1,0,43.80,1085,373,893
42648,3547.78,0,0,1,0,-20.02,1085,374,893
42698,3510.41,0,1,0,0,34.01,1087,375,893
42748,3568.03,0,0,0,0,-55.97,1088,375,893
42798,3543.59,0,0,1,0,32.95,1088,377,893
42848,3598.85,0,0,1,0,42.40,1088,378,893
42898,3557.87,0,0,1,0,40.97,1088,380,893
42948,3587.66,0,0,0,0,34.21,1088,380,893
42998,3564.64,0,0,0,0,34.21,1088,380,893
43048,3612.72,0,0,0,0,35.29,1088,380,893
43098,3577.39,0,0,0,0,24.05,1088,380,893
43148,3610.98,0,0,0,0,35.92,1088,380,893
43198,3585.09,0,0,0,0,42.10,1088,380,893
43248,3629.32,0,0,0,0,-42.52,1088,380,893
43298,3606.64,0,0,0,0,-51.35,1088,380,893
43348,3624.06,0,0,0,0,-20.89,1088,381,893
43398,3593.67,0,0,0,0,-47.92,1088,381,893
43448,3631.96,0,0,0,0,-27.06,1088,381,893
43498,3603.17,0,0,-1,0,-41.12,1088,382,893
43548,3652.30,0,0,-1,0,-38.71,1088,384,893
43598,3615.33,0,0,-1,0,-42.42,1088,385,893
43648,3629.32,0,0,0,0,-38.23,1088,386,893
43698,3583.37,0,0,0,0,-39.07,1088,386,893
43748,3620.56,0,0,0,0,-35.48,1088,386,893
43798,3604.04,0,0,0,0,-49.63,1088,386,893
43848,3642.54,0,0,-1,0,-37.64,1088,387,893
43898,3592.81,0,0,0,0,-42.73,1088,387,893
43948,3614.46,0,0,0,0,-43.55,1088,387,893
43998,3586.80,0,0,0,0,-43.55,1088,387,893
44048,3601.44,0,0,0,0,-40.77,1088,387,893
44098,3558.72,0,0,1,0,51.39,1088,388,893
44148,3629.32,0,0,0,0,-46.81,1088,388,893
44198,3558.72,0,0,1,0,42.72,1088,389,893
44248,3574.83,0,0,0,0,-29.57,1088,390,893
44299,3534.40,0,0,1,0,40.43,1088,392,893
44349,3576.54,0,0,0,0,-30.44,1088,393,893
44400,3544.42,0,0,1,0,32.11,1088,395,893
44450,3587.66,0,0,1,0,50.73,1088,396,893
44500,3598.85,0,0,1,0,50.76,1088,397,893
44550,3560.41,0,0,0,0,592.42,1101,397,901
44600,3501.40,0,1,0,0,314.42,1106,397,918
44650,3568.88,0,0,0,0,248.89,1109,397,930
44700,3568.88,0,0,0,0,113.91,1112,397,940
44750,3533.57,0,0,1,0,45.53,1112,399,940
44800,3587.66,0,0,1,0,23.65,1112,400,940
44850,3554.50,0,0,1,0,33.16,1112,402,940
44900,3597.98,0,0,1,0,34.00,1112,403,940
44950,3564.64,0,0,0,0,34.21,1112,404,940
45000,3598.85,0,0,0,0,22.16,1112,404,940
45050,3572.28,0,0,0,0,27.43,1112,404,940
45100,3600.58,0,0,0,0,43.80,1112,404,940
45150,3537.74,0,0,1,0,49.06,1112,406,940
45200,3576.54,0,0,0,0,-30.44,1112,407,940
45250,3556.19,0,0,1,0,18.65,1112,409,940
45300,3599.71,0,0,0,0,21.30,1112,409,940
45350,3568.03,0,0,0,0,32.55,1112,409,940
45400,3564.64,0,0,0,0,-16.86,1112,410,940
45450,3544.42,0,0,1,0,32.11,1112,412,940
45500,3598.85,0,0,1,0,33.14,1112,413,940
45550,3572.28,0,0,0,0,26.57,1112,414,940
45600,3609.24,0,0,0,0,35.92,1112,414,940
45650,3556.19,0,0,1,0,21.20,1112,415,940
45700,3597.98,0,0,1,0,29.76,1112,416,940
45750,3557.03,0,0,1,0,44.41,1112,418,940
45800,3611.85,0,0,0,0,42.93,1112,418,940
45850,3582.52,0,0,0,0,-44.09,1112,418,940
45900,3639.01,0,0,0,0,-58.20,1112,418,940
45950,3591.95,0,0,0,0,-47.92,1112,418,940
46000,3639.01,0,0,0,0,-45.34,1112,418,940
46050,3604.90,0,0,0,0,-40.16,1112,418,940
46100,3624.06,0,0,0,0,-20.03,1112,419,940
46150,3591.09,0,0,-1,0,-52.36,1112,420,940
46200,3598.85,0,0,1,0,33.82,1112,421,940
46251,3554.50,0,0,1,0,44.35,1112,423,940
46301,3599.71,0,0,0,0,33.33,1112,423,940
46351,3575.69,0,0,0,0,36.16,1112,423,940
46401,3618.82,0,0,0,0,-45.75,1112,423,940
46451,3592.81,0,0,0,0,-46.65,1112,423,940
46501,3648.75,0,0,-1,0,-55.07,1112,424,940
46551,3603.17,0,0,-1,0,-43.89,1112,425,940
46601,3652.30,0,0,-1,0,-48.26,1112,427,940
46651,3614.46,0,0,-1,0,-46.55,1112,428,940
46701,3661.22,0,0,-1,0,-35.40,1112,430,940
46751,3627.57,0,0,0,0,34.54,1112,431,940
46801,3671.97,0,0,0,0,-30.31,1112,432,940
46851,3628.45,0,0,0,0,45.32,1112,432,940
46901,3671.97,0,0,0,0,-53.15,1112,432,940
46951,3614.46,0,0,-1,0,-24.71,1112,433,940
47001,3643.43,0,0,-1,0,-39.39,1112,435,940
47051,3602.31,0,0,-1,0,-46.55,1112,436,940
47101,3642.54,0,0,-1,0,-39.37,1112,438,940
47151,3604.04,0,0,0,0,-43.59,1112,438,940
47201,3624.06,0,0,0,0,-21.76,1112,439,940
47251,3591.95,0,0,0,0,-39.97,1112,439,940
47301,3629.32,0,0,0,0,-35.65,1112,439,940
47351,3673.77,0,0,0,0,-115.89,1112,440,940
47401,3605.77,0,0,0,0,37.41,1112,440,940
47451,3553.66,0,0,1,0,35.72,1112,441,940
47501,3597.12,0,0,1,0,41.78,1112,442,940
47551,3568.03,0,0,0,0,43.82,1112,442,940
47601,3623.19,0,0,0,0,-46.65,1112,442,940
47651,3593.67,0,0,0,0,-43.19,1112,442,940
47702,3638.13,0,0,0,0,-44.45,1112,442,940
47752,3591.09,0,0,0,0,-44.45,1112,442,940
47802,3639.01,0,0,0,0,-51.35,1112,442,940
47852,3582.52,0,0,0,0,-49.63,1112,442,940
47902,3599.71,0,0,0,0,33.33,1112,442,940
47952,3553.66,0,0,1,0,35.72,1112,443,940
48002,3576.54,0,0,0,0,-32.11,1112,444,940
48052,3554.50,0,0,1,0,22.04,1112,446,940
48102,3598.85,0,0,1,0,34.86,1112,447,940
48152,3611.85,0,0,0,0,-4.24,1112,447,940
48202,3630.20,0,0,0,0,-47.69,1112,447,940
48252,3593.67,0,0,0,0,-49.63,1112,447,940
48302,3632.84,0,0,0,0,-30.54,1112,448,940
48352,3595.40,0,0,0,0,-30.54,1112,448,940
48402,3647.86,0,0,-1,0,-54.18,1112,449,940
48452,3593.67,0,0,0,0,-34.79,1112,449,940
48502,3639.01,0,0,0,0,-45.34,1112,449,940
48552,3605.77,0,0,-1,0,-51.72,1112,450,940
48602,3628.45,0,0,0,0,-34.77,1112,450,940
48652,3591.95,0,0,0,0,-58.09,1112,450,940
48702,3610.98,0,0,0,0,-37.37,1112,450,940
48752,3586.80,0,0,0,0,37.00,1112,450,940
48802,3629.32,0,0,0,0,-46.81,1112,450,940
48852,3582.52,0,0,0,0,-47.53,1112,450,940
48902,3611.85,0,0,0,0,37.08,1112,450,940
48952,3573.13,0,0,0,0,50.93,1112,450,940
49002,3611.85,0,0,0,0,31.86,1112,450,940
49052,3595.40,0,0,0,0,31.86,1112,450,940
49102,3601.44,0,0,0,0,-34.81,1112,450,940
49152,3597.98,0,0,1,0,46.10,1112,451,940
49202,3571.43,0,0,0,0,513.54,1123,451,947
49252,3617.07,0,-5,0,-5,-823.78,1132,451,953
49302,3570.58,0,0,0,0,495.56,1142,451,960
49352,3604.90,0,-5,0,-4,-725.67,1151,451,965
49402,3573.13,0,0,0,0,409.88,1159,451,969
49452,3617.94,0,-4,0,-3,-619.23,1166,451,983
49502,3558.72,0,0,1,0,120.46,1168,452,988
49552,3604.90,0,0,0,0,-14.41,1168,452,988
49602,3568.03,0,0,0,0,47.30,1168,452,988
49652,3620.56,0,0,0,0,-33.76,1168,452,988
49702,3576.54,0,0,0,0,42.28,1168,452,988
49752,3611.85,0,0,0,0,40.57,1168,452,988
49802,3571.43,0,0,0,0,28.28,1168,452,988
49852,3623.19,0,0,0,0,-45.80,1168,452,988
49902,3555.34,0,0,1,0,34.03,1168,453,988
49952,3587.66,0,0,1,0,32.31,1168,454,988
50002,3562.95,0,0,0,0,26.43,1168,454,988
50052,3600.58,0,0,0,0,33.39,1168,454,988
50102,3564.64,0,0,0,0,23.88,1168,454,988
50152,3610.11,0,0,1,0,32.31,1168,455,988
50202,3562.95,0,0,0,0,35.90,1168,456,988
50252,3587.66,0,0,1,0,42.70,1168,457,988
50302,3563.79,0,0,0,0,23.87,1168,458,988
50352,3597.12,0,0,1,0,41.86,1168,459,988
50402,3573.13,0,0,0,0,25.72,1168,459,988
50452,3610.11,0,0,0,0,25.72,1168,459,988
50502,3586.80,0,0,0,0,31.86,1168,459,988
50552,3620.56,0,0,0,0,-39.76,1168,459,988
50603,3568.03,0,0,0,0,42.95,1168,459,988
50653,3598.85,0,0,1,0,32.98,1168,460,988
50703,3562.95,0,0,0,0,23.86,1168,461,988
50753,3600.58,0,0,0,0,35.90,1168,461,988
50803,3577.39,0,0,0,0,34.46,1168,461,988
50853,3619.69,0,0,0,0,-44.92,1168,461,988
50903,3548.62,0,0,1,0,52.82,1168,462,988
50953,3609.24,0,0,1,0,50.52,1168,463,988
51003,3580.81,0,0,0,0,-46.65,1168,463,988
51053,3610.11,0,0,0,0,-46.65,1168,463,988
51103,3585.94,0,0,0,0,-46.65,1168,463,988
51153,3627.57,0,0,0,0,-40.77,1168,463,988
51203,3581.66,0,0,0,0,-44.94,1168,463,988
51253,3629.32,0,0,0,0,-42.52,1168,463,988
51303,3592.81,0,0,0,0,-32.26,1168,463,988
51353,3598.85,0,0,0,0,34.19,1168,463,988
51403,3575.69,0,0,0,0,37.03,1168,463,988
51453,3623.19,0,0,0,0,-54.31,1168,463,988
51503,3568.03,0,0,0,0,32.55,1168,463,988
51553,3611.85,0,0,0,0,45.53,1168,463,988
51603,3571.43,0,0,0,0,50.01,1168,463,988
51653,3619.69,0,0,0,0,-51.76,1168,463,988
51703,3593.67,0,0,0,0,-41.63,1168,463,988
51753,3646.97,0,0,-1,0,-54.16,1168,465,988
51803,3604.04,0,0,-1,0,-45.66,1168,466,988
51853,3629.32,0,0,0,0,-42.52,1168,466,988
51903,3593.67,0,0,0,0,-39.95,1168,466,988
51953,3639.01,0,0,0,0,-46.20,1168,466,988
52003,3603.17,0,0,0,0,-31.42,1168,466,988
52054,3652.30,0,0,-1,0,-49.13,1168,468,988
52104,3615.33,0,0,-1,0,-45.69,1168,469,988
52154,3671.97,0,0,0,0,-57.51,1168,470,988
52204,3627.57,0,0,0,0,84.38,1169,470,988
52254,3642.54,0,0,-1,0,-27.22,1169,472,988
52304,3604.04,0,0,-1,0,-44.80,1169,473,988
52354,3628.45,0,0,0,0,-34.77,1169,473,988
52404,3592.81,0,0,0,0,-32.26,1169,473,988
52454,3610.98,0,0,-1,0,-51.50,1169,474,988
52504,3557.03,0,0,1,0,43.55,1169,475,988
52554,3597.98,0,0,1,0,42.64,1169,476,988
52604,3522.78,0,1,0,0,41.86,1170,477,988
52654,3576.54,0,0,0,0,-42.97,1170,478,988
52704,3554.50,0,0,1,0,33.16,1170,480,988
52754,3576.54,0,0,0,0,-43.80,1170,481,988
52804,3545.26,0,0,1,0,42.40,1170,483,988
52854,3565.49,0,0,0,0,-31.92,1170,484,988
52904,3576.54,0,0,0,0,-36.30,1170,485,988
52954,3549.46,0,0,1,0,436.73,1179,486,994
53004,3613.59,0,0,0,0,-122.96,1180,486,994
53054,3533.57,0,0,1,0,45.53,1180,488,994
53104,3587.66,0,0,1,0,45.62,1180,489,994
53154,3554.50,0,0,1,0,29.73,1180,491,994
53204,3598.85,0,0,1,0,33.16,1180,492,994
53254,3558.72,0,0,1,0,41.86,1180,493,994
53304,3599.71,0,0,0,0,20.45,1180,493,994
53354,3566.33,0,0,0,0,34.24,1180,493,994
53404,3648.75,0,0,-1,0,-130.92,1181,494,994
53454,3577.39,0,0,0,0,34.46,1181,494,994
53504,3619.69,0,0,0,0,34.46,1181,494,994
53554,3568.03,0,0,0,0,32.55,1181,494,994
53604,3623.19,0,0,0,0,-46.65,1181,494,994
53654,3593.67,0,0,0,0,-47.53,1181,494,994
53704,3638.13,0,0,0,0,-44.45,1181,494,994
53754,3604.04,0,0,0,0,-39.28,1181,494,994
53804,3631.08,0,0,0,0,-27.05,1181,495,994
53854,3581.66,0,0,0,0,-29.47,1181,495,994
53904,3619.69,0,0,0,0,-55.58,1181,495,994
53954,3570.58,0,0,0,0,52.61,1181,495,994
54004,3598.85,0,0,0,0,42.10,1181,495,994
54054,3546.10,0,0,1,0,51.02,1181,497,994
54104,3586.80,0,0,1,0,44.37,1181,498,994
54154,3553.66,0,0,1,0,34.00,1181,500,994
54204,3601.44,0,0,0,0,25.58,1181,500,994
54254,3577.39,0,0,0,0,34.46,1181,500,994
54304,3639.01,0,0,0,0,-47.06,1181,500,994
54354,3603.17,0,0,-1,0,-57.65,1181,501,994
54404,3642.54,0,0,-1,0,-38.51,1181,503,994
54454,3604.04,0,0,-1,0,-46.53,1181,504,994
54504,3647.86,0,0,-1,0,-55.91,1181,505,994
54554,3585.94,0,0,-1,0,-55.91,1181,505,994
54604,3635.48,0,0,0,0,-52.96,1181,505,994
54654,3604.90,0,0,0,0,-50.52,1181,505,994
54704,3614.46,0,0,-1,0,-37.64,1181,506,994
54754,3596.26,0,0,-1,0,-37.64,1181,506,994
54804,3652.30,0,0,-1,0,-49.13,1181,508,994
54854,3603.17,0,0,-1,0,-35.93,1181,509,994
54904,3662.11,0,0,-1,0,-48.52,1181,511,994
54955,3626.69,0,0,0,0,35.42,1181,512,994
55005,3663.00,0,0,-1,0,-37.19,1181,514,994
55055,3625.82,0,0,0,0,35.40,1181,515,994
55105,3605.77,0,0,-1,0,-24.71,1181,516,994
55155,3577.39,0,0,0,0,32.72,1181,516,994
55205,3630.20,0,0,0,0,-49.40,1181,516,994
55255,3594.54,0,0,0,0,-29.47,1181,516,994
55305,3624.06,0,0,0,0,-47.53,1181,516,994
55355,3592.81,0,0,0,0,-44.09,1181,516,994
55405,3624.06,0,0,0,0,-46.67,1181,516,994
55455,3581.66,0,0,0,0,-43.24,1181,516,994
55505,3639.01,0,0,0,0,-45.34,1181,516,994
55555,3592.81,0,0,0,0,-32.26,1181,516,994
55605,3642.54,0,0,-1,0,-37.64,1181,517,994
55655,3592.81,0,0,0,0,-33.06,1181,517,994
55705,3637.25,0,0,0,0,-43.57,1181,517,994
55755,3585.09,0,0,0,0,-43.57,1181,517,994
55805,3581.66,0,0,0,0,41.43,1181,517,994
55855,3569.73,0,0,0,0,50.84,1181,517,994
55905,3611.85,0,0,0,0,34.46,1181,517,994
55955,3568.03,0,0,0,0,33.41,1181,517,994
56005,3600.58,0,0,0,0,24.89,1181,517,994
56055,3577.39,0,0,0,0,23.19,1181,517,994
56105,3611.85,0,0,0,0,40.36,1181,517,994
56155,3577.39,0,0,0,0,33.59,1181,517,994
56205,3571.43,0,0,0,0,1.70,1181,517,994
56255,3576.54,0,0,0,0,39.66,1181,517,994
56305,3619.69,0,0,0,0,-46.65,1181,517,994
56355,3532.74,0,0,1,0,45.51,1181,518,994
56406,3598.85,0,0,1,0,29.59,1181,519,994
56456,3533.57,0,0,1,0,42.97,1181,521,994
56506,3587.66,0,0,1,0,31.26,1181,522,994
56556,3523.61,0,0,0,0,41.03,1181,523,994
56606,3577.39,0,0,0,0,-42.99,1181,524,994
56656,3555.34,0,0,1,0,30.60,1181,526,994
56706,3597.12,0,0,1,0,42.64,1181,527,994
56756,3554.50,0,0,1,0,43.48,1181,529,994
56806,3611.85,0,0,0,0,35.90,1181,529,994
56857,3555.34,0,0,1,0,34.03,1181,530,994
56907,3585.94,0,0,1,0,32.31,1181,531,994
56957,3564.64,0,0,0,0,32.48,1181,532,994
57007,3567.18,0,0,0,0,43.80,1181,532,994
57057,3629.32,0,0,0,0,299.43,1188,532,1008
57107,3593.67,0,-5,0,-5,-753.88,1197,532,1014
57157,3616.20,0,-5,0,-5,-793.12,1206,532,1019
57207,3592.81,0,-6,0,-5,-852.78,1216,532,1025
57257,3602.31,0,0,0,0,466.32,1226,532,1031
57307,3593.67,0,0,0,0,-26.14,1226,532,1031
57357,3605.77,0,-4,0,-3,-564.70,1233,532,1043
57407,3501.40,0,1,0,0,390.66,1240,532,1078
57457,3639.89,0,0,0,0,348.41,1247,532,1082
57507,3501.40,0,1,0,0,394.70,1254,532,1120
57558,3623.19,0,0,0,0,28.22,1261,533,1124
57608,3671.97,0,0,0,0,-56.64,1261,534,1124
57658,3641.66,0,0,-1,0,31.21,1261,535,1124
57708,3661.22,0,0,-1,0,-9.80,1262,537,1124
57758,3630.20,0,0,0,0,42.67,1262,537,1124
57808,3650.52,0,0,-1,0,-23.83,1262,539,1124
57858,3615.33,0,0,-1,0,-44.82,1262,540,1124
57908,3624.06,0,0,0,0,-8.73,1262,541,1124
57958,3582.52,0,0,0,0,-45.82,1262,541,1124
58008,3639.01,0,0,0,0,-56.49,1262,541,1124
58058,3581.66,0,0,0,0,-31.40,1262,541,1124
58108,3629.32,0,0,0,0,-36.51,1262,541,1124
58158,3591.09,0,0,-1,0,-60.23,1262,542,1124
58208,3629.32,0,0,0,0,-35.65,1262,542,1124
58258,3593.67,0,0,0,0,-48.78,1262,542,1124
58308,3642.54,0,0,-1,0,-38.51,1262,544,1124
58358,3602.31,0,0,-1,0,-54.21,1262,545,1124
58408,3642.54,0,0,-1,0,-38.51,1262,547,1124
58458,3615.33,0,0,-1,0,-46.53,1262,548,1124
58508,3663.00,0,0,-1,0,-47.68,1262,550,1124
58558,3615.33,0,0,-1,0,-33.48,1262,551,1124
58608,3652.30,0,0,-1,0,-36.97,1262,553,1124
58658,3593.67,0,0,0,0,-22.71,1262,553,1124
58708,3624.06,0,0,0,0,-46.67,1262,553,1124
58758,3586.80,0,0,0,0,46.67,1262,553,1124
58808,3590.23,0,0,0,0,41.43,1262,553,1124
58858,3545.26,0,0,1,0,31.28,1262,555,1124
58908,3587.66,0,0,1,0,53.56,1262,556,1124
58958,3544.42,0,0,1,0,32.11,1262,558,1124
59008,3609.24,0,0,1,0,42.62,1262,559,1124
59058,3559.56,0,0,1,0,41.88,1262,560,1124
59108,3610.11,0,0,0,0,24.00,1262,560,1124
59158,3576.54,0,0,0,0,35.31,1262,560,1124
59208,3587.66,0,0,1,0,34.01,1262,561,1124
59259,3545.26,0,0,1,0,44.11,1262,562,1124
59309,3556.19,0,0,1,0,29.76,1262,563,1124
59359,3604.90,0,-5,0,-5,-819.30,1271,563,1130
59409,3559.56,0,0,1,0,446.85,1280,564,1136
59459,3512.06,0,1,0,0,387.08,1287,564,1171
59509,3525.26,0,0,0,0,206.08,1290,564,1183
59559,3567.18,0,0,0,0,-55.95,1291,565,1183
59609,3533.57,0,0,1,0,42.12,1292,566,1183
59659,3577.39,0,0,0,0,-33.80,1292,567,1183
59709,3554.50,0,0,1,0,33.16,1292,569,1183
59759,3597.98,0,0,1,0,44.32,1292,570,1183
59809,3573.13,0,0,0,0,25.72,1292,571,1183
59859,3613.59,0,0,0,0,41.21,1292,571,1183
59909,3586.80,0,0,0,0,41.21,1292,571,1183
59959,3630.20,0,0,0,0,-46.83,1292,571,1183
60009,3582.52,0,0,0,0,-51.38,1292,571,1183
60059,3612.72,0,0,0,0,38.77,1292,571,1183
60109,3586.80,0,0,0,0,38.77,1292,571,1183
60160,3610.98,0,0,0,0,-33.76,1292,571,1183
60210,3571.43,0,0,0,0,51.76,1292,571,1183
60260,3602.31,0,0,0,0,25.72,1292,571,1183
60310,3586.80,0,0,0,0,25.72,1292,571,1183
60360,3610.98,0,0,0,0,-50.44,1292,571,1183
60410,3593.67,0,0,0,0,-48.54,1292,571,1183
60460,3652.30,0,0,-1,0,-48.26,1292,572,1183
60510,3602.31,0,0,-1,0,-35.93,1292,573,1183
60560,3633.72,0,0,0,0,-29.68,1292,573,1183
60610,3604.04,0,0,-1,0,-49.01,1292,574,1183
60660,3649.63,0,0,-1,0,-45.60,1292,575,1183
60710,3615.33,0,0,-1,0,-32.61,1292,576,1183
60760,3653.19,0,0,-1,0,-39.60,1292,578,1183
60810,3615.33,0,0,-1,0,-44.19,1292,579,1183
60860,3671.07,0,0,0,0,-52.25,1292,579,1183
60910,3615.33,0,0,-1,0,-25.58,1292,580,1183
60960,3642.54,0,0,-1,0,-39.37,1292,582,1183
61010,3604.04,0,0,-1,0,-35.04,1292,583,1183
61060,3604.90,0,0,-1,0,-42.94,1292,584,1183
61110,3592.81,0,0,0,0,18.51,1292,585,1183
61160,3618.82,0,0,0,0,18.51,1292,585,1183
61210,3581.66,0,0,0,0,-43.38,1292,585,1183
61260,3618.82,0,0,0,0,-43.28,1292,585,1183
61310,3566.33,0,0,0,0,45.51,1292,585,1183
61360,3611.85,0,0,0,0,43.80,1292,585,1183
61410,3568.03,0,0,0,0,42.95,1292,585,1183
61460,3611.85,0,0,0,0,34.24,1292,585,1183
61510,3568.88,0,0,0,0,42.97,1292,585,1183
61560,3612.72,0,0,0,0,32.72,1292,585,1183
61611,3577.39,0,0,0,0,42.30,1292,585,1183
61661,3599.71,0,0,0,0,42.95,1292,585,1183
61711,3554.50,0,0,1,0,34.87,1292,586,1183
61761,3586.80,0,0,1,0,45.19,1292,587,1183
61811,3553.66,0,0,1,0,45.19,1292,589,1183
61861,3587.66,0,0,1,0,43.48,1292,590,1183
61911,3555.34,0,0,1,0,32.31,1292,592,1183
61961,3598.85,0,0,0,0,20.45,1292,592,1183
62011,3567.18,0,0,0,0,44.66,1292,592,1183
62061,3611.85,0,0,0,0,24.89,1292,592,1183
62111,3582.52,0,0,0,0,-44.92,1292,592,1183
62161,3629.32,0,0,0,0,-37.37,1292,592,1183
62211,3591.95,0,0,0,0,-49.63,1292,592,1183
62261,3638.13,0,0,0,0,-45.31,1292,593,1183
62311,3582.52,0,0,0,0,-42.54,1292,593,1183
62361,3619.69,0,0,0,0,-51.20,1292,593,1183
62411,3592.81,0,0,0,0,-34.77,1292,593,1183
62461,3630.20,0,0,0,0,-38.25,1292,593,1183
62511,3591.95,0,0,0,0,-33.14,1292,593,1183
62561,3642.54,0,0,-1,0,-38.51,1292,595,1183
62611,3615.33,0,0,-1,0,-46.53,1292,596,1183
62661,3662.11,0,0,-1,0,-35.42,1292,598,1183
62711,3615.33,0,0,-1,0,-32.59,1292,599,1183
62761,3653.19,0,0,-1,0,-50.02,1292,601,1183
62811,3604.04,0,0,-1,0,-37.66,1292,602,1183
62861,3622.31,0,0,0,0,-18.28,1292,603,1183
62911,3592.81,0,0,0,0,-46.67,1292,603,1183
62961,3554.50,0,0,1,0,28.87,1292,604,1183
63011,3533.57,0,0,1,0,34.46,1293,605,1183
63062,3586.80,0,0,1,0,41.26,1293,606,1183
63112,3543.59,0,0,1,0,21.90,1293,608,1183
63162,3587.66,0,0,1,0,22.89,1293,609,1183
63212,3544.42,0,0,1,0,54.42,1293,611,1183
63262,3557.03,0,0,1,0,-36.73,1294,613,1183
63312,3523.61,0,0,0,0,46.12,1294,613,1183
63362,3585.94,0,0,1,0,43.84,1294,614,1183
63412,3546.10,0,0,1,0,51.89,1294,616,1183
63462,3600.58,0,0,0,0,21.30,1294,616,1183
63512,3576.54,0,0,0,0,35.31,1294,616,1183
63562,3609.24,0,0,0,0,35.31,1294,616,1183
63612,3593.67,0,0,0,0,-43.38,1294,616,1183
63662,3639.01,0,0,0,0,-45.34,1294,616,1183
63712,3604.04,0,0,0,0,-38.42,1294,616,1183
63762,3642.54,0,0,-1,0,-37.64,1294,617,1183
63812,3614.46,0,0,-1,0,-35.91,1294,618,1183
63862,3652.30,0,0,-1,0,-38.71,1294,620,1183
63912,3615.33,0,0,-1,0,-32.44,1294,621,1183
63962,3652.30,0,0,-1,0,-48.26,1294,622,1183
64012,3593.67,0,0,0,0,-25.35,1294,622,1183
64062,3629.32,0,0,0,0,-46.81,1294,622,1183
64112,3591.95,0,0,0,0,-40.83,1294,622,1183
64162,3577.39,0,0,0,0,-8.51,1294,622,1183
64212,3546.10,0,0,1,0,51.89,1294,624,1183
64262,3545.26,0,0,1,0,29.57,1294,625,1183
64312,3593.67,0,-5,0,-5,-831.68,1304,625,1189
64362,3551.14,0,0,1,0,429.76,1312,626,1193
64412,3501.40,0,1,0,0,360.60,1319,626,1223
64462,3501.40,0,1,0,0,329.04,1323,626,1238
64512,3613.59,0,-2,0,-11,-276.28,1326,626,1249
64562,3557.87,0,0,1,0,43.57,1326,627,1249
64612,3600.58,0,0,0,0,27.41,1326,627,1249
64662,3573.13,0,0,0,0,25.72,1326,627,1249
64712,3611.85,0,0,0,0,32.53,1326,627,1249
64762,3586.80,0,0,0,0,37.87,1326,627,1249
64812,3612.72,0,0,0,0,42.30,1326,627,1249
64862,3576.54,0,0,0,0,43.15,1326,627,1249
64912,3533.57,0,0,1,0,37.86,1326,628,1249
64962,3509.59,0,1,0,0,26.48,1328,629,1249
65012,3555.34,0,0,1,0,-33.39,1329,631,1249
65062,3509.59,0,1,0,0,46.60,1331,632,1249
65112,3559.56,0,0,1,0,-35.13,1331,633,1249
65162,3534.40,0,0,1,0,34.48,1331,634,1249
65212,3574.83,0,0,0,0,-40.43,1331,635,1249
65262,3536.90,0,0,1,0,49.04,1331,637,1249
65312,3586.80,0,0,1,0,30.44,1331,638,1249
65362,3534.40,0,0,1,0,41.28,1331,640,1249
65412,3586.80,0,0,1,0,19.50,1331,641,1249
65462,3573.98,0,0,0,0,24.87,1331,641,1249
65512,3611.85,0,0,0,0,21.35,1331,641,1249
65562,3576.54,0,0,0,0,24.04,1331,641,1249
65612,3629.32,0,0,0,0,-42.52,1331,641,1249
65662,3593.67,0,0,0,0,-42.54,1331,641,1249
65712,3642.54,0,0,-1,0,-39.37,1331,642,1249
65762,3615.33,0,0,-1,0,-54.61,1331,643,1249
65812,3652.30,0,0,-1,0,-47.40,1331,644,1249
65862,3615.33,0,0,-1,0,-43.06,1331,645,1249
65912,3653.19,0,0,-1,0,-37.86,1331,647,1249
65963,3615.33,0,0,-1,0,-45.66,1331,648,1249
66013,3661.22,0,0,-1,0,-35.40,1331,650,1249
66063,3603.17,0,0,-1,0,-34.17,1331,651,1249
66113,3652.30,0,0,-1,0,-49.13,1331,653,1249
66163,3614.46,0,0,-1,0,-25.48,1331,654,1249
66213,3643.43,0,0,-1,0,-41.12,1331,656,1249
66263,3604.90,0,0,0,0,-27.08,1331,656,1249
66313,3616.20,0,0,0,0,28.35,1331,656,1249
66363,3557.87,0,0,1,0,43.57,1331,657,1249
66413,3600.58,0,0,0,0,35.04,1331,657,1249
66463,3577.39,0,0,0,0,34.46,1331,657,1249
66513,3610.98,0,0,0,0,-44.92,1331,657,1249
66563,3533.57,0,0,1,0,44.68,1331,658,1249
66613,3554.50,0,0,1,0,-20.93,1331,660,1249
66663,3511.24,0,1,0,0,44.95,1333,661,1249
66713,3568.03,0,0,0,0,-56.79,1334,662,1249
66763,3579.10,0,0,0,0,-59.62,1335,662,1249
66813,3549.46,0,0,1,0,471.99,1345,663,1256
66863,3500.58,0,1,0,0,378.39,1352,663,1280
66913,3536.07,0,0,1,0,49.02,1352,664,1280
66963,3586.80,0,0,1,0,38.99,1352,665,1280
67013,3544.42,0,0,1,0,35.53,1352,667,1280
67063,3598.85,0,0,1,0,33.14,1352,668,1280
67113,3568.88,0,0,0,0,30.83,1352,668,1280
67163,3623.19,0,0,0,0,-54.31,1352,668,1280
67213,3593.67,0,0,0,0,-46.65,1352,668,1280
67263,3639.01,0,0,0,0,-46.20,1352,668,1280
67313,3603.17,0,0,-1,0,-41.12,1352,669,1280
67363,3653.19,0,0,-1,0,-37.86,1352,671,1280
67414,3615.33,0,0,-1,0,-45.93,1352,672,1280
67464,3630.20,0,0,0,0,-39.97,1352,672,1280
67514,3515.35,0,1,0,0,121.90,1353,672,1280
67564,3611.85,0,0,0,0,110.19,1354,672,1283
67614,3568.03,0,0,0,0,42.08,1354,672,1283
67664,3592.81,0,0,0,0,42.08,1354,672,1283
67714,3558.72,0,0,1,0,41.86,1354,673,1283
67764,3597.98,0,0,1,0,29.74,1354,674,1283
67814,3559.56,0,0,1,0,50.55,1354,676,1283
67864,3611.85,0,0,0,0,41.19,1354,676,1283
67914,3525.26,0,0,0,0,86.58,1354,676,1283
67964,3629.32,0,0,0,0,-47.66,1355,676,1284
68014,3582.52,0,0,0,0,-58.06,1355,676,1284
68064,3629.32,0,0,0,0,-36.51,1355,676,1284
68114,3595.40,0,0,0,0,-36.51,1355,676,1284
68164,3639.01,0,0,0,0,-53.92,1355,676,1284
68214,3592.81,0,0,0,0,-48.78,1355,676,1284
68264,3599.71,0,0,0,0,23.13,1355,676,1284
68314,3577.39,0,0,0,0,34.46,1355,676,1284
68364,3600.58,0,0,0,0,45.53,1355,676,1284
68414,3568.88,0,0,0,0,41.23,1355,676,1284
68464,3600.58,0,0,0,0,34.44,1355,676,1284
68514,3557.03,0,0,1,0,43.55,1355,677,1284
68564,3610.98,0,0,0,0,41.21,1355,677,1284
68614,3566.33,0,0,0,0,45.51,1355,677,1284
68664,3623.19,0,0,0,0,-46.65,1355,677,1284
68714,3592.81,0,0,0,0,-39.95,1355,677,1284
68764,3629.32,0,0,0,0,-35.65,1355,677,1284
68814,3604.04,0,0,-1,0,-41.08,1355,678,1284
68864,3643.43,0,0,-1,0,-38.53,1355,679,1284
68914,3603.17,0,0,0,0,-27.08,1355,679,1284
68964,3633.72,0,0,0,0,-28.82,1355,679,1284
69014,3603.17,0,0,-1,0,-49.01,1355,680,1284
69064,3643.43,0,0,-1,0,-29.84,1355,682,1284
69114,3604.04,0,0,-1,0,-33.48,1355,683,1284
69164,3642.54,0,0,-1,0,-40.24,1355,685,1284
69214,3592.81,0,0,0,0,-42.75,1355,685,1284
69264,3639.01,0,0,0,0,-46.20,1355,686,1284
69314,3582.52,0,0,0,0,-39.95,1355,686,1284
69364,3639.01,0,0,0,0,-45.34,1355,686,1284
69414,3603.17,0,0,-1,0,-41.08,1355,687,1284
69464,3629.32,0,0,0,0,-35.65,1355,687,1284
69514,3591.95,0,0,0,0,-51.38,1355,687,1284
69564,3630.20,0,0,0,0,-36.53,1355,687,1284
69614,3593.67,0,0,0,0,-40.81,1355,687,1284
69664,3639.01,0,0,0,0,-47.06,1355,687,1284
69714,3603.17,0,0,0,0,-31.42,1355,687,1284
69764,3554.50,0,0,1,0,-10.08,1355,689,1284
69814,3521.95,0,1,0,0,46.93,1357,689,1284
69864,3531.07,0,0,1,0,3.33,1357,691,1284
69914,3520.30,0,1,0,0,25.80,1359,692,1284
69964,3567.18,0,0,0,0,-44.40,1360,692,1284
70014,3546.10,0,0,1,0,28.73,1360,694,1284
70064,3498.95,0,1,0,0,38.79,1361,695,1284
70114,3409.87,0,2,0,0,39.20,1364,695,1284
70164,3272.25,0,4,0,1,226.70,1374,695,1298
70214,3152.58,0,5,0,0,37.55,1388,695,1298
70264,3067.48,0,6,0,0,25.94,1400,695,1298
70315,2925.69,1,8,0,0,48.14,1423,695,1298
70365,2838.22,0,9,0,0,50.28,1441,695,1298
70415,2748.76,0,11,0,0,60.23,1462,695,1298
70465,2685.28,29,11,0,23,134.79,1496,695,1359
70515,2487.97,15,14,0,8,50.53,1523,695,1392
70565,2495.84,14,14,0,9,54.31,1550,695,1411
70615,2389.68,1,15,0,-6,-39.32,1581,695,1439
70665,2300.26,18,16,0,8,59.71,1613,695,1451
70715,2217.62,17,17,0,2,18.18,1647,695,1462
70765,2154.24,2,18,0,9,63.38,1665,695,1471
70815,2102.02,2,19,0,1,9.17,1703,695,1477
70865,1997.87,19,20,0,8,59.46,1743,695,1491
70915,1965.41,0,21,0,4,32.46,1764,695,1495
70965,1902.59,10,22,0,3,30.90,1807,695,1501
71015,1844.11,0,22,0,7,58.48,1829,695,1508
71065,1803.97,3,23,0,-5,-49.17,1875,695,1523
71115,1786.99,0,23,0,1,16.98,1898,695,1524
71165,1665.00,22,25,0,2,24.57,1947,695,1537
71215,1626.72,29,25,0,4,38.28,1972,695,1541
71265,1601.20,27,25,0,2,25.53,1997,695,1543
71315,1527.96,27,26,0,1,12.40,2049,695,1550
71365,1464.56,33,27,0,6,63.40,2076,695,1556
71415,1454.05,28,27,0,1,10.51,2103,695,1557
71465,1388.25,34,28,0,6,65.81,2131,695,1563
71515,1378.42,28,28,0,0,9.82,2159,695,1563
71565,1312.45,34,29,0,5,65.97,2188,695,1568
71615,1303.89,29,29,0,0,8.56,2217,695,1568
71665,1237.11,35,30,0,5,66.78,2247,695,1573
71715,1218.82,31,30,0,1,18.29,2277,695,1574
71766,1168.50,34,31,0,3,50.32,2308,695,1577
71816,1154.47,32,31,0,1,14.03,2339,695,1578
71866,1082.33,37,32,0,5,72.14,2371,695,1583
71916,1077.66,32,32,0,0,4.67,2403,695,1583
71966,1013.86,37,33,0,4,63.81,2436,695,1587
72016,996.81,34,33,0,1,17.05,2469,695,1588
72066,996.81,34,33,0,1,17.05,2469,695,1588
72116,907.55,40,35,0,5,89.26,2504,695,1593
72166,932.02,33,34,0,-1,-24.47,2538,695,1594
72216,842.93,40,35,0,5,89.09,2573,695,1599
72266,842.93,40,35,0,5,89.09,2573,695,1599
72316,833.15,35,35,0,0,9.79,2608,695,1599
72366,745.56,41,37,0,4,87.58,2645,695,1603
72416,745.56,41,37,0,4,87.58,2645,695,1603
72466,741.51,37,37,0,0,4.05,2682,695,1603
72516,741.51,37,37,0,0,4.05,2682,695,1603
72566,670.63,41,38,0,3,70.88,2720,695,1606
72616,670.63,41,38,0,3,70.88,2720,695,1606
72666,641.96,39,38,0,1,28.67,2758,695,1607
72716,641.96,39,38,0,1,28.67,2758,695,1607
72766,560.29,42,39,0,3,81.67,2797,695,1610
72816,560.29,42,39,0,3,81.67,2797,695,1610
72866,524.88,40,39,0,1,35.41,2836,695,1611
72916,524.88,40,39,0,1,35.41,2836,695,1611
72966,524.88,40,39,0,1,35.41,2836,695,1611
73016,426.49,43,41,0,2,98.39,2877,695,1613
73066,426.49,43,41,0,2,98.39,2877,695,1613
73116,426.49,43,41,0,2,98.39,2877,695,1613
73166,366.31,43,42,0,1,60.18,2919,695,1614
73216,366.31,43,42,0,1,60.18,2919,695,1614
73266,366.31,43,42,0,1,60.18,2919,695,1614
73316,366.31,43,42,0,1,60.18,2919,695,1614
74172,58.48,-43,42,0,1,60.18,2919,695,1614
74222,58.48,-43,42,0,1,60.18,2919,695,1614
74272,58.48,-43,42,0,1,60.18,2919,695,1614
74322,58.48,-43,42,0,1,60.18,2919,695,1614
74372,58.48,-43,42,0,1,60.18,2919,695,1614
74422,0.00,-43,42,0,1,60.18,2919,695,1614
74472,0.00,-43,42,0,1,60.18,2919,695,1614
74522,0.00,-43,42,0,1,60.18,2919,695,1614
74572,0.00,-43,42,0,1,60.18,2919,695,1614
74622,0.00,-43,42,0,1,60.18,2919,695,1614
74672,0.00,-43,42,0,1,60.18,2919,695,1614
74722,0.00,-43,42,0,1,60.18,2919,695,1614
74772,0.00,-43,42,0,1,60.18,2919,695,1614
74822,0.00,-43,42,0,1,60.18,2919,695,1614
74872,0.00,-43,42,0,1,60.18,2919,695,1614
74923,0.00,-43,42,0,1,60.18,2919,695,1614
74973,0.00,-43,42,0,1,60.18,2919,695,1614
75023,0.00,-43,42,0,1,60.18,2919,695,1614
75073,0.00,-43,42,0,1,60.18,2919,695,1614
75123,0.00,-43,42,0,1,60.18,2919,695,1614
75173,0.00,-43,42,0,1,60.18,2919,695,1614
75223,0.00,-43,42,0,1,60.18,2919,695,1614
75273,0.00,-43,42,0,1,60.18,2919,695,1614
75323,0.00,-43,42,0,1,60.18,2919,695,1614
75373,0.00,-43,42,0,1,60.18,2919,695,1614
75423,0.00,-43,42,0,1,60.18,2919,695,1614
75473,0.00,-43,42,0,1,60.18,2919,695,1614
75523,0.00,-43,42,0,1,60.18,2919,695,1614
75573,0.00,-43,42,0,1,60.18,2919,695,1614
75623,0.00,-43,42,0,1,60.18,2919,695,1614
75673,0.00,-43,42,0,1,60.18,2919,695,1614
75723,0.00,-43,42,0,1,60.18,2919,695,1614
75773,0.00,-43,42,0,1,60.18,2919,695,1614
75823,0.00,-43,42,0,1,60.18,2919,695,1614
75873,0.00,-43,42,0,1,60.18,2919,695,1614
75923,0.00,-43,42,0,1,60.18,2919,695,1614
75973,0.00,-43,42,0,1,60.18,2919,695,1614
76023,0.00,-43,42,0,1,60.18,2919,695,1614
76073,0.00,-43,42,0,1,60.18,2919,695,1614
76123,0.00,-43,42,0,1,60.18,2919,695,1614
76173,0.00,-43,42,0,1,60.18,2919,695,1614
76223,0.00,-43,42,0,1,60.18,2919,695,1614
76273,0.00,-43,42,0,1,60.18,2919,695,1614
76323,0.00,-43,42,0,1,60.18,2919,695,1614
76374,0.00,-43,42,0,1,60.18,2919,695,1614
76424,0.00,-43,42,0,1,60.18,2919,695,1614
76474,0.00,-43,42,0,1,60.18,2919,695,1614
76524,0.00,-43,42,0,1,60.18,2919,695,1614
76574,0.00,-43,42,0,1,60.18,2919,695,1614
76624,0.00,-43,42,0,1,60.18,2919,695,1614
76674,0.00,-43,42,0,1,60.18,2919,695,1614
76724,0.00,-43,42,0,1,60.18,2919,695,1614
76774,0.00,-43,42,0,1,60.18,2919,695,1614
76824,0.00,-43,42,0,1,60.18,2919,695,1614
76874,0.00,-43,42,0,1,60.18,2919,695,1614
76924,0.00,-43,42,0,1,60.18,2919,695,1614
76974,0.00,-43,42,0,1,60.18,2919,695,1614
77024,0.00,-43,42,0,1,60.18,2919,695,1614
77074,0.00,-43,42,0,1,60.18,2919,695,1614
77124,0.00,-43,42,0,1,60.18,2919,695,1614
77174,0.00,-43,42,0,1,60.18,2919,695,1614
77224,0.00,-43,42,0,1,60.18,2919,695,1614
77274,0.00,-43,42,0,1,60.18,2919,695,1614
77324,0.00,-43,42,0,1,60.18,2919,695,1614
77374,0.00,-43,42,0,1,60.18,2919,695,1614
77424,0.00,-43,42,0,1,60.18,2919,695,1614
77474,0.00,-43,42,0,1,60.18,2919,695,1614
77524,0.00,-43,42,0,1,60.18,2919,695,1614
77574,0.00,-43,42,0,1,60.18,2919,695,1614
77624,0.00,-43,42,0,1,60.18,2919,695,1614
77674,0.00,-43,42,0,1,60.18,2919,695,1614
77724,0.00,-43,42,0,1,60.18,2919,695,1614
77774,0.00,-43,42,0,1,60.18,2919,695,1614
77824,0.00,-43,42,0,1,60.18,2919,695,1614
77874,0.00,-43,42,0,1,60.18,2919,695,1614
77924,0.00,-43,42,0,1,60.18,2919,695,1614
77974,0.00,-43,42,0,1,60.18,2919,695,1614
78024,0.00,-43,42,0,1,60.18,2919,695,1614
78074,0.00,-43,42,0,1,60.18,2919,695,1614
78124,0.00,-43,42,0,1,60.18,2919,695,1614
78174,0.00,-43,42,0,1,60.18,2919,695,1614
78224,0.00,-43,42,0,1,60.18,2919,695,1614
78274,0.00,-43,42,0,1,60.18,2919,695,1614
78324,0.00,-43,42,0,1,60.18,2919,695,1614
78374,0.00,-43,42,0,1,60.18,2919,695,1614
78424,0.00,-43,42,0,1,60.18,2919,695,1614
78474,0.00,-43,42,0,1,60.18,2919,695,1614
78524,0.00,-43,42,0,1,60.18,2919,695,1614
78574,0.00,-43,42,0,1,60.18,2919,695,1614
78624,0.00,-43,42,0,1,60.18,2919,695,1614
78674,0.00,-43,42,0,1,60.18,2919,695,1614
78724,0.00,-43,42,0,1,60.18,2919,695,1614
78774,0.00,-43,42,0,1,60.18,2919,695,1614
78824,0.00,-43,42,0,1,60.18,2919,695,1614
78874,0.00,-43,42,0,1,60.18,2919,695,1614
78924,0.00,-43,42,0,1,60.18,2919,695,1614
78974,0.00,-43,42,0,1,60.18,2919,695,1614
79024,0.00,-43,42,0,1,60.18,2919,695,1614
79074,0.00,-43,42,0,1,60.18,2919,695,1614
79124,0.00,-43,42,0,1,60.18,2919,695,1614
79174,0.00,-43,42,0,1,60.18,2919,695,1614
79224,0.00,-43,42,0,1,60.18,2919,695,1614
79275,0.00,-43,42,0,1,60.18,2919,695,1614
79325,0.00,-43,42,0,1,60.18,2919,695,1614
79375,0.00,-43,42,0,1,60.18,2919,695,1614
79425,0.00,-43,42,0,1,60.18,2919,695,1614
79475,0.00,-43,42,0,1,60.18,2919,695,1614
79525,0.00,-43,42,0,1,60.18,2919,695,1614
79575,0.00,-43,42,0,1,60.18,2919,695,1614
79625,0.00,-43,42,0,1,60.18,2919,695,1614
79675,0.00,-43,42,0,1,60.18,2919,695,1614
79725,0.00,-43,42,0,1,60.18,2919,695,1614
79775,0.00,-43,42,0,1,60.18,2919,695,1614
79825,0.00,-43,42,0,1,60.18,2919,695,1614
79875,0.00,-43,42,0,1,60.18,2919,695,1614
79925,0.00,-43,42,0,1,60.18,2919,695,1614
79975,0.00,-43,42,0,1,60.18,2919,695,1614
80025,0.00,-43,42,0,1,60.18,2919,695,1614
80075,0.00,-43,42,0,1,60.18,2919,695,1614
80125,0.00,-43,42,0,1,60.18,2919,695,1614
80175,0.00,-43,42,0,1,60.18,2919,695,1614
80225,0.00,-43,42,0,1,60.18,2919,695,1614
80275,0.00,-43,42,0,1,60.18,2919,695,1614
80325,0.00,-43,42,0,1,60.18,2919,695,1614
80375,0.00,-43,42,0,1,60.18,2919,695,1614
