Microcontroller Governor - Constant Load(1500 W)
Trial: 2
Date: 4-5-2023
Time: 3:09 PM
Ambient Temp: 83
Head Temp: 207.1

------ Microcontroller Engine Governor - Version: 1.16 ------
-------------------------------------------------------------
PID Gains:  Kp: 0.013  KpAlt: 0.025  Kd: 0.100  KdAlt: 4.000
-------------------------------------------------------------
Set RPM:             3600    |  Min RPM:                 300
                             |
RPM Precision:       20      |  PID Kp Alt Range:        70
                             |
Start Steps:         850     |  Max Steps:               1200
                             |
RPM Calc Interval:   1       |  Num Magnets:             1
                             |
LCD Update Interval: 400     |  Serial Update Interval:  50
-------------------------------------------------------------

Time,RPM,Steps Remaining, PID p, PID p Alt, PID d, RPM Change, P Cmd, P Alt Cmd, D Cmd
1729,0.00,0,0,0,0,0.00,0,0,0
1779,0.00,0,0,0,0,0.00,0,0,0
1829,0.00,0,0,0,0,0.00,0,0,0
1879,0.00,0,0,0,0,0.00,0,0,0
1929,0.00,0,0,0,0,0.00,0,0,0
1979,0.00,0,0,0,0,0.00,0,0,0
2029,0.00,0,0,0,0,0.00,0,0,0
2079,0.00,0,0,0,0,0.00,0,0,0
2129,0.00,0,0,0,0,0.00,0,0,0
2179,0.00,0,0,0,0,0.00,0,0,0
2229,0.00,0,0,0,0,0.00,0,0,0
2279,0.00,0,0,0,0,0.00,0,0,0
2329,0.00,0,0,0,0,0.00,0,0,0
2379,0.00,0,0,0,0,0.00,0,0,0
2429,0.00,0,0,0,0,0.00,0,0,0
2479,0.00,0,0,0,0,0.00,0,0,0
2529,0.00,0,0,0,0,0.00,0,0,0
2579,0.00,0,0,0,0,0.00,0,0,0
2629,0.00,0,0,0,0,0.00,0,0,0
2679,0.00,0,0,0,0,0.00,0,0,0
2729,0.00,0,0,0,0,0.00,0,0,0
2779,0.00,0,0,0,0,0.00,0,0,0
2829,0.00,0,0,0,0,0.00,0,0,0
2879,0.00,0,0,0,0,0.00,0,0,0
2929,0.00,0,0,0,0,0.00,0,0,0
2979,0.00,0,0,0,0,0.00,0,0,0
3030,0.00,0,0,0,0,0.00,0,0,0
3080,0.00,0,0,0,0,0.00,0,0,0
3130,0.00,0,0,0,0,0.00,0,0,0
3180,0.00,0,0,0,0,0.00,0,0,0
3230,0.00,0,0,0,0,0.00,0,0,0
3280,0.00,0,0,0,0,0.00,0,0,0
3330,0.00,0,0,0,0,0.00,0,0,0
3380,0.00,0,0,0,0,0.00,0,0,0
3430,0.00,0,0,0,0,0.00,0,0,0
3480,0.00,0,0,0,0,0.00,0,0,0
3530,0.00,0,0,0,0,0.00,0,0,0
3580,0.00,0,0,0,0,0.00,0,0,0
3630,0.00,0,0,0,0,0.00,0,0,0
3680,0.00,0,0,0,0,0.00,0,0,0
3730,0.00,0,0,0,0,0.00,0,0,0
3780,0.00,0,0,0,0,0.00,0,0,0
3830,0.00,0,0,0,0,0.00,0,0,0
3880,0.00,0,0,0,0,0.00,0,0,0
3930,0.00,0,0,0,0,0.00,0,0,0
3980,0.00,0,0,0,0,0.00,0,0,0
4030,0.00,0,0,0,0,0.00,0,0,0
4080,0.00,0,0,0,0,0.00,0,0,0
4130,0.00,0,0,0,0,0.00,0,0,0
4180,0.00,0,0,0,0,0.00,0,0,0
4230,0.00,0,0,0,0,0.00,0,0,0
4280,0.00,0,0,0,0,0.00,0,0,0
4330,0.00,0,0,0,0,0.00,0,0,0
4380,0.00,0,0,0,0,0.00,0,0,0
4430,0.00,0,0,0,0,0.00,0,0,0
4480,0.00,0,0,0,0,0.00,0,0,0
4530,0.00,0,0,0,0,0.00,0,0,0
4580,0.00,0,0,0,0,0.00,0,0,0
4630,0.00,0,0,0,0,0.00,0,0,0
4680,0.00,0,0,0,0,0.00,0,0,0
4730,0.00,0,0,0,0,0.00,0,0,0
4780,0.00,0,0,0,0,0.00,0,0,0
4830,0.00,0,0,0,0,0.00,0,0,0
4880,0.00,0,0,0,0,0.00,0,0,0
4930,0.00,0,0,0,0,0.00,0,0,0
4980,0.00,0,0,0,0,0.00,0,0,0
5030,0.00,0,0,0,0,0.00,0,0,0
5080,0.00,0,0,0,0,0.00,0,0,0
5130,0.00,0,0,0,0,0.00,0,0,0
5180,0.00,0,0,0,0,0.00,0,0,0
5230,0.00,0,0,0,0,0.00,0,0,0
5280,0.00,0,0,0,0,0.00,0,0,0
5330,0.00,0,0,0,0,0.00,0,0,0
5380,0.00,0,0,0,0,0.00,0,0,0
5430,0.00,0,0,0,0,0.00,0,0,0
5480,0.00,0,0,0,0,0.00,0,0,0
5530,0.00,0,0,0,0,0.00,0,0,0
5580,0.00,0,0,0,0,0.00,0,0,0
5630,0.00,0,0,0,0,0.00,0,0,0
5680,0.00,0,0,0,0,0.00,0,0,0
5730,0.00,0,0,0,0,0.00,0,0,0
5780,0.00,0,0,0,0,0.00,0,0,0
5830,0.00,0,0,0,0,0.00,0,0,0
5880,0.00,0,0,0,0,0.00,0,0,0
5931,0.00,0,0,0,0,0.00,0,0,0
5981,0.00,0,0,0,0,0.00,0,0,0
6031,0.00,0,0,0,0,0.00,0,0,0
6081,0.00,0,0,0,0,0.00,0,0,0
6131,0.00,0,0,0,0,0.00,0,0,0
6181,0.00,0,0,0,0,0.00,0,0,0
6231,0.00,0,0,0,0,0.00,0,0,0
6281,0.00,0,0,0,0,0.00,0,0,0
6331,0.00,0,0,0,0,0.00,0,0,0
6381,0.00,0,0,0,0,0.00,0,0,0
6431,0.00,0,0,0,0,0.00,0,0,0
6481,0.00,0,0,0,0,0.00,0,0,0
6531,0.00,0,0,0,0,0.00,0,0,0
6581,0.00,0,0,0,0,0.00,0,0,0
6631,0.00,0,0,0,0,0.00,0,0,0
6681,0.00,0,0,0,0,0.00,0,0,0
6731,0.00,0,0,0,0,0.00,0,0,0
6781,0.00,0,0,0,0,0.00,0,0,0
6831,0.00,0,0,0,0,0.00,0,0,0
6881,0.00,0,0,0,0,0.00,0,0,0
6931,0.00,0,0,0,0,0.00,0,0,0
6981,0.00,0,0,0,0,0.00,0,0,0
7031,0.00,0,0,0,0,0.00,0,0,0
7081,0.00,0,0,0,0,0.00,0,0,0
7131,0.00,0,0,0,0,0.00,0,0,0
7181,0.00,0,0,0,0,0.00,0,0,0
7231,0.00,0,0,0,0,0.00,0,0,0
7281,0.00,0,0,0,0,0.00,0,0,0
7331,0.00,0,0,0,0,0.00,0,0,0
7382,0.00,0,0,0,0,0.00,0,0,0
7432,0.00,0,0,0,0,0.00,0,0,0
7482,0.00,0,0,0,0,0.00,0,0,0
7532,0.00,0,0,0,0,0.00,0,0,0
7582,0.00,0,0,0,0,0.00,0,0,0
7632,0.00,0,0,0,0,0.00,0,0,0
7682,0.00,0,0,0,0,0.00,0,0,0
7732,0.00,0,0,0,0,0.00,0,0,0
7782,0.00,0,0,0,0,0.00,0,0,0
7832,0.00,0,0,0,0,0.00,0,0,0
7882,0.00,0,0,0,0,0.00,0,0,0
7932,0.00,0,0,0,0,0.00,0,0,0
7982,0.00,0,0,0,0,0.00,0,0,0
8032,0.00,0,0,0,0,0.00,0,0,0
8082,0.00,0,0,0,0,0.00,0,0,0
8132,0.00,0,0,0,0,0.00,0,0,0
8182,0.00,0,0,0,0,0.00,0,0,0
8232,0.00,0,0,0,0,0.00,0,0,0
8282,0.00,0,0,0,0,0.00,0,0,0
8332,0.00,0,0,0,0,0.00,0,0,0
8382,0.00,0,0,0,0,0.00,0,0,0
8432,0.00,0,0,0,0,0.00,0,0,0
8482,0.00,0,0,0,0,0.00,0,0,0
8532,0.00,0,0,0,0,0.00,0,0,0
8582,0.00,0,0,0,0,0.00,0,0,0
8632,0.00,0,0,0,0,0.00,0,0,0
8682,0.00,0,0,0,0,0.00,0,0,0
8732,0.00,0,0,0,0,0.00,0,0,0
8782,0.00,0,0,0,0,0.00,0,0,0
8832,0.00,0,0,0,0,0.00,0,0,0
8882,0.00,0,0,0,0,0.00,0,0,0
8932,0.00,0,0,0,0,0.00,0,0,0
8982,0.00,0,0,0,0,0.00,0,0,0
9032,0.00,0,0,0,0,0.00,0,0,0
9082,0.00,0,0,0,0,0.00,0,0,0
9132,0.00,0,0,0,0,0.00,0,0,0
9182,0.00,0,0,0,0,0.00,0,0,0
9232,0.00,0,0,0,0,0.00,0,0,0
9282,0.00,0,0,0,0,0.00,0,0,0
9332,0.00,0,0,0,0,0.00,0,0,0
9382,0.00,0,0,0,0,0.00,0,0,0
9432,0.00,0,0,0,0,0.00,0,0,0
9482,0.00,0,0,0,0,0.00,0,0,0
9532,0.00,0,0,0,0,0.00,0,0,0
9582,0.00,0,0,0,0,0.00,0,0,0
9632,0.00,0,0,0,0,0.00,0,0,0
9682,0.00,0,0,0,0,0.00,0,0,0
9732,0.00,0,0,0,0,0.00,0,0,0
9782,0.00,0,0,0,0,0.00,0,0,0
9832,0.00,0,0,0,0,0.00,0,0,0
9882,0.00,0,0,0,0,0.00,0,0,0
9932,0.00,0,0,0,0,0.00,0,0,0
9982,0.00,0,0,0,0,0.00,0,0,0
10032,0.00,0,0,0,0,0.00,0,0,0
10082,0.00,0,0,0,0,0.00,0,0,0
10132,0.00,0,0,0,0,0.00,0,0,0
10182,0.00,0,0,0,0,0.00,0,0,0
10232,0.00,0,0,0,0,0.00,0,0,0
10283,inf,0,0,0,0,inf,0,0,0
10333,inf,0,0,0,0,inf,0,0,0
10383,474.77,35,40,0,0,inf,40,0,0
10433,474.77,0,40,0,0,inf,40,0,0
10483,587.68,32,39,0,-4,-112.91,79,0,4
10533,587.68,0,39,0,-4,-112.91,79,0,4
10583,875.20,0,35,0,-16,-287.51,114,0,20
10633,859.60,21,35,0,0,15.60,149,0,20
10683,1213.00,0,31,0,-28,-353.40,180,0,48
10733,1206.95,15,31,0,0,6.05,211,0,48
10783,1483.09,0,27,0,-27,-276.14,238,0,75
10833,1800.07,-12,23,0,-37,-299.32,288,0,113
10883,1821.27,3,23,0,-2,-21.20,311,0,115
10933,2074.11,7,19,0,-2,-15.37,350,0,148
10983,2279.98,8,17,0,-2,-16.86,384,0,179
11033,2449.78,6,14,0,0,4.01,412,0,207
11083,2594.26,4,13,0,3,20.80,437,0,240
11133,2734.23,0,11,0,0,16.55,459,0,240
11183,2985.67,1,7,0,0,-124.71,484,0,240
11233,3098.53,0,6,0,0,-114.65,498,0,240
11283,3196.25,0,5,0,0,16.43,514,0,240
11333,3398.28,0,2,0,0,-98.67,522,0,240
11383,3493.25,0,1,0,0,-2.44,526,0,240
11433,3697.31,0,-1,0,0,-147.86,527,1,240
11483,3722.08,0,-1,0,0,9.26,529,2,240
11533,3862.00,0,-3,0,0,-89.36,536,2,240
11583,3822.63,0,-2,0,0,39.37,543,2,240
11633,3901.17,0,-3,0,0,-54.03,552,2,240
11683,3823.60,-1,-2,0,0,-38.59,562,2,240
11734,3760.34,0,-2,0,0,38.09,568,2,240
11784,3798.43,0,-2,0,0,-24.85,574,2,240
11834,3698.22,0,-1,0,0,37.77,577,2,240
11884,3758.46,0,-2,0,0,-47.42,581,2,240
11934,3711.95,0,-1,0,0,48.39,585,2,240
11984,3748.13,0,-1,0,0,-38.01,588,2,240
12034,3700.05,0,-1,0,0,58.41,592,2,240
12084,3758.46,0,-2,0,0,-43.75,597,2,240
12134,3756.57,-1,-2,0,0,-33.57,604,3,242
12184,3735.99,0,-1,0,0,23.41,608,3,242
12234,3771.69,0,-2,0,0,-46.83,613,3,242
12284,3736.92,0,-1,0,0,35.71,617,3,242
12334,3771.69,0,-2,0,0,-34.77,622,3,242
12384,3725.78,0,-1,0,0,34.56,626,3,242
12434,3748.13,0,-1,0,0,-37.09,630,3,242
12484,3711.03,0,-1,0,0,35.22,633,3,242
12534,3746.25,0,-1,0,0,-31.54,637,3,242
12584,3734.13,0,-1,0,0,-29.51,642,3,255
12634,3700.05,0,-1,0,0,34.08,645,3,255
12684,3723.93,0,-1,0,0,-36.62,648,3,255
12734,3663.90,0,0,-1,0,34.33,650,4,255
12784,3696.40,0,-1,0,0,-44.10,652,5,255
12834,3640.78,0,0,-1,0,43.82,653,7,255
12884,3660.32,0,0,-1,0,-8.91,654,9,255
12934,3615.33,0,0,-1,0,-31.03,654,10,255
12984,3651.41,0,0,-1,0,-36.08,654,12,255
13034,3553.66,0,0,1,0,95.97,654,14,255
13084,3651.41,0,0,-1,0,-36.08,655,15,260
13134,3604.04,0,0,-1,0,-44.82,655,16,260
13184,3611.85,0,0,0,0,37.07,655,16,260
13234,3577.39,0,0,0,0,34.46,655,16,260
13284,3562.95,0,0,0,0,-16.85,655,17,260
13334,3531.07,0,0,1,0,21.75,655,20,260
13384,3568.03,0,0,0,0,-46.08,656,20,260
13434,3498.95,0,1,0,0,55.55,657,22,260
13484,3557.03,0,0,1,0,-46.62,658,24,260
13534,3521.13,0,1,0,0,35.90,660,25,260
13584,3532.74,0,0,1,0,24.29,660,27,260
13634,3581.66,0,-5,0,-5,-798.76,670,27,266
13684,3551.14,0,0,1,0,365.31,678,28,270
13734,3503.85,0,1,0,0,264.04,683,28,285
13784,3548.62,0,0,1,0,120.66,683,31,285
13834,3575.69,0,0,0,0,-27.07,683,32,285
13884,3534.40,0,0,1,0,131.29,684,34,291
13934,3546.10,0,0,1,0,-35.69,685,36,291
13984,3520.30,0,1,0,0,36.73,687,37,291
14034,3567.18,0,0,0,0,-45.23,688,38,291
14084,3533.57,0,0,1,0,30.22,688,40,291
14134,3576.54,0,0,0,0,-43.80,688,41,291
14184,3544.42,0,0,1,0,44.09,688,43,291
14234,3598.85,0,0,1,0,22.90,688,44,291
14284,3533.57,0,0,1,0,42.12,688,46,291
14334,3598.85,0,0,1,0,41.54,688,47,291
14384,3564.64,0,0,0,0,32.48,688,48,291
14434,3610.98,0,0,0,0,26.58,688,48,291
14484,3566.33,0,0,0,0,45.51,688,48,291
14534,3622.31,0,0,0,0,-53.43,688,48,291
14584,3595.40,0,0,0,0,-53.43,688,48,291
14635,3647.86,0,0,-1,0,-55.05,688,50,291
14685,3615.33,0,0,-1,0,-43.04,688,51,291
14735,3652.30,0,0,-1,0,-36.97,688,53,291
14785,3592.81,0,0,0,0,-25.35,688,53,291
14835,3643.43,0,0,-1,0,-39.39,688,54,291
14885,3603.17,0,0,0,0,-26.22,688,54,291
14935,3610.98,0,0,0,0,-26.22,688,54,291
14985,3582.52,0,0,0,0,-48.52,688,54,291
15035,3544.42,0,0,1,0,27.86,688,55,291
15085,3512.06,0,1,0,0,64.48,690,55,291
15135,3555.34,0,0,1,0,-34.22,691,57,291
15185,3510.41,0,1,0,0,44.93,693,58,291
15235,3579.10,0,0,0,0,-58.80,694,59,291
15285,3576.54,0,0,0,0,-33.79,694,60,291
15335,3549.46,0,0,1,0,465.53,703,61,297
15385,3500.58,0,1,0,0,375.39,710,61,330
15435,3501.40,0,1,0,0,318.31,715,61,345
15485,3601.44,0,-1,0,-9,-249.06,717,61,354
15535,3568.03,0,0,0,0,158.68,719,61,365
15585,3589.38,0,0,0,0,28.39,719,61,365
15635,3555.34,0,0,1,0,35.75,719,63,365
15685,3597.12,0,0,1,0,44.41,719,64,365
15735,3564.64,0,0,0,0,32.48,719,65,365
15785,3624.06,0,0,0,0,-48.38,719,65,365
15835,3571.43,0,0,0,0,50.01,719,65,365
15885,3623.19,0,0,0,0,-50.91,719,65,365
15935,3593.67,0,0,0,0,-55.48,719,65,365
15985,3620.56,0,0,0,0,-28.61,719,65,365
16035,3591.95,0,0,0,0,-40.83,719,65,365
16086,3647.86,0,0,-1,0,-55.05,719,67,365
16136,3603.17,0,0,-1,0,-46.55,719,68,365
16186,3652.30,0,0,-1,0,-48.26,719,70,365
16236,3585.94,0,0,-1,0,-48.26,719,70,365
16286,3649.63,0,0,-1,0,-110.23,719,72,365
16336,3580.81,0,0,0,0,-44.05,719,72,365
16386,3618.82,0,0,0,0,-45.89,719,72,365
16436,3576.54,0,0,0,0,43.15,719,72,365
16486,3618.82,0,0,0,0,43.15,719,72,365
16536,3580.81,0,0,0,0,-49.21,719,72,365
16586,3629.32,0,0,0,0,-35.65,719,72,365
16636,3593.67,0,0,0,0,-50.49,719,72,365
16686,3644.31,0,0,-1,0,-50.64,719,73,365
16736,3604.90,0,0,0,0,-40.99,719,73,365
16786,3652.30,0,0,-1,0,-48.26,719,74,365
16836,3593.67,0,0,0,0,-42.75,719,74,365
16886,3624.06,0,0,0,0,-52.64,719,74,365
16936,3568.88,0,0,0,0,42.97,719,74,365
16986,3608.37,0,0,1,0,44.37,719,75,365
17036,3566.33,0,0,0,0,34.24,719,75,365
17086,3601.44,0,0,0,0,27.43,719,75,365
17136,3577.39,0,0,0,0,32.72,719,75,365
17186,3610.98,0,0,0,0,32.72,719,75,365
17236,3568.03,0,0,0,0,32.55,719,75,365
17286,3597.98,0,0,1,0,33.17,719,76,365
17336,3566.33,0,0,0,0,46.38,719,76,365
17386,3612.72,0,0,0,0,35.31,719,76,365
17436,3586.80,0,0,0,0,35.31,719,76,365
17486,3615.33,0,0,0,0,35.31,719,76,365
17536,3577.39,0,0,0,0,33.59,719,76,365
17586,3623.19,0,0,0,0,-53.46,719,76,365
17636,3582.52,0,0,0,0,-44.07,719,76,365
17686,3620.56,0,0,0,0,-38.90,719,76,365
17736,3596.26,0,0,0,0,40.61,719,76,365
17786,3629.32,0,0,0,0,-35.65,719,76,365
17836,3580.81,0,0,0,0,-40.83,719,76,365
17886,3625.82,0,0,0,0,-33.00,719,77,365
17936,3582.52,0,0,0,0,-30.33,719,77,365
17986,3629.32,0,0,0,0,-35.65,719,77,365
18036,3603.17,0,0,-1,0,-41.97,719,78,365
18086,3639.01,0,0,0,0,-45.34,719,78,365
18136,3591.95,0,0,0,0,-48.78,719,78,365
18186,3639.01,0,0,0,0,-46.20,719,79,365
18236,3604.90,0,0,0,0,-32.26,719,79,365
18286,3651.41,0,0,-1,0,-48.24,719,80,365
18336,3604.04,0,0,-1,0,-61.38,719,81,365
18386,3653.19,0,0,-1,0,-50.02,719,83,365
18436,3577.39,0,0,0,0,31.85,719,83,365
18486,3578.24,0,0,0,0,-11.06,719,83,365
18536,3544.42,0,0,1,0,54.42,719,85,365
18586,3586.80,0,0,1,0,45.19,719,86,365
18636,3564.64,0,0,0,0,34.21,719,86,365
18686,3602.31,0,0,0,0,25.72,719,86,365
18736,3576.54,0,0,0,0,35.31,719,86,365
18786,3610.98,0,0,0,0,42.95,719,86,365
18836,3545.26,0,0,1,0,32.98,719,87,365
18886,3576.54,0,0,0,0,-19.51,719,88,365
18936,3545.26,0,0,1,0,42.40,719,90,365
18987,3587.66,0,0,1,0,32.97,719,91,365
19037,3562.95,0,0,0,0,35.90,719,92,365
19087,3611.85,0,0,0,0,25.76,719,92,365
19137,3592.81,0,0,0,0,-37.19,719,92,365
19187,3627.57,0,0,0,0,-33.89,719,92,365
19237,3591.95,0,0,0,0,-39.09,719,92,365
19287,3639.01,0,0,0,0,-45.34,719,92,365
19337,3592.81,0,0,0,0,-39.30,719,92,365
19387,3633.72,0,0,0,0,-31.42,719,93,365
19437,3601.44,0,0,-1,0,-48.15,719,94,365
19487,3622.31,0,0,0,0,-18.28,719,95,365
19537,3604.04,0,0,-1,0,-22.93,719,96,365
19587,3638.13,0,0,0,0,-44.45,719,96,365
19637,3581.66,0,0,0,0,-40.81,719,96,365
19687,3610.11,0,0,0,0,-39.78,719,96,365
19737,3587.66,0,0,0,0,-39.78,719,96,365
19787,3610.98,0,0,0,0,-34.66,719,96,365
19837,3582.52,0,0,0,0,-44.94,719,96,365
19887,3630.20,0,0,0,0,-46.83,719,96,365
19937,3582.52,0,0,0,0,-58.20,719,96,365
19987,3624.06,0,0,0,0,-46.67,719,96,365
20037,3582.52,0,0,0,0,-44.94,719,96,365
20087,3629.32,0,0,0,0,-46.81,719,96,365
20137,3593.67,0,0,0,0,-58.09,719,96,365
20187,3639.01,0,0,0,0,-47.06,719,96,365
20237,3592.81,0,0,0,0,-37.37,719,96,365
20287,3639.01,0,0,0,0,-56.49,719,96,365
20337,3592.81,0,0,0,0,-46.20,719,96,365
20387,3639.01,0,0,0,0,-45.34,719,96,365
20438,3593.67,0,0,0,0,-39.09,719,96,365
20488,3639.01,0,0,0,0,-47.06,719,96,365
20538,3591.95,0,0,0,0,-47.06,719,96,365
20588,3630.20,0,0,0,0,-46.83,719,96,365
20638,3581.66,0,0,0,0,-44.09,719,96,365
20688,3598.85,0,0,0,0,30.76,719,96,365
20738,3567.18,0,0,0,0,44.66,719,96,365
20788,3600.58,0,0,0,0,24.04,719,96,365
20838,3567.18,0,0,0,0,33.39,719,96,365
20888,3597.98,0,0,1,0,44.35,719,97,365
20938,3567.18,0,0,0,0,44.66,719,97,365
20988,3590.23,0,0,0,0,24.89,719,97,365
21038,3599.71,0,0,0,0,20.51,719,97,365
21088,3573.13,0,0,0,0,352.54,726,97,369
21138,3502.22,0,1,0,0,379.77,733,97,399
21188,3584.23,0,-4,0,-3,-466.01,739,97,402
21238,3573.98,0,0,0,0,327.19,745,97,414
21288,3545.26,0,0,1,0,199.12,748,98,428
21338,3596.26,0,1,0,0,29.09,749,98,428
21388,3521.13,0,1,0,0,30.85,750,100,428
21438,3579.10,0,0,0,0,-55.49,750,100,428
21488,3534.40,0,0,1,0,40.43,750,102,428
21538,3563.79,0,0,0,0,-30.22,750,103,428
21588,3543.59,0,0,1,0,32.95,750,105,428
21638,3587.66,0,0,1,0,32.11,750,106,428
21688,3533.57,0,0,1,0,42.97,750,108,428
21738,3598.85,0,0,1,0,32.31,750,109,428
21788,3568.03,0,0,0,0,40.34,750,110,428
21838,3611.85,0,0,0,0,36.18,750,110,428
21888,3583.37,0,0,0,0,-39.09,750,110,428
21938,3630.20,0,0,0,0,-46.83,750,110,428
21988,3591.95,0,0,0,0,-47.92,750,110,428
22038,3643.43,0,0,-1,0,-38.53,750,111,428
22088,3604.04,0,0,0,0,-43.59,750,111,428
22138,3653.19,0,0,-1,0,-39.60,750,113,428
22188,3604.04,0,0,-1,0,-53.74,750,114,428
22238,3643.43,0,0,-1,0,-29.84,750,116,428
22288,3602.31,0,0,-1,0,-45.69,750,117,428
22338,3697.31,0,-1,0,-3,-163.74,751,118,431
22388,3592.81,0,0,-1,0,-40.24,751,119,431
22438,3632.84,0,0,0,0,-29.67,751,119,431
22488,3580.81,0,0,0,0,-22.61,751,119,431
22538,3610.98,0,0,0,0,41.45,751,119,431
22588,3575.69,0,0,0,0,35.29,751,119,431
22638,3619.69,0,0,0,0,-46.63,751,119,431
22688,3595.40,0,0,0,0,-46.63,751,119,431
22738,3634.60,0,0,0,0,-52.08,751,119,431
22788,3594.54,0,0,0,0,-37.37,751,119,431
22838,3632.84,0,0,0,0,-27.94,751,119,431
22888,3592.81,0,0,0,0,-31.40,751,119,431
22938,3629.32,0,0,0,0,-48.52,751,119,431
22988,3578.24,0,0,0,0,31.86,751,119,431
23038,3612.72,0,0,0,0,44.66,751,119,431
23088,3586.80,0,0,0,0,44.66,751,119,431
23138,3612.72,0,0,0,0,29.23,751,119,431
23188,3582.52,0,0,0,0,-54.33,751,119,431
23238,3579.10,0,0,0,0,-3.41,751,119,431
23288,3544.42,0,0,1,0,32.11,751,121,431
23339,3587.66,0,0,1,0,41.54,751,122,431
23389,3553.66,0,0,1,0,45.19,751,124,431
23439,3610.98,0,0,0,0,40.36,751,124,431
23489,3546.10,0,0,1,0,42.42,751,125,431
23539,3587.66,0,0,1,0,40.70,751,126,431
23589,3557.87,0,0,1,0,43.57,751,127,431
23639,3587.66,0,0,1,0,43.48,751,128,431
23689,3563.79,0,0,0,0,35.06,751,129,431
23739,3598.85,0,0,0,0,43.84,751,129,431
23789,3564.64,0,0,0,0,23.02,751,130,431
23839,3611.85,0,0,0,0,35.11,751,130,431
23889,3577.39,0,0,0,0,34.46,751,130,431
23939,3614.46,0,0,0,0,25.72,751,130,431
23989,3582.52,0,0,0,0,-44.09,751,130,431
24039,3630.20,0,0,0,0,-43.40,751,130,431
24089,3583.37,0,0,0,0,-39.09,751,130,431
24139,3639.01,0,0,0,0,-46.20,751,130,431
24189,3592.81,0,0,0,0,-21.75,751,130,431
24239,3593.67,0,0,0,0,-45.31,751,130,431
24289,3603.17,0,0,0,0,471.91,761,130,438
24339,3644.31,0,0,-1,0,-52.36,761,132,438
24389,3582.52,0,0,0,0,-24.46,761,132,438
24439,3610.98,0,0,0,0,-24.46,761,132,438
24489,3578.24,0,0,0,0,32.73,761,132,438
24539,3567.18,0,0,0,0,44.66,761,132,438
24589,3617.07,0,-4,0,-4,-633.84,768,132,453
24639,3582.52,0,-5,0,-5,-716.31,777,132,458
24689,3639.89,0,0,0,0,359.04,785,132,463
24739,3594.54,0,-6,0,-5,-838.92,795,132,470
24790,3591.09,0,0,0,0,494.70,805,132,477
24840,3630.20,0,0,0,0,-36.53,805,132,477
24890,3586.80,0,0,0,0,-36.53,805,132,477
24940,3630.20,0,0,0,0,-49.40,805,132,477
24990,3593.67,0,0,0,0,-47.64,805,132,477
25040,3610.11,0,0,0,0,-47.64,805,132,477
25090,3618.82,0,0,0,0,-47.64,805,132,477
25140,3582.52,0,-5,0,-5,-776.30,814,132,482
25190,3604.04,0,-5,0,-5,-766.31,823,132,487
25240,3582.52,0,-5,0,-5,-759.72,832,132,492
25290,3604.90,0,-5,0,-5,-721.33,841,132,497
25340,3571.43,0,0,0,0,412.64,849,132,501
25390,3606.64,0,-4,0,-3,-621.28,856,132,515
25440,3581.66,0,-1,0,-3,-164.57,858,132,518
25490,3625.82,0,0,0,0,15.84,858,134,518
25540,3580.81,0,0,-1,0,-100.87,858,136,518
25590,3615.33,0,0,-1,0,-94.65,858,137,518
25640,3584.23,0,-1,0,0,-143.80,859,138,518
25690,3606.64,0,-1,0,0,-146.30,860,139,518
25740,3586.80,0,-1,0,0,-146.30,860,139,518
25790,3619.69,0,0,0,0,-35.51,860,139,518
25840,3582.52,0,0,0,0,-43.42,860,139,518
25890,3629.32,0,0,0,0,-33.93,860,139,518
25940,3592.81,0,0,0,0,-36.46,860,139,518
25990,3614.46,0,0,0,0,-36.46,860,139,518
26040,3582.52,0,0,0,0,-44.15,860,139,518
26090,3630.20,0,0,0,0,-45.97,860,139,518
26140,3593.67,0,0,0,0,-39.95,860,139,518
26190,3629.32,0,0,0,0,-39.95,860,139,518
26240,3582.52,0,0,0,0,-26.92,860,139,518
26290,3610.98,0,0,0,0,-26.92,860,139,518
26340,3582.52,0,0,0,0,-44.07,860,139,518
26390,3630.20,0,0,0,0,-46.83,860,139,518
26440,3585.94,0,0,0,0,-46.83,860,139,518
26490,3628.45,0,0,0,0,-45.93,860,139,518
26540,3581.66,0,0,0,0,-38.23,860,139,518
26590,3545.26,0,0,1,0,-34.85,861,141,518
26640,3520.30,0,1,0,0,35.04,863,142,518
26690,3546.10,0,0,1,0,-35.69,864,144,518
26740,3509.59,0,1,0,0,35.67,866,145,518
26790,3564.64,0,0,0,0,-32.73,866,147,518
26840,3532.74,0,0,1,0,46.36,867,148,518
26890,3587.66,0,0,1,0,31.28,867,149,518
26940,3553.66,0,0,1,0,34.00,867,151,518
26990,3598.85,0,0,1,0,43.57,867,152,518
27040,3578.24,0,0,0,0,32.73,867,152,518
27090,3619.69,0,0,0,0,32.73,867,152,518
27140,3593.67,0,0,0,0,-39.95,867,152,518
27190,3653.19,0,0,-1,0,-50.89,867,154,518
27240,3615.33,0,0,-1,0,-45.66,867,155,518
27290,3643.43,0,0,-1,0,-39.39,867,156,518
27340,3615.33,0,0,-1,0,-50.71,867,157,518
27390,3662.11,0,0,-1,0,-46.78,867,159,518
27440,3629.32,0,0,0,0,42.65,867,159,518
27490,3673.77,0,0,0,0,-43.57,867,159,518
27540,3630.20,0,0,0,0,42.67,867,159,518
27590,3612.72,0,0,0,0,23.09,867,159,518
27640,3578.24,0,0,0,0,41.45,867,159,518
27691,3598.85,0,0,0,0,24.87,867,159,518
27741,3567.18,0,0,0,0,44.66,867,159,518
27791,3618.82,0,0,0,0,-56.01,867,159,518
27841,3591.95,0,0,0,0,-42.54,867,159,518
27891,3633.72,0,0,0,0,-28.82,867,159,518
27941,3604.04,0,0,-1,0,-57.04,867,160,518
27991,3652.30,0,0,-1,0,-35.23,867,162,518
28041,3604.04,0,0,-1,0,-34.37,867,163,518
28091,3651.41,0,0,-1,0,-36.08,867,165,518
28141,3615.33,0,0,-1,0,-54.63,867,166,518
28191,3662.11,0,0,-1,0,-47.65,867,168,518
28241,3615.33,0,0,-1,0,-44.80,867,169,518
28291,3643.43,0,0,-1,0,-29.84,867,171,518
28341,3615.33,0,0,-1,0,-24.61,867,172,518
28391,3715.63,0,-1,0,-4,-169.53,868,174,522
28441,3581.66,0,0,0,0,-20.89,868,174,522
28491,3576.54,0,0,0,0,-43.80,868,175,522
28541,3536.07,0,0,1,0,50.73,868,177,522
28591,3576.54,0,0,0,0,-40.47,868,178,522
28641,3534.40,0,0,1,0,30.24,868,180,522
28691,3585.09,0,0,1,0,30.24,868,181,522
28741,3535.23,0,0,1,0,39.60,868,183,522
28791,3587.66,0,0,1,0,40.45,868,184,522
28841,3545.26,0,0,1,0,54.45,868,186,522
28891,3585.94,0,0,1,0,41.78,868,187,522
28941,3555.34,0,0,1,0,31.46,868,189,522
28991,3589.38,0,0,0,0,22.16,868,189,522
29041,3553.66,0,0,1,0,45.19,868,191,522
29091,3612.72,0,0,0,0,42.93,868,191,522
29142,3573.13,0,0,0,0,26.58,868,191,522
29192,3624.06,0,0,0,0,-51.78,868,191,522
29242,3582.52,0,0,0,0,-37.35,868,191,522
29292,3600.58,0,0,0,0,27.30,868,191,522
29342,3568.03,0,0,0,0,43.82,868,191,522
29392,3571.43,0,0,0,0,51.76,868,191,522
29442,3571.43,0,0,0,0,455.42,878,191,529
29492,3548.62,0,0,1,0,135.08,880,192,537
29542,3601.44,0,0,0,0,-14.33,880,192,537
29592,3576.54,0,0,0,0,18.86,880,192,537
29642,3610.11,0,0,0,0,39.36,880,192,537
29692,3576.54,0,0,0,0,41.41,880,192,537
29742,3619.69,0,0,0,0,41.41,880,192,537
29792,3592.81,0,0,0,0,-47.66,880,192,537
29842,3642.54,0,0,-1,0,-39.37,880,193,537
29892,3603.17,0,0,-1,0,-56.82,880,194,537
29942,3643.43,0,0,-1,0,-37.66,880,196,537
29992,3596.26,0,0,0,0,-38.36,880,196,537
30042,3639.01,0,0,0,0,-51.35,880,196,537
30092,3592.81,0,0,-1,0,-58.34,880,197,537
30142,3632.84,0,0,0,0,-31.40,880,197,537
30192,3593.67,0,0,0,0,-46.88,880,197,537
30242,3638.13,0,0,0,0,-42.73,880,197,537
30292,3581.66,0,0,0,0,-42.63,880,197,537
30342,3639.01,0,0,0,0,-50.49,880,197,537
30392,3582.52,0,0,0,0,-35.51,880,197,537
30442,3598.85,0,0,0,0,17.05,880,197,537
30492,3576.54,0,0,0,0,35.31,880,197,537
30542,3618.82,0,0,0,0,35.31,880,197,537
30592,3595.40,0,0,0,0,35.31,880,197,537
30642,3629.32,0,0,0,0,-35.65,880,197,537
30692,3593.67,0,0,0,0,-30.48,880,197,537
30742,3638.13,0,0,0,0,-44.45,880,197,537
30792,3593.67,0,0,0,0,-39.93,880,197,537
30842,3639.01,0,0,0,0,-57.35,880,197,537
30892,3580.81,0,0,0,0,-39.97,880,197,537
30942,3627.57,0,0,0,0,-44.20,880,197,537
30992,3592.81,0,0,0,0,-38.23,880,197,537
31042,3629.32,0,0,0,0,-35.65,880,197,537
31092,3593.67,0,0,0,0,-38.42,880,197,537
31142,3643.43,0,0,-1,0,-41.12,880,199,537
31192,3616.20,0,0,0,0,-28.90,880,199,537
31242,3652.30,0,0,-1,0,-48.26,880,201,537
31292,3602.31,0,0,-1,0,-35.06,880,202,537
31342,3639.01,0,0,0,0,-41.03,880,203,537
31392,3603.17,0,0,-1,0,-41.93,880,204,537
31442,3573.98,0,0,0,0,12.82,880,204,537
31492,3545.26,0,0,1,0,40.68,880,206,537
31542,3575.69,0,0,0,0,-30.42,880,207,537
31592,3544.42,0,0,1,0,32.11,880,209,537
31642,3576.54,0,0,0,0,-31.28,880,210,537
31692,3554.50,0,0,1,0,33.16,880,212,537
31742,3586.80,0,0,1,0,45.19,880,213,537
31792,3536.07,0,0,1,0,51.59,880,215,537
31842,3598.85,0,0,1,0,43.26,880,216,537
31892,3568.03,0,0,0,0,40.34,880,217,537
31942,3623.19,0,0,0,0,-55.16,880,217,537
31992,3582.52,0,0,0,0,-47.53,880,217,537
32043,3619.69,0,0,0,0,-47.53,880,217,537
32093,3586.80,0,0,0,0,-47.53,880,217,537
32143,3610.11,0,0,0,0,-43.40,880,217,537
32193,3586.80,0,0,0,0,-43.40,880,217,537
32243,3630.20,0,0,0,0,-49.40,880,217,537
32293,3592.81,0,0,0,0,-37.37,880,217,537
32343,3639.01,0,0,0,0,-46.20,880,217,537
32393,3604.90,0,0,0,0,-47.06,880,217,537
32443,3652.30,0,0,-1,0,-50.00,880,219,537
32493,3602.31,0,0,-1,0,-33.32,880,220,537
32543,3623.19,0,0,0,0,-20.02,880,221,537
32593,3593.67,0,0,0,0,-40.83,880,221,537
32643,3639.01,0,0,0,0,-47.06,880,221,537
32693,3593.67,0,0,0,0,-37.37,880,221,537
32743,3646.97,0,0,-1,0,-53.30,880,222,537
32793,3593.67,0,0,0,0,-41.89,880,222,537
32843,3633.72,0,0,0,0,-21.00,880,222,537
32893,3603.17,0,0,-1,0,-38.49,880,223,537
32943,3652.30,0,0,-1,0,-47.40,880,224,537
32993,3615.33,0,0,-1,0,-43.93,880,225,537
33043,3583.37,0,0,-1,0,-34.31,880,226,537
33093,3546.94,0,0,1,0,40.72,880,228,537
33143,3574.83,0,0,0,0,-28.73,880,229,537
33193,3509.59,0,1,0,0,44.07,881,231,537
33243,3573.13,0,0,0,0,25.72,882,231,537
33293,3523.61,0,0,0,0,40.18,882,232,537
33343,3574.83,0,0,0,0,-40.43,882,233,537
33393,3555.34,0,0,1,0,31.46,882,235,537
33443,3598.85,0,0,0,0,22.15,882,235,537
33494,3567.18,0,0,0,0,42.93,882,236,537
33544,3619.69,0,0,0,0,42.93,882,236,537
33594,3592.81,0,0,0,0,-57.35,882,236,537
33644,3642.54,0,0,-1,0,-39.37,882,237,537
33694,3604.90,0,0,0,0,-43.61,882,237,537
33744,3643.43,0,0,-1,0,-29.84,882,239,537
33794,3615.33,0,0,-1,0,-45.69,882,240,537
33844,3652.30,0,0,-1,0,-36.97,882,241,537
33894,3613.59,0,0,-1,0,-43.06,882,242,537
33944,3650.52,0,0,-1,0,-23.83,882,244,537
33994,3626.69,0,0,0,0,23.83,882,245,537
34044,3662.11,0,0,-1,0,-45.04,882,247,537
34094,3615.33,0,0,-1,0,-34.37,882,248,537
34144,3662.11,0,0,-1,0,-46.78,882,250,537
34194,3580.81,0,0,0,0,-6.12,882,250,537
34244,3629.32,0,0,0,0,-35.65,882,250,537
34294,3567.18,0,0,0,0,43.80,882,250,537
34344,3610.98,0,0,0,0,43.84,882,250,537
34394,3556.19,0,0,1,0,21.20,882,251,537
34444,3597.98,0,0,1,0,28.10,882,252,537
34494,3553.66,0,0,1,0,45.19,882,254,537
34544,3600.58,0,0,0,0,41.21,882,254,537
34594,3577.39,0,0,0,0,32.72,882,254,537
34644,3619.69,0,0,0,0,32.72,882,254,537
34694,3577.39,0,0,0,0,41.43,882,254,537
34744,3630.20,0,0,0,0,-48.54,882,254,537
34794,3572.28,0,0,0,0,50.91,882,254,537
34844,3624.06,0,0,0,0,-53.49,882,254,537
34894,3593.67,0,0,0,0,-42.34,882,254,537
34944,3623.19,0,0,0,0,-46.65,882,254,537
34994,3591.95,0,0,0,0,-44.94,882,254,537
35044,3628.45,0,0,0,0,-34.77,882,254,537
35094,3593.67,0,0,0,0,-32.26,882,254,537
35144,3639.01,0,0,0,0,-45.34,882,254,537
35194,3604.04,0,0,-1,0,-41.10,882,255,537
35244,3631.96,0,0,0,0,-26.19,882,255,537
35294,3604.04,0,0,0,0,-32.28,882,255,537
35344,3647.86,0,0,-1,0,-54.18,882,256,537
35394,3593.67,0,0,0,0,-40.99,882,256,537
35444,3646.97,0,0,-1,0,-54.16,882,258,537
35494,3592.81,0,0,-1,0,-36.79,882,259,537
35544,3648.75,0,0,-1,0,-55.93,882,261,537
35594,3591.09,0,0,-1,0,-51.60,882,262,537
35644,3617.94,0,0,1,0,61.79,882,263,537
35694,3568.03,0,0,0,0,42.08,882,263,537
35744,3612.72,0,0,0,0,46.41,882,263,537
35794,3571.43,0,0,0,0,52.64,882,263,537
35844,3623.19,0,0,0,0,-51.76,882,263,537
35894,3577.39,0,0,0,0,34.46,882,263,537
35944,3611.85,0,0,0,0,42.08,882,263,537
35994,3566.33,0,0,0,0,45.51,882,263,537
36044,3616.20,0,0,0,0,-56.85,882,263,537
36094,3570.58,0,0,0,0,52.61,882,263,537
36144,3554.50,0,0,1,0,45.21,882,264,537
36194,3604.04,0,-5,0,-5,-747.16,891,264,543
36244,3571.43,0,0,0,0,426.44,900,264,548
36294,3605.77,0,-4,0,-4,-619.82,907,264,563
36344,3500.58,0,1,0,0,395.52,914,264,597
36395,3501.40,0,1,0,0,356.62,920,264,614
36445,3501.40,0,1,0,0,382.60,925,264,632
36495,3502.22,0,1,0,0,368.75,930,264,650
36545,3501.40,0,1,0,0,381.59,936,264,668
36595,3501.40,0,1,0,0,343.77,941,264,684
36645,3501.40,0,1,0,0,331.00,946,264,699
36695,3602.31,0,-2,0,-10,-266.71,949,264,709
36745,3566.33,0,0,0,0,38.57,949,265,709
36795,3576.54,0,0,0,0,-36.30,949,266,709
36845,3521.95,0,1,0,0,40.99,950,267,709
36895,3552.82,0,0,1,0,-20.08,950,270,709
36945,3510.41,0,1,0,0,35.69,952,271,709
36995,3556.19,0,0,1,0,-45.77,953,273,709
37045,3520.30,0,1,0,0,24.12,955,274,709
37095,3556.19,0,0,1,0,-46.60,956,276,709
37145,3521.95,0,1,0,0,33.39,958,277,709
37195,3575.69,0,0,0,0,-42.12,958,278,709
37245,3549.46,0,0,1,0,38.20,958,280,709
37295,3598.85,0,0,1,0,43.26,958,281,709
37345,3559.56,0,0,1,0,48.81,958,283,709
37395,3601.44,0,0,0,0,49.14,958,283,709
37445,3566.33,0,0,0,0,34.24,958,283,709
37495,3610.98,0,0,0,0,42.10,958,283,709
37545,3585.09,0,0,0,0,38.70,958,283,709
37595,3618.82,0,0,0,0,-39.85,958,283,709
37645,3582.52,0,0,0,0,-41.67,958,283,709
37695,3630.20,0,0,0,0,-47.69,958,283,709
37745,3593.67,0,0,0,0,-49.63,958,283,709
37795,3633.72,0,0,0,0,-28.82,958,283,709
37846,3602.31,0,0,-1,0,-50.84,958,284,709
37896,3647.86,0,0,-1,0,-55.05,958,286,709
37946,3615.33,0,0,-1,0,-35.91,958,287,709
37996,3651.41,0,0,-1,0,-36.08,958,289,709
38046,3604.04,0,0,-1,0,-23.74,958,290,709
38096,3624.06,0,0,0,0,-10.48,958,291,709
38146,3592.81,0,0,0,0,-54.65,958,291,709
38196,3627.57,0,0,0,0,-33.89,958,291,709
38246,3603.17,0,0,-1,0,-42.85,958,292,709
38296,3642.54,0,0,-1,0,-26.34,958,293,709
38346,3602.31,0,0,-1,0,-54.61,958,294,709
38396,3639.01,0,0,0,0,-47.06,958,295,709
38446,3592.81,0,0,0,0,-31.40,958,295,709
38496,3610.98,0,0,0,0,-43.55,958,295,709
38546,3573.13,0,0,0,0,26.58,958,295,709
38596,3623.19,0,0,0,0,-52.61,958,295,709
38646,3571.43,0,0,0,0,51.76,958,295,709
38696,3620.56,0,0,0,0,-37.19,958,295,709
38746,3568.88,0,0,0,0,42.97,958,295,709
38796,3600.58,0,0,0,0,35.92,958,295,709
38846,3545.26,0,0,1,0,44.11,958,296,709
38896,3598.85,0,0,1,0,43.26,958,297,709
38946,3544.42,0,0,1,0,31.26,958,299,709
38996,3598.85,0,0,1,0,32.10,958,300,709
39046,3576.54,0,0,0,0,-28.76,958,301,709
39096,3549.46,0,0,1,0,490.40,968,302,715
39146,3501.40,0,1,0,0,390.66,976,302,740
39196,3546.10,0,0,1,0,249.45,980,303,754
39246,3567.18,0,0,0,0,94.03,981,304,759
39296,3522.78,0,1,0,0,47.80,982,304,759
39346,3555.34,0,0,1,0,-33.39,983,306,759
39396,3531.07,0,0,1,0,26.80,983,308,759
39446,3564.64,0,0,0,0,-33.57,983,310,759
39496,3543.59,0,0,1,0,22.75,983,312,759
39546,3567.18,0,0,0,0,-45.23,984,312,759
39596,3523.61,0,0,0,0,51.23,984,313,759
39646,3569.73,0,0,0,0,-46.12,984,313,759
39696,3521.95,0,1,0,0,49.48,985,313,759
39746,3575.69,0,0,0,0,-42.12,985,314,759
39796,3511.24,0,1,0,0,35.70,986,315,759
39846,3568.03,0,0,0,0,-58.44,987,316,759
39896,3532.74,0,0,1,0,35.29,988,317,759
39946,3576.54,0,0,0,0,-43.80,988,318,759
39996,3545.26,0,0,1,0,42.40,988,320,759
40046,3598.85,0,0,1,0,33.16,988,321,759
40096,3647.86,0,0,-1,0,-136.62,989,322,759
40146,3559.56,0,0,1,0,533.21,1000,323,767
40196,3616.20,0,-5,0,-5,-774.87,1009,323,773
40246,3579.10,0,0,0,0,195.44,1013,323,786
40296,3623.19,0,0,0,0,108.16,1015,323,796
40346,3579.10,0,0,0,0,187.85,1018,323,808
40396,3602.31,0,-1,0,-9,-239.04,1020,323,817
40446,3558.72,0,0,1,0,119.55,1022,324,822
40496,3646.97,0,0,-1,0,-67.88,1022,325,822
40546,3568.88,0,0,0,0,42.97,1022,325,822
40596,3587.66,0,0,1,0,39.77,1022,326,822
40646,3555.34,0,0,1,0,32.31,1022,328,822
40696,3575.69,0,0,0,0,-30.42,1022,329,822
40747,3533.57,0,0,1,0,31.92,1022,331,822
40797,3575.69,0,0,0,0,-42.12,1022,332,822
40847,3544.42,0,0,1,0,32.11,1022,334,822
40897,3625.82,0,0,0,0,-135.82,1023,334,822
40947,3543.59,0,0,1,0,33.80,1023,336,822
40997,3587.66,0,0,1,0,34.86,1023,337,822
41047,3562.95,0,0,0,0,35.90,1023,338,822
41097,3597.12,0,0,1,0,42.72,1023,339,822
41147,3577.39,0,0,0,0,23.19,1023,339,822
41197,3611.85,0,0,0,0,34.44,1023,339,822
41247,3573.13,0,0,0,0,26.58,1023,339,822
41297,3646.09,0,0,-1,0,-94.95,1023,341,822
41347,3571.43,0,0,0,0,51.76,1023,341,822
41397,3597.98,0,0,1,0,31.47,1023,342,822
41447,3546.10,0,0,1,0,28.73,1023,344,822
41497,3587.66,0,0,1,0,42.42,1023,345,822
41547,3557.87,0,0,1,0,42.70,1023,346,822
41597,3587.66,0,0,1,0,22.89,1023,347,822
41647,3559.56,0,0,1,0,50.55,1023,349,822
41697,3654.97,0,0,-1,0,-148.66,1024,350,822
41747,3568.03,0,0,0,0,43.82,1024,350,822
41797,3601.44,0,0,0,0,43.82,1024,350,822
41847,3571.43,0,0,0,0,50.01,1024,350,822
41897,3629.32,0,0,0,0,-36.51,1024,350,822
41947,3601.44,0,0,-1,0,-41.97,1024,351,822
41997,3643.43,0,0,-1,0,-39.39,1024,352,822
42047,3615.33,0,0,-1,0,-55.47,1024,353,822
42097,3650.52,0,0,-1,0,-47.35,1024,355,822
42147,3614.46,0,0,-1,0,-56.34,1024,356,822
42198,3652.30,0,0,-1,0,-36.97,1024,358,822
42248,3615.33,0,0,-1,0,-33.48,1024,359,822
42298,3662.11,0,0,-1,0,-46.78,1024,361,822
42348,3616.20,0,0,-1,0,-35.23,1024,362,822
42398,3633.72,0,0,0,0,-29.68,1024,363,822
42448,3592.81,0,0,0,0,-39.95,1024,363,822
42498,3635.48,0,0,0,0,-42.67,1024,364,822
42548,3604.04,0,0,0,0,-38.42,1024,364,822
42598,3610.98,0,0,0,0,-38.42,1024,364,822
42648,3577.39,0,0,0,0,41.43,1024,364,822
42698,3620.56,0,0,0,0,-39.76,1024,364,822
42748,3582.52,0,0,0,0,-37.33,1024,364,822
42798,3610.11,0,0,0,0,-44.18,1024,364,822
42848,3586.80,0,0,0,0,-44.18,1024,364,822
42898,3625.82,0,0,0,0,-40.73,1024,364,822
42948,3591.95,0,0,0,0,-49.63,1024,364,822
42998,3630.20,0,0,0,0,-36.53,1024,364,822
43048,3593.67,0,0,0,0,-50.49,1024,364,822
43098,3638.13,0,0,0,0,-46.17,1024,364,822
43148,3593.67,0,0,0,0,-40.16,1024,364,822
43198,3648.75,0,0,-1,0,-55.07,1024,365,822
43248,3563.79,0,0,0,0,28.16,1024,365,822
43298,3611.85,0,0,1,0,43.55,1024,366,822
43348,3577.39,0,0,0,0,33.59,1024,366,822
43398,3612.72,0,0,0,0,36.16,1024,366,822
43448,3559.56,0,0,1,0,52.28,1024,367,822
43498,3589.38,0,0,0,0,39.49,1024,367,822
43548,3567.18,0,0,0,0,44.66,1024,367,822
43598,3610.98,0,0,0,0,43.82,1024,367,822
43648,3576.54,0,0,0,0,36.18,1024,367,822
43698,3597.98,0,0,0,0,-45.78,1024,367,822
43748,3564.64,0,0,0,0,34.21,1024,367,822
43798,3611.85,0,0,0,0,43.80,1024,367,822
43848,3568.03,0,0,0,0,32.55,1024,367,822
43898,3563.79,0,0,0,0,35.92,1024,367,822
43948,3593.67,0,-5,0,-5,-845.11,1034,367,828
43998,3566.33,0,0,0,0,183.67,1037,367,841
44048,3593.67,0,0,0,-4,-172.94,1038,367,845
44098,3559.56,0,0,1,0,60.13,1038,369,845
44148,3576.54,0,0,0,0,2.56,1038,369,845
44198,3546.94,0,0,1,0,45.02,1038,371,845
44248,3585.94,0,0,1,0,41.54,1038,372,845
44298,3546.10,0,0,1,0,40.70,1038,374,845
44348,3600.58,0,0,0,0,24.74,1038,374,845
44398,3562.95,0,0,0,0,35.04,1038,375,845
44448,3610.98,0,0,0,0,43.82,1038,375,845
44498,3570.58,0,0,0,0,52.61,1038,375,845
44548,3619.69,0,0,0,0,-53.49,1038,375,845
44598,3569.73,0,0,0,0,54.33,1038,375,845
44648,3623.19,0,0,0,0,-53.46,1038,375,845
44698,3556.19,0,0,1,0,32.33,1038,376,845
44748,3597.12,0,0,1,0,38.99,1038,377,845
44798,3562.95,0,0,0,0,35.04,1038,378,845
44848,3610.98,0,0,0,0,34.24,1038,378,845
44898,3577.39,0,0,0,0,33.59,1038,378,845
44948,3610.98,0,0,0,0,33.59,1038,378,845
44998,3571.43,0,0,0,0,51.76,1038,378,845
45048,3600.58,0,0,0,0,32.72,1038,378,845
45099,3572.28,0,0,0,0,26.57,1038,379,845
45149,3610.98,0,0,0,0,26.58,1038,379,845
45199,3567.18,0,0,0,0,44.66,1038,379,845
45249,3623.19,0,0,0,0,-52.61,1038,379,845
45299,3585.94,0,0,0,0,-52.61,1038,379,845
45349,3626.69,0,0,0,0,12.32,1038,379,845
45399,3591.95,0,0,0,0,-36.51,1038,379,845
45449,3639.01,0,0,0,0,-45.34,1038,379,845
45499,3604.04,0,0,0,0,-38.42,1038,379,845
45549,3642.54,0,0,-1,0,-28.09,1038,380,845
45599,3615.33,0,0,-1,0,-43.06,1038,381,845
45649,3624.06,0,0,0,0,-10.48,1038,382,845
45699,3571.43,0,0,0,0,50.01,1038,382,845
45749,3601.44,0,0,0,0,50.01,1038,382,845
45799,3568.03,0,0,0,0,43.82,1038,382,845
45849,3611.85,0,0,0,0,24.04,1038,382,845
45899,3577.39,0,0,0,0,34.46,1038,382,845
45949,3611.85,0,0,0,0,42.08,1038,382,845
45999,3575.69,0,0,0,0,37.03,1038,382,845
46049,3609.24,0,0,0,0,37.03,1038,382,845
46099,3575.69,0,0,0,0,37.03,1038,382,845
46149,3618.82,0,0,0,0,37.03,1038,382,845
46199,3533.57,0,0,1,0,32.77,1038,383,845
46249,3586.80,0,0,1,0,27.87,1038,384,845
46299,3498.95,0,1,0,0,32.95,1039,386,845
46349,3544.42,0,0,1,0,-34.01,1040,388,845
46399,3555.34,0,0,1,0,-46.57,1041,389,845
46449,3537.74,0,0,1,0,541.68,1053,390,853
46499,3583.37,0,-3,0,-3,-637.67,1060,390,857
46550,3433.28,0,2,0,0,347.91,1067,390,882
46600,3606.64,0,-1,0,0,-120.13,1068,390,882
46650,3558.72,0,0,1,0,134.04,1070,391,890
46700,3614.46,0,0,0,0,-5.07,1070,391,890
46750,3587.66,0,0,0,0,-5.07,1070,391,890
46800,3633.72,0,0,0,0,-19.26,1070,391,890
46850,3584.23,0,-1,0,0,-134.82,1071,392,890
46900,3633.72,0,0,0,0,-31.42,1071,392,890
46950,3592.81,0,0,0,0,-30.58,1071,392,890
47000,3639.01,0,0,0,0,-42.75,1071,392,890
47050,3583.37,0,0,0,0,-33.83,1071,392,890
47100,3614.46,0,0,0,0,-33.83,1071,392,890
47150,3582.52,0,0,0,0,-63.20,1071,392,890
47200,3610.11,0,0,0,0,-43.30,1071,392,890
47250,3582.52,0,0,0,0,-42.36,1071,392,890
47300,3629.32,0,0,0,0,-39.09,1071,392,890
47350,3597.12,0,0,0,0,-45.97,1071,392,890
47400,3639.01,0,0,0,0,-44.47,1071,392,890
47450,3603.17,0,0,-1,0,-52.34,1071,393,890
47500,3643.43,0,0,-1,0,-27.23,1071,394,890
47550,3604.04,0,0,-1,0,-36.76,1071,395,890
47600,3647.86,0,0,-1,0,-48.15,1071,396,890
47650,3592.81,0,0,-1,0,-60.43,1071,397,890
47700,3582.52,0,0,-1,0,-60.43,1071,397,890
47750,3558.72,0,0,1,0,36.68,1071,399,890
47800,3600.58,0,0,0,0,25.71,1071,399,890
47850,3576.54,0,0,0,0,24.90,1071,399,890
47900,3623.19,0,0,0,0,-54.31,1071,399,890
47950,3577.39,0,0,0,0,35.33,1071,399,890
48000,3620.56,0,0,0,0,-33.76,1071,399,890
48050,3593.67,0,0,0,0,-32.05,1071,399,890
48100,3639.01,0,0,0,0,-45.34,1071,399,890
48150,3574.83,0,0,0,0,43.98,1071,399,890
48200,3623.19,0,0,0,0,-53.46,1071,399,890
48250,3593.67,0,0,0,0,-55.48,1071,399,890
48300,3639.01,0,0,0,0,-45.34,1071,399,890
48350,3591.95,0,0,-1,0,-41.97,1071,400,890
48400,3619.69,0,0,0,0,-32.11,1071,400,890
48450,3586.80,0,0,0,0,-32.11,1071,400,890
48500,3629.32,0,0,0,0,-36.51,1071,400,890
48550,3584.23,0,0,0,0,-58.06,1071,400,890
48600,3629.32,0,0,0,0,-36.51,1071,400,890
48650,3591.09,0,0,0,0,-39.30,1071,400,890
48700,3639.01,0,0,0,0,-46.20,1071,400,890
48750,3581.66,0,0,0,0,-22.61,1071,400,890
48800,3639.01,0,0,0,0,-45.34,1071,400,890
48850,3592.81,0,0,-1,0,-59.34,1071,401,890
48900,3629.32,0,0,0,0,-37.37,1071,401,890
48950,3484.32,0,1,0,0,148.52,1072,401,890
49000,3639.01,0,0,0,0,-46.20,1073,401,900
49050,3581.66,0,0,0,0,-33.14,1073,401,900
49100,3574.83,0,0,0,0,-28.73,1073,402,900
49150,3546.10,0,0,1,0,51.89,1073,404,900
49200,3578.24,0,0,0,0,-13.61,1073,404,900
49250,3562.95,0,0,0,0,26.43,1073,404,900
49300,3600.58,0,0,0,0,43.80,1073,404,900
49350,3568.03,0,0,0,0,42.95,1073,404,900
49400,3610.98,0,0,0,0,-57.79,1073,404,900
49451,3578.24,0,0,0,0,33.60,1073,404,900
49501,3620.56,0,0,0,0,-38.90,1073,404,900
49551,3582.52,0,0,0,0,-44.97,1073,404,900
49601,3610.98,0,0,0,0,-44.18,1073,404,900
49651,3586.80,0,0,0,0,-44.18,1073,404,900
49701,3582.52,0,0,0,0,-44.18,1073,404,900
49751,3562.95,0,0,0,0,24.71,1073,405,900
49801,3611.85,0,0,0,0,24.74,1073,405,900
49851,3573.13,0,0,0,0,26.58,1073,405,900
49901,3610.98,0,0,0,0,36.77,1073,405,900
49951,3558.72,0,0,1,0,41.86,1073,406,900
50001,3587.66,0,0,0,0,22.16,1073,406,900
50051,3555.34,0,0,1,0,41.78,1073,408,900
50101,3589.38,0,0,0,0,32.48,1073,408,900
50151,3566.33,0,0,0,0,34.24,1073,408,900
50201,3610.98,0,0,0,0,35.33,1073,408,900
50251,3585.09,0,0,0,0,32.73,1073,408,900
50301,3618.82,0,0,0,0,-36.35,1073,408,900
50351,3591.95,0,0,0,0,-26.89,1073,408,900
50401,3619.69,0,0,0,0,-26.89,1073,408,900
50451,3578.24,0,0,0,0,41.45,1073,408,900
50501,3598.85,0,0,0,0,43.82,1073,408,900
50551,3566.33,0,0,0,0,34.24,1073,408,900
50601,3611.85,0,0,0,0,24.89,1073,408,900
50651,3586.80,0,0,0,0,32.75,1073,408,900
50701,3619.69,0,0,0,0,32.75,1073,408,900
50751,3582.52,0,0,0,0,-43.22,1073,408,900
50801,3620.56,0,0,0,0,-38.90,1073,408,900
50851,3594.54,0,0,0,0,-43.24,1073,408,900
50902,3628.45,0,0,0,0,-34.77,1073,408,900
50952,3511.24,0,1,0,0,33.19,1074,409,900
51002,3579.95,0,0,0,0,-59.65,1075,410,900
51052,3576.54,0,0,0,0,-35.46,1075,411,900
51102,3548.62,0,0,1,0,533.02,1086,412,908
51152,3584.23,0,-4,0,-4,-707.88,1094,412,913
51202,3501.40,0,1,0,0,356.62,1101,412,944
51252,3585.94,0,0,1,0,86.27,1101,414,944
51302,3564.64,0,0,0,0,17.88,1101,414,944
51352,3600.58,0,0,0,0,24.71,1101,414,944
51402,3581.66,0,0,0,0,37.63,1101,414,944
51452,3599.71,0,0,0,0,30.08,1101,414,944
51502,3582.52,0,0,0,0,33.38,1101,414,944
51552,3611.85,0,0,0,0,43.80,1101,414,944
51602,3577.39,0,0,0,0,34.46,1101,414,944
51652,3610.11,0,0,0,0,34.46,1101,414,944
51702,3558.72,0,0,1,0,41.86,1101,415,944
51752,3610.11,0,0,0,0,34.19,1101,415,944
51802,3575.69,0,0,0,0,26.62,1101,415,944
51852,3599.71,0,0,0,0,34.24,1101,415,944
51902,3582.52,0,0,0,0,26.58,1101,415,944
51952,3619.69,0,0,0,0,26.58,1101,415,944
52002,3594.54,0,0,0,0,-38.19,1101,415,944
52052,3630.20,0,0,0,0,-38.25,1101,415,944
52102,3591.95,0,0,0,0,-48.78,1101,415,944
52152,3629.32,0,0,0,0,-35.65,1101,415,944
52202,3521.13,0,1,0,0,36.75,1102,416,944
52252,3575.69,0,0,0,0,-30.42,1102,417,944
52302,3546.10,0,0,1,0,28.73,1102,419,944
52352,3586.80,0,0,1,0,29.76,1102,420,944
52402,3562.10,0,0,0,0,37.61,1102,420,944
52452,3578.24,0,0,0,0,-11.06,1102,420,944
52502,3544.42,0,0,1,0,43.23,1102,422,944
52552,3587.66,0,0,0,0,35.06,1102,422,944
52602,3577.39,0,0,0,0,23.19,1102,422,944
52652,3610.98,0,0,0,0,23.19,1102,422,944
52702,3586.80,0,0,0,0,31.88,1102,422,944
52752,3619.69,0,0,0,0,-35.51,1102,422,944
52802,3593.67,0,0,0,0,-33.03,1102,422,944
52852,3631.96,0,0,0,0,-27.06,1102,422,944
52902,3603.17,0,0,-1,0,-40.24,1102,423,944
52952,3653.19,0,0,-1,0,-38.73,1102,425,944
53002,3615.33,0,0,-1,0,-53.69,1102,426,944
53052,3652.30,0,0,-1,0,-36.97,1102,428,944
53102,3615.33,0,0,-1,0,-40.65,1102,429,944
53152,3624.94,0,0,0,0,-10.48,1102,430,944
53202,3593.67,0,0,0,0,-48.75,1102,430,944
53252,3639.01,0,0,0,0,-45.34,1102,430,944
53302,3591.95,0,0,-1,0,-59.34,1102,431,944
53352,3619.69,0,0,0,0,-31.23,1102,431,944
53402,3582.52,0,0,0,0,-51.25,1102,431,944
53452,3619.69,0,0,0,0,-42.42,1102,431,944
53502,3582.52,0,0,0,0,-26.03,1102,431,944
53552,3629.32,0,0,0,0,-36.51,1102,431,944
53602,3563.79,0,0,0,0,35.92,1102,431,944
53652,3611.85,0,0,0,0,43.80,1102,431,944
53702,3586.80,0,0,0,0,33.60,1102,431,944
53752,3623.19,0,0,0,0,-45.80,1102,431,944
53803,3637.25,0,0,0,0,-59.00,1102,431,944
53853,3630.20,0,0,0,0,-39.11,1102,431,944
53903,3593.67,0,0,0,0,-23.49,1102,431,944
53953,3601.44,0,0,0,0,32.69,1102,431,944
54003,3573.13,0,0,0,0,25.72,1102,431,944
54053,3610.98,0,0,0,0,25.72,1102,431,944
54103,3578.24,0,0,0,0,33.60,1102,431,944
54153,3611.85,0,0,0,0,50.89,1102,431,944
54203,3617.94,0,0,0,0,35.31,1102,431,944
54253,3610.11,0,0,0,0,-6.12,1102,431,944
54303,3586.80,0,0,0,0,-6.12,1102,431,944
54353,3612.72,0,0,0,0,42.30,1102,431,944
54403,3586.80,0,0,0,0,42.30,1102,431,944
54453,3623.19,0,0,0,0,-51.76,1102,431,944
54503,3586.80,0,0,0,0,46.65,1102,431,944
54553,3620.56,0,0,0,0,-33.76,1102,431,944
54603,3584.23,0,0,0,0,-41.67,1102,431,944
54653,3620.56,0,0,0,0,-38.05,1102,431,944
54703,3587.66,0,0,0,0,-38.05,1102,431,944
54753,3629.32,0,0,0,0,-43.38,1102,431,944
54803,3593.67,0,0,0,0,-47.87,1102,431,944
54853,3619.69,0,0,0,0,-47.87,1102,431,944
54903,3568.03,0,0,0,0,42.95,1102,431,944
54953,3623.19,0,0,0,0,-46.65,1102,431,944
55003,3584.23,0,0,0,0,-46.65,1102,431,944
55053,3629.32,0,0,0,0,-48.52,1102,431,944
55103,3591.95,0,0,0,0,-49.63,1102,431,944
55153,3599.71,0,0,0,0,-45.29,1102,431,944
55203,3575.69,0,0,0,0,24.89,1102,431,944
55254,3611.85,0,0,0,0,44.66,1102,431,944
55304,3564.64,0,0,0,0,23.02,1102,431,944
55354,3597.12,0,0,1,0,32.33,1102,432,944
55404,3597.98,0,0,1,0,42.62,1102,433,944
55454,3570.58,0,0,0,0,445.49,1111,433,950
55504,3606.64,0,-4,0,-4,-694.49,1119,433,955
55554,3562.10,0,0,0,0,392.55,1127,433,959
55604,3604.90,0,0,0,0,-93.48,1127,434,959
55654,3548.62,0,0,1,0,52.82,1127,435,959
55704,3565.49,0,0,0,0,-15.19,1127,436,959
55754,3533.57,0,0,1,0,42.97,1127,438,959
55804,3577.39,0,0,0,0,-33.80,1127,439,959
55854,3544.42,0,0,1,0,32.11,1127,441,959
55904,3576.54,0,0,0,0,-32.11,1127,442,959
55954,3532.74,0,0,1,0,32.75,1127,444,959
56004,3576.54,0,0,0,0,-31.28,1127,445,959
56054,3536.07,0,0,1,0,51.59,1127,447,959
56104,3544.42,0,0,1,0,-22.47,1128,449,959
56154,3510.41,0,1,0,0,46.62,1130,450,959
56204,3527.75,0,0,0,0,-4.97,1131,450,959
56254,3545.26,0,0,1,0,31.28,1131,451,959
56304,3586.80,0,0,1,0,18.65,1131,452,959
56354,3563.79,0,0,0,0,23.01,1131,453,959
56404,3609.24,0,0,1,0,43.57,1131,454,959
56454,3571.43,0,0,0,0,51.76,1131,454,959
56504,3620.56,0,0,0,0,-33.76,1131,454,959
56554,3586.80,0,0,0,0,43.17,1131,454,959
56604,3597.98,0,0,0,0,-35.51,1131,454,959
56654,3593.67,0,0,0,0,-6.12,1131,454,959
56704,3610.98,0,0,0,0,-35.65,1131,454,959
56754,3586.80,0,0,0,0,-35.65,1131,454,959
56804,3624.06,0,0,0,0,-47.53,1131,454,959
56854,3582.52,0,0,0,0,-43.22,1131,454,959
56904,3630.20,0,0,0,0,-48.54,1131,454,959
56954,3603.17,0,0,0,0,-32.28,1131,454,959
57004,3643.43,0,0,-1,0,-28.97,1131,456,959
57054,3603.17,0,0,-1,0,-34.17,1131,457,959
57104,3643.43,0,0,-1,0,-38.53,1131,458,959
57154,3603.17,0,0,-1,0,-36.79,1131,459,959
57204,3643.43,0,0,-1,0,-29.84,1131,461,959
57254,3615.33,0,0,-1,0,-35.25,1131,462,959
57304,3633.72,0,0,0,0,-29.68,1131,462,959
57354,3604.04,0,0,0,0,-36.65,1131,462,959
57404,3642.54,0,0,-1,0,-38.51,1131,464,959
57454,3603.17,0,0,-1,0,-46.55,1131,465,959
57504,3643.43,0,0,-1,0,-29.84,1131,467,959
57554,3591.95,0,0,0,0,-27.08,1131,467,959
57604,3588.52,0,0,0,0,26.46,1131,467,959
57654,3555.34,0,0,1,0,33.17,1131,468,959
57704,3598.85,0,0,1,0,30.60,1131,469,959
57754,3562.95,0,0,0,0,35.90,1131,470,959
57804,3611.85,0,0,0,0,34.24,1131,470,959
57854,3568.88,0,0,0,0,41.23,1131,470,959
57904,3619.69,0,0,0,0,41.23,1131,470,959
57954,3593.67,0,0,0,0,-44.94,1131,470,959
58004,3630.20,0,0,0,0,-38.25,1131,470,959
58054,3594.54,0,0,0,0,-39.95,1131,470,959
58104,3628.45,0,0,0,0,-34.77,1131,470,959
58155,3593.67,0,0,0,0,-40.81,1131,470,959
58205,3610.98,0,0,0,0,-32.14,1131,470,959
58255,3586.80,0,0,0,0,-32.14,1131,470,959
58305,3612.72,0,0,0,0,31.85,1131,470,959
58355,3581.66,0,0,0,0,-44.97,1131,470,959
58405,3610.98,0,0,0,0,30.11,1131,470,959
58455,3620.56,0,0,0,0,-32.91,1131,470,959
58505,3629.32,0,0,0,0,-35.65,1143,470,967
58555,3592.81,0,0,-1,0,-61.09,1143,471,967
58605,3642.54,0,0,-1,0,-40.24,1143,473,967
58655,3604.04,0,-1,0,-2,-156.15,1144,474,969
58705,3643.43,0,0,-1,0,-28.10,1144,476,969
58755,3613.59,0,0,-1,0,-55.50,1144,477,969
58805,3650.52,0,0,-1,0,-23.83,1144,479,969
58855,3624.94,0,0,0,0,28.25,1144,480,969
58905,3662.11,0,0,-1,0,-35.42,1144,482,969
58955,3616.20,0,0,0,0,-9.69,1144,482,969
59005,3595.40,0,0,-1,0,-37.88,1144,483,969
59055,3566.33,0,0,0,0,34.24,1144,484,969
59105,3610.11,0,0,0,0,24.87,1144,484,969
59155,3575.69,0,0,0,0,25.76,1144,484,969
59205,3601.44,0,0,0,0,25.76,1144,484,969
59255,3577.39,0,0,0,0,32.72,1144,484,969
59305,3611.85,0,0,0,0,35.31,1144,484,969
59355,3577.39,0,0,0,0,24.05,1144,484,969
59405,3610.98,0,0,0,0,24.05,1144,484,969
59455,3577.39,0,0,0,0,38.81,1144,484,969
59505,3630.20,0,0,0,0,-36.53,1144,484,969
59555,3582.52,0,0,0,0,-39.95,1144,484,969
59606,3620.56,0,0,0,0,-39.76,1144,484,969
59656,3578.24,0,0,0,0,39.70,1144,484,969
59706,3587.66,0,0,1,0,44.97,1144,485,969
59756,3576.54,0,0,0,0,-30.44,1144,486,969
59806,3561.25,0,0,0,0,451.59,1153,486,975
59856,3608.37,0,-4,0,-4,-655.91,1161,486,980
59906,3501.40,0,1,0,0,392.68,1168,486,1016
59956,3604.90,0,0,0,0,7.96,1168,487,1016
60006,3577.39,0,0,0,0,37.07,1168,487,1016
60056,3624.06,0,0,0,0,-19.16,1168,487,1016
60106,3582.52,0,0,0,0,-65.69,1168,487,1016
60156,3627.57,0,0,0,0,-5.26,1168,487,1016
60206,3606.64,0,-1,0,0,-124.73,1169,488,1016
60256,3634.60,0,0,0,0,-46.94,1169,488,1016
60306,3591.09,0,0,-1,0,-55.13,1169,489,1016
60356,3599.71,0,0,0,0,29.12,1169,489,1016
60406,3586.80,0,0,0,0,34.23,1169,489,1016
60456,3620.56,0,0,0,0,-27.75,1169,489,1016
60506,3581.66,0,0,0,0,-43.24,1169,489,1016
60556,3628.45,0,0,0,0,-40.79,1169,489,1016
60606,3592.81,0,0,0,0,-26.05,1169,489,1016
60656,3630.20,0,0,0,0,-24.43,1169,489,1016
60706,3582.52,0,0,0,0,-40.89,1169,489,1016
60756,3629.32,0,0,0,0,-33.06,1169,489,1016
60806,3593.67,0,0,0,0,-37.32,1169,489,1016
60856,3629.32,0,0,0,0,-45.10,1169,489,1016
60906,3591.95,0,0,0,0,-45.93,1169,489,1016
60956,3638.13,0,0,0,0,-40.14,1169,489,1016
61006,3593.67,0,0,0,0,-39.26,1169,489,1016
61056,3544.42,0,0,1,0,38.09,1169,490,1016
61106,3596.26,0,0,-1,0,-108.77,1169,491,1016
61156,3610.98,0,0,0,0,-30.43,1169,491,1016
61206,3586.80,0,0,0,0,38.70,1169,491,1016
61256,3629.32,0,0,0,0,-42.52,1169,491,1016
61306,3577.39,0,0,0,0,33.59,1169,491,1016
61356,3611.85,0,0,0,0,25.72,1169,491,1016
61406,3567.18,0,0,0,0,45.53,1169,491,1016
61456,3500.58,0,1,0,0,63.21,1170,491,1016
61506,3577.39,0,0,0,0,26.65,1170,491,1020
61556,3612.72,0,0,0,0,34.44,1170,491,1020
61606,3577.39,0,0,0,0,33.59,1170,491,1020
61656,3619.69,0,0,0,0,-45.80,1170,491,1020
61706,3586.80,0,0,0,0,-45.80,1170,491,1020
61756,3619.69,0,0,0,0,-45.80,1170,491,1020
61806,3582.52,0,0,0,0,-44.22,1170,491,1020
61856,3619.69,0,0,0,0,-44.22,1170,491,1020
61906,3580.81,0,0,0,0,-32.05,1170,491,1020
61956,3627.57,0,0,0,0,-33.03,1170,491,1020
62006,3592.81,0,0,0,0,-32.28,1170,491,1020
62056,3623.19,0,0,0,0,-44.94,1170,491,1020
62106,3593.67,0,0,0,0,-40.81,1170,491,1020
62156,3620.56,0,0,0,0,-27.75,1170,491,1020
62206,3593.67,0,0,0,0,-32.91,1170,491,1020
62256,3633.72,0,0,0,0,-29.68,1170,491,1020
62306,3604.04,0,0,0,0,-39.09,1170,491,1020
62356,3639.01,0,0,0,0,-45.34,1170,491,1020
62406,3604.04,0,0,0,0,-40.16,1170,491,1020
62456,3633.72,0,0,0,0,-20.13,1170,492,1020
62507,3591.95,0,0,0,0,-29.61,1170,492,1020
62557,3618.82,0,0,0,0,-29.61,1170,492,1020
62607,3592.81,0,0,0,0,-37.37,1170,492,1020
62657,3629.32,0,0,0,0,-35.65,1170,492,1020
62707,3593.67,0,0,0,0,-29.61,1170,492,1020
62757,3619.69,0,0,0,0,-30.39,1170,492,1020
62807,3604.90,0,0,0,0,-34.76,1170,492,1020
62857,3641.66,0,0,-1,0,-36.76,1170,493,1020
62907,3604.04,0,0,0,0,-26.22,1170,493,1020
62957,3642.54,0,0,-1,0,-28.96,1170,495,1020
63007,3602.31,0,0,-1,0,-35.93,1170,496,1020
63057,3643.43,0,0,-1,0,-39.39,1170,498,1020
63107,3595.40,0,-1,0,0,-143.73,1171,499,1020
63157,3633.72,0,0,0,0,-30.55,1171,499,1020
63207,3567.18,0,0,0,0,33.39,1171,499,1020
63257,3600.58,0,0,0,0,36.77,1171,499,1020
63307,3568.88,0,0,0,0,42.10,1171,499,1020
63357,3600.58,0,0,0,0,26.58,1171,499,1020
63407,3562.95,0,0,0,0,25.57,1171,499,1020
63457,3600.58,0,0,0,0,36.77,1171,499,1020
63507,3573.13,0,0,0,0,26.58,1171,499,1020
63557,3611.85,0,0,0,0,32.73,1171,499,1020
63607,3521.13,0,1,0,0,35.06,1172,500,1020
63657,3564.64,0,0,0,0,-31.90,1172,501,1020
63707,3534.40,0,0,1,0,40.43,1172,503,1020
63757,3574.83,0,0,0,0,-40.43,1172,504,1020
63807,3546.94,0,0,1,0,39.01,1172,506,1020
63857,3597.98,0,0,1,0,17.79,1172,507,1020
63907,3568.03,0,0,0,0,43.82,1172,508,1020
63958,3611.85,0,0,0,0,34.24,1172,508,1020
64008,3577.39,0,0,0,0,35.33,1172,508,1020
64058,3611.85,0,0,0,0,32.72,1172,508,1020
64108,3568.03,0,0,0,0,32.55,1172,508,1020
64158,3611.85,0,0,0,0,34.46,1172,508,1020
64208,3580.81,0,0,0,0,-34.62,1172,508,1020
64258,3629.32,0,0,0,0,-35.65,1172,508,1020
64308,3592.81,0,0,-1,0,-56.66,1172,509,1020
64358,3632.84,0,0,0,0,-29.67,1172,509,1020
64408,3575.69,0,0,0,0,44.01,1172,509,1020
64458,3629.32,0,0,0,0,-35.65,1172,509,1020
64508,3603.17,0,0,-1,0,-41.97,1172,510,1020
64558,3642.54,0,0,-1,0,-39.37,1172,512,1020
64608,3604.04,0,0,-1,0,-35.04,1172,513,1020
64658,3639.01,0,0,0,0,-45.34,1172,513,1020
64708,3603.17,0,0,-1,0,-28.93,1172,514,1020
64758,3643.43,0,0,-1,0,-41.12,1172,516,1020
64808,3614.46,0,0,0,0,-27.95,1172,516,1020
64858,3642.54,0,0,-1,0,-26.34,1172,517,1020
64908,3626.69,0,0,0,0,16.74,1172,518,1020
64958,3652.30,0,0,-1,0,-48.26,1172,520,1020
65008,3604.90,0,0,0,0,-27.08,1172,520,1020
65058,3619.69,0,0,-1,0,-36.76,1172,521,1020
65108,3587.66,0,0,0,0,40.59,1172,521,1020
65158,3612.72,0,0,0,0,43.13,1172,521,1020
65208,3521.95,0,1,0,0,42.69,1173,522,1020
65258,3575.69,0,0,0,0,-42.12,1173,523,1020
65308,3544.42,0,0,1,0,32.11,1173,525,1020
65358,3587.66,0,0,1,0,32.30,1173,526,1020
65408,3563.79,0,0,0,0,35.06,1173,527,1020
65458,3573.98,0,0,0,0,24.87,1173,527,1020
65508,3594.54,0,-5,0,-6,-874.07,1183,527,1027
65558,3551.14,0,0,1,0,425.53,1191,528,1032
65608,52264.81,-618,-632,0,0,-48763.41,1830,528,1061
65658,3535.23,0,0,1,0,359.86,1833,529,1072
65708,3555.34,0,0,1,0,13.53,1834,530,1072
65758,3509.59,0,1,0,0,47.44,1836,531,1072
65808,3534.40,0,0,1,0,-24.81,1837,533,1072
65858,3509.59,0,1,0,0,23.98,1839,534,1072
65908,3536.07,0,0,1,0,-31.39,1840,535,1072
65958,3480.28,0,1,0,0,33.43,1843,535,1072
66008,3522.78,0,1,0,0,-42.50,1846,535,1072
66058,3488.37,0,1,0,0,46.03,1848,536,1072
66108,3545.26,0,0,1,0,-44.68,1849,538,1072
66158,3520.30,0,1,0,0,25.80,1851,539,1072
66208,3566.33,0,0,0,0,-44.38,1852,540,1072
66258,3552.82,0,0,1,0,-22.58,1852,542,1072
66308,3487.56,0,1,0,0,602.98,1865,542,1080
66358,3578.24,0,0,0,0,81.18,1866,543,1083
66408,3553.66,0,0,1,0,38.29,1866,545,1083
66458,3579.10,0,0,0,0,-10.22,1866,545,1083
66508,3555.34,0,0,1,0,40.05,1866,547,1083
66558,3599.71,0,0,0,0,14.49,1866,547,1083
66608,3573.13,0,0,0,0,26.58,1866,547,1083
66658,3599.71,0,0,0,0,28.28,1866,547,1083
66708,3584.23,0,0,0,0,29.13,1866,547,1083
66758,3624.06,0,0,0,0,-46.67,1866,547,1083
66808,3586.80,0,0,0,0,-46.67,1866,547,1083
66859,3629.32,0,0,0,0,-36.51,1866,547,1083
66909,3604.04,0,0,0,0,-50.49,1866,547,1083
66959,3633.72,0,0,0,0,-29.68,1866,548,1083
67009,3603.17,0,0,-1,0,-49.90,1866,549,1083
67059,3643.43,0,0,-1,0,-31.58,1866,551,1083
67109,3604.04,0,0,-1,0,-41.14,1866,552,1083
67159,3643.43,0,0,-1,0,-34.19,1866,554,1083
67209,3602.31,0,0,-1,0,-35.06,1866,555,1083
67259,3629.32,0,0,0,0,-32.20,1866,555,1083
67309,3603.17,0,0,-1,0,-41.97,1866,556,1083
67359,3624.06,0,0,0,0,-16.56,1866,556,1083
67409,3583.37,0,0,0,0,-48.42,1866,556,1083
67459,3601.44,0,0,0,0,-55.64,1866,556,1083
67509,3573.13,0,0,0,0,25.72,1866,556,1083
67559,3612.72,0,0,0,0,37.03,1866,556,1083
67609,3586.80,0,0,0,0,36.18,1866,556,1083
67659,3620.56,0,0,0,0,-33.76,1866,556,1083
67709,3583.37,0,0,0,0,-41.67,1866,556,1083
67759,3611.85,0,0,0,0,38.79,1866,556,1083
67809,3582.52,0,0,0,0,-35.48,1866,556,1083
67859,3620.56,0,0,0,0,-33.76,1866,556,1083
67909,3582.52,0,0,0,0,-31.19,1866,556,1083
67959,3629.32,0,0,0,0,-37.37,1866,556,1083
68009,3568.03,0,0,0,0,41.21,1866,556,1083
68059,3611.85,0,0,0,0,24.89,1866,556,1083
68109,3582.52,0,0,0,0,-35.48,1866,556,1083
68159,3629.32,0,0,0,0,-37.37,1866,556,1083
68209,3578.24,0,0,0,0,31.00,1866,556,1083
68259,3611.85,0,0,0,0,37.05,1866,556,1083
68310,3586.80,0,0,0,0,42.97,1866,556,1083
68360,3610.11,0,0,0,0,42.97,1866,556,1083
68410,3577.39,0,0,0,0,35.33,1866,556,1083
68460,3600.58,0,0,0,0,40.36,1866,556,1083
68510,3575.69,0,0,0,0,24.89,1866,556,1083
68560,3610.11,0,0,0,0,43.82,1866,556,1083
68610,3564.64,0,0,0,0,24.74,1866,556,1083
68660,3587.66,0,0,1,0,22.89,1866,557,1083
68710,3557.87,0,0,1,0,42.70,1866,558,1083
68760,3611.85,0,0,0,0,26.58,1866,558,1083
68810,3577.39,0,0,0,0,34.46,1866,558,1083
68860,3610.98,0,0,0,0,34.46,1866,558,1083
68910,3577.39,0,0,0,0,31.85,1866,558,1083
68960,3623.19,0,0,0,0,-46.65,1866,558,1083
69010,3594.54,0,0,0,0,-44.07,1866,558,1083
69060,3610.98,0,0,0,0,-44.07,1866,558,1083
69110,3577.39,0,0,0,0,33.59,1866,558,1083
69160,3611.85,0,0,0,0,44.66,1866,558,1083
69210,3577.39,0,0,0,0,23.19,1866,558,1083
69260,3619.69,0,0,0,0,-43.17,1866,558,1083
69310,3586.80,0,0,0,0,-43.17,1866,558,1083
69360,3591.95,0,0,0,0,-39.89,1866,558,1083
69410,3572.28,0,0,0,0,17.10,1866,558,1083
69460,3609.24,0,0,1,0,42.72,1866,559,1083
69510,3558.72,0,0,1,0,41.86,1866,560,1083
69560,3600.58,0,0,0,0,6.83,1866,560,1083
69610,3553.66,0,0,1,0,34.00,1866,562,1083
69660,3598.85,0,0,1,0,34.01,1866,563,1083
69710,3573.13,0,0,0,0,25.72,1866,563,1083
69760,3590.23,0,0,0,0,52.58,1866,563,1083
69810,3575.69,0,0,0,0,24.89,1866,563,1083
69860,3610.11,0,0,0,0,32.73,1866,563,1083
69910,3554.50,0,0,1,0,34.87,1866,564,1083
69960,3592.81,0,0,0,0,-7.60,1866,564,1083
70010,3563.79,0,0,0,0,35.06,1866,565,1083
70060,3558.72,0,0,1,0,41.86,1866,566,1083
70110,3502.22,0,1,0,0,314.58,1871,566,1100
70160,3501.40,0,1,0,0,367.57,1876,566,1117
70210,3501.40,0,1,0,0,354.64,1881,566,1133
70260,3501.40,0,1,0,0,380.59,1886,566,1151
70310,3434.85,0,2,0,0,178.73,1889,566,1151
70360,3299.60,0,3,0,0,51.60,1897,566,1151
70410,3169.91,2,5,0,0,37.96,1911,566,1151
70460,3084.52,0,6,0,0,33.34,1923,566,1151
70510,2941.18,4,8,0,0,61.23,1945,566,1151
70560,2859.87,0,9,0,0,49.37,1962,566,1151
70610,2768.55,0,10,0,0,54.18,1982,566,1151
70660,2651.11,14,12,0,4,26.98,2016,566,1165
70710,2567.17,11,13,0,4,27.08,2042,566,1178
70760,2396.93,25,15,0,17,111.43,2071,566,1205
70810,2460.23,2,14,0,-4,-24.77,2100,566,1215
70860,2297.09,16,16,0,6,38.63,2132,566,1239
70910,2228.50,19,17,0,5,34.63,2166,566,1249
70960,2165.75,2,18,0,8,62.74,2184,566,1257
71010,2126.45,0,19,0,-2,-19.12,2222,566,1267
71060,2007.49,18,20,0,7,56.06,2261,566,1282
71110,1987.28,0,20,0,2,20.21,2281,566,1284
71160,1913.27,6,21,0,1,13.02,2323,566,1292
71211,1833.74,22,22,0,1,14.01,2367,566,1300
71261,1773.26,13,23,0,7,60.48,2390,566,1307
71311,1757.47,0,23,0,1,15.79,2413,566,1308
71361,1684.83,13,24,0,1,10.47,2461,566,1316
71411,1619.87,17,25,0,7,64.95,2486,566,1323
71461,1607.03,26,25,0,1,12.84,2511,566,1324
71511,1573.65,19,26,0,-7,-70.34,2564,566,1341
71561,1467.42,37,27,0,10,106.22,2591,566,1351
71611,1458.29,27,27,0,0,9.13,2618,566,1351
71661,1391.85,34,28,0,6,66.44,2646,566,1357
71711,1382.36,28,28,0,0,9.49,2674,566,1357
71761,1317.64,34,29,0,5,64.72,2703,566,1362
71811,1264.44,34,30,0,4,53.20,2733,566,1366
71861,1293.88,23,29,0,-6,-71.39,2792,566,1375
71911,1163.96,40,31,0,9,129.92,2823,566,1384
71961,1163.96,40,31,0,9,129.92,2823,566,1384
72011,1142.60,32,31,0,1,21.37,2854,566,1385
72061,1100.35,35,32,0,3,42.24,2886,566,1388
72111,1083.50,33,32,0,1,16.85,2918,566,1389
72161,1018.12,37,33,0,4,65.38,2951,566,1393
72211,1002.00,34,33,0,1,16.12,2984,566,1394
72261,926.73,38,34,0,4,75.28,3018,566,1398
72311,926.73,38,34,0,4,75.28,3018,566,1398
72361,923.42,34,34,0,0,3.31,3052,566,1398
72411,850.15,39,35,0,4,73.27,3087,566,1402
72461,850.15,39,35,0,4,73.27,3087,566,1402
72511,840.19,35,35,0,0,9.95,3122,566,1402
72561,755.93,40,36,0,4,84.26,3158,566,1406
72611,755.93,40,36,0,4,84.26,3158,566,1406
72662,752.52,37,37,0,0,3.41,3195,566,1406
72712,682.75,40,37,0,3,69.77,3232,566,1409
72762,682.75,40,37,0,3,69.77,3232,566,1409
72812,655.80,39,38,0,1,26.95,3270,566,1410
72862,655.80,39,38,0,1,26.95,3270,566,1410
72912,577.03,42,39,0,3,78.76,3309,566,1413
72962,577.03,42,39,0,3,78.76,3309,566,1413
73012,577.03,42,39,0,3,78.76,3309,566,1413
73062,545.10,40,39,0,1,31.94,3348,566,1414
73112,545.10,40,39,0,1,31.94,3348,566,1414
73162,452.42,42,40,0,2,92.68,3388,566,1416
73212,452.42,42,40,0,2,92.68,3388,566,1416
73262,452.42,42,40,0,2,92.68,3388,566,1416
73312,401.13,42,41,0,1,51.29,3429,566,1417
73362,401.13,42,41,0,1,51.29,3429,566,1417
73412,401.13,42,41,0,1,51.29,3429,566,1417
73462,401.13,42,41,0,1,51.29,3429,566,1417
74322,58.64,-42,41,0,1,51.29,3429,566,1417
74372,58.64,-42,41,0,1,51.29,3429,566,1417
74422,58.64,-42,41,0,1,51.29,3429,566,1417
74472,58.64,-42,41,0,1,51.29,3429,566,1417
74522,58.64,-42,41,0,1,51.29,3429,566,1417
74572,0.00,-42,41,0,1,51.29,3429,566,1417
74622,0.00,-42,41,0,1,51.29,3429,566,1417
74672,0.00,-42,41,0,1,51.29,3429,566,1417
74722,0.00,-42,41,0,1,51.29,3429,566,1417
74772,0.00,-42,41,0,1,51.29,3429,566,1417
74822,0.00,-42,41,0,1,51.29,3429,566,1417
74872,0.00,-42,41,0,1,51.29,3429,566,1417
74923,0.00,-42,41,0,1,51.29,3429,566,1417
74973,0.00,-42,41,0,1,51.29,3429,566,1417
75023,0.00,-42,41,0,1,51.29,3429,566,1417
75073,0.00,-42,41,0,1,51.29,3429,566,1417
75123,0.00,-42,41,0,1,51.29,3429,566,1417
75173,0.00,-42,41,0,1,51.29,3429,566,1417
75223,0.00,-42,41,0,1,51.29,3429,566,1417
75273,0.00,-42,41,0,1,51.29,3429,566,1417
75323,0.00,-42,41,0,1,51.29,3429,566,1417
75373,0.00,-42,41,0,1,51.29,3429,566,1417
75423,0.00,-42,41,0,1,51.29,3429,566,1417
75473,0.00,-42,41,0,1,51.29,3429,566,1417
75523,0.00,-42,41,0,1,51.29,3429,566,1417
75573,0.00,-42,41,0,1,51.29,3429,566,1417
75623,0.00,-42,41,0,1,51.29,3429,566,1417
75673,0.00,-42,41,0,1,51.29,3429,566,1417
75723,0.00,-42,41,0,1,51.29,3429,566,1417
75773,0.00,-42,41,0,1,51.29,3429,566,1417
75823,0.00,-42,41,0,1,51.29,3429,566,1417
75873,0.00,-42,41,0,1,51.29,3429,566,1417
75923,0.00,-42,41,0,1,51.29,3429,566,1417
75973,0.00,-42,41,0,1,51.29,3429,566,1417
76023,0.00,-42,41,0,1,51.29,3429,566,1417
76073,0.00,-42,41,0,1,51.29,3429,566,1417
76123,0.00,-42,41,0,1,51.29,3429,566,1417
76173,0.00,-42,41,0,1,51.29,3429,566,1417
76223,0.00,-42,41,0,1,51.29,3429,566,1417
76273,0.00,-42,41,0,1,51.29,3429,566,1417
76323,0.00,-42,41,0,1,51.29,3429,566,1417
76374,0.00,-42,41,0,1,51.29,3429,566,1417
76424,0.00,-42,41,0,1,51.29,3429,566,1417
76474,0.00,-42,41,0,1,51.29,3429,566,1417
76524,0.00,-42,41,0,1,51.29,3429,566,1417
76574,0.00,-42,41,0,1,51.29,3429,566,1417
76624,0.00,-42,41,0,1,51.29,3429,566,1417
76674,0.00,-42,41,0,1,51.29,3429,566,1417
76724,0.00,-42,41,0,1,51.29,3429,566,1417
76774,0.00,-42,41,0,1,51.29,3429,566,1417
76824,0.00,-42,41,0,1,51.29,3429,566,1417
76874,0.00,-42,41,0,1,51.29,3429,566,1417
76924,0.00,-42,41,0,1,51.29,3429,566,1417
76974,0.00,-42,41,0,1,51.29,3429,566,1417
77024,0.00,-42,41,0,1,51.29,3429,566,1417
77074,0.00,-42,41,0,1,51.29,3429,566,1417
77124,0.00,-42,41,0,1,51.29,3429,566,1417
77174,0.00,-42,41,0,1,51.29,3429,566,1417
77224,0.00,-42,41,0,1,51.29,3429,566,1417
77274,0.00,-42,41,0,1,51.29,3429,566,1417
77324,0.00,-42,41,0,1,51.29,3429,566,1417
77374,0.00,-42,41,0,1,51.29,3429,566,1417
77424,0.00,-42,41,0,1,51.29,3429,566,1417
77474,0.00,-42,41,0,1,51.29,3429,566,1417
77524,0.00,-42,41,0,1,51.29,3429,566,1417
77574,0.00,-42,41,0,1,51.29,3429,566,1417
77624,0.00,-42,41,0,1,51.29,3429,566,1417
77674,0.00,-42,41,0,1,51.29,3429,566,1417
77724,0.00,-42,41,0,1,51.29,3429,566,1417
77774,0.00,-42,41,0,1,51.29,3429,566,1417
77824,0.00,-42,41,0,1,51.29,3429,566,1417
77874,0.00,-42,41,0,1,51.29,3429,566,1417
77924,0.00,-42,41,0,1,51.29,3429,566,1417
77974,0.00,-42,41,0,1,51.29,3429,566,1417
78024,0.00,-42,41,0,1,51.29,3429,566,1417
78074,0.00,-42,41,0,1,51.29,3429,566,1417
78124,0.00,-42,41,0,1,51.29,3429,566,1417
78174,0.00,-42,41,0,1,51.29,3429,566,1417
78224,0.00,-42,41,0,1,51.29,3429,566,1417
78274,0.00,-42,41,0,1,51.29,3429,566,1417
78324,0.00,-42,41,0,1,51.29,3429,566,1417
78374,0.00,-42,41,0,1,51.29,3429,566,1417
78424,0.00,-42,41,0,1,51.29,3429,566,1417
78474,0.00,-42,41,0,1,51.29,3429,566,1417
78524,0.00,-42,41,0,1,51.29,3429,566,1417
78574,0.00,-42,41,0,1,51.29,3429,566,1417
78624,0.00,-42,41,0,1,51.29,3429,566,1417
78674,0.00,-42,41,0,1,51.29,3429,566,1417
78724,0.00,-42,41,0,1,51.29,3429,566,1417
78774,0.00,-42,41,0,1,51.29,3429,566,1417
78824,0.00,-42,41,0,1,51.29,3429,566,1417
78874,0.00,-42,41,0,1,51.29,3429,566,1417
78924,0.00,-42,41,0,1,51.29,3429,566,1417
78974,0.00,-42,41,0,1,51.29,3429,566,1417
79024,0.00,-42,41,0,1,51.29,3429,566,1417
79074,0.00,-42,41,0,1,51.29,3429,566,1417
79124,0.00,-42,41,0,1,51.29,3429,566,1417
79174,0.00,-42,41,0,1,51.29,3429,566,1417
79224,0.00,-42,41,0,1,51.29,3429,566,1417
79275,0.00,-42,41,0,1,51.29,3429,566,1417
79325,0.00,-42,41,0,1,51.29,3429,566,1417
79375,0.00,-42,41,0,1,51.29,3429,566,1417
79425,0.00,-42,41,0,1,51.29,3429,566,1417
79475,0.00,-42,41,0,1,51.29,3429,566,1417
79525,0.00,-42,41,0,1,51.29,3429,566,1417
79575,0.00,-42,41,0,1,51.29,3429,566,1417
79625,0.00,-42,41,0,1,51.29,3429,566,1417
79675,0.00,-42,41,0,1,51.29,3429,566,1417
79725,0.00,-42,41,0,1,51.29,3429,566,1417
79775,0.00,-42,41,0,1,51.29,3429,566,1417
79825,0.00,-42,41,0,1,51.29,3429,566,1417
79875,0.00,-42,41,0,1,51.29,3429,566,1417
79925,0.00,-42,41,0,1,51.29,3429,566,1417
79975,0.00,-42,41,0,1,51.29,3429,566,1417
80025,0.00,-42,41,0,1,51.29,3429,566,1417
80075,0.00,-42,41,0,1,51.29,3429,566,1417
80125,0.00,-42,41,0,1,51.29,3429,566,1417
80175,0.00,-42,41,0,1,51.29,3429,566,1417
80225,0.00,-42,41,0,1,51.29,3429,566,1417
80275,0.00,-42,41,0,1,51.29,3429,566,1417
80325,0.00,-42,41,0,1,51.29,3429,566,1417
