Mechanical Governor - Abrupt Load Decrease(1500 W)
Trial: 8
Date: 4-3-2023
Time: 2:53 PM
Ambient Temp: 98
Head Temp: 216.8

------ Microcontroller Engine Governor - Version: 1.16 ------
-------------------------------------------------------------
PID Gains:        Kp: 0.013000   Ki: 0.025000   Kd: 1.000000
-------------------------------------------------------------
Set RPM:             3600    |  Min RPM:                300
                             |
RPM Precision        10       |  PID I Precision:         70
                             |
Start Steps:         850     |  Max Steps:               1200
                             |
RPM Calc Interval:   1       |  Num Magnets:             1
                             |
LCD Update Interval: 400     |  Serial Update Interval:  50
-------------------------------------------------------------

Time,RPM,Steps Remaining, PID p, PID i, PID d, RPM Change, P Cmd, I Cmd, D Cmd
1226,0.00,0,0,0,0,0.00,0,0,0
1276,0.00,0,0,0,0,0.00,0,0,0
1326,0.00,0,0,0,0,0.00,0,0,0
1376,0.00,0,0,0,0,0.00,0,0,0
1426,0.00,0,0,0,0,0.00,0,0,0
1476,0.00,0,0,0,0,0.00,0,0,0
1526,0.00,0,0,0,0,0.00,0,0,0
1576,0.00,0,0,0,0,0.00,0,0,0
1626,0.00,0,0,0,0,0.00,0,0,0
1676,0.00,0,0,0,0,0.00,0,0,0
1726,0.00,0,0,0,0,0.00,0,0,0
1776,0.00,0,0,0,0,0.00,0,0,0
1826,0.00,0,0,0,0,0.00,0,0,0
1876,0.00,0,0,0,0,0.00,0,0,0
1926,0.00,0,0,0,0,0.00,0,0,0
1976,0.00,0,0,0,0,0.00,0,0,0
2026,0.00,0,0,0,0,0.00,0,0,0
2076,0.00,0,0,0,0,0.00,0,0,0
2126,0.00,0,0,0,0,0.00,0,0,0
2176,0.00,0,0,0,0,0.00,0,0,0
2226,0.00,0,0,0,0,0.00,0,0,0
2276,0.00,0,0,0,0,0.00,0,0,0
2326,0.00,0,0,0,0,0.00,0,0,0
2376,0.00,0,0,0,0,0.00,0,0,0
2426,0.00,0,0,0,0,0.00,0,0,0
2476,0.00,0,0,0,0,0.00,0,0,0
2526,0.00,0,0,0,0,0.00,0,0,0
2576,0.00,0,0,0,0,0.00,0,0,0
2626,0.00,0,0,0,0,0.00,0,0,0
2676,0.00,0,0,0,0,0.00,0,0,0
2726,0.00,0,0,0,0,0.00,0,0,0
2776,0.00,0,0,0,0,0.00,0,0,0
2826,0.00,0,0,0,0,0.00,0,0,0
2876,0.00,0,0,0,0,0.00,0,0,0
2926,0.00,0,0,0,0,0.00,0,0,0
2976,0.00,0,0,0,0,0.00,0,0,0
3026,0.00,0,0,0,0,0.00,0,0,0
3076,0.00,0,0,0,0,0.00,0,0,0
3126,0.00,0,0,0,0,0.00,0,0,0
3176,0.00,0,0,0,0,0.00,0,0,0
3226,0.00,0,0,0,0,0.00,0,0,0
3276,0.00,0,0,0,0,0.00,0,0,0
3326,0.00,0,0,0,0,0.00,0,0,0
3376,0.00,0,0,0,0,0.00,0,0,0
3426,0.00,0,0,0,0,0.00,0,0,0
3476,0.00,0,0,0,0,0.00,0,0,0
3526,0.00,0,0,0,0,0.00,0,0,0
3576,0.00,0,0,0,0,0.00,0,0,0
3627,0.00,0,0,0,0,0.00,0,0,0
3677,0.00,0,0,0,0,0.00,0,0,0
3727,0.00,0,0,0,0,0.00,0,0,0
3777,0.00,0,0,0,0,0.00,0,0,0
3827,0.00,0,0,0,0,0.00,0,0,0
3877,0.00,0,0,0,0,0.00,0,0,0
3927,0.00,0,0,0,0,0.00,0,0,0
3977,0.00,0,0,0,0,0.00,0,0,0
4027,0.00,0,0,0,0,0.00,0,0,0
4077,0.00,0,0,0,0,0.00,0,0,0
4127,0.00,0,0,0,0,0.00,0,0,0
4177,0.00,0,0,0,0,0.00,0,0,0
4227,0.00,0,0,0,0,0.00,0,0,0
4277,0.00,0,0,0,0,0.00,0,0,0
4327,0.00,0,0,0,0,0.00,0,0,0
4377,0.00,0,0,0,0,0.00,0,0,0
4427,0.00,0,0,0,0,0.00,0,0,0
4477,0.00,0,0,0,0,0.00,0,0,0
4527,0.00,0,0,0,0,0.00,0,0,0
4577,0.00,0,0,0,0,0.00,0,0,0
4627,0.00,0,0,0,0,0.00,0,0,0
4677,0.00,0,0,0,0,0.00,0,0,0
4727,0.00,0,0,0,0,0.00,0,0,0
4777,0.00,0,0,0,0,0.00,0,0,0
4827,0.00,0,0,0,0,0.00,0,0,0
4877,0.00,0,0,0,0,0.00,0,0,0
4927,0.00,0,0,0,0,0.00,0,0,0
4977,0.00,0,0,0,0,0.00,0,0,0
5027,0.00,0,0,0,0,0.00,0,0,0
5078,0.00,0,0,0,0,0.00,0,0,0
5128,0.00,0,0,0,0,0.00,0,0,0
5178,0.00,0,0,0,0,0.00,0,0,0
5228,0.00,0,0,0,0,0.00,0,0,0
5278,0.00,0,0,0,0,0.00,0,0,0
5328,0.00,0,0,0,0,0.00,0,0,0
5378,0.00,0,0,0,0,0.00,0,0,0
5428,0.00,0,0,0,0,0.00,0,0,0
5478,0.00,0,0,0,0,0.00,0,0,0
5528,0.00,0,0,0,0,0.00,0,0,0
5578,0.00,0,0,0,0,0.00,0,0,0
5628,0.00,0,0,0,0,0.00,0,0,0
5678,0.00,0,0,0,0,0.00,0,0,0
5728,0.00,0,0,0,0,0.00,0,0,0
5778,0.00,0,0,0,0,0.00,0,0,0
5828,0.00,0,0,0,0,0.00,0,0,0
5878,0.00,0,0,0,0,0.00,0,0,0
5928,0.00,0,0,0,0,0.00,0,0,0
5978,0.00,0,0,0,0,0.00,0,0,0
6028,0.00,0,0,0,0,0.00,0,0,0
6078,0.00,0,0,0,0,0.00,0,0,0
6128,0.00,0,0,0,0,0.00,0,0,0
6178,0.00,0,0,0,0,0.00,0,0,0
6228,0.00,0,0,0,0,0.00,0,0,0
6278,0.00,0,0,0,0,0.00,0,0,0
6328,0.00,0,0,0,0,0.00,0,0,0
6378,0.00,0,0,0,0,0.00,0,0,0
6428,0.00,0,0,0,0,0.00,0,0,0
6478,0.00,0,0,0,0,0.00,0,0,0
6528,0.00,0,0,0,0,0.00,0,0,0
6578,0.00,0,0,0,0,0.00,0,0,0
6628,0.00,0,0,0,0,0.00,0,0,0
6678,0.00,0,0,0,0,0.00,0,0,0
6728,0.00,0,0,0,0,0.00,0,0,0
6778,0.00,0,0,0,0,0.00,0,0,0
6828,0.00,0,0,0,0,0.00,0,0,0
6878,0.00,0,0,0,0,0.00,0,0,0
6928,0.00,0,0,0,0,0.00,0,0,0
6978,0.00,0,0,0,0,0.00,0,0,0
7028,0.00,0,0,0,0,0.00,0,0,0
7078,0.00,0,0,0,0,0.00,0,0,0
7128,0.00,0,0,0,0,0.00,0,0,0
7178,0.00,0,0,0,0,0.00,0,0,0
7228,0.00,0,0,0,0,0.00,0,0,0
7278,0.00,0,0,0,0,0.00,0,0,0
7328,0.00,0,0,0,0,0.00,0,0,0
7378,0.00,0,0,0,0,0.00,0,0,0
7428,0.00,0,0,0,0,0.00,0,0,0
7478,0.00,0,0,0,0,0.00,0,0,0
7528,0.00,0,0,0,0,0.00,0,0,0
7578,0.00,0,0,0,0,0.00,0,0,0
7628,0.00,0,0,0,0,0.00,0,0,0
7678,0.00,0,0,0,0,0.00,0,0,0
7728,0.00,0,0,0,0,0.00,0,0,0
7778,0.00,0,0,0,0,0.00,0,0,0
7828,0.00,0,0,0,0,0.00,0,0,0
7878,0.00,0,0,0,0,0.00,0,0,0
7928,0.00,0,0,0,0,0.00,0,0,0
7979,0.00,0,0,0,0,0.00,0,0,0
8029,0.00,0,0,0,0,0.00,0,0,0
8079,0.00,0,0,0,0,0.00,0,0,0
8129,0.00,0,0,0,0,0.00,0,0,0
8179,0.00,0,0,0,0,0.00,0,0,0
8229,0.00,0,0,0,0,0.00,0,0,0
8279,0.00,0,0,0,0,0.00,0,0,0
8329,0.00,0,0,0,0,0.00,0,0,0
8379,0.00,0,0,0,0,0.00,0,0,0
8429,0.00,0,0,0,0,0.00,0,0,0
8479,0.00,0,0,0,0,0.00,0,0,0
8529,0.00,0,0,0,0,0.00,0,0,0
8579,0.00,0,0,0,0,0.00,0,0,0
8629,0.00,0,0,0,0,0.00,0,0,0
8679,0.00,0,0,0,0,0.00,0,0,0
8729,0.00,0,0,0,0,0.00,0,0,0
8779,0.00,0,0,0,0,0.00,0,0,0
8829,0.00,0,0,0,0,0.00,0,0,0
8879,0.00,0,0,0,0,0.00,0,0,0
8929,0.00,0,0,0,0,0.00,0,0,0
8979,0.00,0,0,0,0,0.00,0,0,0
9029,0.00,0,0,0,0,0.00,0,0,0
9079,0.00,0,0,0,0,0.00,0,0,0
9129,0.00,0,0,0,0,0.00,0,0,0
9179,0.00,0,0,0,0,0.00,0,0,0
9229,0.00,0,0,0,0,0.00,0,0,0
9279,0.00,0,0,0,0,0.00,0,0,0
9329,0.00,0,0,0,0,0.00,0,0,0
9379,0.00,0,0,0,0,0.00,0,0,0
9430,0.00,0,0,0,0,0.00,0,0,0
9480,0.00,0,0,0,0,0.00,0,0,0
9530,0.00,0,0,0,0,0.00,0,0,0
9580,0.00,0,0,0,0,0.00,0,0,0
9630,0.00,0,0,0,0,0.00,0,0,0
9680,0.00,0,0,0,0,0.00,0,0,0
9730,0.00,0,0,0,0,0.00,0,0,0
9780,0.00,0,0,0,0,0.00,0,0,0
9830,0.00,0,0,0,0,0.00,0,0,0
9880,0.00,0,0,0,0,0.00,0,0,0
9930,0.00,0,0,0,0,0.00,0,0,0
9980,0.00,0,0,0,0,0.00,0,0,0
10030,0.00,0,0,0,0,0.00,0,0,0
10080,0.00,0,0,0,0,0.00,0,0,0
10130,0.00,0,0,0,0,0.00,0,0,0
10180,inf,0,0,0,0,inf,0,0,0
10230,inf,0,0,0,0,inf,0,0,0
10280,inf,0,0,0,0,inf,0,0,0
10330,449.45,19,40,0,0,inf,40,0,0
10380,449.45,0,40,0,0,inf,40,0,0
10430,605.82,15,38,0,-1,-156.36,78,0,1
10480,1026.41,12,33,0,-7,-420.60,111,0,8
10530,1047.63,27,33,0,0,-21.22,144,0,8
10580,1468.57,1,27,0,-10,-420.94,171,0,18
10630,1476.81,3,27,0,0,-8.24,198,0,18
10680,1650.35,24,25,0,0,-4.89,248,0,22
10730,1910.58,0,21,0,-8,-260.24,269,0,30
10780,2194.91,0,18,0,-9,-268.13,308,0,39
10830,2444.19,0,15,0,-9,-239.28,341,0,48
10880,2681.44,0,11,0,-10,-238.05,367,0,58
10930,2894.08,0,9,0,-11,-222.19,388,0,69
10980,3091.51,0,6,0,0,4.47,409,0,79
11030,3453.04,-2,1,0,-8,-167.89,418,0,97
11080,3598.85,0,0,0,-3,-163.65,419,0,100
11130,3724.86,0,-1,0,0,-33.00,422,0,100
11180,3670.17,0,0,0,0,14.42,424,0,100
11230,3654.08,0,0,-1,0,-17.72,424,2,100
11280,3646.97,0,0,-1,0,17.82,424,4,100
11330,3643.43,0,0,-1,0,-7.07,424,6,100
11380,3616.20,0,0,0,0,27.23,424,7,100
11430,3617.94,0,0,0,0,-17.37,424,7,100
11480,3573.98,0,0,0,0,23.14,424,7,100
11530,3597.98,0,0,0,0,18.82,424,7,100
11580,3571.43,0,0,0,0,47.39,424,7,100
11630,3608.37,0,0,0,0,32.55,424,7,100
11680,3579.95,0,0,0,0,38.87,424,7,100
11730,3618.82,0,0,0,0,-36.30,424,7,100
11780,3582.52,0,0,0,0,41.55,424,7,100
11830,3639.01,0,0,0,0,-57.35,424,7,100
11880,3581.66,0,0,0,0,42.40,424,7,100
11930,3624.94,0,0,0,0,-34.70,424,7,100
11980,3591.95,0,0,0,0,-44.20,424,7,100
12030,3629.32,0,0,0,0,-49.37,424,7,100
12080,3592.81,0,0,0,0,-45.93,424,7,100
12130,3608.37,0,0,0,0,46.47,424,7,100
12180,3581.66,0,0,0,0,35.41,424,7,100
12230,3616.20,0,0,0,0,-25.97,424,7,100
12280,3576.54,0,0,0,0,30.97,424,7,100
12331,3618.82,0,0,0,0,-49.09,424,7,100
12381,3602.31,0,0,0,0,-43.32,424,7,100
12431,3615.33,0,0,0,0,-24.23,424,7,100
12481,3591.09,0,0,0,0,-46.81,424,7,100
12531,3624.06,0,0,0,0,-31.25,424,7,100
12581,3591.95,0,0,0,0,-54.78,424,7,100
12631,3632.84,0,0,0,0,-40.89,424,7,100
12681,3582.52,0,0,0,0,45.93,424,7,100
12731,3607.50,0,0,0,0,38.92,424,7,100
12781,3560.41,0,0,0,0,47.96,424,7,100
12831,3606.64,0,0,0,0,34.28,424,7,100
12881,3580.81,0,0,0,0,47.64,424,7,100
12931,3642.54,0,0,-1,0,-50.59,424,8,100
12981,3604.04,0,0,-1,0,-43.74,424,9,100
13031,3643.43,0,0,-1,0,-39.39,424,11,100
13081,3590.23,0,0,0,0,-26.12,424,11,100
13131,3617.07,0,0,0,0,-40.53,424,11,100
13181,3579.95,0,0,0,0,38.87,424,11,100
13231,3626.69,0,0,0,0,-44.18,424,11,100
13281,3579.95,0,0,0,0,44.99,424,11,100
13331,3639.89,0,0,0,0,-58.23,424,11,100
13381,3591.95,0,0,0,0,-42.61,424,11,100
13431,3617.94,0,0,0,0,-35.43,424,11,100
13481,3581.66,0,0,0,0,47.66,424,11,100
13531,3618.82,0,0,0,0,-46.54,424,11,100
13581,3581.66,0,0,0,0,36.28,424,11,100
13631,3624.06,0,0,0,0,-31.25,424,11,100
13681,3591.95,0,0,0,0,-40.03,424,11,100
13731,3609.24,0,0,0,0,43.88,424,11,100
13782,3576.54,0,0,0,0,31.83,424,11,100
13832,3624.94,0,0,0,0,-33.85,424,11,100
13882,3591.95,0,0,0,0,-32.09,424,11,100
13932,3624.94,0,0,0,0,-34.70,424,11,100
13982,3591.09,0,0,0,0,-31.25,424,11,100
14032,3618.82,0,0,0,0,-46.54,424,11,100
14082,3579.95,0,0,0,0,38.87,424,11,100
14132,3578.24,0,0,0,0,-7.67,424,11,100
14182,3581.66,0,0,0,0,35.41,424,11,100
14232,3624.06,0,0,0,0,-32.97,424,11,100
14282,3590.23,0,0,0,0,-56.52,424,11,100
14332,3623.19,0,0,0,0,-31.23,424,11,100
14382,3591.95,0,0,0,0,-41.75,424,11,100
14432,3617.94,0,0,0,0,-35.43,424,11,100
14482,3567.18,0,0,0,0,41.19,424,11,100
14532,3498.13,0,1,0,0,69.90,425,11,100
14582,3575.69,0,0,0,0,26.62,426,11,105
14632,3629.32,0,0,0,0,-49.37,426,11,105
14682,3591.09,0,0,0,0,-57.35,426,11,105
14732,3632.84,0,0,0,0,-40.03,426,11,105
14782,3580.81,0,0,0,0,47.64,426,11,105
14832,3617.94,0,0,0,0,-36.28,426,11,105
14882,3581.66,0,0,0,0,37.16,426,11,105
14932,3608.37,0,0,0,0,38.68,426,11,105
14982,3608.37,0,0,0,0,28.42,426,11,105
15032,3544.42,0,0,1,0,517.31,436,12,175
15082,3545.26,0,0,1,0,406.27,444,13,234
15132,3544.42,0,0,1,0,510.73,452,14,283
15182,3545.26,0,0,1,0,406.27,460,15,338
15232,3544.42,0,0,1,0,541.66,469,16,397
15282,3544.42,0,0,1,0,278.21,472,17,421
15332,3546.10,0,0,1,0,323.87,476,18,449
15382,3545.26,0,0,1,0,316.74,481,19,478
15432,3545.26,0,0,1,0,339.74,486,20,509
15482,3545.26,0,0,1,0,327.71,491,21,538
15532,3545.26,0,0,1,0,351.86,496,22,568
15582,3602.31,0,0,0,0,-21.69,496,22,568
15632,3576.54,0,0,0,0,32.70,496,22,568
15682,3617.94,0,0,0,0,-35.43,496,22,568
15732,3572.28,0,0,0,0,51.78,496,22,568
15782,3628.45,0,0,0,0,-43.36,496,22,568
15832,3581.66,0,0,0,0,46.79,496,22,568
15882,3616.20,0,0,0,0,-22.53,496,22,568
15932,3585.09,0,0,0,0,24.15,496,22,568
15982,3617.94,0,0,0,0,-34.57,496,22,568
16032,3581.66,0,0,0,0,29.32,496,22,568
16082,3616.20,0,0,0,0,-19.94,496,22,568
16132,3581.66,0,0,0,0,44.15,496,22,568
16182,3608.37,0,0,0,0,36.13,496,22,568
16232,3571.43,0,0,0,0,47.39,496,22,568
16282,3597.98,0,0,0,0,29.32,496,22,568
16332,3574.83,0,0,0,0,33.54,496,22,568
16382,3617.07,0,0,0,0,-45.64,496,22,568
16432,3570.58,0,0,0,0,47.37,496,22,568
16482,3618.82,0,0,0,0,-48.24,496,22,568
16532,3581.66,0,0,0,0,37.16,496,22,568
16582,3608.37,0,0,0,0,38.90,496,22,568
16632,3592.81,0,0,0,0,29.27,496,22,568
16683,3608.37,0,0,0,0,35.39,496,22,568
16733,3576.54,0,0,0,0,30.97,496,22,568
16783,3618.82,0,0,0,0,-38.01,496,22,568
16833,3581.66,0,0,0,0,56.47,496,22,568
16883,3624.94,0,0,0,0,-32.99,496,22,568
16933,3580.81,0,0,0,0,44.13,496,22,568
16983,3617.07,0,0,0,0,-34.56,496,22,568
17033,3574.83,0,0,0,0,33.54,496,22,568
17083,3608.37,0,0,0,0,26.61,496,22,568
17133,3576.54,0,0,0,0,30.97,496,22,568
17183,3617.94,0,0,0,0,-37.14,496,22,568
17233,3591.95,0,0,0,0,-32.09,496,22,568
17283,3617.94,0,0,0,0,-37.14,496,22,568
17333,3568.03,0,0,0,0,39.47,496,22,568
17383,3640.78,0,0,-1,0,-109.70,496,24,568
17433,3571.43,0,0,0,0,38.68,496,25,568
17483,3608.37,0,0,0,0,28.45,496,25,568
17533,3569.73,0,0,0,0,49.09,496,25,568
17583,3617.94,0,0,0,0,-46.52,496,25,568
17633,3580.81,0,0,0,0,37.14,496,25,568
17683,3624.06,0,0,0,0,-31.25,496,25,568
17733,3591.95,0,0,0,0,-25.11,496,25,568
17783,3639.89,0,0,0,0,-76.95,496,25,568
17833,3581.66,0,0,0,0,37.16,496,25,568
17883,3608.37,0,0,0,0,32.70,496,25,568
17933,3584.23,0,0,0,0,24.14,496,25,568
17983,3629.32,0,0,0,0,-47.66,496,25,568
18033,3585.09,0,0,0,0,22.42,496,25,568
18083,3607.50,0,0,0,0,41.29,496,25,568
18134,3567.18,0,0,0,0,41.19,496,25,568
18184,3609.24,0,0,0,0,39.55,496,25,568
18234,3576.54,0,0,0,0,30.10,496,25,568
18284,3608.37,0,0,0,0,31.89,496,25,568
18334,3576.54,0,0,0,0,30.10,496,25,568
18384,3617.94,0,0,0,0,-37.14,496,25,568
18434,3557.03,0,0,1,0,40.95,496,26,568
18484,3598.85,0,0,1,0,43.61,496,27,568
18534,3567.18,0,0,0,0,40.32,496,27,568
18584,3617.94,0,0,0,0,-36.28,496,27,568
18634,3570.58,0,0,0,0,47.37,496,27,568
18684,3617.94,0,0,0,0,-47.37,496,27,568
18734,3565.49,0,0,0,0,31.64,496,27,568
18784,3617.94,0,0,0,0,-43.11,496,27,568
18834,3581.66,0,0,0,0,37.16,496,27,568
18884,3617.94,0,0,0,0,-36.28,496,27,568
18934,3571.43,0,0,0,0,47.39,496,27,568
18984,3620.56,0,0,0,0,-49.14,496,27,568
19034,3573.98,0,0,0,0,24.00,496,27,568
19084,3607.50,0,0,0,0,35.14,496,27,568
19134,3575.69,0,0,0,0,32.69,496,27,568
19184,3608.37,0,0,0,0,39.55,496,27,568
19234,3568.88,0,0,0,0,37.76,496,27,568
19284,3618.82,0,0,0,0,-48.24,496,27,568
19334,3606.64,0,0,0,0,38.01,496,27,568
19384,3546.10,0,0,1,0,395.05,503,28,618
19434,3546.10,0,0,1,0,331.87,509,29,652
19484,3545.26,0,0,1,0,339.74,514,30,684
19534,3545.26,0,0,1,0,304.84,519,31,711
19584,3545.26,0,0,1,0,292.04,524,32,736
19634,3607.50,0,0,0,0,74.44,524,33,736
19684,3570.58,0,0,0,0,46.49,524,33,736
19734,3606.64,0,0,0,0,29.87,524,33,736
19784,3568.03,0,0,0,0,34.28,524,33,736
19834,3608.37,0,0,0,0,24.10,524,33,736
19884,3585.09,0,0,0,0,24.15,524,33,736
19934,3618.82,0,0,0,0,-38.01,524,33,736
19984,3582.52,0,0,0,0,45.93,524,33,736
20034,3617.94,0,0,0,0,-37.14,524,33,736
20084,3571.43,0,0,0,0,45.64,524,33,736
20134,3597.98,0,0,0,0,40.40,524,33,736
20184,3568.03,0,0,0,0,40.34,524,33,736
20234,3607.50,0,0,0,0,40.42,524,33,736
20284,3579.95,0,0,0,0,38.87,524,33,736
20334,3607.50,0,0,0,0,38.92,524,33,736
20384,3583.37,0,0,0,0,25.00,524,33,736
20434,3606.64,0,0,0,0,26.63,524,33,736
20484,3567.18,0,0,0,0,41.19,524,33,736
20534,3608.37,0,0,0,0,40.40,524,33,736
20584,3581.66,0,0,0,0,35.41,524,33,736
20634,3608.37,0,0,0,0,31.04,524,33,736
20684,3581.66,0,0,0,0,35.41,524,33,736
20734,3607.50,0,0,0,0,30.17,524,33,736
20784,3557.03,0,0,1,0,40.95,524,34,736
20834,3607.50,0,0,0,0,34.28,524,34,736
20884,3573.13,0,0,0,0,24.85,524,34,736
20934,3608.37,0,0,0,0,24.04,524,34,736
20984,3575.69,0,0,0,0,30.95,524,34,736
21035,3608.37,0,0,0,0,41.49,524,34,736
21085,3581.66,0,0,0,0,35.41,524,34,736
21135,3617.94,0,0,0,0,-37.14,524,34,736
21185,3571.43,0,0,0,0,45.64,524,34,736
21235,3608.37,0,0,0,0,31.02,524,34,736
21285,3571.43,0,0,0,0,47.39,524,34,736
21335,3617.94,0,0,0,0,-36.28,524,34,736
21385,3576.54,0,0,0,0,31.83,524,34,736
21435,3597.98,0,0,0,0,38.68,524,34,736
21485,3567.18,0,0,0,0,40.32,524,34,736
21535,3607.50,0,0,0,0,39.55,524,34,736
21585,3570.58,0,0,0,0,48.24,524,34,736
21635,3608.37,0,0,0,0,39.80,524,34,736
21685,3559.56,0,0,1,0,47.94,524,35,736
21735,3597.98,0,0,0,0,28.18,524,35,736
21785,3563.79,0,0,0,0,35.92,524,36,736
21835,3606.64,0,0,0,0,24.89,524,36,736
21885,3575.69,0,0,0,0,32.69,524,36,736
21935,3616.20,0,0,0,0,-25.97,524,36,736
21985,3580.81,0,0,0,0,37.14,524,36,736
22035,3597.12,0,0,0,0,35.07,524,36,736
22085,3573.98,0,0,0,0,25.73,524,37,736
22135,3608.37,0,0,0,0,26.58,524,37,736
22185,3567.18,0,0,0,0,41.19,524,37,736
22235,3617.07,0,0,0,0,-45.64,524,37,736
22285,3569.73,0,0,0,0,49.09,524,37,736
22335,3608.37,0,0,0,0,31.04,524,37,736
22385,3568.03,0,0,0,0,38.61,524,37,736
22435,3597.98,0,0,0,0,17.96,524,37,736
22486,3576.54,0,0,0,0,31.83,524,37,736
22536,3617.94,0,0,0,0,-36.28,524,37,736
22586,3581.66,0,0,0,0,37.16,524,37,736
22636,3608.37,0,0,0,0,24.15,524,37,736
22686,3574.83,0,0,0,0,33.54,524,37,736
22736,3606.64,0,0,0,0,30.18,524,37,736
22786,3618.82,0,0,0,0,-33.73,524,37,736
22836,3545.26,0,0,1,0,294.98,529,38,766
22886,3609.24,0,-2,0,0,-359.04,533,38,766
22936,3567.18,0,0,0,0,205.45,537,38,766
22986,3609.24,0,-1,0,-7,-208.65,539,38,773
23036,3565.49,0,0,0,0,107.38,540,38,777
23086,3610.11,0,0,0,0,-2.60,540,38,777
23136,3572.28,0,0,0,0,50.91,540,38,777
23186,3607.50,0,0,0,0,18.98,540,38,777
23236,3576.54,0,0,0,0,27.50,540,38,777
23286,3606.64,0,0,0,0,39.44,540,38,777
23336,3567.18,0,0,0,0,41.19,540,38,777
23386,3607.50,0,0,0,0,41.25,540,38,777
23436,3581.66,0,0,0,0,35.41,540,38,777
23486,3607.50,0,0,0,0,40.40,540,38,777
23536,3568.03,0,0,0,0,40.34,540,38,777
23586,3588.52,0,0,0,0,-30.64,540,39,777
23636,3567.18,0,0,0,0,40.32,540,39,777
23686,3607.50,0,0,0,0,25.74,540,39,777
23736,3576.54,0,0,0,0,30.10,540,39,777
23786,3597.12,0,0,0,0,34.26,540,39,777
23836,3568.03,0,0,0,0,41.21,540,39,777
23886,3585.94,0,0,0,0,-24.69,540,39,777
23936,3565.49,0,0,0,0,34.23,540,40,777
23986,3608.37,0,0,0,0,33.55,540,40,777
24036,3585.09,0,0,0,0,21.55,540,40,777
24086,3608.37,0,0,0,0,25.77,540,40,777
24136,3568.88,0,0,0,0,39.49,540,40,777
24186,3605.77,0,0,0,0,35.07,540,40,777
24236,3591.95,0,0,0,0,35.19,540,40,777
24286,3608.37,0,0,0,0,31.83,540,40,777
24336,3585.09,0,0,0,0,23.29,540,40,777
24386,3607.50,0,0,0,0,42.12,540,40,777
24436,3560.41,0,0,0,0,46.23,540,40,777
24486,3589.38,0,0,0,0,-31.50,540,41,777
24536,3567.18,0,0,0,0,41.19,540,41,777
24586,3607.50,0,0,0,0,39.55,540,41,777
24636,3617.94,0,0,0,0,-41.41,540,41,777
24686,3608.37,0,0,0,0,31.89,540,41,777
24736,3576.54,0,0,0,0,30.10,540,41,777
24786,3608.37,0,0,0,0,51.44,540,41,777
24836,3573.98,0,0,0,0,24.00,540,41,777
24886,3607.50,0,0,0,0,34.28,540,41,777
24936,3573.13,0,0,0,0,24.85,540,41,777
24986,3617.94,0,0,0,0,-44.81,540,41,777
25036,3603.17,0,0,0,0,46.52,540,41,777
25086,3618.82,0,0,0,0,-38.87,540,41,777
25136,3581.66,0,0,0,0,34.54,540,41,777
25186,3608.37,0,0,0,0,49.99,540,41,777
25236,3568.88,0,0,0,0,37.76,540,41,777
25286,3608.37,0,0,0,0,35.11,540,41,777
25336,3568.03,0,0,0,0,40.34,540,41,777
25387,3566.33,0,0,0,0,23.90,540,41,777
25437,7263.92,-240,-47,0,-207,-3312.39,595,41,1049
25487,3546.10,0,0,1,0,389.88,604,42,1310
25537,3543.59,0,0,1,0,441.54,611,43,1349
25587,3544.42,0,0,1,0,441.76,619,44,1403
25637,3546.10,0,0,1,0,399.19,626,45,1452
25687,3546.10,0,0,1,0,368.31,633,46,1486
25737,3617.94,0,0,0,0,-10.44,633,46,1486
25787,3576.54,0,0,0,0,31.83,633,46,1486
25837,3617.94,0,0,0,0,-37.14,633,46,1486
25887,3582.52,0,0,0,0,38.92,633,46,1486
25937,3597.98,0,0,0,0,43.94,633,46,1486
25987,3569.73,0,0,0,0,47.34,633,46,1486
26037,3606.64,0,0,0,0,30.18,633,46,1486
26087,3566.33,0,0,0,0,31.65,633,46,1486
26137,3608.37,0,0,0,0,42.06,633,46,1486
26187,3565.49,0,0,0,0,34.23,633,47,1486
26237,3595.40,0,0,0,0,30.79,633,47,1486
26287,3564.64,0,0,0,0,35.07,633,48,1486
26337,3607.50,0,0,0,0,39.53,633,48,1486
26387,3573.98,0,0,0,0,22.28,633,48,1486
26437,3597.98,0,0,0,0,28.45,633,48,1486
26487,3576.54,0,0,0,0,30.97,633,48,1486
26537,3608.37,0,0,0,0,31.83,633,48,1486
26587,3566.33,0,0,0,0,41.17,633,48,1486
26637,3597.12,0,0,0,0,32.51,633,48,1486
26687,3565.49,0,0,0,0,30.77,633,48,1486
26737,3607.50,0,0,0,0,25.73,633,48,1486
26787,3576.54,0,0,0,0,31.83,633,48,1486
26838,3617.94,0,0,0,0,-32.86,633,48,1486
26888,3573.13,0,0,0,0,24.85,633,48,1486
26938,3596.26,0,0,0,0,31.85,633,48,1486
26988,3556.19,0,0,1,0,30.61,633,49,1486
27038,3588.52,0,0,0,0,-30.64,633,50,1486
27088,3556.19,0,0,1,0,43.52,633,52,1486
27138,3618.82,0,0,0,0,-50.79,633,52,1486
27188,3590.23,0,0,0,0,-39.72,633,52,1486
27238,3596.26,0,0,0,0,36.28,633,52,1486
27288,3576.54,0,0,0,0,30.10,633,52,1486
27338,3597.12,0,0,0,0,34.24,633,52,1486
27388,3566.33,0,0,0,0,20.47,633,52,1486
27438,3596.26,0,0,0,0,24.87,633,52,1486
27488,3573.98,0,0,0,0,23.14,633,52,1486
27538,3597.12,0,0,0,0,35.92,633,52,1486
27588,3565.49,0,0,0,0,32.50,633,52,1486
27638,3606.64,0,0,0,0,24.87,633,52,1486
27688,3583.37,0,0,0,0,25.00,633,52,1486
27738,3606.64,0,0,0,0,39.57,633,52,1486
27788,3573.98,0,0,0,0,22.28,633,52,1486
27838,3597.98,0,0,0,0,40.38,633,52,1486
27888,3565.49,0,0,0,0,32.50,633,52,1486
27938,3596.26,0,0,0,0,24.87,633,52,1486
27988,3567.18,0,0,0,0,41.19,633,52,1486
28038,3577.39,0,0,0,0,31.85,633,52,1486
28088,3544.42,0,0,1,0,407.10,641,53,1548
28138,3545.26,0,0,1,0,411.48,648,54,1599
28188,3545.26,0,0,1,0,325.71,654,55,1643
28238,3545.26,0,0,1,0,315.74,659,56,1671
28288,3543.59,0,0,1,0,272.24,663,57,1695
28338,3560.41,0,0,0,0,55.79,663,57,1695
28388,3607.50,0,0,0,0,47.30,663,57,1695
28438,3569.73,0,0,0,0,41.25,663,57,1695
28488,3608.37,0,0,0,0,36.98,663,57,1695
28538,3572.28,0,0,0,0,42.18,663,57,1695
28588,3589.38,0,0,0,0,-43.28,663,58,1695
28638,3555.34,0,0,1,0,34.03,663,60,1695
28688,3608.37,0,0,0,0,32.58,663,60,1695
28738,3571.43,0,0,0,0,46.52,663,60,1695
28788,3597.98,0,0,0,0,39.49,663,60,1695
28838,3567.18,0,0,0,0,41.19,663,60,1695
28888,3617.07,0,0,0,0,-43.94,663,60,1695
28938,3579.95,0,0,0,0,38.87,663,60,1695
28988,3607.50,0,0,0,0,48.29,663,60,1695
29038,3565.49,0,0,0,0,31.64,663,60,1695
29088,3607.50,0,0,0,0,35.06,663,60,1695
29138,3576.54,0,0,0,0,32.70,663,61,1695
29188,3608.37,0,0,0,0,40.36,663,61,1695
29238,3556.19,0,0,1,0,43.52,663,63,1695
29288,3607.50,0,0,0,0,50.57,663,63,1695
29338,3568.88,0,0,0,0,40.36,663,64,1695
29388,3597.12,0,0,0,0,24.87,663,64,1695
29438,3573.13,0,0,0,0,23.99,663,64,1695
29488,3606.64,0,0,0,0,36.98,663,64,1695
29538,3575.69,0,0,0,0,31.82,663,64,1695
29588,3608.37,0,0,0,0,30.16,663,64,1695
29638,3559.56,0,0,1,0,47.94,663,65,1695
29688,3608.37,0,0,0,0,35.97,663,65,1695
29739,3563.79,0,0,0,0,34.19,663,65,1695
29789,3596.26,0,0,0,0,48.83,663,65,1695
29839,3573.98,0,0,0,0,22.28,663,65,1695
29889,3607.50,0,0,0,0,26.58,663,65,1695
29939,3566.33,0,0,0,0,31.65,663,65,1695
29989,3597.98,0,0,0,0,22.29,663,65,1695
30039,3566.33,0,0,0,0,42.04,663,65,1695
30089,3607.50,0,0,0,0,27.43,663,65,1695
30139,3559.56,0,0,1,0,47.94,663,66,1695
30189,3607.50,0,0,0,0,34.26,663,66,1695
30239,3556.19,0,0,1,0,33.19,663,68,1695
30289,3607.50,0,0,0,0,38.48,663,68,1695
30339,3573.98,0,0,0,0,23.14,663,68,1695
30389,3617.94,0,0,0,0,-48.22,663,68,1695
30439,3581.66,0,0,0,0,35.41,663,68,1695
30489,3597.12,0,0,0,0,35.07,663,68,1695
30539,3607.50,0,0,0,0,26.54,663,68,1695
30589,3544.42,0,0,1,0,406.06,672,69,1755
30639,3544.42,0,0,1,0,501.98,680,70,1815
30689,3559.56,0,0,1,0,196.07,683,71,1816
30739,3588.52,0,0,0,0,87.95,684,71,1821
30789,3561.25,0,0,0,0,69.83,684,72,1821
30839,3608.37,0,0,0,0,50.57,684,72,1821
30889,3558.72,0,0,1,0,46.18,684,73,1821
30939,3606.64,0,0,0,0,24.08,684,73,1821
30989,3576.54,0,0,0,0,31.83,684,73,1821
31039,3597.12,0,0,0,0,27.43,684,73,1821
31089,3562.10,0,0,0,0,45.40,684,73,1821
31139,3598.85,0,0,1,0,41.01,684,74,1821
31190,3548.62,0,0,1,0,48.51,684,75,1821
31240,3599.71,0,0,1,0,34.05,684,76,1821
31290,3565.49,0,0,0,0,23.03,684,77,1821
31340,3606.64,0,0,0,0,23.90,684,77,1821
31390,3579.95,0,0,0,0,38.87,684,77,1821
31440,3607.50,0,0,0,0,18.91,684,77,1821
31490,3579.10,0,0,0,0,27.54,684,77,1821
31540,3617.94,0,0,0,0,-47.37,684,77,1821
31590,3568.88,0,0,0,0,39.49,684,77,1821
31640,3607.50,0,0,0,0,24.87,684,77,1821
31690,3567.18,0,0,0,0,41.19,684,77,1821
31740,3606.64,0,0,0,0,33.36,684,77,1821
31790,3568.03,0,0,0,0,39.47,684,77,1821
31840,3597.12,0,0,0,0,40.40,684,77,1821
31890,3546.10,0,0,1,0,31.29,684,78,1821
31940,3598.85,0,0,1,0,34.08,684,79,1821
31990,3568.88,0,0,0,0,39.49,684,80,1821
32040,3607.50,0,0,0,0,18.91,684,80,1821
32090,3581.66,0,0,0,0,37.16,684,80,1821
32140,3615.33,0,0,0,0,-22.51,684,80,1821
32190,3571.43,0,0,0,0,47.39,684,80,1821
32240,3589.38,0,0,0,0,-32.34,684,81,1821
32290,3565.49,0,0,0,0,31.64,684,81,1821
32340,3607.50,0,0,0,0,35.92,684,81,1821
32390,3566.33,0,0,0,0,29.93,684,81,1821
32440,3597.12,0,0,0,0,30.79,684,81,1821
32490,3575.69,0,0,0,0,31.82,684,81,1821
32540,3606.64,0,0,0,0,26.58,684,81,1821
32590,3584.23,0,0,0,0,23.27,684,81,1821
32640,3605.77,0,0,0,0,38.03,684,81,1821
32690,3571.43,0,0,0,0,36.08,684,81,1821
32740,3607.50,0,0,0,0,35.07,684,81,1821
32790,3573.98,0,0,0,0,24.00,684,81,1821
32840,3608.37,0,0,0,0,33.41,684,81,1821
32890,3575.69,0,0,0,0,32.69,684,81,1821
32940,3572.28,0,0,0,0,47.41,684,81,1821
32990,3546.10,0,0,1,0,405.43,692,82,1886
33040,3543.59,0,0,1,0,569.38,701,83,1950
33090,3545.26,0,0,1,0,404.19,709,84,2012
33140,3544.42,0,0,1,0,484.59,717,85,2059
33190,3822.63,0,-2,0,-7,-114.35,723,85,2093
33240,3737.85,0,-1,0,0,-35.06,728,85,2136
33290,3615.33,0,0,0,0,33.42,728,86,2136
33340,3573.98,0,0,0,0,98.89,728,87,2136
33390,3605.77,0,0,-1,0,-90.48,728,89,2136
33440,3571.43,0,0,0,0,44.77,728,90,2136
33490,3597.98,0,0,0,0,36.96,728,90,2136
33540,3556.19,0,0,1,0,40.93,728,91,2136
33590,3607.50,0,0,0,0,34.24,728,91,2136
33640,3576.54,0,0,0,0,30.10,728,91,2136
33690,3618.82,0,0,0,0,-48.24,728,91,2136
33740,3581.66,0,0,0,0,37.16,728,91,2136
33790,3597.12,0,0,0,0,42.06,728,91,2136
33840,3556.19,0,0,1,0,40.93,728,92,2136
33890,3599.71,0,0,1,0,51.14,728,93,2136
33940,3561.25,0,0,0,0,58.44,728,94,2136
33990,3608.37,0,0,0,0,41.21,728,94,2136
34040,3585.09,0,0,0,0,23.29,728,94,2136
34091,3608.37,0,0,0,0,32.70,728,94,2136
34141,3556.19,0,0,1,0,40.93,728,95,2136
34191,3608.37,0,0,0,0,25.74,728,95,2136
34241,3576.54,0,0,0,0,30.10,728,95,2136
34291,3618.82,0,0,0,0,-48.24,728,95,2136
34341,3576.54,0,0,0,0,30.10,728,95,2136
34391,3597.98,0,0,0,0,21.33,728,95,2136
34441,3575.69,0,0,0,0,32.69,728,95,2136
34491,3607.50,0,0,0,0,32.70,728,95,2136
34541,3579.95,0,0,0,0,38.87,728,95,2136
34591,3597.98,0,0,0,0,38.68,728,95,2136
34641,3557.03,0,0,1,0,39.23,728,96,2136
34691,3608.37,0,0,0,0,25.61,728,96,2136
34741,3571.43,0,0,0,0,48.26,728,96,2136
34791,3629.32,0,0,0,0,-57.90,728,96,2136
34841,3581.66,0,0,0,0,37.16,728,96,2136
34891,3597.12,0,0,0,0,41.21,728,96,2136
34941,3558.72,0,0,1,0,49.65,728,97,2136
34991,3607.50,0,0,0,0,33.39,728,97,2136
35041,3561.25,0,0,0,0,48.85,728,98,2136
35091,3608.37,0,0,0,0,41.21,728,98,2136
35141,3572.28,0,0,0,0,47.41,728,98,2136
35191,3595.40,0,0,0,0,34.23,728,98,2136
35241,3561.25,0,0,0,0,48.85,728,99,2136
35291,3608.37,0,0,0,0,39.53,728,99,2136
35341,3571.43,0,0,0,0,47.39,728,99,2136
35391,3618.82,0,0,0,0,-42.28,728,99,2136
35441,3571.43,0,0,0,0,47.39,728,99,2136
35491,3597.98,0,0,0,0,31.83,728,99,2136
35542,3574.83,0,0,0,0,34.41,728,99,2136
35592,3617.07,0,0,0,0,-35.41,728,99,2136
35642,3580.81,0,0,0,0,37.14,728,99,2136
35692,3597.98,0,0,0,0,23.03,728,99,2136
35742,3576.54,0,0,0,0,30.97,728,99,2136
35792,3597.98,0,0,0,0,41.21,728,99,2136
35842,3599.71,0,0,1,0,44.32,728,100,2136
35892,3545.26,0,0,1,0,404.19,737,101,2197
35942,3553.66,0,0,1,0,516.90,746,102,2258
35992,3546.10,0,0,1,0,401.27,754,103,2319
36042,3764.12,-1655,-2,0,-1669,50192.72,1419,103,4038
36092,3544.42,0,0,1,0,664.33,1431,104,4134
36142,3546.10,0,0,1,0,401.27,1439,105,4189
36192,3577.39,0,0,0,0,136.40,1440,106,4190
36242,3618.82,0,0,0,0,54.95,1441,106,4192
36292,3573.98,0,0,0,0,99.79,1442,106,4193
36342,3611.85,0,0,0,0,16.60,1442,107,4193
36392,3572.28,0,0,0,0,54.41,1442,107,4193
36442,3607.50,0,0,0,0,54.41,1442,107,4193
36492,3570.58,0,0,0,0,43.88,1442,108,4193
36542,3617.07,0,0,0,0,-45.64,1442,108,4193
36592,3575.69,0,0,0,0,28.35,1442,108,4193
36642,3607.50,0,0,0,0,25.87,1442,108,4193
36692,3566.33,0,0,0,0,29.93,1442,108,4193
36742,3610.11,0,0,0,0,-51.39,1442,109,4193
36792,3576.54,0,0,0,0,30.97,1442,109,4193
36842,3606.64,0,0,0,0,38.61,1442,109,4193
36892,3567.18,0,0,0,0,41.19,1442,109,4193
36942,3617.07,0,0,0,0,-35.41,1442,109,4193
36992,3575.69,0,0,0,0,32.69,1442,109,4193
37042,3607.50,0,0,0,0,32.48,1442,109,4193
37092,3576.54,0,0,0,0,30.97,1442,109,4193
37142,3608.37,0,0,0,0,21.55,1442,109,4193
37192,3591.95,0,0,0,0,-33.72,1442,109,4193
37242,3618.82,0,0,0,0,-37.16,1442,109,4193
37292,3580.81,0,0,0,0,38.01,1442,109,4193
37342,3617.94,0,0,0,0,-33.72,1442,109,4193
37392,3581.66,0,0,0,0,37.16,1442,109,4193
37442,3607.50,0,0,0,0,29.91,1442,109,4193
37492,3575.69,0,0,0,0,32.69,1442,109,4193
37542,3597.98,0,0,0,0,45.64,1442,109,4193
37592,3576.54,0,0,0,0,30.97,1442,109,4193
37642,3617.94,0,0,0,0,-42.26,1442,109,4193
37692,3581.66,0,0,0,0,46.79,1442,109,4193
37742,3597.98,0,0,0,0,37.99,1442,109,4193
37792,3566.33,0,0,0,0,32.51,1442,110,4193
37842,3597.98,0,0,0,0,44.49,1442,110,4193
37892,7068.80,-257,-45,0,-217,-3479.43,1487,111,4410
37942,3597.98,0,0,0,0,29.04,1487,111,4410
37992,3576.54,0,0,0,0,31.83,1487,111,4410
38042,3628.45,0,0,0,0,-47.64,1487,111,4410
38092,3581.66,0,0,0,0,42.40,1487,111,4410
38142,3597.98,0,0,0,0,35.41,1487,111,4410
38192,3546.10,0,0,1,0,40.70,1487,112,4410
38242,3599.71,0,0,1,0,51.14,1487,113,4410
38292,3573.98,0,0,0,0,24.87,1487,114,4410
38342,3608.37,0,0,0,0,21.55,1487,114,4410
38392,3576.54,0,0,0,0,31.83,1487,114,4410
38443,3618.82,0,0,0,0,-47.39,1487,114,4410
38493,3567.18,0,0,0,0,41.19,1487,114,4410
38543,3617.07,0,0,0,0,-49.04,1487,114,4410
38593,3574.83,0,0,0,0,33.54,1487,114,4410
38643,3608.37,0,0,0,0,42.04,1487,114,4410
38693,3572.28,0,0,0,0,44.79,1487,114,4410
38744,3557.03,0,0,1,0,18.65,1487,115,4410
38794,3561.25,0,0,0,0,48.85,1487,115,4410
38844,3608.37,0,0,0,0,30.97,1487,115,4410
38894,3567.18,0,0,0,0,41.19,1487,115,4410
38944,3607.50,0,0,0,0,30.97,1487,115,4410
38994,3584.23,0,0,0,0,24.14,1487,115,4410
39044,3583.37,0,0,0,0,24.13,1487,115,4410
39094,3545.26,0,0,1,0,402.11,1495,116,4473
39144,3544.42,0,0,1,0,499.79,1503,117,4532
39194,3545.26,0,0,1,0,573.36,1514,118,4612
39244,3544.42,0,0,1,0,503.07,1522,119,4670
39294,3546.10,0,0,1,0,400.23,1529,120,4723
39344,3546.10,0,0,1,0,378.55,1536,121,4760
39394,3601.44,0,0,0,0,-39.66,1536,121,4760
39444,3576.54,0,0,0,0,29.23,1536,121,4760
39494,3607.50,0,0,0,0,38.03,1536,121,4760
39544,3570.58,0,0,0,0,41.27,1536,121,4760
39595,3606.64,0,0,0,0,49.84,1536,121,4760
39645,3575.69,0,0,0,0,30.95,1536,121,4760
39695,3607.50,0,0,0,0,27.56,1536,121,4760
39745,3568.03,0,0,0,0,41.21,1536,121,4760
39795,3608.37,0,0,0,0,43.92,1536,121,4760
39845,3581.66,0,0,0,0,34.54,1536,121,4760
39895,3607.50,0,0,0,0,13.77,1536,121,4760
39945,3571.43,0,0,0,0,47.39,1536,121,4760
39995,3628.45,0,0,0,0,-46.79,1536,121,4760
40045,3581.66,0,0,0,0,47.66,1536,121,4760
40095,3608.37,0,0,0,0,35.41,1536,121,4760
40145,3571.43,0,0,0,0,47.39,1536,121,4760
40195,3618.82,0,0,0,0,-47.39,1536,121,4760
40245,3576.54,0,0,0,0,31.83,1536,121,4760
40295,3608.37,0,0,0,0,38.61,1536,121,4760
40345,3574.83,0,0,0,0,32.67,1536,121,4760
40395,3607.50,0,0,0,0,47.37,1536,121,4760
40445,3567.18,0,0,0,0,41.19,1536,121,4760
40495,3617.94,0,0,0,0,-50.76,1536,121,4760
40545,3763.17,0,-2,0,-5,863.60,20084,121,17120
40595,3689.13,0,-1,0,0,-35.05,20087,122,17120
40645,3660.32,0,0,-1,0,29.71,20088,124,17120
40695,3657.64,0,0,-1,0,-11.56,20088,126,17120
40745,3625.82,0,0,0,0,19.38,20088,127,17120
40795,3617.94,0,0,0,0,-30.29,20088,127,17120
40845,3591.95,0,0,0,0,-22.53,20088,127,17120
40895,3616.20,0,0,0,0,-24.25,20088,127,17120
40945,3623.19,0,0,0,0,10.53,20088,127,17120
40995,3643.43,0,0,-1,0,-14.10,20088,129,17120
41046,3626.69,0,0,0,0,16.74,20088,130,17120
41096,3654.08,0,0,-1,0,-14.19,20088,132,17120
41146,3638.13,0,0,0,0,92.29,20089,132,17121
41196,3553.66,0,0,1,0,278.74,20094,133,17146
41246,3546.10,0,0,1,0,395.05,20100,134,17180
41296,3546.10,0,0,1,0,376.49,20107,135,17214
41346,3546.10,0,0,1,0,447.51,20114,136,17252
41396,3543.59,0,0,1,0,309.48,20118,137,17274
41446,3544.42,0,0,1,0,486.75,20125,138,17314
41496,3740.65,0,-1,0,0,25.36,20135,138,17370
41546,3644.31,0,0,-1,0,-18.50,20135,140,17370
41596,3636.36,0,0,0,0,17.72,20135,141,17370
41646,3643.43,0,0,-1,0,-17.61,20135,143,17370
41696,3591.09,0,0,0,0,11.35,20135,143,17370
41746,3616.20,0,0,0,0,-24.25,20135,143,17370
41796,3602.31,0,0,0,0,-27.80,20135,143,17370
41846,3644.31,0,0,-1,0,-31.60,20135,144,17370
41896,3625.82,0,0,0,0,18.50,20135,145,17370
41946,3633.72,0,0,0,0,-9.66,20135,146,17370
41996,3590.23,0,0,0,0,-20.06,20135,146,17370
42046,3633.72,0,0,0,0,-41.77,20135,146,17370
42096,3622.31,0,0,0,0,11.41,20135,146,17370
42146,3631.96,0,0,0,0,-6.15,20135,147,17370
42196,3611.85,0,0,0,0,23.64,20135,147,17370
42246,3633.72,0,0,0,0,-11.41,20135,147,17370
42296,3610.98,0,0,0,0,24.50,20135,147,17370
42346,3632.84,0,0,0,0,-20.12,20135,147,17370
42396,3626.69,0,0,0,0,27.39,20135,148,17370
42446,3643.43,0,0,-1,0,-7.07,20135,150,17370
42496,3625.82,0,0,0,0,28.26,20135,151,17370
42546,3611.85,0,0,0,0,13.97,20135,152,17370
42596,3591.95,0,0,0,0,-42.28,20135,152,17370
42646,3632.84,0,0,0,0,-20.12,20135,152,17370
42696,3611.85,0,0,0,0,20.99,20135,152,17370
42746,3654.08,0,0,-1,0,-17.72,20135,154,17370
42796,3513.70,0,1,0,0,151.09,20136,155,17370
42846,3617.94,0,0,0,0,-13.04,20137,155,17373
42896,3611.85,0,0,0,0,20.99,20137,155,17373
42946,3622.31,0,0,0,0,0.00,20137,155,17373
42996,3610.98,0,0,0,0,24.50,20137,155,17373
43046,3623.19,0,0,0,0,-10.47,20137,155,17373
43096,3624.94,0,0,0,0,19.38,20137,156,17373
43146,3654.08,0,0,-1,0,-17.72,20137,158,17373
43196,3612.72,0,0,0,0,19.24,20137,158,17373
43246,3654.08,0,0,-1,0,-28.26,20137,160,17373
43296,3625.82,0,0,0,0,28.26,20137,161,17373
43346,3629.32,0,0,0,0,-45.95,20137,161,17373
43396,3610.98,0,0,0,0,21.86,20137,161,17373
43446,3643.43,0,0,-1,0,-20.24,20137,162,17373
43496,3634.60,0,0,0,0,19.48,20137,163,17373
43546,3633.72,0,0,0,0,2.64,20137,164,17373
43596,3610.98,0,0,0,0,22.74,20137,164,17373
43646,3617.94,0,0,0,0,-15.64,20137,164,17373
43696,3602.31,0,0,0,0,-19.93,20137,164,17373
43746,3644.31,0,0,-1,0,-42.01,20137,165,17373
43796,3625.82,0,0,0,0,17.61,20137,166,17373
43846,3643.43,0,0,-1,0,-20.24,20137,167,17373
43896,3623.19,0,0,0,0,7.89,20137,167,17373
43947,3644.31,0,0,-1,0,-21.13,20137,168,17373
43997,3615.33,0,0,0,0,28.10,20137,169,17373
44047,3626.69,0,0,0,0,-23.52,20137,170,17373
44097,3600.58,0,0,0,0,-27.80,20137,170,17373
44147,3626.69,0,0,0,0,-25.25,20137,170,17373
44197,3603.17,0,0,0,0,-22.66,20137,170,17373
44247,3632.84,0,0,0,0,-21.86,20137,170,17373
44297,3601.44,0,0,0,0,-16.64,20137,170,17373
44347,3644.31,0,0,-1,0,-19.38,20137,172,17373
44397,3636.36,0,0,0,0,16.83,20137,173,17373
44447,3643.43,0,0,-1,0,-16.74,20137,175,17373
44497,3613.59,0,0,0,0,36.94,20137,176,17373
44547,3623.19,0,0,0,0,-6.99,20137,177,17373
44597,3591.95,0,0,0,0,-43.36,20137,177,17373
44647,3607.50,0,0,0,0,-28.61,20137,177,17373
44697,3603.17,0,0,0,0,-32.11,20137,177,17373
44747,3652.30,0,0,-1,0,-19.46,20137,179,17373
44797,3646.97,0,0,-1,0,12.46,20137,182,17373
44847,3656.75,0,0,-1,0,-10.67,20137,185,17373
44897,3635.48,0,0,0,0,27.52,20137,187,17373
44947,3633.72,0,0,0,0,6.17,20137,187,17373
44997,3609.24,0,-1,0,-4,-172.63,20138,188,17377
45047,3632.84,0,0,0,0,133.16,20141,188,17378
45097,3543.59,0,0,1,0,264.49,20145,189,17401
45147,3544.42,0,0,1,0,262.68,20148,190,17423
45197,3612.72,0,0,0,0,21.00,20148,191,17423
45247,3689.13,0,-1,0,0,-20.75,20149,192,17423
45297,3543.59,0,0,1,0,319.41,20154,193,17450
45347,3544.42,0,0,1,0,473.79,20161,194,17487
45398,3664.79,0,0,-1,0,101.21,20170,195,17541
45448,3615.33,0,0,0,0,28.10,20170,196,17541
45498,3617.94,0,0,0,0,-16.50,20170,196,17541
45548,3610.98,0,0,0,0,7.84,20170,196,17541
45598,3617.94,0,0,0,0,-15.64,20170,196,17541
45648,3611.85,0,0,0,0,27.16,20170,196,17541
45698,3654.97,0,0,-1,0,-30.91,20170,198,17541
45748,3625.82,0,0,0,0,17.61,20170,199,17541
45798,3607.50,0,0,0,0,23.14,20170,199,17541
45848,3602.31,0,0,0,0,-28.67,20170,199,17541
45898,3644.31,0,0,-1,0,-20.25,20170,201,17541
45948,3625.82,0,0,0,0,18.50,20170,202,17541
45998,3654.08,0,0,-1,0,-19.48,20170,204,17541
46048,3625.82,0,0,0,0,29.16,20170,205,17541
46098,3617.94,0,0,0,0,-34.57,20170,205,17541
46148,3591.95,0,0,0,0,-27.79,20170,205,17541
46198,3633.72,0,0,0,0,-21.00,20170,205,17541
46248,3612.72,0,0,0,0,13.98,20170,205,17541
46298,3632.84,0,0,0,0,-20.12,20170,205,17541
46348,3591.09,0,0,0,0,-20.04,20170,205,17541
46398,3631.96,0,0,0,0,-19.24,20170,205,17541
46448,3625.82,0,0,0,0,18.50,20170,206,17541
46498,3665.69,0,0,-1,0,-39.87,20170,208,17541
46548,3615.33,0,0,0,0,28.10,20170,209,17541
46598,3622.31,0,0,0,0,-11.34,20170,209,17541
46648,3600.58,0,0,0,0,-22.67,20170,209,17541
46698,3617.94,0,0,0,0,-16.50,20170,209,17541
46748,3612.72,0,0,0,0,22.77,20170,209,17541
46798,3632.84,0,0,0,0,-18.38,20170,210,17541
46848,3611.85,0,0,0,0,13.09,20170,210,17541
46898,3644.31,0,0,-1,0,-31.60,20170,211,17541
46948,3625.82,0,0,0,0,18.50,20170,212,17541
46998,3633.72,0,0,0,0,2.64,20170,213,17541
47048,3615.33,0,0,0,0,27.22,20170,214,17541
47098,3644.31,0,0,-1,0,-18.50,20170,216,17541
47148,3602.31,0,0,0,0,-7.86,20170,216,17541
47198,3626.69,0,0,0,0,-25.25,20170,216,17541
47248,3567.18,0,0,0,0,16.19,20170,216,17541
47298,3616.20,0,0,0,0,-25.11,20170,216,17541
47348,3612.72,0,0,0,0,10.47,20170,216,17541
47398,3633.72,0,0,0,0,-32.28,20170,216,17541
47448,3625.82,0,0,0,0,28.26,20170,217,17541
47498,3664.79,0,0,-1,0,-38.98,20170,219,17541
47548,3625.82,0,0,0,0,17.61,20170,220,17541
47598,3631.96,0,0,0,0,-19.24,20170,220,17541
47648,3593.67,0,0,0,0,-5.24,20170,220,17541
47698,3606.64,0,0,0,0,6.80,20170,220,17541
47748,3600.58,0,0,0,0,-34.57,20170,220,17541
47798,3643.43,0,0,-1,0,-20.24,20170,221,17541
47848,3646.09,0,0,-1,0,19.60,20170,223,17541
47898,3675.57,0,0,0,0,-39.21,20170,224,17541
47948,3625.82,0,0,0,0,28.26,20170,225,17541
47998,3612.72,0,0,0,0,-1.74,20170,225,17541
48048,3579.10,0,0,0,0,27.54,20170,225,17541
48098,3597.12,0,0,0,0,13.74,20170,225,17541
48148,3602.31,0,0,0,0,-41.75,20170,225,17541
48198,3633.72,0,0,0,0,-21.87,20170,225,17541
48248,3602.31,0,0,0,0,-16.64,20170,225,17541
48299,3632.84,0,0,0,0,-20.12,20170,225,17541
48349,3615.33,0,0,0,0,27.22,20170,226,17541
48399,3644.31,0,0,-1,0,-18.50,20170,228,17541
48449,3535.23,0,0,1,0,108.20,20170,230,17541
48499,3643.43,0,0,-1,0,-35.06,20171,231,17545
48549,3623.19,0,0,0,0,-0.87,20171,231,17545
48599,3612.72,0,0,0,0,0.00,20171,231,17545
48649,3573.98,0,0,0,0,22.28,20171,231,17545
48699,3624.06,0,0,0,0,-32.11,20171,231,17545
48749,3612.72,0,0,0,0,27.18,20171,231,17545
48799,3621.44,0,0,0,0,-8.72,20171,231,17545
48849,3615.33,0,0,0,0,28.99,20171,232,17545
48899,3664.79,0,0,-1,0,-39.85,20171,234,17545
48949,3615.33,0,0,0,0,28.10,20171,235,17545
48999,3612.72,0,0,0,0,0.87,20171,236,17545
49049,3567.18,0,0,0,0,16.19,20171,236,17545
49099,3608.37,0,0,0,0,5.16,20171,236,17545
49149,3612.72,0,0,0,0,13.10,20171,236,17545
49199,3633.72,0,0,0,0,-10.53,20171,236,17545
49249,3625.82,0,0,0,0,17.61,20171,237,17545
49299,3654.08,0,0,-1,0,-17.72,20171,239,17545
49349,3612.72,0,0,0,0,21.00,20171,239,17545
49399,3626.69,0,0,0,0,-25.25,20171,239,17545
49449,3601.44,0,0,0,0,-20.92,20171,239,17545
49499,3585.94,0,0,0,0,-9.41,20171,239,17545
49549,3585.09,0,0,0,0,21.55,20171,239,17545
49599,3643.43,0,0,-1,0,-30.71,20171,240,17545
49649,3612.72,0,0,0,0,21.00,20171,240,17545
49699,3654.97,0,0,-1,0,-30.91,20171,242,17545
49750,3635.48,0,0,0,0,32.90,20171,244,17545
49800,3610.98,0,0,0,0,13.09,20171,245,17545
49850,3600.58,0,0,0,0,-39.85,20171,245,17545
49900,3617.94,0,0,0,0,-16.50,20171,245,17545
49950,3585.09,0,0,0,0,24.15,20171,245,17545
50000,3607.50,0,0,0,0,17.91,20171,245,17545
50050,3602.31,0,0,0,0,-36.60,20171,245,17545
50100,3661.22,0,0,-1,0,42.49,20172,246,17545
50150,3636.36,0,0,0,0,21.28,20172,247,17545
50200,3632.84,0,0,0,0,-7.90,20172,247,17545
50250,3614.46,0,0,0,0,36.07,20172,248,17545
50300,3591.95,0,0,0,0,4.37,20172,248,17545
50350,3591.95,0,0,0,0,24.77,20172,248,17545
50400,3632.84,0,0,0,0,-22.73,20172,248,17545
50450,3625.82,0,0,0,0,28.26,20172,249,17545
50500,3654.08,0,0,-1,0,-21.24,20172,251,17545
50550,3621.44,0,0,0,0,134.19,20174,252,17546
50600,3544.42,0,0,1,0,285.04,20178,253,17571
50650,3545.26,0,0,1,0,368.12,20183,254,17601
50700,3617.94,0,0,0,0,81.19,20184,254,17601
50750,3598.85,0,-1,0,-7,-214.13,20186,254,17608
50800,3619.69,0,0,0,0,101.47,20188,254,17615
50850,3618.82,0,0,0,0,153.82,20191,254,17615
50900,3544.42,0,0,1,0,276.26,20195,255,17639
50950,3545.26,0,0,1,0,392.78,20200,256,17671
51000,3662.11,0,0,-1,0,126.73,20202,257,17671
51050,3545.26,0,0,1,0,412.52,20209,258,17710
51100,3544.42,0,0,1,0,526.13,20218,259,17772
51150,3545.26,0,0,1,0,400.03,20226,260,17827
51200,3544.42,0,0,1,0,493.26,20234,261,17869
51250,3597.12,0,-2,0,0,-287.55,20237,261,17869
51300,3544.42,0,0,1,0,258.82,20241,262,17894
51350,3544.42,0,0,1,0,344.61,20245,263,17922
51400,3545.26,0,0,1,0,433.52,20251,264,17960
51450,3544.42,0,0,1,0,499.79,20259,265,18018
51500,3765.06,0,-2,0,-1,180.23,20269,265,18074
51550,3545.26,0,0,1,0,410.44,20276,266,18113
51600,3545.26,0,0,1,0,431.41,20283,267,18164
51650,3544.42,0,0,1,0,486.75,20291,268,18221
51700,3538.57,0,0,1,0,431.78,20298,269,18278
51751,3681.88,0,-1,0,0,-137.46,20309,270,18342
51801,3612.72,0,0,0,0,13.98,20309,270,18342
51851,3643.43,0,0,-1,0,-21.99,20309,271,18342
51901,3625.82,0,0,0,0,17.61,20309,272,18342
51951,3622.31,0,0,0,0,0.87,20309,272,18342
52001,3591.95,0,0,0,0,-15.62,20309,272,18342
52051,3577.39,0,0,0,0,-11.06,20309,272,18342
52101,3580.81,0,0,0,0,29.30,20309,272,18342
52151,3635.48,0,0,0,0,-33.18,20309,272,18342
52201,3646.09,0,0,-1,0,18.71,20309,274,18342
52251,3667.48,0,0,-1,0,-20.51,20309,276,18342
52301,3622.31,0,0,0,0,10.53,20309,276,18342
52352,3632.84,0,0,0,0,-20.12,20309,276,18342
52402,3591.95,0,0,0,0,-19.17,20309,276,18342
52452,3624.06,0,0,0,0,-32.97,20309,276,18342
52502,3662.11,0,0,-1,0,-113.49,20309,278,18342
52552,3614.46,0,0,0,0,-22.50,20309,278,18342
52602,3600.58,0,0,0,0,-32.87,20309,278,18342
52652,3644.31,0,0,-1,0,-42.01,20309,279,18342
52702,3615.33,0,0,0,0,28.10,20309,280,18342
52752,3632.84,0,0,0,0,-17.51,20309,281,18342
52802,3602.31,0,0,0,0,-22.67,20309,281,18342
52852,3626.69,0,0,0,0,-24.39,20309,281,18342
52902,3604.04,0,0,0,0,-26.05,20309,281,18342
52952,3617.94,0,0,0,0,-17.37,20309,281,18342
53002,3610.98,0,0,0,0,24.50,20309,281,18342
53052,3643.43,0,0,-1,0,-20.24,20309,282,18342
53102,3602.31,0,0,0,0,-16.63,20309,282,18342
53152,3608.37,0,0,0,0,-16.63,20309,282,18342
53202,3600.58,0,0,0,0,-24.25,20309,282,18342
53252,3631.96,0,0,0,0,-40.01,20309,282,18342
53302,3591.09,0,0,0,0,-27.80,20309,282,18342
53352,3624.06,0,0,0,0,-32.11,20309,282,18342
53402,3612.72,0,0,0,0,20.12,20309,282,18342
53452,3644.31,0,0,-1,0,-22.88,20309,283,18342
53502,3625.82,0,0,0,0,29.16,20309,284,18342
53552,3632.84,0,0,0,0,-20.12,20309,284,18342
53602,3601.44,0,0,0,0,-21.79,20309,284,18342
53652,3623.19,0,0,0,0,-31.23,20309,284,18342
53702,3586.80,0,0,0,0,20.70,20309,284,18342
53752,3632.84,0,0,0,0,-40.89,20309,284,18342
53803,3613.59,0,0,0,0,13.11,20309,284,18342
53853,3632.84,0,0,0,0,-20.99,20309,284,18342
53903,3610.98,0,0,0,0,11.34,20309,284,18342
53953,3610.11,0,0,0,0,-7.80,20309,284,18342
54003,3601.44,0,0,0,0,-33.73,20309,284,18342
54053,3617.94,0,0,0,0,-15.64,20309,284,18342
54103,3602.31,0,0,0,0,-38.30,20309,284,18342
54153,3626.69,0,0,0,0,-26.12,20309,284,18342
54203,3600.58,0,0,0,0,-21.79,20309,284,18342
54253,3644.31,0,0,-1,0,-42.87,20309,285,18342
54303,3612.72,0,0,0,0,20.12,20309,285,18342
54353,3615.33,0,0,0,0,-15.62,20309,285,18342
54403,3610.98,0,0,0,0,21.86,20309,285,18342
54453,3643.43,0,0,-1,0,-30.71,20309,286,18342
54503,3596.26,0,0,-1,0,-29.84,20309,287,18342
54553,3617.07,0,0,0,0,-12.17,20309,288,18342
54603,3590.23,0,0,0,0,-12.18,20309,288,18342
54653,3635.48,0,0,0,0,-33.18,20309,288,18342
54703,3612.72,0,0,0,0,13.98,20309,288,18342
54753,3633.72,0,0,0,0,-22.74,20309,288,18342
54803,3605.77,0,0,-1,0,-37.66,20309,289,18342
54853,3618.82,0,0,0,0,-16.51,20309,289,18342
54903,3565.49,0,0,0,0,28.19,20309,289,18342
54953,3617.94,0,0,0,0,-32.86,20309,289,18342
55003,3605.77,0,0,-1,0,-46.24,20309,290,18342
55053,3643.43,0,0,-1,0,-41.99,20309,291,18342
55103,3610.98,0,0,0,0,22.74,20309,291,18342
55153,3635.48,0,0,0,0,-33.18,20309,291,18342
55203,3616.20,0,0,0,0,36.10,20309,292,18342
55254,3610.98,0,0,0,0,4.35,20309,293,18342
55304,3602.31,0,0,0,0,-24.35,20309,293,18342
55354,3626.69,0,0,0,0,-24.39,20309,293,18342
55404,3601.44,0,0,0,0,-14.78,20309,293,18342
55454,3626.69,0,0,0,0,-26.12,20309,293,18342
55504,3610.98,0,0,0,0,21.86,20309,293,18342
55554,3633.72,0,0,0,0,-21.00,20309,293,18342
55604,3603.17,0,0,0,0,-20.92,20309,293,18342
55654,3635.48,0,0,0,0,-34.91,20309,293,18342
55704,3610.98,0,0,0,0,22.74,20309,293,18342
55754,3616.20,0,0,0,0,-24.25,20309,293,18342
55804,3601.44,0,0,0,0,-34.59,20309,293,18342
55854,3610.11,0,0,0,0,-7.80,20309,293,18342
55904,3601.44,0,0,0,0,-33.73,20309,293,18342
55954,3622.31,0,0,0,0,-11.34,20309,293,18342
56004,3624.06,0,0,0,0,19.37,20309,294,18342
56054,3622.31,0,0,0,0,-10.47,20309,294,18342
56104,3612.72,0,0,0,0,20.12,20309,294,18342
56154,3631.96,0,0,0,0,-9.65,20309,294,18342
56204,3612.72,0,0,0,0,20.12,20309,294,18342
56254,3622.31,0,0,0,0,-10.47,20309,294,18342
56304,3603.17,0,0,0,0,-37.42,20309,294,18342
56354,3615.33,0,0,0,0,-25.09,20309,294,18342
56404,3600.58,0,0,0,0,-19.94,20309,294,18342
56454,3632.84,0,0,0,0,-20.12,20309,294,18342
56504,3615.33,0,0,0,0,28.99,20309,295,18342
56554,3609.24,0,0,0,0,-13.12,20309,295,18342
56604,3573.98,0,0,0,0,24.00,20309,295,18342
56654,3597.12,0,0,0,0,-1.71,20309,295,18342
56704,3591.95,0,0,0,0,-36.28,20309,295,18342
56754,3617.94,0,0,0,0,-15.64,20309,295,18342
56804,3615.33,0,0,0,0,26.33,20309,296,18342
56854,3633.72,0,0,0,0,-18.39,20309,297,18342
56904,3615.33,0,0,0,0,28.10,20309,298,18342
56954,3644.31,0,0,-1,0,-28.11,20309,300,18342
57004,3616.20,0,0,0,0,37.88,20309,301,18342
57054,3622.31,0,0,0,0,-7.86,20309,302,18342
57104,3567.18,0,0,0,0,16.19,20309,302,18342
57154,3597.98,0,0,0,0,5.16,20309,302,18342
57204,3591.09,0,0,0,0,-33.73,20309,302,18342
57254,3626.69,0,0,0,0,-25.25,20309,302,18342
57304,3610.98,0,0,0,0,21.86,20309,302,18342
57354,3643.43,0,0,-1,0,-21.99,20309,303,18342
57404,3615.33,0,0,0,0,27.22,20309,304,18342
57454,3605.77,0,0,0,0,-2.62,20309,304,18342
57504,3585.09,0,0,0,0,23.29,20309,304,18342
57554,3616.20,0,0,0,0,-24.25,20309,304,18342
57604,3601.44,0,0,0,0,-28.67,20309,304,18342
57654,3632.84,0,0,0,0,-20.99,20309,304,18342
57704,3623.19,0,0,0,0,9.65,20309,304,18342
57754,3631.96,0,0,0,0,-7.02,20309,304,18342
57804,3616.20,0,0,0,0,27.23,20309,305,18342
57854,3623.19,0,0,0,0,-12.21,20309,305,18342
57904,3603.17,0,0,-1,0,-39.41,20309,306,18342
57954,3626.69,0,0,0,0,-24.39,20309,306,18342
58004,3603.17,0,0,0,0,-21.79,20309,306,18342
58054,3607.50,0,0,0,0,16.33,20309,306,18342
58104,3592.81,0,0,0,0,20.70,20309,306,18342
58155,3610.11,0,0,0,0,-7.80,20309,306,18342
58205,3602.31,0,0,0,0,-28.67,20309,306,18342
58255,3643.43,0,0,-1,0,-42.85,20309,307,18342
58305,3610.98,0,0,0,0,12.21,20309,307,18342
58355,3589.38,0,0,0,0,2.58,20309,307,18342
58405,3583.37,0,0,0,0,24.13,20309,307,18342
58455,3623.19,0,0,0,0,-31.23,20309,307,18342
58505,3604.90,0,0,-1,0,-47.12,20309,308,18342
58555,3737.85,0,-1,0,-3,-203.45,20310,310,18345
58605,3625.82,0,0,0,0,17.61,20310,311,18345
58655,3654.08,0,0,-1,0,-31.77,20310,312,18345
58705,3614.46,0,0,0,0,28.97,20310,313,18345
58755,3618.82,0,0,0,0,-16.51,20310,313,18345
58805,3591.95,0,0,0,0,-35.43,20310,313,18345
58855,3584.23,0,0,0,0,18.08,20310,313,18345
58905,3582.52,0,0,0,0,15.47,20310,313,18345
58955,3622.31,0,0,0,0,-20.01,20310,313,18345
59005,3615.33,0,0,0,0,36.97,20310,314,18345
59055,3633.72,0,0,0,0,-11.41,20310,314,18345
59105,3615.33,0,0,0,0,28.10,20310,315,18345
59155,3602.31,0,0,0,0,7.01,20310,315,18345
59205,3591.95,0,0,0,0,-53.56,20310,315,18345
59255,3624.06,0,0,0,0,-32.97,20310,315,18345
59305,3610.98,0,0,0,0,21.86,20310,315,18345
59355,3630.20,0,0,0,0,-28.76,20310,315,18345
59405,3612.72,0,0,0,0,22.77,20310,315,18345
59455,3602.31,0,0,0,0,36.05,20310,316,18345
59505,3593.67,0,0,0,0,23.21,20310,316,18345
59555,3624.94,0,0,0,0,-34.70,20310,316,18345
59606,3611.85,0,0,0,0,14.85,20310,316,18345
59656,3654.97,0,0,-1,0,-31.78,20310,317,18345
59706,3624.94,0,0,0,0,39.85,20310,318,18345
59756,3632.84,0,0,0,0,-9.65,20310,318,18345
59806,3612.72,0,0,0,0,19.24,20310,318,18345
59856,3614.46,0,0,0,0,-18.20,20310,318,18345
59906,3583.37,0,0,0,0,18.07,20310,318,18345
59956,3618.82,0,0,0,0,-33.73,20310,318,18345
60006,3610.98,0,0,0,0,21.86,20310,318,18345
60056,3633.72,0,0,0,0,-10.53,20310,318,18345
60106,3612.72,0,0,0,0,18.37,20310,318,18345
60156,3601.44,0,0,0,0,18.41,20310,318,18345
60206,3612.72,0,0,0,0,12.22,20310,319,18345
60256,3644.31,0,0,-1,0,-22.00,20310,320,18345
60306,3611.85,0,0,0,0,12.22,20310,320,18345
60356,3600.58,0,0,0,0,-19.24,20310,320,18345
60406,3592.81,0,0,0,0,-27.67,20310,320,18345
60456,3607.50,0,0,0,0,-19.03,20310,320,18345
60506,3591.95,0,0,0,0,-40.71,20310,320,18345
60556,3624.94,0,0,0,0,-32.99,20310,320,18345
60606,3602.31,0,0,0,0,-21.79,20310,320,18345
60656,3618.82,0,0,0,0,-11.31,20310,320,18345
60706,3601.44,0,0,0,0,-27.88,20310,320,18345
60756,3644.31,0,0,-1,0,-35.08,20310,321,18345
60806,3615.33,0,0,0,0,26.33,20310,322,18345
60856,3632.84,0,0,0,0,-33.99,20310,322,18345
60906,3615.33,0,0,0,0,28.10,20310,323,18345
60956,3608.37,0,0,0,0,12.92,20310,323,18345
61006,3593.67,0,0,0,0,25.85,20310,323,18345
61056,3626.69,0,0,0,0,-19.19,20310,323,18345
61106,3604.90,0,0,-1,0,-38.55,20310,324,18345
61156,3643.43,0,0,-1,0,-27.23,20310,326,18345
61206,3615.33,0,0,0,0,32.53,20310,327,18345
61256,3623.19,0,0,0,0,-11.34,20310,327,18345
61306,3610.98,0,0,0,0,15.72,20310,327,18345
61356,3618.82,0,0,0,0,-17.38,20310,327,18345
61406,3580.81,0,0,0,0,16.32,20310,327,18345
61456,3634.60,0,0,0,0,-31.43,20310,327,18345
61506,3625.82,0,0,0,0,18.50,20310,328,18345
61556,3602.31,0,0,0,0,18.49,20310,329,18345
61606,3602.31,0,0,0,0,-28.53,20310,329,18345
61656,3634.60,0,0,0,0,-33.16,20310,329,18345
61706,3612.72,0,0,0,0,17.49,20310,329,18345
61756,3635.48,0,0,0,0,-30.58,20310,329,18345
61806,3591.95,0,0,0,0,-8.68,20310,329,18345
61856,3608.37,0,0,0,0,17.22,20310,329,18345
61906,3602.31,0,0,0,0,-33.70,20310,329,18345
61956,3634.60,0,0,0,0,-28.83,20310,329,18345
62006,3591.09,0,0,0,0,-38.32,20310,329,18345
62056,3607.50,0,0,0,0,30.17,20310,329,18345
62106,3591.09,0,0,0,0,-43.44,20310,329,18345
62156,3606.64,0,0,0,0,23.22,20310,329,18345
62206,3604.90,0,0,-1,0,-118.81,20310,331,18345
62256,3654.08,0,0,-1,0,-38.75,20310,333,18345
62306,3610.98,0,0,0,0,25.39,20310,333,18345
62356,3622.31,0,0,0,0,-6.98,20310,334,18345
62406,3602.31,0,0,0,0,-18.25,20310,334,18345
62456,3633.72,0,0,0,0,-13.16,20310,334,18345
62507,3580.81,0,0,0,0,18.91,20310,334,18345
62557,3624.06,0,0,0,0,-30.39,20310,334,18345
62607,3615.33,0,0,0,0,26.33,20310,335,18345
62657,3632.84,0,0,0,0,-0.88,20310,335,18345
62707,3617.94,0,0,0,0,73.00,20311,336,18345
62757,3617.94,0,0,0,0,144.28,20314,336,18345
62807,3544.42,0,0,1,0,308.65,20319,337,18372
62857,3646.09,0,0,-1,0,28.58,20319,339,18372
62907,3608.37,0,-2,0,0,-275.73,20322,339,18372
62957,3544.42,0,0,1,0,282.11,20326,340,18398
63007,3568.03,0,0,0,0,205.55,20329,340,18398
63057,3609.24,0,-1,0,-7,-239.50,20331,340,18405
63107,3595.40,0,-2,0,-2,-280.19,20334,340,18407
63157,3632.84,0,0,0,0,-22.73,20334,341,18407
63207,3625.82,0,0,0,0,24.71,20334,342,18407
63257,3626.69,0,0,0,0,112.09,20336,342,18410
63307,3544.42,0,0,1,0,274.31,20340,343,18433
63357,3546.10,0,0,1,0,343.94,20344,344,18460
63407,3545.26,0,0,1,0,436.69,20350,345,18499
63457,3543.59,0,0,1,0,259.66,20352,347,18516
63507,3545.26,0,0,1,0,380.41,20357,348,18546
63557,3545.26,0,0,1,0,448.35,20364,349,18587
63607,3546.10,0,0,1,0,399.19,20371,350,18637
63657,3546.10,0,0,1,0,426.36,20378,351,18675
63707,3546.10,0,0,1,0,442.20,20386,352,18728
63757,3632.84,0,0,0,0,115.29,20387,352,18730
63807,3543.59,0,0,1,0,299.61,20392,353,18757
63857,3544.42,0,0,1,0,311.62,20397,354,18784
63907,3543.59,0,0,1,0,313.45,20402,355,18811
63958,3543.59,0,0,1,0,313.45,20407,356,18837
64008,3545.26,0,0,1,0,372.21,20413,357,18869
64058,3545.26,0,0,1,0,411.48,20419,358,18907
64108,3544.42,0,0,1,0,479.18,20427,359,18951
64158,3765.06,0,-2,0,-1,180.23,20436,359,19007
64208,3703.70,0,-1,0,0,53.81,20448,359,19088
64258,3626.69,0,0,0,0,-24.39,20448,359,19088
64308,3545.26,0,0,1,0,400.03,20456,360,19153
64358,3544.42,0,0,1,0,497.61,20464,361,19212
64408,3545.26,0,0,1,0,398.99,20471,362,19268
64458,3544.42,0,0,1,0,546.11,20480,363,19320
64508,3545.26,0,0,1,0,400.03,20488,364,19377
64558,3543.59,0,0,1,0,572.77,20497,365,19427
64608,3422.31,0,2,0,0,494.14,20505,365,19459
64658,3545.26,0,0,1,0,380.41,20510,366,19487
64708,3545.26,0,0,1,0,424.04,20516,367,19526
64758,3544.42,0,0,1,0,486.75,20524,368,19580
64808,3663.90,0,0,-1,0,102.11,20533,369,19634
64858,3643.43,0,0,-1,0,-27.23,20533,370,19634
64908,3546.10,0,0,1,0,397.12,20541,371,19698
64958,3543.59,0,0,1,0,586.37,20550,372,19753
65008,3546.10,0,0,1,0,399.19,20558,373,19817
65058,3544.42,0,0,1,0,480.26,20566,374,19858
65108,3546.10,0,0,1,0,398.16,20573,375,19911
65158,3543.59,0,0,1,0,613.84,20583,376,19967
65208,3544.42,0,0,1,0,512.92,20590,377,20013
65258,3765.06,0,-2,0,-1,180.23,20600,377,20071
65308,3546.10,0,0,1,0,395.05,20609,378,20153
65359,3703.70,-3,-1,0,-3,-160.12,20620,379,20209
65409,3591.95,0,0,0,0,26.28,20620,379,20209
65459,3581.66,0,0,0,0,17.19,20620,379,20209
65509,3624.06,0,0,0,0,-32.11,20620,379,20209
65559,3602.31,0,0,0,0,-38.30,20620,379,20209
65609,3643.43,0,0,-1,0,-29.84,20620,381,20209
65659,3612.72,0,0,0,0,20.12,20620,381,20209
65709,3617.94,0,0,0,0,-15.64,20620,381,20209
65759,3581.66,0,0,0,0,17.19,20620,381,20209
65809,3608.37,0,0,0,0,31.93,20620,381,20209
65859,3592.81,0,0,0,0,22.43,20620,381,20209
65909,3632.84,0,0,0,0,-40.89,20620,381,20209
65959,3616.20,0,0,0,0,25.46,20620,382,20209
66009,3593.67,0,0,0,0,25.46,20620,382,20209
66060,3703.70,-3,-1,0,-3,-160.12,20632,383,20285
66110,3632.84,0,0,0,0,-20.99,20632,383,20285
66160,3602.31,0,0,0,0,-18.30,20632,383,20285
66210,3617.07,0,0,0,0,-25.98,20632,383,20285
66260,3591.95,0,0,0,0,-31.14,20632,383,20285
66310,3623.19,0,0,0,0,-31.23,20632,383,20285
66360,3604.90,0,0,-1,0,-39.41,20632,384,20285
66410,3617.94,0,0,0,0,-15.64,20632,384,20285
66460,3611.85,0,0,0,0,20.99,20632,384,20285
66510,3642.54,0,0,-1,0,-29.83,20632,385,20285
66560,3625.82,0,0,0,0,17.61,20632,386,20285
66610,3541.08,0,0,1,0,84.74,20632,388,20285
66660,3583.37,0,0,0,0,21.53,20632,389,20285
66710,3597.12,0,0,0,0,22.26,20632,389,20285
66760,3592.81,0,0,0,0,22.29,20632,389,20285
66810,3633.72,0,0,0,0,-21.87,20632,389,20285
66860,3625.82,0,0,0,0,17.61,20632,390,20285
66910,3654.08,0,0,-1,0,-29.14,20632,392,20285
66960,3636.36,0,0,0,0,17.72,20632,393,20285
67010,3654.97,0,0,-1,0,-29.16,20632,395,20285
67060,3625.82,0,0,0,0,29.16,20632,396,20285
67110,3623.19,0,0,0,0,-11.34,20632,396,20285
67160,3591.95,0,0,0,0,-11.34,20632,396,20285
67210,3597.12,0,0,0,0,21.54,20632,396,20285
67260,3585.09,0,0,0,0,21.55,20632,396,20285
67310,3618.82,0,0,0,0,-38.01,20632,396,20285
67360,3576.54,0,0,0,0,10.26,20632,396,20285
67410,3618.82,0,0,0,0,-17.38,20632,396,20285
67460,3602.31,0,0,0,0,-20.91,20632,396,20285
67510,3643.43,0,0,-1,0,-31.58,20632,397,20285
67560,3625.82,0,0,0,0,17.61,20632,398,20285
67610,3654.08,0,0,-1,0,-30.89,20632,399,20285
67660,3592.81,0,0,0,0,25.63,20632,399,20285
67710,3617.94,0,0,0,0,-41.41,20632,399,20285
67760,3591.95,0,0,0,0,-31.26,20632,399,20285
67810,3624.06,0,0,0,0,-31.25,20632,399,20285
67860,3602.31,0,0,0,0,-29.54,20632,399,20285
67910,3632.84,0,0,0,0,-20.99,20632,399,20285
67960,3601.44,0,0,0,0,-20.06,20632,399,20285
68011,3617.94,0,0,0,0,-15.64,20632,399,20285
68061,3602.31,0,0,0,0,-20.79,20632,399,20285
68111,3612.72,0,0,0,0,0.00,20632,399,20285
68161,3573.98,0,0,0,0,24.00,20632,399,20285
68211,3616.20,0,0,0,0,-23.39,20632,399,20285
68261,3610.11,0,0,0,0,95.43,20633,400,20289
68311,3643.43,0,0,-1,0,-17.61,20633,402,20289
68361,3625.82,0,0,0,0,18.50,20633,403,20289
68411,3643.43,0,0,-1,0,-28.10,20633,405,20289
68461,3612.72,0,0,0,0,22.77,20633,405,20289
68511,3610.11,0,0,0,0,-9.53,20633,405,20289
68561,3591.95,0,0,0,0,-31.99,20633,405,20289
68611,3577.39,0,0,0,0,3.42,20633,405,20289
68661,3565.49,0,0,0,0,14.47,20633,406,20289
68711,3608.37,0,0,0,0,20.55,20633,406,20289
68761,3611.85,0,0,0,0,12.22,20633,406,20289
68811,3664.79,0,0,-1,0,-38.98,20633,408,20289
68861,3646.97,0,0,-1,0,28.60,20633,409,20289
68911,3584.23,0,0,0,0,18.08,20633,409,20289
68961,3520.30,0,1,0,0,243.81,21191,409,21787
69011,3637.25,0,0,0,0,-91.98,21193,410,21806
69061,3600.58,0,0,0,0,-33.73,21193,410,21806
69111,3622.31,0,0,0,0,-10.47,21193,410,21806
69161,3622.31,0,0,0,0,10.53,21193,410,21806
69211,3632.84,0,0,0,0,-7.03,21193,411,21806
69261,3601.44,0,0,0,0,-28.85,21193,411,21806
69311,3626.69,0,0,0,0,-26.12,21193,411,21806
69361,3590.23,0,0,0,0,-6.98,21193,411,21806
69411,3616.20,0,0,0,0,-23.39,21193,411,21806
69462,3600.58,0,0,0,0,-53.07,21193,411,21806
69512,3633.72,0,0,0,0,-21.87,21193,411,21806
69562,3601.44,0,0,0,0,-14.78,21193,411,21806
69612,3610.11,0,0,0,0,-9.53,21193,411,21806
69662,3602.31,0,0,0,0,-19.06,21193,411,21806
69712,3624.94,0,0,0,0,-23.50,21193,411,21806
69762,3600.58,0,0,0,0,-23.50,21193,411,21806
69812,3573.13,0,0,0,0,18.82,21193,411,21806
69862,3490.81,0,1,0,0,27.84,21195,412,21806
69912,3418.41,1,2,0,0,25.90,21200,412,21806
69962,3363.98,0,3,0,0,25.85,21205,412,21806
70012,3279.41,0,4,0,2,47.27,21215,412,21809
70062,3216.81,0,4,0,0,6.22,21227,412,21811
70112,3177.29,0,5,0,0,3.37,21237,412,21812
70162,3076.29,0,6,0,2,40.92,21255,412,21816
70212,3027.86,0,7,0,2,48.44,21268,412,21818
70262,3064.35,0,6,0,3,63.91,21290,412,21847
70312,2924.55,0,8,0,0,2.28,21306,412,21853
70362,2831.26,6,9,0,1,40.66,21333,412,21856
70412,2781.90,0,10,0,1,41.36,21353,412,21857
70462,2727.27,0,11,0,2,47.42,21374,412,21859
70512,2672.84,11,12,0,0,8.60,21408,412,21861
70562,2628.35,6,12,0,0,8.78,21432,412,21862
70612,2580.42,4,13,0,0,1.33,21458,412,21863
70662,2533.78,2,13,0,0,2.14,21484,412,21864
70712,2484.68,1,14,0,0,0.82,21512,412,21865
70762,2433.09,1,15,0,0,1.18,21542,412,21867
70812,2390.44,1,15,0,0,-1.14,21572,412,21868
70862,2339.36,4,16,0,0,-1.82,21604,412,21870
70912,2292.53,7,16,0,0,-1.05,21637,412,21871
70962,2242.82,11,17,0,0,0.34,21671,412,21872
71012,2192.66,17,18,0,0,1.28,21707,412,21873
71062,2149.31,0,18,0,1,43.36,21725,412,21874
71112,2099.96,3,19,0,1,45.96,21762,412,21875
71162,2052.83,12,20,0,1,43.90,21801,412,21876
71212,2046.11,0,20,0,0,6.72,21821,412,21876
71262,2038.04,0,20,0,-2,-68.76,21862,412,21880
71312,1953.38,14,21,0,0,5.61,21904,412,21882
71362,1909.13,0,21,0,1,44.25,21925,412,21883
71412,1862.20,10,22,0,1,41.11,21969,412,21884
71462,1856.44,0,22,0,0,5.76,21991,412,21884
71512,1810.94,10,23,0,0,1.53,22037,412,21885
71562,1764.91,0,23,0,1,46.02,22060,412,21886
71612,1717.62,15,24,0,1,45.22,22107,412,21887
71662,1714.87,0,24,0,0,2.75,22131,412,21887
71712,1666.48,21,25,0,0,2.78,22181,412,21888
71762,1619.70,9,25,0,1,46.79,22206,412,21889
71812,1620.57,0,25,0,0,-0.87,22231,412,21889
71862,1570.52,24,26,0,0,0.49,22283,412,21890
71912,1522.38,15,27,0,1,48.14,22310,412,21891
71962,1523.93,2,26,0,0,-1.55,22336,412,21891
72012,1471.45,0,27,0,1,52.47,22363,412,21892
72062,1474.35,0,27,0,0,-2.89,22390,412,21892
72112,1505.42,17,27,0,-3,-155.16,22446,412,21897
72162,1371.24,17,28,0,3,134.18,22474,412,21900
72212,1374.76,8,28,0,0,-3.52,22502,412,21900
72262,1321.35,5,29,0,1,53.41,22531,412,21901
72312,1322.63,0,29,0,0,-1.28,22560,412,21901
72363,1267.00,0,30,0,1,55.64,22590,412,21902
72413,1270.65,0,30,0,0,-3.65,22620,412,21902
72463,1215.56,0,30,0,1,55.09,22650,412,21903
72513,1217.43,0,30,0,0,-1.87,22680,412,21903
72563,1159.47,0,31,0,1,57.97,22711,412,21904
72613,1163.06,0,31,0,0,-3.60,22742,412,21904
72663,1104.65,4,32,0,1,58.41,22774,412,21905
72713,1108.07,7,32,0,0,-3.43,22806,412,21905
72763,1056.34,15,33,0,0,51.74,22839,412,21905
72813,1048.51,22,33,0,0,7.83,22872,412,21905
72863,1048.51,0,33,0,0,7.83,22872,412,21905
72913,954.99,0,34,0,1,93.52,22906,412,21906
72963,1018.33,0,33,0,-1,-63.34,22939,412,21907
73013,924.61,11,34,0,1,93.72,22973,412,21908
73063,924.33,25,34,0,0,0.28,23007,412,21908
73113,924.33,0,34,0,0,0.28,23007,412,21908
73163,861.43,0,35,0,0,62.90,23042,412,21908
73213,856.16,15,35,0,0,5.26,23077,412,21908
73263,856.16,0,35,0,0,5.26,23077,412,21908
73313,787.15,0,36,0,0,69.01,23113,412,21908
73363,781.53,20,36,0,0,5.62,23149,412,21908
73413,781.53,0,36,0,0,5.62,23149,412,21908
73463,712.01,5,37,0,0,69.52,23186,412,21908
73513,712.01,0,37,0,0,69.52,23186,412,21908
73563,696.48,0,37,0,0,15.54,23223,412,21908
73613,696.48,0,37,0,0,15.54,23223,412,21908
73663,617.74,0,38,0,0,78.73,23261,412,21908
73713,617.74,0,38,0,0,78.73,23261,412,21908
73763,598.30,0,39,0,0,19.44,23300,412,21908
73814,598.30,0,39,0,0,19.44,23300,412,21908
73864,521.58,6,40,0,0,76.72,23340,412,21908
73914,521.58,0,40,0,0,76.72,23340,412,21908
73964,474.40,33,40,0,0,47.18,23380,412,21908
74014,474.40,0,40,0,0,47.18,23380,412,21908
74064,474.40,0,40,0,0,47.18,23380,412,21908
74114,474.40,0,40,0,0,47.18,23380,412,21908
74164,366.90,0,42,0,0,107.50,23422,412,21908
74214,366.90,0,42,0,0,107.50,23422,412,21908
74264,366.90,0,42,0,0,107.50,23422,412,21908
74314,366.90,0,42,0,0,107.50,23422,412,21908
75458,44.86,0,42,0,0,107.50,23422,412,21908
75508,44.86,0,42,0,0,107.50,23422,412,21908
75558,44.86,0,42,0,0,107.50,23422,412,21908
75608,44.86,0,42,0,0,107.50,23422,412,21908
75658,44.86,0,42,0,0,107.50,23422,412,21908
75708,0.00,0,42,0,0,107.50,23422,412,21908
75758,0.00,0,42,0,0,107.50,23422,412,21908
75808,0.00,0,42,0,0,107.50,23422,412,21908
75858,0.00,0,42,0,0,107.50,23422,412,21908
75908,0.00,0,42,0,0,107.50,23422,412,21908
75958,0.00,0,42,0,0,107.50,23422,412,21908
76008,0.00,0,42,0,0,107.50,23422,412,21908
76058,0.00,0,42,0,0,107.50,23422,412,21908
76108,0.00,0,42,0,0,107.50,23422,412,21908
76158,0.00,0,42,0,0,107.50,23422,412,21908
76208,0.00,0,42,0,0,107.50,23422,412,21908
76258,0.00,0,42,0,0,107.50,23422,412,21908
76308,0.00,0,42,0,0,107.50,23422,412,21908
76358,0.00,0,42,0,0,107.50,23422,412,21908
76408,0.00,0,42,0,0,107.50,23422,412,21908
76459,0.00,0,42,0,0,107.50,23422,412,21908
76509,0.00,0,42,0,0,107.50,23422,412,21908
76559,0.00,0,42,0,0,107.50,23422,412,21908
76609,0.00,0,42,0,0,107.50,23422,412,21908
76659,0.00,0,42,0,0,107.50,23422,412,21908
76709,0.00,0,42,0,0,107.50,23422,412,21908
76759,0.00,0,42,0,0,107.50,23422,412,21908
76809,0.00,0,42,0,0,107.50,23422,412,21908
76859,0.00,0,42,0,0,107.50,23422,412,21908
76909,0.00,0,42,0,0,107.50,23422,412,21908
76959,0.00,0,42,0,0,107.50,23422,412,21908
77009,0.00,0,42,0,0,107.50,23422,412,21908
77059,0.00,0,42,0,0,107.50,23422,412,21908
77109,0.00,0,42,0,0,107.50,23422,412,21908
77159,0.00,0,42,0,0,107.50,23422,412,21908
77209,0.00,0,42,0,0,107.50,23422,412,21908
77259,0.00,0,42,0,0,107.50,23422,412,21908
77309,0.00,0,42,0,0,107.50,23422,412,21908
77359,0.00,0,42,0,0,107.50,23422,412,21908
77409,0.00,0,42,0,0,107.50,23422,412,21908
77459,0.00,0,42,0,0,107.50,23422,412,21908
77509,0.00,0,42,0,0,107.50,23422,412,21908
77559,0.00,0,42,0,0,107.50,23422,412,21908
77609,0.00,0,42,0,0,107.50,23422,412,21908
77659,0.00,0,42,0,0,107.50,23422,412,21908
77709,0.00,0,42,0,0,107.50,23422,412,21908
77759,0.00,0,42,0,0,107.50,23422,412,21908
77809,0.00,0,42,0,0,107.50,23422,412,21908
77859,0.00,0,42,0,0,107.50,23422,412,21908
77910,0.00,0,42,0,0,107.50,23422,412,21908
77960,0.00,0,42,0,0,107.50,23422,412,21908
78010,0.00,0,42,0,0,107.50,23422,412,21908
78060,0.00,0,42,0,0,107.50,23422,412,21908
78110,0.00,0,42,0,0,107.50,23422,412,21908
78160,0.00,0,42,0,0,107.50,23422,412,21908
78210,0.00,0,42,0,0,107.50,23422,412,21908
78260,0.00,0,42,0,0,107.50,23422,412,21908
78310,0.00,0,42,0,0,107.50,23422,412,21908
78360,0.00,0,42,0,0,107.50,23422,412,21908
78410,0.00,0,42,0,0,107.50,23422,412,21908
78460,0.00,0,42,0,0,107.50,23422,412,21908
78510,0.00,0,42,0,0,107.50,23422,412,21908
78560,0.00,0,42,0,0,107.50,23422,412,21908
78610,0.00,0,42,0,0,107.50,23422,412,21908
78660,0.00,0,42,0,0,107.50,23422,412,21908
78710,0.00,0,42,0,0,107.50,23422,412,21908
78760,0.00,0,42,0,0,107.50,23422,412,21908
78810,0.00,0,42,0,0,107.50,23422,412,21908
78860,0.00,0,42,0,0,107.50,23422,412,21908
78910,0.00,0,42,0,0,107.50,23422,412,21908
78960,0.00,0,42,0,0,107.50,23422,412,21908
79010,0.00,0,42,0,0,107.50,23422,412,21908
79060,0.00,0,42,0,0,107.50,23422,412,21908
79110,0.00,0,42,0,0,107.50,23422,412,21908
79160,0.00,0,42,0,0,107.50,23422,412,21908
79210,0.00,0,42,0,0,107.50,23422,412,21908
79260,0.00,0,42,0,0,107.50,23422,412,21908
79310,0.00,0,42,0,0,107.50,23422,412,21908
79360,0.00,0,42,0,0,107.50,23422,412,21908
79410,0.00,0,42,0,0,107.50,23422,412,21908
79460,0.00,0,42,0,0,107.50,23422,412,21908
79510,0.00,0,42,0,0,107.50,23422,412,21908
79560,0.00,0,42,0,0,107.50,23422,412,21908
79610,0.00,0,42,0,0,107.50,23422,412,21908
79660,0.00,0,42,0,0,107.50,23422,412,21908
79710,0.00,0,42,0,0,107.50,23422,412,21908
79760,0.00,0,42,0,0,107.50,23422,412,21908
79810,0.00,0,42,0,0,107.50,23422,412,21908
79860,0.00,0,42,0,0,107.50,23422,412,21908
79910,0.00,0,42,0,0,107.50,23422,412,21908
79960,0.00,0,42,0,0,107.50,23422,412,21908
80010,0.00,0,42,0,0,107.50,23422,412,21908
80060,0.00,0,42,0,0,107.50,23422,412,21908
80110,0.00,0,42,0,0,107.50,23422,412,21908
80160,0.00,0,42,0,0,107.50,23422,412,21908
80210,0.00,0,42,0,0,107.50,23422,412,21908
80260,0.00,0,42,0,0,107.50,23