Mechanical Governor - Abrupt Load Decrease(1500 W)
Trial: 9
Date: 4-3-2023
Time: 2:56 PM
Ambient Temp: 98
Head Temp: 226.4

------ Microcontroller Engine Governor - Version: 1.16 ------
-------------------------------------------------------------
PID Gains:        Kp: 0.013000   Ki: 0.025000   Kd: 1.000000
-------------------------------------------------------------
Set RPM:             3600    |  Min RPM:                300
                             |
RPM Precision        10       |  PID I Precision:         70
                             |
Start Steps:         850     |  Max Steps:               1200
                             |
RPM Calc Interval:   1       |  Num Magnets:             1
                             |
LCD Update Interval: 400     |  Serial Update Interval:  50
-------------------------------------------------------------

Time,RPM,Steps Remaining, PID p, PID i, PID d, RPM Change, P Cmd, I Cmd, D Cmd
1226,0.00,0,0,0,0,0.00,0,0,0
1276,0.00,0,0,0,0,0.00,0,0,0
1326,0.00,0,0,0,0,0.00,0,0,0
1376,0.00,0,0,0,0,0.00,0,0,0
1426,0.00,0,0,0,0,0.00,0,0,0
1476,0.00,0,0,0,0,0.00,0,0,0
1526,0.00,0,0,0,0,0.00,0,0,0
1576,0.00,0,0,0,0,0.00,0,0,0
1626,0.00,0,0,0,0,0.00,0,0,0
1676,0.00,0,0,0,0,0.00,0,0,0
1726,0.00,0,0,0,0,0.00,0,0,0
1776,0.00,0,0,0,0,0.00,0,0,0
1826,0.00,0,0,0,0,0.00,0,0,0
1876,0.00,0,0,0,0,0.00,0,0,0
1926,0.00,0,0,0,0,0.00,0,0,0
1976,0.00,0,0,0,0,0.00,0,0,0
2026,0.00,0,0,0,0,0.00,0,0,0
2076,0.00,0,0,0,0,0.00,0,0,0
2126,0.00,0,0,0,0,0.00,0,0,0
2176,0.00,0,0,0,0,0.00,0,0,0
2226,0.00,0,0,0,0,0.00,0,0,0
2276,0.00,0,0,0,0,0.00,0,0,0
2326,0.00,0,0,0,0,0.00,0,0,0
2376,0.00,0,0,0,0,0.00,0,0,0
2426,0.00,0,0,0,0,0.00,0,0,0
2476,0.00,0,0,0,0,0.00,0,0,0
2526,0.00,0,0,0,0,0.00,0,0,0
2576,0.00,0,0,0,0,0.00,0,0,0
2626,0.00,0,0,0,0,0.00,0,0,0
2676,0.00,0,0,0,0,0.00,0,0,0
2726,0.00,0,0,0,0,0.00,0,0,0
2776,0.00,0,0,0,0,0.00,0,0,0
2826,0.00,0,0,0,0,0.00,0,0,0
2876,0.00,0,0,0,0,0.00,0,0,0
2926,0.00,0,0,0,0,0.00,0,0,0
2976,0.00,0,0,0,0,0.00,0,0,0
3026,0.00,0,0,0,0,0.00,0,0,0
3076,0.00,0,0,0,0,0.00,0,0,0
3126,0.00,0,0,0,0,0.00,0,0,0
3176,0.00,0,0,0,0,0.00,0,0,0
3226,0.00,0,0,0,0,0.00,0,0,0
3276,0.00,0,0,0,0,0.00,0,0,0
3326,0.00,0,0,0,0,0.00,0,0,0
3376,0.00,0,0,0,0,0.00,0,0,0
3426,0.00,0,0,0,0,0.00,0,0,0
3476,0.00,0,0,0,0,0.00,0,0,0
3526,0.00,0,0,0,0,0.00,0,0,0
3576,0.00,0,0,0,0,0.00,0,0,0
3627,0.00,0,0,0,0,0.00,0,0,0
3677,0.00,0,0,0,0,0.00,0,0,0
3727,0.00,0,0,0,0,0.00,0,0,0
3777,0.00,0,0,0,0,0.00,0,0,0
3827,0.00,0,0,0,0,0.00,0,0,0
3877,0.00,0,0,0,0,0.00,0,0,0
3927,0.00,0,0,0,0,0.00,0,0,0
3977,0.00,0,0,0,0,0.00,0,0,0
4027,0.00,0,0,0,0,0.00,0,0,0
4077,0.00,0,0,0,0,0.00,0,0,0
4127,0.00,0,0,0,0,0.00,0,0,0
4177,0.00,0,0,0,0,0.00,0,0,0
4227,0.00,0,0,0,0,0.00,0,0,0
4277,0.00,0,0,0,0,0.00,0,0,0
4327,0.00,0,0,0,0,0.00,0,0,0
4377,0.00,0,0,0,0,0.00,0,0,0
4427,0.00,0,0,0,0,0.00,0,0,0
4477,0.00,0,0,0,0,0.00,0,0,0
4527,0.00,0,0,0,0,0.00,0,0,0
4577,0.00,0,0,0,0,0.00,0,0,0
4627,0.00,0,0,0,0,0.00,0,0,0
4677,0.00,0,0,0,0,0.00,0,0,0
4727,0.00,0,0,0,0,0.00,0,0,0
4777,0.00,0,0,0,0,0.00,0,0,0
4827,0.00,0,0,0,0,0.00,0,0,0
4877,0.00,0,0,0,0,0.00,0,0,0
4927,0.00,0,0,0,0,0.00,0,0,0
4977,0.00,0,0,0,0,0.00,0,0,0
5027,0.00,0,0,0,0,0.00,0,0,0
5078,0.00,0,0,0,0,0.00,0,0,0
5128,0.00,0,0,0,0,0.00,0,0,0
5178,0.00,0,0,0,0,0.00,0,0,0
5228,0.00,0,0,0,0,0.00,0,0,0
5278,0.00,0,0,0,0,0.00,0,0,0
5328,0.00,0,0,0,0,0.00,0,0,0
5378,0.00,0,0,0,0,0.00,0,0,0
5428,0.00,0,0,0,0,0.00,0,0,0
5478,0.00,0,0,0,0,0.00,0,0,0
5528,0.00,0,0,0,0,0.00,0,0,0
5578,0.00,0,0,0,0,0.00,0,0,0
5628,0.00,0,0,0,0,0.00,0,0,0
5678,0.00,0,0,0,0,0.00,0,0,0
5728,0.00,0,0,0,0,0.00,0,0,0
5778,0.00,0,0,0,0,0.00,0,0,0
5828,0.00,0,0,0,0,0.00,0,0,0
5878,0.00,0,0,0,0,0.00,0,0,0
5928,0.00,0,0,0,0,0.00,0,0,0
5978,0.00,0,0,0,0,0.00,0,0,0
6028,0.00,0,0,0,0,0.00,0,0,0
6078,0.00,0,0,0,0,0.00,0,0,0
6128,0.00,0,0,0,0,0.00,0,0,0
6178,0.00,0,0,0,0,0.00,0,0,0
6228,0.00,0,0,0,0,0.00,0,0,0
6278,0.00,0,0,0,0,0.00,0,0,0
6328,0.00,0,0,0,0,0.00,0,0,0
6378,0.00,0,0,0,0,0.00,0,0,0
6428,0.00,0,0,0,0,0.00,0,0,0
6478,0.00,0,0,0,0,0.00,0,0,0
6528,0.00,0,0,0,0,0.00,0,0,0
6578,0.00,0,0,0,0,0.00,0,0,0
6628,0.00,0,0,0,0,0.00,0,0,0
6678,0.00,0,0,0,0,0.00,0,0,0
6728,0.00,0,0,0,0,0.00,0,0,0
6778,0.00,0,0,0,0,0.00,0,0,0
6828,0.00,0,0,0,0,0.00,0,0,0
6878,0.00,0,0,0,0,0.00,0,0,0
6928,0.00,0,0,0,0,0.00,0,0,0
6978,0.00,0,0,0,0,0.00,0,0,0
7028,0.00,0,0,0,0,0.00,0,0,0
7078,0.00,0,0,0,0,0.00,0,0,0
7128,0.00,0,0,0,0,0.00,0,0,0
7178,0.00,0,0,0,0,0.00,0,0,0
7228,0.00,0,0,0,0,0.00,0,0,0
7278,0.00,0,0,0,0,0.00,0,0,0
7328,0.00,0,0,0,0,0.00,0,0,0
7378,0.00,0,0,0,0,0.00,0,0,0
7428,0.00,0,0,0,0,0.00,0,0,0
7478,0.00,0,0,0,0,0.00,0,0,0
7528,0.00,0,0,0,0,0.00,0,0,0
7578,0.00,0,0,0,0,0.00,0,0,0
7628,0.00,0,0,0,0,0.00,0,0,0
7678,0.00,0,0,0,0,0.00,0,0,0
7728,0.00,0,0,0,0,0.00,0,0,0
7778,0.00,0,0,0,0,0.00,0,0,0
7828,0.00,0,0,0,0,0.00,0,0,0
7878,0.00,0,0,0,0,0.00,0,0,0
7928,0.00,0,0,0,0,0.00,0,0,0
7979,0.00,0,0,0,0,0.00,0,0,0
8029,0.00,0,0,0,0,0.00,0,0,0
8079,0.00,0,0,0,0,0.00,0,0,0
8129,0.00,0,0,0,0,0.00,0,0,0
8179,0.00,0,0,0,0,0.00,0,0,0
8229,0.00,0,0,0,0,0.00,0,0,0
8279,0.00,0,0,0,0,0.00,0,0,0
8329,0.00,0,0,0,0,0.00,0,0,0
8379,0.00,0,0,0,0,0.00,0,0,0
8429,0.00,0,0,0,0,0.00,0,0,0
8479,0.00,0,0,0,0,0.00,0,0,0
8529,0.00,0,0,0,0,0.00,0,0,0
8579,0.00,0,0,0,0,0.00,0,0,0
8629,0.00,0,0,0,0,0.00,0,0,0
8679,0.00,0,0,0,0,0.00,0,0,0
8729,0.00,0,0,0,0,0.00,0,0,0
8779,0.00,0,0,0,0,0.00,0,0,0
8829,0.00,0,0,0,0,0.00,0,0,0
8879,0.00,0,0,0,0,0.00,0,0,0
8929,0.00,0,0,0,0,0.00,0,0,0
8979,0.00,0,0,0,0,0.00,0,0,0
9029,0.00,0,0,0,0,0.00,0,0,0
9079,0.00,0,0,0,0,0.00,0,0,0
9129,0.00,0,0,0,0,0.00,0,0,0
9179,0.00,0,0,0,0,0.00,0,0,0
9229,0.00,0,0,0,0,0.00,0,0,0
9279,0.00,0,0,0,0,0.00,0,0,0
9329,0.00,0,0,0,0,0.00,0,0,0
9379,0.00,0,0,0,0,0.00,0,0,0
9430,0.00,0,0,0,0,0.00,0,0,0
9480,0.00,0,0,0,0,0.00,0,0,0
9530,0.00,0,0,0,0,0.00,0,0,0
9580,0.00,0,0,0,0,0.00,0,0,0
9630,0.00,0,0,0,0,0.00,0,0,0
9680,0.00,0,0,0,0,0.00,0,0,0
9730,0.00,0,0,0,0,0.00,0,0,0
9780,0.00,0,0,0,0,0.00,0,0,0
9830,0.00,0,0,0,0,0.00,0,0,0
9880,0.00,0,0,0,0,0.00,0,0,0
9930,0.00,0,0,0,0,0.00,0,0,0
9980,0.00,0,0,0,0,0.00,0,0,0
10030,0.00,0,0,0,0,0.00,0,0,0
10080,0.00,0,0,0,0,0.00,0,0,0
10130,0.00,0,0,0,0,0.00,0,0,0
10180,0.00,0,0,0,0,0.00,0,0,0
10230,0.00,0,0,0,0,0.00,0,0,0
10280,0.00,0,0,0,0,0.00,0,0,0
10330,0.00,0,0,0,0,0.00,0,0,0
10380,0.00,0,0,0,0,0.00,0,0,0
10430,0.00,0,0,0,0,0.00,0,0,0
10480,0.00,0,0,0,0,0.00,0,0,0
10530,0.00,0,0,0,0,0.00,0,0,0
10580,inf,0,0,0,0,inf,0,0,0
10630,inf,0,0,0,0,inf,0,0,0
10680,inf,0,0,0,0,inf,0,0,0
10730,443.77,2,41,0,0,inf,41,0,0
10780,443.77,0,41,0,0,inf,41,0,0
10830,599.26,0,39,0,-1,-155.48,80,0,1
10880,1016.60,0,33,0,-6,-417.35,113,0,7
10930,1035.77,12,33,0,0,-19.16,146,0,7
10980,1465.13,0,27,0,-10,-429.36,173,0,17
11030,1660.21,17,25,0,-5,-188.90,225,0,22
11080,1647.27,8,25,0,0,12.94,250,0,22
11130,1852.77,20,22,0,0,-3.65,294,0,28
11180,2096.73,0,19,0,-8,-243.96,313,0,36
11230,2344.85,0,16,0,-9,-233.96,348,0,45
11280,2599.65,0,13,0,-11,-251.13,377,0,56
11330,2816.37,5,10,0,0,15.42,409,0,67
11380,3032.14,0,7,0,0,-5.51,423,0,78
11430,3394.43,0,2,0,-10,-172.78,433,0,97
11480,3540.24,0,0,1,0,15.10,435,2,100
11530,3755.63,0,-2,0,0,-96.20,438,3,100
11580,3692.76,0,-1,0,0,33.95,441,3,100
11630,3667.48,0,0,-1,0,-6.27,442,5,100
11680,3611.85,0,0,0,0,24.52,442,6,100
11730,3644.31,0,0,-1,0,-22.88,442,7,100
11780,3646.97,0,0,-1,0,17.82,442,9,100
11830,3633.72,0,0,0,0,-19.26,442,10,100
11880,3580.81,0,0,0,0,42.38,442,10,100
11930,3597.12,0,0,0,0,49.72,442,10,100
11980,3568.03,0,0,0,0,40.34,442,11,100
12030,3607.50,0,0,0,0,35.12,442,11,100
12080,3581.66,0,0,0,0,37.16,442,11,100
12130,3634.60,0,0,0,0,-43.51,442,11,100
12180,3601.44,0,0,0,0,-32.30,442,11,100
12230,3623.19,0,0,0,0,-32.09,442,11,100
12280,3591.09,0,0,0,0,-45.93,442,11,100
12331,3624.06,0,0,0,0,-32.11,442,11,100
12381,3582.52,0,0,0,0,41.55,442,11,100
12431,3624.94,0,0,0,0,-32.99,442,11,100
12481,3571.43,0,0,0,0,44.77,442,11,100
12531,3609.24,0,0,0,0,28.45,442,11,100
12581,3576.54,0,0,0,0,31.83,442,11,100
12631,3628.45,0,0,0,0,-56.17,442,11,100
12681,3591.95,0,0,0,0,-37.99,442,11,100
12731,3641.66,0,0,-1,0,-49.71,442,12,100
12781,3580.81,0,0,0,0,37.14,442,12,100
12831,3608.37,0,0,0,0,31.02,442,12,100
12881,3576.54,0,0,0,0,31.83,442,12,100
12931,3619.69,0,0,0,0,-38.03,442,12,100
12981,3572.28,0,0,0,0,56.17,442,12,100
13031,3607.50,0,0,0,0,28.45,442,12,100
13081,3581.66,0,0,0,0,37.16,442,12,100
13131,3628.45,0,0,0,0,-57.02,442,12,100
13181,3591.95,0,0,0,0,-38.01,442,12,100
13231,3618.82,0,0,0,0,-37.16,442,12,100
13281,3581.66,0,0,0,0,37.16,442,12,100
13331,3568.03,0,0,0,0,8.51,442,12,100
13381,3567.18,0,0,0,0,35.12,442,12,100
13431,3597.12,0,0,0,0,24.89,442,12,100
13481,3557.03,0,0,1,0,42.68,442,14,100
13531,3617.94,0,0,0,0,-53.31,442,14,100
13581,3581.66,0,0,0,0,36.28,442,14,100
13631,3624.06,0,0,0,0,-31.25,442,14,100
13681,3581.66,0,0,0,0,47.66,442,14,100
13731,3608.37,0,0,0,0,30.17,442,14,100
13782,3581.66,0,0,0,0,37.16,442,14,100
13832,3607.50,0,0,0,0,40.63,442,14,100
13882,3581.66,0,0,0,0,37.16,442,14,100
13932,3616.20,0,0,0,0,-25.97,442,14,100
13982,3581.66,0,0,0,0,37.16,442,14,100
14032,3624.94,0,0,0,0,-34.70,442,14,100
14082,3581.66,0,0,0,0,41.53,442,14,100
14132,3624.06,0,0,0,0,-32.97,442,14,100
14182,3581.66,0,0,0,0,36.28,442,14,100
14232,3597.98,0,0,0,0,25.74,442,14,100
14282,3584.23,0,0,0,0,23.27,442,14,100
14332,3616.20,0,0,0,0,-25.11,442,14,100
14382,3582.52,0,0,0,0,31.94,442,14,100
14432,3617.94,0,0,0,0,-37.14,442,14,100
14482,3568.03,0,0,0,0,38.61,442,14,100
14532,3608.37,0,0,0,0,27.47,442,14,100
14582,3571.43,0,0,0,0,47.39,442,14,100
14632,3628.45,0,0,0,0,-46.79,442,14,100
14682,3581.66,0,0,0,0,51.18,442,14,100
14732,3618.82,0,0,0,0,-38.01,442,14,100
14782,3571.43,0,0,0,0,47.39,442,14,100
14832,3597.98,0,0,0,0,24.90,442,14,100
14882,3571.43,0,0,0,0,46.52,442,14,100
14932,3617.94,0,0,0,0,-46.52,442,14,100
14982,3570.58,0,0,0,0,48.24,442,14,100
15032,3628.45,0,0,0,0,-45.93,442,14,100
15082,3580.81,0,0,0,0,37.14,442,14,100
15132,3617.94,0,0,0,0,-35.43,442,14,100
15182,3581.66,0,0,0,0,33.67,442,14,100
15232,3628.45,0,0,0,0,-45.93,442,14,100
15282,3581.66,0,0,0,0,37.16,442,14,100
15332,3607.50,0,0,0,0,32.70,442,14,100
15382,3567.18,0,0,0,0,40.32,442,14,100
15432,3606.64,0,0,0,0,32.55,442,14,100
15482,3567.18,0,0,0,0,41.19,442,14,100
15532,3569.73,0,0,0,0,41.25,442,14,100
15582,3820.68,0,-2,0,-7,-110.57,449,14,135
15632,3736.92,0,-1,0,0,-35.05,454,14,178
15682,3545.26,0,0,1,0,316.74,459,15,209
15732,3546.10,0,0,1,0,325.87,464,16,239
15782,3545.26,0,0,1,0,316.74,469,17,267
15832,3546.10,0,0,1,0,386.78,475,18,299
15882,3628.45,0,0,0,0,65.22,476,18,299
15932,3579.95,0,0,0,0,143.98,478,18,304
15982,3625.82,0,0,0,0,96.27,480,18,310
16032,3573.98,0,0,0,0,155.51,482,18,316
16082,3605.77,0,-1,0,-6,-192.63,484,18,322
16132,3574.83,0,0,0,0,117.02,486,18,328
16182,3597.98,0,0,0,0,31.00,486,18,328
16232,3568.03,0,0,0,0,33.41,486,18,328
16282,3608.37,0,0,0,0,36.08,486,18,328
16332,3575.69,0,0,0,0,31.82,486,18,328
16382,3626.69,0,0,0,0,-45.03,486,18,328
16432,3580.81,0,0,0,0,35.39,486,18,328
16482,3606.64,0,0,0,0,39.78,486,18,328
16532,3569.73,0,0,0,0,49.09,486,18,328
16582,3617.07,0,0,0,0,-34.56,486,18,328
16632,3580.81,0,0,0,0,37.14,486,18,328
16683,3606.64,0,0,0,0,29.32,486,18,328
16733,3575.69,0,0,0,0,32.69,486,18,328
16783,3618.82,0,0,0,0,-38.87,486,18,328
16833,3580.81,0,0,0,0,38.01,486,18,328
16883,3608.37,0,0,0,0,42.36,486,18,328
16933,3576.54,0,0,0,0,30.97,486,18,328
16983,3617.94,0,0,0,0,-47.37,486,18,328
17033,3581.66,0,0,0,0,35.41,486,18,328
17083,3624.94,0,0,0,0,-33.85,486,18,328
17133,3582.52,0,0,0,0,45.05,486,18,328
17183,3618.82,0,0,0,0,-38.01,486,18,328
17233,3576.54,0,0,0,0,30.10,486,18,328
17283,3607.50,0,0,0,0,34.26,486,18,328
17333,3568.03,0,0,0,0,40.34,486,18,328
17383,3608.37,0,0,1,0,59.87,486,19,328
17433,3567.18,0,0,0,0,33.39,486,20,328
17483,3607.50,0,0,0,0,41.25,486,20,328
17533,3571.43,0,0,0,0,46.52,486,20,328
17583,3618.82,0,0,0,0,-38.87,486,20,328
17633,3571.43,0,0,0,0,45.64,486,20,328
17683,3597.98,0,0,0,0,40.40,486,20,328
17733,3572.28,0,0,0,0,45.67,486,20,328
17783,3640.78,0,0,-1,0,-84.59,486,22,328
17833,3581.66,0,0,0,0,37.16,486,22,328
17883,3607.50,0,0,0,0,57.92,486,22,328
17933,3568.03,0,0,0,0,40.34,486,22,328
17983,3606.64,0,0,0,0,41.29,486,22,328
18033,3567.18,0,0,0,0,41.19,486,22,328
18083,3618.82,0,0,0,0,-47.39,486,22,328
18134,3569.73,0,0,0,0,49.09,486,22,328
18184,3608.37,0,0,0,0,42.12,486,22,328
18234,3576.54,0,0,0,0,30.10,486,22,328
18284,3608.37,0,0,0,0,31.89,486,22,328
18334,3576.54,0,0,0,0,30.97,486,22,328
18384,3597.98,0,0,0,0,40.36,486,22,328
18434,3556.19,0,0,1,0,33.19,486,24,328
18484,3608.37,0,0,0,0,27.47,486,24,328
18534,3568.03,0,0,0,0,38.61,486,24,328
18584,3597.98,0,0,0,0,41.27,486,24,328
18634,3568.88,0,0,0,0,38.62,486,24,328
18684,3597.98,0,0,0,0,28.45,486,24,328
18734,3565.49,0,0,0,0,21.31,486,24,328
18784,3597.12,0,0,0,0,24.75,486,24,328
18834,3577.39,0,0,0,0,31.85,486,25,328
18884,3618.82,0,0,0,0,-37.16,486,25,328
18934,3581.66,0,0,0,0,37.16,486,25,328
18984,3624.94,0,0,0,0,-32.99,486,25,328
19034,3581.66,0,0,0,0,36.28,486,25,328
19084,3608.37,0,0,0,0,24.15,486,25,328
19134,3576.54,0,0,0,0,31.83,486,25,328
19184,3568.03,0,0,0,0,32.55,486,25,328
19234,3544.42,0,0,1,0,406.06,495,26,393
19284,3544.42,0,0,1,0,458.78,503,27,436
19334,3545.26,0,0,1,0,405.23,510,28,490
19384,3577.39,0,0,0,0,106.30,511,29,490
19434,3615.33,0,0,0,0,46.78,511,31,490
19484,3585.09,0,0,0,0,89.58,511,32,490
19534,3625.82,0,0,0,0,17.61,511,34,490
19584,3573.98,0,0,0,0,89.92,511,36,490
19634,3607.50,0,0,0,0,22.37,511,36,490
19684,3561.25,0,0,0,0,49.72,511,36,490
19734,3608.37,0,0,0,0,51.61,511,36,490
19784,3559.56,0,0,1,0,50.55,511,38,490
19834,3606.64,0,0,0,0,41.29,511,38,490
19884,3569.73,0,0,0,0,49.09,511,38,490
19934,3607.50,0,0,0,0,42.99,511,38,490
19984,3576.54,0,0,0,0,30.10,511,38,490
20034,3597.98,0,0,0,0,31.04,511,38,490
20084,3560.41,0,0,0,0,47.10,511,38,490
20134,3608.37,0,0,0,0,48.85,511,38,490
20184,3570.58,0,0,0,0,48.24,511,38,490
20234,3606.64,0,0,0,0,30.18,511,38,490
20284,3569.73,0,0,0,0,49.09,511,38,490
20334,3618.82,0,0,0,0,-38.87,511,38,490
20384,3591.95,0,0,0,0,-46.49,511,38,490
20434,3618.82,0,0,0,0,-38.01,511,38,490
20484,3571.43,0,0,0,0,46.52,511,38,490
20534,3607.50,0,0,0,0,30.17,511,38,490
20584,3571.43,0,0,0,0,46.52,511,38,490
20634,3607.50,0,0,0,0,26.61,511,38,490
20684,3565.49,0,0,0,0,32.50,511,38,490
20734,3606.64,0,0,0,0,34.28,511,38,490
20784,3567.18,0,0,0,0,41.19,511,38,490
20834,3609.24,0,0,1,0,51.41,511,39,490
20884,3576.54,0,0,0,0,30.10,511,39,490
20934,3586.80,0,0,0,0,-19.62,511,39,490
20984,3564.64,0,0,0,0,35.07,511,40,490
21035,3608.37,0,0,0,0,33.41,511,40,490
21085,3576.54,0,0,0,0,31.83,511,40,490
21135,3597.12,0,0,0,0,41.27,511,40,490
21185,3576.54,0,0,0,0,30.97,511,40,490
21235,3607.50,0,0,0,0,16.33,511,40,490
21285,3576.54,0,0,0,0,30.97,511,40,490
21335,3607.50,0,0,0,0,32.70,511,40,490
21385,3569.73,0,0,0,0,48.22,511,40,490
21435,3606.64,0,0,0,0,38.68,511,40,490
21485,3567.18,0,0,0,0,41.19,511,40,490
21535,3597.98,0,0,0,0,25.74,511,40,490
21585,3576.54,0,0,0,0,31.83,511,40,490
21635,3607.50,0,0,0,0,34.23,511,40,490
21685,3574.83,0,0,0,0,33.54,511,40,490
21735,3606.64,0,0,0,0,33.41,511,40,490
21785,3566.33,0,0,0,0,31.65,511,40,490
21835,3617.94,0,0,0,0,-51.61,511,40,490
21885,3577.39,0,0,0,0,30.98,511,40,490
21935,3609.24,0,0,1,0,42.68,511,41,490
21985,3618.82,0,0,0,0,-49.94,511,41,490
22035,3543.59,0,0,1,0,407.94,520,42,561
22085,3543.59,0,0,1,0,519.25,529,43,623
22135,3546.10,0,0,1,0,405.43,537,44,679
22185,3544.42,0,0,1,0,420.68,544,45,716
22235,3612.72,0,0,0,0,271.28,550,45,762
22285,3601.44,0,0,0,0,-62.33,550,46,762
22335,3581.66,0,0,0,0,28.45,550,46,762
22385,3607.50,0,0,0,0,41.17,550,46,762
22435,3574.83,0,0,0,0,32.67,550,46,762
22486,3617.07,0,0,0,0,-35.41,550,46,762
22536,3567.18,0,0,0,0,42.06,550,46,762
22586,3597.12,0,0,0,0,29.94,550,46,762
22636,3640.78,0,0,-1,0,-100.54,550,48,762
22686,3597.12,0,0,0,0,35.09,550,48,762
22736,3570.58,0,0,0,0,47.37,550,48,762
22786,3608.37,0,0,0,0,32.55,550,48,762
22836,3559.56,0,0,1,0,47.94,550,49,762
22886,3607.50,0,0,0,0,35.99,550,49,762
22936,3556.19,0,0,1,0,41.80,550,50,762
22986,3597.98,0,0,1,0,36.64,550,51,762
23036,3687.32,0,-1,0,-6,-198.13,552,52,768
23086,3617.94,0,0,0,0,-47.37,552,52,768
23136,3565.49,0,0,0,0,32.50,552,52,768
23186,3597.98,0,0,1,0,42.68,552,53,768
23236,3563.79,0,0,0,0,35.92,552,54,768
23286,3607.50,0,0,0,0,34.24,552,54,768
23336,3557.03,0,0,1,0,40.09,552,55,768
23386,3608.37,0,0,0,0,28.19,552,55,768
23436,3577.39,0,0,0,0,30.98,552,55,768
23486,3617.07,0,0,0,0,-45.64,552,55,768
23536,3575.69,0,0,0,0,32.69,552,55,768
23586,3617.94,0,0,0,0,-47.37,552,55,768
23636,3585.09,0,0,0,0,21.55,552,55,768
23686,3608.37,0,0,0,0,31.89,552,55,768
23736,3568.03,0,0,0,0,38.61,552,55,768
23786,3607.50,0,0,0,0,26.58,552,55,768
23836,3573.13,0,0,0,0,24.85,552,55,768
23886,3596.26,0,0,0,0,48.85,552,55,768
23936,3565.49,0,0,0,0,34.23,552,56,768
23986,3607.50,0,0,0,0,25.72,552,56,768
24036,3573.98,0,0,0,0,24.00,552,56,768
24086,3608.37,0,0,0,0,25.77,552,56,768
24136,3567.18,0,0,0,0,41.19,552,56,768
24186,3606.64,0,0,0,0,33.39,552,56,768
24236,3571.43,0,0,0,0,36.08,552,56,768
24286,3608.37,0,0,0,0,40.40,552,56,768
24336,3568.03,0,0,0,0,38.61,552,56,768
24386,3597.98,0,0,0,0,24.75,552,56,768
24436,3556.19,0,0,1,0,30.61,552,57,768
24486,3597.98,0,0,0,0,25.61,552,57,768
24536,3617.94,0,0,0,0,-53.31,552,57,768
24586,3750.00,0,-1,0,0,-41.72,557,57,797
24636,3545.26,0,0,1,0,295.97,563,58,828
24686,3545.26,0,0,1,0,293.02,568,59,855
24736,3599.71,0,-2,0,0,-348.01,572,59,855
24786,3560.41,0,0,0,0,178.38,575,59,860
24836,3594.54,0,0,-1,0,-129.79,576,60,860
24886,3571.43,0,0,0,0,44.77,576,60,860
24936,3597.98,0,0,0,0,38.64,576,60,860
24986,3567.18,0,0,0,0,38.59,576,60,860
25036,3596.26,0,0,0,0,32.55,576,60,860
25086,3566.33,0,0,0,0,31.65,576,61,860
25136,3597.12,0,0,0,0,34.23,576,61,860
25186,3567.18,0,0,0,0,40.32,576,61,860
25236,3606.64,0,0,0,0,38.68,576,61,860
25286,3567.18,0,0,0,0,41.19,576,61,860
25336,3608.37,0,0,0,0,49.99,576,61,860
25387,3576.54,0,0,0,0,30.10,576,61,860
25437,3597.98,0,0,0,0,27.47,576,61,860
25487,3573.98,0,0,0,0,24.00,576,61,860
25537,3596.26,0,0,0,0,25.62,576,61,860
25587,3573.13,0,0,0,0,23.99,576,61,860
25637,3597.12,0,0,0,0,34.24,576,61,860
25687,3568.03,0,0,0,0,40.34,576,61,860
25737,3597.98,0,0,0,0,41.29,576,61,860
25787,3564.64,0,0,0,0,32.48,576,61,860
25837,3598.85,0,0,1,0,41.01,576,62,860
25887,3568.03,0,0,0,0,38.61,576,62,860
25937,3607.50,0,0,0,0,25.76,576,62,860
25987,3585.09,0,0,0,0,23.29,576,62,860
26037,3597.98,0,0,0,0,37.83,576,62,860
26087,3572.28,0,0,0,0,25.71,576,62,860
26137,3617.07,0,0,0,0,-45.64,576,62,860
26187,3573.13,0,0,0,0,23.99,576,62,860
26237,3608.37,0,0,0,0,40.40,576,62,860
26287,3566.33,0,0,0,0,29.93,576,62,860
26337,3607.50,0,0,0,0,39.53,576,62,860
26387,3565.49,0,0,0,0,32.50,576,62,860
26437,3608.37,0,0,1,0,41.88,576,63,860
26487,3567.18,0,0,0,0,40.32,576,63,860
26537,3599.71,0,0,1,0,33.20,576,64,860
26587,3568.03,0,0,0,0,38.61,576,64,860
26637,3585.94,0,0,0,0,-14.51,576,64,860
26687,3564.64,0,0,0,0,32.48,576,64,860
26737,3597.98,0,0,0,0,25.74,576,64,860
26787,3568.03,0,0,0,0,38.61,576,64,860
26838,3597.12,0,0,0,0,34.23,576,64,860
26888,3564.64,0,0,0,0,34.21,576,65,860
26938,3597.12,0,0,0,0,35.07,576,65,860
26988,3568.88,0,0,0,0,39.49,576,66,860
27038,3607.50,0,0,0,0,29.33,576,66,860
27088,3577.39,0,0,0,0,30.98,576,66,860
27138,3565.49,0,0,0,0,34.23,576,66,860
27188,3598.85,0,-2,0,0,-410.50,580,66,860
27238,3557.03,0,0,1,0,215.60,584,67,860
27288,3605.77,0,0,-1,-4,-174.15,585,68,864
27338,3564.64,0,0,0,0,84.11,586,69,864
27388,3589.38,0,0,0,0,-30.66,586,70,864
27438,3560.41,0,0,0,0,49.70,586,71,864
27488,3608.37,0,0,0,0,41.27,586,71,864
27538,3584.23,0,0,0,0,22.41,586,71,864
27588,3597.12,0,0,0,0,25.74,586,71,864
27638,3576.54,0,0,0,0,31.83,586,71,864
27688,3608.37,0,0,0,0,38.68,586,71,864
27738,3566.33,0,0,0,0,41.17,586,71,864
27788,3610.11,0,0,0,0,-53.08,586,72,864
27838,3573.98,0,0,0,0,22.28,586,72,864
27888,3586.80,0,0,0,0,-17.07,586,72,864
27938,3556.19,0,0,1,0,43.52,586,74,864
27988,3597.98,0,0,0,0,26.46,586,74,864
28038,3576.54,0,0,0,0,29.23,586,74,864
28088,3608.37,0,0,0,0,18.07,586,74,864
28138,3591.95,0,0,0,0,-32.86,586,74,864
28188,3607.50,0,0,0,0,-21.63,586,74,864
28238,3568.03,0,0,0,0,40.34,586,74,864
28288,3607.50,0,0,0,0,37.63,586,74,864
28338,3566.33,0,0,0,0,41.17,586,74,864
28388,3606.64,0,0,0,0,38.68,586,74,864
28438,3583.37,0,0,0,0,25.00,586,74,864
28488,3597.98,0,0,0,0,28.34,586,74,864
28538,3576.54,0,0,0,0,30.10,586,74,864
28588,3607.50,0,0,0,0,24.90,586,74,864
28638,3571.43,0,0,0,0,47.39,586,74,864
28688,3608.37,0,0,0,0,30.14,586,74,864
28738,3571.43,0,0,0,0,47.39,586,74,864
28788,3597.12,0,0,0,0,60.19,586,74,864
28838,3565.49,0,0,0,0,33.36,586,75,864
28888,3617.94,0,0,0,0,-43.11,586,75,864
28938,3568.88,0,0,0,0,37.76,586,75,864
28988,3608.37,0,0,0,0,39.55,586,75,864
29038,3568.03,0,0,0,0,40.34,586,75,864
29088,3606.64,0,0,0,0,30.01,586,75,864
29138,3567.18,0,0,0,0,41.19,586,75,864
29188,3607.50,0,0,0,0,41.25,586,75,864
29238,3549.46,0,0,1,0,46.80,586,76,864
29288,3588.52,0,0,0,0,-30.64,586,77,864
29338,3572.28,0,0,0,0,25.71,586,77,864
29388,3607.50,0,0,0,0,25.74,586,77,864
29438,3576.54,0,0,0,0,30.10,586,77,864
29488,3561.25,0,0,0,0,40.19,586,77,864
29538,3545.26,0,0,1,0,329.71,592,78,910
29588,3545.26,0,0,1,0,304.84,597,79,939
29638,3609.24,0,-2,0,0,-336.97,601,79,939
29688,3563.79,0,0,0,0,185.27,604,79,942
29739,3604.90,0,0,-1,0,-135.48,605,80,942
29789,3551.14,0,0,1,0,65.94,605,82,942
29839,3606.64,0,0,0,0,31.64,605,82,942
29889,3572.28,0,0,0,0,37.83,605,82,942
29939,3608.37,0,0,0,0,25.88,605,82,942
29989,3560.41,0,0,0,0,41.90,605,82,942
30039,3618.82,0,0,0,0,-49.09,605,82,942
30089,3571.43,0,0,0,0,47.39,605,82,942
30139,3599.71,0,0,1,0,42.68,605,83,942
30189,3572.28,0,0,0,0,24.84,605,83,942
30239,3606.64,0,0,0,0,24.90,605,83,942
30289,3578.24,0,0,0,0,28.39,605,83,942
30339,3607.50,0,0,0,0,35.11,605,83,942
30389,3565.49,0,0,0,0,32.50,605,83,942
30439,3607.50,0,0,0,0,25.73,605,83,942
30489,3575.69,0,0,0,0,32.69,605,83,942
30539,3606.64,0,0,0,0,39.55,605,83,942
30589,3572.28,0,0,0,0,25.71,605,83,942
30639,3597.98,0,0,0,0,27.43,605,83,942
30689,3562.10,0,0,0,0,46.27,605,83,942
30739,3608.37,0,0,0,0,48.85,605,83,942
30789,3564.64,0,0,0,0,33.35,605,83,942
30839,3607.50,0,0,0,0,32.55,605,83,942
30889,3576.54,0,0,0,0,30.10,605,83,942
30939,3607.50,0,0,0,0,41.27,605,83,942
30989,3568.03,0,0,0,0,40.34,605,83,942
31039,3608.37,0,0,0,0,39.55,605,83,942
31089,3578.24,0,0,0,0,30.13,605,83,942
31139,3606.64,0,0,0,0,39.55,605,83,942
31190,3570.58,0,0,0,0,47.37,605,83,942
31240,3616.20,0,0,0,0,-33.68,605,83,942
31290,3574.83,0,0,0,0,33.54,605,83,942
31340,3608.37,0,0,0,0,24.04,605,83,942
31390,3565.49,0,0,0,0,31.64,605,83,942
31440,3608.37,0,0,0,0,39.53,605,83,942
31490,3581.66,0,0,0,0,16.32,605,83,942
31540,3607.50,0,0,0,0,32.51,605,83,942
31590,3572.28,0,0,0,0,25.71,605,83,942
31640,3597.12,0,0,0,0,34.24,605,83,942
31690,3565.49,0,0,0,0,30.77,605,83,942
31740,3607.50,0,0,0,0,29.32,605,83,942
31790,3568.88,0,0,0,0,38.62,605,83,942
31840,3608.37,0,0,0,0,40.36,605,83,942
31890,3573.13,0,0,0,0,26.58,605,84,942
31940,3617.94,0,0,0,0,-46.52,605,84,942
31990,3576.54,0,0,0,0,30.97,605,84,942
32040,3607.50,0,0,0,0,25.74,605,84,942
32090,3571.43,0,0,0,0,46.52,605,84,942
32140,3606.64,0,0,0,0,34.23,605,84,942
32190,3597.98,0,0,0,0,39.45,605,84,942
32240,3544.42,0,0,1,0,406.06,614,85,1003
32290,3543.59,0,0,1,0,466.04,622,86,1058
32340,3546.10,0,0,1,0,403.35,629,87,1111
32390,3545.26,0,0,1,0,344.78,635,88,1146
32440,3574.83,0,0,0,0,80.14,635,89,1146
32490,3623.19,0,0,0,0,6.14,635,89,1146
32540,3585.09,0,0,0,0,55.69,635,90,1146
32590,3610.11,0,0,0,0,-2.60,635,90,1146
32640,3556.19,0,0,1,0,43.52,635,91,1146
32690,3608.37,0,0,1,0,37.49,635,92,1146
32740,3568.88,0,0,0,0,39.49,635,92,1146
32790,3597.12,0,0,0,0,27.43,635,92,1146
32840,3568.03,0,0,0,0,40.34,635,92,1146
32890,3607.50,0,0,0,0,25.73,635,92,1146
32940,3581.66,0,0,0,0,37.16,635,92,1146
32990,3596.26,0,0,0,0,31.83,635,92,1146
33040,3572.28,0,0,0,0,25.71,635,92,1146
33090,3618.82,0,0,0,0,-48.24,635,92,1146
33140,3568.88,0,0,0,0,37.76,635,92,1146
33190,3597.98,0,0,0,0,49.70,635,92,1146
33240,3568.03,0,0,0,0,40.34,635,92,1146
33290,3618.82,0,0,0,0,-50.79,635,92,1146
33340,3580.81,0,0,0,0,38.01,635,92,1146
33390,3607.50,0,0,0,0,38.68,635,92,1146
33440,3564.64,0,0,0,0,33.35,635,92,1146
33490,3608.37,0,0,0,0,26.57,635,92,1146
33540,3576.54,0,0,0,0,30.10,635,92,1146
33590,3607.50,0,0,0,0,38.70,635,92,1146
33640,3576.54,0,0,0,0,31.83,635,92,1146
33690,3585.94,0,0,0,0,-18.76,635,92,1146
33740,3565.49,0,0,0,0,32.50,635,93,1146
33790,3597.12,0,0,0,0,41.25,635,93,1146
33840,3576.54,0,0,0,0,31.83,635,93,1146
33890,3608.37,0,0,0,0,32.70,635,93,1146
33940,3581.66,0,0,0,0,37.16,635,93,1146
33990,3608.37,0,0,0,0,46.52,635,93,1146
34040,3583.37,0,0,0,0,25.00,635,93,1146
34091,3628.45,0,0,0,0,-46.79,635,93,1146
34141,3569.73,0,0,0,0,49.09,635,93,1146
34191,3606.64,0,0,0,0,37.83,635,93,1146
34241,3566.33,0,0,0,0,31.65,635,94,1146
34291,3597.12,0,0,0,0,35.06,635,94,1146
34341,3574.83,0,0,0,0,100.74,636,94,1150
34391,3618.82,0,0,0,0,-42.28,636,94,1150
34441,3567.18,0,0,0,0,40.32,636,94,1150
34491,3606.64,0,0,0,0,40.36,636,94,1150
34541,3573.98,0,0,0,0,24.00,636,94,1150
34591,3609.24,0,0,1,0,53.15,636,95,1150
34641,3568.88,0,0,0,0,39.49,636,95,1150
34691,3608.37,0,0,0,0,25.01,636,95,1150
34741,3572.28,0,0,0,0,126.86,638,95,1158
34791,3605.77,0,0,0,0,33.36,638,95,1158
34841,3569.73,0,0,0,0,49.09,638,95,1158
34891,3597.12,0,0,0,0,33.39,638,95,1158
34941,3573.98,0,0,0,0,22.28,638,95,1158
34991,3577.39,0,0,0,0,30.98,638,95,1158
35041,3545.26,0,0,1,0,342.76,644,96,1206
35091,3545.26,0,0,1,0,378.36,650,97,1241
35141,3553.66,0,0,1,0,309.33,655,98,1273
35191,3544.42,0,0,1,0,293.86,660,99,1299
35241,3609.24,0,-2,0,0,-338.92,664,99,1299
35291,3577.39,0,0,0,0,194.30,668,99,1299
35341,3607.50,0,0,0,0,25.05,668,99,1299
35391,3557.87,0,0,1,0,42.70,668,100,1299
35441,3599.71,0,0,1,0,28.10,668,101,1299
35491,3573.98,0,0,0,0,24.87,668,101,1299
35542,3606.64,0,0,0,0,35.17,668,101,1299
35592,3569.73,0,0,0,0,47.34,668,101,1299
35642,3607.50,0,0,0,0,34.46,668,101,1299
35692,3579.95,0,0,0,0,38.87,668,101,1299
35742,3606.64,0,0,0,0,29.32,668,101,1299
35792,3576.54,0,0,0,0,30.10,668,101,1299
35842,3608.37,0,0,0,0,33.55,668,101,1299
35892,3573.98,0,0,0,0,22.28,668,101,1299
35942,3597.98,0,0,0,0,20.48,668,101,1299
35992,3567.18,0,0,0,0,40.32,668,101,1299
36042,3597.12,0,0,0,0,24.00,668,101,1299
36092,3568.03,0,0,0,0,39.47,668,101,1299
36142,3597.98,0,0,0,0,27.43,668,101,1299
36192,3581.66,0,0,0,0,37.16,668,101,1299
36242,3607.50,0,0,0,0,30.95,668,101,1299
36292,3581.66,0,0,0,0,37.16,668,101,1299
36342,3599.71,0,0,0,0,45.64,668,101,1299
36392,3572.28,0,0,0,0,25.71,668,101,1299
36442,3595.40,0,0,0,0,31.65,668,101,1299
36492,3559.56,0,0,1,0,47.07,668,102,1299
36542,3617.94,0,0,0,0,-47.37,668,102,1299
36592,3581.66,0,0,0,0,37.16,668,102,1299
36642,3608.37,0,0,0,0,23.29,668,102,1299
36692,3585.09,0,0,0,0,23.29,668,102,1299
36742,3609.24,0,0,0,0,31.83,668,102,1299
36792,3575.69,0,0,0,0,32.69,668,102,1299
36842,3606.64,0,0,0,0,23.29,668,102,1299
36892,3583.37,0,0,0,0,25.00,668,102,1299
36942,3596.26,0,0,0,0,38.70,668,102,1299
36992,3573.98,0,0,0,0,23.14,668,102,1299
37042,3608.37,0,0,0,0,42.06,668,102,1299
37092,3571.43,0,0,0,0,47.39,668,102,1299
37142,3597.98,0,0,0,0,30.97,668,102,1299
37192,3576.54,0,0,0,0,31.83,668,102,1299
37242,3597.12,0,0,0,0,37.16,668,102,1299
37292,3567.18,0,0,0,0,41.19,668,102,1299
37342,3597.98,0,0,0,0,22.17,668,102,1299
37392,3568.03,0,0,0,0,38.61,668,102,1299
37442,3597.98,0,0,0,0,42.06,668,102,1299
37492,3568.88,0,0,0,0,38.62,668,102,1299
37542,3546.94,0,0,1,0,25.34,668,103,1299
37592,3583.37,0,0,0,0,22.40,668,104,1299
37642,3606.64,0,0,0,0,41.21,668,104,1299
37692,3572.28,0,0,0,0,25.71,668,104,1299
37742,3608.37,0,0,0,0,41.19,668,104,1299
37792,3573.98,0,0,0,0,23.14,668,104,1299
37842,3607.50,0,0,0,0,32.70,668,104,1299
37892,3617.94,0,0,0,0,-44.81,668,104,1299
37942,3766.01,0,-2,0,0,-59.56,674,104,1328
37992,3766.01,0,-2,0,0,-65.96,680,104,1364
38042,3543.59,0,0,1,0,294.69,686,105,1395
38092,3544.42,0,0,1,0,267.52,690,106,1418
38142,3544.42,0,0,1,0,264.62,693,107,1439
38192,3608.37,0,-2,0,0,-306.30,696,107,1439
38242,3573.13,0,0,0,0,18.82,696,107,1439
38292,3608.37,0,0,0,0,17.17,696,107,1439
38342,3568.03,0,0,0,0,34.28,696,107,1439
38392,3618.82,0,0,0,0,-39.72,696,107,1439
38443,3585.09,0,0,0,0,22.42,696,107,1439
38493,3608.37,0,0,0,0,25.01,696,107,1439
38543,3574.83,0,0,0,0,25.74,696,107,1439
38593,3617.94,0,0,0,0,-41.41,696,107,1439
38643,3570.58,0,0,0,0,42.14,696,107,1439
38693,3607.50,0,0,0,0,31.89,696,107,1439
38743,3567.18,0,0,0,0,41.19,696,107,1439
38793,3597.98,0,0,0,0,30.98,696,107,1439
38843,3568.03,0,0,0,0,38.61,696,107,1439
38893,3608.37,0,0,0,0,23.14,696,107,1439
38943,3581.66,0,0,0,0,36.28,696,107,1439
38993,3617.94,0,0,0,0,-37.14,696,107,1439
39043,3576.54,0,0,0,0,30.97,696,107,1439
39093,3586.80,0,0,0,0,-15.37,696,107,1439
39143,3555.34,0,0,1,0,32.31,696,108,1439
39193,3609.24,0,0,1,0,43.52,696,109,1439
39243,3568.88,0,0,0,0,38.62,696,109,1439
39293,3597.98,0,0,0,0,39.47,696,109,1439
39343,3567.18,0,0,0,0,40.32,696,109,1439
39393,3617.94,0,0,0,0,-43.96,696,109,1439
39443,3579.95,0,0,0,0,38.87,696,109,1439
39493,3622.31,0,0,0,0,-30.36,696,109,1439
39543,3590.23,0,0,0,0,-30.30,696,109,1439
39593,3617.07,0,0,0,0,-33.70,696,109,1439
39643,3574.83,0,0,0,0,32.67,696,109,1439
39693,3608.37,0,0,0,0,26.57,696,109,1439
39743,3575.69,0,0,0,0,31.82,696,109,1439
39793,3617.94,0,0,0,0,-47.37,696,109,1439
39843,3559.56,0,0,1,0,47.94,696,110,1439
39894,3598.85,0,0,1,0,41.82,696,111,1439
39944,3563.79,0,0,0,0,35.92,696,112,1439
39994,3617.94,0,0,0,0,-51.61,696,112,1439
40044,3565.49,0,0,0,0,30.77,696,112,1439
40094,3607.50,0,0,0,0,40.36,696,112,1439
40144,3573.98,0,0,0,0,23.14,696,112,1439
40194,3607.50,0,0,0,0,41.21,696,112,1439
40244,3567.18,0,0,0,0,40.32,696,112,1439
40294,3608.37,0,0,0,0,33.54,696,112,1439
40344,3624.94,0,0,0,0,18.49,696,113,1439
40394,3764.12,-16,-2,0,-19,1255.96,1200,113,8889
40444,3656.75,0,0,-1,0,236.32,1203,114,8897
40494,3679.18,0,-1,0,0,-33.09,1204,116,8897
40544,3615.33,0,0,0,0,30.76,1204,118,8897
40594,3609.24,0,0,0,0,-6.11,1204,118,8897
40644,3573.98,0,0,0,0,24.00,1204,118,8897
40694,3628.45,0,0,0,0,-46.79,1204,118,8897
40744,3625.82,0,0,0,0,15.84,1204,119,8897
40794,3675.57,0,0,0,0,-39.21,1204,120,8897
40844,3671.07,0,0,0,0,7.20,1205,121,8897
40894,3667.48,0,0,-1,0,-10.73,1205,124,8897
40944,3625.82,0,0,0,0,15.84,1205,125,8897
40994,3623.19,0,0,0,0,-7.86,1205,126,8897
41044,3555.34,0,0,1,0,22.05,1205,127,8897
41094,3617.94,0,0,0,0,-51.61,1205,127,8897
41144,3613.59,0,0,0,0,27.19,1205,128,8897
41194,3676.47,0,0,0,0,-50.66,1205,129,8897
41244,3648.75,0,0,-1,0,30.43,1206,131,8897
41294,3657.64,0,0,-1,0,-11.56,1206,134,8897
41344,3635.48,0,0,0,0,32.90,1206,136,8897
41394,3622.31,0,0,0,0,-6.11,1206,137,8897
41444,3591.95,0,0,0,0,-26.94,1206,137,8897
41494,3626.69,0,0,0,0,-24.39,1206,137,8897
41544,3602.31,0,0,0,0,-23.47,1206,137,8897
41594,3654.97,0,0,-1,0,-43.12,1206,138,8897
41644,3625.82,0,0,0,0,28.26,1206,139,8897
41694,3654.97,0,0,-1,0,-18.61,1206,141,8897
41744,3635.48,0,0,0,0,29.31,1206,142,8897
41794,3736.92,0,-1,0,0,27.19,1876,143,10721
41844,3624.06,0,0,0,0,33.58,1876,145,10721
41894,3643.43,0,0,-1,0,-16.74,1876,147,10721
41944,3625.82,0,0,0,0,26.49,1876,148,10721
41994,3611.85,0,0,0,0,13.97,1876,148,10721
42044,3591.95,0,0,0,0,-39.11,1876,148,10721
42094,3632.84,0,0,0,0,-17.51,1876,148,10721
42144,3624.94,0,0,0,0,25.58,1876,149,10721
42194,3656.75,0,0,-1,0,-4.45,1876,151,10721
42244,3544.42,0,0,1,0,268.49,1879,152,10740
42294,3642.54,0,0,-1,0,123.46,1881,154,10740
42344,3545.26,0,0,1,0,368.12,1887,155,10773
42394,3543.59,0,0,1,0,480.02,1894,156,10815
42444,3546.10,0,0,1,0,400.23,1901,157,10868
42494,3544.42,0,0,1,0,494.35,1909,158,10913
42544,3765.06,0,-2,0,-1,182.31,1918,158,10970
42594,3545.26,0,0,1,0,425.09,1925,159,11010
42644,3757.52,-1,-2,0,0,-212.25,1937,160,11080
42694,3624.94,0,0,0,0,18.49,1937,161,11080
42744,3644.31,0,0,-1,0,-31.60,1937,162,11080
42795,3625.82,0,0,0,0,28.26,1937,163,11080
42845,3617.07,0,0,0,0,-14.77,1937,163,11080
42895,3602.31,0,0,0,0,-26.08,1937,163,11080
42945,3643.43,0,0,-1,0,-30.71,1937,164,11080
42995,3624.94,0,0,0,0,29.14,1937,165,11080
43045,3665.69,0,0,-1,0,-29.33,1937,167,11080
43095,3616.20,0,0,0,0,27.23,1937,168,11080
43145,3626.69,0,0,0,0,-24.39,1937,168,11080
43195,3583.37,0,0,0,0,40.69,1937,168,11080
43245,3626.69,0,0,0,0,-22.66,1937,169,11080
43295,3600.58,0,0,0,0,-27.98,1937,169,11080
43345,3654.08,0,0,-1,0,-41.36,1937,170,11080
43395,3634.60,0,0,0,0,30.19,1937,171,11080
43445,3633.72,0,0,0,0,2.64,1937,172,11080
43495,3624.06,0,0,0,0,20.25,1937,173,11080
43545,3654.97,0,0,-1,0,-18.61,1937,175,11080
43595,3604.04,0,0,-1,0,-16.74,1937,176,11080
43645,3633.72,0,0,0,0,-21.87,1937,176,11080
43695,3591.95,0,0,0,0,-17.44,1937,176,11080
43745,3643.43,0,0,-1,0,-41.99,1937,177,11080
43795,3625.82,0,0,0,0,17.61,1937,178,11080
43845,3643.43,0,0,-1,0,-20.24,1937,179,11080
43895,3611.85,0,0,0,0,10.47,1937,179,11080
43945,3633.72,0,0,0,0,-21.00,1937,179,11080
43995,3615.33,0,0,0,0,28.99,1937,180,11080
44045,3632.84,0,0,0,0,-7.03,1937,181,11080
44095,3615.33,0,0,0,0,37.86,1937,182,11080
44145,3623.19,0,0,0,0,-12.21,1937,182,11080
44195,3621.44,0,0,0,0,14.04,1937,182,11080
44246,3654.08,0,0,-1,0,-38.75,1937,184,11080
44296,3614.46,0,0,0,0,39.62,1937,185,11080
44346,3643.43,0,0,-1,0,-7.07,1937,187,11080
44396,3615.33,0,0,0,0,28.10,1937,188,11080
44446,3625.82,0,0,0,0,33.61,1937,189,11080
44496,3593.67,0,0,0,0,33.61,1937,189,11080
44546,3616.20,0,0,0,0,-24.25,1937,189,11080
44596,3611.85,0,0,0,0,20.99,1937,189,11080
44646,3654.97,0,0,-1,0,-41.38,1937,191,11080
44696,3615.33,0,0,0,0,28.99,1937,192,11080
44746,3654.97,0,0,-1,0,-30.91,1937,194,11080
44796,3625.82,0,0,0,0,29.16,1937,195,11080
44846,3609.24,0,0,0,0,7.00,1937,195,11080
44896,3591.95,0,0,0,0,-26.05,1937,195,11080
44946,3633.72,0,0,0,0,-31.42,1937,195,11080
44996,3612.72,0,0,0,0,22.77,1937,195,11080
45046,3654.08,0,0,-1,0,-29.14,1937,197,11080
45096,3625.82,0,0,0,0,28.26,1937,198,11080
45146,3626.69,0,0,0,0,-26.12,1937,198,11080
45196,3604.04,0,0,-1,0,-37.68,1937,199,11080
45246,3614.46,0,0,0,0,-22.50,1937,199,11080
45296,3591.09,0,0,0,0,-41.67,1937,199,11080
45346,3632.84,0,0,0,0,-17.51,1937,200,11080
45396,3615.33,0,0,0,0,27.22,1937,201,11080
45446,3633.72,0,0,0,0,-43.49,1937,201,11080
45496,3625.82,0,0,0,0,18.50,1937,202,11080
45546,3612.72,0,0,0,0,11.35,1937,203,11080
45596,3602.31,0,0,0,0,-39.07,1937,203,11080
45646,3625.82,0,0,0,0,-19.18,1937,203,11080
45696,3603.17,0,0,0,0,-12.27,1937,203,11080
45746,3654.08,0,0,-1,0,-31.77,1937,204,11080
45796,3625.82,0,0,0,0,21.16,1937,205,11080
45846,3633.72,0,0,0,0,-17.52,1937,205,11080
45896,3600.58,0,0,0,0,-18.36,1937,205,11080
45946,3635.48,0,0,0,0,-32.31,1937,205,11080
45996,3612.72,0,0,0,0,18.37,1937,205,11080
46046,3691.85,0,-1,0,0,-129.75,1938,205,11080
46096,3615.33,0,0,0,0,28.10,1938,206,11080
46146,3612.72,0,0,0,0,18.37,1938,206,11080
46196,3607.50,0,-1,0,0,-141.63,1939,207,11080
46246,3633.72,0,0,0,0,92.06,1941,207,11085
46296,3608.37,0,-2,0,0,-317.14,1944,207,11085
46346,3625.82,0,0,0,0,22.04,1944,208,11085
46396,3615.33,0,0,0,0,98.46,1945,209,11088
46446,3650.52,0,0,-1,0,146.95,1948,210,11088
46496,3545.26,0,0,1,0,414.61,1955,211,11125
46546,3546.10,0,0,1,0,454.97,1963,212,11165
46596,3546.10,0,0,1,0,398.16,1970,213,11216
46646,3543.59,0,0,1,0,261.59,1972,215,11232
46696,3545.26,0,0,1,0,357.94,1976,216,11261
46746,3545.26,0,0,1,0,438.80,1982,217,11300
46797,3714.71,-3,-1,0,-3,-170.29,1992,218,11365
46848,3602.31,0,0,0,0,-4.37,1992,218,11365
46898,3626.69,0,0,0,0,-24.39,1992,218,11365
46948,3584.23,0,0,0,0,16.35,1992,218,11365
46998,3624.94,0,0,0,0,-34.70,1992,218,11365
47048,3603.17,0,0,0,0,-26.08,1992,218,11365
47098,3632.84,0,0,0,0,-17.51,1992,219,11365
47148,3623.19,0,0,0,0,9.65,1992,219,11365
47198,3634.60,0,0,0,0,-34.03,1992,219,11365
47248,3612.72,0,0,0,0,24.53,1992,219,11365
47298,3592.81,0,0,0,0,-16.61,1992,219,11365
47348,3580.81,0,0,0,0,17.18,1992,219,11365
47398,3626.69,0,0,0,0,-24.39,1992,219,11365
47448,3612.72,0,0,0,0,22.77,1992,219,11365
47498,3654.08,0,0,-1,0,-28.26,1992,221,11365
47548,3616.20,0,0,0,0,37.88,1992,222,11365
47598,3632.84,0,0,0,0,-20.12,1992,222,11365
47648,3681.88,0,-1,0,0,-109.61,1993,222,11365
47698,3633.72,0,0,0,0,-11.41,1993,222,11365
47748,3590.23,0,0,0,0,-20.92,1993,222,11365
47798,3608.37,0,0,0,0,-35.58,1993,222,11365
47848,3575.69,0,0,0,0,31.82,1993,222,11365
47898,3607.50,0,0,0,0,15.45,1993,222,11365
47948,3590.23,0,0,0,0,-24.25,1993,222,11365
47998,3632.84,0,0,0,0,-17.51,1993,223,11365
48048,3626.69,0,0,0,0,27.39,1993,224,11365
48098,3654.97,0,0,-1,0,-18.61,1993,226,11365
48148,3616.20,0,0,0,0,37.88,1993,227,11365
48198,3654.97,0,0,-1,0,-29.16,1993,229,11365
48248,3612.72,0,0,0,0,20.12,1993,229,11365
48299,3621.44,0,0,0,0,4.38,1993,230,11365
48349,3611.85,0,0,0,0,22.75,1993,230,11365
48399,3612.72,0,0,0,0,-0.87,1993,230,11365
48449,3574.83,0,0,0,0,21.43,1993,230,11365
48499,3624.94,0,0,0,0,-34.70,1993,230,11365
48549,3602.31,0,0,0,0,-25.20,1993,230,11365
48599,3644.31,0,0,-1,0,-32.47,1993,231,11365
48649,3625.82,0,0,0,0,28.26,1993,232,11365
48699,3631.96,0,0,0,0,-6.15,1993,233,11365
48749,3601.44,0,0,0,0,-10.45,1993,233,11365
48799,3644.31,0,0,-1,0,-42.01,1993,234,11365
48849,3612.72,0,0,0,0,21.88,1993,234,11365
48899,3608.37,0,0,0,0,11.20,1993,234,11365
48949,3591.95,0,0,0,0,-25.11,1993,234,11365
48999,3624.94,0,0,0,0,-22.63,1993,234,11365
49049,3612.72,0,0,0,0,20.12,1993,234,11365
49099,3654.97,0,0,-1,0,-32.66,1993,235,11365
49149,3612.72,0,0,0,0,21.00,1993,235,11365
49199,3611.85,0,0,0,0,0.87,1993,235,11365
49249,3587.66,0,0,0,0,21.58,1993,235,11365
49299,3624.06,0,0,0,0,-32.11,1993,235,11365
49349,3612.72,0,0,0,0,27.18,1993,235,11365
49399,3643.43,0,0,-1,0,-28.10,1993,237,11365
49449,3602.31,0,0,0,0,-16.64,1993,237,11365
49499,3617.94,0,0,0,0,-16.50,1993,237,11365
49549,3615.33,0,0,0,0,25.45,1993,238,11365
49599,3590.23,0,0,0,0,25.45,1993,239,11365
49649,3544.42,0,0,1,0,63.95,1993,240,11365
49699,3635.48,0,0,0,0,-27.11,1994,240,11365
49750,3605.77,0,0,-1,0,-38.53,1994,241,11365
49800,3634.60,0,0,0,0,-34.03,1994,241,11365
49850,3622.31,0,0,0,0,10.53,1994,241,11365
49900,3643.43,0,0,-1,0,-20.24,1994,242,11365
49950,3610.98,0,0,0,0,12.21,1994,242,11365
50000,3618.82,0,0,0,0,-16.51,1994,242,11365
50050,3603.17,0,0,0,0,-29.53,1994,242,11365
50100,3615.33,0,0,0,0,-23.37,1994,242,11365
50150,3591.95,0,0,0,0,-20.80,1994,242,11365
50200,3624.06,0,0,0,0,-32.97,1994,242,11365
50250,3616.20,0,0,0,0,25.46,1994,243,11365
50300,3643.43,0,0,-1,0,-28.10,1994,245,11365
50350,3625.82,0,0,0,0,17.61,1994,246,11365
50400,3622.31,0,0,0,0,-6.98,1994,247,11365
50450,3601.44,0,0,0,0,-34.86,1994,247,11365
50500,3626.69,0,0,0,0,-24.39,1994,247,11365
50550,3591.95,0,0,0,0,-17.34,1994,247,11365
50600,3624.94,0,0,0,0,-34.70,1994,247,11365
50650,3592.81,0,0,0,0,37.28,1994,247,11365
50700,3616.20,0,0,0,0,-25.97,1994,247,11365
50750,3610.98,0,0,0,0,13.09,1994,247,11365
50800,3654.08,0,0,-1,0,-28.26,1994,249,11365
50850,3613.59,0,0,0,0,41.38,1994,250,11365
50900,3635.48,0,0,0,0,40.99,1994,250,11365
50950,3625.82,0,0,0,0,16.73,1994,251,11365
51000,3643.43,0,0,-1,0,-30.71,1994,252,11365
51050,3602.31,0,0,0,0,-17.51,1994,252,11365
51100,3623.19,0,0,0,0,-12.21,1994,252,11365
51150,3600.58,0,0,0,0,-29.54,1994,252,11365
51200,3626.69,0,0,0,0,-24.39,1994,252,11365
51250,3602.31,0,0,0,0,-29.54,1994,252,11365
51300,3592.81,0,0,0,0,-34.94,1994,252,11365
51350,3573.98,0,0,0,0,24.00,1994,252,11365
51400,3633.72,0,0,0,0,-41.77,1994,252,11365
51450,3604.90,0,0,-1,0,-37.68,1994,253,11365
51500,3644.31,0,0,-1,0,-28.99,1994,255,11365
51550,3615.33,0,0,0,0,39.64,1994,256,11365
51600,3623.19,0,0,0,0,-10.47,1994,256,11365
51650,3612.72,0,0,0,0,22.77,1994,256,11365
51700,3626.69,0,0,0,0,-23.52,1994,256,11365
51750,3615.33,0,0,0,0,34.31,1994,257,11365
51800,3610.98,0,0,0,0,11.34,1994,257,11365
51850,3602.31,0,0,0,0,-39.07,1994,257,11365
51900,3626.69,0,0,0,0,-24.39,1994,257,11365
51950,3602.31,0,0,0,0,-11.31,1994,257,11365
52000,3610.11,0,0,0,0,-6.94,1994,258,11365
52050,3592.81,0,0,0,0,23.31,1994,258,11365
52100,3644.31,0,0,-1,0,-41.14,1994,259,11365
52150,3573.13,0,0,0,0,19.68,1994,259,11365
52200,3614.46,0,0,0,0,-23.36,1994,259,11365
52250,3610.98,0,0,0,0,21.86,1994,259,11365
52300,3635.48,0,0,0,0,-33.18,1994,259,11365
52350,3625.82,0,0,0,0,17.61,1994,260,11365
52400,3654.08,0,0,-1,0,-16.83,1994,262,11365
52450,3634.60,0,0,0,0,20.37,1994,263,11365
52500,3654.97,0,0,-1,0,-39.64,1994,265,11365
52550,3614.46,0,0,0,0,27.20,1994,266,11365
52600,3614.46,0,0,0,0,-18.20,1994,266,11365
52651,3567.18,0,0,0,0,33.39,1994,266,11365
52701,3614.46,0,0,0,0,-18.20,1994,266,11365
52751,3601.44,0,0,0,0,-42.42,1994,266,11365
52801,3652.30,0,0,-1,0,-49.13,1994,267,11365
52851,3602.31,0,0,0,0,-13.11,1994,267,11365
52901,3677.37,0,-1,0,0,-84.56,1995,268,11365
52951,3636.36,0,0,0,0,13.27,1995,269,11365
53001,3632.84,0,0,0,0,-21.86,1995,269,11365
53051,3600.58,0,0,0,0,-28.80,1995,269,11365
53101,3606.64,0,0,0,0,32.06,1995,269,11365
53151,3597.98,0,0,0,0,19.84,1995,269,11365
53201,3624.94,0,0,0,0,-33.85,1995,269,11365
53251,3602.31,0,0,0,0,-33.99,1995,269,11365
53301,3644.31,0,0,-1,0,-29.86,1995,270,11365
53351,3615.33,0,0,0,0,30.76,1995,271,11365
53401,3625.82,0,0,0,0,15.84,1995,272,11365
53451,3600.58,0,-1,0,-4,-170.88,1996,273,11369
53501,3624.94,0,0,0,0,132.58,1999,273,11371
53551,3544.42,0,0,1,0,273.34,2003,274,11396
53601,3601.44,0,0,0,0,56.59,2003,274,11396
53651,3583.37,0,0,0,0,25.00,2003,274,11396
53701,3630.20,0,0,0,0,-27.90,2003,274,11396
53751,3604.90,0,0,-1,0,-63.08,2003,275,11396
53801,3619.69,0,0,0,0,90.43,2004,276,11400
53851,3618.82,0,0,0,0,146.24,2007,276,11400
53901,3644.31,0,0,-1,0,-23.75,2007,277,11400
53951,3612.72,0,0,0,0,121.41,2008,278,11402
54001,3543.59,0,0,1,0,272.24,2011,279,11425
54051,3546.10,0,0,1,0,380.60,2016,280,11454
54102,3489.18,0,1,0,0,491.71,2023,280,11491
54152,3544.42,0,0,1,0,505.25,2030,281,11539
54202,3546.10,0,0,1,0,401.27,2038,282,11596
54252,3543.59,0,0,1,0,561.50,2047,283,11648
54302,3765.06,0,-2,0,-1,180.23,2057,283,11711
54352,3663.90,0,0,-1,0,102.11,2068,284,11791
54402,3643.43,0,0,-1,0,-35.93,2068,285,11791
54452,3545.26,0,0,1,0,397.96,2076,286,11854
54503,3681.88,0,-1,0,0,-137.46,2087,287,11921
54553,3591.09,0,0,0,0,63.07,2087,287,11921
54603,3591.95,0,0,0,0,9.43,2087,287,11921
54653,3643.43,0,0,-1,0,-41.12,2087,288,11921
54703,3602.31,0,0,0,0,-7.86,2087,288,11921
54753,3644.31,0,0,-1,0,-33.34,2087,289,11921
54803,3612.72,0,0,0,0,20.12,2087,289,11921
54853,3632.84,0,0,0,0,-9.65,2087,289,11921
54903,3591.95,0,0,0,0,-15.60,2087,289,11921
54953,3618.82,0,0,0,0,-38.01,2087,289,11921
55003,3585.09,0,0,0,0,20.68,2087,289,11921
55053,3607.50,0,0,0,0,16.32,2087,289,11921
55103,3602.31,0,0,0,0,-40.87,2087,289,11921
55153,3633.72,0,0,0,0,-31.42,2087,289,11921
55203,3622.31,0,0,0,0,11.41,2087,289,11921
55254,3632.84,0,0,0,0,-20.99,2087,289,11921
55304,3610.98,0,0,0,0,21.86,2087,289,11921
55354,3643.43,0,0,-1,0,-28.10,2087,291,11921
55404,3602.31,0,0,0,0,-20.06,2087,291,11921
55454,3616.20,0,0,0,0,-25.97,2087,291,11921
55504,3591.95,0,0,0,0,-29.41,2087,291,11921
55554,3617.94,0,0,0,0,-33.72,2087,291,11921
55604,3601.44,0,0,0,0,-32.00,2087,291,11921
55654,3632.84,0,0,0,0,-20.12,2087,291,11921
55704,3602.31,0,0,0,0,-15.77,2087,291,11921
55754,3654.08,0,0,-1,0,-39.62,2087,293,11921
55804,3625.82,0,0,0,0,17.61,2087,294,11921
55854,3643.43,0,0,-1,0,-30.71,2087,295,11921
55904,3600.58,0,0,0,0,-29.71,2087,295,11921
55954,3617.07,0,0,0,0,-40.53,2087,295,11921
56004,3591.95,0,0,0,0,30.27,2087,295,11921
56054,3606.64,0,0,0,0,-20.76,2087,295,11921
56104,3561.25,0,0,0,0,47.12,2087,295,11921
56154,3644.31,0,0,-1,0,-28.99,2087,297,11921
56204,3615.33,0,0,0,0,28.99,2087,298,11921
56254,3631.96,0,0,0,0,-8.77,2087,298,11921
56304,3616.20,0,0,0,0,27.23,2087,299,11921
56354,3633.72,0,0,0,0,-21.87,2087,299,11921
56404,3600.58,0,0,0,0,-6.12,2087,299,11921
56454,3626.69,0,0,0,0,-24.39,2087,299,11921
56504,3591.95,0,0,0,0,-27.82,2087,299,11921
56554,3626.69,0,0,0,0,-24.39,2087,299,11921
56604,3615.33,0,0,0,0,27.22,2087,300,11921
56654,3632.84,0,0,0,0,-18.38,2087,301,11921
56704,3573.13,0,0,0,0,17.96,2087,301,11921
56754,3624.94,0,0,0,0,-32.99,2087,301,11921
56804,3592.81,0,0,0,0,-32.99,2087,301,11921
56854,3626.69,0,0,0,0,-24.39,2087,301,11921
56904,3616.20,0,0,0,0,36.10,2087,302,11921
56954,3633.72,0,0,0,0,-7.91,2087,303,11921
57004,3612.72,0,0,0,0,13.98,2087,303,11921
57054,3643.43,0,0,-1,0,-29.84,2087,305,11921
57104,3601.44,0,0,0,0,-6.15,2087,305,11921
57154,3632.84,0,0,0,0,-40.89,2087,305,11921
57204,3602.31,0,0,0,0,-37.44,2087,305,11921
57254,3592.81,0,0,0,0,-34.94,2087,305,11921
57304,3582.52,0,0,0,0,14.60,2087,305,11921
57354,3643.43,0,0,-1,0,-41.99,2087,306,11921
57404,3625.82,0,0,0,0,28.26,2087,307,11921
57454,3654.08,0,0,-1,0,-30.89,2087,308,11921
57504,3615.33,0,0,0,0,28.10,2087,309,11921
57554,3622.31,0,0,0,0,-6.98,2087,310,11921
57604,3611.85,0,0,0,0,22.75,2087,310,11921
57654,3617.94,0,0,0,0,-37.14,2087,310,11921
57704,3591.95,0,0,0,0,-31.13,2087,310,11921
57754,3617.94,0,0,0,0,-12.18,2087,310,11921
57804,3610.98,0,0,0,0,21.86,2087,310,11921
57854,3633.72,0,0,0,0,-21.00,2087,310,11921
57904,3604.90,0,0,-1,0,-36.81,2087,311,11921
57954,3643.43,0,0,-1,0,-28.10,2087,313,11921
58004,3622.31,0,0,0,0,10.53,2087,313,11921
58054,3633.72,0,0,0,0,-21.87,2087,313,11921
58104,3585.09,0,0,0,0,22.42,2087,313,11921
58155,3629.32,0,0,0,0,-43.38,2087,313,11921
58205,3590.23,0,0,0,0,-19.07,2087,313,11921
58255,3606.64,0,0,0,0,28.45,2087,313,11921
58305,3590.23,0,0,0,0,-36.28,2087,313,11921
58355,3624.94,0,0,0,0,-23.50,2087,313,11921
58405,3623.19,0,0,0,0,12.29,2087,313,11921
58455,3632.84,0,0,0,0,-18.38,2087,314,11921
58505,3610.98,0,0,0,0,11.34,2087,314,11921
58555,3643.43,0,0,-1,0,-28.97,2087,315,11921
58605,3625.82,0,0,0,0,15.84,2087,316,11921
58655,3633.72,0,0,0,0,-7.91,2087,317,11921
58705,3602.31,0,0,0,0,5.26,2087,317,11921
58755,3597.98,0,0,0,0,17.89,2087,317,11921
58805,3581.66,0,0,0,0,16.32,2087,317,11921
58855,3628.45,0,0,0,0,-43.36,2087,317,11921
58905,3612.72,0,0,0,0,20.12,2087,317,11921
58955,3633.72,0,0,0,0,-18.39,2087,318,11921
59005,3610.98,0,0,0,0,21.86,2087,318,11921
59055,3612.72,0,0,0,0,0.00,2087,318,11921
59105,3601.44,0,0,0,0,-13.92,2087,318,11921
59155,3609.24,0,0,0,0,-27.88,2087,318,11921
59205,3601.44,0,0,0,0,-29.41,2087,318,11921
59255,3643.43,0,0,-1,0,-42.85,2087,319,11921
59305,3625.82,0,0,0,0,17.61,2087,320,11921
59355,3644.31,0,0,-1,0,-8.83,2087,322,11921
59405,3615.33,0,0,0,0,28.10,2087,323,11921
59455,3612.72,0,0,0,0,0.87,2087,323,11921
59505,3591.09,0,0,0,0,-14.77,2087,323,11921
59555,3599.71,0,0,0,0,-14.77,2087,323,11921
59606,3592.81,0,0,0,0,17.19,2087,323,11921
59656,3624.06,0,0,0,0,-32.97,2087,323,11921
59706,3602.31,0,0,0,0,-26.95,2087,323,11921
59756,3639.01,0,0,0,0,-70.13,2087,323,11921
59806,3604.04,0,0,-1,0,-44.54,2087,324,11921
59856,3633.72,0,0,0,0,-7.91,2087,325,11921
59906,3602.31,0,0,0,0,-4.37,2087,325,11921
59956,3642.54,0,0,-1,0,-40.24,2087,326,11921
60006,3615.33,0,0,0,0,28.99,2087,327,11921
60056,3622.31,0,0,0,0,-7.86,2087,328,11921
60106,3601.44,0,0,0,0,-18.21,2087,328,11921
60156,3633.72,0,0,0,0,-21.00,2087,328,11921
60206,3602.31,0,0,0,0,-26.24,2087,328,11921
60256,3634.60,0,0,0,0,-34.03,2087,328,11921
60306,3611.85,0,0,0,0,23.64,2087,328,11921
60356,3612.72,0,0,0,0,2.61,2087,329,11921
60406,3585.09,0,0,0,0,23.29,2087,329,11921
60456,3624.06,0,0,0,0,-32.11,2087,329,11921
60506,3602.31,0,0,0,0,-27.80,2087,329,11921
60556,3629.32,0,0,0,0,-28.75,2087,329,11921
60606,3621.44,0,0,0,0,12.28,2087,329,11921
60656,3592.81,0,0,0,0,0.87,2087,329,11921
60706,3602.31,0,0,0,0,-24.25,2087,329,11921
60756,3652.30,0,0,-1,0,-50.00,2087,330,11921
60806,3614.46,0,0,0,0,28.97,2087,331,11921
60856,3618.82,0,0,0,0,-16.51,2087,331,11921
60906,3591.09,0,0,0,0,-19.94,2087,331,11921
60956,3633.72,0,0,0,0,-41.77,2087,331,11921
61006,3591.95,0,0,0,0,-30.40,2087,331,11921
61056,3626.69,0,0,0,0,-25.25,2087,331,11921
61106,3602.31,0,0,0,0,-25.19,2087,331,11921
61156,3643.43,0,0,-1,0,-41.99,2087,332,11921
61206,3602.31,0,0,0,0,-28.85,2087,332,11921
61256,3623.19,0,0,0,0,-9.60,2087,333,11921
61306,3567.18,0,0,0,0,16.19,2087,333,11921
61356,3618.82,0,0,0,0,-35.44,2087,333,11921
61406,3603.17,0,0,0,0,-39.89,2087,333,11921
61456,3642.54,0,0,-1,0,-29.83,2087,334,11921
61506,3612.72,0,0,0,0,20.12,2087,334,11921
61556,3644.31,0,0,-1,0,-20.25,2087,336,11921
61606,3625.82,0,0,0,0,28.26,2087,337,11921
61656,3633.72,0,0,0,0,-18.39,2087,338,11921
61706,3626.69,0,0,0,0,16.74,2087,339,11921
61756,3572.28,0,0,0,0,19.67,2087,339,11921
61806,3591.95,0,0,0,0,32.53,2087,340,11921
61856,3626.69,0,0,0,0,-24.39,2087,340,11921
61906,3602.31,0,0,0,0,-34.84,2087,340,11921
61956,3641.66,0,0,-1,0,-51.43,2087,341,11921
62006,3604.90,0,0,-1,0,-37.66,2087,342,11921
62056,3632.84,0,0,0,0,-40.89,2087,342,11921
62106,3605.77,0,0,-1,0,-36.79,2087,343,11921
62156,3621.44,0,0,0,0,-9.59,2087,343,11921
62206,3602.31,0,0,0,0,-17.45,2087,343,11921
62256,3547.78,0,0,1,0,10.10,2087,345,11921
62306,3547.78,0,0,1,0,11.79,2087,348,11921
62356,3617.07,0,0,0,0,-43.09,2087,348,11921
62406,3601.44,0,0,0,0,-25.22,2087,348,11921
62456,3643.43,0,0,-1,0,-30.71,2087,349,11921
62507,3636.36,0,0,0,0,28.43,2087,350,11921
62557,3612.72,0,0,0,0,13.10,2087,351,11921
62607,3557.03,0,0,1,0,8.46,2087,352,11921
62657,3606.64,0,0,0,0,22.19,2087,352,11921
62707,3566.33,0,0,0,0,19.61,2087,352,11921
62757,3628.45,0,0,0,0,-45.07,2087,352,11921
62807,3610.98,0,0,0,0,15.72,2087,352,11921
62857,3635.48,0,0,0,0,-33.18,2087,352,11921
62907,3585.09,0,0,0,0,22.42,2087,352,11921
62957,3635.48,0,0,0,0,-33.18,2087,352,11921
63007,3567.18,0,0,0,0,17.90,2087,352,11921
63057,3617.94,0,0,0,0,-36.28,2087,352,11921
63107,3612.72,0,0,0,0,13.98,2087,352,11921
63157,3633.72,0,0,0,0,-22.74,2087,352,11921
63207,3567.18,0,0,0,0,22.19,2087,352,11921
63257,3578.24,0,0,0,0,-32.15,2087,353,11921
63307,3572.28,0,0,0,0,25.71,2087,353,11921
63357,3651.41,0,0,-1,0,-49.11,2087,354,11921
63407,3625.82,0,0,0,0,28.26,2087,355,11921
63457,3631.96,0,0,0,0,-16.63,2087,356,11921
63507,3602.31,0,0,0,0,-27.97,2087,356,11921
63557,3598.85,0,0,0,0,-7.80,2087,356,11921
63607,3573.13,0,0,0,0,24.85,2087,356,11921
63657,3596.26,0,0,0,0,12.88,2087,356,11921
63707,3546.94,0,0,1,0,29.60,2087,357,11921
63757,3628.45,0,0,0,0,-43.36,2087,357,11921
63807,3601.44,0,0,0,0,-27.97,2087,357,11921
63857,3635.48,0,0,0,0,-33.18,2087,357,11921
63907,3590.23,0,0,0,0,3.48,2087,357,11921
63958,3626.69,0,0,0,0,-24.39,2087,357,11921
64008,3602.31,0,0,0,0,-20.92,2087,357,11921
64058,3607.50,0,0,0,0,12.02,2087,357,11921
64108,3585.09,0,0,0,0,22.42,2087,357,11921
64158,3568.03,0,0,0,0,-19.41,2087,359,11921
64208,3585.94,0,0,0,0,91.43,2089,359,11927
64258,3652.30,0,0,-1,0,-50.86,2089,360,11927
64308,3636.36,0,0,0,0,17.72,2089,361,11927
64358,3622.31,0,0,0,0,14.05,2089,362,11927
64408,3557.03,0,0,1,0,25.49,2089,363,11927
64458,3587.66,0,0,0,0,-15.38,2089,363,11927
64508,3565.49,0,0,0,0,22.17,2089,363,11927
64558,3618.82,0,0,0,0,-51.64,2089,363,11927
64608,3613.59,0,0,0,0,56.59,2089,363,11927
64658,3678.27,0,-1,0,0,-31.30,2090,365,11927
64708,3601.44,0,0,0,0,27.36,2090,366,11927
64758,3597.98,0,0,0,0,23.14,2090,366,11927
64808,3564.64,0,0,0,0,33.35,2090,366,11927
64858,3579.95,0,0,0,0,-51.37,2090,367,11927
64908,3591.95,0,0,0,0,-58.41,2090,367,11927
64958,3644.31,0,0,-1,0,-42.01,2090,368,11927
65008,3623.19,0,0,0,0,9.65,2090,368,11927
65058,3664.79,0,0,-1,0,-38.98,2090,370,11927
65108,3624.06,0,0,0,0,40.73,2090,371,11927
65158,3564.64,0,0,0,0,27.32,2090,371,11927
65208,3508.77,0,1,0,0,19.81,2091,372,11927
65258,3599.71,0,0,1,0,21.83,2091,374,11927
65308,3602.31,0,0,0,0,-43.36,2091,374,11927
65358,3653.19,0,0,-1,0,-37.86,2091,376,11927
65408,3625.82,0,0,0,0,17.61,2091,377,11927
65458,3631.96,0,0,0,0,-16.63,2091,378,11927
65508,3555.34,0,0,1,0,27.17,2091,379,11927
65558,3608.37,0,0,0,0,11.97,2091,379,11927
65608,3591.95,0,0,0,0,-45.05,2091,379,11927
65658,3626.69,0,0,0,0,-26.12,2091,379,11927
65708,3615.33,0,0,0,0,28.99,2091,380,11927
65758,3626.69,0,0,0,0,-24.39,2091,380,11927
65808,3591.95,0,0,0,0,-6.08,2091,380,11927
65858,3587.66,0,0,0,0,-13.68,2091,380,11927
65908,3583.37,0,0,0,0,24.13,2091,380,11927
65958,3589.38,0,0,0,0,2.58,2091,380,11927
66008,3567.18,0,0,0,0,21.33,2091,381,11927
66058,3641.66,0,0,-1,0,-51.43,2091,382,11927
66108,3625.82,0,0,0,0,28.26,2091,383,11927
66158,3643.43,0,0,-1,0,-28.10,2091,385,11927
66208,3614.46,0,0,0,0,28.09,2091,386,11927
66258,3592.81,0,0,0,0,-6.98,2091,386,11927
66308,3565.49,0,0,0,0,11.90,2091,386,11927
66358,3579.95,0,0,0,0,-52.20,2091,387,11927
66408,3591.95,0,0,0,0,17.01,2091,387,11927
66458,3664.79,0,0,-1,0,-41.61,2091,388,11927
66508,3636.36,0,0,0,0,28.43,2091,389,11927
66558,3600.58,0,0,0,0,17.55,2091,389,11927
66608,3592.81,0,0,0,0,28.30,2091,389,11927
66658,3582.52,0,0,0,0,9.44,2091,389,11927
66708,3575.69,0,0,0,0,11.12,2091,389,11927
66758,3627.57,0,0,0,0,-45.91,2091,389,11927
66808,3612.72,0,0,0,0,20.12,2091,389,11927
66859,3664.79,0,0,-1,0,-38.98,2091,391,11927
66909,3636.36,0,0,0,0,39.21,2091,391,11927
66959,3644.31,0,0,-1,0,-20.25,2091,393,11927
67009,3631.08,0,0,0,0,-95.01,2091,394,11927
67059,3607.50,0,0,0,0,34.21,2091,394,11927
67109,3576.54,0,0,0,0,30.10,2091,394,11927
67159,3597.98,0,0,1,0,27.74,2091,395,11927
67209,3584.23,0,0,0,0,24.14,2091,395,11927
67259,3624.94,0,0,0,0,-22.63,2091,395,11927
67309,3604.90,0,0,-1,0,-37.68,2091,396,11927
67359,3632.84,0,0,0,0,-39.17,2091,396,11927
67409,3671.07,0,0,0,0,-93.68,2091,396,11927
67459,3587.66,0,0,0,0,-7.71,2091,396,11927
67509,3585.09,0,0,0,0,21.55,2091,396,11927
67559,3582.52,0,0,0,0,9.44,2091,396,11927
67609,3573.98,0,0,0,0,24.00,2091,396,11927
67659,3582.52,0,0,0,0,16.33,2091,396,11927
67709,3632.84,0,0,0,0,133.16,2102,396,11997
67759,3636.36,0,0,0,0,12.38,2102,397,11997
67809,3664.79,0,0,-1,0,101.21,2112,398,12062
67859,3565.49,0,0,0,0,2.54,2112,398,12062
67909,3557.87,0,0,1,0,-1.69,2112,400,12062
67959,3546.10,0,0,1,0,399.19,2120,401,12122
68009,3544.42,0,0,1,0,325.55,2126,402,12165
68059,3545.26,0,0,1,0,337.73,2131,403,12196
68109,3650.52,0,0,-1,0,77.11,2132,404,12196
68159,3544.42,0,0,1,0,286.02,2136,405,12221
68209,3546.10,0,0,1,0,384.72,2142,406,12253
68259,3544.42,0,0,1,0,495.44,2150,407,12297
68310,3546.10,0,0,1,0,400.23,2157,408,12350
68360,3543.59,0,0,1,0,263.52,2162,409,12380
68410,3632.84,0,0,0,0,107.81,2164,409,12385
68460,3544.42,0,0,1,0,285.04,2168,410,12410
68510,3545.26,0,0,1,0,447.29,2175,411,12446
68560,3674.67,0,0,0,0,91.34,2184,411,12497
68610,3591.09,0,0,0,0,91.34,2184,411,12497
68660,3545.26,0,0,1,0,321.72,2190,412,12538
68710,3543.59,0,0,1,0,256.77,2194,413,12564
68760,3587.66,0,0,0,0,200.22,2197,413,12564
68810,3629.32,0,0,0,0,166.22,2201,413,12564
68860,3545.26,0,0,1,0,358.96,2206,414,12595
68910,3543.59,0,0,1,0,519.25,2214,415,12640
68960,3546.10,0,0,1,0,359.13,2218,416,12668
69010,3543.59,0,0,1,0,306.52,2223,417,12698
69060,3557.03,0,0,1,0,221.31,2227,418,12698
69110,3603.17,0,0,0,-6,-194.92,2228,418,12704
69160,3594.54,0,0,-1,-1,-151.45,2229,419,12705
69210,3629.32,0,0,0,0,57.08,2230,420,12705
69260,3613.59,0,0,0,0,28.96,2230,421,12705
69310,3623.19,0,0,0,0,2.63,2230,422,12705
69360,3591.95,0,0,0,0,-67.52,2230,422,12705
69410,3615.33,0,0,0,0,30.76,2230,423,12705
69460,3564.64,0,0,0,0,84.11,2230,425,12705
69510,3589.38,0,0,0,0,-38.24,2230,427,12705
69560,3592.81,0,0,0,0,-56.99,2230,427,12705
69610,3642.54,0,0,-1,0,-33.31,2230,428,12705
69660,3636.36,0,0,0,0,36.51,2230,428,12705
69710,3654.97,0,0,-1,0,-23.89,2230,430,12705
69760,3572.28,0,0,0,0,49.16,2230,430,12705
69810,3545.26,0,0,1,0,15.15,2230,431,12705
69860,3546.94,0,0,1,0,132.24,2233,432,12715
69910,3627.57,0,0,0,0,-42.48,2233,432,12715
69960,3615.33,0,0,0,0,28.10,2233,433,12715
70010,3664.79,0,0,-1,0,-39.85,2233,435,12715
70060,3635.48,0,0,0,0,37.39,2233,435,12715
70110,3665.69,0,0,-1,0,-33.73,2233,437,12715
70160,3615.33,0,0,0,0,52.15,2233,438,12715
70210,3610.98,0,0,0,0,6.97,2233,438,12715
70260,3590.23,0,0,0,0,-13.88,2233,438,12715
70310,3624.06,0,0,0,0,-33.83,2233,438,12715
70360,3601.44,0,0,0,0,-14.77,2233,438,12715
70410,3640.78,0,0,-1,0,-44.52,2233,439,12715
70460,3625.82,0,0,0,0,21.16,2233,440,12715
70510,3643.43,0,0,-1,0,-17.61,2233,442,12715
70560,3562.10,0,0,0,0,73.38,2233,443,12715
70610,3481.89,0,1,0,0,21.96,2235,444,12715
70660,3400.59,0,2,0,0,36.62,2240,444,12715
70710,3335.56,0,3,0,0,11.16,2248,444,12717
70760,3237.64,5,4,0,2,46.07,2259,444,12721
70810,3197.61,0,5,0,1,35.84,2268,444,12722
70860,3140.05,0,5,0,0,-3.94,2284,444,12724
70910,3086.42,0,6,0,0,0.00,2296,444,12726
70960,2995.81,3,7,0,4,87.44,2316,444,12738
71010,2948.69,0,8,0,1,31.04,2332,444,12739
71060,2891.29,4,9,0,0,1.11,2358,444,12741
71110,2833.40,0,9,0,0,9.13,2376,444,12743
71160,2789.14,0,10,0,0,9.37,2396,444,12744
71211,2700.27,10,11,0,3,67.26,2428,444,12752
71261,2647.84,4,12,0,1,40.82,2451,444,12753
71311,2599.20,0,13,0,1,43.97,2476,444,12754
71361,2553.19,0,13,0,1,42.86,2502,444,12755
71411,2496.67,0,14,0,2,50.45,2529,444,12757
71461,2454.19,0,14,0,1,44.98,2557,444,12758
71511,2405.00,0,15,0,1,45.58,2586,444,12759
71561,2358.12,0,16,0,1,46.11,2617,444,12760
71611,2307.34,0,16,0,1,46.71,2649,444,12761
71661,2261.08,1,17,0,1,45.19,2682,444,12762
71711,2210.76,6,18,0,1,47.60,2717,444,12763
71761,2163.88,11,18,0,1,46.88,2753,444,12764
71811,2113.87,19,19,0,1,47.20,2790,444,12765
71861,2115.06,0,19,0,0,-1.19,2809,444,12765
71911,2063.56,4,19,0,0,4.84,2847,444,12766
71961,2017.76,15,20,0,0,4.35,2887,444,12767
72011,1974.98,0,21,0,1,42.77,2908,444,12768
72061,1927.53,8,21,0,1,39.17,2950,444,12769
72111,1921.60,0,21,0,0,5.93,2971,444,12769
72161,1951.60,0,21,0,-4,-145.68,3015,444,12776
72211,1827.04,21,23,0,0,2.23,3061,444,12779
72261,1780.84,6,23,0,1,46.20,3084,444,12780
72311,1780.84,0,23,0,0,0.00,3107,444,12780
72361,1838.24,0,22,0,-6,-198.89,3154,444,12789
72411,1683.50,0,24,0,4,154.73,3178,444,12793
72461,1637.02,19,25,0,1,48.00,3227,444,12794
72511,1635.59,5,25,0,0,1.43,3252,444,12794
72561,1589.32,0,26,0,1,46.27,3278,444,12795
72611,1539.41,21,26,0,1,48.56,3330,444,12796
72662,1539.25,9,26,0,0,0.16,3356,444,12796
72712,1489.57,1,27,0,1,49.68,3383,444,12797
72762,1492.09,0,27,0,0,-2.52,3410,444,12797
72812,1441.48,24,28,0,0,-1.52,3466,444,12798
72862,1390.43,18,28,0,1,51.04,3494,444,12799
72912,1392.76,10,28,0,0,-2.32,3522,444,12799
72962,1338.57,8,29,0,1,54.19,3551,444,12800
73012,1341.08,2,29,0,0,-2.51,3580,444,12800
73062,1286.78,3,30,0,1,54.30,3610,444,12801
73112,1290.54,0,30,0,0,-3.76,3640,444,12801
73162,1234.97,0,30,0,1,55.57,3670,444,12802
73212,1236.81,0,30,0,0,-1.83,3700,444,12802
73262,1181.29,0,31,0,1,55.52,3731,444,12803
73312,1184.37,0,31,0,0,-3.08,3762,444,12803
73362,1126.46,1,32,0,1,57.90,3794,444,12804
73412,1130.20,3,32,0,0,-3.73,3826,444,12804
73462,1073.50,11,32,0,0,56.70,3858,444,12804
73512,1073.88,14,32,0,0,-0.38,3890,444,12804
73562,1021.87,25,33,0,0,52.02,3923,444,12804
73612,1021.87,0,33,0,0,52.02,3923,444,12804
73662,997.87,0,33,0,0,24.00,3956,444,12804
73712,959.57,0,34,0,0,38.30,3990,444,12804
73762,949.67,11,34,0,0,9.90,4024,444,12804
73812,884.07,30,35,0,0,65.60,4059,444,12804
73862,884.07,0,35,0,0,65.60,4059,444,12804
73912,884.96,0,35,0,0,-0.89,4094,444,12804
73962,809.63,24,36,0,1,75.33,4130,444,12805
74012,809.63,0,36,0,1,75.33,4130,444,12805
74062,811.38,0,36,0,0,-1.75,4166,444,12805
74112,749.66,29,37,0,0,61.72,4203,444,12805
74162,749.66,0,37,0,0,61.72,4203,444,12805
74212,728.72,11,37,0,0,20.94,4240,444,12805
74262,728.72,0,37,0,0,20.94,4240,444,12805
74312,662.60,2,38,0,0,66.12,4278,444,12805
74362,662.60,0,38,0,0,66.12,4278,444,12805
74412,635.75,0,38,0,0,26.85,4316,444,12805
74462,635.75,0,38,0,0,26.85,4316,444,12805
74512,558.08,6,39,0,0,77.68,4355,444,12805
74562,558.08,0,39,0,0,77.68,4355,444,12805
74612,521.65,21,40,0,0,36.43,4395,444,12805
74662,521.65,0,40,0,0,36.43,4395,444,12805
74712,521.65,0,40,0,0,36.43,4395,444,12805
74762,427.74,13,41,0,0,93.91,4436,444,12805
74812,427.74,0,41,0,0,93.91,4436,444,12805
74862,427.74,0,41,0,0,93.91,4436,444,12805
74912,364.94,28,42,0,0,62.80,4478,444,12805
74962,364.94,0,42,0,0,62.80,4478,444,12805
75012,364.94,0,42,0,0,62.80,4478,444,12805
75062,364.94,0,42,0,0,62.80,4478,444,12805
76236,44.86,0,42,0,0,62.80,4478,444,12805
76286,44.86,0,42,0,0,62.80,4478,444,12805
76336,44.86,0,42,0,0,62.80,4478,444,12805
76386,44.86,0,42,0,0,62.80,4478,444,12805
76436,44.86,0,42,0,0,62.80,4478,444,12805
76486,0.00,0,42,0,0,62.80,4478,444,12805
76536,0.00,0,42,0,0,62.80,4478,444,12805
76587,0.00,0,42,0,0,62.80,4478,444,12805
76637,0.00,0,42,0,0,62.80,4478,444,12805
76687,0.00,0,42,0,0,62.80,4478,444,12805
76737,0.00,0,42,0,0,62.80,4478,444,12805
76787,0.00,0,42,0,0,62.80,4478,444,12805
76837,0.00,0,42,0,0,62.80,4478,444,12805
76887,0.00,0,42,0,0,62.80,4478,444,12805
76937,0.00,0,42,0,0,62.80,4478,444,12805
76987,0.00,0,42,0,0,62.80,4478,444,12805
77037,0.00,0,42,0,0,62.80,4478,444,12805
77087,0.00,0,42,0,0,62.80,4478,444,12805
77137,0.00,0,42,0,0,62.80,4478,444,12805
77187,0.00,0,42,0,0,62.80,4478,444,12805
77237,0.00,0,42,0,0,62.80,4478,444,12805
77287,0.00,0,42,0,0,62.80,4478,444,12805
77337,0.00,0,42,0,0,62.80,4478,444,12805
77387,0.00,0,42,0,0,62.80,4478,444,12805
77437,0.00,0,42,0,0,62.80,4478,444,12805
77487,0.00,0,42,0,0,62.80,4478,444,12805
77537,0.00,0,42,0,0,62.80,4478,444,12805
77587,0.00,0,42,0,0,62.80,4478,444,12805
77637,0.00,0,42,0,0,62.80,4478,444,12805
77687,0.00,0,42,0,0,62.80,4478,444,12805
77737,0.00,0,42,0,0,62.80,4478,444,12805
77787,0.00,0,42,0,0,62.80,4478,444,12805
77837,0.00,0,42,0,0,62.80,4478,444,12805
77887,0.00,0,42,0,0,62.80,4478,444,12805
77937,0.00,0,42,0,0,62.80,4478,444,12805
77987,0.00,0,42,0,0,62.80,4478,444,12805
78038,0.00,0,42,0,0,62.80,4478,444,12805
78088,0.00,0,42,0,0,62.80,4478,444,12805
78138,0.00,0,42,0,0,62.80,4478,444,12805
78188,0.00,0,42,0,0,62.80,4478,444,12805
78238,0.00,0,42,0,0,62.80,4478,444,12805
78288,0.00,0,42,0,0,62.80,4478,444,12805
78338,0.00,0,42,0,0,62.80,4478,444,12805
78388,0.00,0,42,0,0,62.80,4478,444,12805
78438,0.00,0,42,0,0,62.80,4478,444,12805
78488,0.00,0,42,0,0,62.80,4478,444,12805
78538,0.00,0,42,0,0,62.80,4478,444,12805
78588,0.00,0,42,0,0,62.80,4478,444,12805
78638,0.00,0,42,0,0,62.80,4478,444,12805
78688,0.00,0,42,0,0,62.80,4478,444,12805
78738,0.00,0,42,0,0,62.80,4478,444,12805
78788,0.00,0,42,0,0,62.80,4478,444,12805
78838,0.00,0,42,0,0,62.80,4478,444,12805
78888,0.00,0,42,0,0,62.80,4478,444,12805
78938,0.00,0,42,0,0,62.80,4478,444,12805
78988,0.00,0,42,0,0,62.80,4478,444,12805
79038,0.00,0,42,0,0,62.80,4478,444,12805
79088,0.00,0,42,0,0,62.80,4478,444,12805
79138,0.00,0,42,0,0,62.80,4478,444,12805
79188,0.00,0,42,0,0,62.80,4478,444,12805
79238,0.00,0,42,0,0,62.80,4478,444,12805
79288,0.00,0,42,0,0,62.80,4478,444,12805
79338,0.00,0,42,0,0,62.80,4478,444,12805
79388,0.00,0,42,0,0,62.80,4478,444,12805
79438,0.00,0,42,0,0,62.80,4478,444,12805
79488,0.00,0,42,0,0,62.80,4478,444,12805
79538,0.00,0,42,0,0,62.80,4478,444,12805
79588,0.00,0,42,0,0,62.80,4478,444,12805
79638,0.00,0,42,0,0,62.80,4478,444,12805
79688,0.00,0,42,0,0,62.80,4478,444,12805
79738,0.00,0,42,0,0,62.80,4478,444,12805
79788,0.00,0,42,0,0,62.80,4478,444,12805
79838,0.00,0,42,0,0,62.80,4478,444,12805
79888,0.00,0,42,0,0,62.80,4478,444,12805
79938,0.00,0,42,0,0,62.80,4478,444,12805
79988,0.00,0,42,0,0,62.80,4478,444,12805
80038,0.00,0,42,0,0,62.80,4478,444,12805
80088,0.00,0,42,0,0,62.80,4478,444,12805
80138,0.00,0,42,0,0,62.80,4478,444,12805
80188,0.00,0,42,0,0,62.80,4478,444,12805
80238,0.00,0,42,0,0,62.80,4478,444,12805
80288,0.00,0,42,0,0,62.80,4478,444,12805
80338,0.00,0,42,0,0,62.80,4478,444,12805
80388,0.00,0,42,0,0,62.80,4478,444,12805
80438,0.00,0,42,0,0,62.80,4478,444,12805
80488,0.00,0,42,0,0,62.80,4478,444,12805
80538,0.00,0,42,0,0,62.80,4478,444,12805
80588,0.00,0,42,0,0,62.80,4478,444,12805
80638,0.00,0,42,0,0,62.80,4478,444,12805
80688,0.00,0,42,0,0,62.80,4478,444,12805
80738,0.00,0,42,0,0,62.80,4478,444,12805
80788,0.00,0,42,0,0,62.80,4478,444,12805
80838,0.00,0,42,0,0,62.80,4478,444,12805
80888,0.00,0,42,0,0,62.80,4478,444,12805
80939,0.00,0,42,0,0,62.80,4478,444,12805
80989,0.00,0,42,0,0,62.80,4478,444,12805
81039,0.00,0,42,0,0,62.80,4478,444,12805
81089,0.00,0,42,0,0,62.80,4478,444,12805
81139,0.00,0,42,0,0,62.80,4478,444,12805
81189,0.00,0,42,0,0,62.80,4478,444,12805
81239,0.00,0,42,0,0,62.80,4478,444,12805
81289,0.00,0,42,0,0,62.80,4478,444,12805
81339,0.00,0,42,0,0,62.80,4478,444,12805
81389,0.00,0,42,0,0,62.80,4478,444,12805
81439,0.00,0,42,0,0,62.80,4478,444,12805
81489,0.00,0,42,0,0,62.80,4478,444,12805
81539,0.00,0,42,0,0,62.80,4478,444,12805
81589,0.00,0,42,0,0,62.80,4478,444,12805
81639,0.00,0,42,0,0,62.80,4478,444,12805
81689,0.00,0,42,0,0,62.80,4478,444,12805
81739,0.00,0,42,0,0,62.80,4478,444,12805
81789,0.00,0,42,0,0,62.80,4478,444,12805
81839,0.00,0,42,0,0,62.80,4478,444,12805
81889,0.00,0,42,0,0,62.80,4478,444,12805
81939,0.00,0,42,0,0,62.80,4478,444,12805
81989,0.00,0,42,0,0,62.80,4478,444,12805
82039,0.00,0,42,0,0,62.80,4478,444,12805
82089,0.00,0,42,0,0,62.80,4478,444,12805
82139,0.00,0,42,0,0,62.80,4478,444,12805
82189,0.00,0,42,0,0,62.80,4478,444,12805
82239,0.00,0,42,0,0,62.80,4478,444,12805
82289,0.00,0,42,0,0,62.80,4478,444,12805
82339,0.00,0,42,0,0,62.80,4478,444,12805
82390,0.00,0,42,0,0,62.80,4478,444,12805
82440,0.00,0,42,0,0,62.80,4478,444,12805
82490,0.00,0,42,0,0,62.80,4478,444,12805
82540,0.00,0,42,0,0,62.80,4478,444,12805
82590,0.00,0,42,0,0,62.80,4478,444,12805
82640,0.00,0,42,0,0,62.80,4478,444,12805
82690,0.00,0,42,0,0,62.80,4478,444,12805
82740,0.00,0,42,0,0,62.80,4478,444,12805
82790,0.00,0,42,0,0,62.80,4478,444,12805
82840,0.00,0,42,0,0,62.80,4478,444,12805
82890,0.00,0,42,0,0,62.80,4478,444,12805
82940,0.00,0,42,0,0,62.80,4478,444,12805
82990,0.00,0,42,0,0,62.80,4478,444,12805
83040,0.00,0,42,0,0,62.80,4478,444,12805
83090,0.00,0,42,0,0,62.80,4478,444,12805
83140,0.00,0,42,0,0,62.80,4478,444,12805
83190,0.00,0,42,0,0,62.80,4478,444,12805
83240,0.00,0,42,0,0,62.80,4478,444,12805
83290,0.00,0,42,0,0,62.80,4478,444,12805
83340,0.00,0,42,0,0,62.80,4478,444,12805
83390,0.00,0,42,0,0,62.80,4478,444,12805
