Mechanical Governor - Abrupt Load Decrease(1500 W)
Trial: 4
Date: 4-3-2023
Time: 2:44 PM
Ambient Temp: 98
Head Temp: 210.2

------ Microcontroller Engine Governor - Version: 1.16 ------
-------------------------------------------------------------
PID Gains:        Kp: 0.013000   Ki: 0.025000   Kd: 1.000000
-------------------------------------------------------------
Set RPM:             3600    |  Min RPM:                300
                             |
RPM Precision        10       |  PID I Precision:         70
                             |
Start Steps:         850     |  Max Steps:               1200
                             |
RPM Calc Interval:   1       |  Num Magnets:             1
                             |
LCD Update Interval: 400     |  Serial Update Interval:  50
-------------------------------------------------------------

Time,RPM,Steps Remaining, PID p, PID i, PID d, RPM Change, P Cmd, I Cmd, D Cmd
1226,0.00,0,0,0,0,0.00,0,0,0
1276,0.00,0,0,0,0,0.00,0,0,0
1326,0.00,0,0,0,0,0.00,0,0,0
1376,0.00,0,0,0,0,0.00,0,0,0
1426,0.00,0,0,0,0,0.00,0,0,0
1476,0.00,0,0,0,0,0.00,0,0,0
1526,0.00,0,0,0,0,0.00,0,0,0
1576,0.00,0,0,0,0,0.00,0,0,0
1626,0.00,0,0,0,0,0.00,0,0,0
1676,0.00,0,0,0,0,0.00,0,0,0
1726,0.00,0,0,0,0,0.00,0,0,0
1776,0.00,0,0,0,0,0.00,0,0,0
1826,0.00,0,0,0,0,0.00,0,0,0
1876,0.00,0,0,0,0,0.00,0,0,0
1926,0.00,0,0,0,0,0.00,0,0,0
1976,0.00,0,0,0,0,0.00,0,0,0
2026,0.00,0,0,0,0,0.00,0,0,0
2076,0.00,0,0,0,0,0.00,0,0,0
2126,0.00,0,0,0,0,0.00,0,0,0
2176,0.00,0,0,0,0,0.00,0,0,0
2226,0.00,0,0,0,0,0.00,0,0,0
2276,0.00,0,0,0,0,0.00,0,0,0
2326,0.00,0,0,0,0,0.00,0,0,0
2376,0.00,0,0,0,0,0.00,0,0,0
2426,0.00,0,0,0,0,0.00,0,0,0
2476,0.00,0,0,0,0,0.00,0,0,0
2526,0.00,0,0,0,0,0.00,0,0,0
2576,0.00,0,0,0,0,0.00,0,0,0
2626,0.00,0,0,0,0,0.00,0,0,0
2676,0.00,0,0,0,0,0.00,0,0,0
2726,0.00,0,0,0,0,0.00,0,0,0
2776,0.00,0,0,0,0,0.00,0,0,0
2826,0.00,0,0,0,0,0.00,0,0,0
2876,0.00,0,0,0,0,0.00,0,0,0
2926,0.00,0,0,0,0,0.00,0,0,0
2976,0.00,0,0,0,0,0.00,0,0,0
3026,0.00,0,0,0,0,0.00,0,0,0
3076,0.00,0,0,0,0,0.00,0,0,0
3126,0.00,0,0,0,0,0.00,0,0,0
3176,0.00,0,0,0,0,0.00,0,0,0
3226,0.00,0,0,0,0,0.00,0,0,0
3276,0.00,0,0,0,0,0.00,0,0,0
3326,0.00,0,0,0,0,0.00,0,0,0
3376,0.00,0,0,0,0,0.00,0,0,0
3426,0.00,0,0,0,0,0.00,0,0,0
3476,0.00,0,0,0,0,0.00,0,0,0
3526,0.00,0,0,0,0,0.00,0,0,0
3576,0.00,0,0,0,0,0.00,0,0,0
3627,0.00,0,0,0,0,0.00,0,0,0
3677,0.00,0,0,0,0,0.00,0,0,0
3727,0.00,0,0,0,0,0.00,0,0,0
3777,0.00,0,0,0,0,0.00,0,0,0
3827,0.00,0,0,0,0,0.00,0,0,0
3877,0.00,0,0,0,0,0.00,0,0,0
3927,0.00,0,0,0,0,0.00,0,0,0
3977,0.00,0,0,0,0,0.00,0,0,0
4027,0.00,0,0,0,0,0.00,0,0,0
4077,0.00,0,0,0,0,0.00,0,0,0
4127,0.00,0,0,0,0,0.00,0,0,0
4177,0.00,0,0,0,0,0.00,0,0,0
4227,0.00,0,0,0,0,0.00,0,0,0
4277,0.00,0,0,0,0,0.00,0,0,0
4327,0.00,0,0,0,0,0.00,0,0,0
4377,0.00,0,0,0,0,0.00,0,0,0
4427,0.00,0,0,0,0,0.00,0,0,0
4477,0.00,0,0,0,0,0.00,0,0,0
4527,0.00,0,0,0,0,0.00,0,0,0
4577,0.00,0,0,0,0,0.00,0,0,0
4627,0.00,0,0,0,0,0.00,0,0,0
4677,0.00,0,0,0,0,0.00,0,0,0
4727,0.00,0,0,0,0,0.00,0,0,0
4777,0.00,0,0,0,0,0.00,0,0,0
4827,0.00,0,0,0,0,0.00,0,0,0
4877,0.00,0,0,0,0,0.00,0,0,0
4927,0.00,0,0,0,0,0.00,0,0,0
4977,0.00,0,0,0,0,0.00,0,0,0
5027,0.00,0,0,0,0,0.00,0,0,0
5078,0.00,0,0,0,0,0.00,0,0,0
5128,0.00,0,0,0,0,0.00,0,0,0
5178,0.00,0,0,0,0,0.00,0,0,0
5228,0.00,0,0,0,0,0.00,0,0,0
5278,0.00,0,0,0,0,0.00,0,0,0
5328,0.00,0,0,0,0,0.00,0,0,0
5378,0.00,0,0,0,0,0.00,0,0,0
5428,0.00,0,0,0,0,0.00,0,0,0
5478,0.00,0,0,0,0,0.00,0,0,0
5528,0.00,0,0,0,0,0.00,0,0,0
5578,0.00,0,0,0,0,0.00,0,0,0
5628,0.00,0,0,0,0,0.00,0,0,0
5678,0.00,0,0,0,0,0.00,0,0,0
5728,0.00,0,0,0,0,0.00,0,0,0
5778,0.00,0,0,0,0,0.00,0,0,0
5828,0.00,0,0,0,0,0.00,0,0,0
5878,0.00,0,0,0,0,0.00,0,0,0
5928,0.00,0,0,0,0,0.00,0,0,0
5978,0.00,0,0,0,0,0.00,0,0,0
6028,0.00,0,0,0,0,0.00,0,0,0
6078,0.00,0,0,0,0,0.00,0,0,0
6128,0.00,0,0,0,0,0.00,0,0,0
6178,0.00,0,0,0,0,0.00,0,0,0
6228,0.00,0,0,0,0,0.00,0,0,0
6278,0.00,0,0,0,0,0.00,0,0,0
6328,0.00,0,0,0,0,0.00,0,0,0
6378,0.00,0,0,0,0,0.00,0,0,0
6428,0.00,0,0,0,0,0.00,0,0,0
6478,0.00,0,0,0,0,0.00,0,0,0
6528,0.00,0,0,0,0,0.00,0,0,0
6578,0.00,0,0,0,0,0.00,0,0,0
6628,0.00,0,0,0,0,0.00,0,0,0
6678,0.00,0,0,0,0,0.00,0,0,0
6728,0.00,0,0,0,0,0.00,0,0,0
6778,0.00,0,0,0,0,0.00,0,0,0
6828,0.00,0,0,0,0,0.00,0,0,0
6878,0.00,0,0,0,0,0.00,0,0,0
6928,0.00,0,0,0,0,0.00,0,0,0
6978,0.00,0,0,0,0,0.00,0,0,0
7028,0.00,0,0,0,0,0.00,0,0,0
7078,0.00,0,0,0,0,0.00,0,0,0
7128,0.00,0,0,0,0,0.00,0,0,0
7178,0.00,0,0,0,0,0.00,0,0,0
7228,0.00,0,0,0,0,0.00,0,0,0
7278,0.00,0,0,0,0,0.00,0,0,0
7328,0.00,0,0,0,0,0.00,0,0,0
7378,0.00,0,0,0,0,0.00,0,0,0
7428,0.00,0,0,0,0,0.00,0,0,0
7478,0.00,0,0,0,0,0.00,0,0,0
7528,0.00,0,0,0,0,0.00,0,0,0
7578,0.00,0,0,0,0,0.00,0,0,0
7628,0.00,0,0,0,0,0.00,0,0,0
7678,0.00,0,0,0,0,0.00,0,0,0
7728,0.00,0,0,0,0,0.00,0,0,0
7778,0.00,0,0,0,0,0.00,0,0,0
7828,0.00,0,0,0,0,0.00,0,0,0
7878,0.00,0,0,0,0,0.00,0,0,0
7928,0.00,0,0,0,0,0.00,0,0,0
7979,0.00,0,0,0,0,0.00,0,0,0
8029,0.00,0,0,0,0,0.00,0,0,0
8079,0.00,0,0,0,0,0.00,0,0,0
8129,0.00,0,0,0,0,0.00,0,0,0
8179,0.00,0,0,0,0,0.00,0,0,0
8229,0.00,0,0,0,0,0.00,0,0,0
8279,0.00,0,0,0,0,0.00,0,0,0
8329,0.00,0,0,0,0,0.00,0,0,0
8379,0.00,0,0,0,0,0.00,0,0,0
8429,0.00,0,0,0,0,0.00,0,0,0
8479,0.00,0,0,0,0,0.00,0,0,0
8529,0.00,0,0,0,0,0.00,0,0,0
8579,0.00,0,0,0,0,0.00,0,0,0
8629,0.00,0,0,0,0,0.00,0,0,0
8679,0.00,0,0,0,0,0.00,0,0,0
8729,0.00,0,0,0,0,0.00,0,0,0
8779,0.00,0,0,0,0,0.00,0,0,0
8829,0.00,0,0,0,0,0.00,0,0,0
8879,0.00,0,0,0,0,0.00,0,0,0
8929,0.00,0,0,0,0,0.00,0,0,0
8979,0.00,0,0,0,0,0.00,0,0,0
9029,0.00,0,0,0,0,0.00,0,0,0
9079,0.00,0,0,0,0,0.00,0,0,0
9129,0.00,0,0,0,0,0.00,0,0,0
9179,0.00,0,0,0,0,0.00,0,0,0
9229,0.00,0,0,0,0,0.00,0,0,0
9279,0.00,0,0,0,0,0.00,0,0,0
9329,0.00,0,0,0,0,0.00,0,0,0
9379,0.00,0,0,0,0,0.00,0,0,0
9430,0.00,0,0,0,0,0.00,0,0,0
9480,0.00,0,0,0,0,0.00,0,0,0
9530,0.00,0,0,0,0,0.00,0,0,0
9580,0.00,0,0,0,0,0.00,0,0,0
9630,0.00,0,0,0,0,0.00,0,0,0
9680,0.00,0,0,0,0,0.00,0,0,0
9730,0.00,0,0,0,0,0.00,0,0,0
9780,0.00,0,0,0,0,0.00,0,0,0
9830,0.00,0,0,0,0,0.00,0,0,0
9880,0.00,0,0,0,0,0.00,0,0,0
9930,inf,0,0,0,0,inf,0,0,0
9980,746.01,32,37,0,0,inf,37,0,0
10030,746.01,0,37,0,0,inf,37,0,0
10080,811.73,6,36,0,0,-65.72,73,0,0
10130,1200.86,0,31,0,-7,-389.13,104,0,7
10180,1223.99,0,30,0,0,-23.13,134,0,7
10230,1634.70,18,25,0,0,-25.95,184,0,17
10280,1934.24,0,21,0,-9,-299.54,205,0,26
10330,2213.70,0,18,0,-9,-251.37,244,0,35
10380,2471.98,0,14,0,-10,-246.46,275,0,45
10430,2703.68,0,11,0,-11,-248.28,300,0,56
10480,2919.42,1,8,0,0,-6.24,327,0,66
10530,3115.26,0,6,0,0,-1.94,339,0,76
10580,3467.41,0,1,0,0,91.31,346,1,95
10630,3612.72,0,0,0,0,7.85,347,1,96
10680,3682.79,0,-1,0,0,20.91,350,1,96
10730,3671.97,0,0,0,0,30.82,351,1,96
10780,3545.26,0,0,1,0,286.16,354,3,114
10831,3703.70,-2,-1,0,-2,-157.60,363,4,160
10881,3602.31,0,0,0,0,-24.39,363,4,160
10931,3654.08,0,0,-1,0,-29.14,363,6,160
10981,3625.82,0,0,0,0,38.98,363,7,160
11031,3623.19,0,0,0,0,-9.60,363,8,160
11081,3560.41,0,0,0,0,47.96,363,8,160
11131,3579.10,0,0,0,0,-22.07,363,9,160
11181,3589.38,0,0,0,0,-40.76,363,10,160
11231,3543.59,0,0,1,0,407.94,372,11,227
11281,3543.59,0,0,1,0,463.89,380,12,283
11331,3626.69,0,0,0,0,323.79,387,12,337
11382,3792.67,-1,-2,0,0,-248.24,397,13,399
11432,3624.06,0,0,0,0,-24.35,397,13,399
11482,3591.95,0,0,0,0,-38.87,397,13,399
11532,3632.84,0,0,0,0,-40.89,397,13,399
11582,3592.81,0,0,0,0,-32.11,397,13,399
11632,3641.66,0,0,-1,0,-51.43,397,14,399
11682,3591.09,0,0,0,0,-42.61,397,14,399
11732,3617.07,0,0,0,0,-35.41,397,14,399
11782,3616.20,0,0,0,0,-24.25,397,14,399
11833,3781.19,-1,-2,0,0,-237.61,407,15,468
11883,3591.09,0,0,0,0,-48.45,407,15,468
11933,3632.84,0,0,0,0,-40.89,407,15,468
11983,3591.95,0,0,0,0,-41.75,407,15,468
12033,3597.98,0,0,0,0,21.42,407,15,468
12083,3585.09,0,0,0,0,23.29,407,15,468
12133,3629.32,0,0,0,0,-47.66,407,15,468
12183,3591.95,0,0,0,0,-42.61,407,15,468
12233,3632.84,0,0,0,0,-40.89,407,15,468
12283,3591.95,0,0,0,0,-40.01,407,15,468
12333,3580.81,0,0,0,0,50.28,407,15,468
12383,3544.42,0,0,1,0,409.19,415,16,529
12433,3544.42,0,0,1,0,463.06,423,17,586
12483,3543.59,0,0,1,0,407.94,430,18,639
12533,3544.42,0,0,1,0,475.95,438,19,696
12583,3545.26,0,0,1,0,405.23,445,20,749
12633,3545.26,0,0,1,0,562.08,454,21,799
12683,3546.10,0,0,1,0,291.20,459,22,825
12733,3545.26,0,0,1,0,339.74,464,23,854
12783,3545.26,0,0,1,0,306.82,469,24,884
12833,3545.26,0,0,1,0,303.85,474,25,910
12883,3545.26,0,0,1,0,292.04,479,26,935
12933,3545.26,0,0,1,0,339.74,484,27,964
12983,3636.36,0,0,0,0,27.53,484,28,964
13033,3586.80,0,0,0,0,146.40,486,28,968
13083,3616.20,0,0,0,0,138.49,489,28,970
13133,3577.39,0,0,0,0,209.53,493,28,970
13184,3630.20,0,0,0,0,134.86,496,28,970
13234,3579.10,0,0,0,0,209.74,500,28,970
13284,3620.56,0,0,0,0,144.50,503,28,970
13334,3544.42,0,0,1,0,265.58,507,29,995
13384,3544.42,0,0,1,0,266.55,510,30,1018
13434,3545.26,0,0,1,0,359.97,514,31,1046
13484,3545.26,0,0,1,0,367.10,520,32,1078
13534,3586.80,0,0,0,0,128.83,521,32,1078
13584,3615.33,0,0,0,0,93.87,523,32,1084
13634,3588.52,0,0,0,0,110.62,525,32,1091
13684,3606.64,0,-1,0,-6,-188.54,527,32,1097
13734,3565.49,0,0,0,0,125.46,529,32,1103
13784,3612.72,0,0,0,0,73.69,531,32,1108
13834,3592.81,0,0,0,0,-41.61,531,32,1108
13884,3624.06,0,0,0,0,-31.25,531,32,1108
13934,3580.81,0,0,0,0,50.28,531,32,1108
13984,3631.08,0,0,0,0,-39.13,531,32,1108
14034,3591.09,0,0,0,0,-49.54,531,32,1108
14084,3632.84,0,0,0,0,-39.17,531,32,1108
14134,3591.95,0,0,0,0,-31.37,531,32,1108
14184,3597.98,0,0,0,0,3.43,531,32,1108
14234,3571.43,0,0,0,0,43.03,531,32,1108
14284,3617.94,0,0,0,0,-31.14,531,32,1108
14334,3581.66,0,0,0,0,41.53,531,32,1108
14384,3628.45,0,0,0,0,-44.22,531,32,1108
14434,3581.66,0,0,0,0,37.16,531,32,1108
14484,3616.20,0,0,0,0,-24.25,531,32,1108
14534,3591.95,0,0,0,0,-28.57,531,32,1108
14584,3629.32,0,0,0,0,-49.37,531,32,1108
14635,3592.81,0,0,0,0,-40.85,531,32,1108
14685,3629.32,0,0,0,0,-49.37,531,32,1108
14735,3591.95,0,0,0,0,-37.12,531,32,1108
14785,3629.32,0,0,0,0,-49.37,531,32,1108
14835,3580.81,0,0,0,0,48.52,531,32,1108
14885,3626.69,0,0,0,0,-45.03,531,32,1108
14935,3591.09,0,0,0,0,-26.92,531,32,1108
14985,3628.45,0,0,0,0,-46.79,531,32,1108
15035,3591.95,0,0,0,0,-29.43,531,32,1108
15085,3624.06,0,0,0,0,-32.11,531,32,1108
15135,3571.43,0,0,0,0,47.39,531,32,1108
15185,3607.50,0,0,0,0,37.16,531,32,1108
15235,3571.43,0,0,0,0,46.52,531,32,1108
15285,3628.45,0,0,0,0,-46.79,531,32,1108
15335,3591.95,0,0,0,0,-51.08,531,32,1108
15385,3624.06,0,0,0,0,-32.11,531,32,1108
15435,3591.95,0,0,0,0,-40.87,531,32,1108
15485,3624.06,0,0,0,0,-32.97,531,32,1108
15535,3580.81,0,0,0,0,43.26,531,32,1108
15585,3606.64,0,0,0,0,-38.01,531,32,1108
15635,3583.37,0,0,0,0,25.00,531,32,1108
15685,3618.82,0,0,0,0,-38.87,531,32,1108
15735,3581.66,0,0,0,0,37.16,531,32,1108
15785,3618.82,0,0,0,0,-38.87,531,32,1108
15835,3585.09,0,0,0,0,23.29,531,32,1108
15885,3628.45,0,0,0,0,-47.64,531,32,1108
15935,3580.81,0,0,0,0,48.52,531,32,1108
15985,3626.69,0,0,0,0,-45.03,531,32,1108
16035,3579.95,0,0,0,0,38.87,531,32,1108
16086,3627.57,0,0,0,0,-45.05,531,32,1108
16136,3591.09,0,0,0,0,-25.11,531,32,1108
16186,3624.06,0,0,0,0,-32.11,531,32,1108
16236,3581.66,0,0,0,0,33.67,531,32,1108
16286,3608.37,0,0,0,0,37.16,531,32,1108
16336,3576.54,0,0,0,0,31.83,531,32,1108
16386,3617.94,0,0,0,0,-36.28,531,32,1108
16436,3591.95,0,0,0,0,-40.57,531,32,1108
16486,3618.82,0,0,0,0,-37.16,531,32,1108
16536,3584.23,0,0,0,0,24.14,531,32,1108
16586,3608.37,0,0,0,0,29.27,531,32,1108
16636,3583.37,0,0,0,0,25.00,531,32,1108
16686,3596.26,0,0,0,0,25.76,531,32,1108
16736,3574.83,0,0,0,0,32.67,531,32,1108
16786,3624.94,0,0,0,0,-34.70,531,32,1108
16836,3590.23,0,0,0,0,-33.85,531,32,1108
16886,3617.07,0,0,0,0,-35.41,531,32,1108
16936,3591.09,0,0,0,0,-24.23,531,32,1108
16986,3624.06,0,0,0,0,-32.97,531,32,1108
17036,3591.95,0,0,0,0,-41.75,531,32,1108
17086,3629.32,0,0,0,0,-47.66,531,32,1108
17136,3581.66,0,0,0,0,37.16,531,32,1108
17186,3617.94,0,0,0,0,-35.43,531,32,1108
17236,3591.95,0,0,0,0,-30.30,531,32,1108
17286,3607.50,0,0,0,0,-36.49,531,32,1108
17336,3571.43,0,0,0,0,46.52,531,32,1108
17386,3617.94,0,0,0,0,-36.28,531,32,1108
17436,3572.28,0,0,0,0,43.05,531,32,1108
17486,3617.94,0,0,0,0,-37.14,531,32,1108
17536,3581.66,0,0,0,0,37.16,531,32,1108
17586,3628.45,0,0,0,0,-46.79,531,32,1108
17636,3591.95,0,0,0,0,-38.19,531,32,1108
17686,3607.50,0,0,0,0,40.38,531,32,1108
17736,3568.88,0,0,0,0,38.62,531,32,1108
17786,3640.78,0,0,-1,0,-93.00,531,34,1108
17836,3581.66,0,0,0,0,37.16,531,34,1108
17886,3631.96,0,0,0,0,-39.15,531,34,1108
17936,3571.43,0,0,0,0,44.77,531,34,1108
17986,3607.50,0,0,0,0,49.96,531,34,1108
18036,3576.54,0,0,0,0,30.97,531,34,1108
18086,3617.94,0,0,0,0,-36.28,531,34,1108
18136,3591.95,0,0,0,0,-39.07,531,34,1108
18186,3618.82,0,0,0,0,-37.16,531,34,1108
18236,3584.23,0,0,0,0,24.14,531,34,1108
18286,3618.82,0,0,0,0,-42.28,531,34,1108
18336,3581.66,0,0,0,0,36.28,531,34,1108
18386,3624.06,0,0,0,0,-32.97,531,34,1108
18436,3591.95,0,0,0,0,-32.09,531,34,1108
18486,3617.94,0,0,0,0,-37.14,531,34,1108
18536,3568.03,0,0,0,0,38.61,531,34,1108
18586,3590.23,0,0,1,0,41.58,531,35,1108
18636,3565.49,0,0,0,0,23.89,531,36,1108
18686,3607.50,0,0,0,0,39.53,531,36,1108
18736,3581.66,0,0,0,0,35.41,531,36,1108
18786,3624.06,0,0,0,0,-33.83,531,36,1108
18836,3590.23,0,0,0,0,-33.85,531,36,1108
18886,3631.96,0,0,0,0,-40.01,531,36,1108
18936,3558.72,0,0,1,0,48.78,531,37,1108
18987,3599.71,0,0,1,0,42.72,531,38,1108
19037,3576.54,0,0,0,0,30.10,531,38,1108
19087,3607.50,0,0,0,0,41.25,531,38,1108
19137,3571.43,0,0,0,0,47.39,531,38,1108
19187,3608.37,0,0,0,0,38.03,531,38,1108
19237,3571.43,0,0,0,0,46.52,531,38,1108
19287,3576.54,0,0,0,0,31.83,531,38,1108
19337,3545.26,0,0,1,0,308.80,537,39,1140
19387,3545.26,0,0,1,0,339.74,542,40,1170
19437,3545.26,0,0,1,0,339.74,547,41,1202
19487,3545.26,0,0,1,0,401.07,553,42,1238
19537,3545.26,0,0,1,0,381.44,560,43,1273
19587,3546.10,0,0,1,0,405.43,567,44,1309
19637,3618.82,0,0,0,0,74.85,568,45,1309
19687,3585.09,0,0,0,0,113.14,570,45,1315
19737,3608.37,0,0,0,-2,-156.10,571,45,1317
19787,3578.24,0,0,0,0,104.54,573,45,1321
19837,3616.20,0,0,0,0,45.91,573,47,1321
19887,3585.09,0,0,0,0,77.02,573,49,1321
19937,3615.33,0,0,0,0,-19.07,573,49,1321
19987,3581.66,0,0,0,0,49.42,573,49,1321
20037,3608.37,0,0,0,0,36.32,573,49,1321
20087,3581.66,0,0,0,0,31.05,573,49,1321
20137,3597.98,0,0,0,0,44.86,573,49,1321
20187,3565.49,0,0,0,0,31.64,573,49,1321
20237,3618.82,0,0,0,0,-42.28,573,49,1321
20287,3581.66,0,0,0,0,37.16,573,49,1321
20337,3607.50,0,0,0,0,37.16,573,49,1321
20387,3555.34,0,0,1,0,32.31,573,50,1321
20438,3599.71,0,0,1,0,42.72,573,51,1321
20488,3571.43,0,0,0,0,44.77,573,51,1321
20538,3624.06,0,0,0,0,-33.83,573,51,1321
20588,3581.66,0,0,0,0,42.40,573,51,1321
20638,3628.45,0,0,0,0,-47.64,573,51,1321
20688,3580.81,0,0,0,0,44.13,573,51,1321
20738,3615.33,0,0,0,0,-23.37,573,51,1321
20788,3575.69,0,0,0,0,32.69,573,51,1321
20838,3607.50,0,0,0,0,27.43,573,51,1321
20888,3571.43,0,0,0,0,45.64,573,51,1321
20938,3608.37,0,0,0,0,39.53,573,51,1321
20988,3571.43,0,0,0,0,47.39,573,51,1321
21038,3625.82,0,0,0,0,25.60,573,53,1321
21088,3571.43,0,0,0,0,46.52,573,53,1321
21138,3608.37,0,0,0,0,48.26,573,53,1321
21188,3585.09,0,0,0,0,22.42,573,53,1321
21238,3628.45,0,0,0,0,-46.79,573,53,1321
21288,3592.81,0,0,0,0,-39.93,573,53,1321
21338,3607.50,0,0,0,0,46.76,573,53,1321
21388,3573.98,0,0,0,0,24.00,573,53,1321
21438,3602.31,0,0,0,0,-68.55,573,54,1321
21488,3567.18,0,0,0,0,40.32,573,54,1321
21538,3617.94,0,0,0,0,-46.52,573,54,1321
21588,3590.23,0,0,0,0,-49.09,573,54,1321
21638,3628.45,0,0,0,0,-46.79,573,54,1321
21688,3583.37,0,0,0,0,25.00,573,54,1321
21738,3618.82,0,0,0,0,-46.54,573,54,1321
21788,3576.54,0,0,0,0,31.83,573,54,1321
21838,3607.50,0,0,0,0,41.25,573,54,1321
21888,3581.66,0,0,0,0,36.28,573,54,1321
21938,3618.82,0,0,0,0,-38.87,573,54,1321
21988,3581.66,0,0,0,0,35.41,573,54,1321
22038,3618.82,0,0,0,0,-38.87,573,54,1321
22088,3581.66,0,0,0,0,47.66,573,54,1321
22138,3608.37,0,0,0,0,29.30,573,54,1321
22188,3576.54,0,0,0,0,31.83,573,54,1321
22238,3618.82,0,0,0,0,-48.24,573,54,1321
22288,3581.66,0,0,0,0,37.16,573,54,1321
22338,3608.37,0,0,0,0,36.28,573,54,1321
22388,3581.66,0,0,0,0,37.16,573,54,1321
22438,3618.82,0,0,0,0,-37.16,573,54,1321
22488,3581.66,0,0,0,0,37.16,573,54,1321
22538,3608.37,0,0,0,0,31.83,573,54,1321
22588,3564.64,0,0,0,0,33.35,573,54,1321
22638,3617.07,0,0,0,0,-43.94,573,54,1321
22688,3569.73,0,0,0,0,49.09,573,54,1321
22738,3597.98,0,0,0,0,51.71,573,54,1321
22788,3568.88,0,0,0,0,37.76,573,54,1321
22838,3629.32,0,0,0,0,-49.37,573,54,1321
22888,3582.52,0,0,0,0,45.05,573,54,1321
22938,3616.20,0,0,0,0,-25.11,573,54,1321
22988,3571.43,0,0,0,0,45.64,573,54,1321
23038,3597.98,0,0,0,0,27.43,573,54,1321
23088,3573.98,0,0,0,0,24.00,573,54,1321
23138,3606.64,0,0,0,0,25.77,573,54,1321
23188,3607.50,0,0,0,0,40.30,573,54,1321
23238,3544.42,0,0,1,0,530.56,583,55,1391
23288,3545.26,0,0,1,0,405.23,591,56,1449
23339,3544.42,0,0,1,0,516.22,599,57,1506
23389,3546.10,0,0,1,0,405.43,607,58,1563
23439,3556.19,0,0,1,0,447.01,615,59,1609
23489,3546.10,0,0,1,0,402.31,622,60,1664
23539,3544.42,0,0,1,0,471.64,630,61,1711
23589,3545.26,0,0,1,0,404.19,637,62,1764
23639,3544.42,0,0,1,0,484.59,645,63,1808
23689,3610.11,0,0,0,0,133.34,647,63,1810
23739,3587.66,0,0,0,0,154.86,649,63,1814
23789,3610.98,0,0,0,0,121.29,651,63,1819
23839,3523.61,0,0,0,0,219.84,653,63,1822
23889,3613.59,0,0,0,0,114.97,654,64,1825
23939,3583.37,0,0,0,0,159.14,656,64,1828
23989,3627.57,0,0,0,0,-38.19,656,64,1828
24039,3580.81,0,0,0,0,45.01,656,64,1828
24089,3618.82,0,0,0,0,-42.28,656,64,1828
24139,3574.83,0,0,0,0,30.07,656,64,1828
24189,3608.37,0,0,0,0,20.51,656,64,1828
24239,3562.95,0,0,0,0,49.77,656,64,1828
24289,3628.45,0,0,0,0,-47.64,656,64,1828
24339,3581.66,0,0,0,0,45.91,656,64,1828
24389,3617.94,0,0,0,0,-37.14,656,64,1828
24439,3581.66,0,0,0,0,32.80,656,64,1828
24489,3618.82,0,0,0,0,-38.01,656,64,1828
24539,3591.95,0,0,0,0,-25.97,656,64,1828
24589,3608.37,0,0,0,0,29.30,656,64,1828
24639,3581.66,0,0,0,0,37.16,656,64,1828
24689,3607.50,0,0,0,0,40.38,656,64,1828
24739,3573.98,0,0,0,0,22.28,656,64,1828
24790,3608.37,0,0,0,0,39.55,656,64,1828
24840,3571.43,0,0,0,0,47.39,656,64,1828
24890,3628.45,0,0,0,0,-57.02,656,64,1828
24940,3576.54,0,0,0,0,30.97,656,64,1828
24990,3618.82,0,0,0,0,-34.59,656,64,1828
25040,3581.66,0,0,0,0,36.28,656,64,1828
25090,3606.64,0,0,0,0,37.83,656,64,1828
25140,3575.69,0,0,0,0,32.69,656,64,1828
25190,3617.07,0,0,0,0,-45.64,656,64,1828
25240,3590.23,0,0,0,0,-38.01,656,64,1828
25290,3617.07,0,0,0,0,-35.41,656,64,1828
25340,3580.81,0,0,0,0,35.39,656,64,1828
25390,3606.64,0,0,0,0,37.17,656,64,1828
25440,3583.37,0,0,0,0,24.13,656,64,1828
25490,3617.07,0,0,0,0,-35.41,656,64,1828
25540,3569.73,0,0,0,0,49.09,656,64,1828
25590,3618.82,0,0,0,0,-46.54,656,64,1828
25640,3580.81,0,0,0,0,37.14,656,64,1828
25690,3629.32,0,0,0,0,-57.05,656,64,1828
25740,3579.95,0,0,0,0,37.99,656,64,1828
25790,3617.07,0,0,0,0,-34.56,656,64,1828
25840,3580.81,0,0,0,0,38.01,656,64,1828
25890,3606.64,0,0,0,0,40.65,656,64,1828
25940,3570.58,0,0,0,0,47.37,656,64,1828
25990,3608.37,0,0,0,0,39.53,656,64,1828
26040,3581.66,0,0,0,0,35.41,656,64,1828
26090,3618.82,0,0,0,0,-38.87,656,64,1828
26140,3571.43,0,0,0,0,45.64,656,64,1828
26190,3617.94,0,0,0,0,-47.37,656,64,1828
26240,3581.66,0,0,0,0,37.16,656,64,1828
26290,3617.94,0,0,0,0,-36.28,656,64,1828
26340,3581.66,0,0,0,0,37.16,656,64,1828
26390,3618.82,0,0,0,0,-42.28,656,64,1828
26440,3585.09,0,0,0,0,23.29,656,64,1828
26490,3617.94,0,0,0,0,-40.55,656,64,1828
26540,3581.66,0,0,0,0,37.16,656,64,1828
26590,3617.94,0,0,0,0,-35.43,656,64,1828
26640,3581.66,0,0,0,0,37.16,656,64,1828
26690,3608.37,0,0,0,0,47.39,656,64,1828
26740,3555.34,0,0,1,0,32.31,656,65,1828
26790,3597.12,0,0,0,0,26.46,656,65,1828
26840,3584.23,0,0,0,0,23.27,656,65,1828
26890,3628.45,0,0,0,0,-47.64,656,65,1828
26940,3591.95,0,0,0,0,-43.49,656,65,1828
26990,3624.94,0,0,0,0,-33.85,656,65,1828
27040,3574.83,0,0,0,0,33.54,656,65,1828
27090,3607.50,0,0,0,0,30.17,656,65,1828
27140,3585.09,0,0,0,0,21.55,656,65,1828
27190,3608.37,0,0,0,0,40.40,656,65,1828
27240,3568.88,0,0,0,0,38.62,656,65,1828
27290,3608.37,0,0,0,0,32.70,656,65,1828
27340,3581.66,0,0,0,0,37.16,656,65,1828
27390,3629.32,0,0,0,0,-47.66,656,65,1828
27440,3591.95,0,0,0,0,-30.30,656,65,1828
27490,3607.50,0,0,0,0,30.18,656,65,1828
27540,3581.66,0,0,0,0,37.16,656,65,1828
27590,3607.50,0,0,0,0,22.42,656,65,1828
27640,3581.66,0,0,0,0,36.28,656,65,1828
27691,3597.98,0,0,0,0,31.83,656,65,1828
27741,3597.98,0,0,0,0,35.04,656,65,1828
27791,3545.26,0,0,1,0,405.23,665,66,1887
27841,3544.42,0,0,1,0,464.13,673,67,1944
27891,3608.37,-26,-3,0,-38,-574.30,679,67,1994
27941,3544.42,0,0,1,0,510.73,687,68,2051
27991,3545.26,0,0,1,0,404.19,694,69,2104
28041,3544.42,0,0,1,0,262.68,696,71,2120
28091,3543.59,0,0,1,0,289.79,700,72,2144
28141,3544.42,0,0,1,0,280.16,704,73,2169
28191,3544.42,0,0,1,0,289.93,708,74,2194
28241,3543.59,0,0,1,0,270.30,712,75,2217
28291,3553.66,0,0,1,0,268.00,715,76,2239
28341,3628.45,0,0,0,0,-52.76,715,77,2239
28391,3581.66,0,0,0,0,48.54,715,77,2239
28441,3607.50,0,0,0,0,35.44,715,77,2239
28491,3564.64,0,0,0,0,28.18,715,77,2239
28541,3617.94,0,0,0,0,-55.00,715,77,2239
28591,3571.43,0,0,0,0,39.55,715,77,2239
28641,3628.45,0,0,0,0,-45.07,715,77,2239
28691,3592.81,0,0,0,0,-36.27,715,77,2239
28741,3617.94,0,0,0,0,-47.37,715,77,2239
28791,3581.66,0,0,0,0,35.41,715,77,2239
28841,3629.32,0,0,0,0,-48.52,715,77,2239
28891,3581.66,0,0,0,0,36.28,715,77,2239
28941,3618.82,0,0,0,0,-38.87,715,77,2239
28991,3591.95,0,0,0,0,-38.85,715,77,2239
29041,3607.50,0,0,0,0,29.30,715,77,2239
29091,3541.08,0,0,1,0,65.56,715,78,2239
29142,3617.94,0,0,0,0,-54.15,715,79,2239
29192,3568.88,0,0,0,0,39.49,715,79,2239
29242,3597.98,0,0,0,0,41.21,715,79,2239
29292,3567.18,0,0,0,0,41.19,715,79,2239
29342,3618.82,0,0,0,0,-49.94,715,79,2239
29392,3579.95,0,0,0,0,38.87,715,79,2239
29442,3623.19,0,0,0,0,-31.23,715,79,2239
29492,3569.73,0,0,0,0,49.09,715,79,2239
29542,3616.20,0,0,0,0,-34.54,715,79,2239
29592,3579.95,0,0,0,0,38.87,715,79,2239
29642,3618.82,0,0,0,0,-46.54,715,79,2239
29692,3576.54,0,0,0,0,31.83,715,79,2239
29742,3628.45,0,0,0,0,-47.64,715,79,2239
29792,3581.66,0,0,0,0,37.16,715,79,2239
29842,3616.20,0,0,0,0,-25.11,715,79,2239
29892,3576.54,0,0,0,0,30.97,715,79,2239
29942,3590.23,0,0,1,0,23.75,715,80,2239
29992,3564.64,0,0,0,0,33.35,715,80,2239
30042,3606.64,0,0,0,0,24.87,715,80,2239
30092,3579.95,0,0,0,0,38.87,715,80,2239
30142,3628.45,0,0,0,0,-46.79,715,80,2239
30192,3580.81,0,0,0,0,37.14,715,80,2239
30242,3638.13,0,0,0,0,-55.61,715,80,2239
30292,3592.81,0,0,0,0,-39.93,715,80,2239
30342,3616.20,0,0,0,0,-24.25,715,80,2239
30392,3567.18,0,0,0,0,41.19,715,80,2239
30442,3606.64,0,0,0,0,40.36,715,80,2239
30492,3570.58,0,0,0,0,47.37,715,80,2239
30542,3617.07,0,0,0,0,-35.41,715,80,2239
30592,3579.95,0,0,0,0,35.38,715,80,2239
30642,3617.07,0,0,0,0,-45.64,715,80,2239
30692,3546.94,0,0,1,0,39.86,715,81,2239
30742,3607.50,0,0,0,0,24.76,715,81,2239
30792,3567.18,0,0,0,0,40.32,715,81,2239
30842,3606.64,0,0,0,0,47.41,715,81,2239
30892,3579.95,0,0,0,0,38.87,715,81,2239
30942,3624.06,0,0,0,0,-32.11,715,81,2239
30992,3581.66,0,0,0,0,37.16,715,81,2239
31042,3618.82,0,0,0,0,-42.28,715,81,2239
31092,3569.73,0,0,0,0,45.60,715,81,2239
31142,3617.07,0,0,0,0,-44.79,715,81,2239
31192,3590.23,0,0,0,0,-25.11,715,81,2239
31242,3596.26,0,0,0,0,35.41,715,81,2239
31292,3574.83,0,0,0,0,33.54,715,81,2239
31342,3607.50,0,0,0,0,28.45,715,81,2239
31392,3580.81,0,0,0,0,37.14,715,81,2239
31442,3618.82,0,0,0,0,-42.28,715,81,2239
31492,3569.73,0,0,0,0,49.09,715,81,2239
31542,3597.12,0,0,0,0,34.24,715,81,2239
31592,3571.43,0,0,0,0,46.52,715,81,2239
31642,3618.82,0,0,0,0,-38.87,715,81,2239
31692,3581.66,0,0,0,0,47.66,715,81,2239
31742,3624.06,0,0,0,0,-33.83,715,81,2239
31792,3623.19,0,0,0,0,-32.09,715,81,2239
31842,3546.10,0,0,1,0,403.35,723,82,2302
31892,3543.59,0,0,1,0,451.09,731,83,2358
31942,3540.24,0,0,1,0,432.22,738,84,2413
31992,3546.10,0,0,1,0,387.81,745,85,2461
32043,3545.26,0,0,1,0,369.14,752,86,2495
32093,3545.26,0,0,1,0,329.71,757,87,2527
32143,3545.26,0,0,1,0,315.74,762,88,2556
32193,3543.59,0,0,1,0,294.69,767,89,2583
32243,3545.26,0,0,1,0,314.75,772,90,2610
32293,3544.42,0,0,1,0,292.88,777,91,2636
32343,3553.66,0,0,1,0,319.31,782,92,2663
32393,3612.72,0,0,0,0,-0.87,782,92,2663
32443,3577.39,0,0,0,0,31.85,782,92,2663
32493,3607.50,0,0,0,0,26.70,782,92,2663
32543,3581.66,0,0,0,0,44.15,782,92,2663
32593,3618.82,0,0,0,0,-32.02,782,92,2663
32643,3582.52,0,0,0,0,39.80,782,92,2663
32693,3628.45,0,0,0,0,-41.65,782,92,2663
32743,3566.33,0,0,0,0,23.90,782,92,2663
32793,3608.37,0,0,0,0,26.48,782,92,2663
32843,3584.23,0,0,0,0,24.14,782,92,2663
32893,3617.94,0,0,0,0,-37.14,782,92,2663
32943,3580.81,0,0,0,0,37.14,782,92,2663
32993,3608.37,0,0,0,0,34.41,782,92,2663
33043,3568.88,0,0,0,0,37.76,782,92,2663
33093,3618.82,0,0,0,0,-38.87,782,92,2663
33143,3581.66,0,0,0,0,37.16,782,92,2663
33193,3624.06,0,0,0,0,-33.83,782,92,2663
33243,3591.95,0,0,0,0,-31.23,782,92,2663
33293,3618.82,0,0,0,0,-38.87,782,92,2663
33343,3568.88,0,0,0,0,37.76,782,92,2663
33393,3608.37,0,0,0,0,30.16,782,92,2663
33443,3577.39,0,0,0,0,30.11,782,92,2663
33494,3617.94,0,0,0,0,-36.28,782,92,2663
33544,3591.09,0,0,0,0,-29.43,782,92,2663
33594,3616.20,0,0,0,0,-25.11,782,92,2663
33644,3576.54,0,0,0,0,30.97,782,92,2663
33694,3618.82,0,0,0,0,-38.87,782,92,2663
33744,3576.54,0,0,0,0,31.83,782,92,2663
33794,3608.37,0,0,0,0,39.76,782,92,2663
33844,3581.66,0,0,0,0,34.54,782,92,2663
33894,3624.06,0,0,0,0,-32.97,782,92,2663
33944,3512.06,0,1,0,0,111.13,783,92,2663
33994,3617.94,0,0,0,0,-43.96,784,92,2669
34044,3581.66,0,0,0,0,36.28,784,92,2669
34094,3607.50,0,0,0,0,39.76,784,92,2669
34144,3580.81,0,0,0,0,37.14,784,92,2669
34194,3597.12,0,0,0,0,25.87,784,92,2669
34244,3568.88,0,0,0,0,39.49,784,92,2669
34294,3607.50,0,0,0,0,24.15,784,92,2669
34344,3581.66,0,0,0,0,36.28,784,92,2669
34394,3615.33,0,0,0,0,-22.51,784,92,2669
34444,3581.66,0,0,0,0,36.28,784,92,2669
34494,3617.94,0,0,0,0,-36.28,784,92,2669
34544,3576.54,0,0,0,0,31.83,784,92,2669
34594,3608.37,0,0,0,0,41.21,784,92,2669
34644,3583.37,0,0,0,0,24.13,784,92,2669
34694,3617.94,0,0,0,0,-36.28,784,92,2669
34744,3569.73,0,0,0,0,49.09,784,92,2669
34794,3617.07,0,0,0,0,-44.79,784,92,2669
34844,3583.37,0,0,0,0,25.00,784,92,2669
34894,3617.07,0,0,0,0,-35.41,784,92,2669
34944,3580.81,0,0,0,0,48.52,784,92,2669
34994,3606.64,0,0,0,0,47.69,784,92,2669
35044,3572.28,0,0,0,0,25.71,784,92,2669
35094,3618.82,0,0,0,0,-46.54,784,92,2669
35144,3579.95,0,0,0,0,38.87,784,92,2669
35194,3616.20,0,0,0,0,-33.68,784,92,2669
35244,3580.81,0,0,0,0,38.01,784,92,2669
35294,3618.82,0,0,0,0,-46.54,784,92,2669
35344,3580.81,0,0,0,0,38.01,784,92,2669
35394,3614.46,0,0,0,0,-22.50,784,92,2669
35444,3590.23,0,0,0,0,-38.01,784,92,2669
35494,3585.94,0,0,0,0,-4.28,784,92,2669
35544,3566.33,0,0,0,0,29.93,784,92,2669
35594,3607.50,0,0,0,0,27.43,784,92,2669
35644,3584.23,0,0,0,0,24.14,784,92,2669
35694,3615.33,0,0,0,0,-23.37,784,92,2669
35744,3591.95,0,0,0,0,-25.97,784,92,2669
35794,3617.94,0,0,0,0,-37.14,784,92,2669
35844,3571.43,0,0,0,0,47.39,784,92,2669
35894,3607.50,0,0,0,0,33.36,784,92,2669
35944,3585.09,0,0,0,0,23.29,784,92,2669
35994,3628.45,0,0,0,0,-45.93,784,92,2669
36044,3581.66,0,0,0,0,37.16,784,92,2669
36094,3628.45,0,0,0,0,-46.79,784,92,2669
36144,3581.66,0,0,0,0,36.28,784,92,2669
36194,3617.94,0,0,0,0,-36.28,784,92,2669
36244,3560.41,0,0,0,0,47.96,784,92,2669
36294,3566.33,0,0,0,0,22.18,784,92,2669
36344,3545.26,0,0,1,0,405.23,793,93,2733
36395,3476.25,0,1,0,0,581.10,802,93,2790
36445,3545.26,0,0,1,0,478.34,810,94,2845
36495,3546.10,0,0,1,0,404.39,817,95,2900
36545,3544.42,0,0,1,0,497.61,825,96,2948
36595,3546.10,0,0,1,0,403.35,833,97,3006
36645,3544.42,0,0,1,0,497.61,841,98,3051
36695,3545.26,0,0,1,0,404.19,849,99,3106
36745,3608.37,0,-2,0,0,-205.35,851,99,3106
36795,3576.54,0,0,0,0,218.05,855,99,3106
36845,3610.11,0,0,0,0,144.58,858,99,3107
36895,3576.54,0,0,0,0,187.58,862,99,3107
36945,3612.72,0,0,0,0,86.42,864,99,3115
36995,3582.52,0,0,0,0,102.99,866,99,3120
37045,3607.50,0,0,0,0,35.43,866,99,3120
37095,3581.66,0,0,0,0,32.80,866,99,3120
37145,3629.32,0,0,0,0,-53.64,866,99,3120
37195,3592.81,0,0,0,0,-32.91,866,99,3120
37245,3624.06,0,0,0,0,-31.25,866,99,3120
37295,3580.81,0,0,0,0,38.01,866,99,3120
37345,3606.64,0,0,0,0,28.45,866,99,3120
37395,3574.83,0,0,0,0,33.54,866,99,3120
37445,3607.50,0,0,0,0,39.53,866,99,3120
37495,3576.54,0,0,0,0,30.97,866,99,3120
37545,3608.37,0,0,0,0,38.88,866,99,3120
37595,3581.66,0,0,0,0,36.28,866,99,3120
37645,3608.37,0,0,0,0,42.06,866,99,3120
37695,3585.09,0,0,0,0,23.29,866,99,3120
37745,3577.39,0,0,0,0,-6.81,866,99,3120
37795,3546.10,0,0,1,0,43.28,866,101,3120
37846,3607.50,0,0,0,0,34.24,866,101,3120
37896,3581.66,0,0,0,0,37.16,866,101,3120
37946,3632.84,0,0,0,0,-41.75,866,101,3120
37996,3591.95,0,0,0,0,-39.05,866,101,3120
38046,3616.20,0,0,0,0,-25.11,866,101,3120
38096,3590.23,0,0,0,0,-29.43,866,101,3120
38146,3627.57,0,0,0,0,-45.91,866,101,3120
38196,3580.81,0,0,0,0,48.52,866,101,3120
38246,3617.07,0,0,0,0,-35.41,866,101,3120
38296,3579.95,0,0,0,0,38.87,866,101,3120
38346,3616.20,0,0,0,0,-34.54,866,101,3120
38396,3579.95,0,0,0,0,38.87,866,101,3120
38446,3617.07,0,0,0,0,-35.41,866,101,3120
38496,3574.83,0,0,0,0,33.54,866,101,3120
38546,3618.82,0,0,0,0,-51.64,866,101,3120
38596,3576.54,0,0,0,0,31.83,866,101,3120
38646,3608.37,0,0,0,0,32.69,866,101,3120
38696,3571.43,0,0,0,0,45.64,866,101,3120
38746,3615.33,0,0,0,0,-25.09,866,101,3120
38796,3582.52,0,0,0,0,40.67,866,101,3120
38846,3629.32,0,0,0,0,-48.52,866,101,3120
38896,3591.09,0,0,0,0,-39.93,866,101,3120
38946,3608.37,0,0,0,0,23.29,866,101,3120
38996,3566.33,0,0,0,0,29.93,866,101,3120
39046,3597.98,0,0,0,0,32.48,866,101,3120
39096,3576.54,0,0,0,0,31.83,866,101,3120
39146,3617.94,0,0,0,0,-35.43,866,101,3120
39196,3581.66,0,0,0,0,46.79,866,101,3120
39246,3624.94,0,0,0,0,-32.13,866,101,3120
39296,3591.95,0,0,0,0,-43.36,866,101,3120
39346,3608.37,0,0,0,0,43.26,866,101,3120
39396,3581.66,0,0,0,0,36.28,866,101,3120
39446,3617.94,0,0,0,0,-37.14,866,101,3120
39496,3571.43,0,0,0,0,46.52,866,101,3120
39546,3617.94,0,0,0,0,-37.14,866,101,3120
39596,3580.81,0,0,0,0,38.01,866,101,3120
39646,3624.94,0,0,0,0,-33.85,866,101,3120
39696,3581.66,0,0,0,0,45.91,866,101,3120
39746,3616.20,0,0,0,0,-25.11,866,101,3120
39796,3581.66,0,0,0,0,37.16,866,101,3120
39846,3607.50,0,0,0,0,24.13,866,101,3120
39896,3575.69,0,0,0,0,30.95,866,101,3120
39946,3628.45,0,0,0,0,-47.64,866,101,3120
39996,3584.23,0,0,0,0,31.97,866,101,3120
40046,3616.20,0,0,0,0,-24.25,866,101,3120
40096,3580.81,0,0,0,0,48.52,866,101,3120
40146,3597.98,0,0,0,0,32.69,866,101,3120
40196,3568.03,0,0,0,0,38.61,866,101,3120
40246,3618.82,0,0,0,0,-52.48,866,101,3120
40296,3581.66,0,0,0,0,37.16,866,101,3120
40346,5456.53,-12226,-24,0,-12205,2028441.75,33649,101,15325
40396,3545.26,0,0,1,0,343.77,33653,102,15349
40446,3803.25,-13,-2,0,-16,-257.98,33658,103,15383
40496,3639.01,0,0,0,0,55.57,33659,103,15383
40546,3633.72,0,0,0,0,-7.91,33659,104,15383
40596,3591.95,0,0,0,0,-20.92,33659,104,15383
40646,3587.66,0,0,0,0,-16.23,33659,104,15383
40696,3590.23,0,0,0,0,-58.41,33659,104,15383
40747,3654.08,0,0,-1,0,-41.36,33659,105,15383
40797,3646.97,0,0,-1,0,17.82,33659,107,15383
40847,3664.79,0,0,-1,0,-28.43,33659,109,15383
40897,3625.82,0,0,0,0,29.16,33659,110,15383
40947,3643.43,0,0,-1,0,-8.83,33659,112,15383
40997,3625.82,0,0,0,0,17.61,33659,113,15383
41047,3654.08,0,0,-1,0,-17.72,33659,115,15383
41097,3611.85,0,0,0,0,21.87,33659,115,15383
41147,3632.84,0,0,0,0,-10.53,33659,115,15383
41197,3625.82,0,0,0,0,17.61,33659,116,15383
41247,3646.97,0,0,-1,0,7.11,33659,118,15383
41297,3615.33,0,0,0,0,37.86,33659,119,15383
41347,3664.79,0,0,-1,0,-38.98,33659,121,15383
41397,3636.36,0,0,0,0,21.28,33659,123,15383
41447,3631.96,0,0,0,0,4.40,33659,123,15383
41497,3602.31,0,0,0,0,-21.87,33659,123,15383
41547,3643.43,0,0,-1,0,-28.10,33659,125,15383
41597,3610.98,0,0,0,0,21.86,33659,125,15383
41647,3624.94,0,0,0,0,-33.85,33659,125,15383
41697,3615.33,0,0,0,0,28.99,33659,126,15383
41747,3653.19,0,0,-1,0,-27.37,33659,128,15383
41797,3636.36,0,0,0,0,17.72,33659,129,15383
41847,3668.38,0,0,-1,0,-27.60,33659,132,15383
41897,3636.36,0,0,0,0,5.30,33659,134,15383
41947,3644.31,0,0,-1,0,-19.38,33659,136,15383
41997,3633.72,0,0,0,0,5.29,33659,136,15383
42047,3632.84,0,0,0,0,4.40,33659,137,15383
42097,3608.37,0,-1,0,0,-106.05,33660,137,15383
42147,3629.32,0,0,0,0,115.99,33662,137,15387
42198,3544.42,0,0,1,0,308.65,33667,138,15412
42248,3544.42,0,0,1,0,473.79,33674,139,15451
42298,3696.40,0,-1,0,0,69.60,33684,139,15506
42348,3625.82,0,0,0,0,28.26,33684,140,15506
42398,3643.43,0,0,-1,0,-20.24,33684,141,15506
42448,3617.94,0,0,0,0,74.82,33685,141,15506
42498,3632.84,0,0,0,0,-7.03,33685,142,15506
42548,3622.31,0,0,0,0,11.41,33685,142,15506
42598,3643.43,0,0,-1,0,-28.10,33685,144,15506
42648,3602.31,0,0,0,0,4.35,33685,144,15506
42698,3652.30,0,0,-1,0,-50.00,33685,145,15506
42748,3624.06,0,0,0,0,20.25,33685,146,15506
42798,3632.84,0,0,0,0,-17.51,33685,147,15506
42848,3615.33,0,0,0,0,28.99,33685,148,15506
42898,3654.97,0,0,-1,0,-18.61,33685,150,15506
42948,3645.20,0,0,-1,0,19.59,33685,152,15506
42998,3644.31,0,0,-1,0,-18.50,33685,154,15506
43048,3624.94,0,0,0,0,18.49,33685,155,15506
43098,3643.43,0,0,-1,0,-28.10,33685,157,15506
43148,3612.72,0,0,0,0,20.12,33685,157,15506
43198,3654.08,0,0,-1,0,-41.36,33685,158,15506
43248,3625.82,0,0,0,0,29.16,33685,159,15506
43298,3601.44,0,0,0,0,16.70,33685,159,15506
43348,3575.69,0,0,0,0,11.97,33685,159,15506
43398,3640.78,0,0,-1,0,-48.82,33685,160,15506
43448,3636.36,0,0,0,0,7.07,33685,161,15506
43498,3678.27,0,-1,0,0,-31.30,33686,162,15506
43548,3634.60,0,0,0,0,32.88,33686,164,15506
43598,3616.20,0,0,0,0,-25.11,33686,164,15506
43648,3601.44,0,0,0,0,-21.66,33686,164,15506
43698,3632.84,0,0,0,0,-17.51,33686,165,15506
43748,3614.46,0,0,0,0,39.62,33686,166,15506
43798,3643.43,0,0,-1,0,-7.07,33686,168,15506
43848,3613.59,0,0,0,0,29.84,33686,169,15506
43898,3623.19,0,0,0,0,-7.86,33686,170,15506
43948,3612.72,0,0,0,0,14.85,33686,170,15506
43998,3642.54,0,0,-1,0,-28.96,33686,171,15506
44048,3601.44,0,0,0,0,-20.92,33686,171,15506
44098,3634.60,0,0,0,0,-32.30,33686,171,15506
44148,3636.36,0,0,0,0,15.94,33686,172,15506
44198,3654.97,0,0,-1,0,-18.61,33686,174,15506
44248,3624.94,0,0,0,0,18.49,33686,175,15506
44298,3623.19,0,0,0,0,-7.86,33686,176,15506
44348,3611.85,0,0,0,0,23.64,33686,176,15506
44398,3654.08,0,0,-1,0,-17.72,33686,178,15506
44448,3637.25,0,0,0,0,16.83,33686,179,15506
44498,3614.46,0,0,0,0,-23.36,33686,179,15506
44548,3600.58,0,0,0,0,-20.80,33686,179,15506
44598,3644.31,0,0,-1,0,-42.87,33686,180,15506
44648,3636.36,0,0,0,0,17.72,33686,181,15506
44698,3664.79,0,0,-1,0,-38.98,33686,183,15506
44748,3624.06,0,0,0,0,40.73,33686,184,15506
44798,3643.43,0,0,-1,0,-16.74,33686,186,15506
44848,3623.19,0,0,0,0,15.82,33686,186,15506
44898,3633.72,0,0,0,0,-21.00,33686,186,15506
44948,3611.85,0,0,0,0,23.64,33686,186,15506
44998,3612.72,0,0,0,0,-1.74,33686,186,15506
45048,3602.31,0,0,0,0,-32.08,33686,186,15506
45099,3664.79,0,0,-1,0,-39.85,33686,188,15506
45149,3623.19,0,0,0,0,15.82,33686,188,15506
45199,3622.31,0,0,0,0,0.87,33686,188,15506
45249,3572.28,0,0,0,0,61.44,33686,188,15506
45299,3639.01,0,0,0,0,40.17,33687,188,15506
45349,3544.42,0,0,1,0,272.37,33690,189,15526
45399,3545.26,0,0,1,0,405.23,33695,190,15556
45449,3601.44,0,-1,0,-2,-178.79,33696,191,15558
45499,3544.42,0,0,1,0,255.93,33699,192,15580
45549,3543.59,0,0,1,0,311.46,33703,193,15605
45599,3546.10,0,0,1,0,382.66,33709,194,15638
45649,3545.26,0,0,1,0,452.61,33717,195,15677
45699,3766.01,0,-2,0,-1,179.29,33726,195,15729
45749,3545.26,0,0,1,0,448.35,33734,196,15770
45799,3544.42,0,0,1,0,552.82,33743,197,15836
45849,3631.08,0,0,0,0,134.92,33753,197,15897
45899,3612.72,0,0,0,0,22.77,33753,197,15897
45949,3644.31,0,0,-1,0,-22.88,33753,198,15897
45999,3636.36,0,0,0,0,7.95,33753,199,15897
46049,3645.20,0,0,-1,0,-10.60,33753,201,15897
46099,3625.82,0,0,0,0,18.50,33753,202,15897
46149,3633.72,0,0,0,0,0.88,33753,203,15897
46199,3615.33,0,0,0,0,28.10,33753,204,15897
46249,3607.50,0,0,0,0,28.10,33753,204,15897
46299,3601.44,0,0,0,0,-19.94,33753,204,15897
46349,3643.43,0,0,-1,0,-41.12,33753,205,15897
46399,3625.82,0,0,0,0,28.26,33753,206,15897
46449,3654.08,0,0,-1,0,-17.72,33753,208,15897
46499,3610.98,0,0,0,0,22.74,33753,208,15897
46550,3643.43,0,0,-1,0,-20.24,33753,209,15897
46600,3624.06,0,0,0,0,30.91,33753,210,15897
46650,3654.97,0,0,-1,0,-18.61,33753,212,15897
46700,3636.36,0,0,0,0,7.95,33753,213,15897
46750,3623.19,0,0,0,0,-0.87,33753,213,15897
46800,3602.31,0,0,0,0,-3.49,33753,213,15897
46850,3643.43,0,0,-1,0,-41.99,33753,214,15897
46900,3602.31,0,0,0,0,-17.51,33753,214,15897
46950,3633.72,0,0,0,0,-20.13,33753,215,15897
47000,3625.82,0,0,0,0,17.61,33753,216,15897
47050,3632.84,0,0,0,0,3.52,33753,217,15897
47100,3614.46,0,0,0,0,28.97,33753,218,15897
47150,3632.84,0,0,0,0,-9.65,33753,218,15897
47200,3604.90,0,0,-1,0,-25.47,33753,219,15897
47250,3641.66,0,0,-1,0,-39.36,33753,220,15897
47300,3625.82,0,0,0,0,28.26,33753,221,15897
47350,3642.54,0,0,-1,0,-9.70,33753,222,15897
47400,3602.31,0,0,0,0,14.85,33753,222,15897
47450,3643.43,0,0,-1,0,-41.99,33753,223,15897
47500,3612.72,0,0,0,0,18.37,33753,223,15897
47550,3654.08,0,0,-1,0,-41.36,33753,224,15897
47600,3626.69,0,0,0,0,27.39,33753,225,15897
47650,3642.54,0,0,-1,0,-40.24,33753,226,15897
47700,3612.72,0,0,0,0,20.12,33753,226,15897
47750,3626.69,0,0,0,0,-24.39,33753,226,15897
47800,3602.31,0,0,0,0,-35.68,33753,226,15897
47850,3633.72,0,0,0,0,-31.42,33753,226,15897
47900,3590.23,0,0,0,0,-30.39,33753,226,15897
47950,3644.31,0,0,-1,0,-42.01,33753,227,15897
48000,3625.82,0,0,0,0,28.26,33753,228,15897
48050,3665.69,0,0,-1,0,-39.87,33753,230,15897
48100,3646.09,0,0,-1,0,17.81,33753,232,15897
48150,3643.43,0,0,-1,0,-7.07,33753,234,15897
48200,3623.19,0,0,0,0,9.65,33753,234,15897
48250,3623.19,0,0,0,0,1.75,33753,235,15897
48300,3611.85,0,0,0,0,9.59,33753,235,15897
48350,3615.33,0,0,0,0,-18.21,33753,235,15897
48400,3591.09,0,0,0,0,-6.07,33753,235,15897
48450,3631.08,0,0,0,0,-38.27,33753,235,15897
48500,3625.82,0,0,0,0,17.61,33753,236,15897
48550,3654.97,0,0,-1,0,-33.53,33753,237,15897
48600,3625.82,0,0,0,0,39.87,33753,238,15897
48650,3653.19,0,0,-1,0,-30.00,33753,239,15897
48700,3602.31,0,0,0,0,4.36,33753,239,15897
48750,3624.94,0,0,0,0,-32.99,33753,239,15897
48800,3611.85,0,0,0,0,23.64,33753,239,15897
48850,3632.84,0,0,0,0,-33.99,33753,239,15897
48900,3615.33,0,0,0,0,31.64,33753,240,15897
48950,3643.43,0,0,-1,0,-7.07,33753,242,15897
49000,3611.85,0,0,0,0,14.85,33753,242,15897
49050,3643.43,0,0,-1,0,-22.86,33753,243,15897
49100,3624.06,0,0,0,0,27.35,33753,244,15897
49150,3654.08,0,0,-1,0,-20.36,33753,246,15897
49200,3611.85,0,0,0,0,135.34,33755,246,15899
49250,3643.43,0,0,-1,0,-9.71,33755,248,15899
49300,3648.75,0,0,-1,0,51.30,33756,249,15899
49350,3543.59,0,0,1,0,306.52,33760,250,15925
49400,3546.10,0,0,1,0,395.05,33766,251,15957
49451,3545.26,0,0,1,0,466.51,33774,252,15997
49501,3546.10,0,0,1,0,398.16,33781,253,16051
49551,3546.10,0,0,1,0,401.27,33788,254,16089
49602,3782.15,-1,-2,0,0,-237.72,33799,255,16140
49652,3660.32,0,0,-1,0,29.71,33800,257,16140
49702,3635.48,0,0,0,0,21.27,33800,258,16140
49752,3611.85,0,0,0,0,14.85,33800,258,16140
49802,3626.69,0,0,0,0,-24.39,33800,258,16140
49852,3602.31,0,0,0,0,-38.30,33800,258,16140
49902,3632.84,0,0,0,0,-21.86,33800,258,16140
49952,3603.17,0,0,-1,0,-26.36,33800,259,16140
50002,3617.07,0,0,0,0,-40.53,33800,259,16140
50052,3615.33,0,0,0,0,25.45,33800,260,16140
50102,3664.79,0,0,-1,0,-29.31,33800,262,16140
50152,3601.44,0,0,0,0,12.29,33800,262,16140
50202,3654.97,0,0,-1,0,-41.38,33800,264,16140
50252,3615.33,0,0,0,0,28.99,33800,265,16140
50302,3617.94,0,0,0,0,-35.43,33800,265,16140
50352,3612.72,0,0,0,0,13.98,33800,265,16140
50402,3643.43,0,0,-1,0,-21.12,33800,266,16140
50452,3625.82,0,0,0,0,17.61,33800,267,16140
50502,3644.31,0,0,-1,0,-17.62,33800,269,16140
50552,3615.33,0,0,0,0,38.75,33800,270,16140
50603,3618.82,0,0,0,0,-33.73,33800,270,16140
50653,3601.44,0,0,0,0,-22.53,33800,270,16140
50703,3634.60,0,0,0,0,-32.30,33800,270,16140
50753,3614.46,0,0,0,0,28.97,33800,271,16140
50803,3654.08,0,0,-1,0,-38.75,33800,273,16140
50853,3625.82,0,0,0,0,18.50,33800,274,16140
50903,3610.98,0,0,0,0,4.35,33800,275,16140
50953,3601.44,0,0,0,0,-30.30,33800,275,16140
51003,3632.84,0,0,0,0,-20.12,33800,275,16140
51053,3613.59,0,0,0,0,41.38,33800,276,16140
51103,3654.97,0,0,-1,0,-39.64,33800,278,16140
51153,3634.60,0,0,0,0,19.48,33800,279,16140
51203,3623.19,0,0,0,0,2.63,33800,280,16140
51253,3615.33,0,0,0,0,28.99,33800,281,16140
51303,3644.31,0,0,-1,0,-28.99,33800,283,16140
51353,3623.19,0,0,0,0,9.65,33800,283,16140
51403,3644.31,0,0,-1,0,-31.60,33800,284,16140
51453,3612.72,0,0,0,0,10.47,33800,284,16140
51503,3634.60,0,0,0,0,-33.16,33800,284,16140
51553,3612.72,0,0,0,0,12.22,33800,284,16140
51603,3643.43,0,0,-1,0,-30.71,33800,285,16140
51653,3612.72,0,0,0,0,9.60,33800,285,16140
51703,3645.20,0,0,-1,0,-23.76,33800,286,16140
51753,3636.36,0,0,0,0,28.43,33800,287,16140
51803,3654.97,0,0,-1,0,-31.78,33800,288,16140
51853,3625.82,0,0,0,0,39.87,33800,289,16140
51903,3632.84,0,0,0,0,-21.86,33800,289,16140
51953,3600.58,0,0,0,0,-36.58,33800,289,16140
52003,3644.31,0,0,-1,0,-32.47,33800,290,16140
52054,3636.36,0,0,0,0,18.61,33800,291,16140
52104,3623.19,0,0,0,0,0.00,33800,291,16140
52154,3603.17,0,0,0,0,22.02,33800,292,16140
52204,3644.31,0,0,-1,0,-37.68,33800,293,16140
52254,3612.72,0,0,0,0,26.29,33800,293,16140
52304,3623.19,0,0,0,0,-8.73,33800,294,16140
52354,3621.44,0,0,0,0,16.69,33800,294,16140
52404,3654.08,0,0,-1,0,-20.36,33800,296,16140
52454,3636.36,0,0,0,0,19.50,33800,297,16140
52504,3639.89,0,0,0,0,61.07,33801,297,16140
52554,3544.42,0,0,1,0,281.13,33804,298,16164
52604,3545.26,0,0,1,0,358.96,33809,299,16193
52654,3545.26,0,0,1,0,411.48,33815,300,16228
52704,3601.44,0,-1,0,-2,-166.82,33816,301,16230
52754,3604.04,0,-1,0,-3,-262.49,33818,301,16233
52804,3544.42,0,0,1,0,255.93,33821,302,16255
52854,3545.26,0,0,1,0,416.70,33826,303,16285
52905,3771.69,-1,-2,0,0,-228.10,33837,304,16346
52955,3657.64,0,0,-1,0,-11.56,33837,307,16346
53005,3581.66,0,0,0,0,31.05,33837,307,16346
53055,3595.40,0,0,0,0,12.02,33837,307,16346
53105,3602.31,0,0,0,0,-31.14,33837,307,16346
53155,3624.94,0,0,0,0,-32.13,33837,307,16346
53206,3615.33,0,0,0,0,28.10,33837,308,16346
53256,3654.97,0,0,-1,0,-18.61,33837,310,16346
53306,3634.60,0,0,0,0,31.09,33837,311,16346
53356,3654.97,0,0,-1,0,-18.61,33837,313,16346
53406,3623.19,0,0,0,0,10.53,33837,313,16346
53456,3623.19,0,0,0,0,-10.47,33837,313,16346
53506,3603.17,0,0,0,0,-22.66,33837,313,16346
53556,3616.20,0,0,0,0,-24.25,33837,313,16346
53606,3601.44,0,0,0,0,-20.80,33837,313,16346
53656,3633.72,0,0,0,0,-22.74,33837,313,16346
53706,3574.83,0,0,0,0,79.25,33837,314,16346
53756,3664.79,0,0,-1,0,-37.22,33838,315,16346
53806,3646.97,0,0,-1,0,17.82,33838,317,16346
53856,3635.48,0,0,0,0,11.49,33838,319,16346
53906,3615.33,0,0,0,0,28.10,33838,320,16346
53956,3625.82,0,0,0,0,-23.51,33838,320,16346
54006,3600.58,0,0,0,0,-30.40,33838,320,16346
54056,3635.48,0,0,0,0,-33.18,33838,320,16346
54106,3591.09,0,0,0,0,-14.78,33838,320,16346
54156,3632.84,0,0,0,0,-42.61,33838,320,16346
54206,3612.72,0,0,0,0,22.77,33838,320,16346
54256,3654.97,0,0,-1,0,-18.61,33838,322,16346
54306,3635.48,0,0,0,0,18.60,33838,323,16346
54356,3612.72,0,0,0,0,9.60,33838,323,16346
54406,3602.31,0,0,0,0,-25.22,33838,323,16346
54456,3617.94,0,0,0,0,-17.37,33838,323,16346
54506,3576.54,0,0,0,0,30.10,33838,323,16346
54556,3635.48,0,0,0,0,-34.91,33838,323,16346
54606,3615.33,0,0,0,0,28.99,33838,324,16346
54656,3664.79,0,0,-1,0,-48.59,33838,326,16346
54706,3646.97,0,0,-1,0,28.60,33838,327,16346
54756,3644.31,0,0,-1,0,-7.95,33838,328,16346
54806,3616.20,0,0,0,0,27.23,33838,329,16346
54856,3633.72,0,0,0,0,-20.13,33838,330,16346
54906,3573.13,0,0,0,0,19.68,33838,330,16346
54956,3616.20,0,0,0,0,-20.80,33838,330,16346
55006,3602.31,0,0,0,0,-40.77,33838,330,16346
55056,3643.43,0,0,-1,0,-41.99,33838,331,16346
55106,3625.82,0,0,0,0,29.16,33838,332,16346
55156,3632.84,0,0,0,0,-11.40,33838,332,16346
55206,3591.95,0,0,0,0,-11.40,33838,332,16346
55256,3632.84,0,0,0,0,-40.03,33838,332,16346
55306,3615.33,0,0,0,0,28.99,33838,333,16346
55356,3643.43,0,0,-1,0,-23.74,33838,334,16346
55406,3625.82,0,0,0,0,28.26,33838,335,16346
55456,3643.43,0,0,-1,0,-32.45,33838,336,16346
55506,3621.44,0,0,0,0,11.40,33838,336,16346
55556,3632.84,0,0,0,0,-17.51,33838,337,16346
55606,3611.85,0,0,0,0,21.87,33838,337,16346
55656,3621.44,0,0,0,0,-8.72,33838,337,16346
55706,3590.23,0,0,0,0,-19.94,33838,337,16346
55756,3624.94,0,0,0,0,-32.99,33838,337,16346
55806,3612.72,0,0,0,0,13.98,33838,337,16346
55856,3644.31,0,0,-1,0,-21.13,33838,338,16346
55906,3623.19,0,0,0,0,9.65,33838,338,16346
55956,3627.57,0,0,0,0,-25.26,33838,338,16346
56006,3612.72,0,0,0,0,12.22,33838,338,16346
56056,3654.08,0,0,-1,0,-30.89,33838,339,16346
56107,3605.77,0,0,-1,0,-27.23,33838,340,16346
56157,3642.54,0,0,-1,0,-38.51,33838,342,16346
56207,3602.31,0,0,0,0,-22.66,33838,342,16346
56257,3635.48,0,0,0,0,-33.18,33838,342,16346
56307,3615.33,0,0,0,0,27.22,33838,343,16346
56357,3643.43,0,0,-1,0,-14.10,33838,345,16346
56407,3625.82,0,0,0,0,27.37,33838,346,16346
56457,3632.84,0,0,0,0,-6.15,33838,346,16346
56507,3611.85,0,0,0,0,27.16,33838,346,16346
56557,3670.17,0,0,0,0,-87.66,33838,347,16346
56607,3612.72,0,0,0,0,20.12,33838,347,16346
56657,3646.97,0,0,-1,0,11.56,33838,349,16346
56707,3601.44,0,-2,0,-1,-258.25,33841,349,16347
56757,3632.84,0,0,0,0,-17.51,33841,349,16347
56807,3628.45,0,0,0,0,59.78,33842,349,16347
56857,3650.52,0,0,-1,0,148.87,33845,350,16347
56907,3546.10,0,0,1,0,411.68,33852,351,16384
56957,3554.50,0,0,1,0,508.34,33861,352,16431
57007,3546.10,0,0,1,0,399.19,33869,353,16491
57057,3544.42,0,0,1,0,290.91,33872,354,16508
57107,3544.42,0,0,1,0,288.95,33877,355,16534
57157,3629.32,0,0,0,0,142.36,33880,355,16534
57207,3544.42,0,0,1,0,296.81,33885,356,16560
57257,3545.26,0,0,1,0,371.19,33891,357,16589
57307,3544.42,0,0,1,0,516.22,33898,358,16637
57357,3491.62,0,1,0,0,458.87,33904,358,16669
57408,3748.13,-1,-1,0,-1,-203.70,33913,359,16722
57458,3612.72,0,0,0,0,20.12,33913,359,16722
57508,3624.06,0,0,0,0,-33.83,33913,359,16722
57558,3600.58,0,0,0,0,-36.58,33913,359,16722
57608,3623.19,0,0,0,0,-29.51,33913,359,16722
57658,3615.33,0,0,0,0,25.45,33913,360,16722
57708,3632.84,0,0,0,0,2.64,33913,361,16722
57758,3612.72,0,0,0,0,21.00,33913,361,16722
57808,3643.43,0,0,-1,0,-27.23,33913,363,16722
57858,3623.19,0,0,0,0,9.65,33913,363,16722
57908,3644.31,0,0,-1,0,-28.99,33913,365,16722
57958,3625.82,0,0,0,0,17.61,33913,366,16722
58008,3618.82,0,0,0,0,-35.44,33913,366,16722
58058,3600.58,0,0,0,0,-37.44,33913,366,16722
58108,3626.69,0,0,0,0,-25.25,33913,366,16722
58158,3615.33,0,0,0,0,26.33,33913,367,16722
58208,3643.43,0,0,-1,0,-21.99,33913,368,16722
58258,3602.31,0,0,0,0,-6.11,33913,368,16722
58308,3643.43,0,0,-1,0,-28.10,33913,370,16722
58358,3614.46,0,0,0,0,28.97,33913,371,16722
58408,3592.81,0,0,0,0,-25.44,33913,371,16722
58458,3583.37,0,0,0,0,25.00,33913,371,16722
58508,3616.20,0,0,0,0,-23.39,33913,371,16722
58558,3605.77,0,0,-1,0,-47.12,33913,372,16722
58608,3665.69,0,0,-1,0,-41.63,33913,374,16722
58658,3636.36,0,0,0,0,17.72,33913,375,16722
58708,3664.79,0,0,-1,0,-28.43,33913,377,16722
58758,3636.36,0,0,0,0,28.43,33913,378,16722
58808,3623.19,0,0,0,0,-11.34,33913,378,16722
58858,3602.31,0,0,0,0,-13.91,33913,378,16722
58908,3592.81,0,0,0,0,-13.90,33913,378,16722
58958,3585.09,0,0,0,0,23.29,33913,378,16722
59008,3635.48,0,0,0,0,-33.18,33913,378,16722
59058,3625.82,0,0,0,0,17.61,33913,379,16722
59108,3632.84,0,0,0,0,4.40,33913,380,16722
59158,3625.82,0,0,0,0,16.73,33913,381,16722
59208,3664.79,0,0,-1,0,-38.98,33913,383,16722
59258,3592.81,0,0,0,0,38.10,33913,383,16722
59308,3608.37,0,0,0,0,20.54,33913,383,16722
59358,3591.09,0,0,0,0,-32.02,33913,383,16722
59408,3618.82,0,0,0,0,-35.44,33913,383,16722
59458,3622.31,0,0,0,0,11.41,33913,383,16722
59508,3643.43,0,0,-1,0,-17.61,33913,385,16722
59558,3625.82,0,0,0,0,16.73,33913,386,16722
59608,3654.08,0,0,-1,0,-28.26,33913,388,16722
59658,3634.60,0,0,0,0,19.48,33913,389,16722
59708,3612.72,0,0,0,0,13.10,33913,390,16722
59758,3593.67,0,0,0,0,25.92,33913,390,16722
59808,3615.33,0,0,0,0,-23.37,33913,390,16722
59858,3602.31,0,0,0,0,-26.92,33913,390,16722
59908,3642.54,0,0,-1,0,-30.70,33913,391,16722
59958,3622.31,0,0,0,0,0.87,33913,391,16722
60008,3654.08,0,0,-1,0,-19.48,33913,393,16722
60058,3625.82,0,0,0,0,18.50,33913,394,16722
60108,3626.69,0,0,0,0,-23.52,33913,395,16722
60158,3600.58,0,0,0,0,-37.44,33913,395,16722
60208,3639.01,0,0,0,0,41.97,33914,395,16722
60258,3613.59,0,0,0,0,13.11,33914,395,16722
60308,3617.94,0,0,0,0,-44.81,33914,395,16722
60358,3602.31,0,0,0,0,-37.44,33914,395,16722
60408,3607.50,0,0,0,0,-13.90,33914,395,16722
60459,3602.31,0,0,0,0,-27.78,33914,395,16722
60509,3632.84,0,0,0,0,-41.75,33914,395,16722
60559,3615.33,0,0,0,0,36.97,33914,396,16722
60609,3626.69,0,0,0,0,-24.39,33914,396,16722
60659,3636.36,0,0,0,0,7.95,33914,397,16722
60709,3644.31,0,0,-1,0,-7.95,33914,399,16722
60759,3636.36,0,0,0,0,28.43,33914,400,16722
60809,3654.08,0,0,-1,0,-17.72,33914,402,16722
60859,3625.82,0,0,0,0,28.26,33914,403,16722
60909,3623.19,0,0,0,0,-8.73,33914,404,16722
60959,3591.95,0,0,0,0,-18.20,33914,404,16722
61009,3624.94,0,0,0,0,-22.63,33914,404,16722
61059,3602.31,0,0,0,0,-37.44,33914,404,16722
61109,3654.08,0,0,-1,0,-38.75,33914,406,16722
61159,3610.98,0,0,0,0,22.74,33914,406,16722
61209,3626.69,0,0,0,0,-25.25,33914,406,16722
61259,3623.19,0,0,0,0,9.65,33914,406,16722
61309,3632.84,0,0,0,0,-21.86,33914,406,16722
61359,3610.98,0,0,0,0,25.39,33914,406,16722
61409,3654.08,0,0,-1,0,-40.49,33914,407,16722
61459,3632.84,0,0,0,0,7.05,33914,407,16722
61509,3643.43,0,0,-1,0,-15.86,33914,409,16722
61559,3636.36,0,0,0,0,14.16,33914,410,16722
61609,3614.46,0,0,0,0,-19.06,33914,410,16722
61659,3590.23,0,0,0,0,-16.49,33914,410,16722
61709,3632.84,0,0,0,0,-34.86,33914,410,16722
61759,3602.31,0,0,0,0,-24.39,33914,410,16722
61809,3694.58,0,-1,0,0,-146.80,33915,411,16722
61859,3615.33,0,0,0,0,26.33,33915,412,16722
61910,3657.64,0,0,-1,0,5.36,33915,414,16722
61960,3630.20,0,0,0,0,161.51,33918,414,16722
62010,3545.26,0,0,1,0,362.01,33923,415,16757
62060,3545.26,0,0,1,0,463.29,33930,416,16797
62110,3674.67,0,0,0,0,90.39,33939,416,16852
62160,3632.84,0,0,0,0,-17.51,33939,417,16852
62210,3620.56,0,0,0,0,-14.80,33939,417,16852
62260,3632.84,0,0,0,0,132.22,33950,417,16922
62310,3611.85,0,0,0,0,21.87,33950,417,16922
62360,3633.72,0,0,0,0,-22.74,33950,417,16922
62410,3610.98,0,0,0,0,22.74,33950,417,16922
62460,3632.84,0,0,0,0,-20.12,33950,417,16922
62510,3625.82,0,0,0,0,17.61,33950,418,16922
62560,3654.97,0,0,-1,0,-29.16,33950,420,16922
62610,3625.82,0,0,0,0,29.16,33950,421,16922
62660,3644.31,0,0,-1,0,-18.50,33950,423,16922
62710,3625.82,0,0,0,0,28.26,33950,424,16922
62760,3623.19,0,0,0,0,2.63,33950,425,16922
62810,3601.44,0,0,0,0,-17.34,33950,425,16922
62860,3635.48,0,0,0,0,-33.18,33950,425,16922
62910,3602.31,0,0,0,0,-29.71,33950,425,16922
62960,3632.84,0,0,0,0,-20.12,33950,425,16922
63010,3650.52,0,0,-1,0,-47.35,33950,426,16922
63060,3635.48,0,0,0,0,-34.91,33950,426,16922
63110,3603.17,0,0,-1,0,-39.41,33950,427,16922
63160,3632.84,0,0,0,0,-20.12,33950,427,16922
63210,3615.33,0,0,0,0,28.10,33950,428,16922
63260,3631.96,0,0,0,0,-19.24,33950,428,16922
63310,3615.33,0,0,0,0,28.10,33950,429,16922
63360,3644.31,0,0,-1,0,-20.25,33950,431,16922
63410,3612.72,0,0,0,0,10.47,33950,431,16922
63460,3634.60,0,0,0,0,-32.30,33950,431,16922
63510,3612.72,0,0,0,0,21.00,33950,431,16922
63560,3623.19,0,0,0,0,-31.23,33950,431,16922
63610,3600.58,0,0,0,0,-37.44,33950,431,16922
63660,3635.48,0,0,0,0,-30.58,33950,432,16922
63710,3615.33,0,0,0,0,28.99,33950,433,16922
63760,3654.08,0,0,-1,0,-28.26,33950,435,16922
63810,3612.72,0,0,0,0,21.00,33950,435,16922
63860,3654.08,0,0,-1,0,-28.26,33950,437,16922
63910,3624.94,0,0,0,0,39.85,33950,438,16922
63960,3589.38,0,0,0,0,4.30,33950,438,16922
64010,3557.03,0,0,1,0,28.91,33950,439,16922
64060,3617.94,0,0,0,0,-36.28,33950,439,16922
64110,3612.72,0,0,0,0,19.24,33950,439,16922
64160,3664.79,0,0,-1,0,-28.43,33950,441,16922
64210,3644.31,0,0,-1,0,30.35,33950,442,16922
64260,3657.64,0,0,-1,0,-10.67,33950,445,16922
64310,3624.94,0,0,0,0,21.15,33950,447,16922
64360,3643.43,0,0,-1,0,-21.99,33950,448,16922
64410,3604.90,0,0,-1,0,-27.23,33950,449,16922
64460,3607.50,0,0,0,0,16.25,33950,449,16922
64510,3590.23,0,0,0,0,-38.87,33950,449,16922
64560,3633.72,0,0,0,0,-21.00,33950,449,16922
64610,3541.08,0,0,1,0,94.41,33950,450,16922
64660,3600.58,0,0,0,0,107.73,33951,450,16925
64710,3600.58,0,0,0,0,-34.57,33951,450,16925
64760,3643.43,0,0,-1,0,-28.97,33951,452,16925
64811,3646.97,0,0,-1,0,17.82,33951,454,16925
64861,3633.72,0,0,0,0,1.76,33951,454,16925
64911,3601.44,0,0,0,0,-33.99,33951,454,16925
64961,3608.37,0,0,0,0,-16.50,33951,454,16925
65011,3589.38,0,0,0,0,9.47,33951,454,16925
65061,3635.48,0,0,0,0,-33.18,33951,454,16925
65111,3611.85,0,0,0,0,23.64,33951,454,16925
65161,3643.43,0,0,-1,0,-32.45,33951,455,16925
65211,3615.33,0,0,0,0,38.75,33951,456,16925
65261,3632.84,0,0,0,0,-20.12,33951,456,16925
65311,3613.59,0,0,0,0,29.84,33951,457,16925
65361,3654.08,0,0,-1,0,-17.72,33951,459,16925
65411,3602.31,0,0,0,0,-14.89,33951,459,16925
65461,3633.72,0,0,0,0,-21.00,33951,459,16925
65511,3625.82,0,0,0,0,28.26,33951,460,16925
65561,3621.44,0,0,0,0,-5.24,33951,461,16925
65611,3591.09,0,0,0,0,-42.50,33951,461,16925
65661,3633.72,0,0,0,0,-21.00,33951,461,16925
65711,3605.77,0,0,-1,0,-25.48,33951,462,16925
65761,3654.08,0,0,-1,0,-41.36,33951,463,16925
65811,3625.82,0,0,0,0,28.26,33951,464,16925
65861,3644.31,0,0,-1,0,-5.30,33951,465,16925
65911,3612.72,0,0,0,0,26.29,33951,465,16925
65961,3644.31,0,0,-1,0,-23.75,33951,466,16925
66011,3612.72,0,0,0,0,18.37,33951,466,16925
66061,3632.84,0,0,0,0,-34.86,33951,466,16925
66111,3602.31,0,0,0,0,-28.62,33951,466,16925
66161,3626.69,0,0,0,0,-18.32,33951,466,16925
66211,3604.04,0,0,-1,0,-36.76,33951,467,16925
66262,3643.43,0,0,-1,0,-5.30,33951,468,16925
66312,3626.69,0,0,0,0,106.51,33952,469,16928
66362,3544.42,0,0,1,0,331.55,33957,470,16957
66413,3759.40,-1,-2,0,0,-215.81,33967,471,17004
66463,3622.31,0,0,0,0,11.41,33967,471,17004
66513,3602.31,0,0,0,0,27.16,33967,471,17004
66563,3585.09,0,0,0,0,21.55,33967,471,17004
66613,3616.20,0,0,0,0,-25.97,33967,471,17004
66663,3602.31,0,0,0,0,-11.31,33967,471,17004
66713,3632.84,0,0,0,0,-20.12,33967,471,17004
66763,3601.44,0,0,0,0,-30.58,33967,471,17004
66813,3644.31,0,0,-1,0,-20.25,33967,473,17004
66863,3625.82,0,0,0,0,28.26,33967,474,17004
66913,3664.79,0,0,-1,0,-39.85,33967,476,17004
66963,3625.82,0,0,0,0,17.61,33967,477,17004
67013,3626.69,0,0,0,0,-26.12,33967,477,17004
67063,3611.85,0,0,0,0,14.85,33967,477,17004
67113,3633.72,0,0,0,0,-21.00,33967,477,17004
67163,3612.72,0,0,0,0,22.77,33967,477,17004
67213,3631.08,0,0,0,0,-7.89,33967,477,17004
67263,3615.33,0,0,0,0,28.99,33967,478,17004
67313,3643.43,0,0,-1,0,-30.71,33967,479,17004
67363,3625.82,0,0,0,0,29.16,33967,480,17004
67414,3612.72,0,0,0,0,23.65,33967,481,17004
67464,3591.95,0,0,0,0,-39.91,33967,481,17004
67514,3635.48,0,0,0,0,-30.58,33967,482,17004
67564,3600.58,0,0,0,0,-4.34,33967,482,17004
67614,3643.43,0,0,-1,0,-30.71,33967,483,17004
67664,3615.33,0,0,0,0,27.22,33967,484,17004
67714,3654.97,0,0,-1,0,-30.03,33967,486,17004
67764,3636.36,0,0,0,0,18.61,33967,487,17004
67814,3644.31,0,0,-1,0,-7.95,33967,489,17004
67864,3624.94,0,0,0,0,29.14,33967,490,17004
67914,3644.31,0,0,-1,0,-7.95,33967,492,17004
67964,3624.94,0,0,0,0,18.49,33967,493,17004
68014,3602.31,0,0,0,0,25.45,33967,494,17004
68064,3573.98,0,0,0,0,24.00,33967,494,17004
68114,3605.77,0,0,0,0,15.47,33967,494,17004
68164,3590.23,0,0,0,0,-32.02,33967,494,17004
68214,3632.84,0,0,0,0,-40.89,33967,494,17004
68264,3615.33,0,0,0,0,31.64,33967,495,17004
68314,3665.69,0,0,-1,0,-29.33,33967,497,17004
68364,3649.63,0,0,-1,0,28.64,33968,499,17004
68414,3656.75,0,0,-1,0,-9.78,33968,502,17004
68464,3612.72,0,0,0,0,20.12,33968,502,17004
68514,3623.19,0,0,0,0,-0.87,33968,502,17004
68564,3602.31,0,0,0,0,-26.07,33968,502,17004
68614,3642.54,0,0,-1,0,-40.24,33968,503,17004
68664,3683.69,0,-1,0,0,-131.72,33969,504,17004
68714,3615.33,0,0,0,0,-24.23,33969,504,17004
68764,3613.59,0,0,0,0,14.86,33969,504,17004
68814,3612.72,0,0,0,0,0.00,33969,504,17004
68864,3600.58,0,0,0,0,-34.59,33969,504,17004
68914,3644.31,0,0,-1,0,-32.47,33969,505,17004
68964,3612.72,0,0,0,0,20.12,33969,505,17004
69014,3631.08,0,0,0,0,-7.89,33969,505,17004
69064,3626.69,0,0,0,0,17.62,33969,506,17004
69114,3664.79,0,0,-1,0,-29.31,33969,508,17004
69164,3636.36,0,0,0,0,28.43,33969,509,17004
69214,3622.31,0,0,0,0,3.50,33969,510,17004
69264,3612.72,0,0,0,0,9.60,33969,510,17004
69314,3602.31,0,0,0,0,18.37,33969,510,17004
69364,3591.95,0,0,0,0,-20.78,33969,510,17004
69414,3635.48,0,0,0,0,-34.91,33969,510,17004
69464,3625.82,0,0,0,0,28.26,33969,511,17004
69514,3623.19,0,0,0,0,1.75,33969,512,17004
69564,3610.98,0,0,0,0,21.86,33969,512,17004
69614,3654.08,0,0,-1,0,-41.36,33969,513,17004
69664,3602.31,0,0,0,0,-6.98,33969,513,17004
69714,3644.31,0,0,-1,0,-35.08,33969,514,17004
69764,3625.82,0,0,0,0,14.96,33969,515,17004
69814,3643.43,0,0,-1,0,-11.47,33969,516,17004
69864,3625.82,0,0,0,0,16.73,33969,517,17004
69914,3611.85,0,0,0,0,14.85,33969,518,17004
69964,3603.17,0,0,0,0,-36.48,33969,518,17004
70014,3634.60,0,0,0,0,-30.56,33969,518,17004
70064,3615.33,0,0,0,0,35.19,33969,519,17004
70114,3631.96,0,0,0,0,-32.25,33969,519,17004
70164,3621.44,0,0,0,0,15.81,33969,519,17004
70214,3594.54,0,0,-1,0,-29.99,33969,520,17004
70264,3469.81,0,1,0,0,83.85,33970,522,17004
70315,3444.32,0,2,0,0,14.30,33973,523,17004
70365,3357.21,0,3,0,0,33.39,33980,523,17004
70415,3291.64,0,4,0,0,5.79,33990,523,17006
70465,3234.15,0,4,0,0,11.90,33998,523,17008
70515,3150.60,3,5,0,9,196.87,34013,523,17043
70565,3084.52,3,6,0,0,14.66,34031,523,17044
70615,3035.82,0,7,0,0,8.01,34045,523,17046
70665,2947.53,7,8,0,1,37.54,34067,523,17049
70715,2887.95,0,9,0,2,46.32,34084,523,17051
70765,2843.06,0,9,0,1,40.44,34102,523,17052
70815,2789.14,5,10,0,0,2.08,34131,523,17053
70865,2736.73,0,11,0,0,1.00,34153,523,17055
70915,2682.88,0,11,0,0,9.15,34175,523,17056
70965,2638.99,0,12,0,0,1.86,34199,523,17057
71015,2586.21,0,13,0,0,2.23,34225,523,17059
71065,2574.22,16,13,0,6,132.38,34265,523,17091
71115,2443.00,12,15,0,1,47.46,34294,523,17095
71165,2393.87,12,15,0,1,41.59,34324,523,17096
71215,2345.22,14,16,0,1,43.32,34355,523,17097
71265,2294.63,16,16,0,1,45.10,34387,523,17098
71315,2289.03,0,17,0,0,5.60,34404,523,17098
71365,2249.21,0,17,0,0,-9.74,34438,523,17099
71415,2192.98,1,18,0,0,3.21,34474,523,17100
71465,2144.08,9,18,0,0,1.53,34510,523,17101
71515,2094.68,16,19,0,0,5.28,34548,523,17102
71565,2047.50,0,20,0,1,47.18,34568,523,17103
71615,2003.74,6,20,0,1,42.92,34608,523,17104
71665,1954.14,18,21,0,1,40.01,34649,523,17105
71715,1947.80,0,21,0,0,6.34,34670,523,17105
71766,1899.70,12,22,0,0,7.00,34714,523,17106
71816,1856.44,0,22,0,1,43.26,34736,523,17107
71866,1805.92,12,23,0,1,45.01,34781,523,17108
71916,1803.97,0,23,0,0,1.95,34804,523,17108
71966,1756.65,12,23,0,0,0.82,34850,523,17109
72016,1707.07,0,24,0,1,49.58,34874,523,17110
72066,1660.95,22,25,0,1,45.15,34923,523,17111
72116,1658.37,7,25,0,0,2.57,34948,523,17111
72166,1607.72,0,25,0,1,50.66,34973,523,17112
72216,1560.22,22,26,0,1,49.39,35024,523,17113
72266,1559.74,10,26,0,0,0.49,35050,523,17113
72316,1509.21,1,27,0,1,50.53,35077,523,17114
72366,1509.51,0,27,0,0,-0.30,35104,523,17114
72416,1461.28,23,27,0,0,-2.98,35158,523,17115
72466,1407.13,18,28,0,1,54.15,35186,523,17116
72516,1411.10,9,28,0,0,-3.97,35214,523,17116
72566,1355.87,5,29,0,1,55.23,35243,523,17117
72616,1358.20,0,29,0,0,-2.33,35272,523,17117
72666,1305.37,0,29,0,1,52.83,35301,523,17118
72716,1305.82,0,29,0,0,-0.45,35330,523,17118
72766,1252.30,0,30,0,1,53.53,35360,523,17119
72816,1253.97,0,30,0,0,-1.68,35390,523,17119
72866,1198.08,0,31,0,1,55.89,35421,523,17120
72916,1201.35,0,31,0,0,-3.26,35452,523,17120
72966,1142.60,0,31,0,1,58.75,35483,523,17121
73016,1146.18,0,31,0,0,-3.58,35514,523,17121
73066,1088.06,1,32,0,1,58.12,35546,523,17122
73116,1089.64,8,32,0,0,-1.58,35578,523,17122
73166,1037.78,13,33,0,0,51.87,35611,523,17122
73216,1026.90,23,33,0,0,10.87,35644,523,17122
73266,1026.90,0,33,0,0,10.87,35644,523,17122
73316,961.72,0,34,0,1,65.18,35678,523,17123
73366,966.31,0,34,0,0,-4.58,35712,523,17123
73416,897.67,16,35,0,1,68.64,35747,523,17124
73466,900.58,32,35,0,0,-2.91,35782,523,17124
73516,900.58,0,35,0,0,-2.91,35782,523,17124
73566,838.60,4,35,0,0,61.98,35817,523,17124
73616,829.55,28,36,0,0,9.04,35853,523,17124
73666,829.55,0,36,0,0,9.04,35853,523,17124
73716,766.28,5,36,0,0,63.27,35889,523,17124
73766,750.15,36,37,0,0,16.13,35926,523,17124
73816,750.15,0,37,0,0,16.13,35926,523,17124
73866,685.90,25,37,0,0,64.25,35963,523,17124
73916,685.90,0,37,0,0,64.25,35963,523,17124
73966,660.41,16,38,0,0,25.49,36001,523,17124
74016,660.41,0,38,0,0,25.49,36001,523,17124
74066,587.59,19,39,0,0,72.82,36040,523,17124
74116,587.59,0,39,0,0,72.82,36040,523,17124
74166,555.53,28,39,0,0,32.06,36079,523,17124
74216,555.53,0,39,0,0,32.06,36079,523,17124
74266,555.53,0,39,0,0,32.06,36079,523,17124
74316,468.78,8,40,0,0,86.76,36119,523,17124
74366,468.78,0,40,0,0,86.76,36119,523,17124
74416,468.78,0,40,0,0,86.76,36119,523,17124
74466,417.86,1,41,0,0,50.92,36160,523,17124
74516,417.86,0,41,0,0,50.92,36160,523,17124
74566,417.86,0,41,0,0,50.92,36160,523,17124
74616,417.86,0,41,0,0,50.92,36160,523,17124
75764,89.72,0,41,0,0,50.92,36160,523,17124
75814,89.72,0,41,0,0,50.92,36160,523,17124
75864,89.72,0,41,0,0,50.92,36160,523,17124
75914,89.72,0,41,0,0,50.92,36160,523,17124
75964,89.72,0,41,0,0,50.92,36160,523,17124
76014,0.00,0,41,0,0,50.92,36160,523,17124
76064,0.00,0,41,0,0,50.92,36160,523,17124
76114,0.00,0,41,0,0,50.92,36160,523,17124
76164,0.00,0,41,0,0,50.92,36160,523,17124
76214,0.00,0,41,0,0,50.92,36160,523,17124
76264,0.00,0,41,0,0,50.92,36160,523,17124
76314,0.00,0,41,0,0,50.92,36160,523,17124
76364,0.00,0,41,0,0,50.92,36160,523,17124
76414,0.00,0,41,0,0,50.92,36160,523,17124
76464,0.00,0,41,0,0,50.92,36160,523,17124
76514,0.00,0,41,0,0,50.92,36160,523,17124
76564,0.00,0,41,0,0,50.92,36160,523,17124
76614,0.00,0,41,0,0,50.92,36160,523,17124
76664,0.00,0,41,0,0,50.92,36160,523,17124
76715,0.00,0,41,0,0,50.92,36160,523,17124
76765,0.00,0,41,0,0,50.92,36160,523,17124
76815,0.00,0,41,0,0,50.92,36160,523,17124
76865,0.00,0,41,0,0,50.92,36160,523,17124
76915,0.00,0,41,0,0,50.92,36160,523,17124
76965,0.00,0,41,0,0,50.92,36160,523,17124
77015,0.00,0,41,0,0,50.92,36160,523,17124
77065,0.00,0,41,0,0,50.92,36160,523,17124
77115,0.00,0,41,0,0,50.92,36160,523,17124
77165,0.00,0,41,0,0,50.92,36160,523,17124
77215,0.00,0,41,0,0,50.92,36160,523,17124
77265,0.00,0,41,0,0,50.92,36160,523,17124
77315,0.00,0,41,0,0,50.92,36160,523,17124
77365,0.00,0,41,0,0,50.92,36160,523,17124
77415,0.00,0,41,0,0,50.92,36160,523,17124
77465,0.00,0,41,0,0,50.92,36160,523,17124
77515,0.00,0,41,0,0,50.92,36160,523,17124
77565,0.00,0,41,0,0,50.92,36160,523,17124
77615,0.00,0,41,0,0,50.92,36160,523,17124
77665,0.00,0,41,0,0,50.92,36160,523,17124
77715,0.00,0,41,0,0,50.92,36160,523,17124
77765,0.00,0,41,0,0,50.92,36160,523,17124
77815,0.00,0,41,0,0,50.92,36160,523,17124
77865,0.00,0,41,0,0,50.92,36160,523,17124
77915,0.00,0,41,0,0,50.92,36160,523,17124
77965,0.00,0,41,0,0,50.92,36160,523,17124
78015,0.00,0,41,0,0,50.92,36160,523,17124
78065,0.00,0,41,0,0,50.92,36160,523,17124
78115,0.00,0,41,0,0,50.92,36160,523,17124
78166,0.00,0,41,0,0,50.92,36160,523,17124
78216,0.00,0,41,0,0,50.92,36160,523,17124
78266,0.00,0,41,0,0,50.92,36160,523,17124
78316,0.00,0,41,0,0,50.92,36160,523,17124
78366,0.00,0,41,0,0,50.92,36160,523,17124
78416,0.00,0,41,0,0,50.92,36160,523,17124
78466,0.00,0,41,0,0,50.92,36160,523,17124
78516,0.00,0,41,0,0,50.92,36160,523,17124
78566,0.00,0,41,0,0,50.92,36160,523,17124
78616,0.00,0,41,0,0,50.92,36160,523,17124
78666,0.00,0,41,0,0,50.92,36160,523,17124
78716,0.00,0,41,0,0,50.92,36160,523,17124
78766,0.00,0,41,0,0,50.92,36160,523,17124
78816,0.00,0,41,0,0,50.92,36160,523,17124
78866,0.00,0,41,0,0,50.92,36160,523,17124
78916,0.00,0,41,0,0,50.92,36160,523,17124
78966,0.00,0,41,0,0,50.92,36160,523,17124
79016,0.00,0,41,0,0,50.92,36160,523,17124
79066,0.00,0,41,0,0,50.92,36160,523,17124
79116,0.00,0,41,0,0,50.92,36160,523,17124
79166,0.00,0,41,0,0,50.92,36160,523,17124
79216,0.00,0,41,0,0,50.92,36160,523,17124
79266,0.00,0,41,0,0,50.92,36160,523,17124
79316,0.00,0,41,0,0,50.92,36160,523,17124
79366,0.00,0,41,0,0,50.92,36160,523,17124
79416,0.00,0,41,0,0,50.92,36160,523,17124
79466,0.00,0,41,0,0,50.92,36160,523,17124
79516,0.00,0,41,0,0,50.92,36160,523,17124
79566,0.00,0,41,0,0,50.92,36160,523,17124
79616,0.00,0,41,0,0,50.92,36160,523,17124
79666,0.00,0,41,0,0,50.92,36160,523,17124
79716,0.00,0,41,0,0,50.92,36160,523,17124
79766,0.00,0,41,0,0,50.92,36160,523,17124
79816,0.00,0,41,0,0,50.92,36160,523,17124
79866,0.00,0,41,0,0,50.92,36160,523,17124
79916,0.00,0,41,0,0,50.92,36160,523,17124
79966,0.00,0,41,0,0,50.92,36160,523,17124
80016,0.00,0,41,0,0,50.92,36160,523,17124
80066,0.00,0,41,0,0,50.92,36160,523,17124
80116,0.00,0,41,0,0,50.92,36160,523,17124
80166,0.00,0,41,0,0,50.92,36160,523,17124
