Mechanical Governor - No Load
Trial: 3
Date: 3-31-2023
Time: 11:50 AM
Ambient Temp: 82
Head Temp: 201.4

------ Microcontroller Engine Governor - Version: 1.16 ------
-------------------------------------------------------------
PID Gains:        Kp: 0.013000   Ki: 0.025000   Kd: 1.000000
-------------------------------------------------------------
Set RPM:             3600    |  Min RPM:                300
                             |
RPM Precision        10       |  PID I Precision:         70
                             |
Start Steps:         850     |  Max Steps:               1200
                             |
RPM Calc Interval:   1       |  Num Magnets:             1
                             |
LCD Update Interval: 400     |  Serial Update Interval:  50
-------------------------------------------------------------

Time,RPM,Steps Remaining, PID p, PID i, PID d, RPM Change, P Cmd, I Cmd, D Cmd
1226,0.00,0,0,0,0,0.00,0,0,0
1276,0.00,0,0,0,0,0.00,0,0,0
1326,0.00,0,0,0,0,0.00,0,0,0
1376,0.00,0,0,0,0,0.00,0,0,0
1426,0.00,0,0,0,0,0.00,0,0,0
1476,0.00,0,0,0,0,0.00,0,0,0
1526,0.00,0,0,0,0,0.00,0,0,0
1576,0.00,0,0,0,0,0.00,0,0,0
1626,0.00,0,0,0,0,0.00,0,0,0
1676,0.00,0,0,0,0,0.00,0,0,0
1726,0.00,0,0,0,0,0.00,0,0,0
1776,0.00,0,0,0,0,0.00,0,0,0
1826,0.00,0,0,0,0,0.00,0,0,0
1876,0.00,0,0,0,0,0.00,0,0,0
1926,0.00,0,0,0,0,0.00,0,0,0
1976,0.00,0,0,0,0,0.00,0,0,0
2026,0.00,0,0,0,0,0.00,0,0,0
2076,0.00,0,0,0,0,0.00,0,0,0
2126,0.00,0,0,0,0,0.00,0,0,0
2176,0.00,0,0,0,0,0.00,0,0,0
2226,0.00,0,0,0,0,0.00,0,0,0
2276,0.00,0,0,0,0,0.00,0,0,0
2326,0.00,0,0,0,0,0.00,0,0,0
2376,0.00,0,0,0,0,0.00,0,0,0
2426,0.00,0,0,0,0,0.00,0,0,0
2476,0.00,0,0,0,0,0.00,0,0,0
2526,0.00,0,0,0,0,0.00,0,0,0
2576,0.00,0,0,0,0,0.00,0,0,0
2626,0.00,0,0,0,0,0.00,0,0,0
2676,0.00,0,0,0,0,0.00,0,0,0
2726,0.00,0,0,0,0,0.00,0,0,0
2776,0.00,0,0,0,0,0.00,0,0,0
2826,0.00,0,0,0,0,0.00,0,0,0
2876,0.00,0,0,0,0,0.00,0,0,0
2926,0.00,0,0,0,0,0.00,0,0,0
2976,0.00,0,0,0,0,0.00,0,0,0
3026,0.00,0,0,0,0,0.00,0,0,0
3076,0.00,0,0,0,0,0.00,0,0,0
3126,0.00,0,0,0,0,0.00,0,0,0
3176,0.00,0,0,0,0,0.00,0,0,0
3226,0.00,0,0,0,0,0.00,0,0,0
3276,0.00,0,0,0,0,0.00,0,0,0
3326,0.00,0,0,0,0,0.00,0,0,0
3376,0.00,0,0,0,0,0.00,0,0,0
3426,0.00,0,0,0,0,0.00,0,0,0
3476,0.00,0,0,0,0,0.00,0,0,0
3526,0.00,0,0,0,0,0.00,0,0,0
3576,0.00,0,0,0,0,0.00,0,0,0
3627,0.00,0,0,0,0,0.00,0,0,0
3677,0.00,0,0,0,0,0.00,0,0,0
3727,0.00,0,0,0,0,0.00,0,0,0
3777,0.00,0,0,0,0,0.00,0,0,0
3827,0.00,0,0,0,0,0.00,0,0,0
3877,0.00,0,0,0,0,0.00,0,0,0
3927,0.00,0,0,0,0,0.00,0,0,0
3977,0.00,0,0,0,0,0.00,0,0,0
4027,0.00,0,0,0,0,0.00,0,0,0
4077,0.00,0,0,0,0,0.00,0,0,0
4127,0.00,0,0,0,0,0.00,0,0,0
4177,0.00,0,0,0,0,0.00,0,0,0
4227,0.00,0,0,0,0,0.00,0,0,0
4277,0.00,0,0,0,0,0.00,0,0,0
4327,0.00,0,0,0,0,0.00,0,0,0
4377,0.00,0,0,0,0,0.00,0,0,0
4427,0.00,0,0,0,0,0.00,0,0,0
4477,0.00,0,0,0,0,0.00,0,0,0
4527,0.00,0,0,0,0,0.00,0,0,0
4577,0.00,0,0,0,0,0.00,0,0,0
4627,0.00,0,0,0,0,0.00,0,0,0
4677,0.00,0,0,0,0,0.00,0,0,0
4727,0.00,0,0,0,0,0.00,0,0,0
4777,0.00,0,0,0,0,0.00,0,0,0
4827,0.00,0,0,0,0,0.00,0,0,0
4877,0.00,0,0,0,0,0.00,0,0,0
4927,0.00,0,0,0,0,0.00,0,0,0
4977,0.00,0,0,0,0,0.00,0,0,0
5027,0.00,0,0,0,0,0.00,0,0,0
5078,0.00,0,0,0,0,0.00,0,0,0
5128,0.00,0,0,0,0,0.00,0,0,0
5178,0.00,0,0,0,0,0.00,0,0,0
5228,0.00,0,0,0,0,0.00,0,0,0
5278,0.00,0,0,0,0,0.00,0,0,0
5328,0.00,0,0,0,0,0.00,0,0,0
5378,0.00,0,0,0,0,0.00,0,0,0
5428,0.00,0,0,0,0,0.00,0,0,0
5478,0.00,0,0,0,0,0.00,0,0,0
5528,0.00,0,0,0,0,0.00,0,0,0
5578,0.00,0,0,0,0,0.00,0,0,0
5628,0.00,0,0,0,0,0.00,0,0,0
5678,0.00,0,0,0,0,0.00,0,0,0
5728,0.00,0,0,0,0,0.00,0,0,0
5778,0.00,0,0,0,0,0.00,0,0,0
5828,0.00,0,0,0,0,0.00,0,0,0
5878,0.00,0,0,0,0,0.00,0,0,0
5928,0.00,0,0,0,0,0.00,0,0,0
5978,0.00,0,0,0,0,0.00,0,0,0
6028,0.00,0,0,0,0,0.00,0,0,0
6078,0.00,0,0,0,0,0.00,0,0,0
6128,0.00,0,0,0,0,0.00,0,0,0
6178,0.00,0,0,0,0,0.00,0,0,0
6228,0.00,0,0,0,0,0.00,0,0,0
6278,0.00,0,0,0,0,0.00,0,0,0
6328,0.00,0,0,0,0,0.00,0,0,0
6378,0.00,0,0,0,0,0.00,0,0,0
6428,0.00,0,0,0,0,0.00,0,0,0
6478,0.00,0,0,0,0,0.00,0,0,0
6528,0.00,0,0,0,0,0.00,0,0,0
6578,0.00,0,0,0,0,0.00,0,0,0
6628,0.00,0,0,0,0,0.00,0,0,0
6678,0.00,0,0,0,0,0.00,0,0,0
6728,0.00,0,0,0,0,0.00,0,0,0
6778,0.00,0,0,0,0,0.00,0,0,0
6828,0.00,0,0,0,0,0.00,0,0,0
6878,0.00,0,0,0,0,0.00,0,0,0
6928,0.00,0,0,0,0,0.00,0,0,0
6978,0.00,0,0,0,0,0.00,0,0,0
7028,0.00,0,0,0,0,0.00,0,0,0
7078,0.00,0,0,0,0,0.00,0,0,0
7128,0.00,0,0,0,0,0.00,0,0,0
7178,0.00,0,0,0,0,0.00,0,0,0
7228,0.00,0,0,0,0,0.00,0,0,0
7278,0.00,0,0,0,0,0.00,0,0,0
7328,0.00,0,0,0,0,0.00,0,0,0
7378,0.00,0,0,0,0,0.00,0,0,0
7428,0.00,0,0,0,0,0.00,0,0,0
7478,0.00,0,0,0,0,0.00,0,0,0
7528,0.00,0,0,0,0,0.00,0,0,0
7578,0.00,0,0,0,0,0.00,0,0,0
7628,0.00,0,0,0,0,0.00,0,0,0
7678,0.00,0,0,0,0,0.00,0,0,0
7728,0.00,0,0,0,0,0.00,0,0,0
7778,0.00,0,0,0,0,0.00,0,0,0
7828,0.00,0,0,0,0,0.00,0,0,0
7878,0.00,0,0,0,0,0.00,0,0,0
7928,0.00,0,0,0,0,0.00,0,0,0
7979,0.00,0,0,0,0,0.00,0,0,0
8029,0.00,0,0,0,0,0.00,0,0,0
8079,0.00,0,0,0,0,0.00,0,0,0
8129,0.00,0,0,0,0,0.00,0,0,0
8179,0.00,0,0,0,0,0.00,0,0,0
8229,0.00,0,0,0,0,0.00,0,0,0
8279,0.00,0,0,0,0,0.00,0,0,0
8329,0.00,0,0,0,0,0.00,0,0,0
8379,0.00,0,0,0,0,0.00,0,0,0
8429,0.00,0,0,0,0,0.00,0,0,0
8479,0.00,0,0,0,0,0.00,0,0,0
8529,0.00,0,0,0,0,0.00,0,0,0
8579,0.00,0,0,0,0,0.00,0,0,0
8629,0.00,0,0,0,0,0.00,0,0,0
8679,0.00,0,0,0,0,0.00,0,0,0
8729,0.00,0,0,0,0,0.00,0,0,0
8779,0.00,0,0,0,0,0.00,0,0,0
8829,0.00,0,0,0,0,0.00,0,0,0
8879,0.00,0,0,0,0,0.00,0,0,0
8929,0.00,0,0,0,0,0.00,0,0,0
8979,0.00,0,0,0,0,0.00,0,0,0
9029,0.00,0,0,0,0,0.00,0,0,0
9079,0.00,0,0,0,0,0.00,0,0,0
9129,0.00,0,0,0,0,0.00,0,0,0
9179,0.00,0,0,0,0,0.00,0,0,0
9229,0.00,0,0,0,0,0.00,0,0,0
9279,0.00,0,0,0,0,0.00,0,0,0
9329,0.00,0,0,0,0,0.00,0,0,0
9379,0.00,0,0,0,0,0.00,0,0,0
9430,0.00,0,0,0,0,0.00,0,0,0
9480,0.00,0,0,0,0,0.00,0,0,0
9530,0.00,0,0,0,0,0.00,0,0,0
9580,0.00,0,0,0,0,0.00,0,0,0
9630,0.00,0,0,0,0,0.00,0,0,0
9680,0.00,0,0,0,0,0.00,0,0,0
9730,0.00,0,0,0,0,0.00,0,0,0
9780,0.00,0,0,0,0,0.00,0,0,0
9830,0.00,0,0,0,0,0.00,0,0,0
9880,0.00,0,0,0,0,0.00,0,0,0
9930,0.00,0,0,0,0,0.00,0,0,0
9980,0.00,0,0,0,0,0.00,0,0,0
10030,0.00,0,0,0,0,0.00,0,0,0
10080,0.00,0,0,0,0,0.00,0,0,0
10130,inf,0,0,0,0,inf,0,0,0
10180,inf,0,0,0,0,inf,0,0,0
10230,inf,0,0,0,0,inf,0,0,0
10280,454.81,0,40,0,0,inf,40,0,0
10330,454.81,0,40,0,0,inf,40,0,0
10380,549.03,7,39,0,0,-94.22,79,0,0
10430,954.56,8,34,0,-6,-405.53,113,0,6
10480,972.89,26,34,0,0,-18.33,147,0,6
10530,1443.00,0,28,0,-11,-470.11,175,0,17
10580,1461.28,1,27,0,0,-18.27,202,0,17
10630,1756.85,17,23,0,0,-13.07,249,0,25
10680,2039.43,0,20,0,-9,-282.58,269,0,34
10730,2304.15,0,16,0,-9,-249.63,305,0,43
10780,2556.67,0,13,0,-10,-242.93,334,0,53
10830,2789.66,6,10,0,2,55.56,367,0,73
10880,3000.00,0,7,0,0,7.22,381,0,83
10930,3380.66,0,2,0,-9,-172.79,393,0,103
10980,3548.62,0,0,1,0,-0.84,395,2,108
11030,3782.15,0,-2,0,0,-100.26,399,2,108
11080,3736.92,0,-1,0,0,4.66,403,2,108
11130,3681.88,0,-1,0,0,10.88,406,2,108
11180,3612.72,0,0,0,0,21.88,406,3,108
11230,3567.18,0,0,0,0,13.63,406,3,108
11280,3610.11,0,0,0,0,-2.60,406,3,108
11330,3700.05,0,-1,0,0,-53.96,407,5,108
11380,3671.07,0,0,0,0,18.06,408,6,108
11430,3700.05,0,-1,0,0,-34.36,410,7,108
11480,3661.22,0,0,-1,0,107.63,412,8,108
11530,3608.37,0,-1,0,0,-97.61,413,8,108
11580,3574.83,0,0,0,0,75.69,413,9,108
11630,3644.31,0,0,-1,0,-14.11,413,10,108
11680,3640.78,0,0,-1,0,156.69,416,11,108
11730,3967.20,-41,-4,0,-38,-536.28,429,11,189
11780,3866.98,-12,-3,0,-26,-401.17,433,11,215
11830,3759.40,-2,-2,0,-1,-214.97,448,12,330
11880,3644.31,0,0,-1,0,-30.73,448,14,330
11930,3625.82,0,0,0,0,29.16,448,15,330
11980,3664.79,0,0,-1,0,-30.19,448,17,330
12030,3646.97,0,0,-1,0,20.51,448,20,330
12080,3623.19,0,0,0,0,2.63,448,21,330
12130,3616.20,0,0,0,0,28.11,448,22,330
12180,3664.79,0,0,-1,0,-28.43,448,24,330
12230,3635.48,0,0,0,0,29.31,448,25,330
12280,3643.43,0,0,-1,0,-28.10,448,27,330
12331,3625.82,0,0,0,0,28.26,448,28,330
12381,3654.08,0,0,-1,0,-17.72,448,30,330
12431,3645.20,0,0,-1,0,22.28,448,33,330
12481,3689.13,0,-1,0,0,-39.49,450,34,330
12531,3628.45,0,0,0,0,49.83,451,35,330
12581,3632.84,0,0,0,0,6.17,452,35,330
12631,3591.95,0,0,0,0,5.22,452,35,330
12681,3641.66,0,0,-1,0,-51.43,452,36,330
12731,3625.82,0,0,0,0,17.61,452,37,330
12781,3654.08,0,0,-1,0,-18.60,452,39,330
12831,3646.09,0,0,-1,0,19.60,452,41,330
12881,3678.27,0,-1,0,0,-31.30,453,43,330
12931,3649.63,0,0,-1,0,28.64,454,45,330
12981,3632.84,0,0,0,0,-20.99,454,45,330
13031,3625.82,0,0,0,0,15.84,454,46,330
13081,3643.43,0,0,-1,0,-20.24,454,47,330
13131,3626.69,0,0,0,0,27.39,454,48,330
13181,3664.79,0,0,-1,0,-28.43,454,50,330
13231,3635.48,0,0,0,0,32.00,454,52,330
13281,3633.72,0,0,0,0,-11.41,454,52,330
13331,3624.94,0,0,0,0,18.49,454,53,330
13381,3614.46,0,0,0,0,53.02,454,54,330
13431,3612.72,0,0,0,0,20.12,454,54,330
13481,3665.69,0,0,-1,0,-29.33,454,56,330
13531,3639.01,0,0,0,0,74.78,455,56,330
13581,3644.31,0,0,-1,0,-14.99,455,58,330
13631,3617.94,0,0,0,0,84.84,456,58,330
13681,3545.26,0,0,1,0,279.32,459,59,352
13732,3770.74,-1,-2,0,0,-226.32,468,60,390
13782,3636.36,0,0,0,0,39.21,468,60,390
13832,3617.07,0,0,0,0,-14.77,468,60,390
13882,3612.72,0,0,0,0,21.88,468,60,390
13932,3643.43,0,0,-1,0,-18.49,468,62,390
13982,3646.09,0,0,-1,0,28.58,468,63,390
14032,3668.38,0,0,-1,0,-8.06,469,65,390
14082,3634.60,0,0,0,0,23.04,469,67,390
14132,3623.19,0,0,0,0,2.63,469,68,390
14182,3612.72,0,0,0,0,27.18,469,68,390
14232,3590.23,0,0,0,0,29.87,469,69,390
14282,3583.37,0,0,0,0,25.00,469,69,390
14332,3654.08,0,0,-1,0,-37.88,469,71,390
14382,3649.63,0,0,-1,0,28.64,470,73,390
14432,3656.75,0,0,-1,0,-8.01,471,75,390
14482,3635.48,0,0,0,0,32.90,471,77,390
14532,3612.72,0,0,0,0,23.65,471,78,390
14582,3588.52,0,0,0,0,97.89,473,78,394
14632,3634.60,0,0,0,0,-32.30,473,78,394
14682,3635.48,0,0,0,0,6.18,473,79,394
14732,3654.08,0,0,-1,0,-17.72,473,81,394
14782,3624.06,0,0,0,0,30.02,473,82,394
14832,3633.72,0,0,0,0,-7.91,473,83,394
14882,3602.31,0,0,0,0,-9.59,473,83,394
14932,3654.97,0,0,-1,0,-32.66,473,84,394
14982,3622.31,0,0,0,0,13.17,473,84,394
15032,3631.96,0,0,0,0,-19.24,473,84,394
15082,3612.72,0,0,0,0,20.12,473,84,394
15132,3654.08,0,0,-1,0,-29.14,473,86,394
15182,3646.97,0,0,-1,0,17.82,473,88,394
15232,3633.72,0,0,0,0,2.64,473,89,394
15282,3602.31,0,0,0,0,-30.58,473,89,394
15332,3632.84,0,0,0,0,-20.12,473,89,394
15382,3610.98,0,0,0,0,23.62,473,89,394
15432,3665.69,0,0,-1,0,-39.87,473,91,394
15482,3660.32,0,0,-1,0,17.95,474,93,394
15532,3632.84,0,0,0,0,-18.38,474,94,394
15582,3600.58,0,0,0,0,-0.87,474,94,394
15632,3643.43,0,0,-1,0,-21.12,474,95,394
15682,3625.82,0,0,0,0,29.16,474,96,394
15732,3664.79,0,0,-1,0,-28.43,474,98,394
15782,3646.09,0,0,-1,0,12.45,474,101,394
15832,3654.08,0,0,-1,0,-23.88,474,103,394
15882,3625.82,0,0,0,0,22.93,474,104,394
15932,3643.43,0,0,-1,0,-22.86,474,106,394
15982,3611.85,0,0,0,0,26.28,474,106,394
16032,3654.97,0,0,-1,0,-41.38,474,107,394
16082,3621.44,0,0,0,0,114.55,475,108,396
16132,3546.10,0,0,1,0,299.07,480,109,420
16182,3628.45,0,0,0,0,116.87,481,110,420
16232,3545.26,0,0,1,0,299.91,486,111,446
16282,3544.42,0,0,1,0,439.64,492,112,485
16333,3748.13,-1,-1,0,-1,-203.70,502,113,547
16384,3645.20,0,0,-1,0,0.89,502,116,547
16434,3636.36,0,0,0,0,18.61,502,117,547
16484,3631.96,0,0,0,0,-9.65,502,117,547
16534,3615.33,0,0,0,0,28.99,502,118,547
16584,3677.37,0,-1,0,0,-41.89,503,119,547
16634,3633.72,0,0,0,0,2.64,503,120,547
16684,3654.08,0,0,-1,0,-28.26,503,122,547
16734,3612.72,0,0,0,0,20.12,503,122,547
16784,3652.30,0,0,-1,0,-36.97,503,124,547
16834,3625.82,0,0,0,0,38.98,503,125,547
16884,3654.97,0,0,-1,0,-18.61,503,127,547
16934,3601.44,0,0,0,0,-14.90,503,127,547
16984,3632.84,0,0,0,0,-19.25,503,128,547
17034,3611.85,0,0,0,0,21.87,503,128,547
17084,3632.84,0,0,0,0,-16.64,503,129,547
17134,3624.06,0,0,0,0,20.25,503,130,547
17184,3654.08,0,0,-1,0,-28.26,503,132,547
17234,3625.82,0,0,0,0,28.26,503,133,547
17284,3643.43,0,0,-1,0,-17.61,503,135,547
17334,3624.06,0,0,0,0,19.37,503,136,547
17384,3612.72,0,0,0,0,2.61,503,137,547
17434,3604.90,0,0,-1,0,-48.85,503,138,547
17484,3654.08,0,0,-1,0,-28.26,503,140,547
17534,3624.94,0,0,0,0,22.03,503,142,547
17584,3632.84,0,0,0,0,-9.65,503,142,547
17634,3625.82,0,0,0,0,28.26,503,143,547
17684,3654.97,0,0,-1,0,-29.16,503,145,547
17734,3625.82,0,0,0,0,17.61,503,146,547
17784,3644.31,0,0,-1,0,-31.60,503,147,547
17835,3601.44,0,0,0,0,-1.75,503,147,547
17885,3632.84,0,0,0,0,-40.89,503,147,547
17935,3612.72,0,0,0,0,19.24,503,147,547
17985,3631.96,0,0,0,0,-19.24,503,147,547
18035,3636.36,0,0,0,0,18.61,503,148,547
18085,3664.79,0,0,-1,0,-28.43,503,150,547
18135,3636.36,0,0,0,0,15.05,503,151,547
18185,3654.08,0,0,-1,0,-31.77,503,152,547
18235,3625.82,0,0,0,0,37.19,503,153,547
18285,3591.95,0,0,0,0,-11.43,503,153,547
18335,3591.95,0,0,0,0,-57.37,503,154,547
18385,3643.43,0,0,-1,0,-32.45,503,155,547
18435,3646.97,0,0,-1,0,26.80,503,156,547
18485,3679.18,0,-1,0,0,-28.65,504,158,547
18535,3640.78,0,0,-1,0,150.93,506,160,547
18585,3543.59,0,0,1,0,428.87,512,161,586
18636,3693.67,0,-1,0,0,-148.41,522,162,652
18686,3616.20,0,0,0,0,28.11,522,163,652
18736,3622.31,0,0,0,0,-10.47,522,163,652
18786,3615.33,0,0,0,0,28.99,522,164,652
18836,3665.69,0,0,-1,0,-29.33,522,166,652
18886,3625.82,0,0,0,0,41.67,522,168,652
18936,3643.43,0,0,-1,0,-28.97,522,170,652
18987,3616.20,0,0,0,0,27.23,522,171,652
19037,3643.43,0,0,-1,0,-17.61,522,173,652
19087,3625.82,0,0,0,0,18.50,522,174,652
19137,3644.31,0,0,-1,0,-28.99,522,176,652
19187,3610.98,0,0,0,0,24.50,522,176,652
19237,3623.19,0,0,0,0,-30.37,522,176,652
19287,3614.46,0,0,0,0,27.20,522,177,652
19337,3664.79,0,0,-1,0,-30.19,522,179,652
19387,3636.36,0,0,0,0,28.43,522,180,652
19437,3633.72,0,0,0,0,2.64,522,181,652
19487,3625.82,0,0,0,0,17.61,522,182,652
19537,3642.54,0,0,-1,0,-16.73,522,184,652
19587,3612.72,0,0,0,0,20.12,522,184,652
19637,3632.84,0,0,0,0,-18.38,522,185,652
19687,3615.33,0,0,0,0,28.99,522,186,652
19737,3654.97,0,0,-1,0,-29.16,522,188,652
19787,3625.82,0,0,0,0,29.16,522,189,652
19837,3654.08,0,0,-1,0,-19.48,522,191,652
19887,3625.82,0,0,0,0,18.50,522,192,652
19937,3643.43,0,0,-1,0,-21.99,522,193,652
19987,3615.33,0,0,0,0,39.64,522,194,652
20037,3643.43,0,0,-1,0,-17.61,522,196,652
20087,3600.58,0,0,0,0,-2.62,522,196,652
20137,3643.43,0,0,-1,0,-30.71,522,197,652
20187,3616.20,0,0,0,0,37.88,522,198,652
20237,3654.08,0,0,-1,0,-38.75,522,200,652
20287,3625.82,0,0,0,0,17.61,522,201,652
20337,3633.72,0,0,0,0,-7.91,522,202,652
20387,3612.72,0,0,0,0,22.77,522,202,652
20438,3609.24,0,0,0,0,-10.47,522,202,652
20488,3613.59,0,0,0,0,13.98,522,202,652
20538,3643.43,0,0,-1,0,-31.58,522,203,652
20588,3636.36,0,0,0,0,18.61,522,204,652
20638,3644.31,0,0,-1,0,-10.59,522,206,652
20688,3636.36,0,0,0,0,23.96,522,207,652
20738,3657.64,0,0,-1,0,-15.98,522,210,652
20788,3601.44,0,0,0,0,-13.16,522,210,652
20838,3643.43,0,0,-1,0,-34.19,522,211,652
20888,3625.82,0,0,0,0,17.61,522,212,652
20938,3632.84,0,0,0,0,106.87,523,213,654
20988,3544.42,0,0,1,0,277.23,527,214,678
21038,3546.10,0,0,1,0,371.37,532,215,707
21088,3543.59,0,0,1,0,296.66,535,216,723
21138,3544.42,0,0,1,0,465.20,542,217,763
21188,3545.26,0,0,1,0,405.23,549,218,817
21238,3543.59,0,0,1,0,502.81,557,219,876
21288,3625.82,0,0,0,0,140.19,566,219,931
21338,3654.97,0,0,-1,0,-34.41,566,220,931
21388,3663.90,0,0,-1,0,101.16,576,221,995
21438,3624.06,0,0,0,0,20.25,576,222,995
21488,3632.84,0,0,0,0,-7.03,576,223,995
21538,3616.20,0,0,0,0,37.88,576,224,995
21588,3617.07,0,0,0,0,-14.77,576,224,995
21638,3602.31,0,0,0,0,-25.25,576,224,995
21688,3644.31,0,0,-1,0,-19.38,576,226,995
21738,3616.20,0,0,0,0,37.88,576,227,995
21788,3632.84,0,0,0,0,-7.03,576,228,995
21838,3591.95,0,0,0,0,-18.26,576,228,995
21888,3652.30,0,0,-1,0,-50.00,576,229,995
21938,3625.82,0,0,0,0,18.50,576,230,995
21988,3654.97,0,0,-1,0,-29.16,576,232,995
22038,3611.85,0,0,0,0,21.87,576,232,995
22088,3652.30,0,0,-1,0,-49.13,576,233,995
22138,3600.58,0,0,0,0,-13.08,576,233,995
22188,3644.31,0,0,-1,0,-42.01,576,234,995
22238,3625.82,0,0,0,0,29.16,576,235,995
22288,3631.08,0,0,0,0,-14.88,576,236,995
22338,3615.33,0,0,0,0,28.99,576,237,995
22388,3643.43,0,0,-1,0,-17.61,576,239,995
22438,3612.72,0,0,0,0,21.00,576,239,995
22488,3643.43,0,0,-1,0,-31.58,576,240,995
22538,3625.82,0,0,0,0,28.26,576,241,995
22588,3641.66,0,0,-1,0,-49.71,576,242,995
22638,3625.82,0,0,0,0,29.16,576,243,995
22688,3664.79,0,0,-1,0,-28.43,576,245,995
22738,3636.36,0,0,0,0,20.39,576,247,995
22788,3644.31,0,0,-1,0,-7.95,576,249,995
22838,3615.33,0,0,0,0,28.99,576,250,995
22888,3632.84,0,0,0,0,-9.65,576,250,995
22938,3604.04,0,0,-1,0,-21.12,576,251,995
22988,3633.72,0,0,0,0,-42.63,576,251,995
23038,3648.75,0,0,-1,0,-62.80,576,252,995
23088,3654.08,0,0,-1,0,-29.14,576,254,995
23138,3646.09,0,0,-1,0,18.71,576,256,995
23188,3654.97,0,0,-1,0,-18.61,576,258,995
23238,3626.69,0,0,0,0,30.06,576,260,995
23288,3644.31,0,0,-1,0,-18.50,576,262,995
23339,3616.20,0,0,0,0,27.23,576,263,995
23389,3643.43,0,0,-1,0,-30.71,576,264,995
23439,3616.20,0,0,0,0,28.11,576,265,995
23489,3632.84,0,0,0,0,-7.90,576,266,995
23539,3615.33,0,0,0,0,28.10,576,267,995
23589,3622.31,0,0,0,0,-9.60,576,267,995
23639,3612.72,0,0,0,0,19.24,576,267,995
23689,3643.43,0,0,-1,0,-28.10,576,269,995
23739,3625.82,0,0,0,0,18.50,576,270,995
23789,3644.31,0,0,-1,0,-18.50,576,272,995
23839,3627.57,0,0,0,0,34.54,576,273,995
23889,3633.72,0,0,0,0,-23.61,576,273,995
23939,3615.33,0,0,0,0,29.87,576,274,995
23989,3642.54,0,0,-1,0,-12.34,576,276,995
24039,3615.33,0,0,0,0,28.10,576,277,995
24089,3625.82,0,0,0,0,23.82,576,278,995
24139,3617.94,0,0,0,0,111.54,577,278,999
24189,3545.26,0,0,1,0,296.95,581,279,1023
24239,3562.10,0,0,0,0,445.38,588,279,1064
24289,3544.42,0,0,1,0,312.61,592,280,1088
24339,3545.26,0,0,1,0,373.23,598,281,1120
24389,3544.42,0,0,1,0,466.27,605,282,1165
24439,3545.26,0,0,1,0,401.07,612,283,1216
24491,3704.62,-3,-1,0,-3,-160.19,622,284,1268
24541,3632.84,0,0,0,0,-20.12,622,284,1268
24591,3624.94,0,0,0,0,17.61,622,285,1268
24641,3664.79,0,0,-1,0,-28.43,622,287,1268
24691,3636.36,0,0,0,0,20.39,622,289,1268
24741,3644.31,0,0,-1,0,-7.95,622,291,1268
24791,3625.82,0,0,0,0,18.50,622,292,1268
24841,3633.72,0,0,0,0,-18.39,622,293,1268
24891,3610.98,0,0,0,0,24.50,622,293,1268
24941,3644.31,0,0,-1,0,-18.50,622,295,1268
24991,3576.54,0,0,0,0,24.04,622,295,1268
25041,3619.69,0,0,0,0,-46.56,622,295,1268
25091,3616.20,0,0,0,0,27.23,622,296,1268
25141,3664.79,0,0,-1,0,-49.46,622,298,1268
25191,3649.63,0,0,-1,0,36.77,623,299,1268
25241,3678.27,0,-1,0,0,-17.95,625,300,1268
25291,3602.31,0,0,0,0,17.72,625,301,1268
25341,3626.69,0,0,0,0,-26.12,625,301,1268
25391,3600.58,0,0,0,0,-25.22,625,301,1268
25441,3644.31,0,0,-1,0,-28.99,625,303,1268
25491,3602.31,0,0,0,0,-19.20,625,303,1268
25541,3654.08,0,0,-1,0,-30.89,625,304,1268
25591,3625.82,0,0,0,0,29.16,625,305,1268
25641,3654.97,0,0,-1,0,-18.61,625,307,1268
25691,3602.31,0,0,0,0,4.41,625,307,1268
25741,3616.20,0,0,0,0,-25.97,625,307,1268
25791,3613.59,0,0,0,0,27.19,625,308,1268
25841,3633.72,0,0,0,0,-7.91,625,309,1268
25891,3626.69,0,0,0,0,14.97,625,310,1268
25942,3654.08,0,0,-1,0,-17.72,625,312,1268
25992,3634.60,0,0,0,0,23.04,625,314,1268
26042,3654.97,0,0,-1,0,-18.61,625,316,1268
26092,3615.33,0,0,0,0,28.99,625,317,1268
26142,3592.81,0,0,-1,0,-26.33,625,318,1268
26192,3591.95,0,0,0,0,-49.91,625,318,1268
26242,3633.72,0,0,0,0,-18.39,625,319,1268
26292,3637.25,0,0,0,0,16.83,625,320,1268
26342,3679.18,0,-1,0,0,-33.09,626,321,1268
26392,3636.36,0,0,0,0,31.12,626,323,1268
26442,3646.09,0,0,-1,0,-2.66,626,326,1268
26492,3615.33,0,0,0,0,31.64,626,327,1268
26542,3622.31,0,0,0,0,-4.37,626,327,1268
26592,3602.31,0,0,0,0,-28.86,626,327,1268
26642,3644.31,0,0,-1,0,-36.81,626,328,1268
26692,3636.36,0,0,0,0,83.87,627,328,1268
26742,3632.84,0,0,0,0,-10.53,627,328,1268
26792,3617.07,0,0,0,0,99.48,628,329,1272
26842,3544.42,0,0,1,0,266.55,631,330,1294
26892,3615.33,0,0,0,0,61.14,631,330,1294
26942,3643.43,0,0,-1,0,99.09,633,331,1296
26992,3545.26,0,0,1,0,346.80,638,332,1326
27043,3748.13,-1,-1,0,-1,-203.70,647,333,1374
27094,3602.31,0,0,0,0,21.87,647,333,1374
27144,3593.67,0,0,0,0,14.65,647,333,1374
27194,3654.97,0,0,-1,0,-43.99,647,334,1374
27244,3636.36,0,0,0,0,28.43,647,335,1374
27294,3664.79,0,0,-1,0,-28.43,647,337,1374
27344,3625.82,0,0,0,0,29.16,647,338,1374
27394,3612.72,0,0,0,0,13.10,647,339,1374
27444,3602.31,0,0,0,0,-32.11,647,339,1374
27494,3664.79,0,0,-1,0,-49.46,647,341,1374
27544,3636.36,0,0,0,0,28.43,647,342,1374
27594,3655.86,0,0,-1,0,-8.89,647,345,1374
27644,3592.81,0,0,-1,0,14.20,647,346,1374
27694,3628.45,0,0,0,0,-45.93,647,346,1374
27744,3625.82,0,0,0,0,27.37,647,347,1374
27794,3664.79,0,0,-1,0,-28.43,647,349,1374
27844,3646.97,0,0,-1,0,20.51,647,352,1374
27894,3646.09,0,0,-1,0,21.40,647,355,1374
27944,3604.04,0,0,-1,0,-29.84,647,356,1374
27994,3632.84,0,0,0,0,-17.51,647,357,1374
28044,3623.19,0,0,0,0,8.77,647,357,1374
28094,3654.08,0,0,-1,0,-28.26,647,359,1374
28144,3625.82,0,0,0,0,16.73,647,360,1374
28194,3627.57,0,0,0,0,-45.91,647,360,1374
28244,3612.72,0,0,0,0,20.12,647,360,1374
28294,3664.79,0,0,-1,0,-38.98,647,362,1374
28344,3636.36,0,0,0,0,28.43,647,363,1374
28394,3657.64,0,0,-1,0,-11.56,647,366,1374
28444,3622.31,0,0,0,0,14.05,647,367,1374
28494,3654.08,0,0,-1,0,-28.26,647,369,1374
28544,3612.72,0,0,0,0,10.47,647,369,1374
28594,3622.31,0,0,0,0,-10.47,647,369,1374
28644,3590.23,0,0,0,0,-17.35,647,369,1374
28694,3652.30,0,0,-1,0,-47.40,647,371,1374
28744,3636.36,0,0,0,0,28.43,647,372,1374
28794,3679.18,0,-1,0,0,-32.20,648,373,1374
28844,3636.36,0,0,0,0,9.72,648,375,1374
28894,3632.84,0,0,0,0,-11.40,648,375,1374
28944,3600.58,0,0,0,0,-22.74,648,375,1374
28994,3644.31,0,0,-1,0,-40.28,648,377,1374
29044,3602.31,0,0,0,0,-12.18,648,377,1374
29094,3692.76,0,-1,0,0,-122.18,649,377,1374
29144,3615.33,0,0,0,0,28.99,649,378,1374
29194,3641.66,0,0,-1,0,-49.71,649,379,1374
29244,3615.33,0,0,0,0,28.99,649,380,1374
29294,3654.08,0,0,-1,0,-21.24,649,382,1374
29344,3626.69,0,0,0,0,30.06,649,383,1374
29394,3633.72,0,0,0,0,-4.40,649,384,1374
29444,3604.90,0,0,-1,0,-76.02,649,385,1374
29494,3640.78,0,0,-1,0,-42.79,649,386,1374
29544,3625.82,0,0,0,0,21.16,649,387,1374
29594,3636.36,0,0,0,0,24.85,649,388,1374
29644,3622.31,0,0,0,0,132.38,652,388,1375
29694,3545.26,0,0,1,0,369.14,658,389,1405
29744,3544.42,0,0,1,0,584.40,666,390,1458
29794,3544.42,0,0,1,0,450.25,673,391,1498
29845,3701.88,-2,-1,0,-2,-156.61,684,392,1570
29895,3604.90,0,0,-1,0,-45.40,684,393,1570
29945,3632.84,0,0,0,0,-21.86,684,393,1570
29995,3600.58,0,0,0,0,-1.75,684,393,1570
30045,3654.08,0,0,-1,0,-38.75,684,395,1570
30095,3646.09,0,0,-1,0,22.29,684,398,1570
30145,3654.08,0,0,-1,0,-18.60,684,400,1570
30195,3636.36,0,0,0,0,28.43,684,401,1570
30245,3633.72,0,0,0,0,2.64,684,402,1570
30295,3611.85,0,0,0,0,22.75,684,402,1570
30345,3633.72,0,0,0,0,-12.28,684,402,1570
30395,3615.33,0,0,0,0,28.99,684,403,1570
30445,3654.08,0,0,-1,0,-38.75,684,405,1570
30495,3646.97,0,0,-1,0,18.72,684,407,1570
30545,3654.08,0,0,-1,0,-17.72,684,409,1570
30595,3625.82,0,0,0,0,28.26,684,410,1570
30645,3654.08,0,0,-1,0,-30.02,684,412,1570
30695,3626.69,0,0,0,0,17.62,684,413,1570
30745,3643.43,0,0,-1,0,-28.97,684,415,1570
30795,3625.82,0,0,0,0,28.26,684,416,1570
30845,3644.31,0,0,-1,0,-42.01,684,417,1570
30895,3601.44,0,0,0,0,-27.11,684,417,1570
30945,3664.79,0,0,-1,0,-49.46,684,419,1570
30995,3645.20,0,0,-1,0,20.49,684,421,1570
31045,3657.64,0,0,-1,0,-10.67,684,424,1570
31095,3623.19,0,0,0,0,9.65,684,424,1570
31145,3643.43,0,0,-1,0,-28.10,684,426,1570
31195,3621.44,0,0,0,0,12.28,684,426,1570
31245,3632.84,0,0,0,0,-20.12,684,426,1570
31295,3604.90,0,0,-1,0,-35.94,684,427,1570
31345,3653.19,0,0,-1,0,-48.29,684,429,1570
31395,3625.82,0,0,0,0,38.98,684,430,1570
31446,3654.08,0,0,-1,0,-17.72,684,432,1570
31496,3563.79,0,0,0,0,92.07,684,434,1570
31546,3664.79,0,0,-1,0,-25.78,685,435,1571
31596,3615.33,0,0,0,0,36.97,685,436,1571
31646,3581.66,0,0,0,0,34.54,685,437,1571
31696,3591.95,0,0,0,0,-49.21,685,437,1571
31746,3654.08,0,0,-1,0,-34.39,685,438,1571
31796,3646.97,0,0,-1,0,25.00,685,439,1571
31846,3667.48,0,0,-1,0,-17.85,686,441,1571
31896,3639.01,0,0,0,0,55.57,687,441,1571
31946,3543.59,0,0,1,0,287.83,691,442,1594
31996,3544.42,0,0,1,0,450.25,698,443,1631
32046,3766.01,0,-2,0,-1,180.32,707,443,1683
32096,3544.42,0,0,1,0,480.26,715,444,1730
32146,3611.85,0,0,0,0,154.16,724,444,1785
32196,3626.69,0,0,0,0,-24.39,724,444,1785
32246,3615.33,0,0,0,0,28.99,724,445,1785
32296,3664.79,0,0,-1,0,-38.98,724,447,1785
32346,3636.36,0,0,0,0,28.43,724,448,1785
32396,3632.84,0,0,0,0,-7.03,724,449,1785
32446,3615.33,0,0,0,0,28.10,724,450,1785
32496,3643.43,0,0,-1,0,-28.10,724,452,1785
32546,3625.82,0,0,0,0,17.61,724,453,1785
32596,3643.43,0,0,-1,0,-17.61,724,455,1785
32646,3612.72,0,0,0,0,21.00,724,455,1785
32696,3601.44,0,0,0,0,30.76,724,456,1785
32746,3636.36,0,0,0,0,9.72,724,458,1785
32796,3653.19,0,0,-1,0,-15.95,724,460,1785
32846,3625.82,0,0,0,0,38.98,724,461,1785
32896,3612.72,0,0,0,0,13.10,724,462,1785
32946,3612.72,0,0,0,0,13.98,724,462,1785
32996,3654.08,0,0,-1,0,-30.02,724,464,1785
33046,3625.82,0,0,0,0,18.50,724,465,1785
33096,3654.08,0,0,-1,0,-30.02,724,467,1785
33146,3615.33,0,0,0,0,39.64,724,468,1785
33196,3616.20,0,0,0,0,-24.25,724,468,1785
33246,3604.90,0,0,-1,0,-41.06,724,469,1785
33296,3654.97,0,0,-1,0,-19.49,724,471,1785
33346,3648.75,0,0,-1,0,29.53,725,473,1785
33396,3667.48,0,0,-1,0,-20.51,725,476,1785
33446,3636.36,0,0,0,0,21.28,725,478,1785
33496,3654.08,0,0,-1,0,-28.26,725,480,1785
33546,3625.82,0,0,0,0,18.50,725,481,1785
33596,3632.84,0,0,0,0,-7.03,725,482,1785
33646,3612.72,0,0,0,0,20.12,725,482,1785
33696,3654.08,0,0,-1,0,-40.49,725,484,1785
33746,3636.36,0,0,0,0,17.72,725,485,1785
33796,3654.08,0,0,-1,0,-28.26,725,487,1785
33846,3636.36,0,0,0,0,18.61,725,488,1785
33896,3654.08,0,0,-1,0,-17.72,725,490,1785
33946,3623.19,0,0,0,0,11.41,725,490,1785
33996,3644.31,0,0,-1,0,-28.99,725,492,1785
34046,3612.72,0,0,0,0,10.47,725,492,1785
34096,3644.31,0,0,-1,0,-33.34,725,493,1785
34146,3616.20,0,0,0,0,27.23,725,494,1785
34196,3632.84,0,0,0,0,-16.64,725,495,1785
34246,3624.94,0,0,0,0,29.14,725,496,1785
34296,3657.64,0,0,-1,0,-9.78,725,499,1785
34347,3636.36,0,0,0,0,34.71,725,499,1785
34397,3614.46,0,0,0,0,112.25,726,499,1785
34447,3619.69,0,0,0,0,162.46,729,499,1785
34497,3545.26,0,0,1,0,310.78,734,500,1813
34547,3545.26,0,0,1,0,397.96,740,501,1847
34598,3759.40,-1,-2,0,0,-215.81,751,502,1894
34648,3657.64,0,0,-1,0,-12.44,751,505,1894
34698,3636.36,0,0,0,0,29.33,751,506,1894
34748,3654.97,0,0,-1,0,-18.61,751,508,1894
34798,3625.82,0,0,0,0,29.16,751,509,1894
34848,3632.84,0,0,0,0,-6.15,751,510,1894
34898,3592.81,0,0,0,0,-17.45,751,510,1894
34948,3641.66,0,0,-1,0,-50.57,751,511,1894
34998,3624.06,0,0,0,0,20.25,751,512,1894
35048,3664.79,0,0,-1,0,-28.43,751,514,1894
35098,3636.36,0,0,0,0,28.43,751,515,1894
35148,3654.08,0,0,-1,0,-29.14,751,517,1894
35198,3636.36,0,0,0,0,17.72,751,518,1894
35248,3633.72,0,0,0,0,-22.74,751,518,1894
35298,3616.20,0,0,0,0,27.23,751,519,1894
35348,3612.72,0,0,0,0,2.61,751,520,1894
35398,3602.31,0,0,0,0,-48.52,751,520,1894
35448,3664.79,0,0,-1,0,-50.34,751,522,1894
35499,3625.82,0,0,0,0,38.98,751,523,1894
35549,3654.08,0,0,-1,0,-18.60,751,525,1894
35599,3636.36,0,0,0,0,32.02,751,527,1894
35649,3622.31,0,0,0,0,0.87,751,527,1894
35699,3591.09,0,0,0,0,-16.51,751,527,1894
35749,3633.72,0,0,0,0,-22.74,751,527,1894
35799,3610.98,0,0,0,0,21.86,751,527,1894
35849,3664.79,0,0,-1,0,-38.10,751,529,1894
35899,3635.48,0,0,0,0,32.90,751,531,1894
35949,3656.75,0,0,-1,0,-10.67,751,534,1894
35999,3625.82,0,0,0,0,38.98,751,535,1894
36049,3620.56,0,0,0,0,-5.24,751,536,1894
36099,3612.72,0,0,0,0,9.60,751,536,1894
36149,3635.48,0,0,0,0,-33.18,751,536,1894
36199,3626.69,0,0,0,0,16.74,751,537,1894
36249,3643.43,0,0,-1,0,-17.61,751,539,1894
36299,3625.82,0,0,0,0,17.61,751,540,1894
36349,3665.69,0,0,-1,0,-39.87,751,542,1894
36399,3624.94,0,0,0,0,18.49,751,543,1894
36449,3623.19,0,0,0,0,-7.86,751,544,1894
36499,3615.33,0,0,0,0,37.86,751,545,1894
36549,3643.43,0,0,-1,0,-20.24,751,546,1894
36599,3625.82,0,0,0,0,14.96,751,547,1894
36649,3642.54,0,0,-1,0,-14.98,751,549,1894
36699,3636.36,0,0,0,0,26.64,751,550,1894
36749,3667.48,0,0,-1,0,-21.40,751,553,1894
36799,3624.06,0,0,0,0,110.07,752,553,1894
36849,3544.42,0,0,1,0,284.06,755,554,1919
36899,3545.26,0,0,1,0,345.79,759,555,1946
36950,3546.10,0,0,1,0,375.47,765,556,1979
37000,3543.59,0,0,1,0,467.11,772,557,2024
37050,3696.40,0,-1,0,0,69.60,782,557,2079
37100,3654.97,0,0,-1,0,-19.49,782,559,2079
37150,3625.82,0,0,0,0,17.61,782,560,2079
37200,3631.96,0,0,0,0,-20.11,782,560,2079
37250,3601.44,0,0,0,0,-9.58,782,560,2079
37300,3635.48,0,0,0,0,-33.18,782,560,2079
37350,3625.82,0,0,0,0,27.37,782,561,2079
37400,3654.08,0,0,-1,0,-17.72,782,563,2079
37450,3624.94,0,0,0,0,29.14,782,564,2079
37500,3654.08,0,0,-1,0,-31.77,782,565,2079
37550,3623.19,0,0,0,0,41.61,782,566,2079
37600,3633.72,0,0,0,0,-41.77,782,566,2079
37650,3604.90,0,0,-1,0,-50.79,782,567,2079
37700,3616.20,0,0,0,0,-23.39,782,567,2079
37750,3612.72,0,0,0,0,26.29,782,567,2079
37800,3654.08,0,0,-1,0,-28.26,782,569,2079
37850,3646.97,0,0,-1,0,18.72,782,571,2079
37900,3667.48,0,0,-1,0,-9.84,782,573,2079
37950,3645.20,0,0,-1,0,23.18,782,576,2079
38000,3622.31,0,0,0,0,2.63,782,577,2079
38050,3590.23,0,0,0,0,-10.47,782,577,2079
38100,3635.48,0,0,0,0,-33.18,782,577,2079
38150,3584.23,0,0,0,0,23.27,782,577,2079
38200,3643.43,0,0,-1,0,-41.99,782,578,2079
38250,3645.20,0,0,-1,0,8.88,782,580,2079
38300,3679.18,0,-1,0,0,-22.42,783,582,2079
38350,3646.09,0,0,-1,0,21.40,783,585,2079
38400,3644.31,0,0,-1,0,-18.50,783,587,2079
38450,3625.82,0,0,0,0,17.61,783,588,2079
38500,3626.69,0,0,0,0,-25.25,783,588,2079
38550,3590.23,0,0,0,0,-17.35,783,588,2079
38600,3632.84,0,0,0,0,-40.03,783,588,2079
38650,3625.82,0,0,0,0,28.26,783,589,2079
38700,3675.57,0,0,0,0,-39.21,783,590,2079
38750,3556.19,0,0,1,0,89.01,783,593,2079
38800,3643.43,0,0,-1,0,-14.10,784,594,2080
38850,3601.44,0,0,0,0,-0.87,784,594,2080
38900,3626.69,0,0,0,0,-26.12,784,594,2080
38950,3626.69,0,0,0,0,16.74,784,595,2080
39000,3643.43,0,0,-1,0,-28.10,784,597,2080
39050,3613.59,0,0,0,0,30.73,784,598,2080
39100,3632.84,0,0,0,0,-9.65,784,598,2080
39150,3602.31,0,0,0,0,-21.86,784,598,2080
39200,3652.30,0,0,-1,0,-50.86,784,599,2080
39250,3625.82,0,0,0,0,28.26,784,600,2080
39300,3654.97,0,0,-1,0,-30.91,784,602,2080
39350,3636.36,0,0,0,0,28.43,784,603,2080
39400,3632.84,0,0,0,0,3.52,784,604,2080
39450,3612.72,0,0,0,0,20.12,784,604,2080
39500,3612.72,0,0,0,0,2.61,784,605,2080
39550,3591.95,0,0,0,0,2.61,784,605,2080
39600,3633.72,0,0,0,0,-31.42,784,605,2080
39650,3625.82,0,0,0,0,27.37,784,606,2080
39700,3664.79,0,0,-1,0,-28.43,784,608,2080
39750,3636.36,0,0,0,0,25.75,784,609,2080
39800,3654.08,0,0,-1,0,-19.48,784,611,2080
39851,3625.82,0,0,0,0,48.85,784,611,2080
39901,3640.78,0,0,-1,0,124.28,787,612,2080
39951,3545.26,0,0,1,0,337.73,792,613,2112
40001,3546.10,0,0,1,0,412.73,798,614,2149
40051,3543.59,0,0,1,0,440.48,805,615,2202
40101,3545.26,0,0,1,0,411.48,812,616,2252
40151,3544.42,0,0,1,0,520.62,821,617,2299
40201,3546.10,0,0,1,0,405.43,826,618,2331
40251,3768.84,-1,-2,0,0,-223.58,838,619,2400
40301,3615.33,0,0,0,0,28.99,838,620,2400
40351,3632.84,0,0,0,0,-17.51,838,621,2400
40401,3615.33,0,0,0,0,28.10,838,622,2400
40451,3633.72,0,0,0,0,-18.39,838,623,2400
40501,3615.33,0,0,0,0,28.99,838,624,2400
40551,3631.96,0,0,0,0,-16.63,838,625,2400
40601,3612.72,0,0,0,0,21.00,838,625,2400
40651,3644.31,0,0,-1,0,-42.01,838,626,2400
40701,3624.94,0,0,0,0,29.14,838,627,2400
40751,3623.19,0,0,0,0,-10.47,838,627,2400
40801,3601.44,0,0,0,0,-34.86,838,627,2400
40851,3633.72,0,0,0,0,-20.13,838,628,2400
40901,3601.44,0,0,0,0,-18.32,838,628,2400
40951,3644.31,0,0,-1,0,-39.41,838,630,2400
41001,3625.82,0,0,0,0,16.73,838,631,2400
41051,3643.43,0,0,-1,0,-17.61,838,633,2400
41101,3636.36,0,0,0,0,16.83,838,634,2400
41151,3654.97,0,0,-1,0,-18.61,838,636,2400
41201,3624.06,0,0,0,0,20.25,838,637,2400
41251,3611.85,0,0,0,0,0.00,838,637,2400
41302,3602.31,0,0,0,0,-19.08,838,637,2400
41352,3601.44,0,0,0,0,-16.51,838,637,2400
41402,3602.31,0,0,0,0,-34.57,838,637,2400
41452,3643.43,0,0,-1,0,-32.45,838,638,2400
41502,3625.82,0,0,0,0,17.61,838,639,2400
41552,3644.31,0,0,-1,0,-20.25,838,641,2400
41602,3625.82,0,0,0,0,28.26,838,642,2400
41652,3644.31,0,0,-1,0,-20.25,838,644,2400
41702,3624.94,0,0,0,0,19.38,838,645,2400
41752,3654.08,0,0,-1,0,-29.14,838,647,2400
41802,3623.19,0,0,0,0,10.53,838,647,2400
41852,3633.72,0,0,0,0,-21.00,838,647,2400
41902,3614.46,0,0,0,0,28.97,838,648,2400
41952,3643.43,0,0,-1,0,-28.10,838,650,2400
42002,3623.19,0,0,0,0,8.77,838,650,2400
42052,3654.08,0,0,-1,0,-28.26,838,652,2400
42102,3616.20,0,0,0,0,27.23,838,653,2400
42152,3621.44,0,0,0,0,-6.11,838,654,2400
42202,3602.31,0,0,0,0,-23.61,838,654,2400
42252,3609.24,0,0,0,0,-30.54,838,654,2400
42302,3602.31,0,0,0,0,-39.17,838,654,2400
42352,3631.96,0,0,0,0,-16.63,838,655,2400
42402,3643.43,0,0,-1,0,-8.83,838,656,2400
42452,3643.43,0,0,-1,0,-17.61,838,658,2400
42502,3602.31,0,0,0,0,-4.37,838,658,2400
42552,3635.48,0,0,0,0,-29.71,838,659,2400
42602,3602.31,0,0,0,0,-17.45,838,659,2400
42652,3633.72,0,0,0,0,-31.42,838,659,2400
42702,3615.33,0,0,0,0,25.45,838,660,2400
42752,3623.19,0,0,0,0,0.88,838,661,2400
42802,3610.98,0,0,0,0,24.50,838,661,2400
42852,3644.31,0,0,-1,0,-18.50,838,663,2400
42902,3611.85,0,0,0,0,20.99,838,663,2400
42952,3632.84,0,0,0,0,-17.51,838,664,2400
43002,3602.31,0,0,0,0,-18.32,838,664,2400
43052,3643.43,0,0,-1,0,-42.85,838,665,2400
43102,3611.85,0,0,0,0,23.64,838,665,2400
43152,3624.06,0,0,0,0,-31.25,838,665,2400
43202,3616.20,0,0,0,0,28.11,838,666,2400
43252,3621.44,0,0,0,0,4.38,838,667,2400
43302,3615.33,0,0,0,0,26.33,838,668,2400
43352,3633.72,0,0,0,0,-10.53,838,669,2400
43402,3591.09,0,0,0,0,12.28,838,669,2400
43452,3631.08,0,0,0,0,-38.27,838,669,2400
43502,3615.33,0,0,0,0,30.76,838,670,2400
43552,3643.43,0,0,-1,0,-21.12,838,671,2400
43602,3613.59,0,0,0,0,28.07,838,672,2400
43652,3643.43,0,0,-1,0,-24.61,838,674,2400
43702,3615.33,0,0,0,0,36.97,838,675,2400
43752,3644.31,0,0,-1,0,-14.11,838,676,2400
43802,3624.94,0,0,0,0,43.44,838,677,2400
43852,3639.89,0,0,0,0,113.86,840,677,2401
43902,3545.26,0,0,1,0,322.71,845,678,2429
43952,3544.42,0,0,1,0,450.25,852,679,2467
44002,3363.98,0,3,0,0,443.12,857,679,2485
44052,3545.26,0,0,1,0,329.71,860,681,2510
44102,3546.10,0,0,1,0,384.72,866,682,2544
44152,3546.10,0,0,1,0,415.87,873,683,2581
44204,3737.85,-2,-1,0,-2,-193.43,883,684,2641
44254,3611.85,0,0,0,0,20.99,883,684,2641
44304,3632.84,0,0,0,0,-21.86,883,684,2641
44354,3615.33,0,0,0,0,28.10,883,685,2641
44404,3604.90,0,0,0,0,-6.98,883,685,2641
44454,3602.31,0,0,0,0,-28.57,883,685,2641
44504,3633.72,0,0,0,0,-22.74,883,685,2641
44554,3621.44,0,0,0,0,11.40,883,685,2641
44604,3651.41,0,0,-1,0,-49.97,883,686,2641
44654,3604.90,0,0,-1,0,-34.17,883,687,2641
44704,3632.84,0,0,0,0,-20.12,883,687,2641
44754,3623.19,0,0,0,0,9.65,883,687,2641
44804,3629.32,0,0,0,0,-28.75,883,687,2641
44854,3601.44,0,0,0,0,-25.22,883,687,2641
44904,3643.43,0,0,-1,0,-38.53,883,689,2641
44954,3625.82,0,0,0,0,28.26,883,690,2641
45004,3643.43,0,0,-1,0,-17.61,883,692,2641
45054,3615.33,0,0,0,0,28.10,883,693,2641
45104,3642.54,0,0,-1,0,-27.22,883,695,2641
45154,3625.82,0,0,0,0,17.61,883,696,2641
45204,3632.84,0,0,0,0,-18.38,883,697,2641
45254,3583.37,0,0,0,0,25.87,883,697,2641
45304,3631.08,0,0,0,0,-39.99,883,697,2641
45355,3625.82,0,0,0,0,18.50,883,698,2641
45405,3654.97,0,0,-1,0,-28.28,883,700,2641
45455,3635.48,0,0,0,0,30.21,883,701,2641
45505,3622.31,0,0,0,0,14.93,883,702,2641
45555,3611.85,0,0,0,0,21.87,883,702,2641
45605,3632.84,0,0,0,0,-11.40,883,702,2641
45655,3615.33,0,0,0,0,28.10,883,703,2641
45705,3632.84,0,0,0,0,-17.51,883,704,2641
45755,3602.31,0,0,0,0,-18.33,883,704,2641
45805,3599.71,0,0,0,0,-31.42,883,704,2641
45855,3591.95,0,0,0,0,18.91,883,704,2641
45905,3640.78,0,0,-1,0,-48.82,883,705,2641
45955,3636.36,0,0,0,0,7.07,883,706,2641
46005,3667.48,0,0,-1,0,-20.51,883,709,2641
46055,3636.36,0,0,0,0,16.83,883,710,2641
46105,3632.84,0,0,0,0,-7.03,883,711,2641
46155,3625.82,0,0,0,0,16.73,883,712,2641
46205,3632.84,0,0,0,0,-20.12,883,712,2641
46255,3601.44,0,0,0,0,-34.86,883,712,2641
46305,3633.72,0,0,0,0,-22.74,883,712,2641
46355,3625.82,0,0,0,0,17.61,883,713,2641
46405,3654.08,0,0,-1,0,-28.26,883,715,2641
46455,3625.82,0,0,0,0,19.38,883,716,2641
46505,3602.31,0,0,0,0,28.99,883,717,2641
46555,3591.95,0,0,0,0,-20.79,883,717,2641
46605,3652.30,0,0,-1,0,-51.72,883,718,2641
46655,3622.31,0,0,0,0,11.41,883,718,2641
46705,3644.31,0,0,-1,0,-21.13,883,719,2641
46755,3624.94,0,0,0,0,18.49,883,720,2641
46806,3654.08,0,0,-1,0,-41.36,883,721,2641
46856,3625.82,0,0,0,0,19.38,883,722,2641
46906,3611.85,0,0,0,0,7.84,883,722,2641
46956,3591.95,0,0,0,0,-26.80,883,722,2641
47006,3641.66,0,0,-1,0,-50.57,883,723,2641
47056,3612.72,0,0,0,0,16.61,883,723,2641
47106,3654.08,0,0,-1,0,-29.14,883,724,2641
47156,3636.36,0,0,0,0,15.05,883,725,2641
47206,3656.75,0,0,-1,0,-13.32,883,727,2641
47256,3618.82,0,0,0,0,82.14,884,727,2641
47306,3635.48,0,0,0,0,107.97,886,727,2644
47356,3544.42,0,0,1,0,299.76,891,728,2670
47406,3545.26,0,0,1,0,313.76,896,729,2696
47456,3583.37,0,0,0,0,22.40,896,729,2696
47506,3640.78,0,0,-1,0,-41.06,896,730,2696
47556,3628.45,0,0,0,0,48.92,897,730,2696
47606,3543.59,0,0,1,0,289.79,901,731,2716
47656,3544.42,0,0,1,0,518.42,909,732,2758
47706,3546.10,0,0,1,0,401.27,917,733,2816
47756,3545.26,0,0,1,0,339.74,920,734,2837
47806,3546.10,0,0,1,0,397.12,926,735,2873
47856,3544.42,0,0,1,0,443.88,934,736,2915
47907,3737.85,-2,-1,0,-2,-194.27,943,737,2975
47958,3643.43,0,0,-1,0,-21.12,943,738,2975
48008,3622.31,0,0,0,0,10.53,943,738,2975
48058,3643.43,0,0,-1,0,-30.71,943,739,2975
48108,3615.33,0,0,0,0,28.10,943,740,2975
48158,3610.98,0,0,0,0,4.35,943,741,2975
48208,3601.44,0,0,0,0,-30.39,943,741,2975
48258,3654.08,0,0,-1,0,-41.36,943,742,2975
48308,3624.06,0,0,0,0,20.25,943,743,2975
48358,3632.84,0,0,0,0,-9.65,943,743,2975
48408,3615.33,0,0,0,0,28.99,943,744,2975
48458,3632.84,0,0,0,0,-16.64,943,745,2975
48508,3612.72,0,0,0,0,9.60,943,745,2975
48558,3623.19,0,0,0,0,-12.21,943,745,2975
48608,3613.59,0,0,0,0,30.73,943,746,2975
48658,3643.43,0,0,-1,0,-17.61,943,748,2975
48708,3624.94,0,0,0,0,29.14,943,749,2975
48758,3644.31,0,0,-1,0,-7.95,943,751,2975
48808,3610.98,0,0,0,0,22.74,943,751,2975
48858,3624.94,0,0,0,0,-32.13,943,751,2975
48908,3602.31,0,0,0,0,-35.72,943,751,2975
48958,3643.43,0,0,-1,0,-28.10,943,753,2975
49008,3611.85,0,0,0,0,14.85,943,753,2975
49058,3643.43,0,0,-1,0,-30.71,943,754,2975
49108,3611.85,0,0,0,0,21.87,943,754,2975
49158,3642.54,0,0,-1,0,-29.83,943,755,2975
49208,3615.33,0,0,0,0,28.10,943,756,2975
49258,3715.63,0,-1,0,-2,-161.13,944,758,2977
49308,3616.20,0,0,0,0,37.88,944,759,2977
49358,3622.31,0,0,0,0,-9.60,944,759,2977
49408,3591.95,0,0,0,0,-32.95,944,759,2977
49458,3607.50,0,0,0,0,-32.95,944,759,2977
49508,3612.72,0,0,0,0,12.22,944,759,2977
49558,3632.84,0,0,0,0,-7.03,944,760,2977
49608,3616.20,0,0,0,0,27.23,944,761,2977
49658,3644.31,0,0,-1,0,-18.50,944,763,2977
49708,3615.33,0,0,0,0,28.10,944,764,2977
49758,3616.20,0,0,0,0,-25.11,944,764,2977
49808,3614.46,0,0,0,0,26.32,944,765,2977
49858,3643.43,0,0,-1,0,-30.71,944,766,2977
49908,3615.33,0,0,0,0,28.99,944,767,2977
49958,3633.72,0,0,0,0,-7.91,944,768,2977
50008,3625.82,0,0,0,0,17.61,944,769,2977
50058,3642.54,0,0,-1,0,-16.73,944,771,2977
50108,3602.31,0,0,0,0,-4.37,944,771,2977
50158,3644.31,0,0,-1,0,-41.14,944,773,2977
50208,3610.98,0,0,0,0,24.50,944,773,2977
50258,3606.64,0,0,0,0,26.63,944,773,2977
50308,3600.58,0,0,0,0,-19.07,944,773,2977
50358,3606.64,0,0,0,0,-18.24,944,773,2977
50408,3612.72,0,0,0,0,16.61,944,773,2977
50458,3665.69,0,0,-1,0,-39.87,944,775,2977
50508,3646.97,0,0,-1,0,7.11,944,777,2977
50558,3654.08,0,0,-1,0,-17.72,944,779,2977
50608,3616.20,0,0,0,0,27.23,944,780,2977
50658,3622.31,0,0,0,0,-11.34,944,780,2977
50708,3604.04,0,0,-1,0,-43.68,944,781,2977
50758,3610.11,0,0,0,0,-4.34,944,782,2977
50808,3603.17,0,0,0,0,-26.08,944,782,2977
50859,3633.72,0,0,0,0,-22.74,944,782,2977
50909,3615.33,0,0,0,0,28.99,944,783,2977
50959,3634.60,0,0,0,0,-32.30,944,783,2977
51009,3625.82,0,0,0,0,35.40,944,784,2977
51059,3612.72,0,0,0,0,19.24,944,785,2977
51109,3612.72,0,0,0,0,20.12,944,785,2977
51159,3644.31,0,0,-1,0,-16.75,944,786,2977
51209,3615.33,0,0,0,0,33.42,944,787,2977
51259,3644.31,0,0,-1,0,-14.11,944,788,2977
51309,3625.82,0,0,0,0,24.71,944,789,2977
51359,3643.43,0,0,-1,0,-10.59,944,790,2977
51409,3614.46,0,0,0,0,124.33,946,790,2980
51459,3544.42,0,0,1,0,260.75,949,791,3002
51509,3591.95,0,0,0,0,-91.06,949,791,3002
51559,3644.31,0,0,-1,0,-40.28,949,792,3002
51609,3615.33,0,0,0,0,51.26,949,793,3002
51659,3646.97,0,0,-1,0,81.59,950,795,3005
51709,3545.26,0,0,1,0,297.94,955,796,3030
51759,3545.26,0,0,1,0,410.44,961,797,3065
51809,3617.94,0,0,0,0,153.74,963,798,3065
51859,3546.10,0,0,1,0,332.88,968,799,3095
51910,3747.19,-2,-1,0,-2,-202.77,976,800,3141
51960,3615.33,0,0,0,0,28.99,976,801,3141
52011,3643.43,0,0,-1,0,-42.85,976,802,3141
52061,3543.59,0,0,1,0,100.73,976,804,3141
52111,3617.94,0,0,0,0,-33.72,976,804,3141
52161,3601.44,0,0,0,0,-35.72,976,804,3141
52211,3654.97,0,0,-1,0,-30.91,976,806,3141
52261,3636.36,0,0,0,0,17.72,976,807,3141
52311,3665.69,0,0,-1,0,-39.87,976,809,3141
52361,3615.33,0,0,0,0,28.99,976,810,3141
52411,3623.19,0,0,0,0,-10.47,976,810,3141
52461,3591.09,0,0,0,0,-25.22,976,810,3141
52511,3608.37,0,0,0,0,17.97,976,810,3141
52561,3611.85,0,0,0,0,27.16,976,810,3141
52611,3664.79,0,0,-1,0,-28.43,976,812,3141
52661,3610.98,0,0,0,0,21.86,976,812,3141
52711,3632.84,0,0,0,0,-40.03,976,812,3141
52761,3601.44,0,0,0,0,-33.99,976,812,3141
52811,3622.31,0,0,0,0,-11.34,976,812,3141
52861,3623.19,0,0,0,0,8.77,976,812,3141
52911,3644.31,0,0,-1,0,-18.50,976,814,3141
52961,3636.36,0,0,0,0,17.72,976,815,3141
53011,3654.08,0,0,-1,0,-17.72,976,817,3141
53061,3625.82,0,0,0,0,31.83,976,819,3141
53111,3622.31,0,0,0,0,-6.98,976,820,3141
53161,3601.44,0,0,0,0,-33.14,976,820,3141
53211,3601.44,0,0,0,0,-25.25,976,820,3141
53261,3602.31,0,0,0,0,16.35,976,820,3141
53311,3634.60,0,0,0,0,-32.30,976,820,3141
53361,3625.82,0,0,0,0,17.61,976,821,3141
53411,3654.97,0,0,-1,0,-18.61,976,823,3141
53462,3636.36,0,0,0,0,18.61,976,824,3141
53512,3654.97,0,0,-1,0,-29.16,976,826,3141
53562,3615.33,0,0,0,0,28.99,976,827,3141
53612,3631.08,0,0,0,0,-18.37,976,827,3141
53662,3602.31,0,0,0,0,-21.86,976,827,3141
53712,3617.94,0,0,0,0,-15.64,976,827,3141
53762,3591.95,0,0,0,0,-40.79,976,827,3141
53812,3633.72,0,0,0,0,-21.87,976,827,3141
53862,3610.98,0,0,0,0,12.21,976,827,3141
53912,3632.84,0,0,0,0,-20.12,976,827,3141
53962,3622.31,0,0,0,0,13.17,976,827,3141
54012,3654.08,0,0,-1,0,-28.26,976,829,3141
54062,3635.48,0,0,0,0,30.21,976,830,3141
54112,3643.43,0,0,-1,0,-16.74,976,832,3141
54162,3623.19,0,0,0,0,8.77,976,832,3141
54212,3643.43,0,0,-1,0,-17.61,976,834,3141
54262,3612.72,0,0,0,0,20.12,976,834,3141
54312,3610.98,0,0,0,0,4.35,976,835,3141
54362,3603.17,0,0,0,0,-23.52,976,835,3141
54412,3643.43,0,0,-1,0,-30.71,976,836,3141
54462,3615.33,0,0,0,0,28.10,976,837,3141
54512,3633.72,0,0,0,0,-7.03,976,838,3141
54562,3625.82,0,0,0,0,28.26,976,839,3141
54612,3643.43,0,0,-1,0,-10.59,976,841,3141
54662,3625.82,0,0,0,0,21.16,976,842,3141
54712,3610.98,0,0,0,0,0.00,976,842,3141
54762,3612.72,0,0,0,0,27.18,976,842,3141
54812,3632.84,0,0,0,0,-14.02,976,842,3141
54862,3591.09,0,0,0,0,-18.37,976,842,3141
54912,3648.75,0,0,-1,0,-61.09,976,843,3141
54962,3622.31,0,0,0,0,12.29,976,843,3141
55012,3654.08,0,0,-1,0,-36.14,976,845,3141
55062,3623.19,0,0,0,0,9.65,976,845,3141
55112,3636.36,0,0,0,0,10.61,976,846,3141
55162,3609.24,0,-2,0,0,-253.00,979,846,3141
55212,3544.42,0,0,1,0,293.86,984,847,3166
55262,3604.90,0,0,0,0,-26.84,984,848,3166
55312,3646.97,0,0,-1,0,79.73,985,850,3169
55362,3545.26,0,0,1,0,309.79,990,851,3196
55412,3544.42,0,0,1,0,450.25,997,852,3234
55463,3702.79,-2,-1,0,-2,-158.37,1007,853,3297
55513,3604.90,0,0,-1,0,-26.36,1007,854,3297
55563,3643.43,0,0,-1,0,-32.45,1007,855,3297
55613,3611.85,0,0,0,0,21.87,1007,855,3297
55663,3644.31,0,0,-1,0,-21.13,1007,856,3297
55713,3624.06,0,0,0,0,29.13,1007,857,3297
55763,3612.72,0,0,0,0,2.61,1007,858,3297
55813,3604.90,0,0,-1,0,-51.43,1007,859,3297
55863,3626.69,0,0,0,0,-25.25,1007,859,3297
55913,3610.98,0,0,0,0,16.59,1007,859,3297
55963,3644.31,0,0,-1,0,-28.99,1007,861,3297
56013,3624.94,0,0,0,0,18.49,1007,862,3297
56064,3654.08,0,0,-1,0,-28.26,1007,864,3297
56114,3633.72,0,0,0,0,9.71,1007,865,3297
56164,3644.31,0,0,-1,0,-18.50,1007,867,3297
56214,3614.46,0,0,0,0,28.97,1007,868,3297
56264,3632.84,0,0,0,0,-17.51,1007,869,3297
56314,3615.33,0,0,0,0,27.22,1007,870,3297
56364,3631.96,0,0,0,0,-19.24,1007,870,3297
56414,3583.37,0,0,0,0,18.07,1007,870,3297
56464,3617.07,0,0,0,0,-31.99,1007,870,3297
56514,3616.20,0,0,0,0,27.23,1007,871,3297
56564,3654.97,0,0,-1,0,-30.91,1007,873,3297
56614,3636.36,0,0,0,0,17.72,1007,874,3297
56664,3643.43,0,0,-1,0,-17.61,1007,876,3297
56714,3625.82,0,0,0,0,17.61,1007,877,3297
56764,3643.43,0,0,-1,0,-16.74,1007,879,3297
56814,3604.90,0,0,-1,0,-26.37,1007,880,3297
56864,3615.33,0,0,0,0,-22.51,1007,880,3297
56914,3592.81,0,0,0,0,-26.08,1007,880,3297
56964,3643.43,0,0,-1,0,-30.71,1007,881,3297
57014,3625.82,0,0,0,0,28.26,1007,882,3297
57064,3654.08,0,0,-1,0,-29.14,1007,884,3297
57114,3625.82,0,0,0,0,28.26,1007,885,3297
57164,3644.31,0,0,-1,0,-43.74,1007,886,3297
57214,3610.98,0,0,0,0,24.50,1007,886,3297
57264,3607.50,0,0,0,0,-12.21,1007,886,3297
57314,3602.31,0,0,0,0,-33.85,1007,886,3297
57364,3654.08,0,0,-1,0,-37.88,1007,888,3297
57414,3625.82,0,0,0,0,28.26,1007,889,3297
57464,3667.48,0,0,-1,0,-20.51,1007,892,3297
57515,3635.48,0,0,0,0,29.31,1007,893,3297
57565,3654.08,0,0,-1,0,-28.26,1007,895,3297
57615,3611.85,0,0,0,0,21.87,1007,895,3297
57665,3597.98,0,0,0,0,18.93,1007,895,3297
57715,3582.52,0,0,0,0,14.60,1007,895,3297
57765,3644.31,0,0,-1,0,-42.01,1007,896,3297
57815,3614.46,0,0,0,0,28.97,1007,897,3297
57865,3654.08,0,0,-1,0,-28.26,1007,899,3297
57915,3624.06,0,0,0,0,19.37,1007,900,3297
57965,3634.60,0,0,0,0,-32.30,1007,900,3297
58015,3615.33,0,0,0,0,28.99,1007,901,3297
58065,3644.31,0,0,-1,0,-20.25,1007,903,3297
58115,3625.82,0,0,0,0,23.82,1007,904,3297
58165,3654.08,0,0,-1,0,-19.48,1007,906,3297
58215,3625.82,0,0,0,0,32.72,1007,907,3297
58265,3643.43,0,0,-1,0,-23.74,1007,908,3297
58315,3564.64,0,0,0,0,33.35,1007,908,3297
58365,3618.82,0,0,0,0,-29.44,1007,908,3297
58415,3601.44,0,0,0,0,-19.11,1007,908,3297
58465,3654.08,0,0,-1,0,-36.14,1007,909,3297
58515,3625.82,0,0,0,0,31.83,1007,910,3297
58565,3659.43,0,0,-1,0,18.84,1008,911,3297
58615,3544.42,0,0,1,0,258.82,1011,912,3317
58665,3545.26,0,0,1,0,371.19,1016,913,3345
58715,3544.42,0,0,1,0,454.51,1023,914,3386
58765,3641.66,0,0,-1,0,108.34,1024,915,3388
58815,3567.18,0,0,0,0,217.83,1028,915,3388
58865,3617.94,0,0,0,0,88.50,1030,915,3397
58915,3621.44,0,0,0,0,131.38,1032,915,3399
58966,3545.26,0,0,1,0,345.79,1037,916,3428
59017,3759.40,-2,-2,0,-1,-214.97,1046,917,3475
59067,3616.20,0,0,0,0,37.88,1046,918,3475
59117,3610.98,0,0,0,0,14.84,1046,919,3475
59167,3600.58,0,0,0,0,-25.11,1046,919,3475
59217,3644.31,0,0,-1,0,-32.47,1046,920,3475
59267,3615.33,0,0,0,0,28.10,1046,921,3475
59317,3654.08,0,0,-1,0,-28.26,1046,923,3475
59367,3582.52,0,0,0,0,7.72,1046,923,3475
59417,3618.82,0,0,0,0,-44.84,1046,923,3475
59467,3611.85,0,0,0,0,20.99,1046,923,3475
59517,3654.08,0,0,-1,0,-28.26,1046,925,3475
59567,3646.09,0,0,-1,0,19.60,1046,927,3475
59617,3654.08,0,0,-1,0,-17.72,1046,929,3475
59667,3624.94,0,0,0,0,19.38,1046,930,3475
59717,3632.84,0,0,0,0,-20.12,1046,930,3475
59767,3591.95,0,0,0,0,-36.58,1046,930,3475
59817,3615.33,0,0,0,0,-22.51,1046,930,3475
59867,3591.95,0,0,0,0,-28.68,1046,930,3475
59917,3644.31,0,0,-1,0,-32.47,1046,931,3475
59967,3625.82,0,0,0,0,38.98,1046,932,3475
60017,3654.97,0,0,-1,0,-18.61,1046,934,3475
60067,3636.36,0,0,0,0,29.33,1046,935,3475
60118,3646.09,0,0,-1,0,0.89,1046,938,3475
60168,3628.45,0,0,0,0,57.96,1047,938,3475
60218,3601.44,0,0,0,0,19.24,1047,938,3475
60268,3565.49,0,0,0,0,22.17,1047,938,3475
60318,3628.45,0,0,0,0,-53.61,1047,938,3475
60368,3614.46,0,0,0,0,26.32,1047,939,3475
60418,3654.97,0,0,-1,0,-18.61,1047,941,3475
60468,3625.82,0,0,0,0,28.26,1047,942,3475
60518,3624.06,0,0,0,0,-30.39,1047,942,3475
60568,3602.31,0,0,0,0,-25.20,1047,942,3475
60618,3624.06,0,0,0,0,-32.97,1047,942,3475
60668,3612.72,0,0,0,0,9.60,1047,942,3475
60718,3654.97,0,0,-1,0,-29.16,1047,944,3475
60768,3615.33,0,0,0,0,27.22,1047,945,3475
60818,3664.79,0,0,-1,0,-38.98,1047,947,3475
60868,3626.69,0,0,0,0,27.39,1047,948,3475
60918,3596.26,0,0,0,0,17.21,1047,948,3475
60968,3590.23,0,0,0,0,-37.16,1047,948,3475
61018,3654.08,0,0,-1,0,-42.23,1047,949,3475
61068,3625.82,0,0,0,0,38.98,1047,950,3475
61118,3643.43,0,0,-1,0,-7.07,1047,952,3475
61168,3625.82,0,0,0,0,16.73,1047,953,3475
61218,3643.43,0,0,-1,0,-17.61,1047,955,3475
61268,3625.82,0,0,0,0,17.61,1047,956,3475
61318,3600.58,0,0,0,0,18.37,1047,956,3475
61368,3591.95,0,0,0,0,18.37,1047,956,3475
61418,3634.60,0,0,0,0,-32.30,1047,956,3475
61468,3611.85,0,0,0,0,20.99,1047,956,3475
61518,3654.97,0,0,-1,0,-29.16,1047,958,3475
61568,3615.33,0,0,0,0,28.10,1047,959,3475
61618,3631.96,0,0,0,0,-16.63,1047,960,3475
61668,3615.33,0,0,0,0,28.10,1047,961,3475
61718,3643.43,0,0,-1,0,-18.49,1047,963,3475
61768,3639.01,0,0,0,0,-54.78,1047,963,3475
61818,3626.69,0,0,0,0,-24.39,1047,963,3475
61868,3615.33,0,0,0,0,34.31,1047,964,3475
61918,3665.69,0,0,-1,0,-39.87,1047,966,3475
61968,3625.82,0,0,0,0,28.26,1047,967,3475
62018,3654.97,0,0,-1,0,-21.25,1047,969,3475
62068,3625.82,0,0,0,0,22.04,1047,970,3475
62118,3625.82,0,0,0,0,-16.58,1047,970,3475
62168,3604.04,0,0,0,0,-33.94,1047,970,3475
62218,3633.72,0,0,0,0,-13.16,1047,970,3475
62268,3613.59,0,0,0,0,18.37,1047,970,3475
62318,3635.48,0,0,0,0,-27.98,1047,970,3475
62368,3615.33,0,0,0,0,26.33,1047,971,3475
62418,3650.52,0,0,-1,0,50.44,1048,972,3475
62468,3544.42,0,0,1,0,294.84,1052,973,3499
62518,3648.75,0,0,-1,0,94.70,1053,975,3499
62568,3489.18,0,1,0,0,363.89,1059,975,3526
62618,3545.26,0,0,1,0,407.31,1064,976,3558
62668,3544.42,0,0,1,0,460.92,1072,977,3609
62718,3545.26,0,0,1,0,402.11,1079,978,3660
62768,3544.42,0,0,1,0,560.67,1088,979,3713
62818,3545.26,0,0,1,0,324.71,1093,980,3741
62868,3545.26,0,0,1,0,422.99,1099,981,3778
62919,3713.79,-3,-1,0,-3,-169.37,1109,982,3843
62969,3644.31,0,0,-1,0,-21.13,1109,983,3843
63019,3602.31,0,0,0,0,-4.37,1109,983,3843
63069,3624.94,0,0,0,0,-22.63,1109,983,3843
63119,3611.85,0,0,0,0,20.99,1109,983,3843
63169,3633.72,0,0,0,0,-7.91,1109,984,3843
63219,3613.59,0,0,0,0,29.84,1109,985,3843
63269,3643.43,0,0,-1,0,-21.12,1109,986,3843
63319,3602.31,0,0,0,0,-4.39,1109,986,3843
63369,3608.37,0,0,0,0,-15.64,1109,986,3843
63419,3600.58,0,0,0,0,-41.75,1109,986,3843
63469,3633.72,0,0,0,0,-7.91,1109,987,3843
63519,3623.19,0,0,0,0,8.77,1109,987,3843
63569,3644.31,0,0,-1,0,-28.99,1109,989,3843
63619,3612.72,0,0,0,0,20.12,1109,989,3843
63669,3632.84,0,0,0,0,-20.12,1109,989,3843
63719,3625.82,0,0,0,0,17.61,1109,990,3843
63769,3644.31,0,0,-1,0,-21.13,1109,991,3843
63819,3610.98,0,0,0,0,21.86,1109,991,3843
63869,3626.69,0,0,0,0,-24.39,1109,991,3843
63919,3612.72,0,0,0,0,22.77,1109,991,3843
63969,3641.66,0,0,-1,0,-16.72,1109,993,3843
64019,3625.82,0,0,0,0,17.61,1109,994,3843
64069,3653.19,0,0,-1,0,-27.37,1109,996,3843
64119,3625.82,0,0,0,0,38.98,1109,997,3843
64169,3626.69,0,0,0,0,-25.25,1109,997,3843
64219,3601.44,0,0,0,0,-18.32,1109,997,3843
64269,3615.33,0,0,0,0,-23.37,1109,997,3843
64319,3604.90,0,0,-1,0,-52.51,1109,998,3843
64369,3633.72,0,0,0,0,-9.66,1109,999,3843
64419,3615.33,0,0,0,0,28.10,1109,1000,3843
64470,3664.79,0,0,-1,0,-38.98,1109,1002,3843
64520,3636.36,0,0,0,0,17.72,1109,1003,3843
64570,3654.08,0,0,-1,0,-18.60,1109,1005,3843
64620,3612.72,0,0,0,0,10.47,1109,1005,3843
64670,3632.84,0,0,0,0,-20.12,1109,1005,3843
64720,3615.33,0,0,0,0,28.10,1109,1006,3843
64770,3623.19,0,0,0,0,-7.86,1109,1007,3843
64820,3602.31,0,0,0,0,-20.93,1109,1007,3843
64870,3643.43,0,0,-1,0,-32.45,1109,1008,3843
64920,3611.85,0,0,0,0,21.87,1109,1008,3843
64970,3582.52,0,0,0,0,31.07,1109,1008,3843
65020,3591.95,0,0,0,0,-51.61,1109,1008,3843
65070,3644.31,0,0,-1,0,-42.01,1109,1009,3843
65120,3634.60,0,0,0,0,20.37,1109,1010,3843
65170,3667.48,0,0,-1,0,-21.40,1109,1013,3843
65220,3625.82,0,0,0,0,28.26,1109,1014,3843
65270,3631.96,0,0,0,0,4.40,1109,1015,3843
65320,3611.85,0,0,0,0,21.87,1109,1015,3843
65370,3633.72,0,0,0,0,-20.13,1109,1016,3843
65420,3610.98,0,0,0,0,27.15,1109,1016,3843
65470,3632.84,0,0,0,0,-20.12,1109,1016,3843
65520,3592.81,0,0,0,0,-20.92,1109,1016,3843
65570,3617.94,0,0,0,0,-16.50,1109,1016,3843
65620,3612.72,0,0,0,0,20.12,1109,1016,3843
65670,3634.60,0,0,0,0,-31.43,1109,1016,3843
65720,3625.82,0,0,0,0,17.61,1109,1017,3843
65770,3654.08,0,0,-1,0,-17.72,1109,1019,3843
65820,3636.36,0,0,0,0,17.72,1109,1020,3843
65870,3632.84,0,0,0,0,-1.76,1109,1021,3843
65920,3615.33,0,0,0,0,25.45,1109,1022,3843
65970,3624.94,0,0,0,0,-33.85,1109,1022,3843
66020,3602.31,0,0,0,0,-22.60,1109,1022,3843
66070,3608.37,0,0,0,0,-17.39,1109,1022,3843
66120,3600.58,0,0,0,0,-47.80,1109,1022,3843
66170,3644.31,0,0,-1,0,-23.75,1109,1024,3843
66220,3610.98,0,0,0,0,28.92,1109,1024,3843
66270,3643.43,0,0,-1,0,-27.23,1109,1026,3843
66320,3612.72,0,0,0,0,21.00,1109,1026,3843
66370,3591.95,0,0,0,0,-14.85,1109,1026,3843
66420,3591.95,0,0,0,0,-48.15,1109,1026,3843
66470,3625.82,0,0,0,0,-18.31,1109,1026,3843
66520,3591.09,0,0,0,0,-23.43,1109,1026,3843
66570,3644.31,0,0,-1,0,-32.47,1109,1027,3843
66620,3623.19,0,0,0,0,16.70,1109,1027,3843
66670,3663.90,0,0,-1,0,-24.01,1109,1029,3843
66720,3640.78,0,0,-1,0,114.86,1111,1031,3843
66770,3546.10,0,0,1,0,380.60,1117,1032,3875
66820,3544.42,0,0,1,0,528.34,1125,1033,3921
66870,3545.26,0,0,1,0,370.17,1130,1034,3951
66920,3543.59,0,0,1,0,467.11,1137,1035,3992
66970,3546.10,0,0,1,0,401.27,1144,1036,4046
67020,3702.79,0,-1,0,0,-147.44,1155,1037,4101
67070,3581.66,0,0,0,0,31.05,1155,1037,4101
67120,3600.58,0,0,0,0,-36.28,1155,1037,4101
67170,3546.10,0,0,1,0,445.39,1164,1038,4157
67221,3726.71,-2,-1,0,-2,-182.28,1174,1039,4225
67271,3635.48,0,0,0,0,30.21,1174,1040,4225
67321,3643.43,0,0,-1,0,-7.07,1174,1042,4225
67371,3612.72,0,0,0,0,19.24,1174,1042,4225
67421,3643.43,0,0,-1,0,-38.53,1174,1044,4225
67471,3612.72,0,0,0,0,20.12,1174,1044,4225
67521,3632.84,0,0,0,0,-19.25,1174,1045,4225
67571,3604.04,0,0,-1,0,-25.48,1174,1046,4225
67621,3596.26,0,0,0,0,18.84,1174,1046,4225
67671,3600.58,0,0,0,0,-32.02,1174,1046,4225
67721,3643.43,0,0,-1,0,-30.71,1174,1047,4225
67771,3636.36,0,0,0,0,16.83,1174,1048,4225
67821,3724.86,0,-1,0,0,-138.06,1175,1049,4225
67871,3615.33,0,0,0,0,28.10,1175,1050,4225
67921,3643.43,0,0,-1,0,-17.61,1175,1052,4225
67971,3624.94,0,0,0,0,19.38,1175,1053,4225
68021,3623.19,0,0,0,0,-7.86,1175,1054,4225
68071,3591.09,0,0,0,0,-18.22,1175,1054,4225
68121,3624.06,0,0,0,0,-32.11,1175,1054,4225
68171,3612.72,0,0,0,0,10.47,1175,1054,4225
68221,3654.08,0,0,-1,0,-28.26,1175,1056,4225
68271,3636.36,0,0,0,0,18.61,1175,1057,4225
68321,3617.94,0,0,0,0,-16.50,1175,1057,4225
68371,3603.17,0,0,0,0,-18.32,1175,1057,4225
68421,3618.82,0,0,0,0,-16.51,1175,1057,4225
68471,3612.72,0,0,0,0,21.00,1175,1057,4225
68521,3654.08,0,0,-1,0,-38.75,1175,1059,4225
68571,3622.31,0,0,0,0,11.41,1175,1059,4225
68621,3622.31,0,0,0,0,-6.98,1175,1060,4225
68671,3612.72,0,0,0,0,22.77,1175,1060,4225
68721,3654.97,0,0,-1,0,-30.91,1175,1062,4225
68771,3636.36,0,0,0,0,7.95,1175,1063,4225
68822,3623.19,0,0,0,0,11.41,1175,1064,4225
68872,3600.58,0,0,0,0,-15.62,1175,1064,4225
68922,3643.43,0,0,-1,0,-41.99,1175,1065,4225
68972,3601.44,0,0,0,0,-13.92,1175,1065,4225
69022,3591.95,0,0,0,0,27.15,1175,1065,4225
69072,3625.82,0,0,0,0,21.16,1175,1067,4225
69122,3664.79,0,0,-1,0,-28.43,1175,1069,4225
69172,3611.85,0,0,0,0,11.34,1175,1069,4225
69222,3635.48,0,0,0,0,-33.18,1175,1069,4225
69272,3611.85,0,0,0,0,21.87,1175,1069,4225
69322,3643.43,0,0,-1,0,-37.66,1175,1071,4225
69372,3591.95,0,0,0,0,-6.98,1175,1071,4225
69422,3597.98,0,0,1,0,20.37,1175,1072,4225
69472,3600.58,0,0,0,0,-40.57,1175,1072,4225
69522,3665.69,0,0,-1,0,-39.87,1175,1074,4225
69572,3646.97,0,0,-1,0,17.82,1175,1076,4225
69622,3656.75,0,0,-1,0,-7.12,1176,1078,4225
69672,3625.82,0,0,0,0,28.26,1176,1079,4225
69722,3643.43,0,0,-1,0,-17.61,1176,1081,4225
69772,3582.52,0,0,0,0,9.44,1176,1081,4225
69822,3607.50,0,0,0,0,-33.68,1176,1081,4225
69872,3591.95,0,0,0,0,-25.97,1176,1081,4225
69922,3635.48,0,0,0,0,-33.18,1176,1081,4225
69972,3625.82,0,0,0,0,18.50,1176,1082,4225
70022,3654.08,0,0,-1,0,-38.75,1176,1084,4225
70072,3636.36,0,0,0,0,17.72,1176,1085,4225
70122,3632.84,0,0,0,0,-17.51,1176,1086,4225
70172,3612.72,0,0,0,0,22.77,1176,1086,4225
70222,3643.43,0,0,-1,0,-32.45,1176,1087,4225
70272,3615.33,0,0,0,0,45.89,1176,1088,4225
70322,3576.54,0,0,0,0,25.77,1176,1088,4225
70372,3500.58,0,1,0,0,27.17,1177,1089,4225
70422,3427.00,0,2,0,0,18.10,1182,1089,4225
70472,3340.01,0,3,0,1,25.48,1190,1089,4226
70522,3266.55,3,4,0,0,14.29,1201,1089,4228
70572,3216.12,0,4,0,0,13.85,1209,1089,4229
70622,3127.61,1,6,0,1,35.62,1225,1089,4232
70672,3077.55,0,6,0,1,29.32,1237,1089,4234
70722,3012.65,0,7,0,0,12.15,1258,1089,4236
70772,2959.16,0,8,0,0,7.61,1274,1089,4238
70822,2867.52,5,9,0,1,41.15,1299,1089,4241
70872,2817.96,0,10,0,1,38.10,1318,1089,4242
70922,2763.45,0,10,0,2,42.91,1338,1089,4244
70972,2706.12,8,11,0,0,11.77,1370,1089,4245
71022,2661.46,4,12,0,0,1.42,1394,1089,4246
71072,2607.79,0,12,0,0,1.81,1418,1089,4248
71122,2559.29,0,13,0,0,2.62,1444,1089,4249
71172,2508.78,0,14,0,0,2.94,1472,1089,4250
71222,2456.20,0,14,0,0,2.01,1500,1089,4252
71272,2409.25,0,15,0,0,2.71,1530,1089,4253
71322,2355.90,0,16,0,0,5.56,1562,1089,4254
71372,2307.69,1,16,0,0,3.91,1594,1089,4255
71422,2259.04,5,17,0,0,1.70,1628,1089,4256
71472,2207.83,11,18,0,0,3.58,1664,1089,4257
71522,2155.17,16,18,0,0,9.64,1700,1089,4258
71572,2113.27,0,19,0,1,41.90,1719,1089,4259
71622,2066.40,4,19,0,1,41.53,1757,1089,4260
71672,2016.94,14,20,0,1,38.98,1797,1089,4261
71723,2010.18,0,20,0,0,6.76,1817,1089,4261
71773,1960.78,5,21,0,0,2.57,1859,1089,4262
71823,1910.83,18,21,0,0,4.64,1901,1089,4263
71873,1867.07,1,22,0,1,43.76,1923,1089,4264
71923,1816.20,18,23,0,1,46.23,1968,1089,4265
71973,1811.81,0,23,0,0,4.39,1991,1089,4265
72023,1763.67,19,23,0,0,4.37,2037,1089,4266
72073,1716.84,5,24,0,1,46.83,2061,1089,4267
72123,1713.31,0,24,0,0,3.53,2085,1089,4267
72173,1690.90,10,24,0,-1,-47.07,2134,1089,4269
72223,1617.60,0,25,0,1,73.30,2159,1089,4270
72274,1566.25,26,26,0,1,48.56,2210,1089,4271
72324,1568.05,14,26,0,0,-1.80,2236,1089,4271
72374,1514.54,5,27,0,1,53.51,2263,1089,4272
72424,1515.61,0,27,0,0,-1.07,2290,1089,4272
72474,1464.56,26,27,0,0,-1.00,2344,1089,4273
72524,1412.43,20,28,0,1,52.13,2372,1089,4274
72574,1414.43,11,28,0,0,-2.00,2400,1089,4274
72624,1360.54,8,29,0,1,53.88,2429,1089,4275
72674,1361.41,4,29,0,0,-0.86,2458,1089,4275
72724,1307.19,0,29,0,1,54.22,2487,1089,4276
72774,1308.79,0,29,0,0,-1.60,2516,1089,4276
72824,1253.45,0,30,0,1,55.34,2546,1089,4277
72875,1256.49,0,30,0,0,-3.05,2576,1089,4277
72925,1198.37,0,31,0,1,58.12,2607,1089,4278
72975,1202.40,0,31,0,0,-4.03,2638,1089,4278
73025,1142.07,0,31,0,1,60.33,2669,1089,4279
73075,1146.44,0,31,0,0,-4.36,2700,1089,4279
73125,1088.30,1,32,0,1,58.14,2732,1089,4280
73175,1088.93,6,32,0,0,-0.63,2764,1089,4280
73225,1037.06,15,33,0,0,51.87,2797,1089,4280
73275,1025.57,24,33,0,0,11.49,2830,1089,4280
73325,1025.57,0,33,0,0,11.49,2830,1089,4280
73375,960.98,0,34,0,1,64.59,2864,1089,4281
73425,964.13,0,34,0,0,-3.15,2898,1089,4281
73476,900.31,18,35,0,0,63.83,2933,1089,4281
73526,900.68,33,35,0,0,-0.38,2968,1089,4281
73576,900.68,0,35,0,0,-0.38,2968,1089,4281
73626,829.32,6,36,0,0,71.36,3004,1089,4281
73676,830.89,27,35,0,0,-1.56,3039,1089,4281
73726,830.89,0,35,0,0,-1.56,3039,1089,4281
73776,761.65,7,36,0,0,69.23,3075,1089,4281
73826,761.65,0,36,0,0,69.23,3075,1089,4281
73876,746.23,0,37,0,0,15.42,3112,1089,4281
73926,695.70,25,37,0,0,50.53,3149,1089,4281
73976,695.70,0,37,0,0,50.53,3149,1089,4281
74027,665.34,16,38,0,0,30.36,3187,1089,4281
74077,665.34,0,38,0,0,30.36,3187,1089,4281
74127,593.42,17,39,0,0,71.91,3226,1089,4281
74177,593.42,0,39,0,0,71.91,3226,1089,4281
74227,563.11,24,39,0,0,30.32,3265,1089,4281
74277,563.11,0,39,0,0,30.32,3265,1089,4281
74327,563.11,0,39,0,0,30.32,3265,1089,4281
74377,478.48,1,40,0,0,84.62,3305,1089,4281
74427,478.48,0,40,0,0,84.62,3305,1089,4281
74477,433.39,40,41,0,0,45.10,3346,1089,4281
74527,433.39,0,41,0,0,45.10,3346,1089,4281
74577,433.39,0,41,0,0,45.10,3346,1089,4281
74627,433.39,0,41,0,0,45.10,3346,1089,4281
74677,316.11,31,42,0,0,117.28,3388,1089,4281
74727,316.11,0,42,0,0,117.28,3388,1089,4281
74777,316.11,0,42,0,0,117.28,3388,1089,4281
74827,316.11,0,42,0,0,117.28,3388,1089,4281
76004,44.86,0,42,0,0,117.28,3388,1089,4281
76054,44.86,0,42,0,0,117.28,3388,1089,4281
76104,44.86,0,42,0,0,117.28,3388,1089,4281
76154,44.86,0,42,0,0,117.28,3388,1089,4281
76204,44.86,0,42,0,0,117.28,3388,1089,4281
76254,0.00,0,42,0,0,117.28,3388,1089,4281
76304,0.00,0,42,0,0,117.28,3388,1089,4281
76354,0.00,0,42,0,0,117.28,3388,1089,4281
76404,0.00,0,42,0,0,117.28,3388,1089,4281
76454,0.00,0,42,0,0,117.28,3388,1089,4281
76504,0.00,0,42,0,0,117.28,3388,1089,4281
76554,0.00,0,42,0,0,117.28,3388,1089,4281
76604,0.00,0,42,0,0,117.28,3388,1089,4281
76654,0.00,0,42,0,0,117.28,3388,1089,4281
76704,0.00,0,42,0,0,117.28,3388,1089,4281
76754,0.00,0,42,0,0,117.28,3388,1089,4281
76804,0.00,0,42,0,0,117.28,3388,1089,4281
76854,0.00,0,42,0,0,117.28,3388,1089,4281
76904,0.00,0,42,0,0,117.28,3388,1089,4281
76954,0.00,0,42,0,0,117.28,3388,1089,4281
77004,0.00,0,42,0,0,117.28,3388,1089,4281
77054,0.00,0,42,0,0,117.28,3388,1089,4281
77104,0.00,0,42,0,0,117.28,3388,1089,4281
77154,0.00,0,42,0,0,117.28,3388,1089,4281
77204,0.00,0,42,0,0,117.28,3388,1089,4281
77254,0.00,0,42,0,0,117.28,3388,1089,4281
77304,0.00,0,42,0,0,117.28,3388,1089,4281
77355,0.00,0,42,0,0,117.28,3388,1089,4281
77405,0.00,0,42,0,0,117.28,3388,1089,4281
77455,0.00,0,42,0,0,117.28,3388,1089,4281
77505,0.00,0,42,0,0,117.28,3388,1089,4281
77555,0.00,0,42,0,0,117.28,3388,1089,4281
77605,0.00,0,42,0,0,117.28,3388,1089,4281
77655,0.00,0,42,0,0,117.28,3388,1089,4281
77705,0.00,0,42,0,0,117.28,3388,1089,4281
77755,0.00,0,42,0,0,117.28,3388,1089,4281
77805,0.00,0,42,0,0,117.28,3388,1089,4281
77855,0.00,0,42,0,0,117.28,3388,1089,4281
77905,0.00,0,42,0,0,117.28,3388,1089,4281
77955,0.00,0,42,0,0,117.28,3388,1089,4281
78005,0.00,0,42,0,0,117.28,3388,1089,4281
78055,0.00,0,42,0,0,117.28,3388,1089,4281
78105,0.00,0,42,0,0,117.28,3388,1089,4281
78155,0.00,0,42,0,0,117.28,3388,1089,4281
78205,0.00,0,42,0,0,117.28,3388,1089,4281
78255,0.00,0,42,0,0,117.28,3388,1089,4281
78305,0.00,0,42,0,0,117.28,3388,1089,4281
78355,0.00,0,42,0,0,117.28,3388,1089,4281
78405,0.00,0,42,0,0,117.28,3388,1089,4281
78455,0.00,0,42,0,0,117.28,3388,1089,4281
78505,0.00,0,42,0,0,117.28,3388,1089,4281
78555,0.00,0,42,0,0,117.28,3388,1089,4281
78605,0.00,0,42,0,0,117.28,3388,1089,4281
78655,0.00,0,42,0,0,117.28,3388,1089,4281
78705,0.00,0,42,0,0,117.28,3388,1089,4281
78755,0.00,0,42,0,0,117.28,3388,1089,4281
78806,0.00,0,42,0,0,117.28,3388,1089,4281
78856,0.00,0,42,0,0,117.28,3388,1089,4281
78906,0.00,0,42,0,0,117.28,3388,1089,4281
78956,0.00,0,42,0,0,117.28,3388,1089,4281
79006,0.00,0,42,0,0,117.28,3388,1089,4281
79056,0.00,0,42,0,0,117.28,3388,1089,4281
79106,0.00,0,42,0,0,117.28,3388,1089,4281
79156,0.00,0,42,0,0,117.28,3388,1089,4281
79206,0.00,0,42,0,0,117.28,3388,1089,4281
79256,0.00,0,42,0,0,117.28,3388,1089,4281
79306,0.00,0,42,0,0,117.28,3388,1089,4281
79356,0.00,0,42,0,0,117.28,3388,1089,4281
79406,0.00,0,42,0,0,117.28,3388,1089,4281
79456,0.00,0,42,0,0,117.28,3388,1089,4281
79506,0.00,0,42,0,0,117.28,3388,1089,4281
79556,0.00,0,42,0,0,117.28,3388,1089,4281
79606,0.00,0,42,0,0,117.28,3388,1089,4281
79656,0.00,0,42,0,0,117.28,3388,1089,4281
79706,0.00,0,42,0,0,117.28,3388,1089,4281
79756,0.00,0,42,0,0,117.28,3388,1089,4281
79806,0.00,0,42,0,0,117.28,3388,1089,4281
79856,0.00,0,42,0,0,117.28,3388,1089,4281
79906,0.00,0,42,0,0,117.28,3388,1089,4281
79956,0.00,0,42,0,0,117.28,3388,1089,4281
80006,0.00,0,42,0,0,117.28,3388,1089,4281
80056,0.00,0,42,0,0,117.28,3388,1089,4281
80106,0.00,0,42,0,0,117.28,3388,1089,4281
80156,0.00,0,42,0,0,117.28,3388,1089,4281
80206,0.00,0,42,0,0,117.28,3388,1089,4281
80256,0.00,0,42,0,0,117.28,3388,1089,4281
80306,0.00,0,42,0,0,117.28,3388,1089,4281
80356,0.00,0,42,0,0,117.28,3388,1089,4281
80406,0.00,0,42,0,0,117.28,3388,1089,4281
80456,0.00,0,42,0,0,117.28,3388,1089,4281
80506,0.00,0,42,0,0,117.28,3388,1089,4281
80556,0.00,0,42,0,0,117.28,3388,1089,4281
