Mechanical Governor - No Load
Trial: 4
Date: 3-31-2023
Time: 11:52 AM
Ambient Temp: 82
Head Temp: 200.1

------ Microcontroller Engine Governor - Version: 1.16 ------
-------------------------------------------------------------
PID Gains:        Kp: 0.013000   Ki: 0.025000   Kd: 1.000000
-------------------------------------------------------------
Set RPM:             3600    |  Min RPM:                300
                             |
RPM Precision        10       |  PID I Precision:         70
                             |
Start Steps:         850     |  Max Steps:               1200
                             |
RPM Calc Interval:   1       |  Num Magnets:             1
                             |
LCD Update Interval: 400     |  Serial Update Interval:  50
-------------------------------------------------------------

Time,RPM,Steps Remaining, PID p, PID i, PID d, RPM Change, P Cmd, I Cmd, D Cmd
1226,0.00,0,0,0,0,0.00,0,0,0
1276,0.00,0,0,0,0,0.00,0,0,0
1326,0.00,0,0,0,0,0.00,0,0,0
1376,0.00,0,0,0,0,0.00,0,0,0
1426,0.00,0,0,0,0,0.00,0,0,0
1476,0.00,0,0,0,0,0.00,0,0,0
1526,0.00,0,0,0,0,0.00,0,0,0
1576,0.00,0,0,0,0,0.00,0,0,0
1626,0.00,0,0,0,0,0.00,0,0,0
1676,0.00,0,0,0,0,0.00,0,0,0
1726,0.00,0,0,0,0,0.00,0,0,0
1776,0.00,0,0,0,0,0.00,0,0,0
1826,0.00,0,0,0,0,0.00,0,0,0
1876,0.00,0,0,0,0,0.00,0,0,0
1926,0.00,0,0,0,0,0.00,0,0,0
1976,0.00,0,0,0,0,0.00,0,0,0
2026,0.00,0,0,0,0,0.00,0,0,0
2076,0.00,0,0,0,0,0.00,0,0,0
2126,0.00,0,0,0,0,0.00,0,0,0
2176,0.00,0,0,0,0,0.00,0,0,0
2226,0.00,0,0,0,0,0.00,0,0,0
2276,0.00,0,0,0,0,0.00,0,0,0
2326,0.00,0,0,0,0,0.00,0,0,0
2376,0.00,0,0,0,0,0.00,0,0,0
2426,0.00,0,0,0,0,0.00,0,0,0
2476,0.00,0,0,0,0,0.00,0,0,0
2526,0.00,0,0,0,0,0.00,0,0,0
2576,0.00,0,0,0,0,0.00,0,0,0
2626,0.00,0,0,0,0,0.00,0,0,0
2676,0.00,0,0,0,0,0.00,0,0,0
2726,0.00,0,0,0,0,0.00,0,0,0
2776,0.00,0,0,0,0,0.00,0,0,0
2826,0.00,0,0,0,0,0.00,0,0,0
2876,0.00,0,0,0,0,0.00,0,0,0
2926,0.00,0,0,0,0,0.00,0,0,0
2976,0.00,0,0,0,0,0.00,0,0,0
3026,0.00,0,0,0,0,0.00,0,0,0
3076,0.00,0,0,0,0,0.00,0,0,0
3126,0.00,0,0,0,0,0.00,0,0,0
3176,0.00,0,0,0,0,0.00,0,0,0
3226,0.00,0,0,0,0,0.00,0,0,0
3276,0.00,0,0,0,0,0.00,0,0,0
3326,0.00,0,0,0,0,0.00,0,0,0
3376,0.00,0,0,0,0,0.00,0,0,0
3426,0.00,0,0,0,0,0.00,0,0,0
3476,0.00,0,0,0,0,0.00,0,0,0
3526,0.00,0,0,0,0,0.00,0,0,0
3576,0.00,0,0,0,0,0.00,0,0,0
3627,0.00,0,0,0,0,0.00,0,0,0
3677,0.00,0,0,0,0,0.00,0,0,0
3727,0.00,0,0,0,0,0.00,0,0,0
3777,0.00,0,0,0,0,0.00,0,0,0
3827,0.00,0,0,0,0,0.00,0,0,0
3877,0.00,0,0,0,0,0.00,0,0,0
3927,0.00,0,0,0,0,0.00,0,0,0
3977,0.00,0,0,0,0,0.00,0,0,0
4027,0.00,0,0,0,0,0.00,0,0,0
4077,0.00,0,0,0,0,0.00,0,0,0
4127,0.00,0,0,0,0,0.00,0,0,0
4177,0.00,0,0,0,0,0.00,0,0,0
4227,0.00,0,0,0,0,0.00,0,0,0
4277,0.00,0,0,0,0,0.00,0,0,0
4327,0.00,0,0,0,0,0.00,0,0,0
4377,0.00,0,0,0,0,0.00,0,0,0
4427,0.00,0,0,0,0,0.00,0,0,0
4477,0.00,0,0,0,0,0.00,0,0,0
4527,0.00,0,0,0,0,0.00,0,0,0
4577,0.00,0,0,0,0,0.00,0,0,0
4627,0.00,0,0,0,0,0.00,0,0,0
4677,0.00,0,0,0,0,0.00,0,0,0
4727,0.00,0,0,0,0,0.00,0,0,0
4777,0.00,0,0,0,0,0.00,0,0,0
4827,0.00,0,0,0,0,0.00,0,0,0
4877,0.00,0,0,0,0,0.00,0,0,0
4927,0.00,0,0,0,0,0.00,0,0,0
4977,0.00,0,0,0,0,0.00,0,0,0
5027,0.00,0,0,0,0,0.00,0,0,0
5078,0.00,0,0,0,0,0.00,0,0,0
5128,0.00,0,0,0,0,0.00,0,0,0
5178,0.00,0,0,0,0,0.00,0,0,0
5228,0.00,0,0,0,0,0.00,0,0,0
5278,0.00,0,0,0,0,0.00,0,0,0
5328,0.00,0,0,0,0,0.00,0,0,0
5378,0.00,0,0,0,0,0.00,0,0,0
5428,0.00,0,0,0,0,0.00,0,0,0
5478,0.00,0,0,0,0,0.00,0,0,0
5528,0.00,0,0,0,0,0.00,0,0,0
5578,0.00,0,0,0,0,0.00,0,0,0
5628,0.00,0,0,0,0,0.00,0,0,0
5678,0.00,0,0,0,0,0.00,0,0,0
5728,0.00,0,0,0,0,0.00,0,0,0
5778,0.00,0,0,0,0,0.00,0,0,0
5828,0.00,0,0,0,0,0.00,0,0,0
5878,0.00,0,0,0,0,0.00,0,0,0
5928,0.00,0,0,0,0,0.00,0,0,0
5978,0.00,0,0,0,0,0.00,0,0,0
6028,0.00,0,0,0,0,0.00,0,0,0
6078,0.00,0,0,0,0,0.00,0,0,0
6128,0.00,0,0,0,0,0.00,0,0,0
6178,0.00,0,0,0,0,0.00,0,0,0
6228,0.00,0,0,0,0,0.00,0,0,0
6278,0.00,0,0,0,0,0.00,0,0,0
6328,0.00,0,0,0,0,0.00,0,0,0
6378,0.00,0,0,0,0,0.00,0,0,0
6428,0.00,0,0,0,0,0.00,0,0,0
6478,0.00,0,0,0,0,0.00,0,0,0
6528,0.00,0,0,0,0,0.00,0,0,0
6578,0.00,0,0,0,0,0.00,0,0,0
6628,0.00,0,0,0,0,0.00,0,0,0
6678,0.00,0,0,0,0,0.00,0,0,0
6728,0.00,0,0,0,0,0.00,0,0,0
6778,0.00,0,0,0,0,0.00,0,0,0
6828,0.00,0,0,0,0,0.00,0,0,0
6878,0.00,0,0,0,0,0.00,0,0,0
6928,0.00,0,0,0,0,0.00,0,0,0
6978,0.00,0,0,0,0,0.00,0,0,0
7028,0.00,0,0,0,0,0.00,0,0,0
7078,0.00,0,0,0,0,0.00,0,0,0
7128,0.00,0,0,0,0,0.00,0,0,0
7178,0.00,0,0,0,0,0.00,0,0,0
7228,0.00,0,0,0,0,0.00,0,0,0
7278,0.00,0,0,0,0,0.00,0,0,0
7328,0.00,0,0,0,0,0.00,0,0,0
7378,0.00,0,0,0,0,0.00,0,0,0
7428,0.00,0,0,0,0,0.00,0,0,0
7478,0.00,0,0,0,0,0.00,0,0,0
7528,0.00,0,0,0,0,0.00,0,0,0
7578,0.00,0,0,0,0,0.00,0,0,0
7628,0.00,0,0,0,0,0.00,0,0,0
7678,0.00,0,0,0,0,0.00,0,0,0
7728,0.00,0,0,0,0,0.00,0,0,0
7778,0.00,0,0,0,0,0.00,0,0,0
7828,0.00,0,0,0,0,0.00,0,0,0
7878,0.00,0,0,0,0,0.00,0,0,0
7928,0.00,0,0,0,0,0.00,0,0,0
7979,0.00,0,0,0,0,0.00,0,0,0
8029,0.00,0,0,0,0,0.00,0,0,0
8079,0.00,0,0,0,0,0.00,0,0,0
8129,0.00,0,0,0,0,0.00,0,0,0
8179,0.00,0,0,0,0,0.00,0,0,0
8229,0.00,0,0,0,0,0.00,0,0,0
8279,0.00,0,0,0,0,0.00,0,0,0
8329,0.00,0,0,0,0,0.00,0,0,0
8379,0.00,0,0,0,0,0.00,0,0,0
8429,0.00,0,0,0,0,0.00,0,0,0
8479,0.00,0,0,0,0,0.00,0,0,0
8529,0.00,0,0,0,0,0.00,0,0,0
8579,0.00,0,0,0,0,0.00,0,0,0
8629,0.00,0,0,0,0,0.00,0,0,0
8679,0.00,0,0,0,0,0.00,0,0,0
8729,0.00,0,0,0,0,0.00,0,0,0
8779,0.00,0,0,0,0,0.00,0,0,0
8829,0.00,0,0,0,0,0.00,0,0,0
8879,0.00,0,0,0,0,0.00,0,0,0
8929,0.00,0,0,0,0,0.00,0,0,0
8979,0.00,0,0,0,0,0.00,0,0,0
9029,0.00,0,0,0,0,0.00,0,0,0
9079,0.00,0,0,0,0,0.00,0,0,0
9129,0.00,0,0,0,0,0.00,0,0,0
9179,0.00,0,0,0,0,0.00,0,0,0
9229,0.00,0,0,0,0,0.00,0,0,0
9279,0.00,0,0,0,0,0.00,0,0,0
9329,0.00,0,0,0,0,0.00,0,0,0
9379,0.00,0,0,0,0,0.00,0,0,0
9430,0.00,0,0,0,0,0.00,0,0,0
9480,0.00,0,0,0,0,0.00,0,0,0
9530,0.00,0,0,0,0,0.00,0,0,0
9580,0.00,0,0,0,0,0.00,0,0,0
9630,0.00,0,0,0,0,0.00,0,0,0
9680,0.00,0,0,0,0,0.00,0,0,0
9730,0.00,0,0,0,0,0.00,0,0,0
9780,0.00,0,0,0,0,0.00,0,0,0
9830,0.00,0,0,0,0,0.00,0,0,0
9880,0.00,0,0,0,0,0.00,0,0,0
9930,0.00,0,0,0,0,0.00,0,0,0
9980,0.00,0,0,0,0,0.00,0,0,0
10030,0.00,0,0,0,0,0.00,0,0,0
10080,0.00,0,0,0,0,0.00,0,0,0
10130,0.00,0,0,0,0,0.00,0,0,0
10180,inf,0,0,0,0,inf,0,0,0
10230,inf,0,0,0,0,inf,0,0,0
10280,inf,0,0,0,0,inf,0,0,0
10330,387.55,40,41,0,0,inf,41,0,0
10380,387.55,0,41,0,0,inf,41,0,0
10430,387.55,0,41,0,0,inf,41,0,0
10480,543.85,0,39,0,-1,-156.31,80,0,1
10530,961.79,0,34,0,-6,-417.93,114,0,7
10580,978.92,16,34,0,0,-17.14,148,0,7
10630,1435.54,0,28,0,-10,-456.62,176,0,17
10680,1458.15,0,27,0,0,-22.61,203,0,17
10730,1816.64,4,23,0,-3,-124.21,250,0,26
10780,1967.21,17,21,0,0,-14.34,292,0,30
10830,2241.82,16,17,0,0,-15.97,326,0,39
10880,2472.80,13,14,0,0,-0.41,354,0,48
10930,2706.60,4,11,0,0,16.21,376,0,59
10980,2943.48,0,8,0,0,0.00,392,0,70
11030,3326.68,0,3,0,-10,-180.71,405,0,89
11080,3498.13,0,1,0,0,1.63,410,0,93
11130,3767.90,0,-2,0,0,-122.70,412,2,94
11180,3716.55,0,-1,0,0,9.23,415,2,94
11230,3656.75,0,0,-1,0,3.57,416,4,94
11280,3622.31,0,0,0,0,11.41,416,4,94
11330,3644.31,0,0,-1,0,-22.88,416,5,94
11380,3646.97,0,0,-1,0,7.11,416,7,94
11430,3690.04,0,-1,0,0,-33.28,417,8,94
11480,3656.75,0,0,-1,0,11.63,417,10,94
11530,3679.18,0,-1,0,0,-32.20,418,12,94
11580,3615.33,0,0,0,0,32.53,418,14,94
11630,3610.98,0,0,0,0,7.84,418,14,94
11680,3615.33,0,0,0,0,28.10,418,15,94
11730,3664.79,0,0,-1,0,-35.47,418,17,94
11780,3546.10,0,0,1,0,272.64,420,18,112
11830,3651.41,0,0,-1,0,184.91,423,20,124
11880,3795.55,0,-2,0,0,-90.01,429,20,153
11930,3545.26,0,0,1,0,403.15,436,21,218
11980,3769.79,-1,-2,0,0,-224.53,448,22,280
12030,3671.07,0,0,0,0,18.06,449,23,280
12080,3667.48,0,0,-1,0,-7.16,450,25,280
12130,3649.63,0,0,-1,0,28.64,451,27,280
12180,3668.38,0,0,-1,0,-21.41,451,30,280
12230,3635.48,0,0,0,0,7.95,451,31,280
12280,3654.08,0,0,-1,0,-28.26,451,33,280
12331,3636.36,0,0,0,0,17.72,451,34,280
12381,3602.31,0,0,0,0,40.55,451,35,280
12431,3612.72,0,0,0,0,20.12,451,35,280
12481,3654.08,0,0,-1,0,-19.48,451,37,280
12531,3646.09,0,0,-1,0,10.67,451,40,280
12581,3667.48,0,0,-1,0,-9.84,451,43,280
12631,3646.09,0,0,-1,0,22.29,451,46,280
12681,3654.08,0,0,-1,0,-29.14,451,48,280
12731,3612.72,0,0,0,0,10.47,451,48,280
12781,3654.08,0,0,-1,0,-30.89,451,49,280
12831,3646.97,0,0,-1,0,8.00,451,51,280
12881,3690.94,0,-1,0,0,-43.97,452,52,280
12931,3650.52,0,0,-1,0,29.56,453,54,280
12981,3636.36,0,0,0,0,10.61,453,56,280
13031,3624.94,0,0,0,0,18.49,453,57,280
13081,3654.97,0,0,-1,0,-29.16,453,59,280
13131,3610.98,0,0,0,0,22.74,453,59,280
13181,3643.43,0,0,-1,0,-30.71,453,60,280
13231,3646.09,0,0,-1,0,18.71,453,62,280
13281,3668.38,0,0,-1,0,-22.29,453,65,280
13331,3656.75,0,0,-1,0,9.83,453,68,280
13381,3667.48,0,0,-1,0,-16.96,453,71,280
13431,3650.52,0,0,-1,0,74.33,454,72,280
13481,3545.26,0,0,1,0,360.99,459,73,309
13531,3543.59,0,0,1,0,419.43,465,74,347
13581,3634.60,0,0,0,0,82.87,466,75,350
13631,3545.26,0,0,1,0,298.92,470,76,375
13681,3793.63,-1,-2,0,0,-249.20,479,77,419
13731,3655.86,0,0,-1,0,-8.89,479,79,419
13782,3636.36,0,0,0,0,18.61,479,80,419
13832,3622.31,0,0,0,0,3.50,479,81,419
13882,3612.72,0,0,0,0,21.88,479,81,419
13932,3642.54,0,0,-1,0,-17.61,479,83,419
13982,3611.85,0,0,0,0,21.87,479,83,419
14032,3665.69,0,0,-1,0,-41.63,479,85,419
14082,3636.36,0,0,0,0,9.72,479,87,419
14132,3654.97,0,0,-1,0,-18.61,479,89,419
14182,3622.31,0,0,0,0,10.53,479,89,419
14232,3644.31,0,0,-1,0,-18.50,479,91,419
14282,3624.94,0,0,0,0,39.85,479,92,419
14332,3664.79,0,0,-1,0,-28.43,479,94,419
14382,3635.48,0,0,0,0,32.00,479,96,419
14432,3654.97,0,0,-1,0,-43.12,479,97,419
14482,3624.94,0,0,0,0,18.49,479,98,419
14532,3654.08,0,0,-1,0,-17.72,479,100,419
14582,3646.97,0,0,-1,0,28.60,479,101,419
14632,3655.86,0,0,-1,0,-8.89,479,104,419
14682,3626.69,0,0,0,0,16.74,479,105,419
14732,3665.69,0,0,-1,0,-39.87,479,107,419
14782,3646.97,0,0,-1,0,17.82,479,109,419
14832,3626.69,0,0,0,0,-24.39,479,109,419
14882,3615.33,0,0,0,0,28.10,479,110,419
14932,3665.69,0,0,-1,0,-30.21,479,112,419
14982,3639.89,0,0,0,0,73.90,480,112,419
15032,3667.48,0,0,-1,0,-17.85,481,114,419
15082,3646.97,0,0,-1,0,9.78,481,117,419
15132,3622.31,0,0,0,0,2.63,481,118,419
15182,3604.04,0,0,-1,0,-47.99,481,119,419
15232,3644.31,0,0,-1,0,-17.62,481,121,419
15282,3624.06,0,0,0,0,30.02,481,122,419
15332,3664.79,0,0,-1,0,-25.78,481,124,419
15382,3636.36,0,0,0,0,23.96,481,125,419
15432,3661.22,0,0,-1,0,47.98,482,126,419
15482,3545.26,0,0,1,0,321.72,487,127,445
15532,3544.42,0,0,1,0,452.38,494,128,484
15582,3545.26,0,0,1,0,347.81,498,129,509
15632,3543.59,0,0,1,0,480.02,505,130,553
15682,3863.99,-23,-3,0,-21,-317.89,515,131,630
15732,3546.10,0,0,1,0,319.88,519,132,655
15782,3676.47,0,0,0,0,-36.58,521,132,655
15832,3646.97,0,0,-1,0,20.51,521,135,655
15882,3664.79,0,0,-1,0,-29.31,521,137,655
15932,3625.82,0,0,0,0,38.98,521,138,655
15982,3631.96,0,0,0,0,-39.15,521,138,655
16032,3604.90,0,0,-1,0,-51.72,521,139,655
16082,3635.48,0,0,0,0,-33.18,521,139,655
16132,3625.82,0,0,0,0,28.26,521,140,655
16182,3675.57,0,0,0,0,-40.09,521,141,655
16232,3646.09,0,0,-1,0,11.56,521,144,655
16282,3677.37,0,-1,0,0,-41.01,522,145,655
16332,3646.09,0,0,-1,0,22.29,522,148,655
16382,3656.75,0,0,-1,0,-9.78,522,151,655
16432,3591.95,0,0,0,0,9.60,522,151,655
16482,3640.78,0,0,-1,0,-48.82,522,152,655
16532,3615.33,0,0,0,0,28.10,522,153,655
16582,3664.79,0,0,-1,0,-31.07,522,155,655
16632,3657.64,0,0,-1,0,9.84,522,158,655
16683,3644.31,0,0,-1,0,-18.50,522,160,655
16733,3635.48,0,0,0,0,29.31,522,161,655
16783,3632.84,0,0,0,0,-6.15,522,162,655
16833,3603.17,0,0,0,0,-20.11,522,162,655
16883,3635.48,0,0,0,0,-33.18,522,162,655
16933,3625.82,0,0,0,0,18.50,522,163,655
16983,3725.78,0,-1,0,0,-153.50,523,164,655
17033,3649.63,0,0,-1,0,28.64,524,166,655
17083,3646.97,0,0,-1,0,0.00,524,168,655
17133,3614.46,0,0,0,0,28.97,524,169,655
17183,3633.72,0,0,0,0,-18.39,524,170,655
17233,3613.59,0,0,0,0,18.37,524,170,655
17283,3654.08,0,0,-1,0,-28.26,524,172,655
17333,3636.36,0,0,0,0,18.61,524,173,655
17383,3665.69,0,0,-1,0,-31.09,524,175,655
17433,3646.09,0,0,-1,0,21.40,524,178,655
17483,3646.97,0,0,-1,0,-6.20,524,180,655
17533,3610.11,0,0,0,0,163.48,527,180,655
17583,3619.69,0,0,0,0,168.19,531,180,655
17633,3615.33,0,0,0,0,30.76,531,181,655
17683,3671.07,0,0,0,0,10.81,532,181,655
17733,3546.10,0,0,1,0,332.88,536,182,682
17783,3942.18,-37,-4,0,-34,-518.31,550,182,765
17833,3654.97,0,0,-1,0,-21.25,550,184,765
17883,3624.94,0,0,0,0,19.38,550,185,765
17933,3633.72,0,0,0,0,-32.28,550,185,765
17983,3623.19,0,0,0,0,10.53,550,185,765
18033,3664.79,0,0,-1,0,-38.98,550,187,765
18083,3615.33,0,0,0,0,39.64,550,188,765
18134,3634.60,0,0,0,0,-34.03,550,188,765
18184,3626.69,0,0,0,0,17.62,550,189,765
18234,3675.57,0,0,0,0,-40.09,550,190,765
18284,3639.01,0,0,0,0,39.26,551,191,765
18334,3654.08,0,0,-1,0,-28.26,551,193,765
18384,3625.82,0,0,0,0,29.16,551,194,765
18434,3654.97,0,0,-1,0,-29.16,551,196,765
18484,3625.82,0,0,0,0,17.61,551,197,765
18534,3654.08,0,0,-1,0,-28.26,551,199,765
18584,3624.94,0,0,0,0,30.03,551,200,765
18634,3654.08,0,0,-1,0,-28.26,551,202,765
18684,3615.33,0,0,0,0,27.22,551,203,765
18734,3633.72,0,0,0,0,-7.91,551,204,765
18784,3591.95,0,0,0,0,-2.62,551,204,765
18834,3626.69,0,0,0,0,-25.25,551,204,765
18884,3635.48,0,0,0,0,18.60,551,205,765
18934,3675.57,0,0,0,0,-39.21,551,206,765
18984,3636.36,0,0,0,0,20.39,551,208,765
19034,3643.43,0,0,-1,0,-21.99,551,209,765
19084,3636.36,0,0,0,0,17.72,551,210,765
19134,3675.57,0,0,0,0,-39.21,551,211,765
19184,3625.82,0,0,0,0,29.16,551,212,765
19234,3654.08,0,0,-1,0,-28.26,551,214,765
19284,3591.95,0,0,0,0,7.85,551,214,765
19334,3634.60,0,0,0,0,-33.16,551,214,765
19384,3624.06,0,0,0,0,20.25,551,215,765
19434,3622.31,0,0,0,0,4.38,551,216,765
19484,3623.19,0,0,0,0,16.70,551,216,765
19534,3643.43,0,0,-1,0,-17.61,551,218,765
19584,3625.82,0,0,0,0,18.50,551,219,765
19634,3654.08,0,0,-1,0,-17.72,551,221,765
19684,3614.46,0,0,0,0,29.86,551,222,765
19734,3633.72,0,0,0,0,-13.16,551,222,765
19784,3625.82,0,0,0,0,16.73,551,223,765
19834,3654.08,0,0,-1,0,-23.00,551,225,765
19884,3635.48,0,0,0,0,35.59,551,225,765
19934,3646.09,0,0,-1,0,-4.43,551,228,765
19984,3627.57,0,0,0,0,85.30,552,228,765
20034,3543.59,0,0,1,0,276.12,555,229,789
20084,3545.26,0,0,1,0,396.92,560,230,821
20134,3544.42,0,0,1,0,510.73,568,231,867
20184,3546.10,0,0,1,0,405.43,576,232,922
20234,3545.26,0,0,1,0,488.08,583,233,961
20284,3544.42,0,0,1,0,479.18,590,234,1005
20334,3707.36,0,-1,0,0,58.64,600,234,1062
20384,3664.79,0,0,-1,0,-39.85,600,236,1062
20434,3625.82,0,0,0,0,28.26,600,237,1062
20484,3602.31,0,0,0,0,28.43,600,238,1062
20534,3585.09,0,0,0,0,22.42,600,238,1062
20584,3633.72,0,0,0,0,-21.00,600,238,1062
20634,3623.19,0,0,0,0,7.89,600,238,1062
20684,3664.79,0,0,-1,0,-28.43,600,240,1062
20734,3636.36,0,0,0,0,17.72,600,241,1062
20784,3654.08,0,0,-1,0,-18.60,600,243,1062
20834,3626.69,0,0,0,0,30.06,600,245,1062
20884,3633.72,0,0,0,0,-12.28,600,245,1062
20934,3615.33,0,0,0,0,28.99,600,246,1062
20984,3633.72,0,0,0,0,-21.00,600,246,1062
21035,3602.31,0,0,0,0,-17.39,600,246,1062
21085,3631.08,0,0,0,0,-18.37,600,246,1062
21135,3622.31,0,0,0,0,11.41,600,246,1062
21185,3665.69,0,0,-1,0,-41.63,600,248,1062
21235,3646.97,0,0,-1,0,17.82,600,250,1062
21285,3657.64,0,0,-1,0,-11.56,600,253,1062
21335,3612.72,0,0,0,0,19.24,600,253,1062
21385,3643.43,0,0,-1,0,-30.71,600,254,1062
21435,3591.95,0,0,0,0,-21.82,600,254,1062
21485,3643.43,0,0,-1,0,-30.71,600,255,1062
21535,3610.98,0,0,0,0,21.86,600,255,1062
21585,3643.43,0,0,-1,0,-17.61,600,257,1062
21635,3635.48,0,0,0,0,7.95,600,258,1062
21685,3632.84,0,0,0,0,-7.03,600,259,1062
21735,3623.19,0,0,0,0,8.77,600,259,1062
21785,3654.08,0,0,-1,0,-28.26,600,261,1062
21835,3636.36,0,0,0,0,7.95,600,262,1062
21885,3664.79,0,0,-1,0,-38.98,600,264,1062
21935,3624.94,0,0,0,0,18.49,600,265,1062
21985,3632.84,0,0,0,0,-20.12,600,265,1062
22035,3612.72,0,0,0,0,19.24,600,265,1062
22085,3622.31,0,0,0,0,-6.98,600,266,1062
22135,3615.33,0,0,0,0,28.10,600,267,1062
22185,3643.43,0,0,-1,0,-28.97,600,269,1062
22235,3635.48,0,0,0,0,20.38,600,270,1062
22285,3653.19,0,0,-1,0,-27.37,600,272,1062
22335,3636.36,0,0,0,0,18.61,600,273,1062
22385,3644.31,0,0,-1,0,-18.50,600,275,1062
22435,3611.85,0,0,0,0,20.99,600,275,1062
22486,3623.19,0,0,0,0,2.63,600,275,1062
22536,3615.33,0,0,0,0,28.99,600,276,1062
22586,3644.31,0,0,-1,0,-32.47,600,277,1062
22636,3622.31,0,0,0,0,92.40,601,278,1064
22686,3639.89,0,0,0,0,159.50,604,278,1064
22736,3546.10,0,0,1,0,363.21,610,279,1097
22786,3544.42,0,0,1,0,479.18,617,280,1139
22836,3545.26,0,0,1,0,346.80,621,281,1165
22886,3544.42,0,0,1,0,464.13,628,282,1208
22936,3707.36,0,-1,0,0,58.64,638,282,1263
22986,3614.46,0,0,0,0,28.97,638,283,1263
23036,3644.31,0,0,-1,0,-17.62,638,285,1263
23086,3625.82,0,0,0,0,16.73,638,286,1263
23136,3654.08,0,0,-1,0,-28.26,638,288,1263
23186,3615.33,0,0,0,0,27.22,638,289,1263
23236,3644.31,0,0,-1,0,-18.50,638,291,1263
23286,3625.82,0,0,0,0,28.26,638,292,1263
23336,3654.08,0,0,-1,0,-29.14,638,294,1263
23386,3626.69,0,0,0,0,25.61,638,295,1263
23436,3640.78,0,0,-1,0,-37.61,638,296,1263
23486,3591.95,0,0,0,0,-20.92,638,296,1263
23536,3624.06,0,0,0,0,-33.83,638,296,1263
23586,3615.33,0,0,0,0,34.31,638,297,1263
23636,3664.79,0,0,-1,0,-28.43,638,299,1263
23686,3649.63,0,0,-1,0,28.64,639,301,1263
23736,3632.84,0,0,0,0,2.64,639,302,1263
23786,3622.31,0,0,0,0,11.41,639,302,1263
23836,3623.19,0,0,0,0,-7.86,639,303,1263
23886,3623.19,0,0,0,0,7.89,639,303,1263
23936,3654.08,0,0,-1,0,-27.39,639,305,1263
23986,3612.72,0,0,0,0,8.72,639,305,1263
24036,3643.43,0,0,-1,0,-30.71,639,306,1263
24086,3602.31,0,0,0,0,5.26,639,306,1263
24136,3654.97,0,0,-1,0,-43.99,639,307,1263
24186,3625.82,0,0,0,0,17.61,639,308,1263
24236,3644.31,0,0,-1,0,-18.50,639,310,1263
24286,3636.36,0,0,0,0,18.61,639,311,1263
24336,3654.97,0,0,-1,0,-18.61,639,313,1263
24386,3592.81,0,0,0,0,25.65,639,313,1263
24436,3643.43,0,0,-1,0,-41.12,639,314,1263
24486,3602.31,0,0,0,0,-16.57,639,314,1263
24536,3664.79,0,0,-1,0,-52.08,639,315,1263
24586,3646.09,0,0,-1,0,7.99,639,317,1263
24636,3665.69,0,0,-1,0,-29.33,639,319,1263
24686,3634.60,0,0,0,0,30.19,639,320,1263
24736,3644.31,0,0,-1,0,-28.99,639,322,1263
24786,3602.31,0,0,0,0,-17.44,639,322,1263
24836,3632.84,0,0,0,0,-20.12,639,322,1263
24886,3615.33,0,0,0,0,28.99,639,323,1263
24936,3643.43,0,0,-1,0,-42.85,639,324,1263
24986,3626.69,0,0,0,0,27.39,639,325,1263
25036,3654.08,0,0,-1,0,-19.48,639,327,1263
25086,3636.36,0,0,0,0,10.61,639,329,1263
25136,3653.19,0,0,-1,0,-27.37,639,331,1263
25186,3625.82,0,0,0,0,17.61,639,332,1263
25236,3642.54,0,0,-1,0,-16.73,639,334,1263
25286,3574.83,0,0,0,0,28.34,639,334,1263
25336,3617.07,0,0,0,0,-30.27,639,334,1263
25387,3623.19,0,0,0,0,12.29,639,334,1263
25437,3678.27,0,-1,0,0,-37.50,640,336,1263
25487,3659.43,0,0,-1,0,26.07,641,338,1263
25537,3544.42,0,0,1,0,284.06,644,339,1287
25587,3545.26,0,0,1,0,424.04,650,340,1322
25637,3544.42,0,0,1,0,464.13,658,341,1377
25687,3546.10,0,0,1,0,401.27,665,342,1428
25737,3546.10,0,0,1,0,366.26,669,344,1451
25788,3702.79,-2,-1,0,-2,-158.37,678,345,1503
25838,3616.20,0,0,0,0,27.23,678,346,1503
25888,3643.43,0,0,-1,0,-8.83,678,348,1503
25938,3625.82,0,0,0,0,17.61,678,349,1503
25988,3654.97,0,0,-1,0,-18.61,678,351,1503
26038,3635.48,0,0,0,0,18.60,678,352,1503
26088,3644.31,0,0,-1,0,-21.13,678,353,1503
26138,3615.33,0,0,0,0,28.99,678,354,1503
26188,3654.08,0,0,-1,0,-31.77,678,355,1503
26238,3625.82,0,0,0,0,17.61,678,356,1503
26288,3643.43,0,0,-1,0,-17.61,678,358,1503
26338,3615.33,0,0,0,0,28.10,678,359,1503
26388,3643.43,0,0,-1,0,-29.84,678,361,1503
26438,3636.36,0,0,0,0,7.07,678,362,1503
26488,3654.08,0,0,-1,0,-18.60,678,364,1503
26539,3591.95,0,0,0,0,10.53,678,364,1503
26589,3617.94,0,0,0,0,-32.86,678,364,1503
26639,3622.31,0,0,0,0,10.53,678,364,1503
26689,3664.79,0,0,-1,0,-39.85,678,366,1503
26739,3639.01,0,0,0,0,39.26,679,367,1503
26789,3654.08,0,0,-1,0,-29.14,679,369,1503
26839,3611.85,0,0,0,0,21.87,679,369,1503
26889,3643.43,0,0,-1,0,-21.12,679,370,1503
26939,3635.48,0,0,0,0,19.49,679,371,1503
26989,3654.08,0,0,-1,0,-17.72,679,373,1503
27039,3636.36,0,0,0,0,21.28,679,375,1503
27089,3650.52,0,0,-1,0,52.27,680,376,1503
27139,3615.33,0,0,0,0,28.10,680,377,1503
27189,3632.84,0,0,0,0,-20.12,680,377,1503
27239,3615.33,0,0,0,0,28.10,680,378,1503
27289,3641.66,0,0,-1,0,-15.84,680,380,1503
27339,3636.36,0,0,0,0,18.61,680,381,1503
27389,3654.08,0,0,-1,0,-38.75,680,383,1503
27439,3625.82,0,0,0,0,28.26,680,384,1503
27489,3623.19,0,0,0,0,13.18,680,385,1503
27539,3575.69,0,0,0,0,5.98,680,385,1503
27589,3643.43,0,0,-1,0,-41.12,680,386,1503
27639,3635.48,0,0,0,0,39.19,680,386,1503
27689,3665.69,0,0,-1,0,-26.68,680,387,1503
27739,3646.97,0,0,-1,0,25.90,680,389,1503
27789,3641.66,0,0,-1,0,-4.42,680,391,1503
27839,3625.82,0,0,0,0,19.38,680,392,1503
27889,3636.36,0,0,0,0,35.61,680,392,1503
27939,3573.98,0,0,0,0,148.10,682,392,1509
27990,3631.96,0,0,0,0,98.45,684,392,1514
28040,3544.42,0,0,1,0,286.02,687,393,1539
28090,3545.26,0,0,1,0,397.96,693,394,1572
28140,3757.52,-1,-2,0,0,-212.25,705,395,1629
28190,3624.94,0,0,0,0,29.14,705,396,1629
28240,3654.08,0,0,-1,0,-31.77,705,397,1629
28290,3620.56,0,0,0,0,108.00,706,398,1631
28340,3643.43,0,0,-1,0,-16.74,706,400,1631
28390,3602.31,0,0,0,0,-14.02,706,400,1631
28440,3623.19,0,0,0,0,-10.47,706,400,1631
28490,3623.19,0,0,0,0,9.65,706,400,1631
28540,3652.30,0,0,-1,0,-15.94,706,402,1631
28590,3623.19,0,0,0,0,13.18,706,403,1631
28640,3654.97,0,0,-1,0,-29.16,706,405,1631
28690,3625.82,0,0,0,0,18.50,706,406,1631
28740,3600.58,0,0,0,0,18.51,706,407,1631
28790,3601.44,0,0,0,0,-49.35,706,407,1631
28840,3664.79,0,0,-1,0,-38.98,706,409,1631
28890,3636.36,0,0,0,0,29.33,706,410,1631
28940,3675.57,0,0,0,0,-39.21,706,411,1631
28990,3625.82,0,0,0,0,30.94,706,413,1631
29040,3626.69,0,0,0,0,-26.12,706,413,1631
29090,3624.06,0,0,0,0,16.71,706,414,1631
29140,3633.72,0,0,0,0,-7.91,706,415,1631
29190,3623.19,0,0,0,0,10.53,706,415,1631
29240,3654.08,0,0,-1,0,-17.72,706,417,1631
29290,3613.59,0,0,0,0,30.73,706,418,1631
29340,3654.08,0,0,-1,0,-28.26,706,420,1631
29390,3634.60,0,0,0,0,9.71,706,421,1631
29440,3643.43,0,0,-1,0,-17.61,706,423,1631
29490,3622.31,0,0,0,0,3.50,706,423,1631
29540,3612.72,0,0,0,0,0.00,706,423,1631
29590,3612.72,0,0,0,0,11.35,706,423,1631
29640,3664.79,0,0,-1,0,-30.19,706,425,1631
29690,3639.01,0,0,0,0,39.26,707,426,1631
29740,3644.31,0,0,-1,0,-18.50,707,428,1631
29790,3625.82,0,0,0,0,28.26,707,429,1631
29840,3665.69,0,0,-1,0,-29.33,707,431,1631
29890,3623.19,0,0,0,0,8.77,707,431,1631
29940,3654.08,0,0,-1,0,-41.36,707,432,1631
29990,3626.69,0,0,0,0,27.39,707,433,1631
30040,3654.08,0,0,-1,0,-28.26,707,435,1631
30090,3625.82,0,0,0,0,38.98,707,436,1631
30140,3643.43,0,0,-1,0,-16.74,707,438,1631
30190,3615.33,0,0,0,0,28.10,707,439,1631
30240,3643.43,0,0,-1,0,-21.12,707,441,1631
30290,3614.46,0,0,0,0,34.29,707,442,1631
30340,3631.96,0,0,0,0,-33.11,707,442,1631
30390,3636.36,0,0,0,0,15.94,707,443,1631
30440,3646.97,0,0,-1,0,-6.20,707,446,1631
30490,3636.36,0,0,0,0,22.17,707,448,1631
30540,3661.22,0,0,-1,0,101.01,709,450,1631
30590,3545.26,0,0,1,0,386.59,715,451,1664
30640,3545.26,0,0,1,0,494.60,723,452,1712
30690,3427.79,0,2,0,0,502.00,730,452,1741
30740,3544.42,0,0,1,0,499.79,736,453,1780
30790,3718.39,0,-1,0,0,47.61,747,453,1839
30840,3636.36,0,0,0,0,21.28,747,455,1839
30891,3623.19,0,0,0,0,-11.34,747,455,1839
30941,3615.33,0,0,0,0,28.99,747,456,1839
30991,3617.94,0,0,0,0,-12.18,747,457,1839
31041,3612.72,0,0,0,0,27.18,747,457,1839
31091,3676.47,0,0,0,0,-52.41,747,458,1839
31141,3646.97,0,0,-1,0,20.51,747,461,1839
31191,3654.08,0,0,-1,0,-28.26,747,463,1839
31241,3624.94,0,0,0,0,17.61,747,464,1839
31291,3632.84,0,0,0,0,-10.53,747,464,1839
31341,3615.33,0,0,0,0,36.97,747,465,1839
31391,3633.72,0,0,0,0,2.64,747,466,1839
31441,3602.31,0,0,0,0,-25.25,747,466,1839
31491,3602.31,0,0,0,0,28.09,747,467,1839
31541,3646.97,0,0,-1,0,12.46,748,469,1839
31591,3679.18,0,-1,0,0,-32.20,749,470,1839
31641,3636.36,0,0,0,0,21.28,749,472,1839
31691,3606.64,0,0,0,0,13.18,749,472,1839
31741,3612.72,0,0,0,0,16.61,749,472,1839
31791,3654.08,0,0,-1,0,-28.26,749,474,1839
31841,3600.58,0,0,0,0,18.37,749,474,1839
31891,3654.08,0,0,-1,0,-41.36,749,475,1839
31941,3625.82,0,0,0,0,27.37,749,476,1839
31991,3665.69,0,0,-1,0,-29.33,749,478,1839
32041,3636.36,0,0,0,0,28.43,749,479,1839
32091,3654.97,0,0,-1,0,-29.16,749,481,1839
32141,3624.94,0,0,0,0,19.38,749,482,1839
32191,3643.43,0,0,-1,0,-17.61,749,484,1839
32241,3574.83,0,0,0,0,26.61,749,484,1839
32291,3641.66,0,0,-1,0,-41.95,749,485,1839
32342,3636.36,0,0,0,0,7.07,749,486,1839
32392,3667.48,0,0,-1,0,-10.73,749,489,1839
32442,3647.86,0,0,-1,0,32.22,750,491,1839
32492,3657.64,0,0,-1,0,-10.67,750,494,1839
32542,3632.84,0,0,0,0,5.29,750,494,1839
32592,3643.43,0,0,-1,0,-11.47,750,495,1839
32642,3623.19,0,0,0,0,16.70,750,495,1839
32692,3626.69,0,0,0,0,-21.79,750,495,1839
32742,3617.94,0,0,0,0,64.84,751,495,1839
32792,3664.79,0,0,-1,0,-31.07,751,497,1839
32842,3629.32,0,0,0,0,81.71,752,497,1839
32892,3545.26,0,0,1,0,320.72,756,498,1864
32942,3544.42,0,0,1,0,488.92,763,499,1905
32992,3543.59,0,0,1,0,277.10,766,500,1926
33042,3545.26,0,0,1,0,407.31,771,501,1959
33093,3714.71,-3,-1,0,-3,-170.29,781,502,2013
33143,3654.08,0,0,-1,0,-28.26,781,504,2013
33193,3636.36,0,0,0,0,17.72,781,505,2013
33243,3643.43,0,0,-1,0,-30.71,781,506,2013
33293,3624.06,0,0,0,0,37.15,781,507,2013
33343,3657.64,0,0,-1,0,-10.67,781,510,2013
33393,3625.82,0,0,0,0,28.26,781,511,2013
33443,3635.48,0,0,0,0,-33.18,781,511,2013
33494,3624.94,0,0,0,0,18.49,781,512,2013
33544,3643.43,0,0,-1,0,-17.61,781,514,2013
33594,3636.36,0,0,0,0,7.95,781,515,2013
33644,3643.43,0,0,-1,0,-21.12,781,516,2013
33694,3625.82,0,0,0,0,26.49,781,517,2013
33744,3632.84,0,0,0,0,3.52,781,518,2013
33794,3623.19,0,0,0,0,9.65,781,518,2013
33844,3643.43,0,0,-1,0,-31.58,781,519,2013
33894,3636.36,0,0,0,0,17.72,781,520,2013
33944,3664.79,0,0,-1,0,-28.43,781,522,2013
33994,3645.20,0,0,-1,0,22.28,781,525,2013
34044,3644.31,0,0,-1,0,-7.95,781,527,2013
34094,3624.06,0,0,0,0,20.25,781,528,2013
34144,3654.08,0,0,-1,0,-17.72,781,530,2013
34194,3625.82,0,0,0,0,29.16,781,531,2013
34244,3591.95,0,0,0,0,39.60,781,532,2013
34294,3591.95,0,0,0,0,-32.02,781,532,2013
34344,3644.31,0,0,-1,0,-33.34,781,533,2013
34394,3612.72,0,0,0,0,20.12,781,533,2013
34444,3664.79,0,0,-1,0,-29.31,781,535,2013
34494,3624.94,0,0,0,0,39.85,781,536,2013
34544,3664.79,0,0,-1,0,-38.98,781,538,2013
34594,3625.82,0,0,0,0,28.26,781,539,2013
34644,3643.43,0,0,-1,0,-17.61,781,541,2013
34694,3625.82,0,0,0,0,39.87,781,542,2013
34744,3664.79,0,0,-1,0,-29.31,781,544,2013
34794,3624.94,0,0,0,0,29.14,781,545,2013
34844,3624.06,0,0,0,0,-27.80,781,545,2013
34894,3625.82,0,0,0,0,16.73,781,546,2013
34944,3652.30,0,0,-1,0,-23.85,781,548,2013
34994,3612.72,0,0,0,0,21.88,781,548,2013
35044,3644.31,0,0,-1,0,-14.99,781,549,2013
35094,3636.36,0,0,0,0,32.02,781,550,2013
35144,3638.13,0,0,0,0,87.66,782,550,2013
35194,3545.26,0,0,1,0,312.76,787,551,2038
35244,3544.42,0,0,1,0,438.58,793,552,2073
35294,3543.59,0,0,1,0,284.90,795,554,2092
35344,3545.26,0,0,1,0,333.71,799,555,2120
35394,3544.42,0,0,1,0,477.02,806,556,2164
35444,3653.19,0,0,-1,0,112.82,815,557,2220
35494,3654.08,0,0,-1,0,-18.60,815,559,2220
35544,3625.82,0,0,0,0,31.83,815,561,2220
35594,3664.79,0,0,-1,0,-38.98,815,563,2220
35644,3625.82,0,0,0,0,17.61,815,564,2220
35694,3643.43,0,0,-1,0,-31.58,815,565,2220
35744,3612.72,0,0,0,0,20.12,815,565,2220
35794,3644.31,0,0,-1,0,-22.00,815,566,2220
35844,3625.82,0,0,0,0,28.26,815,567,2220
35894,3632.84,0,0,0,0,-11.40,815,567,2220
35944,3615.33,0,0,0,0,28.10,815,568,2220
35994,3654.08,0,0,-1,0,-28.26,815,570,2220
36044,3625.82,0,0,0,0,29.16,815,571,2220
36094,3654.97,0,0,-1,0,-18.61,815,573,2220
36144,3636.36,0,0,0,0,18.61,815,574,2220
36194,3632.84,0,0,0,0,-7.03,815,575,2220
36244,3611.85,0,0,0,0,21.87,815,575,2220
36294,3644.31,0,0,-1,0,-22.00,815,576,2220
36344,3637.25,0,0,0,0,7.07,815,577,2220
36395,3623.19,0,0,0,0,13.18,815,578,2220
36445,3610.98,0,0,0,0,22.74,815,578,2220
36495,3643.43,0,0,-1,0,-27.23,815,580,2220
36545,3624.94,0,0,0,0,17.61,815,581,2220
36595,3632.84,0,0,0,0,-7.90,815,582,2220
36645,3612.72,0,0,0,0,9.60,815,582,2220
36695,3643.43,0,0,-1,0,-42.85,815,583,2220
36745,3626.69,0,0,0,0,27.39,815,584,2220
36795,3654.97,0,0,-1,0,-18.61,815,586,2220
36845,3625.82,0,0,0,0,28.26,815,587,2220
36895,3643.43,0,0,-1,0,-7.07,815,589,2220
36945,3626.69,0,0,0,0,27.39,815,590,2220
36995,3643.43,0,0,-1,0,-17.61,815,592,2220
37045,3612.72,0,0,0,0,9.60,815,592,2220
37095,3633.72,0,0,0,0,-22.74,815,592,2220
37145,3578.24,0,0,0,0,23.20,815,592,2220
37195,3642.54,0,0,-1,0,-40.24,815,593,2220
37245,3625.82,0,0,0,0,28.26,815,594,2220
37295,3679.18,0,-1,0,0,-32.20,816,596,2220
37345,3659.43,0,0,-1,0,19.75,817,598,2220
37395,3656.75,0,0,-1,0,0.00,817,600,2220
37445,3622.31,0,0,0,0,14.05,817,600,2220
37495,3597.98,0,0,0,0,27.39,817,600,2220
37545,3602.31,0,0,0,0,-44.90,817,600,2220
37595,3643.43,0,0,-1,0,-33.32,817,601,2220
37645,3636.36,0,0,0,0,29.33,817,602,2220
37695,3667.48,0,0,-1,0,-24.94,817,605,2220
37745,3636.36,0,0,0,0,40.11,817,606,2220
37795,3640.78,0,0,-1,0,124.28,820,607,2220
37846,3545.26,0,0,1,0,349.83,825,608,2251
37896,3544.42,0,0,1,0,453.44,832,609,2291
37946,3544.42,0,0,1,0,501.98,840,610,2353
37996,3685.50,0,-1,0,0,80.50,851,610,2411
38046,3642.54,0,0,-1,0,-6.18,851,612,2411
38096,3622.31,0,0,0,0,10.53,851,612,2411
38146,3654.97,0,0,-1,0,-29.16,851,614,2411
38196,3612.72,0,0,0,0,20.12,851,614,2411
38246,3633.72,0,0,0,0,-20.13,851,615,2411
38296,3610.98,0,0,0,0,21.86,851,615,2411
38346,3646.97,0,0,-1,0,-44.67,851,616,2411
38396,3636.36,0,0,0,0,17.72,851,617,2411
38446,3623.19,0,0,0,0,13.18,851,618,2411
38496,3615.33,0,0,0,0,27.22,851,619,2411
38546,3654.97,0,0,-1,0,-39.64,851,621,2411
38596,3625.82,0,0,0,0,28.26,851,622,2411
38646,3617.94,0,0,0,0,-32.86,851,622,2411
38696,3610.98,0,0,0,0,20.98,851,622,2411
38746,3624.06,0,0,0,0,1.75,851,623,2411
38796,3636.36,0,0,0,0,20.39,851,625,2411
38846,3622.31,0,0,0,0,3.50,851,626,2411
38896,3602.31,0,0,0,0,-13.91,851,626,2411
38946,3643.43,0,0,-1,0,-30.71,851,627,2411
38996,3625.82,0,0,0,0,17.61,851,628,2411
39046,3643.43,0,0,-1,0,-6.18,851,630,2411
39096,3636.36,0,0,0,0,17.72,851,631,2411
39146,3643.43,0,0,-1,0,-16.74,851,633,2411
39196,3625.82,0,0,0,0,27.37,851,634,2411
39246,3600.58,0,0,0,0,19.24,851,634,2411
39296,3590.23,0,0,0,0,-39.72,851,634,2411
39346,3654.08,0,0,-1,0,-38.75,851,636,2411
39396,3636.36,0,0,0,0,29.33,851,637,2411
39446,3644.31,0,0,-1,0,-32.47,851,638,2411
39496,3635.48,0,0,0,0,18.60,851,639,2411
39546,3654.08,0,0,-1,0,-17.72,851,641,2411
39596,3625.82,0,0,0,0,39.87,851,642,2411
39646,3644.31,0,0,-1,0,-20.25,851,644,2411
39696,3615.33,0,0,0,0,28.10,851,645,2411
39746,3654.08,0,0,-1,0,-31.77,851,646,2411
39796,3625.82,0,0,0,0,29.16,851,647,2411
39846,3633.72,0,0,0,0,-18.39,851,648,2411
39896,3625.82,0,0,0,0,17.61,851,649,2411
39946,3654.97,0,0,-1,0,-29.16,851,651,2411
39996,3582.52,0,0,0,0,17.19,851,651,2411
40046,3624.94,0,0,0,0,-32.99,851,651,2411
40096,3611.85,0,0,0,0,23.64,851,651,2411
40146,3644.31,0,0,-1,0,-18.50,851,653,2411
40196,3635.48,0,0,0,0,29.31,851,654,2411
40246,3643.43,0,0,-1,0,-28.10,851,656,2411
40296,3626.69,0,0,0,0,27.39,851,657,2411
40346,3633.72,0,0,0,0,-7.91,851,658,2411
40396,3585.09,0,0,0,0,18.95,851,658,2411
40446,3628.45,0,0,0,0,-45.93,851,658,2411
40496,3625.82,0,0,0,0,18.50,851,659,2411
40546,3664.79,0,0,-1,0,-38.98,851,661,2411
40596,3646.09,0,0,-1,0,29.48,851,662,2411
40646,3646.09,0,0,-1,0,-4.43,851,665,2411
40696,3615.33,0,0,0,0,32.53,851,666,2411
40747,3632.84,0,0,0,0,5.29,851,666,2411
40797,3615.33,0,0,0,0,92.04,852,667,2414
40847,3630.20,0,0,0,0,157.68,855,667,2414
40897,3545.26,0,0,1,0,339.74,860,668,2446
40947,3544.42,0,0,1,0,438.58,866,669,2484
40997,3544.42,0,0,1,0,503.07,874,670,2542
41047,3765.06,0,-2,0,-1,182.31,884,670,2598
41097,3544.42,0,0,1,0,452.38,892,671,2643
41148,3725.78,-2,-1,0,-2,-181.36,902,672,2712
41198,3633.72,0,0,0,0,-8.78,902,673,2712
41248,3626.69,0,0,0,0,16.74,902,674,2712
41298,3654.97,0,0,-1,0,-18.61,902,676,2712
41348,3610.98,0,0,0,0,12.21,902,676,2712
41398,3632.84,0,0,0,0,-20.12,902,676,2712
41448,3636.36,0,0,0,0,18.61,902,677,2712
41498,3623.19,0,0,0,0,2.63,902,678,2712
41548,3612.72,0,0,0,0,10.47,902,678,2712
41598,3634.60,0,0,0,0,-33.16,902,678,2712
41648,3612.72,0,0,0,0,20.12,902,678,2712
41698,3635.48,0,0,0,0,-33.18,902,678,2712
41748,3602.31,0,0,0,0,-26.24,902,678,2712
41798,3632.84,0,0,0,0,-42.61,902,678,2712
41848,3616.20,0,0,0,0,36.10,902,679,2712
41899,3654.97,0,0,-1,0,-29.16,902,681,2712
41949,3625.82,0,0,0,0,17.61,902,682,2712
41999,3633.72,0,0,0,0,-7.91,902,683,2712
42049,3624.94,0,0,0,0,18.49,902,684,2712
42099,3633.72,0,0,0,0,-7.91,902,685,2712
42149,3611.85,0,0,0,0,9.59,902,685,2712
42199,3642.54,0,0,-1,0,-40.24,902,686,2712
42249,3625.82,0,0,0,0,18.50,902,687,2712
42299,3666.59,0,0,-1,0,-40.77,902,689,2712
42349,3636.36,0,0,0,0,28.43,902,690,2712
42399,3663.90,0,0,-1,0,-69.36,902,692,2712
42449,3611.85,0,0,0,0,23.64,902,692,2712
42499,3632.84,0,0,0,0,-17.51,902,693,2712
42549,3622.31,0,0,0,0,10.53,902,693,2712
42599,3632.84,0,0,0,0,-9.65,902,693,2712
42649,3600.58,0,0,0,0,-11.40,902,693,2712
42699,3609.24,0,0,0,0,-27.87,902,693,2712
42749,3612.72,0,0,0,0,21.88,902,693,2712
42799,3633.72,0,0,0,0,-21.87,902,693,2712
42849,3624.94,0,0,0,0,18.49,902,694,2712
42899,3654.08,0,0,-1,0,-28.26,902,696,2712
42949,3636.36,0,0,0,0,17.72,902,697,2712
42999,3632.84,0,0,0,0,2.64,902,698,2712
43049,3610.98,0,0,0,0,21.86,902,698,2712
43099,3601.44,0,0,0,0,-22.74,902,698,2712
43149,3580.81,0,0,0,0,16.32,902,698,2712
43199,3638.13,0,0,0,0,-36.69,902,698,2712
43249,3636.36,0,0,0,0,17.72,902,699,2712
43299,3668.38,0,0,-1,0,-22.29,902,701,2712
43350,3636.36,0,0,0,0,17.72,902,702,2712
43400,3633.72,0,0,0,0,-9.66,902,703,2712
43450,3610.98,0,0,0,0,21.86,902,703,2712
43500,3607.50,0,0,0,0,-20.10,902,703,2712
43550,3591.95,0,0,0,0,-28.49,902,703,2712
43600,3638.13,0,0,0,0,-34.96,902,703,2712
43650,3623.19,0,0,0,0,12.29,902,703,2712
43700,3668.38,0,0,-1,0,-25.83,902,706,2712
43750,3649.63,0,0,-1,0,38.59,903,708,2712
43800,3636.36,0,0,0,0,40.11,903,708,2712
43850,3610.11,0,0,0,0,177.77,906,708,2712
43900,3545.26,0,0,1,0,346.80,911,709,2741
43950,3544.42,0,0,1,0,440.70,918,710,2778
44000,3621.44,0,0,0,0,117.34,919,710,2780
44050,3609.24,0,-2,0,0,-339.96,922,710,2780
44100,3545.26,0,0,1,0,319.72,927,711,2810
44150,3544.42,0,0,1,0,490.00,934,712,2853
44200,3663.90,0,0,-1,0,102.11,943,713,2907
44250,3624.06,0,0,0,0,29.13,943,714,2907
44300,3678.27,0,-1,0,0,87.73,954,714,2974
44350,3612.72,0,0,0,0,0.87,954,715,2974
44400,3590.23,0,0,0,0,-34.57,954,715,2974
44450,3633.72,0,0,0,0,-31.42,954,715,2974
44500,3626.69,0,0,0,0,16.74,954,716,2974
44550,3664.79,0,0,-1,0,-28.43,954,718,2974
44600,3625.82,0,0,0,0,28.26,954,719,2974
44650,3643.43,0,0,-1,0,-17.61,954,721,2974
44700,3611.85,0,0,0,0,21.87,954,721,2974
44750,3643.43,0,0,-1,0,-41.99,954,722,2974
44800,3612.72,0,0,0,0,20.12,954,722,2974
44850,3632.84,0,0,0,0,-19.25,954,722,2974
44900,3602.31,0,0,0,0,-24.48,954,722,2974
44950,3632.84,0,0,0,0,-42.61,954,722,2974
45000,3624.94,0,0,0,0,19.38,954,723,2974
45050,3654.97,0,0,-1,0,-30.91,954,725,2974
45100,3646.09,0,0,-1,0,18.71,954,727,2974
45150,3644.31,0,0,-1,0,-8.83,954,729,2974
45200,3575.69,0,0,0,0,67.74,954,730,2974
45250,3633.72,0,0,0,0,-15.78,955,730,2974
45300,3612.72,0,0,0,0,13.98,955,730,2974
45350,3652.30,0,0,-1,0,-50.00,955,731,2974
45400,3600.58,0,0,0,0,-12.28,955,731,2974
45450,3633.72,0,0,0,0,-21.87,955,731,2974
45500,3623.19,0,0,0,0,9.65,955,731,2974
45550,3654.97,0,0,-1,0,-29.16,955,733,2974
45600,3625.82,0,0,0,0,28.26,955,734,2974
45650,3633.72,0,0,0,0,2.64,955,735,2974
45700,3625.82,0,0,0,0,28.26,955,736,2974
45750,3644.31,0,0,-1,0,-18.50,955,738,2974
45800,3615.33,0,0,0,0,28.10,955,739,2974
45850,3654.08,0,0,-1,0,-30.89,955,740,2974
45900,3612.72,0,0,0,0,20.12,955,740,2974
45950,3643.43,0,0,-1,0,-20.24,955,741,2974
46000,3625.82,0,0,0,0,17.61,955,742,2974
46050,3617.94,0,0,0,0,-14.77,955,742,2974
46100,3602.31,0,0,0,0,-40.79,955,742,2974
46150,3635.48,0,0,0,0,-32.31,955,743,2974
46200,3615.33,0,0,0,0,28.10,955,744,2974
46251,3644.31,0,0,-1,0,-18.50,955,746,2974
46301,3625.82,0,0,0,0,28.26,955,747,2974
46351,3626.69,0,0,0,0,-24.39,955,747,2974
46401,3615.33,0,0,0,0,28.10,955,748,2974
46451,3650.52,0,0,-1,0,52.27,956,749,2974
46501,3615.33,0,0,0,0,39.64,956,750,2974
46551,3643.43,0,0,-1,0,-17.61,956,752,2974
46601,3615.33,0,0,0,0,28.10,956,753,2974
46651,3618.82,0,0,0,0,-16.51,956,753,2974
46701,3603.17,0,0,-1,0,-43.68,956,754,2974
46751,3654.08,0,0,-1,0,-41.36,956,755,2974
46801,3602.31,0,0,0,0,-0.87,956,755,2974
46851,3633.72,0,0,0,0,-21.00,956,755,2974
46901,3612.72,0,0,0,0,21.00,956,755,2974
46951,3654.08,0,0,-1,0,-43.10,956,756,2974
47001,3636.36,0,0,0,0,23.96,956,757,2974
47051,3644.31,0,0,-1,0,-15.87,956,759,2974
47101,3615.33,0,0,0,0,31.64,956,760,2974
47151,3632.84,0,0,0,0,-10.53,956,760,2974
47201,3615.33,0,0,0,0,27.22,956,761,2974
47251,3643.43,0,0,-1,0,-24.61,956,762,2974
47301,3636.36,0,0,0,0,38.31,956,762,2974
47351,3630.20,0,0,0,0,168.23,959,762,2974
47401,3546.10,0,0,1,0,362.19,965,763,3006
47451,3544.42,0,0,1,0,440.70,972,764,3046
47501,3544.42,0,0,1,0,272.37,974,766,3064
47551,3545.26,0,0,1,0,382.47,979,767,3095
47601,3544.42,0,0,1,0,507.44,987,768,3144
47651,3679.18,0,-1,0,0,-70.80,999,768,3215
47702,3654.97,0,0,-1,0,-18.61,999,770,3215
47752,3615.33,0,0,0,0,38.75,999,771,3215
47802,3631.96,0,0,0,0,-20.11,999,771,3215
47852,3615.33,0,0,0,0,28.99,999,772,3215
47902,3654.97,0,0,-1,0,-30.91,999,774,3215
47952,3615.33,0,0,0,0,28.99,999,775,3215
48002,3643.43,0,0,-1,0,-29.84,999,777,3215
48052,3601.44,0,0,0,0,-20.09,999,777,3215
48102,3633.72,0,0,0,0,-21.87,999,777,3215
48152,3612.72,0,0,0,0,20.12,999,777,3215
48202,3644.31,0,0,-1,0,-18.50,999,779,3215
48252,3625.82,0,0,0,0,18.50,999,780,3215
48302,3654.08,0,0,-1,0,-17.72,999,782,3215
48352,3625.82,0,0,0,0,31.83,999,784,3215
48402,3632.84,0,0,0,0,3.52,999,785,3215
48452,3611.85,0,0,0,0,0.00,999,785,3215
48502,3615.33,0,0,0,0,-23.37,999,785,3215
48552,3622.31,0,0,0,0,13.17,999,785,3215
48602,3654.08,0,0,-1,0,-28.26,999,787,3215
48652,3635.48,0,0,0,0,18.60,999,788,3215
48702,3664.79,0,0,-1,0,-28.43,999,790,3215
48752,3600.58,0,0,-1,0,24.02,999,791,3215
48802,3629.32,0,0,0,0,-47.66,999,791,3215
48852,3613.59,0,0,0,0,10.48,999,791,3215
48902,3643.43,0,0,-1,0,-21.99,999,792,3215
48952,3600.58,0,0,0,0,-17.45,999,792,3215
49002,3643.43,0,0,-1,0,-28.97,999,794,3215
49052,3625.82,0,0,0,0,16.73,999,795,3215
49102,3654.08,0,0,-1,0,-28.26,999,797,3215
49152,3625.82,0,0,0,0,29.16,999,798,3215
49202,3654.08,0,0,-1,0,-28.26,999,800,3215
49252,3626.69,0,0,0,0,15.85,999,801,3215
49302,3626.69,0,0,0,0,-24.39,999,801,3215
49352,3602.31,0,0,0,0,-9.58,999,801,3215
49402,3644.31,0,0,-1,0,-22.00,999,802,3215
49452,3622.31,0,0,0,0,11.41,999,802,3215
49502,3617.94,0,0,0,0,-15.64,999,802,3215
49552,3604.90,0,0,-1,0,-42.79,999,803,3215
49602,3641.66,0,0,-1,0,-25.46,999,805,3215
49652,3626.69,0,0,0,0,17.62,999,806,3215
49702,3654.08,0,0,-1,0,-17.72,999,808,3215
49752,3581.66,0,0,0,0,31.05,999,808,3215
49802,3608.37,0,0,0,0,22.18,999,808,3215
49852,3601.44,0,0,0,0,-38.87,999,808,3215
49902,3643.43,0,0,-1,0,-41.99,999,809,3215
49952,3625.82,0,0,0,0,27.37,999,810,3215
50002,3654.08,0,0,-1,0,-17.72,999,812,3215
50052,3625.82,0,0,0,0,30.94,999,814,3215
50102,3633.72,0,0,0,0,-18.39,999,815,3215
50152,3612.72,0,0,0,0,22.77,999,815,3215
50202,3643.43,0,0,-1,0,-28.10,999,817,3215
50252,3625.82,0,0,0,0,17.61,999,818,3215
50302,3654.08,0,0,-1,0,-28.26,999,820,3215
50352,3635.48,0,0,0,0,35.59,999,820,3215
50402,3633.72,0,0,0,0,-14.03,999,821,3215
50452,3604.90,0,0,-1,0,-43.80,999,822,3215
50502,3617.94,0,0,0,0,-37.14,999,822,3215
50552,3611.85,0,0,0,0,19.24,999,822,3215
50603,3654.08,0,0,-1,0,-33.52,999,824,3215
50653,3628.45,0,0,0,0,70.69,1000,824,3215
50703,3544.42,0,0,1,0,272.37,1003,825,3237
50753,3545.26,0,0,1,0,406.27,1008,826,3270
50803,3544.42,0,0,1,0,486.75,1016,827,3328
50853,3654.08,0,0,-1,0,111.93,1025,828,3382
50903,3632.84,0,0,0,0,-33.99,1025,828,3382
50953,3545.26,0,0,1,0,398.99,1032,829,3442
51004,3704.62,-3,-1,0,-3,-159.36,1042,830,3511
51054,3643.43,0,0,-1,0,-30.71,1042,831,3511
51104,3625.82,0,0,0,0,27.37,1042,832,3511
51154,3664.79,0,0,-1,0,-28.43,1042,834,3511
51204,3625.82,0,0,0,0,17.61,1042,835,3511
51254,3629.32,0,0,0,0,-26.15,1042,835,3511
51304,3602.31,0,0,0,0,-33.10,1042,835,3511
51354,3625.82,0,0,0,0,-23.51,1042,835,3511
51404,3615.33,0,0,0,0,25.45,1042,836,3511
51454,3633.72,0,0,0,0,-20.13,1042,837,3511
51504,3625.82,0,0,0,0,17.61,1042,838,3511
51554,3644.31,0,0,-1,0,-31.60,1042,839,3511
51604,3624.06,0,0,0,0,20.25,1042,840,3511
51654,3601.44,0,0,0,0,21.00,1042,840,3511
51704,3591.95,0,0,0,0,-37.14,1042,840,3511
51755,3626.69,0,0,0,0,-23.52,1042,840,3511
51805,3625.82,0,0,0,0,14.96,1042,841,3511
51855,3664.79,0,0,-1,0,-28.43,1042,843,3511
51905,3634.60,0,0,0,0,19.48,1042,844,3511
51955,3644.31,0,0,-1,0,-18.50,1042,846,3511
52005,3624.06,0,0,0,0,19.37,1042,847,3511
52055,3623.19,0,0,0,0,2.63,1042,848,3511
52105,3604.90,0,0,-1,0,-30.70,1042,849,3511
52155,3633.72,0,0,0,0,-31.42,1042,849,3511
52205,3612.72,0,0,0,0,10.47,1042,849,3511
52255,3626.69,0,0,0,0,-24.39,1042,849,3511
52305,3602.31,0,0,0,0,-50.47,1042,849,3511
52355,3643.43,0,0,-1,0,-28.10,1042,851,3511
52405,3625.82,0,0,0,0,18.50,1042,852,3511
52455,3643.43,0,0,-1,0,-28.10,1042,854,3511
52505,3625.82,0,0,0,0,27.37,1042,855,3511
52555,3654.08,0,0,-1,0,-28.26,1042,857,3511
52605,3625.82,0,0,0,0,18.50,1042,858,3511
52655,3602.31,0,0,0,0,21.86,1042,858,3511
52705,3573.98,0,0,0,0,22.28,1042,858,3511
52755,3632.84,0,0,0,0,-33.13,1042,858,3511
52805,3610.98,0,0,0,0,24.50,1042,858,3511
52855,3665.69,0,0,-1,0,-39.87,1042,860,3511
52905,3635.48,0,0,0,0,29.31,1042,861,3511
52955,3643.43,0,0,-1,0,-17.61,1042,863,3511
53005,3610.98,0,0,0,0,24.50,1042,863,3511
53055,3622.31,0,0,0,0,-10.47,1042,863,3511
53105,3623.19,0,0,0,0,9.65,1042,863,3511
53155,3643.43,0,0,-1,0,-17.61,1042,865,3511
53206,3616.20,0,0,0,0,37.88,1042,866,3511
53256,3643.43,0,0,-1,0,-17.61,1042,868,3511
53306,3625.82,0,0,0,0,29.16,1042,869,3511
53356,3633.72,0,0,0,0,-22.74,1042,869,3511
53406,3610.98,0,0,0,0,20.10,1042,869,3511
53456,3622.31,0,0,0,0,-8.73,1042,869,3511
53506,3615.33,0,0,0,0,34.31,1042,870,3511
53556,3644.31,0,0,-1,0,-23.75,1042,871,3511
53606,3615.33,0,0,0,0,34.31,1042,872,3511
53656,3654.08,0,0,-1,0,-29.14,1042,874,3511
53706,3636.36,0,0,0,0,22.17,1042,875,3511
53756,3651.41,0,0,-1,0,134.55,1045,876,3511
53806,3546.10,0,0,1,0,398.16,1051,877,3546
53856,3543.59,0,0,1,0,296.66,1054,879,3564
53906,3546.10,0,0,1,0,421.11,1060,880,3599
53956,3544.42,0,0,1,0,477.02,1068,881,3658
54006,3546.10,0,0,1,0,400.23,1075,882,3711
54056,3724.86,-3,-1,0,-3,-179.60,1086,883,3767
54106,3675.57,0,0,0,0,-65.46,1086,883,3767
54156,3642.54,0,0,-1,0,123.46,1096,884,3838
54206,3654.08,0,0,-1,0,-29.14,1096,886,3838
54256,3626.69,0,0,0,0,27.39,1096,887,3838
54306,3654.97,0,0,-1,0,-19.49,1096,889,3838
54356,3636.36,0,0,0,0,17.72,1096,890,3838
54406,3601.44,0,0,0,0,37.84,1096,891,3838
54456,3592.81,0,0,0,0,16.35,1096,891,3838
54506,3632.84,0,0,0,0,-40.89,1096,891,3838
54556,3600.58,0,0,0,0,-18.32,1096,891,3838
54606,3654.97,0,0,-1,0,-40.51,1096,893,3838
54656,3624.06,0,0,0,0,30.91,1096,894,3838
54706,3675.57,0,0,0,0,-40.09,1096,895,3838
54756,3636.36,0,0,0,0,31.12,1096,897,3838
54806,3641.66,0,0,-1,0,-5.30,1096,899,3838
54856,3625.82,0,0,0,0,17.61,1096,900,3838
54906,3631.96,0,0,0,0,-14.89,1096,901,3838
54956,3612.72,0,0,0,0,14.85,1096,901,3838
55006,3626.69,0,0,0,0,-23.52,1096,901,3838
55056,3602.31,0,0,0,0,-33.10,1096,901,3838
55106,3642.54,0,0,-1,0,-29.83,1096,902,3838
55156,3615.33,0,0,0,0,28.99,1096,903,3838
55206,3632.84,0,0,0,0,-19.25,1096,904,3838
55256,3602.31,0,0,0,0,-27.11,1096,904,3838
55306,3704.62,0,-1,0,-4,-171.05,1097,905,3842
55356,3625.82,0,0,0,0,29.16,1097,906,3842
55406,3633.72,0,0,0,0,-7.91,1097,907,3842
55456,3616.20,0,0,0,0,27.23,1097,908,3842
55506,3632.84,0,0,0,0,-7.03,1097,909,3842
55556,3611.85,0,0,0,0,21.87,1097,909,3842
55606,3632.84,0,0,0,0,-41.75,1097,909,3842
55656,3613.59,0,0,0,0,28.07,1097,910,3842
55706,3644.31,0,0,-1,0,-28.99,1097,912,3842
55756,3625.82,0,0,0,0,38.98,1097,913,3842
55806,3665.69,0,0,-1,0,-29.33,1097,915,3842
55856,3646.09,0,0,-1,0,22.29,1097,918,3842
55906,3644.31,0,0,-1,0,-9.71,1097,920,3842
55956,3615.33,0,0,0,0,28.10,1097,921,3842
56006,3633.72,0,0,0,0,-20.13,1097,922,3842
56056,3613.59,0,0,0,0,29.84,1097,923,3842
56107,3644.31,0,0,-1,0,-28.99,1097,925,3842
56157,3612.72,0,0,0,0,21.00,1097,925,3842
56207,3635.48,0,0,0,0,-33.18,1097,925,3842
56257,3605.77,0,0,-1,0,-35.06,1097,926,3842
56307,3632.84,0,0,0,0,-19.25,1097,927,3842
56357,3625.82,0,0,0,0,28.26,1097,928,3842
56407,3654.08,0,0,-1,0,-18.60,1097,930,3842
56457,3636.36,0,0,0,0,18.61,1097,931,3842
56507,3602.31,0,0,0,0,20.98,1097,931,3842
56557,3592.81,0,0,0,0,17.22,1097,931,3842
56607,3635.48,0,0,0,0,-33.18,1097,931,3842
56657,3602.31,0,0,0,0,-25.30,1097,931,3842
56707,3644.31,0,0,-1,0,-23.75,1097,932,3842
56757,3636.36,0,0,0,0,15.94,1097,933,3842
56807,3654.08,0,0,-1,0,-20.36,1097,935,3842
56857,3635.48,0,0,0,0,20.38,1097,936,3842
56907,3661.22,0,0,-1,0,51.66,1098,937,3842
56957,3543.59,0,0,1,0,310.47,1103,938,3868
57007,3546.10,0,0,1,0,436.91,1109,939,3905
57057,3543.59,0,0,1,0,309.48,1112,940,3926
57107,3543.59,0,0,1,0,303.55,1117,941,3953
57157,3546.10,0,0,1,0,372.40,1123,942,3985
57207,3543.59,0,0,1,0,454.28,1130,943,4023
57257,3707.36,0,-1,0,0,58.64,1140,943,4075
57307,3654.08,0,0,-1,0,-19.48,1140,944,4075
57357,3622.31,0,0,0,0,142.75,1151,944,4147
57407,3602.31,0,0,0,0,-35.72,1151,944,4147
57457,3633.72,0,0,0,0,-21.00,1151,944,4147
57507,3615.33,0,0,0,0,25.45,1151,945,4147
57558,3633.72,0,0,0,0,-18.39,1151,946,4147
57608,3612.72,0,0,0,0,22.77,1151,946,4147
57658,3643.43,0,0,-1,0,-28.10,1151,948,4147
57708,3623.19,0,0,0,0,9.65,1151,948,4147
57758,3654.08,0,0,-1,0,-17.72,1151,950,4147
57808,3625.82,0,0,0,0,17.61,1151,951,4147
57858,3633.72,0,0,0,0,-43.49,1151,951,4147
57908,3610.98,0,0,0,0,24.50,1151,951,4147
57958,3632.84,0,0,0,0,-10.53,1151,951,4147
58008,3624.06,0,0,0,0,29.13,1151,952,4147
58058,3664.79,0,0,-1,0,-28.43,1151,954,4147
58108,3636.36,0,0,0,0,21.28,1151,956,4147
58158,3633.72,0,0,0,0,0.88,1151,957,4147
58208,3612.72,0,0,0,0,20.12,1151,957,4147
58258,3635.48,0,0,0,0,-33.18,1151,957,4147
58308,3611.85,0,0,0,0,23.64,1151,957,4147
58358,3654.97,0,0,-1,0,-31.78,1151,958,4147
58408,3612.72,0,0,0,0,10.47,1151,958,4147
58458,3643.43,0,0,-1,0,-29.84,1151,960,4147
58508,3612.72,0,0,0,0,20.12,1151,960,4147
58558,3616.20,0,0,0,0,-24.25,1151,960,4147
58608,3611.85,0,0,0,0,23.64,1151,960,4147
58658,3643.43,0,0,-1,0,-17.61,1151,962,4147
58708,3625.82,0,0,0,0,17.61,1151,963,4147
58758,3653.19,0,0,-1,0,-16.83,1151,965,4147
58808,3625.82,0,0,0,0,28.26,1151,966,4147
58858,3641.66,0,0,-1,0,-26.33,1151,968,4147
58908,3615.33,0,0,0,0,28.10,1151,969,4147
58958,3634.60,0,0,0,0,-34.03,1151,969,4147
59008,3610.98,0,0,0,0,22.74,1151,969,4147
59058,3644.31,0,0,-1,0,-18.50,1151,971,4147
59108,3613.59,0,0,0,0,30.73,1151,972,4147
59158,3607.50,0,0,0,0,7.72,1151,972,4147
59208,3585.09,0,0,0,0,23.29,1151,972,4147
59258,3635.48,0,0,0,0,-33.18,1151,972,4147
59308,3625.82,0,0,0,0,27.37,1151,973,4147
59358,3661.22,0,0,-1,0,43.40,1152,974,4147
59408,3625.82,0,0,0,0,18.50,1152,975,4147
59458,3654.08,0,0,-1,0,-38.75,1152,977,4147
59508,3612.72,0,0,0,0,20.12,1152,977,4147
59558,3643.43,0,0,-1,0,-29.84,1152,978,4147
59608,3625.82,0,0,0,0,28.26,1152,979,4147
59658,3644.31,0,0,-1,0,-28.99,1152,981,4147
59708,3600.58,0,0,0,0,-6.12,1152,981,4147
59758,3632.84,0,0,0,0,-20.12,1152,981,4147
59808,3612.72,0,0,0,0,22.77,1152,981,4147
59858,3644.31,0,0,-1,0,-33.34,1152,982,4147
59908,3636.36,0,0,0,0,17.72,1152,983,4147
59958,3642.54,0,0,-1,0,-6.18,1152,985,4147
60008,3579.95,0,0,0,0,30.16,1152,985,4147
60058,3641.66,0,0,-1,0,-49.71,1152,986,4147
60108,3625.82,0,0,0,0,17.61,1152,987,4147
60158,3643.43,0,0,-1,0,-9.71,1152,989,4147
60208,3615.33,0,0,0,0,35.19,1152,990,4147
60258,3632.84,0,0,0,0,1.76,1152,991,4147
60308,3612.72,0,0,0,0,11.35,1152,991,4147
60358,3643.43,0,0,-1,0,-28.10,1152,992,4147
60408,3625.82,0,0,0,0,21.16,1152,993,4147
60459,3646.97,0,0,-1,0,-5.31,1152,995,4147
60509,3617.07,0,0,0,0,132.93,1154,995,4148
60559,3543.59,0,0,1,0,314.44,1159,996,4176
60609,3545.26,0,0,1,0,410.44,1165,997,4211
60659,3544.42,0,0,1,0,481.34,1173,998,4258
60709,3632.84,0,0,0,0,133.16,1182,998,4312
60759,3644.31,0,0,-1,0,-36.81,1182,999,4312
60810,3852.08,-20,-3,0,-18,-306.82,1193,1000,4391
60860,3625.82,0,0,0,0,47.05,1193,1000,4391
60910,3643.43,0,0,-1,0,-7.95,1193,1002,4391
60960,3602.31,0,0,0,0,6.13,1193,1002,4391
61010,3626.69,0,0,0,0,-25.25,1193,1002,4391
61060,3610.98,0,0,0,0,24.50,1193,1002,4391
61110,3626.69,0,0,0,0,-24.39,1193,1002,4391
61160,3625.82,0,0,0,0,26.49,1193,1003,4391
61210,3664.79,0,0,-1,0,-28.43,1193,1005,4391
61260,3625.82,0,0,0,0,17.61,1193,1006,4391
61310,3622.31,0,0,0,0,-6.98,1193,1007,4391
61360,3602.31,0,0,0,0,-22.69,1193,1007,4391
61410,3654.08,0,0,-1,0,-29.14,1193,1009,4391
61460,3615.33,0,0,0,0,28.10,1193,1010,4391
61510,3644.31,0,0,-1,0,-29.86,1193,1012,4391
61560,3625.82,0,0,0,0,28.26,1193,1013,4391
61611,3665.69,0,0,-1,0,-30.21,1193,1015,4391
61661,3636.36,0,0,0,0,17.72,1193,1016,4391
61711,3653.19,0,0,-1,0,-27.37,1193,1018,4391
61761,3625.82,0,0,0,0,17.61,1193,1019,4391
61811,3602.31,0,0,0,0,8.71,1193,1019,4391
61861,3591.95,0,0,0,0,-33.70,1193,1019,4391
61911,3628.45,0,0,0,0,-47.64,1193,1019,4391
61961,3614.46,0,0,0,0,28.97,1193,1020,4391
62011,3633.72,0,0,0,0,-18.39,1193,1021,4391
62061,3624.06,0,0,0,0,30.02,1193,1022,4391
62111,3654.97,0,0,-1,0,-18.61,1193,1024,4391
62161,3600.58,0,0,0,0,-7.03,1193,1024,4391
62211,3643.43,0,0,-1,0,-30.71,1193,1025,4391
62261,3611.85,0,0,0,0,21.87,1193,1025,4391
62311,3617.94,0,0,0,0,-17.37,1193,1025,4391
62361,3614.46,0,0,0,0,27.20,1193,1026,4391
62411,3632.84,0,0,0,0,-7.03,1193,1027,4391
62461,3615.33,0,0,0,0,28.10,1193,1028,4391
62511,3654.08,0,0,-1,0,-38.75,1193,1030,4391
62561,3616.20,0,0,0,0,28.11,1193,1031,4391
62611,3618.82,0,0,0,0,-38.87,1193,1031,4391
62661,3610.98,0,0,0,0,24.50,1193,1031,4391
62711,3643.43,0,0,-1,0,-17.61,1193,1033,4391
62761,3646.09,0,0,-1,0,18.71,1193,1035,4391
62811,3668.38,0,0,-1,0,-21.41,1193,1038,4391
62861,3622.31,0,0,0,0,10.53,1193,1038,4391
62911,3632.84,0,0,0,0,-20.99,1193,1038,4391
62961,3600.58,0,0,0,0,-27.98,1193,1038,4391
63011,3626.69,0,0,0,0,-24.39,1193,1038,4391
63062,3615.33,0,0,0,0,26.33,1193,1039,4391
63112,3643.43,0,0,-1,0,-17.61,1193,1041,4391
63162,3625.82,0,0,0,0,25.60,1193,1042,4391
63212,3652.30,0,0,-1,0,-15.06,1193,1044,4391
63262,3615.33,0,0,0,0,34.31,1193,1045,4391
63312,3628.45,0,0,0,0,63.41,1194,1046,4392
63362,3540.24,0,0,1,0,212.57,1196,1047,4394
63412,3633.72,0,0,0,0,-7.03,1197,1047,4397
63462,3615.33,0,0,0,0,52.15,1197,1048,4397
63512,3639.89,0,0,0,0,90.52,1199,1048,4401
63562,3544.42,0,0,1,0,299.76,1204,1049,4427
63612,3545.26,0,0,1,0,435.63,1210,1050,4461
63662,3766.01,0,-2,0,-1,180.32,1219,1050,4512
63712,3545.26,0,0,1,0,350.84,1225,1051,4547
63762,3546.10,0,0,1,0,451.77,1232,1052,4587
63812,3653.19,0,0,-1,0,112.82,1241,1053,4641
63862,3644.31,0,0,-1,0,-18.50,1241,1055,4641
63912,3625.82,0,0,0,0,28.26,1241,1056,4641
63962,3602.31,0,0,0,0,24.71,1241,1057,4641
64012,3567.18,0,0,0,0,18.76,1241,1057,4641
64062,3617.94,0,0,0,0,-36.28,1241,1057,4641
64112,3623.19,0,0,0,0,3.50,1241,1057,4641
64162,3664.79,0,0,-1,0,-38.98,1241,1059,4641
64212,3635.48,0,0,0,0,29.31,1241,1060,4641
64262,3643.43,0,0,-1,0,-17.61,1241,1062,4641
64312,3634.60,0,0,0,0,19.48,1241,1063,4641
64362,3644.31,0,0,-1,0,-7.95,1241,1065,4641
64412,3610.98,0,0,0,0,21.86,1241,1065,4641
64462,3597.98,0,0,0,0,17.10,1241,1065,4641
64512,3592.81,0,0,0,0,18.03,1241,1065,4641
64562,3638.13,0,0,0,0,-37.55,1241,1065,4641
64612,3636.36,0,0,0,0,17.72,1241,1066,4641
64662,3665.69,0,0,-1,0,-29.33,1241,1068,4641
64712,3636.36,0,0,0,0,28.43,1241,1069,4641
64762,3656.75,0,0,-1,0,-9.78,1241,1072,4641
64812,3624.94,0,0,0,0,18.49,1241,1073,4641
64862,3633.72,0,0,0,0,-21.00,1241,1073,4641
64912,3602.31,0,0,0,0,-27.98,1241,1073,4641
64962,3587.66,0,0,0,0,-11.12,1241,1073,4641
65012,3593.67,0,0,0,0,17.08,1241,1073,4641
65062,3633.72,0,0,0,0,-21.00,1241,1073,4641
65112,3635.48,0,0,0,0,18.60,1241,1074,4641
65162,3667.48,0,0,-1,0,-21.40,1241,1076,4641
65212,3625.82,0,0,0,0,20.27,1241,1078,4641
65262,3602.31,0,0,0,0,36.95,1241,1079,4641
65312,3576.54,0,0,0,0,29.23,1241,1079,4641
65362,3617.94,0,0,0,0,-33.72,1241,1079,4641
65412,3622.31,0,0,0,0,10.53,1241,1079,4641
65462,3664.79,0,0,-1,0,-27.55,1241,1081,4641
65512,3636.36,0,0,0,0,28.43,1241,1082,4641
65562,3644.31,0,0,-1,0,-22.00,1241,1083,4641
65612,3614.46,0,0,0,0,28.97,1241,1084,4641
65662,3644.31,0,0,-1,0,-28.99,1241,1086,4641
65712,3625.82,0,0,0,0,16.73,1241,1087,4641
65762,3654.08,0,0,-1,0,-38.75,1241,1089,4641
65812,3625.82,0,0,0,0,29.16,1241,1090,4641
65862,3632.84,0,0,0,0,-9.65,1241,1090,4641
65912,3625.82,0,0,0,0,17.61,1241,1091,4641
65963,3610.98,0,0,0,0,4.35,1241,1092,4641
66013,3591.95,0,0,0,0,4.35,1241,1092,4641
66063,3632.84,0,0,0,0,-20.12,1241,1092,4641
66113,3623.19,0,0,0,0,9.65,1241,1092,4641
66163,3654.08,0,0,-1,0,-28.26,1241,1094,4641
66213,3626.69,0,0,0,0,28.28,1241,1095,4641
66263,3643.43,0,0,-1,0,-28.10,1241,1097,4641
66313,3602.31,0,0,0,0,-21.80,1241,1097,4641
66363,3643.43,0,0,-1,0,-32.45,1241,1098,4641
66413,3591.09,0,0,0,0,-5.24,1241,1098,4641
66463,3634.60,0,0,0,0,-32.30,1241,1098,4641
66513,3625.82,0,0,0,0,17.61,1241,1099,4641
66563,3633.72,0,0,0,0,-7.03,1241,1100,4641
66613,3625.82,0,0,0,0,20.27,1241,1101,4641
66663,3642.54,0,0,-1,0,-16.73,1241,1103,4641
66713,3612.72,0,0,0,0,20.12,1241,1103,4641
66763,3632.84,0,0,0,0,-21.86,1241,1103,4641
66813,3613.59,0,0,0,0,35.16,1241,1104,4641
66863,3612.72,0,0,0,0,0.87,1241,1104,4641
66913,3602.31,0,0,0,0,-42.61,1241,1104,4641
66963,3664.79,0,0,-1,0,-53.82,1241,1105,4641
67013,3636.36,0,0,0,0,27.53,1241,1106,4641
67063,3624.94,0,0,0,0,20.26,1241,1108,4641
67113,3612.72,0,0,0,0,20.12,1241,1108,4641
67163,3639.01,0,0,0,0,51.93,1242,1108,4641
67213,3623.19,0,0,0,0,14.94,1242,1108,4641
67263,3636.36,0,0,0,0,15.94,1242,1109,4641
67313,3615.33,0,0,0,0,126.25,1244,1109,4644
67363,3544.42,0,0,1,0,275.29,1248,1110,4667
67414,3612.72,0,0,0,0,245.31,1252,1110,4692
67464,3545.26,0,0,1,0,404.19,1259,1111,4730
67514,3543.59,0,0,1,0,535.83,1268,1112,4781
67564,3729.49,0,-1,0,0,35.57,1279,1112,4841
67614,3642.54,0,0,-1,0,-16.73,1279,1114,4841
67664,3625.82,0,0,0,0,17.61,1279,1115,4841
67714,3632.84,0,0,0,0,-6.15,1279,1116,4841
67764,3592.81,0,0,0,0,-19.19,1279,1116,4841
67814,3634.60,0,0,0,0,-32.30,1279,1116,4841
67864,3612.72,0,0,0,0,21.88,1279,1116,4841
67914,3624.94,0,0,0,0,-22.63,1279,1116,4841
67964,3611.85,0,0,0,0,23.64,1279,1116,4841
68014,3654.08,0,0,-1,0,-38.75,1279,1118,4841
68064,3611.85,0,0,0,0,21.87,1279,1118,4841
68114,3654.97,0,0,-1,0,-39.64,1279,1120,4841
68164,3614.46,0,0,0,0,29.86,1279,1121,4841
68214,3635.48,0,0,0,0,-32.31,1279,1121,4841
68264,3615.33,0,0,0,0,28.99,1279,1122,4841
68314,3654.08,0,0,-1,0,-28.26,1279,1124,4841
68364,3636.36,0,0,0,0,18.61,1279,1125,4841
68414,3643.43,0,0,-1,0,-28.10,1279,1127,4841
68464,3625.82,0,0,0,0,29.16,1279,1128,4841
68514,3643.43,0,0,-1,0,-20.24,1279,1129,4841
68564,3625.82,0,0,0,0,18.50,1279,1130,4841
68614,3717.47,0,-1,0,-2,-163.81,1280,1132,4843
68664,3625.82,0,0,0,0,18.50,1280,1133,4843
68714,3631.96,0,0,0,0,-8.77,1280,1133,4843
68764,3615.33,0,0,0,0,38.75,1280,1134,4843
68814,3632.84,0,0,0,0,-7.90,1280,1135,4843
68864,3625.82,0,0,0,0,17.61,1280,1136,4843
68914,3644.31,0,0,-1,0,-18.50,1280,1138,4843
68964,3600.58,0,0,0,0,-6.12,1280,1138,4843
69014,3614.46,0,0,0,0,-22.50,1280,1138,4843
69064,3612.72,0,0,0,0,19.24,1280,1138,4843
69114,3654.08,0,0,-1,0,-28.26,1280,1140,4843
69164,3646.97,0,0,-1,0,8.00,1280,1142,4843
69214,3665.69,0,0,-1,0,-30.21,1280,1144,4843
69264,3635.48,0,0,0,0,8.83,1280,1145,4843
69314,3622.31,0,0,0,0,3.50,1280,1146,4843
69364,3591.95,0,0,0,0,-16.50,1280,1146,4843
69414,3633.72,0,0,0,0,-41.77,1280,1146,4843
69464,3602.31,0,0,0,0,-21.79,1280,1146,4843
69514,3643.43,0,0,-1,0,-42.85,1280,1147,4843
69564,3614.46,0,0,0,0,29.86,1280,1148,4843
69614,3616.20,0,0,0,0,-25.11,1280,1148,4843
69664,3604.90,0,0,-1,0,-46.26,1280,1149,4843
69714,3654.08,0,0,-1,0,-28.26,1280,1151,4843
69764,3636.36,0,0,0,0,17.72,1280,1152,4843
69814,3646.09,0,0,-1,0,0.89,1280,1155,4843
69864,3644.31,0,0,-1,0,23.17,1280,1158,4843
69914,3623.19,0,0,0,0,-7.86,1280,1159,4843
69964,3602.31,0,0,0,0,-26.08,1280,1159,4843
70014,3626.69,0,0,0,0,-26.12,1280,1159,4843
70064,3590.23,0,0,0,0,-27.80,1280,1159,4843
70114,3626.69,0,0,0,0,-24.39,1280,1159,4843
70164,3604.90,0,0,-1,0,-36.79,1280,1160,4843
70214,3537.74,0,0,1,0,20.14,1280,1162,4843
70264,3453.83,0,1,0,0,38.60,1283,1162,4843
70315,3382.19,0,2,0,0,18.40,1289,1162,4843
70365,3289.47,3,4,0,2,36.47,1299,1162,4847
70415,3239.74,0,4,0,2,43.97,1307,1162,4849
70465,3177.29,0,5,0,0,17.60,1321,1162,4850
70515,3075.66,6,6,0,2,49.34,1339,1162,4854
70565,3030.30,0,7,0,2,47.25,1352,1162,4856
70615,2973.83,7,8,0,0,0.59,1375,1162,4858
70665,2924.55,0,8,0,0,4.00,1391,1162,4860
70715,2871.91,0,9,0,0,3.85,1409,1162,4862
70765,2775.72,7,10,0,2,45.95,1439,1162,4865
70815,2727.77,1,11,0,1,42.83,1460,1162,4866
70865,2669.99,0,12,0,2,51.35,1483,1162,4868
70915,2626.97,0,12,0,2,45.40,1507,1162,4870
70965,2570.69,12,13,0,0,2.20,1545,1162,4872
71015,2495.42,13,14,0,1,26.43,1573,1162,4875
71065,2473.21,9,14,0,0,23.88,1601,1162,4875
71115,2423.26,10,15,0,0,-3.52,1631,1162,4877
71165,2367.80,11,16,0,0,6.00,1662,1162,4878
71215,2320.19,14,16,0,0,4.31,1694,1162,4879
71265,2276.18,0,17,0,1,44.01,1711,1162,4880
71315,2346.32,0,16,0,-7,-191.76,1745,1162,4891
71365,2175.49,1,18,0,1,46.73,1780,1162,4896
71415,2128.26,8,19,0,1,44.39,1817,1162,4897
71465,2080.16,15,19,0,1,38.49,1855,1162,4898
71515,2072.40,0,19,0,0,7.76,1874,1162,4898
71565,2024.29,4,20,0,0,4.38,1914,1162,4899
71615,1974.20,15,21,0,0,3.91,1956,1162,4900
71665,1929.76,0,21,0,1,44.45,1977,1162,4901
71715,1878.29,11,22,0,1,49.24,2020,1162,4902
71766,1878.76,0,22,0,0,-0.47,2042,1162,4902
71816,1827.93,9,23,0,0,3.79,2087,1162,4903
71866,1780.84,0,23,0,1,47.09,2110,1162,4904
71916,1731.90,13,24,0,1,46.82,2157,1162,4905
71966,1732.10,0,24,0,0,-0.20,2181,1162,4905
72016,1681.80,17,24,0,0,-1.13,2229,1162,4906
72066,1629.90,7,25,0,1,51.90,2254,1162,4907
72116,1631.85,0,25,0,0,-1.95,2279,1162,4907
72166,1580.61,20,26,0,0,0.33,2331,1162,4908
72216,1531.71,10,26,0,1,48.90,2357,1162,4909
72266,1530.14,0,26,0,0,1.56,2383,1162,4909
72316,1479.00,0,27,0,1,51.15,2410,1162,4910
72366,1428.71,25,28,0,1,51.90,2465,1162,4911
72416,1431.02,16,28,0,0,-2.32,2493,1162,4911
72466,1375.39,10,28,0,1,55.64,2521,1162,4912
72516,1378.55,2,28,0,0,-3.16,2549,1162,4912
72566,1324.39,0,29,0,1,54.16,2578,1162,4913
72616,1326.85,0,29,0,0,-2.46,2607,1162,4913
72666,1270.97,0,30,0,1,55.88,2637,1162,4914
72716,1273.24,0,30,0,0,-2.27,2667,1162,4914
72766,1215.66,0,30,0,1,57.58,2697,1162,4915
72816,1219.81,0,30,0,0,-4.15,2727,1162,4915
72866,1160.45,0,31,0,1,59.36,2758,1162,4916
72916,1164.51,0,31,0,0,-4.05,2789,1162,4916
72966,1105.54,0,32,0,1,58.96,2821,1162,4917
73016,1108.07,2,32,0,0,-2.53,2853,1162,4917
73066,1056.49,13,33,0,0,51.59,2886,1162,4917
73116,1047.05,17,33,0,0,9.44,2919,1162,4917
73166,982.25,30,34,0,1,64.79,2953,1162,4918
73216,982.25,0,34,0,1,64.79,2953,1162,4918
73266,986.13,0,33,0,0,-3.87,2986,1162,4918
73316,922.68,6,34,0,0,63.45,3020,1162,4918
73366,922.91,21,34,0,0,-0.23,3054,1162,4918
73416,922.91,0,34,0,0,-0.23,3054,1162,4918
73466,858.12,0,35,0,0,64.78,3089,1162,4918
73516,854.02,12,35,0,0,4.10,3124,1162,4918
73566,854.02,0,35,0,0,4.10,3124,1162,4918
73616,772.84,0,36,0,1,81.18,3160,1162,4919
73666,777.81,18,36,0,0,-4.97,3196,1162,4919
73716,777.81,0,36,0,0,-4.97,3196,1162,4919
73766,714.76,2,37,0,0,63.04,3233,1162,4919
73816,714.76,0,37,0,0,63.04,3233,1162,4919
73866,690.19,0,37,0,0,24.57,3270,1162,4919
73916,622.28,37,38,0,0,67.92,3308,1162,4919
73966,622.28,0,38,0,0,67.92,3308,1162,4919
74016,622.28,0,38,0,0,67.92,3308,1162,4919
74066,583.52,0,39,0,0,38.76,3347,1162,4919
74116,583.52,0,39,0,0,38.76,3347,1162,4919
74166,522.63,7,40,0,0,60.89,3387,1162,4919
74216,522.63,0,40,0,0,60.89,3387,1162,4919
74266,474.98,34,40,0,0,47.65,3427,1162,4919
74316,474.98,0,40,0,0,47.65,3427,1162,4919
74366,474.98,0,40,0,0,47.65,3427,1162,4919
74416,474.98,0,40,0,0,47.65,3427,1162,4919
74466,372.07,0,41,0,0,102.91,3468,1162,4919
74516,372.07,0,41,0,0,102.91,3468,1162,4919
74566,372.07,0,41,0,0,102.91,3468,1162,4919
74616,372.07,0,41,0,0,102.91,3468,1162,4919
75759,44.86,0,41,0,0,102.91,3468,1162,4919
75809,44.86,0,41,0,0,102.91,3468,1162,4919
75859,44.86,0,41,0,0,102.91,3468,1162,4919
75909,44.86,0,41,0,0,102.91,3468,1162,4919
75959,44.86,0,41,0,0,102.91,3468,1162,4919
76009,0.00,0,41,0,0,102.91,3468,1162,4919
76059,0.00,0,41,0,0,102.91,3468,1162,4919
76109,0.00,0,41,0,0,102.91,3468,1162,4919
76160,0.00,0,41,0,0,102.91,3468,1162,4919
76210,0.00,0,41,0,0,102.91,3468,1162,4919
76260,0.00,0,41,0,0,102.91,3468,1162,4919
76310,0.00,0,41,0,0,102.91,3468,1162,4919
76360,0.00,0,41,0,0,102.91,3468,1162,4919
76410,0.00,0,41,0,0,102.91,3468,1162,4919
76460,0.00,0,41,0,0,102.91,3468,1162,4919
76510,0.00,0,41,0,0,102.91,3468,1162,4919
76560,0.00,0,41,0,0,102.91,3468,1162,4919
76610,0.00,0,41,0,0,102.91,3468,1162,4919
76660,0.00,0,41,0,0,102.91,3468,1162,4919
76710,0.00,0,41,0,0,102.91,3468,1162,4919
76760,0.00,0,41,0,0,102.91,3468,1162,4919
76810,0.00,0,41,0,0,102.91,3468,1162,4919
76860,0.00,0,41,0,0,102.91,3468,1162,4919
76910,0.00,0,41,0,0,102.91,3468,1162,4919
76960,0.00,0,41,0,0,102.91,3468,1162,4919
77010,0.00,0,41,0,0,102.91,3468,1162,4919
77060,0.00,0,41,0,0,102.91,3468,1162,4919
77110,0.00,0,41,0,0,102.91,3468,1162,4919
77160,0.00,0,41,0,0,102.91,3468,1162,4919
77210,0.00,0,41,0,0,102.91,3468,1162,4919
77260,0.00,0,41,0,0,102.91,3468,1162,4919
77310,0.00,0,41,0,0,102.91,3468,1162,4919
77360,0.00,0,41,0,0,102.91,3468,1162,4919
77410,0.00,0,41,0,0,102.91,3468,1162,4919
77460,0.00,0,41,0,0,102.91,3468,1162,4919
77510,0.00,0,41,0,0,102.91,3468,1162,4919
77560,0.00,0,41,0,0,102.91,3468,1162,4919
77611,0.00,0,41,0,0,102.91,3468,1162,4919
77661,0.00,0,41,0,0,102.91,3468,1162,4919
77711,0.00,0,41,0,0,102.91,3468,1162,4919
77761,0.00,0,41,0,0,102.91,3468,1162,4919
77811,0.00,0,41,0,0,102.91,3468,1162,4919
77861,0.00,0,41,0,0,102.91,3468,1162,4919
77911,0.00,0,41,0,0,102.91,3468,1162,4919
77961,0.00,0,41,0,0,102.91,3468,1162,4919
78011,0.00,0,41,0,0,102.91,3468,1162,4919
78061,0.00,0,41,0,0,102.91,3468,1162,4919
78111,0.00,0,41,0,0,102.91,3468,1162,4919
78161,0.00,0,41,0,0,102.91,3468,1162,4919
78211,0.00,0,41,0,0,102.91,3468,1162,4919
78261,0.00,0,41,0,0,102.91,3468,1162,4919
78311,0.00,0,41,0,0,102.91,3468,1162,4919
78361,0.00,0,41,0,0,102.91,3468,1162,4919
78411,0.00,0,41,0,0,102.91,3468,1162,4919
78461,0.00,0,41,0,0,102.91,3468,1162,4919
78511,0.00,0,41,0,0,102.91,3468,1162,4919
78561,0.00,0,41,0,0,102.91,3468,1162,4919
78611,0.00,0,41,0,0,102.91,3468,1162,4919
78661,0.00,0,41,0,0,102.91,3468,1162,4919
78711,0.00,0,41,0,0,102.91,3468,1162,4919
78761,0.00,0,41,0,0,102.91,3468,1162,4919
78811,0.00,0,41,0,0,102.91,3468,1162,4919
78861,0.00,0,41,0,0,102.91,3468,1162,4919
78911,0.00,0,41,0,0,102.91,3468,1162,4919
78961,0.00,0,41,0,0,102.91,3468,1162,4919
79011,0.00,0,41,0,0,102.91,3468,1162,4919
79062,0.00,0,41,0,0,102.91,3468,1162,4919
79112,0.00,0,41,0,0,102.91,3468,1162,4919
79162,0.00,0,41,0,0,102.91,3468,1162,4919
79212,0.00,0,41,0,0,102.91,3468,1162,4919
79262,0.00,0,41,0,0,102.91,3468,1162,4919
79312,0.00,0,41,0,0,102.91,3468,1162,4919
79362,0.00,0,41,0,0,102.91,3468,1162,4919
79412,0.00,0,41,0,0,102.91,3468,1162,4919
79462,0.00,0,41,0,0,102.91,3468,1162,4919
79512,0.00,0,41,0,0,102.91,3468,1162,4919
79562,0.00,0,41,0,0,102.91,3468,1162,4919
79612,0.00,0,41,0,0,102.91,3468,1162,4919
79662,0.00,0,41,0,0,102.91,3468,1162,4919
79712,0.00,0,41,0,0,102.91,3468,1162,4919
79762,0.00,0,41,0,0,102.91,3468,1162,4919
79812,0.00,0,41,0,0,102.91,3468,1162,4919
79862,0.00,0,41,0,0,102.91,3468,1162,4919
79912,0.00,0,41,0,0,102.91,3468,1162,4919
79962,0.00,0,41,0,0,102.91,3468,1162,4919
80012,0.00,0,41,0,0,102.91,3468,1162,4919
80062,0.00,0,41,0,0,102.91,3468,1162,4919
80112,0.00,0,41,0,0,102.91,3468,1162,4919
80162,0.00,0,41,0,0,102.91,3468,1162,4919
80212,0.00,0,41,0,0,102.91,3468,1162,4919
80262,0.00,0,41,0,0,102.91,3468,1162,4919
80312,0.00,0,41,0,0,102.91,3468,1162,4919
