Mechanical Governor - No Load
Trial: 2
Date: 3-31-2023
Time: 11:47 AM
Ambient Temp: 83
Head Temp: 193.6

------ Microcontroller Engine Governor - Version: 1.16 ------
-------------------------------------------------------------
PID Gains:        Kp: 0.013000   Ki: 0.025000   Kd: 1.000000
-------------------------------------------------------------
Set RPM:             3600    |  Min RPM:                300
                             |
RPM Precision        10       |  PID I Precision:         70
                             |
Start Steps:         850     |  Max Steps:               1200
                             |
RPM Calc Interval:   1       |  Num Magnets:             1
                             |
LCD Update Interval: 400     |  Serial Update Interval:  50
-------------------------------------------------------------

Time,RPM,Steps Remaining, PID p, PID i, PID d, RPM Change, P Cmd, I Cmd, D Cmd
1226,0.00,0,0,0,0,0.00,0,0,0
1276,0.00,0,0,0,0,0.00,0,0,0
1326,0.00,0,0,0,0,0.00,0,0,0
1376,0.00,0,0,0,0,0.00,0,0,0
1426,0.00,0,0,0,0,0.00,0,0,0
1476,0.00,0,0,0,0,0.00,0,0,0
1526,0.00,0,0,0,0,0.00,0,0,0
1576,0.00,0,0,0,0,0.00,0,0,0
1626,0.00,0,0,0,0,0.00,0,0,0
1676,0.00,0,0,0,0,0.00,0,0,0
1726,0.00,0,0,0,0,0.00,0,0,0
1776,0.00,0,0,0,0,0.00,0,0,0
1826,0.00,0,0,0,0,0.00,0,0,0
1876,0.00,0,0,0,0,0.00,0,0,0
1926,0.00,0,0,0,0,0.00,0,0,0
1976,0.00,0,0,0,0,0.00,0,0,0
2026,0.00,0,0,0,0,0.00,0,0,0
2076,0.00,0,0,0,0,0.00,0,0,0
2126,0.00,0,0,0,0,0.00,0,0,0
2176,0.00,0,0,0,0,0.00,0,0,0
2226,0.00,0,0,0,0,0.00,0,0,0
2276,0.00,0,0,0,0,0.00,0,0,0
2326,0.00,0,0,0,0,0.00,0,0,0
2376,0.00,0,0,0,0,0.00,0,0,0
2426,0.00,0,0,0,0,0.00,0,0,0
2476,0.00,0,0,0,0,0.00,0,0,0
2526,0.00,0,0,0,0,0.00,0,0,0
2576,0.00,0,0,0,0,0.00,0,0,0
2626,0.00,0,0,0,0,0.00,0,0,0
2676,0.00,0,0,0,0,0.00,0,0,0
2726,0.00,0,0,0,0,0.00,0,0,0
2776,0.00,0,0,0,0,0.00,0,0,0
2826,0.00,0,0,0,0,0.00,0,0,0
2876,0.00,0,0,0,0,0.00,0,0,0
2926,0.00,0,0,0,0,0.00,0,0,0
2976,0.00,0,0,0,0,0.00,0,0,0
3026,0.00,0,0,0,0,0.00,0,0,0
3076,0.00,0,0,0,0,0.00,0,0,0
3126,0.00,0,0,0,0,0.00,0,0,0
3176,0.00,0,0,0,0,0.00,0,0,0
3226,0.00,0,0,0,0,0.00,0,0,0
3276,0.00,0,0,0,0,0.00,0,0,0
3326,0.00,0,0,0,0,0.00,0,0,0
3376,0.00,0,0,0,0,0.00,0,0,0
3426,0.00,0,0,0,0,0.00,0,0,0
3476,0.00,0,0,0,0,0.00,0,0,0
3526,0.00,0,0,0,0,0.00,0,0,0
3576,0.00,0,0,0,0,0.00,0,0,0
3627,0.00,0,0,0,0,0.00,0,0,0
3677,0.00,0,0,0,0,0.00,0,0,0
3727,0.00,0,0,0,0,0.00,0,0,0
3777,0.00,0,0,0,0,0.00,0,0,0
3827,0.00,0,0,0,0,0.00,0,0,0
3877,0.00,0,0,0,0,0.00,0,0,0
3927,0.00,0,0,0,0,0.00,0,0,0
3977,0.00,0,0,0,0,0.00,0,0,0
4027,0.00,0,0,0,0,0.00,0,0,0
4077,0.00,0,0,0,0,0.00,0,0,0
4127,0.00,0,0,0,0,0.00,0,0,0
4177,0.00,0,0,0,0,0.00,0,0,0
4227,0.00,0,0,0,0,0.00,0,0,0
4277,0.00,0,0,0,0,0.00,0,0,0
4327,0.00,0,0,0,0,0.00,0,0,0
4377,0.00,0,0,0,0,0.00,0,0,0
4427,0.00,0,0,0,0,0.00,0,0,0
4477,0.00,0,0,0,0,0.00,0,0,0
4527,0.00,0,0,0,0,0.00,0,0,0
4577,0.00,0,0,0,0,0.00,0,0,0
4627,0.00,0,0,0,0,0.00,0,0,0
4677,0.00,0,0,0,0,0.00,0,0,0
4727,0.00,0,0,0,0,0.00,0,0,0
4777,0.00,0,0,0,0,0.00,0,0,0
4827,0.00,0,0,0,0,0.00,0,0,0
4877,0.00,0,0,0,0,0.00,0,0,0
4927,0.00,0,0,0,0,0.00,0,0,0
4977,0.00,0,0,0,0,0.00,0,0,0
5027,0.00,0,0,0,0,0.00,0,0,0
5078,0.00,0,0,0,0,0.00,0,0,0
5128,0.00,0,0,0,0,0.00,0,0,0
5178,0.00,0,0,0,0,0.00,0,0,0
5228,0.00,0,0,0,0,0.00,0,0,0
5278,0.00,0,0,0,0,0.00,0,0,0
5328,0.00,0,0,0,0,0.00,0,0,0
5378,0.00,0,0,0,0,0.00,0,0,0
5428,0.00,0,0,0,0,0.00,0,0,0
5478,0.00,0,0,0,0,0.00,0,0,0
5528,0.00,0,0,0,0,0.00,0,0,0
5578,0.00,0,0,0,0,0.00,0,0,0
5628,0.00,0,0,0,0,0.00,0,0,0
5678,0.00,0,0,0,0,0.00,0,0,0
5728,0.00,0,0,0,0,0.00,0,0,0
5778,0.00,0,0,0,0,0.00,0,0,0
5828,0.00,0,0,0,0,0.00,0,0,0
5878,0.00,0,0,0,0,0.00,0,0,0
5928,0.00,0,0,0,0,0.00,0,0,0
5978,0.00,0,0,0,0,0.00,0,0,0
6028,0.00,0,0,0,0,0.00,0,0,0
6078,0.00,0,0,0,0,0.00,0,0,0
6128,0.00,0,0,0,0,0.00,0,0,0
6178,0.00,0,0,0,0,0.00,0,0,0
6228,0.00,0,0,0,0,0.00,0,0,0
6278,0.00,0,0,0,0,0.00,0,0,0
6328,0.00,0,0,0,0,0.00,0,0,0
6378,0.00,0,0,0,0,0.00,0,0,0
6428,0.00,0,0,0,0,0.00,0,0,0
6478,0.00,0,0,0,0,0.00,0,0,0
6528,0.00,0,0,0,0,0.00,0,0,0
6578,0.00,0,0,0,0,0.00,0,0,0
6628,0.00,0,0,0,0,0.00,0,0,0
6678,0.00,0,0,0,0,0.00,0,0,0
6728,0.00,0,0,0,0,0.00,0,0,0
6778,0.00,0,0,0,0,0.00,0,0,0
6828,0.00,0,0,0,0,0.00,0,0,0
6878,0.00,0,0,0,0,0.00,0,0,0
6928,0.00,0,0,0,0,0.00,0,0,0
6978,0.00,0,0,0,0,0.00,0,0,0
7028,0.00,0,0,0,0,0.00,0,0,0
7078,0.00,0,0,0,0,0.00,0,0,0
7128,0.00,0,0,0,0,0.00,0,0,0
7178,0.00,0,0,0,0,0.00,0,0,0
7228,0.00,0,0,0,0,0.00,0,0,0
7278,0.00,0,0,0,0,0.00,0,0,0
7328,0.00,0,0,0,0,0.00,0,0,0
7378,0.00,0,0,0,0,0.00,0,0,0
7428,0.00,0,0,0,0,0.00,0,0,0
7478,0.00,0,0,0,0,0.00,0,0,0
7528,0.00,0,0,0,0,0.00,0,0,0
7578,0.00,0,0,0,0,0.00,0,0,0
7628,0.00,0,0,0,0,0.00,0,0,0
7678,0.00,0,0,0,0,0.00,0,0,0
7728,0.00,0,0,0,0,0.00,0,0,0
7778,0.00,0,0,0,0,0.00,0,0,0
7828,0.00,0,0,0,0,0.00,0,0,0
7878,0.00,0,0,0,0,0.00,0,0,0
7928,0.00,0,0,0,0,0.00,0,0,0
7979,0.00,0,0,0,0,0.00,0,0,0
8029,0.00,0,0,0,0,0.00,0,0,0
8079,0.00,0,0,0,0,0.00,0,0,0
8129,0.00,0,0,0,0,0.00,0,0,0
8179,0.00,0,0,0,0,0.00,0,0,0
8229,0.00,0,0,0,0,0.00,0,0,0
8279,0.00,0,0,0,0,0.00,0,0,0
8329,0.00,0,0,0,0,0.00,0,0,0
8379,0.00,0,0,0,0,0.00,0,0,0
8429,0.00,0,0,0,0,0.00,0,0,0
8479,0.00,0,0,0,0,0.00,0,0,0
8529,0.00,0,0,0,0,0.00,0,0,0
8579,0.00,0,0,0,0,0.00,0,0,0
8629,0.00,0,0,0,0,0.00,0,0,0
8679,0.00,0,0,0,0,0.00,0,0,0
8729,0.00,0,0,0,0,0.00,0,0,0
8779,0.00,0,0,0,0,0.00,0,0,0
8829,0.00,0,0,0,0,0.00,0,0,0
8879,0.00,0,0,0,0,0.00,0,0,0
8929,0.00,0,0,0,0,0.00,0,0,0
8979,0.00,0,0,0,0,0.00,0,0,0
9029,0.00,0,0,0,0,0.00,0,0,0
9079,0.00,0,0,0,0,0.00,0,0,0
9129,0.00,0,0,0,0,0.00,0,0,0
9179,0.00,0,0,0,0,0.00,0,0,0
9229,0.00,0,0,0,0,0.00,0,0,0
9279,0.00,0,0,0,0,0.00,0,0,0
9329,0.00,0,0,0,0,0.00,0,0,0
9379,0.00,0,0,0,0,0.00,0,0,0
9430,0.00,0,0,0,0,0.00,0,0,0
9480,0.00,0,0,0,0,0.00,0,0,0
9530,0.00,0,0,0,0,0.00,0,0,0
9580,0.00,0,0,0,0,0.00,0,0,0
9630,0.00,0,0,0,0,0.00,0,0,0
9680,0.00,0,0,0,0,0.00,0,0,0
9730,0.00,0,0,0,0,0.00,0,0,0
9780,0.00,0,0,0,0,0.00,0,0,0
9830,0.00,0,0,0,0,0.00,0,0,0
9880,0.00,0,0,0,0,0.00,0,0,0
9930,0.00,0,0,0,0,0.00,0,0,0
9980,0.00,0,0,0,0,0.00,0,0,0
10030,0.00,0,0,0,0,0.00,0,0,0
10080,inf,0,0,0,0,inf,0,0,0
10130,inf,0,0,0,0,inf,0,0,0
10180,429.53,40,41,0,0,inf,41,0,0
10230,429.53,0,41,0,0,inf,41,0,0
10280,429.53,0,41,0,0,inf,41,0,0
10330,558.66,0,39,0,-1,-129.13,80,0,1
10380,981.68,0,34,0,-6,-423.02,114,0,7
10430,1002.41,10,33,0,0,-20.73,147,0,7
10480,1468.57,0,27,0,-11,-466.17,174,0,18
10530,1794.26,7,23,0,-8,-295.16,224,0,26
10580,1808.54,0,23,0,0,-14.28,247,0,26
10630,2097.02,2,19,0,0,-16.87,285,0,35
10680,2349.62,0,16,0,0,-17.53,317,0,44
10730,2593.36,0,13,0,0,1.35,343,0,54
10780,3044.45,0,7,0,-10,-219.06,369,0,75
10830,3229.97,3,4,0,0,6.27,384,0,84
10880,3411.42,0,2,0,0,10.90,388,0,97
10930,3716.55,0,-1,0,0,-146.82,389,0,100
10980,3985.12,-33,-5,0,-29,-439.86,397,1,144
11030,3686.41,0,-1,0,0,69.22,401,1,144
11080,3636.36,0,0,0,0,13.27,402,2,144
11130,3573.98,0,0,0,0,25.73,402,2,144
11180,3620.56,0,0,0,0,-61.85,402,4,144
11230,3649.63,0,0,-1,0,28.64,403,5,144
11280,3711.03,0,-1,0,0,-39.96,405,5,144
11330,3683.69,0,-1,0,0,31.94,408,5,144
11380,3624.94,0,0,0,0,34.49,409,6,144
11430,3556.19,0,0,1,0,20.35,409,7,144
11480,3617.94,0,0,0,0,-44.81,409,7,144
11530,3635.48,0,0,0,0,33.79,409,8,144
11580,3678.27,0,-1,0,0,-17.95,411,9,144
11630,3659.43,0,0,-1,0,29.70,412,11,144
11680,3633.72,0,0,0,0,1.76,412,12,144
11730,3600.58,0,0,0,0,-29.71,412,12,144
11780,3644.31,0,0,-1,0,-42.87,412,13,144
11830,3637.25,0,0,0,0,16.83,412,14,144
11880,3668.38,0,0,-1,0,-21.41,412,17,144
11930,3636.36,0,0,0,0,31.12,412,19,144
11980,3622.31,0,0,0,0,4.38,412,20,144
12030,3614.46,0,0,0,0,28.97,412,21,144
12080,3654.08,0,0,-1,0,-17.72,412,23,144
12130,3624.94,0,0,0,0,39.85,412,24,144
12180,3665.69,0,0,-1,0,-39.87,412,26,144
12230,3624.94,0,0,0,0,39.85,412,27,144
12280,3597.98,0,0,0,0,19.82,412,27,144
12331,3602.31,0,0,0,0,-42.61,412,27,144
12381,3664.79,0,0,-1,0,-38.98,412,29,144
12431,3659.43,0,0,-1,0,19.75,413,31,144
12481,3689.13,0,-1,0,0,-28.81,415,32,144
12531,3615.33,0,0,0,0,34.31,415,34,144
12581,3642.54,0,0,-1,0,-21.11,415,36,144
12631,3625.82,0,0,0,0,21.16,415,37,144
12681,3642.54,0,0,-1,0,-10.58,415,39,144
12731,3580.81,0,0,0,0,14.59,415,39,144
12781,3635.48,0,0,0,0,-34.91,415,39,144
12831,3636.36,0,0,0,0,30.22,415,40,144
12881,3545.26,0,0,1,0,291.06,419,41,163
12931,3545.26,0,0,1,0,637.67,428,42,213
12981,3680.98,0,-1,0,0,-135.72,438,43,268
13031,3624.06,0,0,0,0,-30.39,438,43,268
13081,3615.33,0,0,0,0,26.33,438,44,268
13131,3644.31,0,0,-1,0,-7.95,438,46,268
13181,3637.25,0,0,0,0,16.83,438,47,268
13231,3664.79,0,0,-1,0,-28.43,438,49,268
13281,3624.94,0,0,0,0,21.15,438,51,268
13331,3609.24,0,0,0,0,0.00,438,51,268
13381,3625.82,0,0,0,0,29.16,438,52,268
13431,3643.43,0,0,-1,0,-7.95,438,54,268
13481,3625.82,0,0,0,0,28.26,438,55,268
13531,3644.31,0,0,-1,0,-18.50,438,57,268
13581,3625.82,0,0,0,0,29.16,438,58,268
13631,3663.90,0,0,-1,0,-28.42,438,60,268
13681,3636.36,0,0,0,0,21.28,438,62,268
13731,3644.31,0,0,-1,0,-7.95,438,64,268
13782,3636.36,0,0,0,0,7.07,438,65,268
13832,3643.43,0,0,-1,0,-6.18,438,67,268
13882,3625.82,0,0,0,0,17.61,438,68,268
13932,3654.97,0,0,-1,0,-30.91,438,70,268
13982,3616.20,0,0,0,0,37.88,438,71,268
14032,3643.43,0,0,-1,0,-32.45,438,72,268
14082,3625.82,0,0,0,0,18.50,438,73,268
14132,3644.31,0,0,-1,0,-18.50,438,75,268
14182,3576.54,0,0,0,0,25.77,438,75,268
14232,3649.63,0,0,-1,0,-58.54,438,76,268
14282,3646.97,0,0,-1,0,17.82,438,78,268
14332,3667.48,0,0,-1,0,-20.51,438,81,268
14382,3649.63,0,0,-1,0,28.64,439,83,268
14432,3654.08,0,0,-1,0,-15.07,440,84,268
14482,3615.33,0,0,0,0,28.99,440,85,268
14532,3643.43,0,0,-1,0,-28.97,440,87,268
14582,3615.33,0,0,0,0,28.99,440,88,268
14632,3623.19,0,0,0,0,-10.47,440,88,268
14682,3612.72,0,0,0,0,21.88,440,88,268
14732,3664.79,0,0,-1,0,-38.98,440,90,268
14782,3637.25,0,0,0,0,40.13,441,90,268
14832,3656.75,0,0,-1,0,-4.45,441,92,268
14882,3636.36,0,0,0,0,15.94,441,93,268
14932,3625.82,0,0,0,0,19.38,441,94,268
14982,3614.46,0,0,0,0,118.74,442,94,271
15032,3643.43,0,0,-1,0,-27.23,442,96,271
15082,3613.59,0,0,0,0,100.20,443,96,271
15132,3543.59,0,0,1,0,267.39,446,97,293
15182,3544.42,0,0,1,0,435.41,451,98,327
15232,3545.26,0,0,1,0,569.97,460,99,389
15282,3544.42,0,0,1,0,281.13,464,100,415
15332,3546.10,0,0,1,0,314.90,469,101,443
15383,3793.63,-1,-2,0,0,-250.04,478,102,486
15433,3671.07,0,0,0,0,18.06,479,103,486
15483,3657.64,0,0,-1,0,2.68,480,105,486
15533,3613.59,0,0,0,0,9.60,480,105,486
15583,3634.60,0,0,0,0,-34.03,480,105,486
15633,3610.98,0,0,0,0,21.86,480,105,486
15683,3644.31,0,0,-1,0,-42.01,480,106,486
15733,3625.82,0,0,0,0,18.50,480,107,486
15783,3665.69,0,0,-1,0,-40.75,480,109,486
15833,3625.82,0,0,0,0,28.26,480,110,486
15883,3667.48,0,0,-1,0,-20.51,480,113,486
15933,3614.46,0,0,0,0,28.97,480,114,486
15983,3633.72,0,0,0,0,-7.91,480,115,486
16033,3602.31,0,0,0,0,-10.46,480,115,486
16083,3644.31,0,0,-1,0,-42.87,480,116,486
16133,3625.82,0,0,0,0,18.50,480,117,486
16183,3675.57,0,0,0,0,-41.85,480,118,486
16233,3625.82,0,0,0,0,30.94,480,120,486
16283,3654.97,0,0,-1,0,-18.61,480,122,486
16333,3636.36,0,0,0,0,19.50,480,124,486
16384,3643.43,0,0,-1,0,-29.84,480,125,486
16434,3616.20,0,0,0,0,27.23,480,126,486
16484,3631.96,0,0,0,0,-19.24,480,126,486
16534,3602.31,0,0,0,0,-22.74,480,126,486
16584,3632.84,0,0,0,0,-20.99,480,126,486
16634,3624.06,0,0,0,0,20.25,480,127,486
16684,3654.08,0,0,-1,0,-28.26,480,129,486
16734,3624.94,0,0,0,0,39.85,480,130,486
16784,3644.31,0,0,-1,0,-7.95,480,132,486
16834,3615.33,0,0,0,0,28.10,480,133,486
16884,3622.31,0,0,0,0,-6.98,480,134,486
16934,3611.85,0,0,0,0,22.75,480,134,486
16984,3654.97,0,0,-1,0,-39.64,480,136,486
17034,3635.48,0,0,0,0,40.09,480,136,486
17084,3654.08,0,0,-1,0,-16.83,480,138,486
17134,3636.36,0,0,0,0,16.83,480,139,486
17184,3601.44,0,0,0,0,30.76,480,140,486
17234,3557.03,0,0,1,0,31.49,480,141,486
17284,3640.78,0,0,-1,0,-43.65,480,142,486
17334,3636.36,0,0,0,0,28.43,480,143,486
17384,3699.14,0,-1,0,0,-49.50,481,144,486
17434,3660.32,0,0,-1,0,17.95,482,146,486
17484,3545.26,0,0,1,0,306.82,486,147,508
17534,3545.26,0,0,1,0,376.31,492,148,539
17584,3545.26,0,0,1,0,390.71,498,149,576
17634,3604.04,0,-1,0,0,-182.73,499,149,576
17684,3651.41,0,0,-1,0,132.64,502,150,576
17734,3546.10,0,0,1,0,387.81,508,151,612
17784,3881.99,-32,-3,0,-30,-454.98,522,151,691
17835,3546.10,0,0,1,0,271.67,525,152,715
17885,3625.82,0,0,0,0,21.16,526,153,718
17935,3622.31,0,0,0,0,-6.98,526,154,718
17985,3602.31,0,0,0,0,-23.50,526,154,718
18035,3622.31,0,0,0,0,-9.60,526,154,718
18085,3602.31,0,0,0,0,-24.25,526,154,718
18135,3654.08,0,0,-1,0,-41.36,526,155,718
18185,3624.94,0,0,0,0,30.03,526,156,718
18235,3635.48,0,0,0,0,11.49,526,158,718
18285,3600.58,0,0,0,0,-8.73,526,158,718
18335,3644.31,0,0,-1,0,-32.47,526,159,718
18385,3625.82,0,0,0,0,17.61,526,160,718
18435,3644.31,0,0,-1,0,-22.00,526,161,718
18485,3625.82,0,0,0,0,18.50,526,162,718
18535,3644.31,0,0,-1,0,-18.50,526,164,718
18585,3636.36,0,0,0,0,17.72,526,165,718
18635,3643.43,0,0,-1,0,-17.61,526,167,718
18685,3625.82,0,0,0,0,17.61,526,168,718
18735,3632.84,0,0,0,0,-17.51,526,169,718
18785,3615.33,0,0,0,0,28.99,526,170,718
18835,3623.19,0,0,0,0,-1.75,526,170,718
18885,3615.33,0,0,0,0,28.99,526,171,718
18935,3623.19,0,0,0,0,2.63,526,172,718
18985,3591.95,0,0,0,0,-13.04,526,172,718
19035,3644.31,0,0,-1,0,-31.60,526,173,718
19085,3625.82,0,0,0,0,29.16,526,174,718
19135,3652.30,0,0,-1,0,-36.97,526,176,718
19185,3635.48,0,0,0,0,29.31,526,177,718
19235,3654.97,0,0,-1,0,-29.16,526,179,718
19286,3602.31,0,0,0,0,-4.39,526,179,718
19336,3632.84,0,0,0,0,-21.86,526,179,718
19386,3625.82,0,0,0,0,18.50,526,180,718
19436,3643.43,0,0,-1,0,-18.49,526,182,718
19486,3622.31,0,0,0,0,10.53,526,182,718
19536,3633.72,0,0,0,0,-7.03,526,183,718
19586,3610.98,0,0,0,0,22.74,526,183,718
19636,3654.08,0,0,-1,0,-41.36,526,184,718
19686,3625.82,0,0,0,0,29.16,526,185,718
19736,3644.31,0,0,-1,0,-7.95,526,187,718
19786,3611.85,0,0,0,0,21.87,526,187,718
19836,3635.48,0,0,0,0,-33.18,526,187,718
19886,3615.33,0,0,0,0,28.10,526,188,718
19936,3623.19,0,0,0,0,-7.86,526,189,718
19986,3622.31,0,0,0,0,11.41,526,189,718
20036,3654.97,0,0,-1,0,-29.16,526,191,718
20086,3615.33,0,0,0,0,36.97,526,192,718
20136,3644.31,0,0,-1,0,-20.25,526,193,718
20186,3636.36,0,0,0,0,16.83,526,194,718
20236,3612.72,0,0,0,0,2.61,526,194,718
20286,3612.72,0,0,0,0,21.00,526,194,718
20336,3631.96,0,0,0,0,-15.76,526,194,718
20386,3611.85,0,0,0,0,25.40,526,194,718
20436,3654.08,0,0,-1,0,-31.77,526,195,718
20486,3630.20,0,0,0,0,164.38,529,195,718
20536,3636.36,0,0,0,0,27.53,529,196,718
20586,3619.69,0,0,0,0,145.37,532,196,718
20636,3545.26,0,0,1,0,313.76,537,197,747
20686,3545.26,0,0,1,0,400.03,543,198,779
20736,3544.42,0,0,1,0,523.92,552,199,826
20786,3545.26,0,0,1,0,396.92,557,200,857
20836,3544.42,0,0,1,0,446.00,565,201,902
20886,3735.06,-2,-1,0,-2,-189.80,575,202,971
20936,3615.33,0,0,0,0,27.22,575,203,971
20986,3643.43,0,0,-1,0,-30.71,575,204,971
21036,3612.72,0,0,0,0,22.77,575,204,971
21086,3643.43,0,0,-1,0,-32.45,575,205,971
21136,3625.82,0,0,0,0,28.26,575,206,971
21186,3643.43,0,0,-1,0,-18.49,575,208,971
21236,3625.82,0,0,0,0,18.50,575,209,971
21286,3654.08,0,0,-1,0,-39.62,575,211,971
21336,3615.33,0,0,0,0,39.64,575,212,971
21386,3617.94,0,0,0,0,-15.64,575,212,971
21436,3602.31,0,0,0,0,-45.25,575,212,971
21486,3652.30,0,0,-1,0,-50.00,575,213,971
21536,3635.48,0,0,0,0,8.83,575,214,971
21586,3654.97,0,0,-1,0,-18.61,575,216,971
21636,3635.48,0,0,0,0,18.60,575,217,971
21686,3643.43,0,0,-1,0,-27.23,575,219,971
21736,3602.31,0,0,0,0,-3.50,575,219,971
21786,3626.69,0,0,0,0,-25.25,575,219,971
21836,3613.59,0,0,0,0,33.39,575,220,971
21886,3654.08,0,0,-1,0,-38.75,575,222,971
21936,3625.82,0,0,0,0,17.61,575,223,971
21986,3643.43,0,0,-1,0,-30.71,575,224,971
22036,3615.33,0,0,0,0,28.10,575,225,971
22086,3631.96,0,0,0,0,-19.24,575,225,971
22136,3615.33,0,0,0,0,28.10,575,226,971
22187,3654.08,0,0,-1,0,-30.89,575,227,971
22237,3611.85,0,0,0,0,22.75,575,227,971
22287,3632.84,0,0,0,0,-17.51,575,228,971
22337,3601.44,0,0,0,0,-33.14,575,228,971
22387,3632.84,0,0,0,0,-42.61,575,228,971
22437,3625.82,0,0,0,0,18.50,575,229,971
22487,3623.19,0,0,0,0,0.88,575,230,971
22537,3610.98,0,0,0,0,24.50,575,230,971
22587,3644.31,0,0,-1,0,-22.00,575,231,971
22637,3653.19,0,0,-1,0,-30.00,575,232,971
22687,3618.82,0,0,0,0,-36.30,575,232,971
22737,3604.04,0,0,-1,0,-50.57,575,233,971
22787,3664.79,0,0,-1,0,-38.98,575,235,971
22837,3626.69,0,0,0,0,30.06,575,237,971
22887,3624.94,0,0,0,0,-32.99,575,237,971
22937,3615.33,0,0,0,0,26.33,575,238,971
22987,3654.08,0,0,-1,0,-18.60,575,240,971
23037,3646.09,0,0,-1,0,10.67,575,243,971
23087,3636.36,0,0,0,0,10.61,575,245,971
23137,3603.17,0,0,-1,0,-30.71,575,246,971
23187,3643.43,0,0,-1,0,-38.53,575,248,971
23237,3615.33,0,0,0,0,38.75,575,249,971
23287,3635.48,0,0,0,0,-33.18,575,249,971
23337,3622.31,0,0,0,0,11.41,575,249,971
23387,3643.43,0,0,-1,0,-18.49,575,251,971
23437,3635.48,0,0,0,0,19.49,575,252,971
23487,3643.43,0,0,-1,0,-28.97,575,254,971
23537,3604.04,0,0,-1,0,-16.72,575,255,971
23587,3606.64,0,0,0,0,30.01,575,255,971
23638,3600.58,0,0,0,0,-32.99,575,255,971
23688,3654.08,0,0,-1,0,-27.39,575,257,971
23738,3646.97,0,0,-1,0,26.80,575,258,971
23788,3640.78,0,0,-1,0,84.08,576,259,971
23838,3362.47,0,3,0,0,492.58,584,259,998
23888,3545.26,0,0,1,0,407.31,588,260,1028
23938,3544.42,0,0,1,0,541.66,597,261,1088
23988,3545.26,0,0,1,0,333.71,601,262,1116
24038,3546.10,0,0,1,0,398.16,607,263,1151
24088,3544.42,0,0,1,0,469.49,615,264,1198
24138,3887.02,-24,-3,0,-22,-340.92,625,265,1274
24188,3545.26,0,0,1,0,311.77,630,266,1301
24238,3654.97,0,0,-1,0,-22.13,631,267,1303
24288,3625.82,0,0,0,0,18.50,631,268,1303
24338,3612.72,0,0,0,0,13.10,631,269,1303
24388,3602.31,0,0,0,0,-41.75,631,269,1303
24438,3664.79,0,0,-1,0,-49.46,631,271,1303
24488,3591.95,0,0,0,0,16.61,631,271,1303
24538,3652.30,0,0,-1,0,-50.00,631,272,1303
24588,3624.06,0,0,0,0,30.02,631,273,1303
24638,3621.44,0,0,0,0,-19.13,631,273,1303
24688,3625.82,0,0,0,0,27.37,631,274,1303
24738,3654.97,0,0,-1,0,-29.16,631,276,1303
24788,3615.33,0,0,0,0,28.99,631,277,1303
24838,3643.43,0,0,-1,0,-17.61,631,279,1303
24888,3615.33,0,0,0,0,38.75,631,280,1303
24938,3622.31,0,0,0,0,-9.60,631,280,1303
24988,3616.20,0,0,0,0,27.23,631,281,1303
25038,3613.59,0,0,0,0,0.00,631,281,1303
25088,3624.06,0,0,0,0,22.91,631,283,1303
25138,3654.08,0,0,-1,0,-28.26,631,285,1303
25188,3636.36,0,0,0,0,20.39,631,287,1303
25238,3633.72,0,0,0,0,0.88,631,288,1303
25288,3625.82,0,0,0,0,17.61,631,289,1303
25338,3632.84,0,0,0,0,-7.90,631,290,1303
25388,3611.85,0,0,0,0,21.87,631,290,1303
25438,3643.43,0,0,-1,0,-30.71,631,291,1303
25488,3611.85,0,0,0,0,20.99,631,291,1303
25538,3643.43,0,0,-1,0,-17.61,631,293,1303
25588,3602.31,0,0,0,0,-5.24,631,293,1303
25638,3633.72,0,0,0,0,-22.74,631,293,1303
25688,3615.33,0,0,0,0,28.99,631,294,1303
25738,3644.31,0,0,-1,0,-7.95,631,296,1303
25788,3625.82,0,0,0,0,18.50,631,297,1303
25838,3632.84,0,0,0,0,-40.89,631,297,1303
25888,3622.31,0,0,0,0,10.53,631,297,1303
25938,3654.97,0,0,-1,0,-29.16,631,299,1303
25988,3615.33,0,0,0,0,28.99,631,300,1303
26038,3621.44,0,0,0,0,0.87,631,300,1303
26088,3623.19,0,0,0,0,9.65,631,300,1303
26138,3643.43,0,0,-1,0,-29.84,631,302,1303
26188,3615.33,0,0,0,0,28.10,631,303,1303
26238,3654.97,0,0,-1,0,-30.91,631,305,1303
26288,3629.32,0,0,0,0,84.47,632,305,1303
26338,3654.97,0,0,-1,0,-30.91,632,307,1303
26388,3616.20,0,0,0,0,37.88,632,308,1303
26438,3643.43,0,0,-1,0,-32.45,632,309,1303
26488,3626.69,0,0,0,0,16.74,632,310,1303
26539,3602.31,0,0,0,0,19.24,632,310,1303
26589,3593.67,0,0,0,0,24.06,632,310,1303
26639,3664.79,0,0,-1,0,-52.08,632,311,1303
26689,3646.97,0,0,-1,0,12.46,632,313,1303
26739,3667.48,0,0,-1,0,-20.51,632,316,1303
26789,3604.90,0,0,-1,0,-48.50,632,317,1303
26839,3649.63,0,0,-1,0,74.30,633,319,1307
26889,3615.33,0,0,0,0,40.53,633,320,1307
26939,3650.52,0,0,-1,0,54.09,634,321,1307
26989,3545.26,0,0,1,0,294.98,638,322,1332
27039,3545.26,0,0,1,0,424.04,644,323,1368
27089,3639.89,0,0,0,0,121.39,653,323,1418
27139,3643.43,0,0,-1,0,-10.59,653,324,1418
27190,3827.51,-17,-2,0,-16,-282.25,663,325,1498
27240,3545.26,0,0,1,0,290.08,668,326,1522
27290,3644.31,0,0,-1,0,-34.21,669,327,1524
27340,3615.33,0,0,0,0,28.99,669,328,1524
27390,3617.94,0,0,0,0,-15.64,669,328,1524
27440,3602.31,0,0,0,0,-50.49,669,328,1524
27490,3654.08,0,0,-1,0,-27.39,669,330,1524
27540,3635.48,0,0,0,0,29.31,669,331,1524
27590,3668.38,0,0,-1,0,-22.29,669,333,1524
27640,3635.48,0,0,0,0,18.60,669,334,1524
27691,3643.43,0,0,-1,0,-20.24,669,335,1524
27741,3610.98,0,0,0,0,24.50,669,335,1524
27791,3614.46,0,0,0,0,-21.64,669,335,1524
27841,3601.44,0,0,0,0,-16.48,669,335,1524
27891,3664.79,0,0,-1,0,-38.10,669,337,1524
27941,3646.09,0,0,-1,0,28.58,669,338,1524
27991,3657.64,0,0,-1,0,-11.56,669,340,1524
28041,3625.82,0,0,0,0,28.26,669,341,1524
28091,3632.84,0,0,0,0,-17.51,669,342,1524
28141,3615.33,0,0,0,0,28.99,669,343,1524
28191,3635.48,0,0,0,0,-34.91,669,343,1524
28241,3610.98,0,0,0,0,24.50,669,343,1524
28291,3633.72,0,0,0,0,-17.52,669,344,1524
28341,3592.81,0,0,0,0,-17.52,669,344,1524
28391,3643.43,0,0,-1,0,-41.99,669,345,1524
28441,3625.82,0,0,0,0,38.08,669,346,1524
28491,3664.79,0,0,-1,0,-40.73,669,348,1524
28541,3636.36,0,0,0,0,28.43,669,349,1524
28591,3654.08,0,0,-1,0,-17.72,669,351,1524
28641,3625.82,0,0,0,0,29.16,669,352,1524
28691,3618.82,0,0,0,0,-33.73,669,352,1524
28741,3610.98,0,0,0,0,13.09,669,352,1524
28791,3632.84,0,0,0,0,-7.03,669,353,1524
28841,3624.94,0,0,0,0,29.14,669,354,1524
28891,3654.08,0,0,-1,0,-17.72,669,356,1524
28941,3620.56,0,0,0,0,13.16,669,356,1524
28991,3643.43,0,0,-1,0,-27.23,669,358,1524
29041,3591.95,0,0,0,0,7.89,669,358,1524
29091,3642.54,0,0,-1,0,-50.59,669,359,1524
29142,3625.82,0,0,0,0,18.50,669,360,1524
29192,3654.08,0,0,-1,0,-29.14,669,362,1524
29242,3611.85,0,0,0,0,26.28,669,362,1524
29292,3643.43,0,0,-1,0,-28.97,669,364,1524
29342,3624.06,0,0,0,0,29.13,669,365,1524
29392,3664.79,0,0,-1,0,-38.98,669,367,1524
29442,3630.20,0,0,0,0,150.04,672,367,1524
29492,3646.97,0,0,-1,0,-5.31,672,369,1524
29542,3631.08,0,0,0,0,127.37,674,370,1524
29592,3546.10,0,0,1,0,369.33,680,371,1557
29642,3544.42,0,0,1,0,491.09,687,372,1604
29692,3653.19,0,0,-1,0,112.82,696,373,1658
29742,3604.04,0,0,-1,0,11.53,696,374,1658
29793,3736.92,-2,-1,0,-2,-192.50,706,375,1724
29843,3644.31,0,0,-1,0,-8.83,706,377,1724
29893,3595.40,0,0,0,0,14.11,706,377,1724
29943,3643.43,0,0,-1,0,-41.12,706,378,1724
29993,3625.82,0,0,0,0,17.61,706,379,1724
30043,3654.08,0,0,-1,0,-37.88,706,381,1724
30093,3625.82,0,0,0,0,18.50,706,382,1724
30143,3665.69,0,0,-1,0,-30.21,706,384,1724
30193,3625.82,0,0,0,0,38.98,706,385,1724
30243,3654.97,0,0,-1,0,-18.61,706,387,1724
30294,3625.82,0,0,0,0,16.73,706,388,1724
30344,3624.94,0,0,0,0,-23.50,706,388,1724
30394,3602.31,0,0,0,0,-24.35,706,388,1724
30444,3643.43,0,0,-1,0,-30.71,706,389,1724
30494,3613.59,0,0,0,0,29.84,706,390,1724
30544,3654.97,0,0,-1,0,-18.61,706,392,1724
30594,3636.36,0,0,0,0,17.72,706,393,1724
30644,3654.08,0,0,-1,0,-28.26,706,395,1724
30694,3585.94,0,0,0,0,57.49,706,396,1724
30744,3644.31,0,0,-1,0,-39.41,706,398,1724
30794,3624.94,0,0,0,0,18.49,706,399,1724
30844,3644.31,0,0,-1,0,-28.99,706,401,1724
30894,3584.23,0,0,0,0,16.35,706,401,1724
30944,3634.60,0,0,0,0,-34.03,706,401,1724
30994,3624.94,0,0,0,0,18.49,706,402,1724
31044,3668.38,0,0,-1,0,-22.29,706,405,1724
31094,3635.48,0,0,0,0,32.00,706,407,1724
31144,3621.44,0,0,0,0,4.38,706,408,1724
31194,3602.31,0,0,0,0,-40.03,706,408,1724
31244,3632.84,0,0,0,0,-17.51,706,409,1724
31294,3602.31,0,0,0,0,-13.08,706,409,1724
31344,3654.08,0,0,-1,0,-41.36,706,410,1724
31394,3625.82,0,0,0,0,28.26,706,411,1724
31444,3644.31,0,0,-1,0,-22.00,706,412,1724
31494,3615.33,0,0,0,0,28.10,706,413,1724
31544,3618.82,0,0,0,0,-35.44,706,413,1724
31594,3624.94,0,0,0,0,27.36,706,414,1724
31644,3654.97,0,0,-1,0,-19.49,706,416,1724
31694,3625.82,0,0,0,0,28.26,706,417,1724
31744,3664.79,0,0,-1,0,-29.31,706,419,1724
31794,3624.94,0,0,0,0,40.75,706,420,1724
31844,3611.85,0,0,0,0,13.97,706,421,1724
31894,3600.58,0,0,0,0,-32.99,706,421,1724
31944,3654.08,0,0,-1,0,72.63,707,423,1726
31994,3622.31,0,0,0,0,13.17,707,423,1726
32044,3632.84,0,0,0,0,-14.90,707,423,1726
32094,3604.04,0,0,-1,0,-47.26,707,424,1726
32144,3644.31,0,0,-1,0,-42.87,707,425,1726
32194,3636.36,0,0,0,0,23.07,707,426,1726
32244,3661.22,0,0,-1,0,56.26,708,427,1726
32294,3544.42,0,0,1,0,298.77,713,428,1752
32344,3545.26,0,0,1,0,351.86,718,429,1781
32394,3616.20,0,0,0,0,124.45,719,429,1781
32444,3544.42,0,0,1,0,284.06,722,430,1805
32494,3545.26,0,0,1,0,334.72,726,431,1833
32544,3545.26,0,0,1,0,424.04,732,432,1868
32594,3746.25,-1,-1,0,-1,-200.15,743,433,1935
32644,3654.97,0,0,-1,0,-31.78,743,434,1935
32694,3653.19,0,0,-1,0,112.82,753,435,2006
32744,3605.77,0,0,-1,0,-22.86,753,436,2006
32794,3635.48,0,0,0,0,-33.18,753,436,2006
32844,3615.33,0,0,0,0,28.99,753,437,2006
32894,3632.84,0,0,0,0,-7.03,753,438,2006
32944,3615.33,0,0,0,0,28.99,753,439,2006
32994,3643.43,0,0,-1,0,-17.61,753,441,2006
33044,3625.82,0,0,0,0,18.50,753,442,2006
33094,3622.31,0,0,0,0,-9.60,753,442,2006
33144,3612.72,0,0,0,0,26.29,753,442,2006
33195,3621.44,0,0,0,0,-8.72,753,442,2006
33245,3625.82,0,0,0,0,17.61,753,443,2006
33295,3664.79,0,0,-1,0,-39.85,753,445,2006
33345,3625.82,0,0,0,0,30.94,753,447,2006
33395,3623.19,0,0,0,0,-10.47,753,447,2006
33445,3603.17,0,0,-1,0,-41.93,753,448,2006
33495,3644.31,0,0,-1,0,-28.99,753,450,2006
33545,3592.81,0,0,0,0,-19.20,753,450,2006
33595,3661.22,0,0,-1,0,-56.31,753,452,2006
33645,3625.82,0,0,0,0,29.16,753,453,2006
33695,3644.31,0,0,-1,0,-18.50,753,455,2006
33745,3615.33,0,0,0,0,28.10,753,456,2006
33795,3643.43,0,0,-1,0,-7.07,753,458,2006
33845,3582.52,0,0,0,0,11.16,753,458,2006
33895,3632.84,0,0,0,0,-40.89,753,458,2006
33945,3626.69,0,0,0,0,19.39,753,459,2006
33995,3654.97,0,0,-1,0,-29.16,753,461,2006
34045,3636.36,0,0,0,0,17.72,753,462,2006
34095,3644.31,0,0,-1,0,-18.50,753,464,2006
34145,3615.33,0,0,0,0,37.86,753,465,2006
34195,3643.43,0,0,-1,0,-30.71,753,466,2006
34245,3622.31,0,0,0,0,11.41,753,466,2006
34295,3633.72,0,0,0,0,-21.87,753,466,2006
34345,3655.86,0,0,-1,0,-46.62,753,467,2006
34395,3632.84,0,0,0,0,-9.65,753,467,2006
34445,3621.44,0,0,0,0,11.40,753,467,2006
34495,3632.84,0,0,0,0,-20.12,753,467,2006
34545,3623.19,0,0,0,0,12.29,753,467,2006
34595,3643.43,0,0,-1,0,-28.10,753,469,2006
34646,3625.82,0,0,0,0,17.61,753,470,2006
34696,3644.31,0,0,-1,0,-28.99,753,472,2006
34746,3625.82,0,0,0,0,28.26,753,473,2006
34796,3654.08,0,0,-1,0,-41.36,753,474,2006
34846,3625.82,0,0,0,0,18.50,753,475,2006
34896,3643.43,0,0,-1,0,-21.99,753,476,2006
34946,3624.94,0,0,0,0,22.92,753,477,2006
34996,3654.08,0,0,-1,0,-17.72,753,479,2006
35046,3625.82,0,0,0,0,19.38,753,480,2006
35096,3601.44,0,0,0,0,23.72,753,481,2006
35146,3595.40,0,0,0,0,12.92,753,481,2006
35196,3664.79,0,0,-1,0,-51.21,753,483,2006
35246,3638.13,0,0,0,0,48.28,754,483,2006
35296,3678.27,0,-1,0,0,-27.75,755,485,2006
35346,3544.42,0,0,1,0,271.40,758,486,2026
35396,3545.26,0,0,1,0,395.88,763,487,2058
35447,3725.78,-3,-1,0,-3,-181.36,773,488,2111
35497,3602.31,0,0,0,0,7.85,773,488,2111
35547,3644.31,0,0,-1,0,-41.14,773,489,2111
35597,3614.46,0,0,0,0,37.84,773,490,2111
35647,3632.84,0,0,0,0,-40.89,773,490,2111
35697,3615.33,0,0,0,0,37.86,773,491,2111
35747,3643.43,0,0,-1,0,-28.10,773,493,2111
35798,3625.82,0,0,0,0,38.98,773,494,2111
35848,3656.75,0,0,-1,0,-9.78,773,497,2111
35898,3625.82,0,0,0,0,39.87,773,498,2111
35948,3665.69,0,0,-1,0,-29.33,773,500,2111
35998,3635.48,0,0,0,0,18.60,773,501,2111
36048,3623.19,0,0,0,0,-10.47,773,501,2111
36098,3591.95,0,0,0,0,-26.94,773,501,2111
36148,3643.43,0,0,-1,0,-31.58,773,502,2111
36198,3625.82,0,0,0,0,29.16,773,503,2111
36248,3654.97,0,0,-1,0,-30.91,773,505,2111
36298,3622.31,0,0,0,0,11.41,773,505,2111
36348,3654.08,0,0,-1,0,-30.89,773,506,2111
36398,3636.36,0,0,0,0,17.72,773,507,2111
36448,3633.72,0,0,0,0,-8.78,773,508,2111
36498,3615.33,0,0,0,0,28.10,773,509,2111
36548,3633.72,0,0,0,0,-21.00,773,509,2111
36598,3613.59,0,0,0,0,30.73,773,510,2111
36648,3644.31,0,0,-1,0,-18.50,773,512,2111
36698,3614.46,0,0,0,0,28.97,773,513,2111
36748,3624.06,0,0,0,0,-32.11,773,513,2111
36798,3615.33,0,0,0,0,28.99,773,514,2111
36848,3665.69,0,0,-1,0,-29.33,773,516,2111
36898,3636.36,0,0,0,0,17.72,773,517,2111
36948,3654.08,0,0,-1,0,-17.72,773,519,2111
36998,3624.94,0,0,0,0,19.38,773,520,2111
37048,3643.43,0,0,-1,0,-28.10,773,522,2111
37098,3611.85,0,0,0,0,20.99,773,522,2111
37148,3608.37,0,0,0,0,13.63,773,522,2111
37198,3591.95,0,0,0,0,-42.52,773,522,2111
37248,3632.84,0,0,0,0,-20.12,773,522,2111
37298,3656.75,0,0,-1,0,7.15,773,524,2111
37348,3678.27,0,-1,0,0,-17.95,775,525,2111
37398,3634.60,0,0,0,0,33.78,775,527,2111
37448,3633.72,0,0,0,0,-7.91,775,528,2111
37498,3624.06,0,0,0,0,20.25,775,529,2111
37548,3643.43,0,0,-1,0,-25.48,775,531,2111
37598,3611.85,0,0,0,0,22.75,775,531,2111
37648,3632.84,0,0,0,0,-17.51,775,532,2111
37698,3581.66,0,0,0,0,30.18,775,532,2111
37748,3635.48,0,0,0,0,-32.31,775,532,2111
37798,3615.33,0,0,0,0,30.76,775,533,2111
37848,3644.31,0,0,-1,0,-22.00,775,535,2111
37898,3636.36,0,0,0,0,34.71,775,535,2111
37948,3636.36,0,0,0,0,14.16,775,537,2111
37998,3629.32,0,0,0,0,135.74,778,537,2111
38048,3545.26,0,0,1,0,321.72,783,538,2137
38098,3544.42,0,0,1,0,501.98,790,539,2178
38148,3546.10,0,0,1,0,401.27,798,540,2233
38198,3543.59,0,0,1,0,296.66,801,542,2251
38248,3544.42,0,0,1,0,337.56,806,543,2280
38299,3770.74,-1,-2,0,0,-226.32,815,544,2325
38349,3636.36,0,0,0,0,28.43,815,545,2325
38400,3654.97,0,0,-1,0,-29.16,815,547,2325
38450,3636.36,0,0,0,0,7.95,815,548,2325
38500,3665.69,0,0,-1,0,-39.87,815,550,2325
38550,3625.82,0,0,0,0,28.26,815,551,2325
38600,3623.19,0,0,0,0,-10.47,815,551,2325
38650,3602.31,0,0,0,0,-33.98,815,551,2325
38700,3654.08,0,0,-1,0,-28.26,815,553,2325
38750,3636.36,0,0,0,0,18.61,815,554,2325
38800,3631.96,0,0,0,0,-16.63,815,555,2325
38850,3623.19,0,0,0,0,9.65,815,555,2325
38900,3633.72,0,0,0,0,-7.91,815,556,2325
38950,3612.72,0,0,0,0,20.12,815,556,2325
39000,3612.72,0,0,0,0,0.00,815,556,2325
39050,3604.90,0,0,-1,0,-41.93,815,557,2325
39100,3664.79,0,0,-1,0,-49.46,815,559,2325
39150,3625.82,0,0,0,0,28.26,815,560,2325
39200,3654.97,0,0,-1,0,-18.61,815,562,2325
39250,3635.48,0,0,0,0,7.95,815,563,2325
39300,3633.72,0,0,0,0,-7.91,815,564,2325
39350,3612.72,0,0,0,0,21.88,815,564,2325
39400,3633.72,0,0,0,0,-28.82,815,565,2325
39450,3604.90,0,0,-1,0,-42.79,815,566,2325
39500,3644.31,0,0,-1,0,-19.38,815,568,2325
39550,3611.85,0,0,0,0,20.99,815,568,2325
39600,3654.97,0,0,-1,0,-29.16,815,570,2325
39650,3636.36,0,0,0,0,17.72,815,571,2325
39700,3633.72,0,0,0,0,1.76,815,572,2325
39750,3600.58,0,0,0,0,-9.60,815,572,2325
39800,3643.43,0,0,-1,0,-31.58,815,573,2325
39851,3615.33,0,0,0,0,36.97,815,574,2325
39901,3664.79,0,0,-1,0,-38.10,815,576,2325
39951,3636.36,0,0,0,0,17.72,815,577,2325
40001,3654.08,0,0,-1,0,-16.83,815,579,2325
40051,3624.06,0,0,0,0,33.58,815,581,2325
40101,3623.19,0,0,0,0,3.50,815,582,2325
40151,3612.72,0,0,0,0,25.41,815,582,2325
40201,3601.44,0,0,0,0,12.29,815,582,2325
40251,3591.95,0,0,0,0,18.07,815,582,2325
40301,3652.30,0,0,-1,0,-44.80,815,583,2325
40351,3646.09,0,0,-1,0,23.19,815,585,2325
40401,3656.75,0,0,-1,0,-13.32,815,588,2325
40451,3630.20,0,0,0,0,161.51,818,588,2325
40501,3635.48,0,0,0,0,23.95,818,589,2325
40551,3617.94,0,0,0,0,135.81,820,589,2326
40601,3544.42,0,0,1,0,298.77,825,590,2353
40651,3544.42,0,0,1,0,290.91,830,591,2378
40701,3545.26,0,0,1,0,321.72,834,592,2404
40751,3543.59,0,0,1,0,529.18,842,593,2451
40802,3759.40,-1,-2,0,0,-204.05,850,594,2490
40852,3644.31,0,0,-1,0,-7.95,850,596,2490
40902,3615.33,0,0,0,0,28.99,850,597,2490
40952,3615.33,0,0,0,0,-22.51,850,597,2490
41003,3604.90,0,0,-1,0,-45.40,850,598,2490
41053,3654.97,0,0,-1,0,-30.91,850,600,2490
41103,3635.48,0,0,0,0,29.31,850,601,2490
41153,3654.08,0,0,-1,0,-17.72,850,603,2490
41203,3612.72,0,0,0,0,21.88,850,603,2490
41253,3631.08,0,0,0,0,-15.75,850,604,2490
41303,3591.95,0,0,0,0,-12.21,850,604,2490
41353,3628.45,0,0,0,0,-46.79,850,604,2490
41403,3615.33,0,0,0,0,28.99,850,605,2490
41453,3631.96,0,0,0,0,-8.77,850,605,2490
41503,3625.82,0,0,0,0,17.61,850,606,2490
41553,3668.38,0,0,-1,0,-22.29,850,609,2490
41603,3624.94,0,0,0,0,30.03,850,610,2490
41653,3626.69,0,0,0,0,-20.92,850,611,2490
41703,3612.72,0,0,0,0,13.98,850,611,2490
41753,3643.43,0,0,-1,0,-30.71,850,612,2490
41803,3611.85,0,0,0,0,14.85,850,612,2490
41853,3643.43,0,0,-1,0,-30.71,850,613,2490
41903,3602.31,0,0,0,0,-6.12,850,613,2490
41953,3654.97,0,0,-1,0,-43.99,850,614,2490
42003,3625.82,0,0,0,0,18.50,850,615,2490
42053,3654.08,0,0,-1,0,-29.14,850,617,2490
42103,3637.25,0,0,0,0,19.51,850,619,2490
42153,3656.75,0,0,-1,0,-9.78,850,622,2490
42203,3625.82,0,0,0,0,43.46,850,624,2490
42253,3602.31,0,0,0,0,20.99,850,624,2490
42303,3583.37,0,0,0,0,24.13,850,624,2490
42353,3635.48,0,0,0,0,-33.18,850,624,2490
42403,3612.72,0,0,0,0,13.98,850,624,2490
42454,3654.08,0,0,-1,0,-17.72,850,626,2490
42504,3646.97,0,0,-1,0,20.51,850,629,2490
42554,3664.79,0,0,-1,0,-28.43,850,631,2490
42604,3624.06,0,0,0,0,19.37,850,632,2490
42654,3602.31,0,0,0,0,29.87,850,633,2490
42704,3585.09,0,0,0,0,22.42,850,633,2490
42754,3632.84,0,0,0,0,-39.17,850,633,2490
42804,3561.25,0,0,0,0,74.23,850,633,2490
42854,3654.08,0,0,-1,0,-35.26,851,634,2490
42904,3636.36,0,0,0,0,17.72,851,635,2490
42954,3664.79,0,0,-1,0,-29.31,851,637,2490
43004,3625.82,0,0,0,0,45.26,851,637,2490
43054,3632.84,0,0,0,0,-33.99,851,637,2490
43104,3602.31,0,0,0,0,-39.22,851,637,2490
43154,3633.72,0,0,0,0,-23.61,851,637,2490
43204,3624.06,0,0,0,0,22.02,851,638,2490
43254,3632.84,0,0,0,0,-17.51,851,638,2490
43304,3615.33,0,0,0,0,44.10,851,639,2490
43354,3646.97,0,0,-1,0,81.59,852,641,2493
43404,3625.82,0,0,0,0,30.05,852,642,2493
43454,3653.19,0,0,-1,0,64.28,853,644,2495
43504,3545.26,0,0,1,0,306.82,857,645,2522
43554,3545.26,0,0,1,0,424.04,863,646,2556
43604,3544.42,0,0,1,0,501.98,871,647,2614
43654,3546.10,0,0,1,0,401.27,879,648,2671
43704,3545.26,0,0,1,0,390.71,883,650,2696
43754,3544.42,0,0,1,0,508.54,891,651,2745
43804,3674.67,0,0,0,0,91.34,901,651,2804
43854,3591.95,0,0,0,0,-14.77,901,651,2804
43904,3611.85,0,0,0,0,20.99,901,651,2804
43954,3663.90,0,0,-1,0,101.16,911,652,2869
44004,3643.43,0,0,-1,0,-7.07,911,654,2869
44054,3622.31,0,0,0,0,10.53,911,654,2869
44104,3618.82,0,0,0,0,-15.65,911,655,2869
44154,3602.31,0,0,0,0,-18.22,911,655,2869
44204,3654.08,0,0,-1,0,-41.36,911,656,2869
44254,3636.36,0,0,0,0,18.61,911,657,2869
44304,3656.75,0,0,-1,0,-9.78,911,660,2869
44354,3636.36,0,0,0,0,31.12,911,662,2869
44404,3644.31,0,0,-1,0,-7.95,911,664,2869
44454,3615.33,0,0,0,0,28.99,911,665,2869
44504,3632.84,0,0,0,0,-9.65,911,665,2869
44554,3611.85,0,0,0,0,21.87,911,665,2869
44604,3625.82,0,0,0,0,-23.51,911,665,2869
44654,3602.31,0,0,0,0,-10.45,911,665,2869
44704,3652.30,0,0,-1,0,-50.00,911,666,2869
44754,3625.82,0,0,0,0,17.61,911,667,2869
44804,3643.43,0,0,-1,0,-7.07,911,669,2869
44854,3634.60,0,0,0,0,20.37,911,670,2869
44904,3644.31,0,0,-1,0,-18.50,911,672,2869
44954,3621.44,0,0,0,0,11.40,911,672,2869
45004,3643.43,0,0,-1,0,-20.24,911,673,2869
45054,3636.36,0,0,0,0,7.07,911,674,2869
45104,3643.43,0,0,-1,0,-27.23,911,676,2869
45154,3591.95,0,0,0,0,-3.49,911,676,2869
45204,3643.43,0,0,-1,0,-42.85,911,677,2869
45254,3625.82,0,0,0,0,18.50,911,678,2869
45304,3611.85,0,0,0,0,3.48,911,679,2869
45355,3602.31,0,0,0,0,-55.64,911,679,2869
45405,3643.43,0,0,-1,0,-28.10,911,681,2869
45455,3646.97,0,0,-1,0,17.82,911,683,2869
45505,3644.31,0,0,-1,0,-8.83,911,685,2869
45555,3612.72,0,0,0,0,19.24,911,685,2869
45605,3643.43,0,0,-1,0,-17.61,911,687,2869
45655,3612.72,0,0,0,0,20.12,911,687,2869
45705,3626.69,0,0,0,0,-26.12,911,687,2869
45755,3601.44,0,0,0,0,-18.32,911,687,2869
45805,3643.43,0,0,-1,0,-31.58,911,688,2869
45855,3636.36,0,0,0,0,16.83,911,689,2869
45905,3664.79,0,0,-1,0,-28.43,911,691,2869
45955,3635.48,0,0,0,0,22.16,911,693,2869
46005,3623.19,0,0,0,0,11.41,911,694,2869
46055,3600.58,0,0,0,0,-12.22,911,694,2869
46105,3624.06,0,0,0,0,-32.11,911,694,2869
46155,3572.28,0,0,0,0,25.71,911,694,2869
46205,3641.66,0,0,-1,0,-49.71,911,695,2869
46255,3636.36,0,0,0,0,16.83,911,696,2869
46305,3686.41,0,-1,0,0,-50.05,912,697,2869
46355,3649.63,0,0,-1,0,37.68,913,699,2869
46405,3654.08,0,0,-1,0,-18.60,913,701,2869
46455,3625.82,0,0,0,0,35.40,913,702,2869
46505,3614.46,0,0,0,0,126.19,914,702,2872
46555,3597.98,0,-2,0,0,-340.69,918,702,2872
46605,3624.06,0,0,0,0,-26.08,918,702,2872
46655,3615.33,0,0,0,0,26.33,918,703,2872
46705,3624.06,0,0,0,0,82.39,919,704,2874
46755,3609.24,0,-2,0,0,-301.80,922,704,2874
46806,3546.10,0,0,1,0,341.93,927,705,2903
46856,3553.66,0,0,1,0,492.74,934,706,2949
46906,3685.50,0,-1,0,0,79.56,945,706,3008
46956,3632.84,0,0,0,0,-7.90,945,707,3008
47006,3602.31,0,0,0,0,-12.21,945,707,3008
47056,3633.72,0,0,0,0,-21.87,945,707,3008
47106,3615.33,0,0,0,0,36.08,945,708,3008
47156,3654.08,0,0,-1,0,-28.26,945,710,3008
47206,3625.82,0,0,0,0,17.61,945,711,3008
47256,3654.08,0,0,-1,0,-27.39,945,713,3008
47306,3625.82,0,0,0,0,28.26,945,714,3008
47356,3643.43,0,0,-1,0,-30.71,945,715,3008
47406,3612.72,0,0,0,0,22.77,945,715,3008
47456,3631.96,0,0,0,0,-16.63,945,716,3008
47506,3615.33,0,0,0,0,28.99,945,717,3008
47556,3623.19,0,0,0,0,-10.47,945,717,3008
47606,3601.44,0,0,0,0,-8.71,945,717,3008
47656,3634.60,0,0,0,0,-21.88,945,717,3008
47706,3625.82,0,0,0,0,18.50,945,718,3008
47756,3664.79,0,0,-1,0,-50.34,945,720,3008
47806,3625.82,0,0,0,0,17.61,945,721,3008
47856,3654.08,0,0,-1,0,-43.10,945,722,3008
47906,3625.82,0,0,0,0,18.50,945,723,3008
47956,3602.31,0,0,0,0,30.73,945,724,3008
48006,3602.31,0,0,0,0,-30.27,945,724,3008
48056,3646.09,0,0,-1,0,-43.78,945,725,3008
48106,3602.31,0,0,0,0,-22.73,945,725,3008
48156,3632.84,0,0,0,0,-17.51,945,726,3008
48206,3600.58,0,0,0,0,-17.45,945,726,3008
48256,3644.31,0,0,-1,0,-31.60,945,727,3008
48306,3612.72,0,0,0,0,20.12,945,727,3008
48356,3643.43,0,0,-1,0,-28.10,945,729,3008
48406,3611.85,0,0,0,0,21.87,945,729,3008
48456,3643.43,0,0,-1,0,-31.58,945,730,3008
48506,3614.46,0,0,0,0,28.97,945,731,3008
48556,3632.84,0,0,0,0,-7.03,945,732,3008
48606,3615.33,0,0,0,0,27.22,945,733,3008
48656,3654.08,0,0,-1,0,-28.26,945,735,3008
48706,3636.36,0,0,0,0,6.18,945,736,3008
48756,3654.08,0,0,-1,0,-17.72,945,738,3008
48806,3604.04,0,0,-1,0,-12.35,945,739,3008
48856,3613.59,0,0,0,0,-1.74,945,739,3008
48906,3615.33,0,0,0,0,39.64,945,740,3008
48956,3644.31,0,0,-1,0,-39.41,945,742,3008
49006,3603.17,0,0,0,0,-19.19,945,742,3008
49056,3633.72,0,0,0,0,-21.87,945,742,3008
49106,3616.20,0,0,0,0,27.23,945,743,3008
49156,3643.43,0,0,-1,0,-7.07,945,745,3008
49206,3624.06,0,0,0,0,7.90,945,745,3008
49256,3623.19,0,0,0,0,-11.34,945,745,3008
49306,3601.44,0,0,0,0,-33.99,945,745,3008
49356,3628.45,0,0,0,0,-43.36,945,745,3008
49406,3615.33,0,0,0,0,34.31,945,746,3008
49456,3654.08,0,0,-1,0,-27.39,945,748,3008
49506,3612.72,0,0,0,0,21.00,945,748,3008
49556,3654.97,0,0,-1,0,-29.16,945,750,3008
49606,3625.82,0,0,0,0,17.61,945,751,3008
49656,3643.43,0,0,-1,0,-30.71,945,752,3008
49707,3615.33,0,0,0,0,37.86,945,753,3008
49757,3622.31,0,0,0,0,-11.34,945,753,3008
49807,3601.44,0,0,0,0,-33.83,945,753,3008
49857,3632.84,0,0,0,0,-15.77,945,753,3008
49907,3592.81,0,0,0,0,-12.21,945,753,3008
49957,3635.48,0,0,0,0,-30.58,945,753,3008
50007,3601.44,0,0,0,0,-29.60,945,753,3008
50057,3644.31,0,0,-1,0,-35.94,945,754,3008
50107,3630.20,0,0,0,0,111.38,946,755,3009
50157,3644.31,0,0,-1,0,-14.99,946,757,3009
50207,3628.45,0,0,0,0,55.25,947,757,3009
50257,3544.42,0,0,1,0,255.93,950,758,3028
50307,3546.10,0,0,1,0,394.01,955,759,3058
50357,3617.94,0,0,0,0,140.51,957,759,3058
50407,3544.42,0,0,1,0,275.29,961,760,3083
50457,3543.59,0,0,1,0,300.60,965,761,3108
50507,3545.26,0,0,1,0,388.65,971,762,3139
50557,3544.42,0,0,1,0,495.44,979,763,3184
50607,3766.01,0,-2,0,-1,180.32,988,763,3241
50657,3544.42,0,0,1,0,480.26,996,764,3288
50707,3653.19,0,0,-1,0,111.87,1005,765,3343
50757,3615.33,0,0,0,0,28.10,1005,766,3343
50807,3643.43,0,0,-1,0,-17.61,1005,768,3343
50857,3626.69,0,0,0,0,27.39,1005,769,3343
50907,3621.44,0,0,0,0,-8.72,1005,769,3343
50957,3601.44,0,0,0,0,-25.22,1005,769,3343
51007,3632.84,0,0,0,0,-20.12,1005,769,3343
51057,3602.31,0,0,0,0,6.97,1005,769,3343
51107,3622.31,0,0,0,0,-9.60,1005,769,3343
51158,3614.46,0,0,0,0,35.18,1005,770,3343
51208,3654.08,0,0,-1,0,-17.72,1005,772,3343
51258,3591.09,0,0,0,0,17.49,1005,772,3343
51308,3635.48,0,0,0,0,-33.18,1005,772,3343
51358,3612.72,0,0,0,0,22.77,1005,772,3343
51408,3643.43,0,0,-1,0,-31.58,1005,773,3343
51458,3625.82,0,0,0,0,28.26,1005,774,3343
51508,3632.84,0,0,0,0,-7.03,1005,775,3343
51558,3602.31,0,0,0,0,-22.73,1005,775,3343
51608,3626.69,0,0,0,0,-24.39,1005,775,3343
51658,3591.09,0,0,0,0,-17.35,1005,775,3343
51708,3636.36,0,0,0,0,25.75,1005,776,3343
51758,3615.33,0,0,0,0,28.10,1005,777,3343
51808,3628.45,0,0,0,0,-45.93,1005,777,3343
51858,3615.33,0,0,0,0,26.33,1005,778,3343
51908,3644.31,0,0,-1,0,-18.50,1005,780,3343
51958,3626.69,0,0,0,0,16.74,1005,781,3343
52008,3654.97,0,0,-1,0,-29.16,1005,783,3343
52058,3625.82,0,0,0,0,18.50,1005,784,3343
52108,3618.82,0,0,0,0,-32.87,1005,784,3343
52158,3612.72,0,0,0,0,11.35,1005,784,3343
52208,3664.79,0,0,-1,0,-49.46,1005,786,3343
52258,3625.82,0,0,0,0,28.26,1005,787,3343
52308,3664.79,0,0,-1,0,-28.43,1005,789,3343
52358,3624.06,0,0,0,0,30.91,1005,790,3343
52408,3633.72,0,0,0,0,-11.41,1005,790,3343
52458,3625.82,0,0,0,0,17.61,1005,791,3343
52508,3626.69,0,0,0,0,-24.39,1005,791,3343
52558,3602.31,0,0,0,0,-10.44,1005,791,3343
52608,3633.72,0,0,0,0,-21.00,1005,791,3343
52658,3624.94,0,0,0,0,18.49,1005,792,3343
52708,3654.08,0,0,-1,0,-38.75,1005,794,3343
52758,3613.59,0,0,0,0,30.73,1005,795,3343
52808,3633.72,0,0,0,0,-21.00,1005,795,3343
52858,3604.90,0,0,-1,0,-41.93,1005,796,3343
52908,3683.69,0,-1,0,-1,-152.62,1006,797,3344
52958,3615.33,0,0,0,0,26.33,1006,798,3344
53008,3654.08,0,0,-1,0,-28.26,1006,800,3344
53058,3602.31,0,0,0,0,-1.76,1006,800,3344
53108,3654.08,0,0,-1,0,-38.75,1006,802,3344
53158,3636.36,0,0,0,0,7.07,1006,803,3344
53208,3654.97,0,0,-1,0,-19.49,1006,805,3344
53258,3625.82,0,0,0,0,38.98,1006,806,3344
53308,3624.06,0,0,0,0,-11.35,1006,806,3344
53358,3591.95,0,0,0,0,-11.31,1006,806,3344
53408,3635.48,0,0,0,0,-33.18,1006,806,3344
53458,3602.31,0,0,0,0,-17.44,1006,806,3344
53508,3642.54,0,0,-1,0,-40.24,1006,807,3344
53558,3612.72,0,0,0,0,20.12,1006,807,3344
53608,3617.94,0,0,0,0,-16.50,1006,807,3344
53658,3602.31,0,0,0,0,-38.19,1006,807,3344
53708,3654.97,0,0,-1,0,-31.78,1006,808,3344
53758,3622.31,0,0,0,0,11.41,1006,808,3344
53808,3641.66,0,0,-1,0,-26.33,1006,810,3344
53858,3625.82,0,0,0,0,17.61,1006,811,3344
53908,3643.43,0,0,-1,0,-17.61,1006,813,3344
53958,3615.33,0,0,0,0,28.99,1006,814,3344
54008,3644.31,0,0,-1,0,-27.24,1006,815,3344
54059,3612.72,0,0,0,0,24.53,1006,815,3344
54109,3597.12,0,0,0,0,29.16,1006,815,3344
54159,3590.23,0,0,0,0,-33.67,1006,815,3344
54209,3654.08,0,0,-1,0,-39.62,1006,816,3344
54259,3639.89,0,0,0,0,81.27,1007,816,3344
54309,3545.26,0,0,1,0,330.71,1011,817,3370
54359,3544.42,0,0,1,0,529.45,1019,818,3414
54409,3545.26,0,0,1,0,357.94,1023,819,3442
54459,3544.42,0,0,1,0,453.44,1030,820,3482
54509,3429.36,0,2,0,0,516.97,1039,820,3535
54560,3725.78,-3,-1,0,-3,-181.36,1047,821,3583
54610,3622.31,0,0,0,0,11.41,1047,821,3583
54660,3654.08,0,0,-1,0,-28.26,1047,823,3583
54710,3581.66,0,0,0,0,30.18,1047,823,3583
54760,3641.66,0,0,-1,0,-48.85,1047,824,3583
54810,3611.85,0,0,0,0,21.87,1047,824,3583
54860,3643.43,0,0,-1,0,-28.10,1047,826,3583
54910,3626.69,0,0,0,0,17.62,1047,827,3583
54960,3654.08,0,0,-1,0,-29.14,1047,829,3583
55010,3625.82,0,0,0,0,17.61,1047,830,3583
55060,3643.43,0,0,-1,0,-16.74,1047,832,3583
55110,3611.85,0,0,0,0,20.99,1047,832,3583
55160,3644.31,0,0,-1,0,-42.87,1047,833,3583
55211,3625.82,0,0,0,0,17.61,1047,834,3583
55261,3654.97,0,0,-1,0,-18.61,1047,836,3583
55311,3591.09,0,0,0,0,16.60,1047,836,3583
55361,3632.84,0,0,0,0,-40.89,1047,836,3583
55411,3602.31,0,0,0,0,-27.98,1047,836,3583
55461,3632.84,0,0,0,0,-41.75,1047,836,3583
55511,3604.90,0,0,-1,0,-43.68,1047,837,3583
55561,3643.43,0,0,-1,0,-27.23,1047,839,3583
55611,3625.82,0,0,0,0,28.26,1047,840,3583
55661,3644.31,0,0,-1,0,-31.60,1047,841,3583
55711,3617.07,0,0,0,0,26.36,1047,842,3583
55761,3602.31,0,0,0,0,20.98,1047,842,3583
55811,3591.95,0,0,0,0,-31.99,1047,842,3583
55861,3634.60,0,0,0,0,-32.30,1047,842,3583
55911,3615.33,0,0,0,0,25.45,1047,843,3583
55961,3654.08,0,0,-1,0,-28.26,1047,845,3583
56011,3615.33,0,0,0,0,39.64,1047,846,3583
56061,3617.94,0,0,0,0,-15.64,1047,846,3583
56111,3612.72,0,0,0,0,13.10,1047,846,3583
56161,3622.31,0,0,0,0,3.50,1047,847,3583
56211,3585.09,0,0,0,0,15.49,1047,847,3583
56261,3626.69,0,0,0,0,-25.25,1047,847,3583
56311,3636.36,0,0,0,0,7.07,1047,848,3583
56361,3633.72,0,0,0,0,-7.91,1047,849,3583
56411,3626.69,0,0,0,0,16.74,1047,850,3583
56461,3642.54,0,0,-1,0,-27.22,1047,852,3583
56511,3625.82,0,0,0,0,17.61,1047,853,3583
56561,3644.31,0,0,-1,0,-30.73,1047,855,3583
56611,3612.72,0,0,0,0,20.12,1047,855,3583
56662,3607.50,0,0,0,0,24.87,1047,855,3583
56712,3602.31,0,0,0,0,-31.14,1047,855,3583
56762,3643.43,0,0,-1,0,-41.12,1047,856,3583
56812,3624.06,0,0,0,0,30.02,1047,857,3583
56862,3665.69,0,0,-1,0,-30.21,1047,859,3583
56912,3625.82,0,0,0,0,38.98,1047,860,3583
56962,3636.36,0,0,0,0,15.05,1047,861,3583
57012,3614.46,0,0,0,0,39.62,1047,862,3583
57062,3633.72,0,0,0,0,-21.00,1047,862,3583
57112,3602.31,0,0,0,0,-19.20,1047,862,3583
57162,3601.44,0,0,0,0,-21.76,1047,862,3583
57212,3591.95,0,0,0,0,-33.68,1047,862,3583
57262,3642.54,0,0,-1,0,-37.64,1047,864,3583
57312,3612.72,0,0,0,0,9.60,1047,864,3583
57362,3632.84,0,0,0,0,-9.65,1047,864,3583
57412,3613.59,0,0,0,0,30.73,1047,865,3583
57462,3643.43,0,0,-1,0,-28.10,1047,867,3583
57512,3635.48,0,0,0,0,7.95,1047,868,3583
57562,3623.19,0,0,0,0,15.82,1047,869,3583
57612,3615.33,0,0,0,0,28.99,1047,870,3583
57662,3644.31,0,0,-1,0,-25.50,1047,871,3583
57712,3612.72,0,0,0,0,26.29,1047,871,3583
57762,3617.94,0,0,0,0,-17.37,1047,871,3583
57812,3611.85,0,0,0,0,16.60,1047,871,3583
57862,3635.48,0,0,0,0,-27.98,1047,871,3583
57912,3604.90,0,0,-1,0,-42.79,1047,872,3583
57962,3644.31,0,0,-1,0,-21.13,1047,873,3583
58012,3591.09,0,0,0,0,0.00,1047,873,3583
58062,3644.31,0,0,-1,0,-36.81,1047,874,3583
58112,3616.20,0,0,0,0,40.55,1047,875,3583
58162,3631.96,0,0,0,0,-7.90,1047,875,3583
58212,3626.69,0,0,0,0,31.84,1047,876,3583
58262,3671.07,0,0,0,0,42.72,1048,876,3583
58312,3545.26,0,0,1,0,333.71,1053,877,3612
58362,3545.26,0,0,1,0,440.92,1060,878,3649
58412,3544.42,0,0,1,0,542.77,1069,879,3709
58462,3545.26,0,0,1,0,334.72,1073,880,3737
58512,3545.26,0,0,1,0,422.99,1079,881,3774
58562,3538.57,0,0,1,0,419.21,1086,882,3826
58612,3544.42,0,0,1,0,482.42,1094,883,3873
58662,3546.10,0,0,1,0,400.23,1101,884,3926
58712,3544.42,0,0,1,0,587.81,1110,885,3977
58762,3543.59,0,0,1,0,476.78,1117,886,4019
58812,3780.24,-1,-2,0,0,-234.14,1130,887,4096
58862,3625.82,0,0,0,0,28.26,1130,888,4096
58912,3611.85,0,0,0,0,11.34,1130,888,4096
58962,3591.95,0,0,0,0,-25.97,1130,888,4096
59012,3632.84,0,0,0,0,-41.75,1130,888,4096
59062,3601.44,0,0,0,0,-1.74,1130,888,4096
59112,3626.69,0,0,0,0,-25.25,1130,888,4096
59162,3611.85,0,0,0,0,23.64,1130,888,4096
59212,3654.08,0,0,-1,0,-39.62,1130,890,4096
59262,3625.82,0,0,0,0,18.50,1130,891,4096
59312,3632.84,0,0,0,0,-7.90,1130,892,4096
59362,3625.82,0,0,0,0,17.61,1130,893,4096
59412,3643.43,0,0,-1,0,-18.49,1130,895,4096
59462,3615.33,0,0,0,0,28.10,1130,896,4096
59512,3632.84,0,0,0,0,-20.12,1130,896,4096
59563,3591.95,0,0,0,0,-18.31,1130,896,4096
59613,3643.43,0,0,-1,0,-41.99,1130,897,4096
59663,3625.82,0,0,0,0,27.37,1130,898,4096
59713,3654.08,0,0,-1,0,-29.14,1130,900,4096
59763,3624.94,0,0,0,0,30.03,1130,901,4096
59813,3634.60,0,0,0,0,-34.03,1130,901,4096
59863,3610.98,0,0,0,0,21.86,1130,901,4096
59913,3643.43,0,0,-1,0,-28.10,1130,903,4096
59963,3612.72,0,0,0,0,13.98,1130,903,4096
60013,3621.44,0,0,0,0,-6.11,1130,904,4096
60063,3602.31,0,0,0,0,-33.11,1130,904,4096
60113,3618.82,0,0,0,0,-16.51,1130,904,4096
60163,3602.31,0,0,0,0,-37.44,1130,904,4096
60213,3643.43,0,0,-1,0,-42.85,1130,905,4096
60263,3615.33,0,0,0,0,28.10,1130,906,4096
60313,3654.97,0,0,-1,0,-29.16,1130,908,4096
60363,3625.82,0,0,0,0,29.16,1130,909,4096
60413,3643.43,0,0,-1,0,-18.49,1130,911,4096
60463,3622.31,0,0,0,0,11.41,1130,911,4096
60513,3584.23,0,0,0,0,18.94,1130,911,4096
60563,3595.40,0,0,0,0,8.54,1130,911,4096
60613,3626.69,0,0,0,0,-24.39,1130,911,4096
60663,3602.31,0,0,0,0,-33.98,1130,911,4096
60713,3654.08,0,0,-1,0,-38.75,1130,913,4096
60763,3624.94,0,0,0,0,19.38,1130,914,4096
60813,3626.69,0,0,0,0,-25.25,1130,914,4096
60863,3611.85,0,0,0,0,12.22,1130,914,4096
60913,3633.72,0,0,0,0,-21.00,1130,914,4096
60963,3612.72,0,0,0,0,22.77,1130,914,4096
61014,3654.08,0,0,-1,0,-38.75,1130,916,4096
61064,3625.82,0,0,0,0,17.61,1130,917,4096
61114,3652.30,0,0,-1,0,-48.26,1130,919,4096
61164,3602.31,0,0,0,0,-18.32,1130,919,4096
61214,3612.72,0,0,0,0,0.00,1130,919,4096
61264,3602.31,0,0,0,0,-44.24,1130,919,4096
61314,3617.94,0,0,0,0,-17.37,1130,919,4096
61364,3600.58,0,0,0,0,-42.52,1130,919,4096
61414,3643.43,0,0,-1,0,-28.10,1130,921,4096
61464,3602.31,0,0,0,0,-28.85,1130,921,4096
61514,3634.60,0,0,0,0,-33.16,1130,921,4096
61564,3611.85,0,0,0,0,14.85,1130,921,4096
61614,3654.08,0,0,-1,0,-38.75,1130,923,4096
61664,3635.48,0,0,0,0,18.60,1130,924,4096
61714,3644.31,0,0,-1,0,-18.50,1130,926,4096
61764,3612.72,0,0,0,0,8.72,1130,926,4096
61814,3643.43,0,0,-1,0,-30.71,1130,927,4096
61864,3601.44,0,0,0,0,4.35,1130,927,4096
61914,3626.69,0,0,0,0,-25.25,1130,927,4096
61964,3612.72,0,0,0,0,18.37,1130,927,4096
62014,3643.43,0,0,-1,0,-28.10,1130,929,4096
62064,3611.85,0,0,0,0,20.99,1130,929,4096
62114,3644.31,0,0,-1,0,-42.87,1130,930,4096
62164,3623.19,0,0,0,0,12.29,1130,930,4096
62214,3654.08,0,0,-1,0,-25.63,1130,932,4096
62264,3625.82,0,0,0,0,21.16,1130,933,4096
62314,3627.57,0,0,0,0,-18.33,1130,933,4096
62364,3602.31,0,0,0,0,-32.20,1130,933,4096
62414,3589.38,0,0,0,0,7.75,1130,933,4096
62464,3581.66,0,0,0,0,29.32,1130,933,4096
62514,3633.72,0,0,0,0,-43.49,1130,933,4096
62564,3599.71,0,0,0,0,-33.14,1130,933,4096
62614,3646.97,0,0,-1,0,7.11,1130,935,4096
62664,3633.72,0,0,0,0,5.29,1130,935,4096
62714,3664.79,0,0,-1,0,-33.71,1130,937,4096
62764,3638.13,0,0,0,0,107.19,1131,937,4097
62814,3668.38,0,0,-1,0,-5.37,1131,939,4097
62864,3543.59,0,0,1,0,260.62,1134,940,4117
62914,3545.26,0,0,1,0,345.79,1138,941,4145
62964,3544.42,0,0,1,0,292.88,1143,942,4174
63014,3543.59,0,0,1,0,268.36,1147,943,4197
63064,3544.42,0,0,1,0,310.63,1151,944,4221
63114,3639.89,0,0,0,0,66.56,1152,944,4221
63164,3543.59,0,0,1,0,274.18,1155,945,4243
63214,3546.10,0,0,1,0,417.96,1160,946,4277
63264,3758.46,-1,-2,0,0,-213.20,1172,947,4347
63314,3624.06,0,0,0,0,30.02,1172,948,4347
63364,3584.23,0,0,0,0,18.94,1172,948,4347
63414,3897.12,0,-3,0,-11,-175.03,1181,948,4389
63464,3545.26,0,0,1,0,395.88,1189,949,4471
63514,3544.42,0,0,1,0,492.17,1196,950,4518
63564,3707.36,0,-1,0,0,57.70,1206,950,4572
63614,3634.60,0,0,0,0,20.37,1206,951,4572
63664,3623.19,0,0,0,0,2.63,1206,952,4572
63714,3604.90,0,0,-1,0,-30.70,1206,953,4572
63764,3624.94,0,0,0,0,-22.63,1206,953,4572
63814,3612.72,0,0,0,0,21.00,1206,953,4572
63864,3654.97,0,0,-1,0,-39.64,1206,955,4572
63915,3635.48,0,0,0,0,30.21,1206,956,4572
63965,3632.84,0,0,0,0,2.64,1206,957,4572
64015,3615.33,0,0,0,0,28.10,1206,958,4572
64065,3611.85,0,0,0,0,3.48,1206,959,4572
64115,3591.95,0,0,0,0,-21.64,1206,959,4572
64165,3626.69,0,0,0,0,-25.25,1206,959,4572
64215,3613.59,0,0,0,0,27.19,1206,960,4572
64265,3664.79,0,0,-1,0,-38.98,1206,962,4572
64315,3636.36,0,0,0,0,28.43,1206,963,4572
64365,3654.08,0,0,-1,0,-18.60,1206,965,4572
64415,3625.82,0,0,0,0,28.26,1206,966,4572
64465,3633.72,0,0,0,0,-20.13,1206,967,4572
64515,3604.04,0,0,-1,0,-25.48,1206,968,4572
64565,3623.19,0,0,0,0,-10.47,1206,968,4572
64615,3591.09,0,0,0,0,-19.94,1206,968,4572
64665,3632.84,0,0,0,0,-42.61,1206,968,4572
64715,3600.58,0,0,0,0,-27.98,1206,968,4572
64765,3654.08,0,0,-1,0,-38.75,1206,970,4572
64815,3636.36,0,0,0,0,17.72,1206,971,4572
64865,3644.31,0,0,-1,0,-18.50,1206,973,4572
64915,3634.60,0,0,0,0,19.48,1206,974,4572
64965,3664.79,0,0,-1,0,-38.98,1206,976,4572
65015,3639.01,0,0,0,0,-35.84,1206,976,4572
65065,3617.94,0,0,0,0,-33.72,1206,976,4572
65115,3601.44,0,0,0,0,-34.86,1206,976,4572
65165,3626.69,0,0,0,0,-24.39,1206,976,4572
65215,3604.90,0,0,-1,0,-33.31,1206,977,4572
65265,3632.84,0,0,0,0,-41.75,1206,977,4572
65315,3604.04,0,0,-1,0,-42.79,1206,978,4572
65366,3643.43,0,0,-1,0,-17.61,1206,980,4572
65416,3626.69,0,0,0,0,27.39,1206,981,4572
65466,3622.31,0,0,0,0,-10.47,1206,981,4572
65516,3602.31,0,0,0,0,-27.98,1206,981,4572
65566,3610.98,0,0,0,0,1.74,1206,981,4572
65616,3601.44,0,0,0,0,-24.39,1206,981,4572
65666,3654.08,0,0,-1,0,-38.75,1206,983,4572
65716,3624.94,0,0,0,0,39.85,1206,984,4572
65766,3644.31,0,0,-1,0,-28.99,1206,986,4572
65816,3624.94,0,0,0,0,19.38,1206,987,4572
65866,3612.72,0,0,0,0,2.61,1206,988,4572
65916,3591.95,0,0,0,0,-25.97,1206,988,4572
65966,3626.69,0,0,0,0,-25.25,1206,988,4572
66016,3613.59,0,0,0,0,28.07,1206,989,4572
66066,3654.08,0,0,-1,0,-27.39,1206,991,4572
66116,3624.94,0,0,0,0,31.81,1206,993,4572
66166,3624.06,0,0,0,0,-31.25,1206,993,4572
66216,3602.31,0,0,0,0,-34.86,1206,993,4572
66266,3643.43,0,0,-1,0,-31.58,1206,994,4572
66316,3615.33,0,0,0,0,28.10,1206,995,4572
66366,3632.84,0,0,0,0,-19.25,1206,995,4572
66416,3625.82,0,0,0,0,15.84,1206,996,4572
66466,3643.43,0,0,-1,0,-22.86,1206,998,4572
66516,3612.72,0,0,0,0,21.00,1206,998,4572
66566,3643.43,0,0,-1,0,-21.12,1206,1000,4572
66616,3615.33,0,0,0,0,32.53,1206,1001,4572
66666,3644.31,0,0,-1,0,-33.34,1206,1002,4572
66716,3623.19,0,0,0,0,16.70,1206,1002,4572
66766,3639.01,0,0,0,0,51.93,1207,1002,4572
66816,3544.42,0,0,1,0,259.79,1210,1003,4591
66866,3646.97,0,0,-1,0,29.50,1210,1004,4591
66916,3607.50,0,-2,0,0,-286.32,1213,1004,4591
66966,3568.03,0,0,0,0,180.10,1216,1004,4595
67016,3571.43,0,0,0,0,90.68,1217,1005,4598
67066,3636.36,0,0,0,0,10.61,1217,1006,4598
67116,3627.57,0,0,0,0,124.31,1219,1006,4599
67166,3646.97,0,0,-1,0,25.90,1219,1007,4599
67216,3630.20,0,0,0,0,164.38,1222,1007,4599
67266,3545.26,0,0,1,0,386.59,1228,1008,4635
67317,3748.13,-1,-1,0,-1,-204.54,1238,1009,4689
67367,3625.82,0,0,0,0,28.26,1238,1010,4689
67417,3629.32,0,0,0,0,-27.02,1238,1010,4689
67467,3612.72,0,0,0,0,20.12,1238,1010,4689
67517,3626.69,0,0,0,0,-24.39,1238,1010,4689
67567,3602.31,0,0,0,0,-26.07,1238,1010,4689
67617,3643.43,0,0,-1,0,-42.85,1238,1011,4689
67667,3623.19,0,0,0,0,9.65,1238,1011,4689
67717,3654.08,0,0,-1,0,-30.89,1238,1012,4689
67767,3635.48,0,0,0,0,18.60,1238,1013,4689
67817,3593.67,0,0,0,0,18.48,1238,1014,4689
67867,3624.94,0,0,0,0,22.03,1238,1016,4689
67917,3633.72,0,0,0,0,-7.91,1238,1017,4689
67968,3624.06,0,0,0,0,20.25,1238,1018,4689
68018,3632.84,0,0,0,0,-6.15,1238,1019,4689
68068,3584.23,0,0,0,0,16.35,1238,1019,4689
68118,3624.06,0,0,0,0,-32.97,1238,1019,4689
68168,3614.46,0,0,0,0,26.32,1238,1020,4689
68218,3654.08,0,0,-1,0,-41.36,1238,1021,4689
68268,3636.36,0,0,0,0,18.61,1238,1022,4689
68318,3654.08,0,0,-1,0,-16.83,1238,1024,4689
68368,3634.60,0,0,0,0,20.37,1238,1025,4689
68418,3643.43,0,0,-1,0,-30.71,1238,1026,4689
68468,3615.33,0,0,0,0,27.22,1238,1027,4689
68518,3622.31,0,0,0,0,-10.47,1238,1027,4689
68568,3592.81,0,0,0,0,-27.80,1238,1027,4689
68618,3635.48,0,0,0,0,-33.18,1238,1027,4689
68668,3615.33,0,0,0,0,28.10,1238,1028,4689
68718,3643.43,0,0,-1,0,-28.10,1238,1030,4689
68768,3625.82,0,0,0,0,17.61,1238,1031,4689
68818,3654.08,0,0,-1,0,-17.72,1238,1033,4689
68868,3615.33,0,0,0,0,39.64,1238,1034,4689
68918,3635.48,0,0,0,0,-30.58,1238,1035,4689
68968,3612.72,0,0,0,0,14.85,1238,1035,4689
69018,3612.72,0,0,0,0,0.87,1238,1036,4689
69068,3591.95,0,0,0,0,-55.58,1238,1036,4689
69118,3621.44,0,0,0,0,-8.72,1238,1036,4689
69168,3603.17,0,0,0,0,-19.19,1238,1036,4689
69218,3643.43,0,0,-1,0,-41.12,1238,1037,4689
69268,3634.60,0,0,0,0,8.83,1238,1038,4689
69318,3654.08,0,0,-1,0,-28.26,1238,1040,4689
69368,3624.94,0,0,0,0,39.85,1238,1041,4689
69419,3654.97,0,0,-1,0,-18.61,1238,1043,4689
69469,3591.09,0,0,0,0,28.28,1238,1043,4689
69519,3632.84,0,0,0,0,-40.89,1238,1043,4689
69569,3603.17,0,0,0,0,-19.19,1238,1043,4689
69619,3624.94,0,0,0,0,-33.85,1238,1043,4689
69669,3602.31,0,0,0,0,-19.18,1238,1043,4689
69719,3610.11,0,0,0,0,-8.67,1238,1043,4689
69769,3600.58,0,0,0,0,-32.87,1238,1043,4689
69819,3654.08,0,0,-1,0,-42.23,1238,1044,4689
69869,3625.82,0,0,0,0,18.50,1238,1045,4689
69919,3654.08,0,0,-1,0,-27.39,1238,1047,4689
69969,3634.60,0,0,0,0,33.78,1238,1049,4689
70019,3644.31,0,0,-1,0,-19.38,1238,1051,4689
70069,3576.54,0,0,0,0,31.83,1238,1051,4689
70119,3616.20,0,0,0,0,-24.25,1238,1051,4689
70169,3591.09,0,0,0,0,-30.27,1238,1051,4689
70219,3643.43,0,0,-1,0,-41.99,1238,1052,4689
70269,3615.33,0,0,0,0,42.32,1238,1053,4689
70319,3555.34,0,0,1,0,15.23,1238,1054,4689
70369,3473.03,0,1,0,0,18.59,1241,1054,4689
70419,3390.60,0,2,0,0,19.27,1247,1054,4689
70469,3305.42,0,3,0,1,34.59,1256,1054,4690
70519,3247.46,0,4,0,2,40.58,1264,1054,4692
70569,3189.45,1,5,0,8,164.75,1278,1054,4722
70619,3098.53,4,6,0,1,32.99,1295,1054,4725
70669,3090.87,0,6,0,-2,-58.12,1308,1054,4730
70719,2976.78,4,8,0,0,17.23,1330,1054,4734
70769,2929.69,0,8,0,0,10.91,1346,1054,4735
70819,2879.08,0,9,0,0,7.20,1364,1054,4737
70870,2903.04,5,9,0,3,71.97,1394,1054,4769
70920,2734.23,0,11,0,2,43.55,1415,1054,4776
70970,2681.44,0,11,0,2,47.32,1437,1054,4778
71020,2629.27,10,12,0,0,-0.46,1472,1054,4780
71070,2576.43,8,13,0,0,4.43,1498,1054,4782
71120,2528.23,5,13,0,0,3.41,1524,1054,4783
71170,2474.43,6,14,0,0,6.14,1552,1054,4784
71220,2427.97,6,15,0,0,1.18,1582,1054,4785
71270,2377.18,6,15,0,0,2.64,1612,1054,4786
71320,2325.22,9,16,0,0,5.78,1644,1054,4787
71370,2276.18,12,17,0,0,4.85,1678,1054,4788
71420,2227.17,16,17,0,0,0.99,1712,1054,4789
71470,2178.65,0,18,0,1,48.52,1730,1054,4790
71520,2132.20,3,19,0,1,44.24,1767,1054,4791
71570,2080.16,10,19,0,1,45.70,1805,1054,4792
71620,2032.52,20,20,0,1,43.03,1844,1054,4793
71670,2026.21,0,20,0,0,6.31,1864,1054,4793
71720,1977.07,10,21,0,0,7.32,1906,1054,4794
71770,1932.99,0,21,0,1,44.08,1927,1054,4795
71820,1886.08,7,22,0,1,36.75,1970,1054,4796
71870,1835.09,21,22,0,1,44.38,2014,1054,4797
71920,1829.71,4,23,0,0,5.37,2037,1054,4797
71970,1781.26,21,23,0,0,4.24,2083,1054,4798
72020,1733.30,8,24,0,1,47.96,2107,1054,4799
72070,1732.30,0,24,0,0,1.00,2131,1054,4799
72120,1681.80,13,24,0,0,4.16,2179,1054,4800
72170,1634.70,2,25,0,1,47.10,2204,1054,4801
72220,1633.63,0,25,0,0,1.07,2229,1054,4801
72271,1649.44,11,25,0,-3,-123.03,2280,1054,4806
72321,1533.59,5,26,0,2,115.85,2306,1054,4808
72371,1533.90,0,26,0,0,-0.31,2332,1054,4808
72421,1485.30,24,27,0,0,-2.79,2386,1054,4809
72471,1431.57,18,28,0,1,53.72,2414,1054,4810
72521,1432.39,8,28,0,0,-0.82,2442,1054,4810
72571,1380.33,3,28,0,1,52.07,2470,1054,4811
72621,1381.98,0,28,0,0,-1.65,2498,1054,4811
72671,1327.43,0,29,0,1,54.55,2527,1054,4812
72721,1328.37,0,29,0,0,-0.94,2556,1054,4812
72771,1273.67,0,30,0,1,54.71,2586,1054,4813
72821,1276.49,0,30,0,0,-2.82,2616,1054,4813
72871,1207.54,0,31,0,1,68.95,2647,1054,4814
72921,1196.74,0,31,0,0,10.79,2678,1054,4814
72971,1199.14,0,31,0,0,-2.39,2709,1054,4814
73021,1168.13,0,31,0,0,31.00,2740,1054,4814
73071,1107.91,0,32,0,1,60.22,2772,1054,4815
73121,1110.95,0,32,0,0,-3.04,2804,1054,4815
73171,1059.25,1,33,0,0,51.70,2837,1054,4815
73221,1049.69,9,33,0,0,9.56,2870,1054,4815
73271,984.51,22,34,0,1,65.17,2904,1054,4816
73321,988.53,31,33,0,0,-4.02,2937,1054,4816
73371,988.53,0,33,0,0,-4.02,2937,1054,4816
73421,926.61,0,34,0,0,61.92,2971,1054,4816
73472,925.13,11,34,0,0,1.49,3005,1054,4816
73522,863.36,31,35,0,0,61.77,3040,1054,4816
73572,863.36,0,35,0,0,61.77,3040,1054,4816
73622,854.85,1,35,0,0,8.51,3075,1054,4816
73672,786.95,28,36,0,0,67.90,3111,1054,4816
73722,786.95,0,36,0,0,67.90,3111,1054,4816
73772,779.10,6,36,0,0,7.85,3147,1054,4816
73822,779.10,0,36,0,0,7.85,3147,1054,4816
73872,710.29,0,37,0,0,68.80,3184,1054,4816
73922,696.61,27,37,0,0,13.69,3221,1054,4816
73972,696.61,0,37,0,0,13.69,3221,1054,4816
74022,624.48,24,38,0,0,72.13,3259,1054,4816
74072,624.48,0,38,0,0,72.13,3259,1054,4816
74122,604.33,24,38,0,0,20.15,3297,1054,4816
74172,604.33,0,38,0,0,20.15,3297,1054,4816
74222,604.33,0,38,0,0,20.15,3297,1054,4816
74272,517.22,0,40,0,0,87.10,3337,1054,4816
74322,517.22,0,40,0,0,87.10,3337,1054,4816
74372,494.35,14,40,0,0,22.88,3377,1054,4816
74422,494.35,0,40,0,0,22.88,3377,1054,4816
74472,494.35,0,40,0,0,22.88,3377,1054,4816
74522,389.04,18,41,0,0,105.30,3418,1054,4816
74572,389.04,0,41,0,0,105.30,3418,1054,4816
74622,389.04,0,41,0,0,105.30,3418,1054,4816
74672,389.04,0,41,0,0,105.30,3418,1054,4816
74722,320.00,10,42,0,0,69.04,3460,1054,4816
74772,320.00,0,42,0,0,69.04,3460,1054,4816
74822,320.00,0,42,0,0,69.04,3460,1054,4816
74872,320.00,0,42,0,0,69.04,3460,1054,4816
76025,0.00,0,42,0,0,69.04,3460,1054,4816
76075,0.00,0,42,0,0,69.04,3460,1054,4816
76125,0.00,0,42,0,0,69.04,3460,1054,4816
76175,0.00,0,42,0,0,69.04,3460,1054,4816
76225,0.00,0,42,0,0,69.04,3460,1054,4816
76275,0.00,0,42,0,0,69.04,3460,1054,4816
76325,0.00,0,42,0,0,69.04,3460,1054,4816
76375,0.00,0,42,0,0,69.04,3460,1054,4816
76425,0.00,0,42,0,0,69.04,3460,1054,4816
76475,0.00,0,42,0,0,69.04,3460,1054,4816
76525,0.00,0,42,0,0,69.04,3460,1054,4816
76575,0.00,0,42,0,0,69.04,3460,1054,4816
76625,0.00,0,42,0,0,69.04,3460,1054,4816
76675,0.00,0,42,0,0,69.04,3460,1054,4816
76725,0.00,0,42,0,0,69.04,3460,1054,4816
76775,0.00,0,42,0,0,69.04,3460,1054,4816
76825,0.00,0,42,0,0,69.04,3460,1054,4816
76875,0.00,0,42,0,0,69.04,3460,1054,4816
76925,0.00,0,42,0,0,69.04,3460,1054,4816
76975,0.00,0,42,0,0,69.04,3460,1054,4816
77025,0.00,0,42,0,0,69.04,3460,1054,4816
77075,0.00,0,42,0,0,69.04,3460,1054,4816
77125,0.00,0,42,0,0,69.04,3460,1054,4816
77175,0.00,0,42,0,0,69.04,3460,1054,4816
77225,0.00,0,42,0,0,69.04,3460,1054,4816
77275,0.00,0,42,0,0,69.04,3460,1054,4816
77325,0.00,0,42,0,0,69.04,3460,1054,4816
77375,0.00,0,42,0,0,69.04,3460,1054,4816
77425,0.00,0,42,0,0,69.04,3460,1054,4816
77475,0.00,0,42,0,0,69.04,3460,1054,4816
77526,0.00,0,42,0,0,69.04,3460,1054,4816
77576,0.00,0,42,0,0,69.04,3460,1054,4816
77626,0.00,0,42,0,0,69.04,3460,1054,4816
77676,0.00,0,42,0,0,69.04,3460,1054,4816
77726,0.00,0,42,0,0,69.04,3460,1054,4816
77776,0.00,0,42,0,0,69.04,3460,1054,4816
77826,0.00,0,42,0,0,69.04,3460,1054,4816
77876,0.00,0,42,0,0,69.04,3460,1054,4816
77926,0.00,0,42,0,0,69.04,3460,1054,4816
77976,0.00,0,42,0,0,69.04,3460,1054,4816
78026,0.00,0,42,0,0,69.04,3460,1054,4816
78076,0.00,0,42,0,0,69.04,3460,1054,4816
78126,0.00,0,42,0,0,69.04,3460,1054,4816
78176,0.00,0,42,0,0,69.04,3460,1054,4816
78226,0.00,0,42,0,0,69.04,3460,1054,4816
78276,0.00,0,42,0,0,69.04,3460,1054,4816
78326,0.00,0,42,0,0,69.04,3460,1054,4816
78376,0.00,0,42,0,0,69.04,3460,1054,4816
78426,0.00,0,42,0,0,69.04,3460,1054,4816
78476,0.00,0,42,0,0,69.04,3460,1054,4816
78526,0.00,0,42,0,0,69.04,3460,1054,4816
78576,0.00,0,42,0,0,69.04,3460,1054,4816
78626,0.00,0,42,0,0,69.04,3460,1054,4816
78676,0.00,0,42,0,0,69.04,3460,1054,4816
78726,0.00,0,42,0,0,69.04,3460,1054,4816
78776,0.00,0,42,0,0,69.04,3460,1054,4816
78826,0.00,0,42,0,0,69.04,3460,1054,4816
78876,0.00,0,42,0,0,69.04,3460,1054,4816
78926,0.00,0,42,0,0,69.04,3460,1054,4816
78976,0.00,0,42,0,0,69.04,3460,1054,4816
79026,0.00,0,42,0,0,69.04,3460,1054,4816
79076,0.00,0,42,0,0,69.04,3460,1054,4816
79126,0.00,0,42,0,0,69.04,3460,1054,4816
79176,0.00,0,42,0,0,69.04,3460,1054,4816
79226,0.00,0,42,0,0,69.04,3460,1054,4816
79276,0.00,0,42,0,0,69.04,3460,1054,4816
79326,0.00,0,42,0,0,69.04,3460,1054,4816
79376,0.00,0,42,0,0,69.04,3460,1054,4816
79426,0.00,0,42,0,0,69.04,3460,1054,4816
79476,0.00,0,42,0,0,69.04,3460,1054,4816
79526,0.00,0,42,0,0,69.04,3460,1054,4816
79576,0.00,0,42,0,0,69.04,3460,1054,4816
79626,0.00,0,42,0,0,69.04,3460,1054,4816
79676,0.00,0,42,0,0,69.04,3460,1054,4816
79726,0.00,0,42,0,0,69.04,3460,1054,4816
79776,0.00,0,42,0,0,69.04,3460,1054,4816
79826,0.00,0,42,0,0,69.04,3460,1054,4816
79876,0.00,0,42,0,0,69.04,3460,1054,4816
79926,0.00,0,42,0,0,69.04,3460,1054,4816
79976,0.00,0,42,0,0,69.04,3460,1054,4816
80026,0.00,0,42,0,0,69.04,3460,1054,4816
80076,0.00,0,42,0,0,69.04,3460,1054,4816
80126,0.00,0,42,0,0,69.04,3460,1054,4816
80176,0.00,0,42,0,0,69.04,3460,1054,4816
80226,0.00,0,42,0,0,69.04,3460,1054,4816
80276,0.00,0,42,0,0,69.04,3460,1054,4816
80326,0.00,0,42,0,0,69.04,3460,1054,4816
