Mechanical Governor - No Load
Trial: 9
Date: 3-31-2023
Time: 12:04 PM
Ambient Temp: 83
Head Temp: 206.7

------ Microcontroller Engine Governor - Version: 1.16 ------
-------------------------------------------------------------
PID Gains:        Kp: 0.013000   Ki: 0.025000   Kd: 1.000000
-------------------------------------------------------------
Set RPM:             3600    |  Min RPM:                300
                             |
RPM Precision        10       |  PID I Precision:         70
                             |
Start Steps:         850     |  Max Steps:               1200
                             |
RPM Calc Interval:   1       |  Num Magnets:             1
                             |
LCD Update Interval: 400     |  Serial Update Interval:  50
-------------------------------------------------------------

Time,RPM,Steps Remaining, PID p, PID i, PID d, RPM Change, P Cmd, I Cmd, D Cmd
1226,0.00,0,0,0,0,0.00,0,0,0
1276,0.00,0,0,0,0,0.00,0,0,0
1326,0.00,0,0,0,0,0.00,0,0,0
1376,0.00,0,0,0,0,0.00,0,0,0
1426,0.00,0,0,0,0,0.00,0,0,0
1476,0.00,0,0,0,0,0.00,0,0,0
1526,0.00,0,0,0,0,0.00,0,0,0
1576,0.00,0,0,0,0,0.00,0,0,0
1626,0.00,0,0,0,0,0.00,0,0,0
1676,0.00,0,0,0,0,0.00,0,0,0
1726,0.00,0,0,0,0,0.00,0,0,0
1776,0.00,0,0,0,0,0.00,0,0,0
1826,0.00,0,0,0,0,0.00,0,0,0
1876,0.00,0,0,0,0,0.00,0,0,0
1926,0.00,0,0,0,0,0.00,0,0,0
1976,0.00,0,0,0,0,0.00,0,0,0
2026,0.00,0,0,0,0,0.00,0,0,0
2076,0.00,0,0,0,0,0.00,0,0,0
2126,0.00,0,0,0,0,0.00,0,0,0
2176,0.00,0,0,0,0,0.00,0,0,0
2226,0.00,0,0,0,0,0.00,0,0,0
2276,0.00,0,0,0,0,0.00,0,0,0
2326,0.00,0,0,0,0,0.00,0,0,0
2376,0.00,0,0,0,0,0.00,0,0,0
2426,0.00,0,0,0,0,0.00,0,0,0
2476,0.00,0,0,0,0,0.00,0,0,0
2526,0.00,0,0,0,0,0.00,0,0,0
2576,0.00,0,0,0,0,0.00,0,0,0
2626,0.00,0,0,0,0,0.00,0,0,0
2676,0.00,0,0,0,0,0.00,0,0,0
2726,0.00,0,0,0,0,0.00,0,0,0
2776,0.00,0,0,0,0,0.00,0,0,0
2826,0.00,0,0,0,0,0.00,0,0,0
2876,0.00,0,0,0,0,0.00,0,0,0
2926,0.00,0,0,0,0,0.00,0,0,0
2976,0.00,0,0,0,0,0.00,0,0,0
3026,0.00,0,0,0,0,0.00,0,0,0
3076,0.00,0,0,0,0,0.00,0,0,0
3126,0.00,0,0,0,0,0.00,0,0,0
3176,0.00,0,0,0,0,0.00,0,0,0
3226,0.00,0,0,0,0,0.00,0,0,0
3276,0.00,0,0,0,0,0.00,0,0,0
3326,0.00,0,0,0,0,0.00,0,0,0
3376,0.00,0,0,0,0,0.00,0,0,0
3426,0.00,0,0,0,0,0.00,0,0,0
3476,0.00,0,0,0,0,0.00,0,0,0
3526,0.00,0,0,0,0,0.00,0,0,0
3576,0.00,0,0,0,0,0.00,0,0,0
3627,0.00,0,0,0,0,0.00,0,0,0
3677,0.00,0,0,0,0,0.00,0,0,0
3727,0.00,0,0,0,0,0.00,0,0,0
3777,0.00,0,0,0,0,0.00,0,0,0
3827,0.00,0,0,0,0,0.00,0,0,0
3877,0.00,0,0,0,0,0.00,0,0,0
3927,0.00,0,0,0,0,0.00,0,0,0
3977,0.00,0,0,0,0,0.00,0,0,0
4027,0.00,0,0,0,0,0.00,0,0,0
4077,0.00,0,0,0,0,0.00,0,0,0
4127,0.00,0,0,0,0,0.00,0,0,0
4177,0.00,0,0,0,0,0.00,0,0,0
4227,0.00,0,0,0,0,0.00,0,0,0
4277,0.00,0,0,0,0,0.00,0,0,0
4327,0.00,0,0,0,0,0.00,0,0,0
4377,0.00,0,0,0,0,0.00,0,0,0
4427,0.00,0,0,0,0,0.00,0,0,0
4477,0.00,0,0,0,0,0.00,0,0,0
4527,0.00,0,0,0,0,0.00,0,0,0
4577,0.00,0,0,0,0,0.00,0,0,0
4627,0.00,0,0,0,0,0.00,0,0,0
4677,0.00,0,0,0,0,0.00,0,0,0
4727,0.00,0,0,0,0,0.00,0,0,0
4777,0.00,0,0,0,0,0.00,0,0,0
4827,0.00,0,0,0,0,0.00,0,0,0
4877,0.00,0,0,0,0,0.00,0,0,0
4927,0.00,0,0,0,0,0.00,0,0,0
4977,0.00,0,0,0,0,0.00,0,0,0
5027,0.00,0,0,0,0,0.00,0,0,0
5078,0.00,0,0,0,0,0.00,0,0,0
5128,0.00,0,0,0,0,0.00,0,0,0
5178,0.00,0,0,0,0,0.00,0,0,0
5228,0.00,0,0,0,0,0.00,0,0,0
5278,0.00,0,0,0,0,0.00,0,0,0
5328,0.00,0,0,0,0,0.00,0,0,0
5378,0.00,0,0,0,0,0.00,0,0,0
5428,0.00,0,0,0,0,0.00,0,0,0
5478,0.00,0,0,0,0,0.00,0,0,0
5528,0.00,0,0,0,0,0.00,0,0,0
5578,0.00,0,0,0,0,0.00,0,0,0
5628,0.00,0,0,0,0,0.00,0,0,0
5678,0.00,0,0,0,0,0.00,0,0,0
5728,0.00,0,0,0,0,0.00,0,0,0
5778,0.00,0,0,0,0,0.00,0,0,0
5828,0.00,0,0,0,0,0.00,0,0,0
5878,0.00,0,0,0,0,0.00,0,0,0
5928,0.00,0,0,0,0,0.00,0,0,0
5978,0.00,0,0,0,0,0.00,0,0,0
6028,0.00,0,0,0,0,0.00,0,0,0
6078,0.00,0,0,0,0,0.00,0,0,0
6128,0.00,0,0,0,0,0.00,0,0,0
6178,0.00,0,0,0,0,0.00,0,0,0
6228,0.00,0,0,0,0,0.00,0,0,0
6278,0.00,0,0,0,0,0.00,0,0,0
6328,0.00,0,0,0,0,0.00,0,0,0
6378,0.00,0,0,0,0,0.00,0,0,0
6428,0.00,0,0,0,0,0.00,0,0,0
6478,0.00,0,0,0,0,0.00,0,0,0
6528,0.00,0,0,0,0,0.00,0,0,0
6578,0.00,0,0,0,0,0.00,0,0,0
6628,0.00,0,0,0,0,0.00,0,0,0
6678,0.00,0,0,0,0,0.00,0,0,0
6728,0.00,0,0,0,0,0.00,0,0,0
6778,0.00,0,0,0,0,0.00,0,0,0
6828,0.00,0,0,0,0,0.00,0,0,0
6878,0.00,0,0,0,0,0.00,0,0,0
6928,0.00,0,0,0,0,0.00,0,0,0
6978,0.00,0,0,0,0,0.00,0,0,0
7028,0.00,0,0,0,0,0.00,0,0,0
7078,0.00,0,0,0,0,0.00,0,0,0
7128,0.00,0,0,0,0,0.00,0,0,0
7178,0.00,0,0,0,0,0.00,0,0,0
7228,0.00,0,0,0,0,0.00,0,0,0
7278,0.00,0,0,0,0,0.00,0,0,0
7328,0.00,0,0,0,0,0.00,0,0,0
7378,0.00,0,0,0,0,0.00,0,0,0
7428,0.00,0,0,0,0,0.00,0,0,0
7478,0.00,0,0,0,0,0.00,0,0,0
7528,0.00,0,0,0,0,0.00,0,0,0
7578,0.00,0,0,0,0,0.00,0,0,0
7628,0.00,0,0,0,0,0.00,0,0,0
7678,0.00,0,0,0,0,0.00,0,0,0
7728,0.00,0,0,0,0,0.00,0,0,0
7778,0.00,0,0,0,0,0.00,0,0,0
7828,0.00,0,0,0,0,0.00,0,0,0
7878,0.00,0,0,0,0,0.00,0,0,0
7928,0.00,0,0,0,0,0.00,0,0,0
7979,0.00,0,0,0,0,0.00,0,0,0
8029,0.00,0,0,0,0,0.00,0,0,0
8079,0.00,0,0,0,0,0.00,0,0,0
8129,0.00,0,0,0,0,0.00,0,0,0
8179,0.00,0,0,0,0,0.00,0,0,0
8229,0.00,0,0,0,0,0.00,0,0,0
8279,0.00,0,0,0,0,0.00,0,0,0
8329,0.00,0,0,0,0,0.00,0,0,0
8379,0.00,0,0,0,0,0.00,0,0,0
8429,0.00,0,0,0,0,0.00,0,0,0
8479,0.00,0,0,0,0,0.00,0,0,0
8529,0.00,0,0,0,0,0.00,0,0,0
8579,0.00,0,0,0,0,0.00,0,0,0
8629,0.00,0,0,0,0,0.00,0,0,0
8679,0.00,0,0,0,0,0.00,0,0,0
8729,0.00,0,0,0,0,0.00,0,0,0
8779,0.00,0,0,0,0,0.00,0,0,0
8829,0.00,0,0,0,0,0.00,0,0,0
8879,0.00,0,0,0,0,0.00,0,0,0
8929,0.00,0,0,0,0,0.00,0,0,0
8979,0.00,0,0,0,0,0.00,0,0,0
9029,0.00,0,0,0,0,0.00,0,0,0
9079,0.00,0,0,0,0,0.00,0,0,0
9129,0.00,0,0,0,0,0.00,0,0,0
9179,0.00,0,0,0,0,0.00,0,0,0
9229,0.00,0,0,0,0,0.00,0,0,0
9279,0.00,0,0,0,0,0.00,0,0,0
9329,0.00,0,0,0,0,0.00,0,0,0
9379,0.00,0,0,0,0,0.00,0,0,0
9430,0.00,0,0,0,0,0.00,0,0,0
9480,0.00,0,0,0,0,0.00,0,0,0
9530,0.00,0,0,0,0,0.00,0,0,0
9580,0.00,0,0,0,0,0.00,0,0,0
9630,0.00,0,0,0,0,0.00,0,0,0
9680,0.00,0,0,0,0,0.00,0,0,0
9730,0.00,0,0,0,0,0.00,0,0,0
9780,0.00,0,0,0,0,0.00,0,0,0
9830,0.00,0,0,0,0,0.00,0,0,0
9880,0.00,0,0,0,0,0.00,0,0,0
9930,0.00,0,0,0,0,0.00,0,0,0
9980,0.00,0,0,0,0,0.00,0,0,0
10030,0.00,0,0,0,0,0.00,0,0,0
10080,0.00,0,0,0,0,0.00,0,0,0
10130,0.00,0,0,0,0,0.00,0,0,0
10180,0.00,0,0,0,0,0.00,0,0,0
10230,0.00,0,0,0,0,0.00,0,0,0
10280,inf,0,0,0,0,inf,0,0,0
10330,inf,0,0,0,0,inf,0,0,0
10380,inf,0,0,0,0,inf,0,0,0
10430,408.65,0,41,0,0,inf,41,0,0
10480,408.65,0,41,0,0,inf,41,0,0
10530,537.98,9,39,0,-1,-129.33,80,0,1
10580,954.75,10,34,0,-6,-416.76,114,0,7
10630,966.68,29,34,0,0,-11.94,148,0,7
10680,1419.51,5,28,0,-10,-452.83,176,0,17
10730,1439.54,6,28,0,0,-20.03,204,0,17
10780,1754.18,20,23,0,0,-14.04,251,0,25
10830,2036.11,0,20,0,-9,-281.93,271,0,34
10880,2240.81,0,17,0,-7,-203.05,308,0,41
10930,2496.67,0,14,0,-10,-233.89,339,0,51
10980,2751.28,0,11,0,-11,-247.53,364,0,62
11030,2969.71,0,8,0,0,11.81,391,0,76
11080,3344.48,-4,3,0,-9,-179.26,404,0,95
11130,3508.77,0,1,0,-4,-168.76,408,0,99
11180,3544.42,0,0,1,0,403.98,417,1,163
11230,3947.37,-27,-4,0,-25,-402.94,429,3,245
11280,3671.07,0,0,0,0,28.98,431,3,245
11330,3660.32,0,0,-1,0,-75.24,431,5,245
11380,3587.66,0,0,0,0,-20.48,431,5,245
11430,3612.72,0,0,0,0,16.61,431,5,245
11480,3680.08,0,-1,0,0,-33.99,432,7,245
11530,3671.97,0,0,0,0,28.99,433,7,245
11580,3644.31,0,0,-1,0,-8.83,433,9,245
11630,3574.83,0,0,0,0,17.98,433,9,245
11680,3641.66,0,0,-1,0,-51.43,433,10,245
11730,3637.25,0,0,0,0,16.83,433,11,245
11780,3668.38,0,0,-1,0,-22.29,433,14,245
11830,3636.36,0,0,0,0,21.28,433,16,245
11880,3622.31,0,0,0,0,0.87,433,16,245
11930,3615.33,0,0,0,0,26.33,433,17,245
11980,3632.84,0,0,0,0,-18.38,433,18,245
12030,3615.33,0,0,0,0,28.10,433,19,245
12080,3643.43,0,0,-1,0,-17.61,433,21,245
12130,3626.69,0,0,0,0,16.74,433,22,245
12180,3654.97,0,0,-1,0,-29.16,433,24,245
12230,3610.98,0,0,0,0,22.74,433,24,245
12280,3632.84,0,0,0,0,-17.51,433,25,245
12331,3603.17,0,0,0,0,-9.59,433,25,245
12381,3654.97,0,0,-1,0,-30.03,433,27,245
12431,3657.64,0,0,-1,0,9.84,433,30,245
12481,3667.48,0,0,-1,0,-7.16,434,32,245
12531,3648.75,0,0,-1,0,29.53,435,34,245
12581,3633.72,0,0,0,0,-31.42,435,34,245
12631,3602.31,0,0,0,0,-26.12,435,34,245
12681,3626.69,0,0,0,0,-24.39,435,34,245
12731,3615.33,0,0,0,0,28.10,435,35,245
12781,3653.19,0,0,-1,0,-50.89,435,36,245
12831,3625.82,0,0,0,0,29.16,435,37,245
12881,3644.31,0,0,-1,0,-7.95,435,39,245
12931,3636.36,0,0,0,0,23.07,435,40,245
12981,3646.09,0,0,-1,0,0.89,435,43,245
13031,3602.31,0,0,0,0,-3.50,435,43,245
13081,3642.54,0,0,-1,0,-24.60,435,44,245
13131,3626.69,0,0,0,0,30.95,435,45,245
13181,3661.22,0,0,-1,0,55.34,436,46,245
13231,3545.26,0,0,1,0,336.73,441,47,275
13281,3651.41,0,0,-1,0,139.34,443,48,275
13331,3545.26,0,0,1,0,376.31,449,49,311
13381,3544.42,0,0,1,0,468.42,456,50,356
13431,3704.62,0,-1,0,0,59.50,466,50,407
13481,3591.95,0,0,0,0,6.10,466,50,407
13531,3654.08,0,0,-1,0,-41.36,466,51,407
13581,3636.36,0,0,0,0,28.43,466,52,407
13631,3654.08,0,0,-1,0,-17.72,466,54,407
13681,3624.94,0,0,0,0,39.85,466,55,407
13731,3632.84,0,0,0,0,-20.12,466,55,407
13782,3612.72,0,0,0,0,20.12,466,55,407
13832,3641.66,0,0,-1,0,-18.47,466,56,407
13882,3636.36,0,0,0,0,28.43,466,57,407
13932,3675.57,0,0,0,0,-39.21,466,58,407
13982,3646.09,0,0,-1,0,10.67,466,61,407
14032,3643.43,0,0,-1,0,-20.24,466,62,407
14082,3624.06,0,0,0,0,30.02,466,63,407
14132,3632.84,0,0,0,0,-16.64,466,64,407
14182,3625.82,0,0,0,0,17.61,466,65,407
14232,3654.08,0,0,-1,0,-18.60,466,67,407
14282,3624.06,0,0,0,0,41.63,466,68,407
14332,3643.43,0,0,-1,0,-28.10,466,70,407
14382,3624.06,0,0,0,0,20.25,466,71,407
14432,3654.08,0,0,-1,0,-38.75,466,73,407
14482,3634.60,0,0,0,0,20.37,466,74,407
14532,3644.31,0,0,-1,0,-18.50,466,76,407
14582,3627.57,0,0,0,0,54.32,467,76,407
14632,3654.97,0,0,-1,0,-18.61,467,78,407
14682,3613.59,0,0,0,0,30.73,467,79,407
14732,3654.97,0,0,-1,0,-29.16,467,81,407
14782,3622.31,0,0,0,0,14.05,467,82,407
14832,3654.08,0,0,-1,0,-30.89,467,83,407
14882,3624.94,0,0,0,0,29.14,467,84,407
14932,3643.43,0,0,-1,0,-27.23,467,86,407
14982,3624.06,0,0,0,0,19.37,467,87,407
15032,3632.84,0,0,0,0,-7.03,467,88,407
15082,3602.31,0,0,0,0,1.74,467,88,407
15132,3643.43,0,0,-1,0,-30.71,467,89,407
15182,3636.36,0,0,0,0,17.72,467,90,407
15232,3654.08,0,0,-1,0,-17.72,467,92,407
15282,3645.20,0,0,-1,0,12.44,467,95,407
15332,3632.84,0,0,0,0,6.17,467,96,407
15382,3613.59,0,0,0,0,27.19,467,97,407
15432,3643.43,0,0,-1,0,-20.24,467,99,407
15482,3617.94,0,0,0,0,62.13,468,99,407
15532,3650.52,0,0,-1,0,139.27,471,100,407
15582,3638.13,0,0,0,0,85.80,472,100,408
15632,3545.26,0,0,1,0,296.95,476,101,433
15682,3545.26,0,0,1,0,364.04,482,102,465
15732,3546.10,0,0,1,0,416.91,488,103,503
15782,3657.64,0,0,-1,0,25.14,497,104,559
15832,3646.97,0,0,-1,0,-2.66,497,106,559
15883,3791.71,-1,-2,0,0,-247.29,507,107,625
15933,3612.72,0,0,0,0,20.12,507,107,625
15983,3654.97,0,0,-1,0,-30.91,507,109,625
16033,3625.82,0,0,0,0,28.26,507,110,625
16083,3654.08,0,0,-1,0,-29.14,507,112,625
16133,3625.82,0,0,0,0,28.26,507,113,625
16183,3654.08,0,0,-1,0,-30.02,507,115,625
16233,3625.82,0,0,0,0,28.26,507,116,625
16283,3642.54,0,0,-1,0,-6.18,507,118,625
16333,3636.36,0,0,0,0,18.61,507,119,625
16384,3643.43,0,0,-1,0,-17.61,507,121,625
16434,3580.81,0,0,0,0,12.87,507,121,625
16484,3632.84,0,0,0,0,-39.17,507,121,625
16534,3615.33,0,0,0,0,36.97,507,122,625
16584,3653.19,0,0,-1,0,-36.99,507,124,625
16634,3649.63,0,0,-1,0,28.64,508,126,625
16684,3667.48,0,0,-1,0,-20.51,508,128,625
16734,3623.19,0,0,0,0,12.29,508,129,625
16784,3643.43,0,0,-1,0,-17.61,508,131,625
16834,3613.59,0,0,0,0,30.73,508,132,625
16884,3635.48,0,0,0,0,-33.18,508,132,625
16934,3612.72,0,0,0,0,22.77,508,132,625
16984,3654.08,0,0,-1,0,-38.75,508,134,625
17034,3615.33,0,0,0,0,28.10,508,135,625
17084,3623.19,0,0,0,0,-7.86,508,136,625
17134,3601.44,0,0,0,0,-25.25,508,136,625
17184,3644.31,0,0,-1,0,-32.47,508,137,625
17234,3612.72,0,0,0,0,19.24,508,137,625
17284,3654.08,0,0,-1,0,-28.26,508,139,625
17334,3615.33,0,0,0,0,28.10,508,140,625
17384,3664.79,0,0,-1,0,-28.43,508,142,625
17434,3645.20,0,0,-1,0,19.59,508,144,625
17484,3646.09,0,0,-1,0,0.89,508,147,625
17534,3615.33,0,0,0,0,28.10,508,148,625
17584,3632.84,0,0,0,0,-20.12,508,148,625
17634,3601.44,0,0,0,0,-40.18,508,148,625
17684,3644.31,0,0,-1,0,-19.38,508,150,625
17734,3615.33,0,0,0,0,28.10,508,151,625
17784,3642.54,0,0,-1,0,-27.22,508,153,625
17835,3602.31,0,0,0,0,-7.00,508,153,625
17885,3643.43,0,0,-1,0,-29.84,508,154,625
17935,3624.94,0,0,0,0,39.85,508,155,625
17985,3654.97,0,0,-1,0,-27.40,508,157,625
18035,3629.32,0,0,0,0,116.93,509,158,626
18085,3545.26,0,0,1,0,335.72,514,159,654
18135,3544.42,0,0,1,0,479.18,521,160,694
18185,3544.42,0,0,1,0,349.66,525,161,720
18235,3544.42,0,0,1,0,456.64,532,162,763
18286,3814.85,-17,-2,0,-16,-268.75,541,163,832
18336,3545.26,0,0,1,0,274.45,544,164,854
18386,3635.48,0,0,0,0,28.42,545,165,856
18436,3633.72,0,0,0,0,-7.91,545,166,856
18486,3624.94,0,0,0,0,18.49,545,167,856
18536,3623.19,0,0,0,0,2.63,545,168,856
18586,3602.31,0,0,0,0,-22.66,545,168,856
18636,3654.08,0,0,-1,0,-31.77,545,169,856
18686,3624.94,0,0,0,0,19.38,545,170,856
18736,3654.08,0,0,-1,0,-37.88,545,172,856
18786,3636.36,0,0,0,0,17.72,545,173,856
18836,3633.72,0,0,0,0,-7.91,545,174,856
18886,3616.20,0,0,0,0,27.23,545,175,856
18936,3644.31,0,0,-1,0,-28.99,545,177,856
18987,3601.44,0,0,0,0,-9.58,545,177,856
19037,3643.43,0,0,-1,0,-28.10,545,179,856
19087,3614.46,0,0,0,0,28.97,545,180,856
19137,3622.31,0,0,0,0,-8.73,545,180,856
19187,3625.82,0,0,0,0,18.50,545,181,856
19237,3631.96,0,0,0,0,-6.15,545,182,856
19287,3625.82,0,0,0,0,28.26,545,183,856
19337,3634.60,0,0,0,0,-34.03,545,183,856
19387,3541.91,0,0,1,0,92.69,545,184,856
19437,3644.31,0,0,-1,0,-19.38,546,185,859
19487,3624.94,0,0,0,0,18.49,546,186,859
19537,3632.84,0,0,0,0,-10.53,546,186,859
19587,3615.33,0,0,0,0,27.22,546,187,859
19637,3624.06,0,0,0,0,-32.11,546,187,859
19687,3625.82,0,0,0,0,17.61,546,188,859
19737,3664.79,0,0,-1,0,-49.46,546,190,859
19787,3625.82,0,0,0,0,29.16,546,191,859
19837,3643.43,0,0,-1,0,-17.61,546,193,859
19887,3625.82,0,0,0,0,17.61,546,194,859
19937,3632.84,0,0,0,0,-20.12,546,194,859
19987,3612.72,0,0,0,0,19.24,546,194,859
20037,3632.84,0,0,0,0,-20.99,546,194,859
20087,3591.95,0,0,0,0,-24.35,546,194,859
20137,3632.84,0,0,0,0,-20.99,546,194,859
20187,3624.06,0,0,0,0,30.02,546,195,859
20237,3665.69,0,0,-1,0,-39.87,546,197,859
20287,3635.48,0,0,0,0,32.90,546,199,859
20337,3624.94,0,0,0,0,-33.85,546,199,859
20387,3602.31,0,0,0,0,-42.61,546,199,859
20438,3654.08,0,0,-1,0,-38.75,546,201,859
20488,3612.72,0,0,0,0,21.00,546,201,859
20538,3633.72,0,0,0,0,-22.74,546,201,859
20588,3615.33,0,0,0,0,28.99,546,202,859
20638,3643.43,0,0,-1,0,108.45,548,203,861
20688,3612.72,0,0,0,0,22.77,548,203,861
20738,3644.31,0,0,-1,0,-35.08,548,204,861
20788,3615.33,0,0,0,0,28.10,548,205,861
20838,3643.43,0,0,-1,0,-14.98,548,207,861
20888,3616.20,0,0,0,0,29.00,548,208,861
20938,3627.57,0,0,0,0,-20.07,548,208,861
20988,3618.82,0,0,0,0,61.26,549,208,861
21038,3632.84,0,0,0,0,89.24,551,208,866
21088,3612.72,0,0,0,0,22.77,551,208,866
21138,3636.36,0,0,0,0,18.61,551,209,866
21188,3601.44,0,-1,0,-5,-207.46,553,209,871
21238,3544.42,0,0,1,0,260.75,556,210,891
21288,3545.26,0,0,1,0,396.92,561,211,920
21338,3544.42,0,0,1,0,522.82,570,212,970
21388,3546.10,0,0,1,0,395.05,575,213,1001
21438,3543.59,0,0,1,0,497.36,583,214,1049
21488,3546.10,0,0,1,0,401.27,591,215,1107
21539,3737.85,-2,-1,0,-2,-193.43,600,216,1155
21590,3654.08,0,0,-1,0,-28.26,600,218,1155
21640,3625.82,0,0,0,0,29.16,600,219,1155
21690,3643.43,0,0,-1,0,-16.74,600,221,1155
21740,3625.82,0,0,0,0,18.50,600,222,1155
21790,3623.19,0,0,0,0,-0.87,600,222,1155
21840,3597.98,0,-1,0,0,-120.57,601,222,1155
21890,3607.50,0,0,0,0,-19.96,601,222,1155
21940,3601.44,0,0,0,0,-41.65,601,222,1155
21990,3654.08,0,0,-1,0,-28.26,601,224,1155
22040,3634.60,0,0,0,0,12.37,601,226,1155
22090,3643.43,0,0,-1,0,-18.49,601,228,1155
22140,3611.85,0,0,0,0,20.99,601,228,1155
22190,3601.44,0,0,-1,0,-32.47,601,229,1155
22240,3602.31,0,0,0,0,-38.88,601,229,1155
22290,3617.94,0,0,0,0,-15.64,601,229,1155
22340,3602.31,0,0,0,0,-26.08,601,229,1155
22390,3633.72,0,0,0,0,-20.13,601,230,1155
22440,3625.82,0,0,0,0,28.26,601,231,1155
22490,3654.08,0,0,-1,0,-29.14,601,233,1155
22540,3612.72,0,0,0,0,21.00,601,233,1155
22590,3635.48,0,0,0,0,-33.18,601,233,1155
22640,3615.33,0,0,0,0,29.87,601,234,1155
22690,3633.72,0,0,0,0,-11.41,601,234,1155
22740,3615.33,0,0,0,0,28.10,601,235,1155
22790,3654.08,0,0,-1,0,-38.75,601,237,1155
22840,3625.82,0,0,0,0,18.50,601,238,1155
22890,3633.72,0,0,0,0,-22.74,601,238,1155
22940,3601.44,0,0,0,0,-2.62,601,238,1155
22990,3632.84,0,0,0,0,-20.99,601,238,1155
23040,3615.33,0,0,0,0,30.76,601,239,1155
23090,3608.37,0,0,0,0,26.61,601,239,1155
23140,3612.72,0,0,0,0,14.85,601,239,1155
23190,3643.43,0,0,-1,0,-17.61,601,241,1155
23240,3635.48,0,0,0,0,7.95,601,242,1155
23290,3633.72,0,0,0,0,-7.91,601,243,1155
23340,3615.33,0,0,0,0,28.10,601,244,1155
23390,3642.54,0,0,-1,0,-27.22,601,246,1155
23440,3673.77,0,0,0,0,-80.95,601,246,1155
23490,3632.84,0,0,0,0,-11.40,601,246,1155
23540,3612.72,0,0,0,0,20.12,601,246,1155
23590,3622.31,0,0,0,0,-9.60,601,246,1155
23640,3591.95,0,0,0,0,-26.12,601,246,1155
23690,3644.31,0,0,-1,0,-41.14,601,248,1155
23740,3625.82,0,0,0,0,17.61,601,249,1155
23790,3654.08,0,0,-1,0,-29.14,601,251,1155
23840,3612.72,0,0,0,0,20.12,601,251,1155
23890,3622.31,0,0,0,0,-9.60,601,251,1155
23940,3612.72,0,0,0,0,8.72,601,251,1155
23990,3643.43,0,0,-1,0,-30.71,601,252,1155
24040,3612.72,0,0,0,0,20.12,601,252,1155
24090,3643.43,0,0,-1,0,-32.45,601,253,1155
24140,3615.33,0,0,0,0,28.10,601,254,1155
24190,3617.94,0,0,0,0,-33.72,601,254,1155
24240,3612.72,0,0,0,0,20.12,601,254,1155
24290,3644.31,0,0,-1,0,-18.50,601,256,1155
24340,3625.82,0,0,0,0,28.26,601,257,1155
24390,3643.43,0,0,-1,0,-32.45,601,258,1155
24440,3626.69,0,0,0,0,16.74,601,259,1155
24491,3633.72,0,0,0,0,-9.66,601,260,1155
24541,3614.46,0,0,0,0,28.97,601,261,1155
24591,3622.31,0,0,0,0,-5.24,601,262,1155
24641,3579.95,0,0,0,0,24.95,601,262,1155
24691,3639.01,0,0,0,0,-49.63,601,262,1155
24741,3614.46,0,0,0,0,30.74,601,263,1155
24791,3632.84,0,0,0,0,-22.73,601,264,1155
24841,3625.82,0,0,0,0,27.37,601,265,1155
24891,3654.08,0,0,-1,0,-18.60,601,267,1155
24941,3617.94,0,0,0,0,59.43,602,267,1155
24991,3630.20,0,0,0,0,123.55,604,267,1156
25041,3544.42,0,0,1,0,298.77,609,268,1182
25091,3546.10,0,0,1,0,397.12,615,269,1213
25141,3619.69,0,0,0,0,174.90,617,270,1213
25191,3545.26,0,0,1,0,346.80,622,271,1245
25241,3546.10,0,0,1,0,398.16,628,272,1281
25291,3545.26,0,0,1,0,403.15,635,273,1318
25341,3544.42,0,0,1,0,469.49,643,274,1361
25391,3545.26,0,0,1,0,402.11,650,275,1415
25441,3545.26,0,0,1,0,315.74,653,276,1434
25491,3545.26,0,0,1,0,385.56,659,277,1467
25542,3736.92,-2,-1,0,-2,-192.50,668,278,1518
25592,3624.94,0,0,0,0,19.38,668,279,1518
25643,3632.84,0,0,0,0,2.64,668,280,1518
25693,3624.94,0,0,0,0,19.38,668,281,1518
25743,3622.31,0,0,0,0,-7.86,668,282,1518
25793,3600.58,0,0,0,0,-15.62,668,282,1518
25843,3630.20,0,0,0,0,-28.76,668,282,1518
25893,3614.46,0,0,0,0,26.32,668,283,1518
25943,3654.08,0,0,-1,0,-32.64,668,284,1518
25993,3612.72,0,0,0,0,21.00,668,284,1518
26043,3632.84,0,0,0,0,-20.12,668,284,1518
26093,3612.72,0,0,0,0,21.00,668,284,1518
26143,3622.31,0,0,0,0,0.87,668,284,1518
26193,3612.72,0,0,0,0,9.60,668,284,1518
26243,3593.67,0,0,0,0,3.50,668,284,1518
26293,3602.31,0,0,0,0,36.51,668,284,1518
26343,3633.72,0,0,0,0,-18.39,668,285,1518
26393,3611.85,0,0,0,0,28.05,668,285,1518
26443,3643.43,0,0,-1,0,-28.10,668,287,1518
26493,3615.33,0,0,0,0,28.10,668,288,1518
26543,3641.66,0,0,-1,0,-18.47,668,289,1518
26593,3615.33,0,0,0,0,28.99,668,290,1518
26643,3616.20,0,0,0,0,-23.39,668,290,1518
26693,3602.31,0,0,0,0,-39.95,668,290,1518
26743,3654.08,0,0,-1,0,-30.89,668,291,1518
26793,3625.82,0,0,0,0,18.50,668,292,1518
26843,3654.08,0,0,-1,0,-32.64,668,293,1518
26893,3625.82,0,0,0,0,28.26,668,294,1518
26943,3632.84,0,0,0,0,-18.38,668,295,1518
26993,3612.72,0,0,0,0,20.12,668,295,1518
27043,3644.31,0,0,-1,0,-42.01,668,296,1518
27094,3601.44,0,0,0,0,-25.36,668,296,1518
27144,3643.43,0,0,-1,0,-42.85,668,297,1518
27194,3625.82,0,0,0,0,27.37,668,298,1518
27244,3654.08,0,0,-1,0,-18.60,668,300,1518
27294,3615.33,0,0,0,0,39.64,668,301,1518
27344,3634.60,0,0,0,0,-33.16,668,301,1518
27394,3625.82,0,0,0,0,17.61,668,302,1518
27444,3632.84,0,0,0,0,-20.99,668,302,1518
27494,3612.72,0,0,0,0,7.85,668,302,1518
27544,3631.08,0,0,0,0,-18.37,668,302,1518
27594,3625.82,0,0,0,0,17.61,668,303,1518
27644,3643.43,0,0,-1,0,-18.49,668,305,1518
27694,3590.23,0,0,0,0,-9.58,668,305,1518
27744,3626.69,0,0,0,0,-24.39,668,305,1518
27794,3615.33,0,0,0,0,28.99,668,306,1518
27844,3654.08,0,0,-1,0,-28.26,668,308,1518
27894,3625.82,0,0,0,0,17.61,668,309,1518
27944,3621.44,0,0,0,0,0.87,668,309,1518
27994,3602.31,0,0,0,0,-19.26,668,309,1518
28044,3652.30,0,0,-1,0,-47.40,668,311,1518
28094,3624.94,0,0,0,0,29.14,668,312,1518
28144,3643.43,0,0,-1,0,-17.61,668,314,1518
28194,3612.72,0,0,0,0,9.60,668,314,1518
28244,3632.84,0,0,0,0,-22.73,668,314,1518
28294,3612.72,0,0,0,0,22.77,668,314,1518
28344,3635.48,0,0,0,0,-34.04,668,314,1518
28394,3625.82,0,0,0,0,15.84,668,315,1518
28444,3622.31,0,0,0,0,-8.73,668,315,1518
28494,3622.31,0,0,0,0,15.81,668,315,1518
28544,3633.72,0,0,0,0,-14.03,668,315,1518
28594,3612.72,0,0,0,0,13.10,668,315,1518
28644,3632.84,0,0,0,0,-7.03,668,315,1518
28694,3615.33,0,0,0,0,26.33,668,316,1518
28744,3632.84,0,0,0,0,0.88,668,316,1518
28794,3573.98,0,0,0,0,67.68,668,318,1518
28844,3643.43,0,0,-1,0,-14.10,668,319,1518
28894,3624.06,0,0,0,0,32.69,668,320,1518
28944,3675.57,0,0,0,0,-39.21,668,321,1518
28994,3543.59,0,0,1,0,286.85,671,322,1540
29044,3545.26,0,0,1,0,397.96,677,323,1573
29094,3541.91,0,0,1,0,384.79,684,324,1608
29144,3544.42,0,0,1,0,492.17,691,325,1652
29194,3545.26,0,0,1,0,323.71,695,326,1677
29244,3546.10,0,0,1,0,384.72,701,327,1711
29295,3735.99,-2,-1,0,-2,-191.57,710,328,1761
29345,3625.82,0,0,0,0,28.26,710,329,1761
29395,3654.08,0,0,-1,0,-28.26,710,331,1761
29445,3585.09,0,0,0,0,17.22,710,331,1761
29495,3624.06,0,0,0,0,-28.67,710,331,1761
29545,3593.67,0,0,0,0,35.55,710,331,1761
29595,3626.69,0,0,0,0,-24.39,710,331,1761
29645,3615.33,0,0,0,0,36.08,710,332,1761
29696,3654.97,0,0,-1,0,-29.16,710,334,1761
29746,3622.31,0,0,0,0,9.65,710,334,1761
29796,3635.48,0,0,0,0,-33.18,710,334,1761
29846,3615.33,0,0,0,0,28.99,710,335,1761
29896,3644.31,0,0,-1,0,-17.62,710,337,1761
29946,3615.33,0,0,0,0,38.75,710,338,1761
29996,3607.50,0,0,0,0,40.65,710,338,1761
30046,3602.31,0,0,0,0,-30.29,710,338,1761
30096,3633.72,0,0,0,0,-12.28,710,338,1761
30146,3624.94,0,0,0,0,17.61,710,339,1761
30196,3623.19,0,0,0,0,2.63,710,340,1761
30246,3592.81,0,0,0,0,10.47,710,340,1761
30296,3726.71,0,-1,0,-3,-196.47,711,341,1764
30346,3635.48,0,0,0,0,30.21,711,342,1764
30396,3656.75,0,0,-1,0,-9.78,711,345,1764
30446,3625.82,0,0,0,0,29.16,711,346,1764
30496,3633.72,0,0,0,0,-7.91,711,347,1764
30546,3611.85,0,0,0,0,20.99,711,347,1764
30596,3633.72,0,0,0,0,-21.87,711,347,1764
30646,3612.72,0,0,0,0,13.98,711,347,1764
30696,3644.31,0,0,-1,0,-31.60,711,348,1764
30746,3635.48,0,0,0,0,18.60,711,349,1764
30796,3622.31,0,0,0,0,3.50,711,350,1764
30846,3601.44,0,0,0,0,-29.68,711,350,1764
30896,3599.71,0,0,0,0,-34.92,711,350,1764
30946,3590.23,0,0,0,0,-36.28,711,350,1764
30996,3643.43,0,0,-1,0,-28.10,711,352,1764
31046,3636.36,0,0,0,0,7.07,711,353,1764
31096,3643.43,0,0,-1,0,-7.07,711,355,1764
31147,3625.82,0,0,0,0,16.73,711,356,1764
31197,3654.08,0,0,-1,0,-28.26,711,358,1764
31247,3635.48,0,0,0,0,7.06,711,359,1764
31297,3633.72,0,0,0,0,-11.41,711,359,1764
31347,3615.33,0,0,0,0,28.10,711,360,1764
31397,3592.81,0,0,0,0,2.61,711,360,1764
31447,3591.95,0,0,0,0,-37.97,711,360,1764
31497,3635.48,0,0,0,0,-29.71,711,361,1764
31547,3611.85,0,0,0,0,21.87,711,361,1764
31597,3632.84,0,0,0,0,-20.12,711,361,1764
31647,3621.44,0,0,0,0,11.40,711,361,1764
31697,3643.43,0,0,-1,0,-20.24,711,362,1764
31747,3625.82,0,0,0,0,16.73,711,363,1764
31797,3654.08,0,0,-1,0,-38.75,711,365,1764
31847,3636.36,0,0,0,0,18.61,711,366,1764
31897,3654.08,0,0,-1,0,-28.26,711,368,1764
31947,3602.31,0,0,0,0,-2.64,711,368,1764
31997,3623.19,0,0,0,0,-31.23,711,368,1764
32047,3600.58,0,0,0,0,-39.13,711,368,1764
32097,3654.08,0,0,-1,0,-38.75,711,370,1764
32147,3634.60,0,0,0,0,20.37,711,371,1764
32197,3654.08,0,0,-1,0,-15.07,711,373,1764
32247,3600.58,0,0,0,0,-2.63,711,373,1764
32297,3624.94,0,0,0,0,-28.68,711,373,1764
32347,3592.81,0,0,0,0,-44.30,711,373,1764
32397,3635.48,0,0,0,0,-34.91,711,373,1764
32447,3611.85,0,0,0,0,22.75,711,373,1764
32497,3644.31,0,0,-1,0,-33.34,711,374,1764
32547,3625.82,0,0,0,0,37.19,711,375,1764
32598,3643.43,0,0,-1,0,95.35,712,377,1766
32648,3545.26,0,0,1,0,334.72,717,378,1796
32698,3544.42,0,0,1,0,450.25,724,379,1838
32748,3543.59,0,0,1,0,503.90,732,380,1900
32798,3601.44,0,-2,0,-1,181.36,742,380,1958
32848,3634.60,0,0,0,0,-32.30,742,380,1958
32898,3643.43,0,0,-1,0,-42.85,742,381,1958
32949,3839.26,-19,-3,0,-17,-293.16,753,382,2039
32999,3545.26,0,0,1,0,312.76,758,383,2066
33049,3644.31,0,0,-1,0,-11.47,759,384,2068
33099,3604.90,0,0,-1,0,-27.40,759,385,2068
33149,3621.44,0,0,0,0,-6.11,759,386,2068
33199,3583.37,0,0,0,0,25.00,759,386,2068
33249,3626.69,0,0,0,0,-24.39,759,386,2068
33299,3625.82,0,0,0,0,18.50,759,387,2068
33349,3644.31,0,0,-1,0,-18.50,759,389,2068
33399,3614.46,0,0,0,0,29.86,759,390,2068
33449,3654.97,0,0,-1,0,-39.64,759,392,2068
33499,3625.82,0,0,0,0,28.26,759,393,2068
33549,3632.84,0,0,0,0,-18.38,759,394,2068
33599,3604.04,0,0,-1,0,-41.06,759,395,2068
33649,3654.08,0,0,-1,0,-41.36,759,396,2068
33699,3612.72,0,0,0,0,20.12,759,396,2068
33750,3644.31,0,0,-1,0,-28.99,759,398,2068
33800,3612.72,0,0,0,0,20.12,759,398,2068
33850,3664.79,0,0,-1,0,-48.59,759,400,2068
33900,3636.36,0,0,0,0,17.72,759,401,2068
33950,3632.84,0,0,0,0,3.52,759,402,2068
34000,3625.82,0,0,0,0,17.61,759,403,2068
34050,3625.82,0,0,0,0,-20.91,759,404,2068
34100,3602.31,0,0,0,0,-25.22,759,404,2068
34150,3643.43,0,0,-1,0,-28.10,759,406,2068
34200,3601.44,0,0,0,0,-26.24,759,406,2068
34250,3623.19,0,0,0,0,-31.23,759,406,2068
34300,3604.90,0,0,-1,0,-42.81,759,407,2068
34350,3643.43,0,0,-1,0,-30.71,759,408,2068
34400,3636.36,0,0,0,0,17.72,759,409,2068
34450,3632.84,0,0,0,0,3.52,759,410,2068
34500,3610.98,0,0,0,0,22.74,759,410,2068
34550,3632.84,0,0,0,0,-7.03,759,411,2068
34600,3602.31,0,0,0,0,-20.98,759,411,2068
34650,3624.94,0,0,0,0,-22.63,759,411,2068
34700,3612.72,0,0,0,0,22.77,759,411,2068
34750,3633.72,0,0,0,0,-18.39,759,412,2068
34800,3610.98,0,0,0,0,21.86,759,412,2068
34850,3643.43,0,0,-1,0,-27.23,759,414,2068
34900,3636.36,0,0,0,0,17.72,759,415,2068
34950,3644.31,0,0,-1,0,-18.50,759,417,2068
35000,3614.46,0,0,0,0,28.97,759,418,2068
35050,3643.43,0,0,-1,0,-28.10,759,420,2068
35100,3625.82,0,0,0,0,18.50,759,421,2068
35150,3633.72,0,0,0,0,-7.03,759,422,2068
35200,3615.33,0,0,0,0,28.10,759,423,2068
35250,3623.19,0,0,0,0,-10.47,759,423,2068
35300,3610.98,0,0,0,0,18.35,759,423,2068
35350,3644.31,0,0,-1,0,-42.01,759,424,2068
35400,3616.20,0,0,0,0,27.23,759,425,2068
35450,3633.72,0,0,0,0,-7.91,759,426,2068
35500,3615.33,0,0,0,0,31.64,759,427,2068
35550,3643.43,0,0,-1,0,-28.97,759,429,2068
35600,3624.94,0,0,0,0,22.03,759,430,2068
35650,3654.08,0,0,-1,0,-25.63,759,432,2068
35700,3615.33,0,0,0,0,28.10,759,433,2068
35750,3646.97,0,0,-1,0,23.20,759,434,2068
35800,3608.37,0,-2,0,0,-283.85,762,434,2068
35850,3643.43,0,0,-1,0,-24.61,762,435,2068
35900,3631.96,0,0,0,0,81.83,763,436,2070
35950,3553.66,0,0,1,0,265.08,766,437,2093
36000,3543.59,0,0,1,0,438.36,772,438,2126
36050,3759.40,-1,-2,0,0,-214.97,783,439,2189
36100,3624.06,0,0,0,0,26.46,783,440,2189
36150,3546.10,0,0,1,0,404.39,791,441,2254
36200,3690.94,0,-1,0,0,-145.68,802,442,2321
36250,3615.33,0,0,0,0,28.99,802,443,2321
36300,3632.84,0,0,0,0,-20.12,802,443,2321
36350,3615.33,0,0,0,0,27.22,802,444,2321
36400,3644.31,0,0,-1,0,-31.60,802,445,2321
36450,3614.46,0,0,0,0,37.84,802,446,2321
36500,3632.84,0,0,0,0,-17.51,802,447,2321
36550,3626.69,0,0,0,0,27.39,802,448,2321
36600,3654.08,0,0,-1,0,-28.26,802,450,2321
36651,3616.20,0,0,0,0,38.77,802,451,2321
36701,3633.72,0,0,0,0,-21.00,802,451,2321
36751,3602.31,0,0,0,0,-22.73,802,451,2321
36801,3635.48,0,0,0,0,-34.91,802,451,2321
36851,3614.46,0,0,0,0,28.97,802,452,2321
36901,3654.08,0,0,-1,0,-28.26,802,454,2321
36951,3625.82,0,0,0,0,28.26,802,455,2321
37001,3622.31,0,0,0,0,3.50,802,456,2321
37051,3623.19,0,0,0,0,10.53,802,456,2321
37101,3633.72,0,0,0,0,-7.91,802,457,2321
37151,3616.20,0,0,0,0,28.11,802,458,2321
37201,3611.85,0,0,0,0,13.97,802,459,2321
37251,3611.85,0,0,0,0,23.64,802,459,2321
37301,3643.43,0,0,-1,0,-29.84,802,461,2321
37351,3612.72,0,0,0,0,22.77,802,461,2321
37401,3643.43,0,0,-1,0,-28.10,802,463,2321
37451,3612.72,0,0,0,0,10.47,802,463,2321
37501,3643.43,0,0,-1,0,-28.10,802,465,2321
37551,3626.69,0,0,0,0,17.62,802,466,2321
37601,3643.43,0,0,-1,0,-17.61,802,468,2321
37651,3602.31,0,0,0,0,-14.90,802,468,2321
37701,3635.48,0,0,0,0,-34.04,802,468,2321
37751,3615.33,0,0,0,0,28.10,802,469,2321
37801,3643.43,0,0,-1,0,-28.10,802,471,2321
37851,3613.59,0,0,0,0,30.73,802,472,2321
37901,3644.31,0,0,-1,0,-28.99,802,474,2321
37951,3555.34,0,0,1,0,87.20,802,476,2321
38001,3635.48,0,0,0,0,-27.98,803,476,2321
38051,3625.82,0,0,0,0,17.61,803,477,2321
38102,3644.31,0,0,-1,0,-32.47,803,478,2321
38152,3625.82,0,0,0,0,28.26,803,479,2321
38202,3632.84,0,0,0,0,-18.38,803,480,2321
38252,3604.04,0,0,-1,0,-33.32,803,481,2321
38302,3626.69,0,0,0,0,-24.39,803,481,2321
38352,3602.31,0,0,0,0,-18.32,803,481,2321
38402,3642.54,0,0,-1,0,-27.22,803,483,2321
38452,3625.82,0,0,0,0,17.61,803,484,2321
38502,3654.08,0,0,-1,0,-28.26,803,486,2321
38552,3625.82,0,0,0,0,17.61,803,487,2321
38602,3643.43,0,0,-1,0,-29.84,803,489,2321
38652,3615.33,0,0,0,0,33.42,803,490,2321
38702,3644.31,0,0,-1,0,-35.08,803,491,2321
38752,3615.33,0,0,0,0,36.97,803,492,2321
38802,3643.43,0,0,-1,0,-21.99,803,494,2321
38852,3622.31,0,0,0,0,9.65,803,494,2321
38902,3622.31,0,0,0,0,6.13,803,494,2321
38952,3613.59,0,0,0,0,15.74,803,494,2321
39002,3649.63,0,0,-1,0,34.06,804,496,2321
39052,3623.19,0,0,0,0,15.82,804,496,2321
39102,3646.09,0,0,-1,0,8.88,804,498,2321
39152,3630.20,0,0,0,0,143.38,807,498,2321
39202,3763.17,0,-2,0,-3,92.87,815,498,2375
39252,3546.10,0,0,1,0,399.19,822,499,2435
39302,3545.26,0,0,1,0,591.53,831,500,2501
39352,3545.26,0,0,1,0,410.44,837,501,2536
39402,3544.42,0,0,1,0,460.92,845,502,2593
39453,3852.08,-21,-3,0,-19,-306.82,855,503,2666
39503,3543.59,0,0,1,0,267.39,859,504,2690
39553,3643.43,0,0,-1,0,-21.12,860,505,2692
39603,3625.82,0,0,0,0,17.61,860,506,2692
39653,3632.84,0,0,0,0,-7.03,860,507,2692
39703,3590.23,0,0,0,0,-12.21,860,507,2692
39753,3635.48,0,0,0,0,-33.18,860,507,2692
39803,3625.82,0,0,0,0,17.61,860,508,2692
39853,3642.54,0,0,-1,0,-16.73,860,510,2692
39903,3625.82,0,0,0,0,17.61,860,511,2692
39953,3642.54,0,0,-1,0,-16.73,860,513,2692
40003,3592.81,0,0,0,0,23.73,860,513,2692
40053,3641.66,0,0,-1,0,-49.71,860,514,2692
40103,3615.33,0,0,0,0,28.99,860,515,2692
40153,3643.43,0,0,-1,0,-28.10,860,517,2692
40203,3616.20,0,0,0,0,27.23,860,518,2692
40253,3634.60,0,0,0,0,-33.16,860,518,2692
40303,3621.44,0,0,0,0,11.40,860,518,2692
40353,3644.31,0,0,-1,0,-18.50,860,520,2692
40403,3623.19,0,0,0,0,9.65,860,520,2692
40453,3644.31,0,0,-1,0,-32.47,860,521,2692
40503,3612.72,0,0,0,0,22.77,860,521,2692
40553,3631.08,0,0,0,0,-15.75,860,522,2692
40603,3612.72,0,0,0,0,21.00,860,522,2692
40653,3622.31,0,0,0,0,-9.60,860,522,2692
40704,3612.72,0,0,0,0,22.77,860,522,2692
40754,3634.60,0,0,0,0,-32.30,860,522,2692
40804,3602.31,0,0,0,0,-25.37,860,522,2692
40854,3634.60,0,0,0,0,-34.03,860,522,2692
40904,3624.94,0,0,0,0,18.49,860,523,2692
40954,3643.43,0,0,-1,0,-17.61,860,525,2692
41004,3602.31,0,0,0,0,-3.50,860,525,2692
41054,3632.84,0,0,0,0,-20.12,860,525,2692
41104,3603.17,0,0,0,0,-18.32,860,525,2692
41154,3635.48,0,0,0,0,-34.91,860,525,2692
41204,3624.94,0,0,0,0,21.15,860,526,2692
41254,3632.84,0,0,0,0,-7.03,860,527,2692
41304,3625.82,0,0,0,0,18.50,860,528,2692
41354,3623.19,0,0,0,0,-7.86,860,529,2692
41404,3602.31,0,0,0,0,-39.93,860,529,2692
41454,3632.84,0,0,0,0,-21.86,860,529,2692
41504,3591.09,0,0,0,0,-12.21,860,529,2692
41554,3635.48,0,0,0,0,-33.18,860,529,2692
41604,3623.19,0,0,0,0,9.65,860,529,2692
41654,3631.96,0,0,0,0,-6.15,860,530,2692
41704,3615.33,0,0,0,0,28.10,860,531,2692
41754,3624.06,0,0,0,0,-32.11,860,531,2692
41804,3601.44,0,0,0,0,-33.99,860,531,2692
41854,3635.48,0,0,0,0,-34.91,860,531,2692
41904,3600.58,0,0,0,0,-34.86,860,531,2692
41954,3635.48,0,0,0,0,-33.18,860,531,2692
42004,3591.95,0,0,0,0,-35.72,860,531,2692
42054,3618.82,0,0,0,0,-17.38,860,531,2692
42104,3602.31,0,0,0,0,-26.95,860,531,2692
42155,3652.30,0,0,-1,0,-50.86,860,532,2692
42205,3625.82,0,0,0,0,29.16,860,533,2692
42255,3632.84,0,0,0,0,-7.03,860,534,2692
42305,3622.31,0,0,0,0,10.53,860,534,2692
42355,3644.31,0,0,-1,0,-18.50,860,536,2692
42405,3616.20,0,0,0,0,27.23,860,537,2692
42455,3624.06,0,0,0,0,-32.97,860,537,2692
42505,3602.31,0,0,0,0,-34.91,860,537,2692
42555,3632.84,0,0,0,0,-42.61,860,537,2692
42605,3610.98,0,0,0,0,24.50,860,537,2692
42655,3643.43,0,0,-1,0,-17.61,860,539,2692
42705,3621.44,0,0,0,0,11.40,860,539,2692
42755,3632.84,0,0,0,0,-13.15,860,539,2692
42805,3535.23,0,0,1,0,109.08,860,541,2692
42855,3632.84,0,0,0,0,-39.17,861,541,2695
42905,3614.46,0,0,0,0,44.08,861,542,2695
42955,3623.19,0,0,0,0,1.75,861,543,2695
43005,3603.17,0,0,0,0,-20.09,861,543,2695
43055,3623.19,0,0,0,0,-24.34,861,543,2695
43105,3613.59,0,0,0,0,15.74,861,543,2695
43155,3632.84,0,0,0,0,0.00,861,543,2695
43205,3614.46,0,0,0,0,33.40,861,544,2695
43255,3643.43,0,0,-1,0,-15.86,861,546,2695
43305,3608.37,0,-1,0,0,-138.13,862,547,2695
43355,3631.08,0,0,0,0,119.86,864,547,2697
43405,3622.31,0,0,0,0,14.05,864,547,2697
43455,3617.94,0,0,0,0,60.33,865,547,2697
43505,3605.77,0,-1,0,-6,-206.98,867,547,2703
43555,3650.52,0,0,-1,0,132.58,870,548,2703
43606,3545.26,0,0,1,0,349.83,875,549,2734
43656,3544.42,0,0,1,0,440.70,882,550,2773
43707,3703.70,-3,-1,0,-3,-160.12,892,551,2842
43757,3601.44,0,0,0,0,-23.61,892,551,2842
43807,3644.31,0,0,-1,0,-30.73,892,553,2842
43857,3612.72,0,0,0,0,20.12,892,553,2842
43907,3632.84,0,0,0,0,-20.12,892,553,2842
43957,3604.90,0,0,-1,0,-42.81,892,554,2842
44007,3635.48,0,0,0,0,-29.71,892,555,2842
44057,3602.31,0,0,0,0,-33.99,892,555,2842
44107,3644.31,0,0,-1,0,-28.99,892,557,2842
44157,3624.06,0,0,0,0,20.25,892,558,2842
44207,3644.31,0,0,-1,0,-18.50,892,560,2842
44257,3621.44,0,0,0,0,1.75,892,560,2842
44307,3632.84,0,0,0,0,-20.12,892,560,2842
44357,3602.31,0,0,0,0,-26.94,892,560,2842
44407,3638.13,0,0,0,0,-37.55,892,560,2842
44457,3615.33,0,0,0,0,28.10,892,561,2842
44507,3654.97,0,0,-1,0,-29.16,892,563,2842
44557,3636.36,0,0,0,0,7.07,892,564,2842
44607,3612.72,0,0,0,0,13.10,892,565,2842
44657,3535.23,0,0,1,0,31.95,892,566,2842
44707,3616.20,0,0,0,0,-51.56,892,566,2842
44758,3610.98,0,0,0,0,7.84,892,566,2842
44808,3654.08,0,0,-1,0,-30.89,892,567,2842
44858,3635.48,0,0,0,0,19.49,892,568,2842
44908,3644.31,0,0,-1,0,-42.87,892,569,2842
44958,3625.82,0,0,0,0,17.61,892,570,2842
45008,3643.43,0,0,-1,0,-28.10,892,572,2842
45058,3591.95,0,0,0,0,5.23,892,572,2842
45108,3617.94,0,0,0,0,-35.43,892,572,2842
45158,3602.31,0,0,0,0,-40.79,892,572,2842
45208,3617.94,0,0,0,0,-17.37,892,572,2842
45258,3624.06,0,0,0,0,17.60,892,573,2842
45308,3644.31,0,0,-1,0,-18.50,892,575,2842
45358,3614.46,0,0,0,0,28.97,892,576,2842
45408,3654.08,0,0,-1,0,-31.77,892,577,2842
45458,3623.19,0,0,0,0,9.65,892,577,2842
45508,3643.43,0,0,-1,0,-31.58,892,578,2842
45558,3615.33,0,0,0,0,28.10,892,579,2842
45608,3631.96,0,0,0,0,-6.15,892,580,2842
45658,3612.72,0,0,0,0,20.12,892,580,2842
45708,3626.69,0,0,0,0,-24.39,892,580,2842
45758,3591.95,0,0,0,0,-24.34,892,580,2842
45808,3601.44,0,0,0,0,-32.11,892,580,2842
45858,3602.31,0,0,0,0,-44.22,892,580,2842
45908,3644.31,0,0,-1,0,-39.41,892,582,2842
45958,3615.33,0,0,0,0,28.10,892,583,2842
46008,3643.43,0,0,-1,0,-17.61,892,585,2842
46058,3632.84,0,0,0,0,93.87,893,586,2844
46108,3642.54,0,0,-1,0,-16.73,893,588,2844
46158,3612.72,0,0,0,0,20.12,893,588,2844
46208,3591.95,0,0,0,0,21.86,893,588,2844
46258,3591.95,0,0,0,0,-40.55,893,588,2844
46308,3626.69,0,0,0,0,-25.25,893,588,2844
46358,3610.98,0,0,0,0,24.50,893,588,2844
46408,3644.31,0,0,-1,0,-39.41,893,590,2844
46458,3623.19,0,0,0,0,7.89,893,590,2844
46508,3643.43,0,0,-1,0,-30.71,893,591,2844
46558,3625.82,0,0,0,0,17.61,893,592,2844
46608,3626.69,0,0,0,0,-26.12,893,592,2844
46658,3590.23,0,0,0,0,-16.48,893,592,2844
46708,3635.48,0,0,0,0,-33.18,893,592,2844
46758,3623.19,0,0,0,0,9.65,893,592,2844
46808,3612.72,0,0,0,0,13.10,893,593,2844
46858,3600.58,0,0,0,0,-20.01,893,593,2844
46908,3644.31,0,0,-1,0,-32.47,893,594,2844
46958,3602.31,0,0,0,0,-4.37,893,594,2844
47008,3631.96,0,0,0,0,-16.63,893,595,2844
47058,3623.19,0,0,0,0,10.53,893,595,2844
47108,3643.43,0,0,-1,0,-42.85,893,596,2844
47158,3621.44,0,0,0,0,11.40,893,596,2844
47208,3632.84,0,0,0,0,-17.51,893,597,2844
47258,3632.84,0,0,0,0,-11.40,893,597,2844
47308,3635.48,0,0,0,0,-33.18,893,597,2844
47358,3612.72,0,0,0,0,22.77,893,597,2844
47408,3623.19,0,0,0,0,-9.60,893,598,2844
47458,3600.58,0,0,0,0,-25.25,893,598,2844
47508,3599.71,0,0,0,0,-26.12,893,598,2844
47558,3590.23,0,0,0,0,-37.14,893,598,2844
47608,3624.94,0,0,0,0,-32.99,893,598,2844
47659,3603.17,0,0,0,0,-27.10,893,598,2844
47709,3626.69,0,0,0,0,-26.12,893,598,2844
47759,3613.59,0,0,0,0,36.05,893,599,2844
47809,3622.31,0,0,0,0,-2.62,893,599,2844
47859,3604.90,0,0,-1,0,-43.65,893,600,2844
47909,3633.72,0,0,0,0,-21.87,893,600,2844
47959,3611.85,0,0,0,0,17.48,893,600,2844
48009,3643.43,0,0,-1,0,-27.23,893,602,2844
48059,3614.46,0,0,0,0,27.20,893,603,2844
48109,3610.11,0,0,0,0,-1.74,893,604,2844
48159,3592.81,0,0,0,0,-25.05,893,604,2844
48209,3632.84,0,0,0,0,-33.13,893,604,2844
48259,3617.94,0,0,0,0,61.23,894,604,2844
48309,3632.84,0,0,0,0,-9.65,894,605,2844
48359,3611.85,0,0,0,0,20.99,894,605,2844
48409,3639.01,0,0,0,0,53.75,895,605,2844
48459,3422.31,0,2,0,0,397.40,900,605,2865
48509,3545.26,0,0,1,0,376.31,904,606,2886
48559,3546.10,0,0,1,0,426.36,910,607,2925
48609,3610.98,0,0,0,0,81.78,911,608,2927
48659,3617.94,0,0,0,0,114.33,913,608,2931
48709,3543.59,0,0,1,0,300.60,918,609,2957
48759,3545.26,0,0,1,0,409.39,924,610,2989
48809,3544.42,0,0,1,0,503.07,932,611,3046
48859,3766.01,0,-2,0,-1,181.36,942,611,3104
48909,3545.26,0,0,1,0,352.87,948,612,3140
48959,3545.26,0,0,1,0,410.44,954,613,3176
49009,3544.42,0,0,1,0,438.58,961,614,3229
49060,3736.92,-2,-1,0,-2,-192.50,971,615,3292
49110,3636.36,0,0,0,0,17.72,971,616,3292
49160,3622.31,0,0,0,0,4.38,971,617,3292
49210,3602.31,0,0,0,0,-24.39,971,617,3292
49260,3632.84,0,0,0,0,-21.86,971,617,3292
49310,3600.58,0,0,0,0,-1.74,971,617,3292
49360,3644.31,0,0,-1,0,-42.01,971,618,3292
49410,3611.85,0,0,0,0,23.64,971,618,3292
49460,3633.72,0,0,0,0,-22.74,971,618,3292
49510,3615.33,0,0,0,0,28.10,971,619,3292
49560,3635.48,0,0,0,0,-34.04,971,619,3292
49610,3612.72,0,0,0,0,8.72,971,619,3292
49660,3631.96,0,0,0,0,-19.24,971,619,3292
49710,3566.33,0,0,0,0,15.33,971,619,3292
49760,3597.98,0,0,0,0,23.99,971,619,3292
49810,3592.81,0,0,0,0,12.90,971,619,3292
49860,3652.30,0,0,-1,0,-50.00,971,620,3292
49910,3625.82,0,0,0,0,39.87,971,621,3292
49960,3641.66,0,0,-1,0,-26.33,971,623,3292
50010,3612.72,0,0,0,0,9.60,971,623,3292
50060,3612.72,0,0,0,0,-0.87,971,623,3292
50110,3602.31,0,0,0,0,9.59,971,623,3292
50160,3628.45,0,0,0,0,-44.22,971,623,3292
50210,3601.44,0,0,0,0,-33.11,971,623,3292
50260,3607.50,0,0,0,0,-24.38,971,623,3292
50310,3591.95,0,0,0,0,-43.38,971,623,3292
50360,3635.48,0,0,0,0,-33.18,971,623,3292
50410,3625.82,0,0,0,0,16.73,971,624,3292
50460,3643.43,0,0,-1,0,-7.07,971,626,3292
50510,3636.36,0,0,0,0,17.72,971,627,3292
50560,3633.72,0,0,0,0,-21.87,971,627,3292
50610,3615.33,0,0,0,0,28.10,971,628,3292
50660,3631.96,0,0,0,0,-19.24,971,628,3292
50710,3591.95,0,0,0,0,-19.24,971,628,3292
50760,3624.06,0,0,0,0,-30.39,971,628,3292
50810,3611.85,0,0,0,0,21.87,971,628,3292
50860,3654.97,0,0,-1,0,-33.53,971,629,3292
50910,3615.33,0,0,0,0,28.10,971,630,3292
50960,3635.48,0,0,0,0,-32.31,971,630,3292
51010,3615.33,0,0,0,0,33.42,971,631,3292
51060,3633.72,0,0,0,0,-31.42,971,631,3292
51110,3583.37,0,0,0,0,18.07,971,631,3292
51160,3641.66,0,0,-1,0,-49.71,971,632,3292
51210,3615.33,0,0,0,0,28.99,971,633,3292
51260,3631.96,0,0,0,0,-16.63,971,634,3292
51310,3602.31,0,0,0,0,-18.33,971,634,3292
51360,3592.81,0,0,0,0,-30.54,971,634,3292
51410,3582.52,0,0,0,0,15.47,971,634,3292
51460,3626.69,0,0,0,0,-24.39,971,634,3292
51510,3591.95,0,0,0,0,-1.74,971,634,3292
51560,3641.66,0,0,-1,0,-51.43,971,635,3292
51610,3622.31,0,0,0,0,12.29,971,635,3292
51660,3643.43,0,0,-1,0,-21.12,971,636,3292
51710,3585.09,0,0,0,0,75.24,971,637,3292
51760,3624.06,0,0,0,0,-33.83,971,637,3292
51810,3602.31,0,0,0,0,-26.12,971,637,3292
51860,3632.84,0,0,0,0,-20.99,971,637,3292
51910,3625.82,0,0,0,0,28.26,971,638,3292
51960,3631.96,0,0,0,0,-6.15,971,639,3292
52011,3625.82,0,0,0,0,17.61,971,640,3292
52061,3633.72,0,0,0,0,-9.66,971,641,3292
52111,3615.33,0,0,0,0,28.99,971,642,3292
52161,3617.94,0,0,0,0,-15.64,971,642,3292
52211,3581.66,0,0,0,0,37.16,971,642,3292
52261,3590.23,0,0,0,0,37.16,971,642,3292
52311,3593.67,0,0,0,0,6.86,971,642,3292
52361,3641.66,0,0,-1,0,-49.71,971,643,3292
52411,3615.33,0,0,0,0,28.10,971,644,3292
52461,3617.07,0,0,0,0,-15.63,971,644,3292
52511,3602.31,0,0,0,0,-28.75,971,644,3292
52561,3617.94,0,0,0,0,-13.04,971,645,3292
52611,3615.33,0,0,0,0,27.22,971,646,3292
52661,3621.44,0,0,0,0,-8.72,971,646,3292
52711,3602.31,0,0,0,0,-21.86,971,646,3292
52761,3643.43,0,0,-1,0,-31.58,971,647,3292
52811,3610.98,0,0,0,0,21.86,971,647,3292
52861,3643.43,0,0,-1,0,-30.71,971,648,3292
52911,3625.82,0,0,0,0,17.61,971,649,3292
52961,3632.84,0,0,0,0,-17.51,971,650,3292
53011,3615.33,0,0,0,0,27.22,971,651,3292
53061,3642.54,0,0,-1,0,-16.73,971,653,3292
53111,3622.31,0,0,0,0,11.41,971,653,3292
53161,3624.06,0,0,0,0,-32.11,971,653,3292
53211,3612.72,0,0,0,0,26.29,971,653,3292
53261,3622.31,0,0,0,0,-9.60,971,653,3292
53311,3639.01,0,0,0,0,-66.73,971,653,3292
53361,3635.48,0,0,0,0,-33.18,971,653,3292
53411,3602.31,0,0,0,0,-16.58,971,653,3292
53462,3615.33,0,0,0,0,-25.09,971,653,3292
53512,3590.23,0,0,0,0,-17.37,971,653,3292
53562,3633.72,0,0,0,0,-31.42,971,653,3292
53612,3615.33,0,0,0,0,28.99,971,654,3292
53662,3633.72,0,0,0,0,-22.74,971,654,3292
53712,3626.69,0,0,0,0,16.74,971,655,3292
53762,3654.08,0,0,-1,0,-28.26,971,657,3292
53812,3636.36,0,0,0,0,17.72,971,658,3292
53862,3654.08,0,0,-1,0,-18.60,971,660,3292
53912,3604.90,0,0,-1,0,-21.12,971,661,3292
53962,3618.82,0,0,0,0,-16.51,971,661,3292
54012,3601.44,0,0,0,0,-33.99,971,661,3292
54062,3635.48,0,0,0,0,-33.18,971,661,3292
54112,3580.81,0,0,0,0,18.04,971,661,3292
54162,3633.72,0,0,0,0,-32.28,971,661,3292
54212,3625.82,0,0,0,0,26.49,971,662,3292
54262,3631.96,0,0,0,0,4.40,971,663,3292
54312,3615.33,0,0,0,0,26.33,971,664,3292
54362,3643.43,0,0,-1,0,-33.32,971,665,3292
54412,3600.58,0,0,0,0,-22.73,971,665,3292
54462,3635.48,0,0,0,0,-28.85,971,665,3292
54512,3616.20,0,0,0,0,34.32,971,666,3292
54562,3626.69,0,0,0,0,-23.52,971,666,3292
54612,3601.44,0,0,0,0,-33.19,971,666,3292
54662,3626.69,0,0,0,0,-23.52,971,666,3292
54712,3611.85,0,0,0,0,20.99,971,666,3292
54762,3634.60,0,0,0,0,-29.70,971,666,3292
54812,3612.72,0,0,0,0,27.18,971,666,3292
54862,3644.31,0,0,-1,0,-18.50,971,668,3292
54912,3597.98,0,-2,0,0,-238.50,974,668,3292
54962,3612.72,0,0,0,0,16.61,974,669,3292
55012,3594.54,0,0,-1,0,-87.54,974,670,3292
55062,3628.45,0,0,0,0,61.59,975,671,3292
55112,3613.59,0,0,0,0,130.80,977,671,3295
55162,3544.42,0,0,1,0,263.65,981,672,3317
55212,3545.26,0,0,1,0,345.79,985,673,3344
55262,3615.33,0,0,0,0,45.89,985,674,3344
55312,3594.54,0,-1,0,0,-150.05,986,675,3344
55362,3624.06,0,0,0,0,112.86,988,675,3347
55412,3544.42,0,0,1,0,272.37,991,676,3371
55462,3546.10,0,0,1,0,344.95,995,677,3398
55512,3543.59,0,0,1,0,480.02,1002,678,3440
55562,3543.59,0,0,1,0,313.45,1006,679,3464
55612,3545.26,0,0,1,0,362.01,1011,680,3495
55662,3546.10,0,0,1,0,375.47,1017,681,3530
55712,3544.42,0,0,1,0,479.18,1024,682,3576
55762,3643.43,0,0,-1,0,122.58,1033,683,3630
55812,3625.82,0,0,0,0,24.71,1033,684,3630
55862,3546.10,0,0,1,0,401.27,1041,685,3693
55912,3712.87,-3,-1,0,-3,-167.61,1052,686,3766
55962,3602.31,0,0,0,0,-12.27,1052,686,3766
56012,3643.43,0,0,-1,0,-20.24,1052,687,3766
56062,3625.82,0,0,0,0,29.16,1052,688,3766
56112,3643.43,0,0,-1,0,-7.95,1052,690,3766
56162,3615.33,0,0,0,0,28.99,1052,691,3766
56212,3600.58,0,0,0,0,36.10,1052,692,3766
56262,3591.95,0,0,0,0,15.49,1052,692,3766
56312,3626.69,0,0,0,0,-24.39,1052,692,3766
56363,3612.72,0,0,0,0,20.12,1052,692,3766
56413,3607.50,0,0,0,0,24.04,1052,692,3766
56463,3591.95,0,0,0,0,-31.14,1052,692,3766
56513,3551.98,0,0,1,0,49.46,1052,693,3766
56563,3624.06,0,0,0,0,25.57,1053,694,3766
56613,3654.08,0,0,-1,0,-17.72,1053,696,3766
56663,3634.60,0,0,0,0,8.83,1053,697,3766
56713,3644.31,0,0,-1,0,-18.50,1053,699,3766
56763,3573.98,0,0,0,0,17.97,1053,699,3766
56813,3618.82,0,0,0,0,-30.30,1053,699,3766
56863,3612.72,0,0,0,0,18.37,1053,699,3766
56913,3654.08,0,0,-1,0,-41.36,1053,700,3766
56963,3636.36,0,0,0,0,17.72,1053,701,3766
57013,3644.31,0,0,-1,0,-18.50,1053,703,3766
57063,3615.33,0,0,0,0,28.10,1053,704,3766
57113,3626.69,0,0,0,0,-26.12,1053,704,3766
57163,3601.44,0,0,0,0,-26.94,1053,704,3766
57213,3618.82,0,0,0,0,-16.51,1053,704,3766
57263,3593.67,0,0,0,0,33.73,1053,704,3766
57313,3634.60,0,0,0,0,-31.43,1053,704,3766
57363,3616.20,0,0,0,0,36.10,1053,705,3766
57413,3643.43,0,0,-1,0,-28.10,1053,707,3766
57463,3602.31,0,0,0,0,-6.12,1053,707,3766
57513,3632.84,0,0,0,0,-21.86,1053,707,3766
57563,3600.58,0,0,0,0,-26.95,1053,707,3766
57613,3633.72,0,0,0,0,-21.00,1053,707,3766
57663,3612.72,0,0,0,0,20.12,1053,707,3766
57713,3626.69,0,0,0,0,-26.12,1053,707,3766
57763,3606.64,0,-1,0,0,-125.76,1054,708,3766
57814,3626.69,0,0,0,0,-24.39,1054,708,3766
57864,3604.90,0,0,-1,0,-36.79,1054,709,3766
57914,3654.08,0,0,-1,0,-28.26,1054,711,3766
57964,3625.82,0,0,0,0,28.26,1054,712,3766
58014,3642.54,0,0,-1,0,-16.73,1054,714,3766
58064,3591.95,0,0,0,0,15.73,1054,714,3766
58114,3617.94,0,0,0,0,-15.64,1054,714,3766
58164,3602.31,0,0,0,0,-22.69,1054,714,3766
58214,3598.85,0,0,0,0,-20.88,1054,714,3766
58264,3591.09,0,0,0,0,-37.97,1054,714,3766
58314,3644.31,0,0,-1,0,-42.87,1054,715,3766
58364,3625.82,0,0,0,0,17.61,1054,716,3766
58414,3644.31,0,0,-1,0,-18.50,1054,718,3766
58464,3600.58,0,0,0,0,-27.11,1054,718,3766
58514,3634.60,0,0,0,0,-33.16,1054,718,3766
58564,3602.31,0,0,0,0,-30.62,1054,718,3766
58614,3634.60,0,0,0,0,-33.16,1054,718,3766
58664,3601.44,0,0,0,0,-33.11,1054,718,3766
58714,3632.84,0,0,0,0,-20.12,1054,718,3766
58764,3612.72,0,0,0,0,22.77,1054,718,3766
58814,3653.19,0,0,-1,0,-40.47,1054,719,3766
58864,3625.82,0,0,0,0,18.50,1054,720,3766
58914,3644.31,0,0,-1,0,-30.73,1054,722,3766
58964,3622.31,0,0,0,0,11.41,1054,722,3766
59014,3654.08,0,0,-1,0,-28.26,1054,724,3766
59064,3601.44,0,0,0,0,-13.15,1054,724,3766
59114,3617.94,0,0,0,0,-15.64,1054,724,3766
59164,3581.66,0,0,0,0,37.16,1054,724,3766
59214,3624.94,0,0,0,0,-32.13,1054,724,3766
59264,3612.72,0,0,0,0,11.35,1054,724,3766
59314,3643.43,0,0,-1,0,-30.71,1054,725,3766
59364,3691.85,0,-1,0,0,-128.91,1055,725,3766
59414,3644.31,0,0,-1,0,-30.73,1055,727,3766
59464,3625.82,0,0,0,0,17.61,1055,728,3766
59514,3654.08,0,0,-1,0,-28.26,1055,730,3766
59564,3600.58,0,0,0,0,6.97,1055,730,3766
59614,3597.98,0,0,0,0,23.13,1055,730,3766
59664,3591.95,0,0,0,0,-35.41,1055,730,3766
59714,3633.72,0,0,0,0,-30.55,1055,730,3766
59764,3616.20,0,0,0,0,27.23,1055,731,3766
59814,3654.08,0,0,-1,0,-29.14,1055,733,3766
59864,3636.36,0,0,0,0,18.61,1055,734,3766
59914,3634.60,0,0,0,0,-33.16,1055,734,3766
59964,3615.33,0,0,0,0,28.99,1055,735,3766
60014,3643.43,0,0,-1,0,-28.10,1055,737,3766
60064,3624.06,0,0,0,0,30.91,1055,738,3766
60114,3623.19,0,0,0,0,3.50,1055,739,3766
60164,3577.39,0,0,0,0,11.98,1055,739,3766
60214,3628.45,0,0,0,0,-43.36,1055,739,3766
60264,3612.72,0,0,0,0,11.35,1055,739,3766
60314,3633.72,0,0,0,0,-22.74,1055,739,3766
60364,3622.31,0,0,0,0,17.58,1055,739,3766
60414,3664.79,0,0,-1,0,-31.07,1055,741,3766
60464,3639.01,0,0,0,0,38.36,1056,741,3766
60514,3631.96,0,0,0,0,-5.27,1056,742,3766
60564,3581.66,0,0,0,0,34.54,1056,742,3766
60614,3597.12,0,0,0,0,0.85,1056,742,3766
60664,3591.95,0,0,0,0,-51.74,1056,742,3766
60715,3648.75,0,0,-1,0,-49.90,1056,743,3766
60765,3625.82,0,0,0,0,25.60,1056,744,3766
60815,3641.66,0,0,-1,0,96.19,1057,746,3768
60865,3545.26,0,0,1,0,344.78,1062,747,3798
60915,3544.42,0,0,1,0,466.27,1069,748,3842
60966,3849.11,-19,-3,0,-17,-287.02,1079,748,3910
61015,3800.35,-10,-2,0,-24,-368.65,1083,748,3934
61065,3545.26,0,0,1,0,393.81,1091,749,4004
61115,3544.42,0,0,1,0,450.25,1098,750,4043
61166,3838.28,-20,-3,0,-18,-293.02,1108,751,4114
61216,3544.42,0,0,1,0,255.93,1112,752,4136
61266,3606.64,0,0,0,0,43.30,1112,752,4136
61316,3608.37,0,0,0,0,30.10,1112,752,4136
61367,3840.25,-19,-3,0,-17,-294.15,1124,753,4213
61417,3545.26,0,0,1,0,313.76,1129,754,4239
61467,3643.43,0,0,-1,0,-27.23,1130,755,4242
61517,3612.72,0,0,0,0,13.98,1130,755,4242
61568,3644.31,0,0,-1,0,-31.60,1130,756,4242
61618,3610.98,0,0,0,0,21.86,1130,756,4242
61668,3643.43,0,0,-1,0,-28.10,1130,758,4242
61718,3615.33,0,0,0,0,27.22,1130,759,4242
61768,3623.19,0,0,0,0,-10.47,1130,759,4242
61818,3591.95,0,0,0,0,-30.29,1130,759,4242
61868,3565.49,0,0,0,0,17.03,1130,759,4242
61918,3582.52,0,0,0,0,15.47,1130,760,4242
61968,3632.84,0,0,0,0,-41.75,1130,760,4242
62018,3625.82,0,0,0,0,27.37,1130,761,4242
62068,3667.48,0,0,-1,0,-9.84,1130,763,4242
62118,3636.36,0,0,0,0,20.39,1130,765,4242
62168,3634.60,0,0,0,0,-19.27,1130,766,4242
62218,3592.81,0,0,0,0,-18.32,1130,766,4242
62268,3617.94,0,0,0,0,-17.37,1130,766,4242
62318,3602.31,0,0,0,0,-24.33,1130,766,4242
62368,3617.94,0,0,0,0,-15.64,1130,766,4242
62418,3600.58,0,0,0,0,-26.94,1130,766,4242
62468,3597.98,0,0,0,0,23.90,1130,766,4242
62518,3602.31,0,0,0,0,-34.57,1130,766,4242
62568,3645.20,0,0,-1,0,-19.38,1130,768,4242
62618,3625.82,0,0,0,0,28.26,1130,769,4242
62668,3632.84,0,0,0,0,3.52,1130,770,4242
62718,3591.95,0,0,0,0,12.21,1130,770,4242
62768,3617.94,0,0,0,0,-17.37,1130,770,4242
62818,3601.44,0,0,0,0,-40.79,1130,770,4242
62868,3635.48,0,0,0,0,-30.58,1130,771,4242
62918,3625.82,0,0,0,0,17.61,1130,772,4242
62968,3632.84,0,0,0,0,-20.12,1130,772,4242
63019,3591.09,0,0,0,0,-18.32,1130,772,4242
63069,3635.48,0,0,0,0,-33.18,1130,772,4242
63119,3615.33,0,0,0,0,28.99,1130,773,4242
63169,3635.48,0,0,0,0,-33.18,1130,773,4242
63219,3612.72,0,0,0,0,20.12,1130,773,4242
63269,3622.31,0,0,0,0,1.75,1130,773,4242
63319,3612.72,0,0,0,0,19.24,1130,773,4242
63369,3632.84,0,0,0,0,-17.51,1130,774,4242
63419,3581.66,0,0,0,0,28.45,1130,774,4242
63469,3628.45,0,0,0,0,-46.79,1130,774,4242
63519,3611.85,0,0,0,0,20.99,1130,774,4242
63569,3633.72,0,0,0,0,-21.87,1130,774,4242
63619,3624.94,0,0,0,0,28.25,1130,775,4242
63669,3633.72,0,0,0,0,-10.53,1130,775,4242
63719,3624.06,0,0,0,0,19.37,1130,776,4242
63769,3654.97,0,0,-1,0,-29.16,1130,778,4242
63819,3617.07,0,0,0,0,75.69,1131,778,4242
63869,3612.72,0,0,0,0,2.61,1131,779,4242
63919,3593.67,0,0,0,0,23.34,1131,779,4242
63969,3606.64,0,0,0,0,-29.51,1131,779,4242
64019,3585.09,0,0,0,0,22.42,1131,779,4242
64069,3635.48,0,0,0,0,-33.18,1131,779,4242
64119,3612.72,0,0,0,0,4.36,1131,779,4242
64169,3632.84,0,0,0,0,-18.38,1131,780,4242
64219,3619.69,0,0,0,0,144.42,1134,780,4242
64269,3631.96,0,0,0,0,-16.63,1134,781,4242
64319,3622.31,0,0,0,0,11.41,1134,781,4242
64369,3633.72,0,0,0,0,-11.41,1134,781,4242
64419,3610.98,0,0,0,0,16.59,1134,781,4242
64470,3626.69,0,0,0,0,-24.39,1134,781,4242
64520,3602.31,0,0,0,0,-19.19,1134,781,4242
64570,3626.69,0,0,0,0,-25.25,1134,781,4242
64620,3624.94,0,0,0,0,21.15,1134,782,4242
64670,3612.72,0,0,0,0,13.10,1134,783,4242
64720,3601.44,0,0,0,0,-25.24,1134,783,4242
64770,3617.94,0,0,0,0,-16.50,1134,783,4242
64820,3600.58,0,0,0,0,-17.35,1134,783,4242
64870,3633.72,0,0,0,0,-19.26,1134,784,4242
64920,3615.33,0,0,0,0,28.10,1134,785,4242
64970,3643.43,0,0,-1,0,-30.71,1134,786,4242
65020,3611.85,0,0,0,0,26.28,1134,786,4242
65070,3643.43,0,0,-1,0,-28.10,1134,788,4242
65120,3604.04,0,0,-1,0,-24.61,1134,789,4242
65170,3632.84,0,0,0,0,-20.12,1134,789,4242
65220,3602.31,0,0,0,0,6.10,1134,789,4242
65270,3643.43,0,0,-1,0,-31.58,1134,790,4242
65320,3590.23,0,0,0,0,-10.44,1134,790,4242
65370,3606.64,0,0,0,0,-10.44,1134,790,4242
65420,3591.09,0,0,0,0,-37.16,1134,790,4242
65470,3643.43,0,0,-1,0,-30.71,1134,791,4242
65520,3625.82,0,0,0,0,29.16,1134,792,4242
65570,3643.43,0,0,-1,0,-3.54,1134,794,4242
65620,3635.48,0,0,0,0,19.49,1134,795,4242
65670,3622.31,0,0,0,0,13.17,1134,796,4242
65720,3601.44,0,0,0,0,-25.35,1134,796,4242
65770,3632.84,0,0,0,0,-33.99,1134,796,4242
65820,3579.95,0,0,0,0,18.90,1134,796,4242
65870,3632.84,0,0,0,0,-36.58,1134,796,4242
65920,3601.44,0,0,0,0,-25.18,1134,796,4242
65970,3643.43,0,0,-1,0,-40.26,1134,797,4242
66020,3625.82,0,0,0,0,22.04,1134,798,4242
66070,3612.72,0,0,0,0,8.72,1134,799,4242
66120,3580.81,0,0,0,0,31.91,1134,799,4242
66170,3632.84,0,0,0,0,-39.17,1134,799,4242
66220,3614.46,0,0,0,0,33.40,1134,800,4242
66270,3592.81,0,0,0,0,4.35,1134,800,4242
66320,3591.95,0,0,0,0,-43.92,1134,800,4242
66370,3643.43,0,0,-1,0,-41.99,1134,801,4242
66420,3601.44,0,0,0,0,-10.49,1134,801,4242
66470,3632.84,0,0,0,0,-21.86,1134,801,4242
66520,3615.33,0,0,0,0,52.15,1134,802,4242
66570,3641.66,0,0,-1,0,-30.68,1134,803,4242
66620,3601.44,0,0,0,0,-22.73,1134,803,4242
66670,3623.19,0,0,0,0,2.63,1134,803,4242
66720,3594.54,0,0,-1,0,-87.54,1134,804,4242
66770,3639.01,0,0,0,0,51.03,1135,805,4242
66820,3607.50,0,-2,0,0,-286.42,1138,805,4242
66870,3626.69,0,0,0,0,-18.32,1138,805,4242
66920,3615.33,0,0,0,0,42.32,1138,806,4242
66970,3646.09,0,0,-1,0,94.56,1140,807,4245
67020,3360.97,0,3,0,0,504.02,1148,807,4272
67070,3651.41,0,0,-1,0,311.60,1152,808,4283
67120,3546.10,0,0,1,0,400.23,1160,809,4349
67170,3640.78,0,0,-1,0,150.93,1162,810,4349
67220,3546.10,0,0,1,0,348.99,1167,811,4382
67270,3545.26,0,0,1,0,413.57,1173,812,4419
67320,3544.42,0,0,1,0,487.83,1181,813,4474
67371,3546.10,0,0,1,0,400.23,1188,814,4527
67422,3694.58,0,-1,0,0,-150.16,1198,815,4582
67472,3602.31,0,0,0,0,-21.79,1198,815,4582
67522,3626.69,0,0,0,0,-24.39,1198,815,4582
67572,3612.72,0,0,0,0,21.00,1198,815,4582
67622,3624.94,0,0,0,0,-21.77,1198,815,4582
67672,3600.58,0,0,0,0,-17.34,1198,815,4582
67722,3626.69,0,0,0,0,-24.39,1198,815,4582
67772,3615.33,0,0,0,0,26.33,1198,816,4582
67822,3623.19,0,0,0,0,-7.86,1198,817,4582
67872,3601.44,0,0,0,0,-33.11,1198,817,4582
67922,3601.44,0,0,0,0,-21.75,1198,817,4582
67972,3589.38,0,0,0,0,7.75,1198,817,4582
68022,3641.66,0,0,-1,0,-49.71,1198,818,4582
68072,3615.33,0,0,0,0,28.99,1198,819,4582
68122,3644.31,0,0,-1,0,-18.50,1198,821,4582
68172,3625.82,0,0,0,0,17.61,1198,822,4582
68222,3638.13,0,0,0,0,-37.55,1198,822,4582
68272,3611.85,0,0,0,0,23.64,1198,822,4582
68322,3644.31,0,0,-1,0,-30.73,1198,823,4582
68372,3591.95,0,0,0,0,-10.44,1198,823,4582
68422,3607.50,0,0,0,0,13.74,1198,823,4582
68472,3602.31,0,0,0,0,-37.42,1198,823,4582
68523,3654.08,0,0,-1,0,-41.36,1198,824,4582
68573,3625.82,0,0,0,0,17.61,1198,825,4582
68623,3582.52,0,0,0,0,32.81,1198,826,4582
68673,3623.19,0,0,0,0,16.70,1199,826,4582
68723,3643.43,0,0,-1,0,-21.99,1199,827,4582
68773,3602.31,0,0,0,0,-14.02,1199,827,4582
68823,3599.71,0,0,0,0,-11.28,1199,827,4582
68873,3575.69,0,0,0,0,11.97,1199,827,4582
68923,3631.96,0,0,0,0,-39.15,1199,827,4582
68973,3625.82,0,0,0,0,18.50,1199,828,4582
69023,3654.97,0,0,-1,0,-29.16,1199,830,4582
69073,3625.82,0,0,0,0,18.50,1199,831,4582
69123,3633.72,0,0,0,0,-18.39,1199,832,4582
69173,3612.72,0,0,0,0,22.77,1199,832,4582
69223,3574.83,0,0,0,0,17.12,1199,832,4582
69273,3572.28,0,0,0,0,27.43,1199,833,4582
69323,3627.57,0,0,0,0,-42.48,1199,833,4582
69373,3623.19,0,0,0,0,12.29,1199,833,4582
69423,3654.08,0,0,-1,0,-38.75,1199,835,4582
69473,3626.69,0,0,0,0,27.39,1199,836,4582
69523,3612.72,0,0,0,0,1.74,1199,837,4582
69573,3581.66,0,0,0,0,35.41,1199,837,4582
69623,3632.84,0,0,0,0,-41.75,1199,837,4582
69673,3621.44,0,0,0,0,13.16,1199,837,4582
69723,3623.19,0,0,0,0,0.00,1199,837,4582
69773,3611.85,0,0,0,0,11.34,1199,837,4582
69823,3643.43,0,0,-1,0,-41.12,1199,838,4582
69873,3611.85,0,0,0,0,23.64,1199,838,4582
69923,3626.69,0,0,0,0,-24.39,1199,838,4582
69974,3602.31,0,0,0,0,-34.86,1199,838,4582
70024,3617.94,0,0,0,0,-16.50,1199,838,4582
70074,3603.17,0,0,-1,0,-41.93,1199,839,4582
70124,3643.43,0,0,-1,0,-17.61,1199,841,4582
70174,3624.06,0,0,0,0,30.02,1199,842,4582
70224,3643.43,0,0,-1,0,-28.10,1199,844,4582
70274,3615.33,0,0,0,0,32.53,1199,845,4582
70324,3574.83,0,0,0,0,27.47,1199,845,4582
70374,3498.95,0,1,0,0,28.80,1200,846,4582
70424,3425.44,0,2,0,0,28.39,1204,846,4582
70474,3340.01,2,3,0,1,33.05,1211,846,4583
70524,3278.69,0,4,0,2,45.78,1218,846,4585
70574,3218.19,0,4,0,0,15.26,1230,846,4587
70624,3127.61,6,6,0,2,41.63,1246,846,4590
70674,3075.66,0,6,0,2,49.99,1258,846,4592
70724,3021.76,3,7,0,0,1.22,1278,846,4594
70774,2965.60,0,8,0,0,9.41,1294,846,4596
70824,2874.66,9,9,0,2,41.35,1319,846,4599
70874,2824.86,2,10,0,1,40.47,1338,846,4600
70924,2775.72,0,10,0,2,44.36,1358,846,4602
70974,2721.83,0,11,0,2,43.15,1379,846,4604
71024,2735.73,10,11,0,4,99.27,1413,846,4630
71074,2621.92,3,12,0,0,-3.66,1437,846,4635
71124,2566.30,0,13,0,0,4.40,1463,846,4637
71174,2518.47,0,14,0,0,4.66,1490,846,4638
71224,2469.14,0,14,0,0,4.07,1518,846,4639
71274,2422.87,0,15,0,0,-1.96,1548,846,4640
71324,2368.92,0,16,0,0,0.75,1579,846,4642
71374,2320.90,2,16,0,0,3.24,1611,846,4643
71424,2271.35,7,17,0,0,2.41,1645,846,4644
71474,2222.88,11,17,0,0,2.97,1679,846,4645
71524,2170.14,17,18,0,0,5.35,1715,846,4646
71574,2127.96,0,19,0,1,42.18,1734,846,4647
71624,2076.70,4,19,0,1,48.85,1772,846,4648
71674,2033.07,13,20,0,1,40.18,1811,846,4649
71724,2023.47,0,20,0,0,9.60,1831,846,4649
71774,1976.55,4,21,0,0,6.53,1873,846,4650
71824,1928.02,17,21,0,0,5.22,1915,846,4651
71874,1856.90,4,22,0,2,71.13,1937,846,4653
71924,1833.74,16,22,0,2,74.66,1980,846,4656
71974,1833.07,0,22,0,0,0.67,2002,846,4656
72024,1784.02,16,23,0,0,1.70,2048,846,4657
72074,1736.92,2,24,0,1,47.10,2072,846,4658
72124,1685.58,22,24,0,1,49.52,2120,846,4659
72174,1687.67,7,24,0,0,-2.09,2144,846,4659
72224,1636.48,0,25,0,1,51.19,2169,846,4660
72274,1587.97,20,26,0,1,49.76,2220,846,4661
72324,1588.31,8,26,0,0,-0.34,2246,846,4661
72374,1537.04,0,26,0,1,51.27,2272,846,4662
72424,1539.57,0,26,0,0,-2.52,2298,846,4662
72474,1544.16,15,26,0,-2,-108.76,2352,846,4666
72524,1437.88,12,28,0,2,106.28,2380,846,4668
72574,1438.16,2,28,0,0,-0.28,2408,846,4668
72624,1386.19,0,28,0,1,51.97,2436,846,4669
72674,1386.83,0,28,0,0,-0.64,2464,846,4669
72724,1334.76,0,29,0,1,52.08,2493,846,4670
72774,1307.30,27,29,0,0,0.80,2551,846,4670
72824,1283.70,24,30,0,0,23.61,2581,846,4670
72875,1228.00,24,30,0,1,55.70,2611,846,4671
72925,1229.71,22,30,0,0,-1.71,2641,846,4671
72975,1172.42,25,31,0,1,57.29,2672,846,4672
73025,1176.47,25,31,0,0,-4.05,2703,846,4672
73075,1116.49,30,32,0,1,59.98,2735,846,4673
73125,1116.49,0,32,0,1,59.98,2735,846,4673
73175,1095.69,0,32,0,0,20.80,2767,846,4673
73225,1089.64,0,32,0,0,6.05,2799,846,4673
73275,1063.08,0,32,0,0,26.57,2831,846,4673
73325,1009.01,6,33,0,0,54.06,2864,846,4673
73375,999.67,16,33,0,0,9.35,2897,846,4673
73425,934.00,32,34,0,1,65.67,2931,846,4674
73475,934.00,0,34,0,1,65.67,2931,846,4674
73525,937.85,0,34,0,0,-3.85,2965,846,4674
73575,874.58,15,35,0,0,63.27,3000,846,4674
73625,871.79,34,35,0,0,2.80,3035,846,4674
73675,871.79,0,35,0,0,2.80,3035,846,4674
73725,805.72,9,36,0,0,66.07,3071,846,4674
73775,800.17,35,36,0,0,5.54,3107,846,4674
73825,800.17,0,36,0,0,5.54,3107,846,4674
73875,727.98,19,37,0,0,72.19,3144,846,4674
73925,727.98,0,37,0,0,72.19,3144,846,4674
73975,718.87,1,37,0,0,9.11,3181,846,4674
74025,718.87,0,37,0,0,9.11,3181,846,4674
74075,649.49,0,38,0,0,69.38,3219,846,4674
74125,649.49,0,38,0,0,69.38,3219,846,4674
74175,628.30,0,38,0,0,21.19,3257,846,4674
74225,628.30,0,38,0,0,21.19,3257,846,4674
74275,551.39,0,39,0,0,76.91,3296,846,4674
74326,551.39,0,39,0,0,76.91,3296,846,4674
74376,518.03,17,40,0,0,33.36,3336,846,4674
74426,518.03,0,40,0,0,33.36,3336,846,4674
74476,518.03,0,40,0,0,33.36,3336,846,4674
74526,424.74,9,41,0,0,93.29,3377,846,4674
74576,424.74,0,41,0,0,93.29,3377,846,4674
74626,424.74,0,41,0,0,93.29,3377,846,4674
74676,365.60,24,42,0,0,59.13,3419,846,4674
74726,365.60,0,42,0,0,59.13,3419,846,4674
74776,365.60,0,42,0,0,59.13,3419,846,4674
74826,365.60,0,42,0,0,59.13,3419,846,4674
75996,44.86,0,42,0,0,59.13,3419,846,4674
76046,44.86,0,42,0,0,59.13,3419,846,4674
76096,44.86,0,42,0,0,59.13,3419,846,4674
76146,44.86,0,42,0,0,59.13,3419,846,4674
76196,44.86,0,42,0,0,59.13,3419,846,4674
76246,0.00,0,42,0,0,59.13,3419,846,4674
76296,0.00,0,42,0,0,59.13,3419,846,4674
76346,0.00,0,42,0,0,59.13,3419,846,4674
76396,0.00,0,42,0,0,59.13,3419,846,4674
76446,0.00,0,42,0,0,59.13,3419,846,4674
76496,0.00,0,42,0,0,59.13,3419,846,4674
76546,0.00,0,42,0,0,59.13,3419,846,4674
76596,0.00,0,42,0,0,59.13,3419,846,4674
76646,0.00,0,42,0,0,59.13,3419,846,4674
76696,0.00,0,42,0,0,59.13,3419,846,4674
76746,0.00,0,42,0,0,59.13,3419,846,4674
76796,0.00,0,42,0,0,59.13,3419,846,4674
76846,0.00,0,42,0,0,59.13,3419,846,4674
76896,0.00,0,42,0,0,59.13,3419,846,4674
76946,0.00,0,42,0,0,59.13,3419,846,4674
76996,0.00,0,42,0,0,59.13,3419,846,4674
77046,0.00,0,42,0,0,59.13,3419,846,4674
77096,0.00,0,42,0,0,59.13,3419,846,4674
77146,0.00,0,42,0,0,59.13,3419,846,4674
77196,0.00,0,42,0,0,59.13,3419,846,4674
77246,0.00,0,42,0,0,59.13,3419,846,4674
77296,0.00,0,42,0,0,59.13,3419,846,4674
77346,0.00,0,42,0,0,59.13,3419,846,4674
77396,0.00,0,42,0,0,59.13,3419,846,4674
77446,0.00,0,42,0,0,59.13,3419,846,4674
77496,0.00,0,42,0,0,59.13,3419,846,4674
77546,0.00,0,42,0,0,59.13,3419,846,4674
77596,0.00,0,42,0,0,59.13,3419,846,4674
77646,0.00,0,42,0,0,59.13,3419,846,4674
77696,0.00,0,42,0,0,59.13,3419,846,4674
77746,0.00,0,42,0,0,59.13,3419,846,4674
77796,0.00,0,42,0,0,59.13,3419,846,4674
77846,0.00,0,42,0,0,59.13,3419,846,4674
77896,0.00,0,42,0,0,59.13,3419,846,4674
77946,0.00,0,42,0,0,59.13,3419,846,4674
77996,0.00,0,42,0,0,59.13,3419,846,4674
78046,0.00,0,42,0,0,59.13,3419,846,4674
78096,0.00,0,42,0,0,59.13,3419,846,4674
78146,0.00,0,42,0,0,59.13,3419,846,4674
78196,0.00,0,42,0,0,59.13,3419,846,4674
78246,0.00,0,42,0,0,59.13,3419,846,4674
78296,0.00,0,42,0,0,59.13,3419,846,4674
78346,0.00,0,42,0,0,59.13,3419,846,4674
78396,0.00,0,42,0,0,59.13,3419,846,4674
78446,0.00,0,42,0,0,59.13,3419,846,4674
78496,0.00,0,42,0,0,59.13,3419,846,4674
78546,0.00,0,42,0,0,59.13,3419,846,4674
78596,0.00,0,42,0,0,59.13,3419,846,4674
78646,0.00,0,42,0,0,59.13,3419,846,4674
78696,0.00,0,42,0,0,59.13,3419,846,4674
78746,0.00,0,42,0,0,59.13,3419,846,4674
78796,0.00,0,42,0,0,59.13,3419,846,4674
78846,0.00,0,42,0,0,59.13,3419,846,4674
78896,0.00,0,42,0,0,59.13,3419,846,4674
78946,0.00,0,42,0,0,59.13,3419,846,4674
78996,0.00,0,42,0,0,59.13,3419,846,4674
79046,0.00,0,42,0,0,59.13,3419,846,4674
79096,0.00,0,42,0,0,59.13,3419,846,4674
79147,0.00,0,42,0,0,59.13,3419,846,4674
79197,0.00,0,42,0,0,59.13,3419,846,4674
79247,0.00,0,42,0,0,59.13,3419,846,4674
79297,0.00,0,42,0,0,59.13,3419,846,4674
79347,0.00,0,42,0,0,59.13,3419,846,4674
79397,0.00,0,42,0,0,59.13,3419,846,4674
79447,0.00,0,42,0,0,59.13,3419,846,4674
79497,0.00,0,42,0,0,59.13,3419,846,4674
79547,0.00,0,42,0,0,59.13,3419,846,4674
79597,0.00,0,42,0,0,59.13,3419,846,4674
79647,0.00,0,42,0,0,59.13,3419,846,4674
79697,0.00,0,42,0,0,59.13,3419,846,4674
79747,0.00,0,42,0,0,59.13,3419,846,4674
79797,0.00,0,42,0,0,59.13,3419,846,4674
79847,0.00,0,42,0,0,59.13,3419,846,4674
79897,0.00,0,42,0,0,59.13,3419,846,4674
79947,0.00,0,42,0,0,59.13,3419,846,4674
79997,0.00,0,42,0,0,59.13,3419,846,4674
80047,0.00,0,42,0,0,59.13,3419,846,4674
80097,0.00,0,42,0,0,59.13,3419,846,4674
80147,0.00,0,42,0,0,59.13,3419,846,4674
80197,0.00,0,42,0,0,59.13,3419,846,4674
80247,0.00,0,42,0,0,59.13,3419,846,4674
80297,0.00,0,42,0,0,59.13,3419,846,4674
80347,0.00,0,42,0,0,59.13,3419,846,4674
80397,0.00,0,42,0,0,59.13,3419,846,4674
80447,0.00,0,42,0,0,59.13,3419,846,4674
80497,0.00,0,42,0,0,59.13,3419,846,4674
80547,0.00,0,42,0,0,59.13,3419,846,4674
80598,0.00,0,42,0,0,59.13,3419,846,4674
80648,0.00,0,42,0,0,59.13,3419,846,4674
80698,0.00,0,42,0,0,59.13,3419,846,4674
80748,0.00,0,42,0,0,59.13,3419,846,4674
80798,0.00,0,42,0,0,59.13,3419,846,4674
80848,0.00,0,42,0,0,59.13,3419,846,4674
80898,0.00,0,42,0,0,59.13,3419,846,4674
80948,0.00,0,42,0,0,59.13,3419,846,4674
80998,0.00,0,42,0,0,59.13,3419,846,4674
81048,0.00,0,42,0,0,59.13,3419,846,4674
81098,0.00,0,42,0,0,59.13,3419,846,4674
81148,0.00,0,42,0,0,59.13,3419,846,4674
81198,0.00,0,42,0,0,59.13,3419,846,4674
81248,0.00,0,42,0,0,59.13,3419,846,4674
81298,0.00,0,42,0,0,59.13,3419,846,4674
81348,0.00,0,42,0,0,59.13,3419,846,4674
