Microcontroller Governor - Abrupt Load Increase(1800 W) - Initially Constant Load (1500 W)
Trial: 3
Date: 4-5-2023
Time: 4:01 PM
Ambient Temp: 79
Head Temp: 219.5

------ Microcontroller Engine Governor - Version: 1.16 ------
-------------------------------------------------------------
PID Gains:  Kp: 0.013  KpAlt: 0.025  Kd: 0.100  KdAlt: 4.000
-------------------------------------------------------------
Set RPM:             3600    |  Min RPM:                 300
                             |
RPM Precision:       20      |  PID Kp Alt Range:        70
                             |
Start Steps:         850     |  Max Steps:               1200
                             |
RPM Calc Interval:   1       |  Num Magnets:             1
                             |
LCD Update Interval: 400     |  Serial Update Interval:  50
-------------------------------------------------------------

Time,RPM,Steps Remaining, PID p, PID p Alt, PID d, RPM Change, P Cmd, P Alt Cmd, D Cmd
1725,0.00,0,0,0,0,0.00,0,0,0
1775,0.00,0,0,0,0,0.00,0,0,0
1825,0.00,0,0,0,0,0.00,0,0,0
1875,0.00,0,0,0,0,0.00,0,0,0
1925,0.00,0,0,0,0,0.00,0,0,0
1975,0.00,0,0,0,0,0.00,0,0,0
2025,0.00,0,0,0,0,0.00,0,0,0
2075,0.00,0,0,0,0,0.00,0,0,0
2125,0.00,0,0,0,0,0.00,0,0,0
2176,0.00,0,0,0,0,0.00,0,0,0
2226,0.00,0,0,0,0,0.00,0,0,0
2276,0.00,0,0,0,0,0.00,0,0,0
2326,0.00,0,0,0,0,0.00,0,0,0
2376,0.00,0,0,0,0,0.00,0,0,0
2426,0.00,0,0,0,0,0.00,0,0,0
2476,0.00,0,0,0,0,0.00,0,0,0
2526,0.00,0,0,0,0,0.00,0,0,0
2576,0.00,0,0,0,0,0.00,0,0,0
2626,0.00,0,0,0,0,0.00,0,0,0
2676,0.00,0,0,0,0,0.00,0,0,0
2726,0.00,0,0,0,0,0.00,0,0,0
2776,0.00,0,0,0,0,0.00,0,0,0
2826,0.00,0,0,0,0,0.00,0,0,0
2876,0.00,0,0,0,0,0.00,0,0,0
2926,0.00,0,0,0,0,0.00,0,0,0
2976,0.00,0,0,0,0,0.00,0,0,0
3026,0.00,0,0,0,0,0.00,0,0,0
3076,0.00,0,0,0,0,0.00,0,0,0
3126,0.00,0,0,0,0,0.00,0,0,0
3176,0.00,0,0,0,0,0.00,0,0,0
3226,0.00,0,0,0,0,0.00,0,0,0
3276,0.00,0,0,0,0,0.00,0,0,0
3326,0.00,0,0,0,0,0.00,0,0,0
3376,0.00,0,0,0,0,0.00,0,0,0
3426,0.00,0,0,0,0,0.00,0,0,0
3476,0.00,0,0,0,0,0.00,0,0,0
3526,0.00,0,0,0,0,0.00,0,0,0
3576,0.00,0,0,0,0,0.00,0,0,0
3627,0.00,0,0,0,0,0.00,0,0,0
3677,0.00,0,0,0,0,0.00,0,0,0
3727,0.00,0,0,0,0,0.00,0,0,0
3777,0.00,0,0,0,0,0.00,0,0,0
3827,0.00,0,0,0,0,0.00,0,0,0
3877,0.00,0,0,0,0,0.00,0,0,0
3927,0.00,0,0,0,0,0.00,0,0,0
3977,0.00,0,0,0,0,0.00,0,0,0
4027,0.00,0,0,0,0,0.00,0,0,0
4077,0.00,0,0,0,0,0.00,0,0,0
4127,0.00,0,0,0,0,0.00,0,0,0
4177,0.00,0,0,0,0,0.00,0,0,0
4227,0.00,0,0,0,0,0.00,0,0,0
4277,0.00,0,0,0,0,0.00,0,0,0
4327,0.00,0,0,0,0,0.00,0,0,0
4377,0.00,0,0,0,0,0.00,0,0,0
4427,0.00,0,0,0,0,0.00,0,0,0
4477,0.00,0,0,0,0,0.00,0,0,0
4527,0.00,0,0,0,0,0.00,0,0,0
4577,0.00,0,0,0,0,0.00,0,0,0
4627,0.00,0,0,0,0,0.00,0,0,0
4677,0.00,0,0,0,0,0.00,0,0,0
4727,0.00,0,0,0,0,0.00,0,0,0
4777,0.00,0,0,0,0,0.00,0,0,0
4827,0.00,0,0,0,0,0.00,0,0,0
4877,0.00,0,0,0,0,0.00,0,0,0
4927,0.00,0,0,0,0,0.00,0,0,0
4977,0.00,0,0,0,0,0.00,0,0,0
5027,0.00,0,0,0,0,0.00,0,0,0
5078,0.00,0,0,0,0,0.00,0,0,0
5128,0.00,0,0,0,0,0.00,0,0,0
5178,0.00,0,0,0,0,0.00,0,0,0
5228,0.00,0,0,0,0,0.00,0,0,0
5278,0.00,0,0,0,0,0.00,0,0,0
5328,0.00,0,0,0,0,0.00,0,0,0
5378,0.00,0,0,0,0,0.00,0,0,0
5428,0.00,0,0,0,0,0.00,0,0,0
5478,0.00,0,0,0,0,0.00,0,0,0
5528,0.00,0,0,0,0,0.00,0,0,0
5578,0.00,0,0,0,0,0.00,0,0,0
5628,0.00,0,0,0,0,0.00,0,0,0
5678,0.00,0,0,0,0,0.00,0,0,0
5728,0.00,0,0,0,0,0.00,0,0,0
5778,0.00,0,0,0,0,0.00,0,0,0
5828,0.00,0,0,0,0,0.00,0,0,0
5878,0.00,0,0,0,0,0.00,0,0,0
5928,0.00,0,0,0,0,0.00,0,0,0
5978,0.00,0,0,0,0,0.00,0,0,0
6028,0.00,0,0,0,0,0.00,0,0,0
6078,0.00,0,0,0,0,0.00,0,0,0
6128,0.00,0,0,0,0,0.00,0,0,0
6178,0.00,0,0,0,0,0.00,0,0,0
6228,0.00,0,0,0,0,0.00,0,0,0
6278,0.00,0,0,0,0,0.00,0,0,0
6328,0.00,0,0,0,0,0.00,0,0,0
6378,0.00,0,0,0,0,0.00,0,0,0
6428,0.00,0,0,0,0,0.00,0,0,0
6478,0.00,0,0,0,0,0.00,0,0,0
6528,0.00,0,0,0,0,0.00,0,0,0
6578,0.00,0,0,0,0,0.00,0,0,0
6628,0.00,0,0,0,0,0.00,0,0,0
6678,0.00,0,0,0,0,0.00,0,0,0
6728,0.00,0,0,0,0,0.00,0,0,0
6778,0.00,0,0,0,0,0.00,0,0,0
6828,0.00,0,0,0,0,0.00,0,0,0
6878,0.00,0,0,0,0,0.00,0,0,0
6928,0.00,0,0,0,0,0.00,0,0,0
6978,0.00,0,0,0,0,0.00,0,0,0
7028,0.00,0,0,0,0,0.00,0,0,0
7078,0.00,0,0,0,0,0.00,0,0,0
7128,0.00,0,0,0,0,0.00,0,0,0
7178,0.00,0,0,0,0,0.00,0,0,0
7228,0.00,0,0,0,0,0.00,0,0,0
7278,0.00,0,0,0,0,0.00,0,0,0
7328,0.00,0,0,0,0,0.00,0,0,0
7378,0.00,0,0,0,0,0.00,0,0,0
7428,0.00,0,0,0,0,0.00,0,0,0
7478,0.00,0,0,0,0,0.00,0,0,0
7528,0.00,0,0,0,0,0.00,0,0,0
7578,0.00,0,0,0,0,0.00,0,0,0
7628,0.00,0,0,0,0,0.00,0,0,0
7678,0.00,0,0,0,0,0.00,0,0,0
7728,0.00,0,0,0,0,0.00,0,0,0
7778,0.00,0,0,0,0,0.00,0,0,0
7828,0.00,0,0,0,0,0.00,0,0,0
7878,0.00,0,0,0,0,0.00,0,0,0
7928,0.00,0,0,0,0,0.00,0,0,0
7979,0.00,0,0,0,0,0.00,0,0,0
8029,0.00,0,0,0,0,0.00,0,0,0
8079,0.00,0,0,0,0,0.00,0,0,0
8129,0.00,0,0,0,0,0.00,0,0,0
8179,0.00,0,0,0,0,0.00,0,0,0
8229,0.00,0,0,0,0,0.00,0,0,0
8279,0.00,0,0,0,0,0.00,0,0,0
8329,0.00,0,0,0,0,0.00,0,0,0
8379,0.00,0,0,0,0,0.00,0,0,0
8429,0.00,0,0,0,0,0.00,0,0,0
8479,0.00,0,0,0,0,0.00,0,0,0
8529,0.00,0,0,0,0,0.00,0,0,0
8579,0.00,0,0,0,0,0.00,0,0,0
8629,0.00,0,0,0,0,0.00,0,0,0
8679,0.00,0,0,0,0,0.00,0,0,0
8729,0.00,0,0,0,0,0.00,0,0,0
8779,0.00,0,0,0,0,0.00,0,0,0
8829,0.00,0,0,0,0,0.00,0,0,0
8879,0.00,0,0,0,0,0.00,0,0,0
8929,0.00,0,0,0,0,0.00,0,0,0
8979,0.00,0,0,0,0,0.00,0,0,0
9029,0.00,0,0,0,0,0.00,0,0,0
9079,0.00,0,0,0,0,0.00,0,0,0
9129,0.00,0,0,0,0,0.00,0,0,0
9179,0.00,0,0,0,0,0.00,0,0,0
9229,0.00,0,0,0,0,0.00,0,0,0
9279,0.00,0,0,0,0,0.00,0,0,0
9329,0.00,0,0,0,0,0.00,0,0,0
9379,0.00,0,0,0,0,0.00,0,0,0
9430,inf,0,0,0,0,inf,0,0,0
9480,inf,0,0,0,0,inf,0,0,0
9530,inf,0,0,0,0,inf,0,0,0
9580,512.30,2,40,0,0,inf,40,0,0
9630,902.74,0,35,0,-23,-390.45,75,0,23
9680,848.85,37,35,0,3,53.90,110,0,26
9730,848.85,0,35,0,3,53.90,110,0,26
9780,843.08,5,35,0,0,5.77,145,0,26
9830,837.57,27,35,0,0,5.51,180,0,26
9880,1222.99,0,30,0,-31,-385.42,210,0,57
9930,1235.69,18,30,0,-1,-12.69,240,0,58
9980,1588.81,0,26,0,-37,-353.13,266,0,95
10030,1871.26,-8,22,0,-33,-268.35,313,0,129
10080,1889.88,0,22,0,-2,-18.63,335,0,131
10130,2124.04,3,19,0,-2,-16.12,373,0,164
10180,2316.60,3,16,0,-1,-7.13,405,0,194
10230,2512.14,0,14,0,-7,-44.22,433,0,226
10280,2630.19,0,12,0,2,14.84,457,0,252
10330,2894.08,5,9,0,0,-128.59,486,0,252
10380,3013.86,0,7,0,0,-119.79,502,0,252
10430,3125.65,1,6,0,0,0.65,521,0,252
10480,3224.42,0,4,0,0,17.42,529,0,252
10530,3443.53,0,2,0,0,169.19,537,0,252
10580,3521.95,0,1,0,0,12.45,540,1,252
10630,3689.13,0,-1,0,0,-92.01,541,1,252
10680,3760.34,0,-2,0,0,-0.94,546,1,252
10730,3850.10,-1,-3,0,0,51.07,556,1,252
10780,3862.00,0,-3,0,0,-27.64,565,1,252
10830,3810.98,0,-2,0,0,37.15,572,1,252
10880,3750.00,0,-1,0,0,47.47,578,1,252
10930,3698.22,0,-1,0,0,48.03,581,1,252
10980,3746.25,0,-1,0,0,-34.30,584,1,252
11030,3628.45,0,0,0,0,23.85,585,2,252
11080,3708.28,0,-1,0,0,-55.98,587,3,252
11130,3689.13,0,-1,0,0,81.61,590,3,252
11180,3708.28,0,-1,0,0,38.91,600,3,257
11230,3760.34,0,-2,0,0,-49.31,604,3,257
11280,3735.99,0,-1,0,0,34.75,608,3,257
11330,3785.01,0,-2,0,0,-49.02,613,3,257
11380,3750.00,0,-1,0,0,33.10,617,3,257
11430,3785.97,0,-2,0,0,-37.84,622,3,257
11480,3735.99,0,-1,0,0,49.02,626,3,257
11530,3794.59,0,-2,0,0,-44.59,631,3,257
11580,3810.98,-1,-2,0,0,-48.75,638,3,257
11630,3760.34,0,-2,0,0,39.05,644,3,257
11680,3772.64,0,-2,0,0,-25.45,649,3,257
11730,3737.85,0,-1,0,0,45.25,653,3,257
11780,3758.46,0,-2,0,0,-34.52,658,3,257
11830,3722.08,0,-1,0,0,37.31,662,3,257
11880,3759.40,0,-2,0,0,-46.53,667,3,257
11930,3723.93,0,-1,0,0,35.47,671,3,257
11980,3747.19,0,-1,0,0,-34.32,674,3,257
12030,3697.31,0,-1,0,0,-10.90,682,3,260
12080,3652.30,0,0,-1,0,43.19,683,5,260
12130,3696.40,0,-1,0,0,-44.10,685,6,260
12180,3640.78,0,0,-1,0,42.92,686,8,260
12230,3650.52,0,0,-1,0,-23.83,686,10,260
12280,3582.52,0,0,0,0,-4.37,686,10,260
12331,3629.32,0,0,0,0,-35.65,686,10,260
12381,3568.03,0,0,0,0,32.55,686,10,260
12431,3599.71,0,0,0,0,25.60,686,10,260
12481,3573.13,0,0,0,0,25.72,686,10,260
12531,3598.85,0,0,1,0,34.87,686,11,260
12581,3562.95,0,0,0,0,35.04,686,12,260
12631,3600.58,0,0,0,0,24.74,686,12,260
12681,3568.03,0,0,0,0,40.34,686,13,260
12731,3601.44,0,0,0,0,26.62,686,13,260
12781,3568.03,0,0,0,0,32.55,686,13,260
12831,3601.44,0,0,0,0,42.95,686,13,260
12881,3587.66,0,0,1,0,45.25,686,14,260
12931,3560.41,0,0,0,0,404.70,694,14,264
12981,3604.90,0,0,0,0,-117.83,695,14,264
13031,3533.57,0,0,1,0,42.97,695,16,264
13081,3580.81,0,0,0,0,47.89,695,16,264
13131,3544.42,0,0,1,0,41.52,695,18,264
13181,3587.66,0,0,1,0,33.16,695,19,264
13231,3563.79,0,0,0,0,35.06,695,20,264
13281,3563.79,0,0,0,0,-18.53,695,21,264
13331,3532.74,0,0,1,0,32.75,695,23,264
13381,3576.54,0,0,0,0,-32.11,695,24,264
13431,3513.70,0,1,0,0,51.78,696,25,264
13481,3579.10,0,0,0,0,-56.32,697,25,264
13531,3546.10,0,0,1,0,28.73,697,27,264
13581,3586.80,0,0,1,0,40.70,697,28,264
13631,3575.69,0,0,0,0,24.89,697,28,264
13681,3623.19,0,0,0,0,-45.80,697,28,264
13731,3580.81,0,0,0,0,-29.47,697,28,264
13782,3629.32,0,0,0,0,-35.65,697,28,264
13832,3567.18,0,0,0,0,71.83,697,28,264
13882,3652.30,0,0,-1,0,-44.80,697,29,264
13932,3613.59,0,0,-1,0,-58.80,697,30,264
13982,3662.11,0,0,-1,0,-46.78,697,32,264
14032,3613.59,0,0,-1,0,-45.06,697,33,264
14082,3639.01,0,0,0,0,-45.34,697,33,264
14132,3604.04,0,0,0,0,-38.42,697,33,264
14182,3601.44,0,0,0,0,-33.21,697,33,264
14232,3573.13,0,0,0,0,26.58,697,33,264
14282,3610.98,0,0,0,0,26.58,697,33,264
14332,3558.72,0,0,1,0,41.86,697,34,264
14382,3623.19,0,0,0,0,-50.06,697,34,264
14432,3576.54,0,0,0,0,35.31,697,34,264
14482,3639.01,0,0,0,0,-56.49,697,34,264
14532,3593.67,0,0,0,0,-39.09,697,34,264
14582,3639.01,0,0,0,0,-47.92,697,35,264
14632,3604.04,0,0,0,0,-30.54,697,35,264
14682,3653.19,0,0,-1,0,-48.29,697,36,264
14732,3604.04,0,0,-1,0,-36.12,697,37,264
14782,3610.98,0,0,0,0,-19.15,697,37,264
14832,3582.52,0,0,0,0,-53.77,697,37,264
14882,3641.66,0,0,-1,0,-37.62,697,39,264
14932,3593.67,0,0,0,0,-32.20,697,39,264
14982,3630.20,0,0,0,0,-37.39,697,39,264
15032,3593.67,0,0,0,0,-49.63,697,39,264
15082,3629.32,0,0,0,0,-36.51,697,39,264
15132,3586.80,0,0,0,0,-36.51,697,39,264
15182,3637.25,0,0,0,0,-44.43,697,39,264
15232,3604.04,0,0,0,0,-28.74,697,39,264
15282,3643.43,0,0,-1,0,-39.39,697,40,264
15332,3615.33,0,0,-1,0,-45.69,697,41,264
15382,3662.11,0,0,-1,0,-47.65,697,43,264
15432,3602.31,0,0,-1,0,-34.37,697,44,264
15482,3648.75,0,0,-1,0,16.94,697,46,264
15532,3615.33,0,0,-1,0,-52.00,697,47,264
15582,3662.11,0,0,-1,0,-46.78,697,49,264
15632,3604.04,0,0,-1,0,-37.66,697,50,264
15682,3633.72,0,0,0,0,-30.55,697,50,264
15732,3591.09,0,0,-1,0,-41.97,697,51,264
15782,3629.32,0,0,0,0,-35.65,697,51,264
15832,3604.90,0,0,0,0,-38.42,697,51,264
15882,3629.32,0,0,0,0,-36.51,697,51,264
15932,3581.66,0,0,0,0,-39.95,697,51,264
15982,3600.58,0,0,-1,0,-60.00,697,52,264
16032,3564.64,0,0,0,0,32.48,697,53,264
16082,3610.98,0,0,0,0,45.51,697,53,264
16132,3577.39,0,0,0,0,35.33,697,53,264
16182,3600.58,0,0,0,0,35.92,697,53,264
16232,3567.18,0,0,0,0,44.66,697,53,264
16282,3609.24,0,0,0,0,44.66,697,53,264
16332,3585.09,0,0,0,0,44.66,697,53,264
16382,3620.56,0,0,0,0,-38.05,697,53,264
16432,3580.81,0,0,0,0,-29.47,697,53,264
16482,3597.98,0,0,1,0,45.32,697,54,264
16532,3568.03,0,0,0,0,32.55,697,54,264
16582,3587.66,0,0,1,0,34.67,697,55,264
16632,3554.50,0,0,1,0,33.16,697,57,264
16683,3598.85,0,0,1,0,29.80,697,58,264
16733,3563.79,0,0,0,0,25.58,697,58,264
16783,3598.85,0,0,0,0,24.05,697,58,264
16833,3567.18,0,0,0,0,33.39,697,58,264
16883,3578.24,0,0,0,0,-11.06,697,58,264
16933,3545.26,0,0,1,0,42.40,697,60,264
16983,3587.66,0,0,1,0,32.97,697,61,264
17033,3554.50,0,0,1,0,44.35,697,63,264
17083,3610.98,0,0,0,0,36.71,697,63,264
17133,3576.54,0,0,0,0,35.31,697,63,264
17183,3589.38,0,0,0,0,34.46,697,63,264
17233,3564.64,0,0,0,0,35.07,697,63,264
17283,3567.18,0,0,0,0,44.66,697,63,264
17333,3502.22,0,1,0,0,380.77,704,63,294
17383,3524.44,0,0,0,0,196.72,707,63,305
17433,3575.69,0,0,0,0,-27.91,707,64,305
17483,3534.40,0,0,1,0,46.41,707,66,305
17533,3586.80,0,0,1,0,39.73,707,67,305
17583,3555.34,0,0,1,0,31.46,707,69,305
17633,3597.98,0,0,1,0,42.64,707,70,305
17683,3567.18,0,0,0,0,44.66,707,70,305
17733,3596.26,0,0,1,0,41.86,707,71,305
17783,3573.13,0,0,0,0,25.72,707,71,305
17833,3619.69,0,0,0,0,25.72,707,71,305
17883,3585.09,0,0,0,0,-47.48,707,71,305
17933,3629.32,0,0,0,0,-47.66,707,71,305
17983,3591.95,0,0,0,0,-48.78,707,71,305
18033,3652.30,0,0,-1,0,-48.26,707,73,305
18083,3615.33,0,0,-1,0,-35.04,707,74,305
18134,3651.41,0,0,-1,0,-36.95,707,76,305
18184,3615.33,0,0,-1,0,-34.37,707,77,305
18234,3652.30,0,0,-1,0,-50.00,707,79,305
18284,3615.33,0,0,-1,0,-43.08,707,80,305
18334,3650.52,0,0,-1,0,-25.58,707,82,305
18384,3614.46,0,0,-1,0,-24.67,707,83,305
18434,3642.54,0,0,-1,0,-39.37,707,84,305
18484,3593.67,0,0,0,0,-42.75,707,84,305
18534,3600.58,0,0,0,0,26.63,707,84,305
18584,3573.13,0,0,0,0,25.72,707,84,305
18634,3611.85,0,0,0,0,44.66,707,84,305
18684,3584.23,0,0,0,0,44.66,707,84,305
18734,3619.69,0,0,0,0,44.66,707,84,305
18784,3582.52,0,0,0,0,-49.21,707,84,305
18834,3611.85,0,0,0,0,32.55,707,84,305
18884,3575.69,0,0,0,0,24.89,707,84,305
18934,3610.11,0,0,0,0,24.05,707,84,305
18984,3576.54,0,0,0,0,35.31,707,84,305
19034,3624.06,0,0,0,0,-48.38,707,84,305
19084,3573.98,0,0,0,0,37.87,707,84,305
19134,3610.98,0,0,0,0,33.39,707,84,305
19184,3577.39,0,0,0,0,34.46,707,84,305
19234,3612.72,0,0,0,0,34.46,707,84,305
19284,3582.52,0,0,0,0,-38.90,707,84,305
19334,3611.85,0,0,0,0,35.33,707,84,305
19384,3568.03,0,0,0,0,43.82,707,84,305
19434,3597.12,0,0,1,0,41.86,707,85,305
19484,3556.19,0,0,1,0,44.39,707,86,305
19534,3598.85,0,0,1,0,51.36,707,87,305
19584,3563.79,0,0,0,0,35.06,707,88,305
19634,3598.85,0,0,0,0,35.92,707,88,305
19684,3555.34,0,0,1,0,34.03,707,89,305
19734,3600.58,0,0,0,0,25.57,707,89,305
19784,3578.24,0,0,0,0,32.73,707,89,305
19834,3611.85,0,0,0,0,41.23,707,89,305
19884,3574.83,0,0,0,0,26.61,707,89,305
19934,3610.98,0,0,0,0,34.46,707,89,305
19984,3567.18,0,0,0,0,44.66,707,89,305
20034,3600.58,0,0,0,0,52.61,707,89,305
20084,3577.39,0,0,0,0,32.72,707,89,305
20134,3610.98,0,0,0,0,32.72,707,89,305
20184,3582.52,0,0,0,0,-47.46,707,89,305
20234,3612.72,0,0,0,0,35.31,707,89,305
20284,3574.83,0,0,0,0,36.14,707,89,305
20334,3630.20,0,0,0,0,-49.40,707,89,305
20384,3582.52,0,0,0,0,-36.49,707,89,305
20434,3619.69,0,0,0,0,-48.56,707,89,305
20484,3591.95,0,0,0,0,-48.78,707,89,305
20534,3629.32,0,0,0,0,-35.65,707,89,305
20584,3604.90,0,0,0,0,-31.40,707,89,305
20634,3648.75,0,0,-1,0,-56.79,707,90,305
20684,3517.82,0,1,0,0,45.12,708,90,305
20734,3576.54,0,0,0,0,-30.44,708,91,305
20785,3557.03,0,0,1,0,19.51,708,93,305
20835,3598.85,0,0,1,0,32.13,708,94,305
20885,3559.56,0,0,1,0,48.81,708,96,305
20935,3599.71,0,0,0,0,34.19,708,96,305
20985,3586.80,0,0,0,0,23.17,708,96,305
21035,3587.66,0,0,0,0,23.17,708,96,305
21085,3501.40,0,1,0,0,370.57,714,96,325
21135,3534.40,0,0,1,0,128.60,715,98,333
21185,3575.69,0,0,0,0,-34.61,715,99,333
21235,3509.59,0,1,0,0,33.16,716,101,333
21285,3566.33,0,0,0,0,-56.74,717,102,333
21335,3532.74,0,0,1,0,23.45,718,104,333
21385,3586.80,0,0,1,0,42.97,718,105,333
21435,3555.34,0,0,1,0,32.31,718,107,333
21485,3587.66,0,0,1,0,29.57,718,108,333
21535,3558.72,0,0,1,0,84.71,719,110,333
21585,3612.72,0,0,0,0,30.11,719,110,333
21635,3582.52,0,0,0,0,-44.97,719,110,333
21685,3639.01,0,0,0,0,-45.34,719,110,333
21735,3613.59,0,0,-1,0,-51.72,719,111,333
21785,3662.11,0,0,-1,0,-35.42,719,113,333
21835,3618.82,0,0,0,0,-44.44,719,113,333
21885,3652.30,0,0,-1,0,-36.97,719,115,333
21935,3626.69,0,0,0,0,37.21,719,116,333
21985,3662.11,0,0,-1,0,-35.42,719,118,333
22035,3626.69,0,0,0,0,35.42,719,119,333
22085,3675.57,0,0,0,0,-48.88,719,120,333
22135,3615.33,0,0,-1,0,-35.42,719,121,333
22185,3653.19,0,0,-1,0,-37.86,719,123,333
22235,3614.46,0,0,-1,0,-23.74,719,124,333
22285,3652.30,0,0,-1,0,-49.13,719,126,333
22335,3615.33,0,0,-1,0,-51.06,719,127,333
22385,3662.11,0,0,-1,0,-48.52,719,129,333
22435,3591.95,0,0,0,0,-35.75,719,129,333
22486,3638.13,0,0,0,0,-40.14,719,129,333
22536,3582.52,0,0,0,0,-53.07,719,129,333
22586,3639.01,0,0,0,0,-50.49,719,129,333
22636,3582.52,0,0,0,0,-46.88,719,129,333
22686,3629.32,0,0,0,0,-33.93,719,129,333
22736,3581.66,0,0,0,0,-49.30,719,129,333
22786,3622.31,0,0,0,0,-43.22,719,129,333
22836,3591.95,0,0,0,0,-52.89,719,129,333
22886,3588.52,0,0,0,0,53.61,719,129,333
22936,3555.34,0,0,1,0,32.31,719,131,333
22986,3598.85,0,0,1,0,44.32,719,132,333
23036,3557.87,0,0,1,0,53.97,719,133,333
23086,3586.80,0,0,1,0,50.55,719,134,333
23136,3555.34,0,0,1,0,32.31,719,136,333
23186,3588.52,0,0,0,0,32.48,719,136,333
23236,3557.87,0,0,1,0,42.70,719,137,333
23286,3575.69,0,0,0,0,-42.95,719,138,333
23336,3554.50,0,0,1,0,33.16,719,140,333
23386,3600.58,0,0,0,0,24.71,719,140,333
23436,3577.39,0,0,0,0,32.72,719,140,333
23486,3630.20,0,0,0,0,-48.54,719,140,333
23536,3583.37,0,0,0,0,-42.36,719,140,333
23586,3624.06,0,0,0,0,-47.53,719,140,333
23636,3583.37,0,0,0,0,-42.34,719,140,333
23686,3639.01,0,0,0,0,-57.35,719,140,333
23736,3592.81,0,0,0,0,-48.78,719,140,333
23786,3630.20,0,0,0,0,-47.69,719,140,333
23836,3604.90,0,0,0,0,-47.92,719,140,333
23886,3643.43,0,0,-1,0,-39.39,719,141,333
23936,3644.31,0,0,-1,0,-18.50,719,142,333
23986,3662.11,0,0,-1,0,-47.65,719,144,333
24036,3614.46,0,0,-1,0,-34.36,719,145,333
24086,3653.19,0,0,-1,0,-37.86,719,147,333
24136,3615.33,0,0,-1,0,-34.37,719,148,333
24186,3652.30,0,0,-1,0,-37.84,719,150,333
24236,3615.33,0,0,-1,0,-32.42,719,151,333
24286,3643.43,0,0,-1,0,-27.23,719,152,333
24336,3604.90,0,0,-1,0,-25.47,719,153,333
24386,3624.06,0,0,0,0,-20.03,719,154,333
24436,3592.81,0,0,0,0,-48.52,719,154,333
24486,3609.24,0,0,0,0,-35.63,719,154,333
24536,3580.81,0,0,0,0,-33.76,719,154,333
24586,3629.32,0,0,0,0,-42.52,719,154,333
24636,3566.33,0,0,0,0,44.64,719,154,333
24686,3598.85,0,0,0,0,42.10,719,154,333
24736,3564.64,0,0,0,0,47.21,719,154,333
24786,3598.85,0,0,1,0,46.89,719,155,333
24836,3554.50,0,0,1,0,43.48,719,157,333
24886,3608.37,0,0,1,0,45.21,719,158,333
24936,3563.79,0,0,0,0,35.92,719,158,333
24986,3610.98,0,0,0,0,34.24,719,158,333
25036,3568.03,0,0,0,0,32.55,719,158,333
25086,3599.71,0,0,0,0,23.88,719,158,333
25136,3557.03,0,0,1,0,43.55,719,159,333
25186,3600.58,0,0,0,0,27.42,719,159,333
25236,3558.72,0,0,1,0,41.86,719,160,333
25286,3612.72,0,0,0,0,40.34,719,160,333
25336,3585.94,0,0,0,0,40.34,719,160,333
25387,3630.20,0,0,0,0,-43.40,719,160,333
25437,3593.67,0,0,0,0,-48.78,719,160,333
25487,3639.01,0,0,0,0,-51.35,719,160,333
25537,3592.81,0,0,0,0,-51.35,719,160,333
25587,3619.69,0,0,0,0,-51.35,719,160,333
25637,3577.39,0,0,0,0,33.59,719,160,333
25687,3630.20,0,0,0,0,-48.54,719,160,333
25737,3573.13,0,0,0,0,26.58,719,160,333
25787,3610.11,0,0,0,0,26.58,719,160,333
25837,3558.72,0,0,1,0,53.13,719,161,333
25887,3575.69,0,0,0,0,-30.42,719,162,333
25937,3560.41,0,0,0,0,25.53,719,163,333
25987,3600.58,0,0,0,0,35.92,719,163,333
26037,3575.69,0,0,0,0,36.16,719,163,333
26087,3622.31,0,0,0,0,-44.92,719,163,333
26137,3580.81,0,0,0,0,-45.82,719,163,333
26187,3618.82,0,0,0,0,-45.82,719,163,333
26237,3580.81,0,0,0,0,-45.82,719,163,333
26287,3629.32,0,0,0,0,-42.52,719,163,333
26337,3594.54,0,0,0,0,-39.95,719,163,333
26387,3630.20,0,0,0,0,-47.69,719,163,333
26437,3589.38,0,0,0,0,51.96,719,163,333
26487,3527.75,0,0,0,0,528.49,729,163,339
26537,3501.40,0,1,0,0,378.58,737,163,363
26587,3546.94,0,0,1,0,248.61,740,164,377
26637,3565.49,0,0,0,0,-23.57,740,165,377
26687,3532.74,0,0,1,0,42.95,740,166,377
26737,3587.66,0,0,1,0,31.26,740,167,377
26787,3553.66,0,0,1,0,45.19,740,169,377
26838,3598.85,0,0,1,0,34.00,740,170,377
26888,3559.56,0,0,1,0,49.68,740,172,377
26938,3601.44,0,0,0,0,41.21,740,172,377
26988,3567.18,0,0,0,0,33.39,740,172,377
27038,3624.06,0,0,0,0,-45.82,740,172,377
27088,3576.54,0,0,0,0,35.31,740,172,377
27138,3598.85,0,0,1,0,34.86,740,173,377
27188,3568.03,0,0,0,0,32.55,740,173,377
27238,3623.19,0,0,0,0,-55.16,740,173,377
27288,3582.52,0,0,0,0,-46.65,740,173,377
27338,3619.69,0,0,0,0,-47.69,740,173,377
27388,3593.67,0,0,0,0,-42.52,740,173,377
27438,3629.32,0,0,0,0,-35.65,740,173,377
27488,3592.81,0,0,0,0,-31.39,740,173,377
27538,3629.32,0,0,0,0,-35.65,740,173,377
27588,3591.95,0,0,0,0,-30.54,740,173,377
27638,3633.72,0,0,0,0,-28.82,740,173,377
27688,3604.04,0,0,0,0,-38.42,740,173,377
27738,3641.66,0,0,-1,0,-38.49,740,175,377
27788,3614.46,0,0,-1,0,-35.93,740,176,377
27838,3652.30,0,0,-1,0,-49.13,740,178,377
27888,3615.33,0,0,-1,0,-44.80,740,179,377
27938,3633.72,0,0,0,0,-18.39,740,180,377
27988,3614.46,0,0,-1,0,-38.68,740,181,377
28038,3642.54,0,0,-1,0,-37.64,740,182,377
28088,3603.17,0,0,-1,0,-47.42,740,183,377
28138,3653.19,0,0,-1,0,-49.15,740,185,377
28188,3614.46,0,0,-1,0,-24.61,740,186,377
28238,3643.43,0,0,-1,0,-28.10,740,188,377
28288,3604.04,0,0,-1,0,-23.74,740,189,377
28338,3632.84,0,0,0,0,-30.54,740,190,377
28388,3510.41,0,1,0,0,34.85,741,191,377
28438,3557.03,0,0,1,0,-35.90,742,193,377
28488,3521.13,0,1,0,0,32.53,743,195,377
28538,3575.69,0,0,0,0,-41.28,743,196,377
28588,3554.50,0,0,1,0,26.30,743,197,377
28638,3543.59,0,0,1,0,3.35,743,199,377
28688,3520.30,0,1,0,0,36.73,745,200,377
28738,3568.88,0,0,0,0,-45.27,745,200,377
28788,3509.59,0,1,0,0,39.02,747,201,377
28838,3568.03,0,0,0,0,-46.90,748,202,377
28888,3534.40,0,0,1,0,44.70,749,203,377
28938,3586.80,0,0,1,0,32.13,749,204,377
28988,3564.64,0,0,0,0,23.88,749,205,377
29038,3543.59,0,0,1,0,14.29,749,207,377
29088,3544.42,0,0,1,0,-34.83,750,208,377
29138,3502.22,0,1,0,0,336.06,758,208,400
29188,3612.72,0,0,0,-4,-172.49,759,208,404
29238,3526.92,0,0,0,0,53.88,759,208,404
29288,3555.34,0,0,1,0,-45.75,760,210,404
29338,3520.30,0,1,0,0,24.96,762,211,404
29388,3564.64,0,0,0,0,-33.57,762,213,404
29438,3554.50,0,0,1,0,33.16,762,215,404
29488,3598.85,0,0,1,0,45.19,762,216,404
29538,3553.66,0,0,1,0,45.19,762,218,404
29588,3610.98,0,0,0,0,20.59,762,218,404
29638,3585.09,0,0,0,0,38.70,762,218,404
29688,3628.45,0,0,0,0,-46.79,762,218,404
29739,3604.90,0,0,0,0,-39.95,762,218,404
29789,3643.43,0,0,-1,0,-39.39,762,219,404
29839,3624.94,0,0,0,0,37.17,762,220,404
29889,3661.22,0,0,-1,0,-35.40,762,222,404
29939,3630.20,0,0,0,0,42.67,762,222,404
29989,3692.76,0,-1,0,0,-144.15,763,224,404
30039,3604.04,0,0,-1,0,-61.95,763,225,404
30089,3643.43,0,0,-1,0,-28.10,763,227,404
30139,3615.33,0,0,-1,0,-55.47,763,228,404
30189,3662.11,0,0,-1,0,-46.78,763,230,404
30239,3626.69,0,0,0,0,35.42,763,231,404
30289,3671.97,0,0,0,0,-53.15,763,231,404
30339,3604.04,0,0,-1,0,-38.73,763,232,404
30389,3653.19,0,0,-1,0,-59.52,763,233,404
30439,3586.80,0,0,-1,0,-59.52,763,233,404
30489,3630.20,0,0,0,0,-47.69,763,233,404
30539,3587.66,0,0,0,0,-47.69,763,233,404
30589,3629.32,0,0,0,0,-36.51,763,233,404
30639,3582.52,0,0,0,0,-27.86,763,233,404
30689,3624.06,0,0,0,0,-47.53,763,233,404
30739,3593.67,0,0,0,0,-43.22,763,233,404
30789,3612.72,0,0,0,0,43.15,763,233,404
30839,3591.95,0,0,0,0,-55.53,763,233,404
30889,3627.57,0,0,0,0,-33.89,763,233,404
30939,3604.90,0,0,0,0,-32.28,763,233,404
30989,3632.84,0,0,0,0,-28.80,763,234,404
31039,3602.31,0,0,-1,0,-39.60,763,235,404
31089,3652.30,0,0,-1,0,-36.97,763,237,404
31139,3615.33,0,0,-1,0,-28.18,763,238,404
31190,3652.30,0,0,-1,0,-31.74,763,240,404
31240,3544.42,0,0,1,0,34.67,763,241,404
31290,3598.85,0,0,1,0,21.19,763,242,404
31340,3554.50,0,0,1,0,44.35,763,244,404
31390,3574.83,0,0,0,0,-40.43,763,245,404
31440,3545.26,0,0,1,0,30.42,763,247,404
31490,3597.12,0,0,1,0,42.64,763,248,404
31540,3568.03,0,0,0,0,41.21,763,249,404
31590,3579.95,0,0,0,0,-13.62,763,249,404
31640,3553.66,0,0,1,0,45.19,763,251,404
31690,3600.58,0,0,0,0,33.35,763,251,404
31740,3577.39,0,0,0,0,32.72,763,251,404
31790,3629.32,0,0,0,0,-43.38,763,251,404
31840,3592.81,0,0,0,0,-39.95,763,251,404
31890,3627.57,0,0,0,0,-33.89,763,251,404
31940,3593.67,0,0,0,0,-48.78,763,251,404
31990,3635.48,0,0,0,0,-52.96,763,251,404
32040,3586.80,0,0,0,0,-52.96,763,251,404
32090,3619.69,0,0,0,0,-44.28,763,251,404
32140,3582.52,0,0,0,0,-40.79,763,251,404
32190,3638.13,0,0,0,0,-45.31,763,251,404
32240,3603.17,0,0,-1,0,-48.15,763,252,404
32290,3633.72,0,0,0,0,-28.82,763,252,404
32340,3591.95,0,0,-1,0,-41.97,763,253,404
32390,3580.81,0,0,-1,0,-53.25,763,254,404
32440,3591.95,0,0,-1,0,16.05,763,256,404
32490,3642.54,0,0,-1,0,-37.64,763,257,404
32540,3614.46,0,0,-1,0,-34.17,763,258,404
32590,3662.11,0,0,-1,0,-58.94,763,260,404
32640,3615.33,0,0,-1,0,-55.47,763,261,404
32690,3624.06,0,0,0,0,-18.29,763,261,404
32740,3593.67,0,0,0,0,-31.42,763,261,404
32790,3620.56,0,0,0,0,-27.75,763,261,404
32840,3577.39,0,0,0,0,42.30,763,261,404
32890,3629.32,0,0,0,0,-43.38,763,261,404
32940,3582.52,0,0,0,0,-56.36,763,261,404
32990,3620.56,0,0,0,0,-28.61,763,261,404
33040,3577.39,0,0,0,0,32.72,763,261,404
33090,3611.85,0,0,0,0,52.61,763,261,404
33140,3587.66,0,0,0,0,52.61,763,261,404
33190,3619.69,0,0,0,0,52.61,763,261,404
33240,3568.03,0,0,0,0,41.21,763,261,404
33290,3612.72,0,0,0,0,36.16,763,261,404
33340,3586.80,0,0,0,0,36.16,763,261,404
33390,3630.20,0,0,0,0,-49.40,763,261,404
33440,3591.95,0,0,0,0,-28.61,763,261,404
33490,3611.85,0,0,0,0,49.14,763,261,404
33540,3577.39,0,0,0,0,33.59,763,261,404
33590,3600.58,0,0,0,0,35.31,763,261,404
33640,3568.03,0,0,0,0,43.82,763,261,404
33690,3585.94,0,0,1,0,42.42,763,262,404
33740,3557.03,0,0,1,0,44.41,763,263,404
33790,3587.66,0,0,1,0,45.19,763,264,404
33840,3568.03,0,0,0,0,32.55,763,264,404
33890,3599.71,0,0,0,0,26.58,763,264,404
33940,3567.18,0,0,0,0,42.06,763,265,404
33990,3611.85,0,0,0,0,45.53,763,265,404
34040,3577.39,0,0,0,0,33.59,763,265,404
34091,3612.72,0,0,0,0,36.16,763,265,404
34141,3577.39,0,0,0,0,32.72,763,265,404
34191,3610.98,0,0,0,0,32.72,763,265,404
34241,3582.52,0,0,0,0,-43.24,763,265,404
34291,3629.32,0,0,0,0,-47.66,763,265,404
34341,3582.52,0,0,0,0,-43.22,763,265,404
34391,3619.69,0,0,0,0,-43.22,763,265,404
34441,3586.80,0,0,0,0,-43.22,763,265,404
34491,3623.19,0,0,0,0,-56.01,763,265,404
34541,3582.52,0,0,0,0,-43.22,763,265,404
34591,3619.69,0,0,0,0,-43.22,763,265,404
34641,3582.52,0,0,0,0,-40.79,763,265,404
34691,3600.58,0,0,0,0,33.57,763,265,404
34741,3576.54,0,0,0,0,24.04,763,265,404
34791,3611.85,0,0,0,0,24.91,763,265,404
34841,3554.50,0,0,1,0,34.87,763,266,404
34891,3610.11,0,0,1,0,34.03,763,267,404
34941,3564.64,0,0,0,0,34.21,763,267,404
34991,3576.54,0,0,0,0,34.44,763,267,404
35041,3617.94,0,-4,0,-4,-631.77,770,267,419
35091,3582.52,0,-4,0,-4,-695.31,778,267,423
35141,3626.69,0,0,0,0,364.79,786,267,438
35192,3657.64,0,0,-1,0,-63.11,796,268,445
35243,3615.33,0,0,-1,0,-45.66,796,269,445
35293,3672.87,0,0,0,0,-47.05,796,270,445
35343,3641.66,0,0,-1,0,32.11,796,271,445
35393,3671.97,0,0,0,0,-31.19,797,272,445
35443,3640.78,0,0,-1,0,43.82,798,273,445
35493,3672.87,0,0,0,0,-32.09,799,274,445
35543,3640.78,0,0,-1,0,42.92,800,276,445
35593,3685.50,0,-1,0,0,-34.09,802,277,445
35643,3652.30,0,0,-1,0,34.11,803,279,445
35693,3683.69,0,-1,0,0,-31.39,805,280,445
35743,3639.89,0,0,0,0,44.71,806,280,445
35793,3642.54,0,0,-1,0,-38.51,806,282,445
35843,3604.90,0,0,0,0,-44.47,806,282,445
35893,3643.43,0,0,-1,0,-41.12,806,284,445
35943,3602.31,0,0,-1,0,-25.48,806,285,445
35993,3610.98,0,0,0,0,-27.90,806,285,445
36043,3582.52,0,0,0,0,-46.70,806,285,445
36093,3531.90,0,0,1,0,27.66,806,287,445
36143,3510.41,0,1,0,0,24.82,808,288,445
36193,3556.19,0,0,1,0,-44.95,809,290,445
36243,3509.59,0,1,0,0,47.44,811,291,445
36293,3567.18,0,0,0,0,-45.23,812,291,445
36343,3534.40,0,0,1,0,42.99,813,292,445
36393,3575.69,0,0,0,0,-30.42,813,293,445
36443,3534.40,0,0,1,0,42.99,813,295,445
36493,3587.66,0,0,1,0,50.78,813,296,445
36543,3564.64,0,0,0,0,22.16,813,297,445
36593,3612.72,0,0,0,0,42.08,813,297,445
36643,3586.80,0,0,0,0,42.08,813,297,445
36694,3629.32,0,0,0,0,-46.81,813,297,445
36744,3604.90,0,0,0,0,-32.26,813,297,445
36794,3651.41,0,0,-1,0,-47.38,813,299,445
36844,3615.33,0,0,-1,0,-40.59,813,300,445
36894,3650.52,0,0,-1,0,-23.83,813,302,445
36944,3626.69,0,0,0,0,34.52,813,303,445
36994,3662.11,0,0,-1,0,-35.42,813,305,445
37044,3626.69,0,0,0,0,35.42,813,306,445
37094,3642.54,0,0,-1,0,-27.22,813,308,445
37144,3615.33,0,0,-1,0,-34.37,813,309,445
37194,3662.11,0,0,-1,0,-35.42,813,311,445
37244,3614.46,0,0,-1,0,-35.42,813,311,445
37294,3638.13,0,0,0,0,-44.45,813,311,445
37344,3575.69,0,0,0,0,35.29,813,311,445
37394,3532.74,0,0,1,0,290584.90,4589,312,445
37444,3577.39,0,0,0,0,37.07,4590,312,450
37494,3589.38,0,0,0,0,36.18,4590,312,450
37544,3554.50,0,0,1,0,33.16,4590,314,450
37594,3599.71,0,0,0,0,33.35,4590,314,450
37644,3574.83,0,0,0,0,-5.10,4590,314,450
37694,3563.79,0,0,0,0,-7.60,4590,315,450
37744,3537.74,0,0,1,0,50.78,4590,317,450
37794,3576.54,0,0,0,0,-21.19,4590,318,450
37844,3563.79,0,0,0,0,-22.72,4590,319,450
37894,3529.41,0,0,0,0,388.06,4598,319,455
37944,3564.64,0,0,0,0,-26.90,4598,320,455
37994,3532.74,0,0,1,0,47.22,4598,321,455
38044,3579.10,0,0,0,0,-34.67,4598,322,455
38094,3545.26,0,0,1,0,42.40,4598,324,455
38144,3586.80,0,0,1,0,45.21,4598,325,455
38194,3564.64,0,0,0,0,32.48,4598,326,455
38244,3611.85,0,0,0,0,25.72,4598,326,455
38294,3567.18,0,0,0,0,44.66,4598,326,455
38344,3612.72,0,0,0,0,34.46,4598,326,455
38394,3585.94,0,0,0,0,34.46,4598,326,455
38444,3624.94,0,0,0,0,-31.26,4598,326,455
38494,3604.90,0,0,0,0,-50.49,4598,326,455
38544,3624.06,0,0,0,0,-20.89,4598,326,455
38594,3603.17,0,0,0,0,-48.80,4598,326,455
38644,3639.01,0,0,0,0,-47.06,4598,327,455
38694,3583.37,0,0,0,0,-39.09,4598,327,455
38744,3629.32,0,0,0,0,-35.65,4598,327,455
38794,3586.80,0,0,0,0,-35.65,4598,327,455
38844,3621.44,0,0,0,0,-40.63,4598,327,455
38894,3591.95,0,0,0,0,-20.13,4598,327,455
38944,3643.43,0,0,-1,0,-39.39,4598,329,455
38994,3604.04,0,0,-1,0,-46.53,4598,330,455
39044,3639.01,0,0,0,0,-47.92,4598,331,455
39094,3592.81,0,0,0,0,-39.09,4598,331,455
39144,3639.01,0,0,0,0,-56.49,4598,331,455
39194,3604.90,0,0,0,0,-50.49,4598,331,455
39244,3633.72,0,0,0,0,-31.42,4598,332,455
39294,3602.31,0,0,-1,0,-41.97,4598,333,455
39344,3643.43,0,0,-1,0,-39.39,4598,335,455
39394,3593.67,0,0,0,0,-45.34,4598,335,455
39444,3629.32,0,0,0,0,-47.66,4598,335,455
39494,3582.52,0,0,0,0,-40.83,4598,335,455
39544,3612.72,0,0,0,0,32.69,4598,335,455
39595,3581.66,0,-1,0,0,124460.75,6218,335,455
39645,3619.69,0,-1,0,0,124460.75,6218,335,455
39695,3582.52,0,0,0,0,-39.76,6218,335,455
39745,3630.20,0,0,0,0,-48.54,6218,335,455
39795,3576.54,0,0,0,0,36.18,6218,335,455
39845,3611.85,0,0,0,0,34.44,6218,335,455
39895,3546.94,0,0,1,0,41.58,6218,336,455
39945,3597.12,0,0,1,0,30.60,6218,337,455
39995,3556.19,0,0,1,0,31.47,6218,339,455
40045,3600.58,0,0,0,0,33.33,6218,339,455
40095,3567.18,0,0,0,0,33.39,6218,339,455
40145,3601.44,0,0,0,0,32.72,6218,339,455
40195,3479.47,0,1,0,0,87.71,6219,339,455
40245,3399.05,0,2,0,0,-1.54,6224,339,455
40295,3328.89,0,3,0,0,-2.21,6230,339,455
40345,3196.25,0,5,0,1,343.16,6242,340,475
40395,3214.06,0,5,0,0,-42.14,6256,340,475
40445,3178.64,0,5,0,0,-36.62,6266,340,475
40495,3121.75,0,6,0,1,327.32,6282,340,497
40545,3169.24,2,5,0,0,-59.14,6298,340,497
40595,3169.91,0,5,0,0,-54.64,6309,340,497
40645,3136.76,0,6,0,0,40.53,6326,340,497
40695,3223.03,3,4,0,0,-77.72,6340,340,497
40745,3242.54,0,4,0,0,-81.32,6349,340,497
40795,3207.18,0,5,0,0,53.69,6363,340,497
40845,3308.34,1,3,0,0,-74.18,6374,340,497
40895,3337.04,0,3,0,0,-76.17,6381,340,497
40945,3318.58,0,3,0,0,45.40,6391,340,497
40995,3418.41,0,2,0,0,-70.20,6398,340,497
41046,3398.28,0,2,0,0,40.51,6405,340,497
41096,3501.40,0,1,0,0,-82.21,6409,340,497
41146,3469.81,0,1,0,0,44.71,6413,340,497
41196,3557.03,0,0,1,0,-68.66,6414,342,497
41246,3579.10,0,0,0,0,-71.15,6415,342,497
41296,3551.14,0,0,1,0,395.19,6423,343,502
41346,3500.58,0,1,0,0,393.50,6430,343,532
41396,3606.64,0,-1,0,0,-37.81,6431,344,534
41446,3671.07,0,0,0,0,94.93,6434,344,544
41497,3696.40,0,-1,0,0,-57.39,6441,344,547
41547,3652.30,0,0,-1,0,56.90,6442,346,547
41597,3719.32,0,-1,0,0,-55.42,6444,347,547
41647,3675.57,0,0,0,0,55.77,6445,348,547
41697,3747.19,0,-1,0,0,-58.06,6448,348,547
41747,3698.22,0,-1,0,0,36.83,6451,348,547
41797,3748.13,0,-1,0,0,-48.99,6454,348,547
41847,3698.22,0,-1,0,0,48.03,6457,348,547
41897,3759.40,0,-2,0,0,-59.35,6461,348,547
41947,3699.14,0,-1,0,0,47.12,6464,348,547
41997,3734.13,0,-1,0,0,-34.99,6467,348,547
42047,3699.14,0,-1,0,0,50.86,6470,348,547
42097,3685.50,0,-1,0,0,26.45,6480,348,551
42147,3725.78,0,-1,0,0,-50.21,6482,348,551
42198,3663.90,0,0,-1,0,59.11,6484,349,551
42248,3707.36,0,-1,0,0,-43.47,6486,350,551
42298,3663.90,0,0,-1,0,44.38,6487,352,551
42348,3696.40,0,-1,0,0,-32.50,6489,353,551
42398,3652.30,0,0,-1,0,43.19,6490,355,551
42448,3683.69,0,-1,0,0,-31.39,6492,356,551
42498,3652.30,0,0,-1,0,43.19,6493,358,551
42548,3672.87,0,0,0,0,-32.09,6494,359,551
42598,3629.32,0,0,0,0,43.54,6494,359,551
42648,3661.22,0,0,-1,0,-32.77,6494,360,551
42698,43859.65,-9454,-523,0,-8942,-40240.83,7017,360,9493
42748,3662.11,0,0,-1,0,-45.91,7022,361,9493
42798,3615.33,0,0,-1,0,-28.10,7022,362,9493
42848,3651.41,0,0,-1,0,-36.08,7022,364,9493
42898,3603.17,0,0,-1,0,-52.49,7022,365,9493
42948,3629.32,0,0,0,0,-35.65,7022,365,9493
42998,3582.52,0,0,0,0,-48.73,7022,365,9493
43048,3629.32,0,0,0,0,-37.37,7022,365,9493
43098,3569.73,0,0,0,0,65.75,7022,365,9493
43148,3611.85,0,0,0,0,42.93,7022,365,9493
43198,3559.56,0,0,1,0,50.55,7022,366,9493
43248,3610.11,0,0,1,0,61.82,7022,367,9493
43298,3557.03,0,0,1,0,53.08,7022,369,9493
43348,3587.66,0,0,1,0,34.03,7022,370,9493
43398,3546.10,0,0,1,0,51.89,7022,372,9493
43448,3597.12,0,0,1,0,41.78,7022,373,9493
43498,3557.87,0,0,1,0,52.23,7022,375,9493
43548,3611.85,0,0,0,0,42.06,7022,375,9493
43598,3578.24,0,0,0,0,31.86,7022,375,9493
43648,3629.32,0,0,0,0,-47.66,7022,375,9493
43698,3582.52,0,0,0,0,-39.07,7022,375,9493
43748,3629.32,0,0,0,0,-47.66,7022,375,9493
43798,3580.81,0,0,0,0,-49.63,7022,375,9493
43848,3639.01,0,0,0,0,-46.20,7022,376,9493
43898,3593.67,0,0,0,0,-50.49,7022,376,9493
43948,3643.43,0,0,-1,0,-41.12,7022,378,9493
43998,3602.31,0,0,-1,0,-54.21,7022,379,9493
44048,3647.86,0,0,-1,0,-55.91,7022,381,9493
44098,3592.81,0,0,-1,0,-55.07,7022,382,9493
44148,3647.86,0,0,-1,0,-56.77,7022,384,9493
44198,3592.81,0,0,0,0,-33.93,7022,384,9493
44248,3639.01,0,0,0,0,-56.49,7022,384,9493
44298,3593.67,0,0,0,0,-50.49,7022,384,9493
44348,3601.44,0,0,0,0,-40.05,7022,384,9493
44398,3558.72,0,0,1,0,50.52,7022,386,9493
44448,3619.69,0,0,1,0,48.81,7022,387,9493
44498,3567.18,0,0,0,0,45.53,7022,387,9493
44548,3611.85,0,0,0,0,53.46,7022,387,9493
44598,3571.43,0,0,0,0,51.76,7022,387,9493
44648,3611.85,0,0,0,0,43.80,7022,387,9493
44698,3564.64,0,0,0,0,34.21,7022,387,9493
44748,3611.85,0,0,0,0,39.49,7022,387,9493
44798,3571.43,0,0,0,0,51.76,7022,387,9493
44848,3599.71,0,0,0,0,32.72,7022,387,9493
44898,3557.87,0,0,1,0,53.97,7022,388,9493
44948,3610.11,0,0,1,0,52.23,7022,389,9493
44998,3568.03,0,0,0,0,42.95,7022,389,9493
45048,3611.85,0,0,0,0,35.31,7022,389,9493
45099,3571.43,0,0,0,0,52.64,7022,389,9493
45149,3600.58,0,0,0,0,34.19,7022,389,9493
45199,3567.18,0,0,0,0,44.66,7022,389,9493
45249,3587.66,0,0,1,0,46.05,7022,390,9493
45299,3555.34,0,0,1,0,42.64,7022,392,9493
45349,3611.85,0,0,0,0,33.35,7022,392,9493
45399,3567.18,0,0,0,0,44.66,7022,392,9493
45449,3622.31,0,0,0,0,-50.89,7022,392,9493
45499,3581.66,0,0,0,0,-58.06,7022,392,9493
45549,3639.01,0,0,0,0,-56.49,7022,392,9493
45599,3593.67,0,0,0,0,-50.49,7022,392,9493
45649,3629.32,0,0,0,0,-35.65,7022,392,9493
45699,3593.67,0,0,0,0,-58.09,7022,392,9493
45749,3639.01,0,0,0,0,-47.06,7022,392,9493
45799,3603.17,0,0,-1,0,-50.00,7022,393,9493
45849,3632.84,0,0,0,0,-29.67,7022,394,9493
45899,3592.81,0,0,0,0,-37.53,7022,394,9493
45949,3627.57,0,0,0,0,-35.62,7022,395,9493
45999,3593.67,0,0,0,0,-38.42,7022,395,9493
46049,3639.01,0,0,0,0,-57.35,7022,395,9493
46099,3593.67,0,0,0,0,-41.67,7022,395,9493
46149,3619.69,0,0,0,0,-34.77,7022,395,9493
46199,3582.52,0,0,0,0,-45.07,7022,395,9493
46249,3619.69,0,0,0,0,-45.07,7022,395,9493
46299,3582.52,0,0,0,0,-44.22,7022,395,9493
46349,3629.32,0,0,0,0,-37.37,7022,395,9493
46399,3581.66,0,0,0,0,-45.80,7022,395,9493
46449,3623.19,0,0,0,0,-51.76,7022,395,9493
46499,3585.09,0,0,0,0,45.80,7022,395,9493
46550,3618.82,0,0,0,0,45.80,7022,395,9493
46600,3575.69,0,0,0,0,44.01,7022,395,9493
46650,3623.19,0,0,0,0,-45.80,7022,395,9493
46700,3581.66,0,0,0,0,-55.50,7022,395,9493
46750,3622.31,0,0,0,0,-44.92,7022,395,9493
46800,3581.66,0,0,0,0,-45.80,7022,395,9493
46850,3629.32,0,0,0,0,-46.81,7022,395,9493
46900,3593.67,0,0,0,0,-57.21,7022,395,9493
46950,3630.20,0,0,0,0,-43.40,7022,395,9493
47000,3582.52,0,0,0,0,-56.36,7022,395,9493
47050,3630.20,0,0,0,0,-36.53,7022,395,9493
47100,3594.54,0,0,0,0,-38.19,7022,395,9493
47150,3629.32,0,0,0,0,-36.51,7022,395,9493
47200,3591.95,0,0,0,0,-42.54,7022,395,9493
47250,3639.01,0,0,0,0,-45.34,7022,395,9493
47300,3604.90,0,0,0,0,-50.49,7022,395,9493
47350,3648.75,0,0,-1,0,-55.93,7022,397,9493
47400,3593.67,0,0,0,0,-42.73,7022,397,9493
47450,3639.01,0,0,0,0,-46.20,7022,398,9493
47500,3593.67,0,0,0,0,-48.78,7022,398,9493
47550,3639.01,0,0,0,0,-45.34,7022,398,9493
47600,3578.24,0,0,0,0,39.70,7022,398,9493
47650,3639.01,0,0,0,0,-57.35,7022,398,9493
47700,3582.52,0,0,0,0,-43.19,7022,398,9493
47750,3600.58,0,0,0,0,41.98,7022,398,9493
47800,3578.24,0,0,0,0,32.73,7022,398,9493
47850,3601.44,0,0,0,0,41.21,7022,398,9493
47900,3611.85,0,0,0,0,26.61,7022,398,9493
47950,3560.41,0,0,0,0,595.87,7034,398,9500
48000,3616.20,0,-6,0,-6,-914.02,7045,398,9508
48050,3501.40,0,1,0,0,346.73,7052,398,9528
48100,3625.82,0,0,0,0,166.85,7055,398,9540
48150,3512.88,0,1,0,0,316.58,7060,398,9557
48200,3624.94,0,0,0,0,180.24,7063,398,9570
48250,3501.40,0,1,0,0,327.08,7068,398,9587
48300,3614.46,0,-2,0,-12,-301.86,7071,398,9599
48350,3569.73,0,0,0,0,52.58,7071,398,9599
48400,3599.71,0,0,0,0,48.19,7071,398,9599
48450,3555.34,0,0,1,0,34.89,7071,399,9599
48500,3597.98,0,0,1,0,43.61,7071,400,9599
48550,3529.41,0,0,0,0,72.89,7071,400,9599
48600,3597.12,0,0,1,0,74.86,7071,401,9599
48650,3563.79,0,0,0,0,35.92,7071,401,9599
48700,3598.85,0,0,1,0,45.19,7071,402,9599
48750,3557.87,0,0,1,0,53.97,7071,403,9599
48800,3597.98,0,0,1,0,42.64,7071,404,9599
48850,3559.56,0,0,1,0,48.81,7071,406,9599
48900,3611.85,0,0,0,0,40.36,7071,406,9599
48950,3511.24,0,1,0,0,100.61,7072,406,9599
49000,3611.85,0,0,0,0,89.24,7072,407,9601
49050,3582.52,0,0,0,0,-35.48,7072,407,9601
49100,3611.85,0,0,0,0,53.51,7072,407,9601
49150,3557.87,0,0,1,0,42.70,7072,408,9601
49200,3598.85,0,0,1,0,45.19,7072,409,9601
49250,3558.72,0,0,1,0,41.86,7072,410,9601
49300,3600.58,0,0,0,0,39.47,7072,410,9601
49350,3523.61,0,0,0,0,76.97,7072,410,9601
49400,3623.19,0,0,0,0,-53.46,7072,411,9601
49451,3577.39,0,0,0,0,34.46,7072,411,9601
49501,3611.85,0,0,0,0,43.80,7072,411,9601
49551,3571.43,0,0,0,0,50.89,7072,411,9601
49601,3620.56,0,0,0,0,-38.90,7072,411,9601
49651,3571.43,0,0,0,0,50.01,7072,411,9601
49701,3612.72,0,0,0,0,44.66,7072,411,9601
49751,3482.70,0,1,0,0,127.41,7073,412,9601
49801,3597.12,0,0,1,0,120.52,7074,413,9607
49851,3558.72,0,0,1,0,42.72,7074,414,9607
49901,3610.11,0,0,1,0,50.50,7074,415,9607
49951,3568.88,0,0,0,0,42.97,7074,415,9607
50001,3624.06,0,0,0,0,-52.64,7074,415,9607
50051,3572.28,0,0,0,0,50.91,7074,415,9607
50101,3611.85,0,0,0,0,49.14,7074,415,9607
50151,3465.00,0,1,0,0,156.44,7075,416,9607
50201,3622.31,0,0,0,0,-42.36,7076,416,9617
50251,3593.67,0,0,0,0,-50.49,7076,416,9617
50301,3662.11,0,0,-1,0,-46.78,7076,418,9617
50351,3629.32,0,0,0,0,52.56,7077,418,9617
50401,3695.49,0,-1,0,0,-54.71,7079,419,9617
50451,3674.67,0,0,0,0,33.61,7080,420,9617
50501,3723.01,0,-1,0,0,-47.44,7082,420,9617
50551,3700.96,0,-1,0,0,22.97,7085,420,9617
50601,3734.13,0,-1,0,0,-34.99,7088,420,9617
50651,3698.22,0,-1,0,0,49.90,7091,420,9617
50701,3760.34,0,-2,0,0,-48.39,7096,420,9617
50751,3723.01,0,-1,0,0,31.68,7100,420,9617
50802,3713.79,0,-1,0,0,43.72,7105,421,9621
50852,3746.25,0,-1,0,0,-34.30,7109,421,9621
50902,3699.14,0,-1,0,0,48.05,7112,421,9621
50952,3723.01,0,-1,0,0,-36.60,7115,421,9621
51002,3663.90,0,0,-1,0,48.05,7117,422,9621
51052,3700.05,0,-1,0,0,-24.48,7119,422,9621
51102,3674.67,0,0,0,0,24.47,7121,422,9621
51152,3660.32,0,0,-1,0,-8.02,7122,424,9621
51202,3624.94,0,0,0,0,24.70,7122,425,9621
51252,3653.19,0,0,-1,0,-49.15,7122,427,9621
51302,3615.33,0,0,-1,0,-24.60,7122,428,9621
51352,3643.43,0,0,-1,0,-38.53,7122,429,9621
51402,3604.90,0,0,0,0,-40.93,7122,429,9621
51452,3610.98,0,0,0,0,-26.18,7122,429,9621
51502,3558.72,0,0,1,0,41.86,7122,430,9621
51552,3564.64,0,0,0,0,-18.54,7122,431,9621
51602,3541.08,0,0,1,0,17.64,7122,433,9621
51652,3576.54,0,0,0,0,-32.95,7122,434,9621
51702,3555.34,0,0,1,0,21.19,7122,436,9621
51752,3576.54,0,0,0,0,-22.88,7122,437,9621
51802,3546.10,0,0,1,0,159.43,7125,438,9631
51852,3586.80,0,0,1,0,30.58,7125,439,9631
51902,3564.64,0,0,0,0,34.21,7125,439,9631
51952,3611.85,0,0,0,0,39.49,7125,439,9631
52002,3554.50,0,0,1,0,34.87,7125,440,9631
52052,3586.80,0,0,1,0,34.86,7125,441,9631
52102,3564.64,0,0,0,0,23.02,7125,442,9631
52152,3598.85,0,0,0,0,23.88,7125,442,9631
52202,3566.33,0,0,0,0,35.11,7125,442,9631
52252,3611.85,0,0,0,0,26.57,7125,442,9631
52302,3568.88,0,0,0,0,43.84,7125,442,9631
52352,3611.85,0,0,0,0,32.72,7125,442,9631
52402,3571.43,0,0,0,0,49.14,7125,442,9631
52452,3597.12,0,0,1,0,42.64,7125,443,9631
52502,3589.38,0,0,0,0,34.18,7125,443,9631
52552,3560.41,0,0,0,0,467.52,7134,443,9637
52602,3574.83,0,0,0,0,368.38,7142,443,9642
52652,3501.40,0,1,0,0,321.23,7148,443,9671
52702,3587.66,0,0,1,0,95.97,7148,445,9671
52752,3546.10,0,0,1,0,39.84,7148,447,9671
52802,3546.10,0,0,1,0,-47.15,7149,449,9671
52852,3509.59,0,1,0,0,45.75,7151,450,9671
52902,3546.10,0,0,1,0,-25.80,7152,452,9671
52952,3511.24,0,1,0,0,44.11,7154,453,9671
53002,3570.58,0,0,0,0,-48.63,7155,453,9671
53052,3544.42,0,0,1,0,32.11,7155,455,9671
53102,3579.10,0,0,0,0,-57.97,7156,456,9671
53152,3544.42,0,0,1,0,43.23,7156,458,9671
53202,3587.66,0,0,1,0,32.30,7156,459,9671
53252,3562.95,0,0,0,0,35.90,7156,460,9671
53302,3610.98,0,0,0,0,43.82,7156,460,9671
53352,3568.03,0,0,0,0,32.55,7156,460,9671
53402,3612.72,0,0,0,0,34.44,7156,460,9671
53452,3582.52,0,0,0,0,-46.63,7156,460,9671
53502,3619.69,0,0,0,0,-46.63,7156,460,9671
53552,3593.67,0,0,0,0,-45.07,7156,460,9671
53602,3637.25,0,0,0,0,-43.57,7156,460,9671
53652,3604.04,0,0,0,0,-38.42,7156,460,9671
53702,3662.11,0,0,-1,0,-47.65,7156,462,9671
53752,3615.33,0,0,-1,0,-34.36,7156,463,9671
53803,3651.41,0,0,-1,0,-48.24,7156,465,9671
53853,3602.31,0,0,-1,0,-37.66,7156,466,9671
53903,3653.19,0,0,-1,0,-49.15,7156,468,9671
53953,3615.33,0,0,-1,0,-36.12,7156,469,9671
54003,3643.43,0,0,-1,0,-28.10,7156,471,9671
54053,3615.33,0,0,-1,0,-46.53,7156,472,9671
54103,3567.18,0,0,0,0,36.85,7156,473,9671
54153,3546.10,0,0,1,0,41.56,7156,475,9671
54203,3598.85,0,0,1,0,51.89,7156,476,9671
54253,3523.61,0,0,0,0,40.18,7156,477,9671
54303,3576.54,0,0,0,0,-42.97,7156,478,9671
54353,3543.59,0,0,1,0,22.75,7156,480,9671
54403,3597.98,0,0,1,0,33.14,7156,481,9671
54453,3555.34,0,0,1,0,42.64,7156,483,9671
54503,3598.85,0,0,0,0,31.62,7156,483,9671
54553,3575.69,0,0,0,0,24.89,7156,483,9671
54603,3624.94,0,0,0,0,-55.21,7156,483,9671
54653,3581.66,0,0,0,0,-40.81,7156,483,9671
54703,3629.32,0,0,0,0,-35.65,7156,483,9671
54753,3610.98,0,0,0,0,-35.65,7156,483,9671
54803,3618.82,0,-7,0,-6,-966.55,7168,483,9677
54853,3593.67,0,0,0,0,-37.37,7168,483,9677
54903,3639.01,0,0,0,0,-45.34,7168,483,9677
54953,3593.67,0,0,0,0,-30.48,7168,483,9677
55003,3603.17,0,0,0,0,-40.93,7168,483,9677
55053,3617.07,0,-5,0,-5,-806.68,7177,483,9682
55103,3559.56,0,0,1,0,530.97,7188,484,9689
55153,3616.20,0,-5,0,-5,-762.57,7197,484,9695
55203,3571.43,0,0,0,0,448.94,7206,484,9701
55254,3617.94,0,-4,0,-4,-681.60,7214,484,9706
55304,3584.23,0,-4,0,-4,-708.64,7222,484,9710
55354,3617.94,0,-4,0,-4,-631.75,7229,484,9714
55404,3500.58,0,1,0,0,392.49,7236,484,9749
55454,3500.58,0,1,0,0,355.46,7242,484,9766
55504,3501.40,0,1,0,0,393.69,7247,484,9784
55554,3617.94,0,-4,0,-2,-469.50,7253,484,9786
55604,3591.95,0,-1,0,-7,-201.54,7255,484,9793
55654,3615.33,0,-1,0,-5,-181.91,7257,484,9798
55704,3546.10,0,0,1,0,118.69,7258,486,9802
55754,3533.57,0,0,1,0,-54.10,7260,487,9802
55804,3498.95,0,1,0,0,47.99,7262,488,9802
55854,3512.88,0,1,0,0,-12.30,7264,489,9802
55904,3490.00,0,1,0,0,43.57,7266,490,9802
55954,3534.40,0,0,1,0,-30.55,7267,491,9802
56004,3509.59,0,1,0,0,46.60,7269,492,9802
56054,3568.03,0,0,0,0,-46.90,7270,493,9802
56104,3532.74,0,0,1,0,20.08,7270,496,9802
56154,3585.94,0,0,1,0,41.28,7270,497,9802
56204,3564.64,0,0,0,0,21.30,7270,498,9802
56254,3587.66,0,0,1,0,43.59,7270,499,9802
56304,3553.66,0,0,1,0,45.19,7270,501,9802
56354,3611.85,0,0,0,0,42.04,7270,501,9802
56404,3586.80,0,0,0,0,34.46,7270,501,9802
56454,3639.01,0,0,0,0,-58.20,7270,501,9802
56504,3591.95,0,0,-1,0,-58.51,7270,502,9802
56554,3643.43,0,0,-1,0,-38.53,7270,503,9802
56604,3604.04,0,0,-1,0,-46.53,7270,504,9802
56654,3663.00,0,0,-1,0,-48.55,7270,506,9802
56704,3630.20,0,0,0,0,41.77,7270,506,9802
56754,3616.20,0,0,0,0,42.67,7270,506,9802
56804,3593.67,0,0,0,0,-34.79,7270,506,9802
56854,3648.75,0,0,-1,0,-56.79,7270,507,9802
56904,3591.95,0,0,0,0,-43.61,7270,507,9802
56954,3642.54,0,0,-1,0,-39.37,7270,509,9802
57004,3614.46,0,0,-1,0,-56.34,7270,510,9802
57054,3650.52,0,0,-1,0,-23.83,7270,512,9802
57104,3615.33,0,0,-1,0,-56.34,7270,513,9802
57154,3662.11,0,0,-1,0,-46.78,7270,515,9802
57204,3604.04,0,0,-1,0,-35.25,7270,516,9802
57254,3643.43,0,0,-1,0,-39.39,7270,518,9802
57304,3614.46,0,0,-1,0,-25.48,7270,519,9802
57354,3652.30,0,0,-1,0,-50.00,7270,521,9802
57404,3615.33,0,0,-1,0,-43.06,7270,522,9802
57454,3633.72,0,0,0,0,-19.26,7270,523,9802
57504,3591.09,0,0,-1,0,-60.23,7270,524,9802
57554,3614.46,0,0,-1,0,-49.68,7270,525,9802
57604,3566.33,0,0,0,0,35.11,7270,525,9802
57654,3611.85,0,0,0,0,26.57,7270,525,9802
57704,3573.13,0,0,0,0,26.58,7270,525,9802
57754,3589.38,0,0,0,0,26.57,7270,525,9802
57804,3567.18,0,0,0,0,33.39,7270,525,9802
57854,3610.98,0,0,0,0,42.08,7270,525,9802
57904,3575.69,0,0,0,0,36.16,7270,525,9802
57954,3618.82,0,0,0,0,36.16,7270,525,9802
58004,3575.69,0,0,0,0,24.89,7270,525,9802
58054,3612.72,0,0,0,0,43.80,7270,525,9802
58104,3563.79,0,0,0,0,34.19,7270,526,9802
58155,3587.66,0,0,1,0,51.39,7270,527,9802
58205,3554.50,0,0,1,0,33.16,7270,529,9802
58255,3598.85,0,0,1,0,40.11,7270,530,9802
58305,3568.03,0,0,0,0,32.55,7270,530,9802
58355,3597.12,0,0,1,0,43.50,7270,531,9802
58405,3576.54,0,0,0,0,24.04,7270,531,9802
58455,3566.33,0,0,0,0,34.24,7270,531,9802
58505,3606.64,0,-4,0,-4,-688.39,7278,531,9807
58555,3562.10,0,0,0,0,363.57,7286,531,9811
58605,3501.40,0,1,0,0,327.08,7292,531,9829
58655,3515.35,0,1,0,0,289.82,7296,531,9841
58705,3580.81,0,-1,0,-7,-204.49,7298,531,9848
58755,3535.23,0,0,1,0,62.75,7298,532,9848
58805,3568.03,0,0,0,0,-46.08,7299,532,9848
58855,3534.40,0,0,1,0,29.39,7299,534,9848
58905,3563.79,0,0,0,0,-29.39,7299,535,9848
58955,3534.40,0,0,1,0,29.39,7299,537,9848
59005,3536.90,0,0,1,0,-9.98,7299,538,9848
59055,3492.43,0,1,0,0,41.97,7301,539,9848
59105,3522.78,0,1,0,0,-42.50,7304,539,9848
59155,3498.95,0,1,0,0,37.12,7306,540,9848
59205,3524.44,0,0,0,0,-32.00,7308,540,9848
59255,3482.70,0,1,0,0,40.91,7310,540,9848
59305,3512.88,0,1,0,0,-13.93,7312,541,9848
59355,3525.26,0,0,0,0,-37.70,7313,541,9848
59405,3500.58,0,1,0,0,145.50,7316,542,9858
59455,3512.06,0,1,0,0,-12.29,7318,543,9858
59505,3509.59,0,1,0,0,44.07,7319,545,9858
59555,3557.03,0,0,1,0,-46.62,7320,547,9858
59606,3532.74,0,0,1,0,25.14,7320,549,9858
59656,3581.66,0,0,0,0,39.34,7320,549,9858
59706,3556.19,0,0,1,0,20.35,7320,551,9858
59756,3585.94,0,0,1,0,31.46,7320,552,9858
59806,45592.71,-19095,-545,0,-18557,-42046.61,7865,554,28415
59856,3593.67,0,-2,0,0,-63.00,7868,554,28415
59906,3557.87,0,0,1,0,42.70,7868,555,28415
59956,3599.71,0,0,0,0,35.04,7868,555,28415
60006,3568.03,0,0,0,0,32.55,7868,555,28415
60056,3601.44,0,0,0,0,42.08,7868,555,28415
60106,3572.28,0,0,0,0,17.10,7868,555,28415
60156,3611.85,0,0,0,0,34.24,7868,555,28415
60206,3563.79,0,0,0,0,35.92,7868,555,28415
60256,3613.59,0,0,0,0,26.57,7868,555,28415
60306,3578.24,0,0,0,0,33.60,7868,555,28415
60356,3612.72,0,0,0,0,32.72,7868,555,28415
60406,3582.52,0,0,0,0,-38.90,7868,555,28415
60456,3630.20,0,0,0,0,-46.83,7868,555,28415
60506,3548.62,0,0,1,0,51.96,7868,556,28415
60556,3608.37,0,0,1,0,49.65,7868,557,28415
60606,3585.94,0,0,0,0,33.54,7868,557,28415
60656,3623.19,0,0,0,0,-45.80,7868,557,28415
60706,3580.81,0,0,0,0,-40.83,7868,557,28415
60756,3639.01,0,0,0,0,-45.34,7868,557,28415
60806,3582.52,0,0,0,0,-52.21,7868,557,28415
60856,3639.01,0,0,0,0,-56.49,7868,557,28415
60906,3594.54,0,0,0,0,-39.95,7868,557,28415
60956,3639.01,0,0,0,0,-47.06,7868,557,28415
61006,3581.66,0,0,0,0,-21.75,7868,557,28415
61056,3618.82,0,0,0,0,-50.30,7868,557,28415
61106,3604.04,0,0,-1,0,-28.97,7868,558,28415
61156,3600.58,0,0,0,0,29.90,7868,558,28415
61206,3575.69,0,0,0,0,36.16,7868,558,28415
61256,3620.56,0,0,0,0,-33.76,7868,558,28415
61306,3576.54,0,0,0,0,43.15,7868,558,28415
61356,3610.11,0,0,0,0,50.01,7868,558,28415
61406,3567.18,0,0,0,0,44.66,7868,558,28415
61456,3586.80,0,0,1,0,46.05,7868,559,28415
61506,3558.72,0,0,1,0,41.86,7868,560,28415
61556,3564.64,0,0,0,0,20.45,7868,560,28415
61606,3605.77,0,-6,0,-6,-930.05,7879,560,28423
61656,3571.43,0,0,0,0,577.95,7891,560,28430
61706,3500.58,0,1,0,0,341.63,7897,560,28448
61756,3501.40,0,1,0,0,367.57,7902,560,28465
61806,3502.22,0,1,0,0,328.22,7906,560,28480
61856,3557.87,0,0,1,0,259.89,7909,561,28493
61906,3591.09,0,-1,0,-11,-287.16,7912,561,28504
61956,3547.78,0,0,1,0,149.54,7914,562,28512
62006,3600.58,0,0,0,0,37.63,7914,562,28512
62056,3548.62,0,0,1,0,57.15,7914,563,28512
62106,3449.86,0,1,0,0,28.80,7916,564,28512
62156,3439.58,0,2,0,0,31.04,7921,564,28512
62206,3492.43,0,1,0,0,-42.57,7924,564,28512
62256,3470.62,0,1,0,0,41.44,7927,564,28512
62306,3525.26,0,0,0,0,-44.99,7929,564,28512
62356,3499.77,0,1,0,0,34.63,7931,565,28512
62406,3545.26,0,0,1,0,-46.31,7932,567,28512
62456,3555.34,0,0,1,0,-38.35,7933,568,28512
62507,3516.17,0,1,0,0,575.48,7946,568,28520
62557,3501.40,0,1,0,0,389.65,7954,568,28545
62607,3546.94,0,0,1,0,208.70,7957,569,28557
62657,3593.67,0,0,0,-4,-172.94,7958,569,28561
62707,3548.62,0,0,1,0,60.62,7958,571,28561
62757,3598.85,0,0,1,0,45.83,7958,572,28561
62807,3555.34,0,0,1,0,37.47,7958,574,28561
62857,3586.80,0,0,1,0,28.88,7958,575,28561
62907,3573.98,0,0,0,0,23.14,7958,576,28561
62957,3611.85,0,0,0,0,28.28,7958,576,28561
63007,3586.80,0,0,0,0,38.72,7958,576,28561
63057,3619.69,0,0,0,0,38.72,7958,576,28561
63107,3586.80,0,0,0,0,38.72,7958,576,28561
63157,3612.72,0,0,0,0,40.53,7958,576,28561
63207,3577.39,0,0,0,0,35.33,7958,576,28561
63257,3610.11,0,0,0,0,35.33,7958,576,28561
63307,3586.80,0,0,0,0,35.33,7958,576,28561
63357,3620.56,0,0,0,0,-38.05,7958,576,28561
63407,3594.54,0,0,0,0,-41.67,7958,576,28561
63457,3619.69,0,0,0,0,-26.90,7958,576,28561
63507,3593.67,0,0,0,0,-52.08,7958,576,28561
63557,3610.11,0,0,0,0,-39.17,7958,576,28561
63607,3570.58,0,0,0,0,52.61,7958,576,28561
63657,3628.45,0,0,0,0,-35.63,7958,576,28561
63707,3585.09,0,0,0,0,-35.63,7958,576,28561
63757,3618.82,0,0,0,0,-38.10,7958,576,28561
63807,3557.87,0,0,1,0,43.57,7958,577,28561
63857,3600.58,0,0,0,0,23.00,7958,577,28561
63907,3577.39,0,0,0,0,24.05,7958,577,28561
63958,3619.69,0,0,0,0,24.05,7958,577,28561
64008,3586.80,0,0,0,0,24.05,7958,577,28561
64058,3629.32,0,0,0,0,-47.66,7958,577,28561
64108,3593.67,0,0,0,0,-39.07,7958,577,28561
64158,3624.06,0,0,0,0,-20.03,7958,577,28561
64208,3592.81,0,0,0,0,-38.23,7958,577,28561
64258,3639.01,0,0,0,0,-45.34,7958,577,28561
64308,3603.17,0,0,-1,0,-45.44,7958,578,28561
64358,3614.46,0,0,0,0,-29.67,7958,578,28561
64408,3593.67,0,0,0,0,-40.83,7958,578,28561
64458,3632.84,0,0,0,0,-29.67,7958,579,28561
64508,3604.90,0,0,0,0,-28.74,7958,579,28561
64558,3642.54,0,0,-1,0,-37.64,7958,580,28561
64608,3602.31,0,0,-1,0,-36.79,7958,581,28561
64658,3600.58,0,0,0,0,-20.01,7958,581,28561
64708,3566.33,0,0,0,0,45.51,7958,581,28561
64758,3611.85,0,0,0,0,50.86,7958,581,28561
64808,3577.39,0,0,0,0,41.43,7958,581,28561
64858,3587.66,0,0,1,0,33.16,7958,582,28561
64908,3562.95,0,0,0,0,35.90,7958,583,28561
64958,3587.66,0,0,1,0,51.41,7958,584,28561
65008,3563.79,0,0,0,0,35.92,7958,584,28561
65058,3600.58,0,0,0,0,23.99,7958,584,28561
65108,3564.64,0,0,0,0,47.21,7958,584,28561
65158,3610.98,0,0,0,0,32.72,7958,584,28561
65208,3585.94,0,0,0,0,36.14,7958,584,28561
65258,3618.82,0,0,0,0,-39.87,7958,584,28561
65308,3585.94,0,0,0,0,-39.87,7958,584,28561
65358,3619.69,0,0,0,0,-37.25,7958,584,28561
65408,3585.09,0,0,0,0,49.96,7958,584,28561
65458,3619.69,0,0,0,0,49.96,7958,584,28561
65508,3583.37,0,0,0,0,-35.65,7958,584,28561
65558,3574.83,0,0,0,0,-28.73,7958,585,28561
65608,3555.34,0,0,1,0,31.46,7958,587,28561
65658,3588.52,0,0,0,0,19.59,7958,587,28561
65708,3564.64,0,0,0,0,32.48,7958,588,28561
65758,3600.58,0,0,0,0,28.28,7958,588,28561
65808,3568.03,0,0,0,0,43.82,7958,588,28561
65858,3611.85,0,0,0,0,33.59,7958,588,28561
65908,3577.39,0,0,0,0,32.72,7958,588,28561
65958,3598.85,0,0,0,0,33.59,7958,588,28561
66008,3600.58,0,0,0,0,29.12,7958,588,28561
66058,3569.73,0,0,0,0,528.63,7969,588,28568
66108,3617.07,0,-6,0,-6,-847.52,7979,588,28575
66158,3581.66,0,-6,0,-6,-879.49,7990,588,28582
66208,3616.20,0,-6,0,-5,-837.15,8000,588,28587
66258,3581.66,0,-6,0,-5,-838.42,8010,588,28593
66308,3540.24,0,0,1,0,453.37,8019,589,28597
66358,3511.24,0,1,0,0,37.38,8021,590,28597
66408,3557.03,0,0,1,0,-33.42,8021,591,28597
66458,3531.07,0,0,1,0,27.65,8021,593,28597
66508,3575.69,0,0,0,0,-42.12,8021,594,28597
66558,3544.42,0,0,1,0,21.06,8021,596,28597
66608,3587.66,0,0,1,0,33.60,8021,597,28597
66658,3545.26,0,0,1,0,29.57,8021,599,28597
66708,3558.72,0,0,1,0,-13.46,8021,601,28597
66758,3545.26,0,0,1,0,29.57,8021,603,28597
66808,3597.98,0,0,1,0,31.44,8021,604,28597
66859,3557.87,0,0,1,0,42.70,8021,605,28597
66909,3600.58,0,0,0,0,35.90,8021,605,28597
66959,3577.39,0,0,0,0,34.46,8021,605,28597
67009,3619.69,0,0,0,0,34.46,8021,605,28597
67059,3593.67,0,0,0,0,-33.89,8021,605,28597
67109,3553.66,0,0,1,0,38.29,8021,606,28597
67159,3602.31,0,0,-1,0,25.97,8022,607,28597
67209,3648.75,0,0,-1,0,-55.07,8022,608,28597
67259,3604.90,0,0,0,0,-43.61,8022,608,28597
67309,3641.66,0,0,-1,0,-37.62,8022,610,28597
67359,3593.67,0,0,0,0,-27.07,8022,610,28597
67409,3642.54,0,0,-1,0,-37.64,8022,611,28597
67459,3521.13,0,1,0,0,34.22,8023,612,28597
67509,3575.69,0,0,0,0,-42.12,8023,613,28597
67559,3545.26,0,0,1,0,36.40,8023,614,28597
67609,3586.80,0,0,1,0,42.97,8023,615,28597
67659,3544.42,0,0,1,0,43.23,8023,617,28597
67709,3587.66,0,0,1,0,33.14,8023,618,28597
67759,3553.66,0,0,1,0,45.19,8023,620,28597
67809,3610.98,0,0,0,0,30.98,8023,620,28597
67859,3581.66,0,0,0,0,-44.24,8023,620,28597
67909,3628.45,0,0,0,0,-45.93,8023,620,28597
67959,3593.67,0,0,0,0,-49.63,8023,620,28597
68009,3643.43,0,0,-1,0,-38.53,8023,621,28597
68059,3613.59,0,0,-1,0,-46.53,8023,622,28597
68109,3663.00,0,0,-1,0,-48.55,8023,624,28597
68159,3626.69,0,0,0,0,26.50,8023,625,28597
68209,3633.72,0,0,0,0,-19.26,8023,626,28597
68259,3604.90,0,0,0,0,-31.34,8023,626,28597
68310,3642.54,0,0,-1,0,-39.37,8023,627,28597
68360,3615.33,0,0,-1,0,-44.80,8023,628,28597
68410,3662.11,0,0,-1,0,-47.65,8023,630,28597
68460,3615.33,0,0,-1,0,-45.93,8023,631,28597
68510,3633.72,0,0,0,0,-19.26,8023,632,28597
68560,3580.81,0,0,0,0,-42.54,8023,632,28597
68610,3610.98,0,0,0,0,-41.51,8023,632,28597
68660,3573.13,0,0,0,0,26.58,8023,632,28597
68710,3611.85,0,0,0,0,42.93,8023,632,28597
68760,3571.43,0,0,0,0,51.76,8023,632,28597
68810,3610.98,0,0,0,0,-50.89,8023,632,28597
68860,3582.52,0,0,0,0,-44.97,8023,632,28597
68910,3639.01,0,0,0,0,-46.20,8023,632,28597
68960,3586.80,0,0,0,0,-46.20,8023,632,28597
69010,3639.01,0,0,0,0,-44.47,8023,632,28597
69060,3595.40,0,0,0,0,-44.47,8023,632,28597
69110,3639.01,0,0,0,0,-45.34,8023,632,28597
69160,3592.81,0,0,-1,0,-79.40,8023,633,28597
69210,3642.54,0,0,-1,0,-39.37,8023,634,28597
69260,3592.81,0,0,0,0,-17.43,8023,634,28597
69310,3629.32,0,0,0,0,-47.66,8023,635,28597
69360,3594.54,0,0,0,0,-40.81,8023,635,28597
69410,3600.58,0,0,0,0,33.59,8023,635,28597
69460,3575.69,0,0,0,0,36.16,8023,635,28597
69510,3622.31,0,0,0,0,-50.89,8023,635,28597
69560,3579.95,0,0,0,0,65.25,8023,637,28597
69610,3610.98,0,0,0,0,42.95,8023,637,28597
69660,3585.09,0,0,0,0,36.14,8023,637,28597
69710,3612.72,0,0,0,0,42.04,8023,637,28597
69760,3568.03,0,0,0,0,42.95,8023,637,28597
69810,3589.38,0,0,0,0,45.53,8023,637,28597
69860,3553.66,0,0,1,0,34.00,8023,639,28597
69910,3598.85,0,0,1,0,34.86,8023,640,28597
69960,3567.18,0,0,0,0,33.39,8023,641,28597
70010,3610.11,0,0,1,0,48.81,8023,642,28597
70060,3600.58,0,0,0,0,46.32,8023,642,28597
70110,3501.40,0,1,0,0,328.06,8028,642,28615
70160,3612.72,0,-2,0,-11,-284.92,8031,642,28626
70210,3503.85,0,1,0,0,291.69,8036,642,28641
70260,3625.82,0,0,0,0,114.83,8037,643,28648
70310,3579.95,0,0,0,0,161.63,8039,643,28659
70360,3512.06,0,1,0,0,147.37,8041,644,28663
70410,3369.27,0,2,0,0,60.08,8046,644,28663
70460,3252.39,0,4,0,0,28.45,8057,644,28663
70510,3161.22,0,5,0,0,35.71,8067,644,28663
70560,3021.76,0,7,0,1,252.64,8086,644,28666
70610,2940.60,0,8,0,0,43.29,8102,644,28666
70660,2817.43,5,10,0,0,129.52,8130,644,28666
70710,2729.26,0,11,0,0,32.16,8151,644,28666
70760,2604.62,8,12,0,11,71.56,8175,644,28687
70810,2594.71,0,13,0,-8,-51.04,8201,644,28705
70860,2474.02,4,14,0,12,72.67,8228,644,28725
70910,2383.60,0,15,0,-5,-32.14,8259,644,28750
70960,2308.05,11,16,0,14,92.34,8290,644,28766
71010,2297.79,0,16,0,-19,-126.40,8324,644,28804
71060,2134.62,14,19,0,5,35.20,8361,644,28827
71110,2065.83,20,19,0,3,23.31,8399,644,28836
71160,2002.14,8,20,0,8,63.70,8419,644,28844
71211,1937.73,14,21,0,4,33.62,8461,644,28851
71261,1907.67,0,22,0,3,30.07,8483,644,28854
71311,1831.73,8,22,0,1,14.20,8527,644,28862
71361,1770.54,0,23,0,7,61.19,8550,644,28869
71411,1696.07,19,24,0,6,59.96,8597,644,28876
71461,1680.30,0,24,0,1,15.77,8621,644,28877
71512,1609.61,24,25,0,0,8.33,8671,644,28883
71561,1541.62,33,26,0,7,67.99,8697,644,28890
71611,1533.12,26,26,0,0,8.51,8723,644,28890
71661,1466.42,33,27,0,6,66.70,8750,644,28896
71711,1458.43,27,27,0,0,7.98,8777,644,28896
71761,1383.38,28,28,0,0,9.12,8833,644,28902
71811,1317.75,34,29,0,5,65.63,8862,644,28907
71861,1309.13,29,29,0,0,8.63,8891,644,28907
71911,1240.08,35,30,0,5,69.05,8921,644,28912
71961,1234.36,30,30,0,0,5.71,8951,644,28912
72011,1164.33,36,31,0,5,70.04,8982,644,28917
72061,1159.20,31,31,0,0,5.13,9013,644,28917
72111,1087.04,37,32,0,5,72.16,9045,644,28922
72161,1083.66,32,32,0,0,3.38,9077,644,28922
72211,1083.66,32,32,0,0,3.38,9077,644,28922
72261,1018.47,37,33,0,4,65.19,9110,644,28926
72311,1003.95,33,33,0,0,14.52,9143,644,28926
72361,926.84,38,34,0,4,77.11,9177,644,28930
72411,924.84,34,34,0,0,2.00,9211,644,28930
72461,924.84,34,34,0,0,2.00,9211,644,28930
72511,847.22,39,35,0,4,77.62,9246,644,28934
72561,841.89,35,35,0,0,5.33,9281,644,28934
72611,841.89,35,35,0,0,5.33,9281,644,28934
72662,759.26,40,36,0,4,82.63,9317,644,28938
72712,754.07,36,36,0,0,5.19,9353,644,28938
72762,754.07,36,36,0,0,5.19,9353,644,28938
72812,682.90,40,37,0,3,71.17,9390,644,28941
72862,682.90,40,37,0,3,71.17,9390,644,28941
72912,656.89,39,38,0,1,26.02,9428,644,28942
72962,656.89,39,38,0,1,26.02,9428,644,28942
73012,577.39,42,39,0,3,79.50,9467,644,28945
73062,577.39,42,39,0,3,79.50,9467,644,28945
73112,545.38,40,39,0,1,32.01,9506,644,28946
73162,545.38,40,39,0,1,32.01,9506,644,28946
73212,545.38,40,39,0,1,32.01,9506,644,28946
73262,450.44,42,40,0,2,94.94,9546,644,28948
73312,450.44,42,40,0,2,94.94,9546,644,28948
73362,450.44,42,40,0,2,94.94,9546,644,28948
73412,398.04,42,41,0,1,52.40,9587,644,28949
73462,398.04,42,41,0,1,52.40,9587,644,28949
73512,398.04,42,41,0,1,52.40,9587,644,28949
73562,398.04,42,41,0,1,52.40,9587,644,28949
74412,58.59,-42,41,0,1,52.40,9587,644,28949
74462,58.59,-42,41,0,1,52.40,9587,644,28949
74512,58.59,-42,41,0,1,52.40,9587,644,28949
74562,58.59,-42,41,0,1,52.40,9587,644,28949
74612,0.00,-42,41,0,1,52.40,9587,644,28949
74662,0.00,-42,41,0,1,52.40,9587,644,28949
74712,0.00,-42,41,0,1,52.40,9587,644,28949
74762,0.00,-42,41,0,1,52.40,9587,644,28949
74812,0.00,-42,41,0,1,52.40,9587,644,28949
74862,0.00,-42,41,0,1,52.40,9587,644,28949
74912,0.00,-42,41,0,1,52.40,9587,644,28949
74962,0.00,-42,41,0,1,52.40,9587,644,28949
75012,0.00,-42,41,0,1,52.40,9587,644,28949
75062,0.00,-42,41,0,1,52.40,9587,644,28949
75112,0.00,-42,41,0,1,52.40,9587,644,28949
75162,0.00,-42,41,0,1,52.40,9587,644,28949
75212,0.00,-42,41,0,1,52.40,9587,644,28949
75262,0.00,-42,41,0,1,52.40,9587,644,28949
75312,0.00,-42,41,0,1,52.40,9587,644,28949
75362,0.00,-42,41,0,1,52.40,9587,644,28949
75412,0.00,-42,41,0,1,52.40,9587,644,28949
75462,0.00,-42,41,0,1,52.40,9587,644,28949
75512,0.00,-42,41,0,1,52.40,9587,644,28949
75563,0.00,-42,41,0,1,52.40,9587,644,28949
75613,0.00,-42,41,0,1,52.40,9587,644,28949
75663,0.00,-42,41,0,1,52.40,9587,644,28949
75713,0.00,-42,41,0,1,52.40,9587,644,28949
75763,0.00,-42,41,0,1,52.40,9587,644,28949
75813,0.00,-42,41,0,1,52.40,9587,644,28949
75863,0.00,-42,41,0,1,52.40,9587,644,28949
75913,0.00,-42,41,0,1,52.40,9587,644,28949
75963,0.00,-42,41,0,1,52.40,9587,644,28949
76013,0.00,-42,41,0,1,52.40,9587,644,28949
76063,0.00,-42,41,0,1,52.40,9587,644,28949
76113,0.00,-42,41,0,1,52.40,9587,644,28949
76163,0.00,-42,41,0,1,52.40,9587,644,28949
76213,0.00,-42,41,0,1,52.40,9587,644,28949
76263,0.00,-42,41,0,1,52.40,9587,644,28949
76313,0.00,-42,41,0,1,52.40,9587,644,28949
76363,0.00,-42,41,0,1,52.40,9587,644,28949
76413,0.00,-42,41,0,1,52.40,9587,644,28949
76463,0.00,-42,41,0,1,52.40,9587,644,28949
76513,0.00,-42,41,0,1,52.40,9587,644,28949
76563,0.00,-42,41,0,1,52.40,9587,644,28949
76613,0.00,-42,41,0,1,52.40,9587,644,28949
76663,0.00,-42,41,0,1,52.40,9587,644,28949
76713,0.00,-42,41,0,1,52.40,9587,644,28949
76763,0.00,-42,41,0,1,52.40,9587,644,28949
76813,0.00,-42,41,0,1,52.40,9587,644,28949
76863,0.00,-42,41,0,1,52.40,9587,644,28949
76913,0.00,-42,41,0,1,52.40,9587,644,28949
76963,0.00,-42,41,0,1,52.40,9587,644,28949
77014,0.00,-42,41,0,1,52.40,9587,644,28949
77064,0.00,-42,41,0,1,52.40,9587,644,28949
77114,0.00,-42,41,0,1,52.40,9587,644,28949
77164,0.00,-42,41,0,1,52.40,9587,644,28949
77214,0.00,-42,41,0,1,52.40,9587,644,28949
77264,0.00,-42,41,0,1,52.40,9587,644,28949
77314,0.00,-42,41,0,1,52.40,9587,644,28949
77364,0.00,-42,41,0,1,52.40,9587,644,28949
77414,0.00,-42,41,0,1,52.40,9587,644,28949
77464,0.00,-42,41,0,1,52.40,9587,644,28949
77514,0.00,-42,41,0,1,52.40,9587,644,28949
77564,0.00,-42,41,0,1,52.40,9587,644,28949
77614,0.00,-42,41,0,1,52.40,9587,644,28949
77664,0.00,-42,41,0,1,52.40,9587,644,28949
77714,0.00,-42,41,0,1,52.40,9587,644,28949
77764,0.00,-42,41,0,1,52.40,9587,644,28949
77814,0.00,-42,41,0,1,52.40,9587,644,28949
77864,0.00,-42,41,0,1,52.40,9587,644,28949
77914,0.00,-42,41,0,1,52.40,9587,644,28949
77964,0.00,-42,41,0,1,52.40,9587,644,28949
78014,0.00,-42,41,0,1,52.40,9587,644,28949
78064,0.00,-42,41,0,1,52.40,9587,644,28949
78114,0.00,-42,41,0,1,52.40,9587,644,28949
78164,0.00,-42,41,0,1,52.40,9587,644,28949
78214,0.00,-42,41,0,1,52.40,9587,644,28949
78264,0.00,-42,41,0,1,52.40,9587,644,28949
78314,0.00,-42,41,0,1,52.40,9587,644,28949
78364,0.00,-42,41,0,1,52.40,9587,644,28949
78414,0.00,-42,41,0,1,52.40,9587,644,28949
78464,0.00,-42,41,0,1,52.40,9587,644,28949
78514,0.00,-42,41,0,1,52.40,9587,644,28949
78564,0.00,-42,41,0,1,52.40,9587,644,28949
78614,0.00,-42,41,0,1,52.40,9587,644,28949
78664,0.00,-42,41,0,1,52.40,9587,644,28949
78714,0.00,-42,41,0,1,52.40,9587,644,28949
78764,0.00,-42,41,0,1,52.40,9587,644,28949
78814,0.00,-42,41,0,1,52.40,9587,644,28949
78864,0.00,-42,41,0,1,52.40,9587,644,28949
78914,0.00,-42,41,0,1,52.40,9587,644,28949
78964,0.00,-42,41,0,1,52.40,9587,644,28949
79014,0.00,-42,41,0,1,52.40,9587,644,28949
79064,0.00,-42,41,0,1,52.40,9587,644,28949
79114,0.00,-42,41,0,1,52.40,9587,644,28949
79164,0.00,-42,41,0,1,52.40,9587,644,28949
79214,0.00,-42,41,0,1,52.40,9587,644,28949
79264,0.00,-42,41,0,1,52.40,9587,644,28949
79314,0.00,-42,41,0,1,52.40,9587,644,28949
79364,0.00,-42,41,0,1,52.40,9587,644,28949
79414,0.00,-42,41,0,1,52.40,9587,644,28949
79464,0.00,-42,41,0,1,52.40,9587,644,28949
79514,0.00,-42,41,0,1,52.40,9587,644,28949
79564,0.00,-42,41,0,1,52.40,9587,644,28949
79614,0.00,-42,41,0,1,52.40,9587,644,28949
79664,0.00,-42,41,0,1,52.40,9587,644,28949
79714,0.00,-42,41,0,1,52.40,9587,644,28949
79764,0.00,-42,41,0,1,52.40,9587,644,28949
79814,0.00,-42,41,0,1,52.40,9587,644,28949
79864,0.00,-42,41,0,1,52.40,9587,644,28949
79915,0.00,-42,41,0,1,52.40,9587,644,28949
79965,0.00,-42,41,0,1,52.40,9587,644,28949
80015,0.00,-42,41,0,1,52.40,9587,644,28949
80065,0.00,-42,41,0,1,52.40,9587,644,28949
80115,0.00,-42,41,0,1,52.40,9587,644,28949
80165,0.00,-42,41,0,1,52.40,9587,644,28949
80215,0.00,-42,41,0,1,52.40,9587,644,28949
80265,0.00,-42,41,0,1,52.40,9587,644,28949
80315,0.00,-42,41,0,1,52.40,9587,644,28949
80365,0.00,-42,41,0,1,52.40,9587,644,28949
80415,0.00,-42,41,0,1,52.40,9587,644,28949
80465,0.00,-42,41,0,1,52.40,9587,644,28949
80515,0.00,-42,41,0,1,52.40,9587,644,28949
80565,0.00,-42,41,0,1,52.40,9587,644,28949
80615,0.00,-42,41,0,1,52.40,9587,644,28949
80665,0.00,-42,41,0,1,52.40,9587,644,28949
80715,0.00,-42,41,0,1,52.40,9587,644,28949
