Microcontroller Governor - Abrupt Load Increase(1800 W) - Initially Constant Load (1500 W)
Trial: 4
Date: 4-5-2023
Time: 4:03 PM
Ambient Temp: 79
Head Temp: 223.1

------ Microcontroller Engine Governor - Version: 1.16 ------
-------------------------------------------------------------
PID Gains:  Kp: 0.013  KpAlt: 0.025  Kd: 0.100  KdAlt: 4.000
-------------------------------------------------------------
Set RPM:             3600    |  Min RPM:                 300
                             |
RPM Precision:       20      |  PID Kp Alt Range:        70
                             |
Start Steps:         850     |  Max Steps:               1200
                             |
RPM Calc Interval:   1       |  Num Magnets:             1
                             |
LCD Update Interval: 400     |  Serial Update Interval:  50
-------------------------------------------------------------

Time,RPM,Steps Remaining, PID p, PID p Alt, PID d, RPM Change, P Cmd, P Alt Cmd, D Cmd
1729,0.00,0,0,0,0,0.00,0,0,0
1779,0.00,0,0,0,0,0.00,0,0,0
1829,0.00,0,0,0,0,0.00,0,0,0
1879,0.00,0,0,0,0,0.00,0,0,0
1929,0.00,0,0,0,0,0.00,0,0,0
1979,0.00,0,0,0,0,0.00,0,0,0
2029,0.00,0,0,0,0,0.00,0,0,0
2079,0.00,0,0,0,0,0.00,0,0,0
2129,0.00,0,0,0,0,0.00,0,0,0
2179,0.00,0,0,0,0,0.00,0,0,0
2229,0.00,0,0,0,0,0.00,0,0,0
2279,0.00,0,0,0,0,0.00,0,0,0
2329,0.00,0,0,0,0,0.00,0,0,0
2379,0.00,0,0,0,0,0.00,0,0,0
2429,0.00,0,0,0,0,0.00,0,0,0
2479,0.00,0,0,0,0,0.00,0,0,0
2529,0.00,0,0,0,0,0.00,0,0,0
2579,0.00,0,0,0,0,0.00,0,0,0
2629,0.00,0,0,0,0,0.00,0,0,0
2679,0.00,0,0,0,0,0.00,0,0,0
2729,0.00,0,0,0,0,0.00,0,0,0
2779,0.00,0,0,0,0,0.00,0,0,0
2829,0.00,0,0,0,0,0.00,0,0,0
2879,0.00,0,0,0,0,0.00,0,0,0
2929,0.00,0,0,0,0,0.00,0,0,0
2979,0.00,0,0,0,0,0.00,0,0,0
3030,0.00,0,0,0,0,0.00,0,0,0
3080,0.00,0,0,0,0,0.00,0,0,0
3130,0.00,0,0,0,0,0.00,0,0,0
3180,0.00,0,0,0,0,0.00,0,0,0
3230,0.00,0,0,0,0,0.00,0,0,0
3280,0.00,0,0,0,0,0.00,0,0,0
3330,0.00,0,0,0,0,0.00,0,0,0
3380,0.00,0,0,0,0,0.00,0,0,0
3430,0.00,0,0,0,0,0.00,0,0,0
3480,0.00,0,0,0,0,0.00,0,0,0
3530,0.00,0,0,0,0,0.00,0,0,0
3580,0.00,0,0,0,0,0.00,0,0,0
3630,0.00,0,0,0,0,0.00,0,0,0
3680,0.00,0,0,0,0,0.00,0,0,0
3730,0.00,0,0,0,0,0.00,0,0,0
3780,0.00,0,0,0,0,0.00,0,0,0
3830,0.00,0,0,0,0,0.00,0,0,0
3880,0.00,0,0,0,0,0.00,0,0,0
3930,0.00,0,0,0,0,0.00,0,0,0
3980,0.00,0,0,0,0,0.00,0,0,0
4030,0.00,0,0,0,0,0.00,0,0,0
4080,0.00,0,0,0,0,0.00,0,0,0
4130,0.00,0,0,0,0,0.00,0,0,0
4180,0.00,0,0,0,0,0.00,0,0,0
4230,0.00,0,0,0,0,0.00,0,0,0
4280,0.00,0,0,0,0,0.00,0,0,0
4330,0.00,0,0,0,0,0.00,0,0,0
4380,0.00,0,0,0,0,0.00,0,0,0
4430,0.00,0,0,0,0,0.00,0,0,0
4480,0.00,0,0,0,0,0.00,0,0,0
4530,0.00,0,0,0,0,0.00,0,0,0
4580,0.00,0,0,0,0,0.00,0,0,0
4630,0.00,0,0,0,0,0.00,0,0,0
4680,0.00,0,0,0,0,0.00,0,0,0
4730,0.00,0,0,0,0,0.00,0,0,0
4780,0.00,0,0,0,0,0.00,0,0,0
4830,0.00,0,0,0,0,0.00,0,0,0
4880,0.00,0,0,0,0,0.00,0,0,0
4930,0.00,0,0,0,0,0.00,0,0,0
4980,0.00,0,0,0,0,0.00,0,0,0
5030,0.00,0,0,0,0,0.00,0,0,0
5080,0.00,0,0,0,0,0.00,0,0,0
5130,0.00,0,0,0,0,0.00,0,0,0
5180,0.00,0,0,0,0,0.00,0,0,0
5230,0.00,0,0,0,0,0.00,0,0,0
5280,0.00,0,0,0,0,0.00,0,0,0
5330,0.00,0,0,0,0,0.00,0,0,0
5380,0.00,0,0,0,0,0.00,0,0,0
5430,0.00,0,0,0,0,0.00,0,0,0
5480,0.00,0,0,0,0,0.00,0,0,0
5530,0.00,0,0,0,0,0.00,0,0,0
5580,0.00,0,0,0,0,0.00,0,0,0
5630,0.00,0,0,0,0,0.00,0,0,0
5680,0.00,0,0,0,0,0.00,0,0,0
5730,0.00,0,0,0,0,0.00,0,0,0
5780,0.00,0,0,0,0,0.00,0,0,0
5830,0.00,0,0,0,0,0.00,0,0,0
5880,0.00,0,0,0,0,0.00,0,0,0
5931,0.00,0,0,0,0,0.00,0,0,0
5981,0.00,0,0,0,0,0.00,0,0,0
6031,0.00,0,0,0,0,0.00,0,0,0
6081,0.00,0,0,0,0,0.00,0,0,0
6131,0.00,0,0,0,0,0.00,0,0,0
6181,0.00,0,0,0,0,0.00,0,0,0
6231,0.00,0,0,0,0,0.00,0,0,0
6281,0.00,0,0,0,0,0.00,0,0,0
6331,0.00,0,0,0,0,0.00,0,0,0
6381,0.00,0,0,0,0,0.00,0,0,0
6431,0.00,0,0,0,0,0.00,0,0,0
6481,0.00,0,0,0,0,0.00,0,0,0
6531,0.00,0,0,0,0,0.00,0,0,0
6581,0.00,0,0,0,0,0.00,0,0,0
6631,0.00,0,0,0,0,0.00,0,0,0
6681,0.00,0,0,0,0,0.00,0,0,0
6731,0.00,0,0,0,0,0.00,0,0,0
6781,0.00,0,0,0,0,0.00,0,0,0
6831,0.00,0,0,0,0,0.00,0,0,0
6881,0.00,0,0,0,0,0.00,0,0,0
6931,0.00,0,0,0,0,0.00,0,0,0
6981,0.00,0,0,0,0,0.00,0,0,0
7031,0.00,0,0,0,0,0.00,0,0,0
7081,0.00,0,0,0,0,0.00,0,0,0
7131,0.00,0,0,0,0,0.00,0,0,0
7181,0.00,0,0,0,0,0.00,0,0,0
7231,0.00,0,0,0,0,0.00,0,0,0
7281,0.00,0,0,0,0,0.00,0,0,0
7331,0.00,0,0,0,0,0.00,0,0,0
7382,0.00,0,0,0,0,0.00,0,0,0
7432,0.00,0,0,0,0,0.00,0,0,0
7482,0.00,0,0,0,0,0.00,0,0,0
7532,0.00,0,0,0,0,0.00,0,0,0
7582,0.00,0,0,0,0,0.00,0,0,0
7632,0.00,0,0,0,0,0.00,0,0,0
7682,0.00,0,0,0,0,0.00,0,0,0
7732,0.00,0,0,0,0,0.00,0,0,0
7782,0.00,0,0,0,0,0.00,0,0,0
7832,0.00,0,0,0,0,0.00,0,0,0
7882,0.00,0,0,0,0,0.00,0,0,0
7932,0.00,0,0,0,0,0.00,0,0,0
7982,0.00,0,0,0,0,0.00,0,0,0
8032,0.00,0,0,0,0,0.00,0,0,0
8082,0.00,0,0,0,0,0.00,0,0,0
8132,0.00,0,0,0,0,0.00,0,0,0
8182,0.00,0,0,0,0,0.00,0,0,0
8232,0.00,0,0,0,0,0.00,0,0,0
8282,0.00,0,0,0,0,0.00,0,0,0
8332,0.00,0,0,0,0,0.00,0,0,0
8382,0.00,0,0,0,0,0.00,0,0,0
8432,0.00,0,0,0,0,0.00,0,0,0
8482,0.00,0,0,0,0,0.00,0,0,0
8532,0.00,0,0,0,0,0.00,0,0,0
8582,0.00,0,0,0,0,0.00,0,0,0
8632,0.00,0,0,0,0,0.00,0,0,0
8682,0.00,0,0,0,0,0.00,0,0,0
8732,0.00,0,0,0,0,0.00,0,0,0
8782,0.00,0,0,0,0,0.00,0,0,0
8832,0.00,0,0,0,0,0.00,0,0,0
8882,0.00,0,0,0,0,0.00,0,0,0
8932,0.00,0,0,0,0,0.00,0,0,0
8982,0.00,0,0,0,0,0.00,0,0,0
9032,0.00,0,0,0,0,0.00,0,0,0
9082,0.00,0,0,0,0,0.00,0,0,0
9132,0.00,0,0,0,0,0.00,0,0,0
9182,0.00,0,0,0,0,0.00,0,0,0
9232,0.00,0,0,0,0,0.00,0,0,0
9282,0.00,0,0,0,0,0.00,0,0,0
9332,0.00,0,0,0,0,0.00,0,0,0
9382,0.00,0,0,0,0,0.00,0,0,0
9432,0.00,0,0,0,0,0.00,0,0,0
9482,0.00,0,0,0,0,0.00,0,0,0
9532,0.00,0,0,0,0,0.00,0,0,0
9582,0.00,0,0,0,0,0.00,0,0,0
9632,0.00,0,0,0,0,0.00,0,0,0
9682,0.00,0,0,0,0,0.00,0,0,0
9732,0.00,0,0,0,0,0.00,0,0,0
9782,inf,0,0,0,0,inf,0,0,0
9832,inf,0,0,0,0,inf,0,0,0
9882,493.49,29,40,0,0,inf,40,0,0
9932,493.49,0,40,0,0,inf,40,0,0
9982,897.18,0,35,0,-24,-403.70,75,0,24
10032,831.72,16,35,0,3,65.47,110,0,27
10082,831.72,0,35,0,3,65.47,110,0,27
10132,816.33,0,36,0,0,15.39,146,0,27
10182,829.28,10,36,0,0,-12.95,182,0,27
10232,1214.48,0,31,0,-30,-385.20,213,0,57
10283,1227.80,1,30,0,-1,-13.32,243,0,58
10333,1597.95,22,26,0,-1,-13.50,295,0,96
10383,1857.13,0,22,0,-32,-259.17,317,0,128
10433,2091.18,0,19,0,-29,-215.94,358,0,159
10483,2293.58,-5,16,0,-27,-183.87,393,0,188
10533,2482.21,-11,14,0,-30,-183.36,423,0,218
10583,2641.31,-12,12,0,-31,-174.61,449,0,251
10633,2776.75,0,10,0,0,-158.49,471,0,255
10683,2829.65,0,10,0,0,-83.41,492,0,255
10733,2933.70,0,8,0,0,52.56,517,0,256
10783,3058.73,0,7,0,0,8.76,530,0,256
10833,3283.71,0,4,0,0,151.93,544,0,274
10883,3369.27,0,2,0,0,6.07,552,0,274
10933,3523.61,0,0,0,0,-74.54,554,0,274
10983,3595.40,0,1,0,0,1.65,555,0,274
11033,3812.91,-1,-2,0,-6,-189.72,558,0,280
11083,3785.97,0,-2,0,0,24.04,563,0,280
11133,3848.13,0,-3,0,0,-37.15,571,0,280
11183,3810.01,0,-2,0,0,39.11,578,0,280
11233,3823.60,0,-2,0,0,50.36,588,0,281
11283,3723.01,0,-1,0,0,36.39,593,0,281
11333,3652.30,0,0,-1,0,22.37,594,1,281
11383,3683.69,0,-1,0,0,-31.39,596,2,281
11433,3630.20,0,0,0,0,43.57,596,2,281
11483,3648.75,0,0,-1,0,-56.79,596,3,281
11533,3615.33,0,0,-1,0,-60.52,596,4,281
11583,3643.43,0,0,-1,0,-28.10,596,6,281
11633,3618.82,0,0,0,0,-63.60,596,6,281
11683,3685.50,0,-1,0,0,-45.61,598,6,281
11734,3663.90,0,0,-1,0,43.47,599,8,281
11784,3722.08,0,-1,0,0,-34.77,602,8,281
11834,3700.96,0,-1,0,0,22.05,605,8,281
11884,3758.46,0,-2,0,0,-60.23,609,8,281
11934,3723.93,0,-1,0,0,33.58,613,8,281
11984,3722.08,0,-1,0,0,49.60,625,8,285
12034,3746.25,0,-1,0,0,-21.40,629,8,285
12084,3724.86,0,-1,0,0,33.60,633,8,285
12134,3772.64,0,-2,0,0,-49.63,638,8,285
12184,3723.93,0,-1,0,0,46.81,642,8,285
12234,3773.58,0,-2,0,0,-38.52,647,8,285
12284,3735.99,0,-1,0,0,34.75,651,8,285
12334,3747.19,0,-1,0,0,-11.20,655,8,285
12384,3686.41,0,-1,0,0,45.86,658,8,285
12434,3707.36,0,-1,0,0,140.76,662,8,295
12484,3687.32,0,-1,0,0,-12.65,675,8,303
12534,3652.30,0,0,-1,0,33.20,676,10,303
12584,3683.69,0,-1,0,0,-31.39,678,11,303
12634,3630.20,0,0,0,0,42.67,678,12,303
12684,3662.11,0,0,-1,0,-35.42,678,14,303
12734,3626.69,0,0,0,0,35.42,678,15,303
12784,3643.43,0,0,-1,0,-28.10,678,17,303
12834,3604.04,0,0,-1,0,-45.66,678,18,303
12884,3624.06,0,0,0,0,-20.03,678,18,303
12934,3592.81,0,0,0,0,-47.06,678,18,303
12984,3619.69,0,0,0,0,-30.37,678,18,303
13034,3571.43,0,0,0,0,51.76,678,18,303
13084,3620.56,0,0,0,0,-38.05,678,18,303
13134,3569.73,0,0,0,0,53.46,678,18,303
13184,3545.26,0,0,1,0,-41.41,679,19,303
13234,3510.41,0,1,0,0,44.93,681,20,303
13285,3557.03,0,0,1,0,-36.73,682,22,303
13335,3523.61,0,0,0,0,42.73,683,22,303
13385,3523.61,0,0,0,0,44.42,683,22,303
13435,3502.22,0,1,0,0,391.86,691,22,329
13485,3535.23,0,0,1,0,222.28,695,23,342
13535,3565.49,0,0,0,0,-24.41,695,24,342
13585,3523.61,0,0,0,0,42.73,695,25,342
13635,3574.83,0,0,0,0,-40.43,695,26,342
13685,3534.40,0,0,1,0,29.39,695,28,342
13735,3576.54,0,0,0,0,-32.95,695,29,342
13785,3544.42,0,0,1,0,32.11,695,31,342
13835,3587.66,0,0,1,0,42.12,695,32,342
13885,3553.66,0,0,1,0,34.00,695,34,342
13935,3587.66,0,0,1,0,22.90,695,35,342
13985,3558.72,0,0,1,0,41.86,695,36,342
14035,3600.58,0,0,0,0,39.49,695,36,342
14085,3572.28,0,0,0,0,27.43,695,36,342
14135,3598.85,0,0,0,0,33.60,695,36,342
14185,3575.69,0,0,0,0,36.16,695,36,342
14235,3619.69,0,0,0,0,-47.50,695,36,342
14285,3591.95,0,0,0,0,-32.91,695,36,342
14336,3638.13,0,0,0,0,-55.61,695,36,342
14386,3604.04,0,0,-1,0,-59.34,695,37,342
14436,3643.43,0,0,-1,0,-28.10,695,39,342
14486,3603.17,0,0,0,0,-24.48,695,39,342
14536,3643.43,0,0,-1,0,-38.53,695,40,342
14586,3614.46,0,0,-1,0,-37.66,695,41,342
14636,3622.31,0,0,0,0,-18.28,695,42,342
14686,3580.81,0,0,0,0,-49.40,695,42,342
14736,3628.45,0,0,0,0,-35.63,695,43,342
14786,3593.67,0,0,0,0,-29.61,695,43,342
14836,3639.01,0,0,0,0,-56.49,695,43,342
14886,3582.52,0,0,0,0,-43.24,695,43,342
14936,3620.56,0,0,0,0,-38.90,695,43,342
14986,3568.03,0,0,0,0,41.21,695,43,342
15036,3610.98,0,0,0,0,24.05,695,43,342
15086,3571.43,0,0,0,0,63.17,695,43,342
15136,3578.24,0,0,0,0,-6.82,695,43,342
15186,3545.26,0,0,1,0,43.26,695,45,342
15236,3576.54,0,0,0,0,-32.11,695,46,342
15286,3531.90,0,0,1,0,21.76,695,49,342
15336,3574.83,0,0,0,0,-40.43,695,50,342
15386,3557.03,0,0,1,0,18.65,695,52,342
15436,3598.85,0,0,0,0,23.02,695,52,342
15486,3576.54,0,0,0,0,35.31,695,52,342
15536,3628.45,0,0,0,0,-41.65,695,52,342
15586,3591.95,0,0,0,0,-40.83,695,52,342
15636,3642.54,0,0,-1,0,-38.51,695,54,342
15686,3592.81,0,0,-1,0,-35.04,695,55,342
15736,3610.98,0,0,0,0,-36.51,695,55,342
15787,3571.43,0,0,0,0,50.89,695,55,342
15837,3612.72,0,0,0,0,43.80,695,55,342
15887,3585.09,0,0,0,0,-145.88,695,55,342
15937,3620.56,0,0,0,0,-39.76,695,55,342
15987,3582.52,0,0,0,0,-43.22,695,55,342
16037,3629.32,0,0,0,0,-47.66,695,55,342
16087,3593.67,0,0,0,0,-38.21,695,55,342
16137,3619.69,0,0,0,0,-27.76,695,55,342
16187,3566.33,0,0,0,0,35.11,695,55,342
16237,3611.85,0,0,0,0,27.43,695,55,342
16287,3582.52,0,0,0,0,-68.82,695,56,342
16337,3623.19,0,0,0,0,-46.65,695,56,342
16387,3600.58,0,0,0,0,44.09,695,56,342
16437,3573.13,0,0,0,0,331.09,701,56,356
16487,3502.22,0,1,0,0,391.86,708,56,378
16537,3604.90,0,-4,0,-3,-532.09,714,56,381
16587,3613.59,0,0,-1,0,401.75,723,57,386
16637,3652.30,0,0,-1,0,-48.26,723,59,386
16687,3650.52,0,0,-1,0,-41.28,723,60,386
16737,3652.30,0,0,-1,0,-35.23,733,61,394
16787,3604.04,0,0,-1,0,-43.95,733,62,394
16837,3611.85,0,0,0,0,38.79,733,62,394
16887,3582.52,0,0,0,0,-45.10,733,62,394
16937,3610.11,0,0,0,0,-39.80,733,62,394
16987,3610.98,0,0,0,0,38.68,733,62,394
17037,3582.52,0,-5,0,-5,-720.30,742,62,399
17087,3616.20,0,-5,0,-5,-708.21,751,62,404
17137,3592.81,0,-5,0,-5,-733.45,760,62,409
17187,3616.20,0,-5,0,-4,-721.68,769,62,413
17238,3540.24,0,0,1,0,399.87,777,63,418
17288,3503.85,0,1,0,0,287.85,783,63,434
17338,3537.74,0,0,1,0,159.58,785,64,439
17388,3585.94,0,0,1,0,22.80,785,65,439
17438,3534.40,0,0,1,0,36.18,785,67,439
17488,3566.33,0,0,0,0,-24.42,785,68,439
17538,3522.78,0,1,0,0,52.05,786,69,439
17588,3554.50,0,0,1,0,-23.43,786,72,439
17638,3527.75,0,0,0,0,53.06,786,72,439
17688,3574.83,0,0,0,0,-40.43,786,73,439
17738,3534.40,0,0,1,0,29.39,786,75,439
17788,3585.94,0,0,1,0,42.14,786,76,439
17838,3523.61,0,0,0,0,52.08,786,77,439
17888,3579.10,0,0,0,0,-43.03,786,78,439
17938,3546.10,0,0,1,0,41.56,786,80,439
17988,3568.03,0,0,0,0,-46.08,787,80,439
18038,3532.74,0,0,1,0,43.80,787,82,439
18088,3566.33,0,0,0,0,-22.75,787,83,439
18138,3544.42,0,0,1,0,43.23,787,85,439
18188,3600.58,0,0,0,0,24.71,787,85,439
18238,3568.03,0,0,0,0,43.82,787,85,439
18288,3612.72,0,0,0,0,33.60,787,85,439
18338,3583.37,0,0,0,0,-37.37,787,85,439
18388,3600.58,0,0,0,0,34.28,787,85,439
18438,3622.31,0,0,0,0,-58.52,787,85,439
18488,3628.45,0,0,0,0,-45.07,798,85,447
18538,3619.69,0,0,0,0,-45.07,798,85,447
18588,3630.20,0,0,0,0,-36.53,809,85,453
18638,3582.52,0,0,0,0,-39.95,809,85,453
18688,3577.39,0,0,0,0,34.46,809,85,453
18738,3503.85,0,1,0,0,266.89,814,85,468
18788,3527.75,0,0,0,0,109.49,815,85,468
18838,3576.54,0,0,0,0,-32.95,815,86,468
18888,3555.34,0,0,1,0,32.31,815,88,468
18938,3588.52,0,0,0,0,24.71,815,88,468
18988,3559.56,0,0,1,0,41.88,815,89,468
19038,3598.85,0,0,1,0,52.23,815,90,468
19088,3562.10,0,0,0,0,36.75,815,91,468
19138,3599.71,0,0,0,0,35.14,815,91,468
19188,3558.72,0,0,1,0,41.86,815,92,468
19238,3588.52,0,0,0,0,35.04,815,92,468
19288,3562.95,0,0,0,0,35.90,815,93,468
19338,3599.71,0,0,0,0,44.69,815,93,468
19388,3573.13,0,0,0,0,25.72,815,94,468
19438,3611.85,0,0,0,0,44.66,815,94,468
19488,3577.39,0,0,0,0,33.59,815,94,468
19538,3620.56,0,0,0,0,-38.90,815,94,468
19588,3573.13,0,0,0,0,26.58,815,94,468
19638,3611.85,0,0,0,0,43.82,815,94,468
19688,3577.39,0,0,0,0,35.33,815,94,468
19738,3619.69,0,0,0,0,35.33,815,94,468
19788,3567.18,0,0,0,0,33.39,815,94,468
19838,3598.85,0,0,0,0,33.39,815,94,468
19888,3573.13,0,0,0,0,26.58,815,94,468
19938,3600.58,0,0,0,0,27.30,815,94,468
19988,3568.03,0,0,0,0,32.55,815,94,468
20038,3611.85,0,0,0,0,42.10,815,94,468
20088,3581.66,0,0,0,0,-48.35,815,94,468
20139,3639.89,0,0,0,0,-56.52,815,94,468
20189,3593.67,0,0,0,0,-41.69,815,94,468
20239,3639.01,0,0,0,0,-45.34,815,94,468
20289,3593.67,0,0,0,0,-47.01,815,94,468
20339,3637.25,0,0,0,0,-44.43,815,94,468
20389,3591.95,0,0,-1,0,-48.15,815,95,468
20439,3597.12,0,0,1,0,22.92,815,96,468
20489,3564.64,0,0,0,0,34.21,815,96,468
20539,3611.85,0,0,0,0,27.43,815,96,468
20589,3571.43,0,0,0,0,51.76,815,96,468
20639,3619.69,0,0,0,0,-51.76,815,96,468
20689,3571.43,0,0,0,0,51.76,815,96,468
20739,3629.32,0,0,0,0,-46.81,815,96,468
20789,3577.39,0,0,0,0,41.43,815,96,468
20839,3624.06,0,0,0,0,-48.38,815,96,468
20889,3545.26,0,0,1,0,32.98,815,97,468
20939,3587.66,0,0,1,0,42.42,815,98,468
20989,3555.34,0,0,1,0,30.60,815,100,468
21039,3600.58,0,0,0,0,25.72,815,100,468
21089,3585.09,0,0,0,0,25.72,815,100,468
21139,3639.01,0,0,0,0,-56.49,815,100,468
21189,3604.90,0,0,0,0,-48.78,815,100,468
21239,3652.30,0,0,-1,0,-49.13,815,101,468
21289,3615.33,0,0,-1,0,-44.82,815,102,468
21339,3671.97,0,0,0,0,-57.51,815,103,468
21389,3626.69,0,0,0,0,35.42,815,104,468
21439,3662.11,0,0,-1,0,-36.29,815,106,468
21489,3615.33,0,0,-1,0,-43.29,815,107,468
21539,3662.11,0,0,-1,0,-32.78,815,109,468
21590,3626.69,0,0,0,0,36.31,815,110,468
21640,3604.04,0,0,-1,0,-22.94,815,111,468
21690,3576.54,0,0,0,0,24.04,815,111,468
21740,3612.72,0,0,0,0,46.41,815,111,468
21790,3533.57,0,0,1,0,33.61,815,112,468
21840,3579.10,0,0,0,0,-56.32,816,112,468
21890,3543.59,0,0,1,0,32.95,816,114,468
21940,3587.66,0,0,1,0,47.44,816,115,468
21990,3553.66,0,0,1,0,34.00,816,117,468
22040,3600.58,0,0,0,0,26.43,816,117,468
22090,3573.98,0,0,0,0,24.87,816,117,468
22140,3612.72,0,0,0,0,43.82,816,117,468
22190,3623.19,0,0,0,0,-43.24,816,117,468
22240,3502.22,0,1,0,0,394.90,823,117,504
22290,3617.94,0,-4,0,-3,-510.00,829,117,507
22340,3594.54,0,-5,0,-4,-686.24,837,117,511
22390,3639.89,0,0,0,0,385.87,846,117,516
22440,3642.54,0,0,-1,0,-36.78,856,118,523
22490,3643.43,0,0,-1,0,-36.79,856,119,523
22540,3717.47,0,-1,0,0,177.62,863,119,560
22590,3614.46,0,0,0,0,503.49,874,119,568
22640,3642.54,0,0,-1,0,-40.24,874,121,568
22690,3591.09,0,0,-1,0,-35.93,874,122,568
22740,3587.66,0,0,1,0,39.29,874,123,568
22790,3576.54,0,0,0,0,-27.92,874,124,568
22840,3501.40,0,1,0,0,331.98,881,124,598
22890,3603.17,0,-1,0,-8,-216.83,883,124,606
22940,3568.03,0,0,0,0,86.94,884,125,608
22990,3611.85,0,0,0,0,20.61,884,125,608
23040,3557.87,0,0,1,0,49.63,884,126,608
23090,3587.66,0,0,1,0,32.11,884,127,608
23140,3550.30,0,0,1,0,48.55,884,129,608
23190,3597.12,0,0,1,0,43.50,884,130,608
23240,3559.56,0,0,1,0,48.81,884,132,608
23290,3601.44,0,0,0,0,34.42,884,132,608
23340,3577.39,0,0,0,0,34.46,884,132,608
23390,3629.32,0,0,0,0,-46.81,884,132,608
23440,3568.03,0,0,0,0,32.55,884,132,608
23490,3611.85,0,0,0,0,26.58,884,132,608
23540,3571.43,0,0,0,0,51.76,884,132,608
23590,3599.71,0,0,0,0,42.97,884,132,608
23640,3571.43,0,0,0,0,28.28,884,132,608
23690,3623.19,0,0,0,0,-46.65,884,132,608
23740,3580.81,0,0,0,0,-45.82,884,132,608
23790,3617.94,0,0,0,0,-47.64,884,132,608
23840,3511.24,0,1,0,0,33.19,885,133,608
23890,3579.10,0,0,0,0,-58.80,886,134,608
23940,3549.46,0,0,1,0,38.20,886,136,608
23990,3543.59,0,0,1,0,-7.52,886,138,608
24040,3521.95,0,1,0,0,23.31,888,139,608
24090,3580.81,0,0,0,0,42.73,888,139,608
24140,3544.42,0,0,1,0,21.06,888,141,608
24190,3598.85,0,0,1,0,43.26,888,142,608
24240,3568.88,0,0,0,0,39.49,888,143,608
24290,3589.38,0,0,0,0,24.05,888,143,608
24340,3564.64,0,0,0,0,35.94,888,143,608
24390,3622.31,0,0,0,0,-44.92,888,143,608
24440,3594.54,0,0,0,0,-39.95,888,143,608
24491,3610.11,0,0,0,0,-44.47,888,143,608
24541,3586.80,0,0,0,0,33.57,888,143,608
24591,3648.75,0,0,-1,0,-55.07,888,144,608
24641,3613.59,0,0,-1,0,-44.82,888,145,608
24691,3662.11,0,0,-1,0,-46.78,888,147,608
24741,3616.20,0,0,-1,0,-25.48,888,148,608
24791,3653.19,0,0,-1,0,-37.86,888,150,608
24841,3615.33,0,0,-1,0,-34.37,888,151,608
24891,3652.30,0,0,-1,0,-48.26,888,153,608
24941,3604.04,0,0,-1,0,-44.80,888,154,608
24991,3585.94,0,0,1,0,31.93,888,155,608
25041,3564.64,0,0,0,0,22.16,888,156,608
25091,3600.58,0,0,0,0,28.28,888,156,608
25141,3573.98,0,0,0,0,48.33,888,156,608
25191,3619.69,0,0,0,0,-47.46,888,156,608
25241,3593.67,0,0,0,0,-32.20,888,156,608
25291,3639.01,0,0,0,0,-47.06,888,156,608
25341,3603.17,0,0,-1,0,-40.24,888,157,608
25391,3643.43,0,0,-1,0,-39.39,888,159,608
25441,3615.33,0,0,-1,0,-44.80,888,160,608
25491,3662.11,0,0,-1,0,-46.78,888,162,608
25541,3626.69,0,0,0,0,35.42,888,163,608
25591,3649.63,0,0,-1,0,-23.82,888,165,608
25641,3614.46,0,0,-1,0,-33.48,888,166,608
25691,3652.30,0,0,-1,0,-36.97,888,168,608
25741,3613.59,0,0,-1,0,-53.76,888,169,608
25791,3653.19,0,0,-1,0,-49.15,888,171,608
25841,3603.17,0,0,-1,0,-47.42,888,172,608
25891,3642.54,0,0,-1,0,-37.64,888,173,608
25942,3591.95,0,0,-1,0,-52.49,888,174,608
25992,3629.32,0,0,0,0,-35.65,888,174,608
26042,3586.80,0,0,0,0,51.93,888,174,608
26092,3619.69,0,0,0,0,51.93,888,174,608
26142,3533.57,0,0,1,0,33.61,888,175,608
26192,3575.69,0,0,0,0,-42.12,888,176,608
26242,3544.42,0,0,1,0,32.11,888,178,608
26292,3587.66,0,0,1,0,41.54,888,179,608
26342,3553.66,0,0,1,0,45.19,888,181,608
26392,3575.69,0,0,0,0,-22.03,888,182,608
26442,3546.10,0,0,1,0,41.56,888,184,608
26492,3585.09,0,0,1,0,45.21,888,185,608
26542,3585.94,0,0,1,0,25.52,888,186,608
26592,3551.14,0,0,1,0,370.43,896,187,612
26642,3501.40,0,1,0,0,340.81,903,187,631
26692,3568.03,0,0,0,0,239.08,906,187,644
26742,3612.72,0,-2,0,-13,-319.51,910,187,657
26792,3579.95,0,0,0,0,208.88,914,187,671
26842,3613.59,0,-1,0,-9,-241.79,916,187,680
26892,3555.34,0,0,1,0,42.64,916,189,680
26942,3578.24,0,0,0,0,-13.61,916,189,680
26992,3554.50,0,0,1,0,33.16,916,191,680
27042,3587.66,0,0,1,0,21.19,916,192,680
27092,3543.59,0,0,1,0,32.95,916,194,680
27142,3577.39,0,0,0,0,-33.80,916,195,680
27192,3546.10,0,0,1,0,33.00,916,197,680
27242,3574.83,0,0,0,0,-40.43,916,198,680
27292,3534.40,0,0,1,0,41.28,916,200,680
27342,3585.94,0,0,1,0,42.14,916,201,680
27392,3546.10,0,0,1,0,39.84,916,203,680
27442,3585.94,0,0,1,0,41.56,916,204,680
27492,3555.34,0,0,1,0,30.60,916,206,680
27542,3598.85,0,0,1,0,41.56,916,207,680
27592,3562.95,0,0,0,0,35.90,916,208,680
27642,3597.98,0,0,1,0,42.70,916,209,680
27692,3577.39,0,0,0,0,23.19,916,209,680
27742,3611.85,0,0,0,0,31.86,916,209,680
27792,3582.52,0,0,0,0,-49.40,916,209,680
27842,3620.56,0,0,0,0,-38.05,916,209,680
27892,3577.39,0,0,0,0,34.46,916,209,680
27942,3623.19,0,0,0,0,-45.80,916,209,680
27992,3557.87,0,0,1,0,44.43,916,210,680
28042,3599.71,0,0,0,0,25.72,916,210,680
28092,3585.09,0,0,0,0,24.03,916,210,680
28142,3627.57,0,0,0,0,-45.05,916,210,680
28192,3591.95,0,0,0,0,-38.23,916,210,680
28242,3620.56,0,0,0,0,-27.75,916,210,680
28292,3571.43,0,0,0,0,52.64,916,210,680
28342,3598.85,0,0,0,0,34.21,916,210,680
28392,3566.33,0,0,0,0,35.97,916,210,680
28442,3589.38,0,0,0,0,44.66,916,210,680
28493,3555.34,0,0,1,0,32.31,916,212,680
28544,3597.98,0,0,1,0,39.84,916,213,680
28594,3568.88,0,0,0,0,39.49,916,214,680
28644,3611.85,0,0,0,0,46.38,916,214,680
28694,3568.88,0,0,0,0,42.97,916,214,680
28744,3611.85,0,0,0,0,42.95,916,214,680
28794,3577.39,0,0,0,0,35.33,916,214,680
28844,3582.52,0,0,0,0,-44.05,916,214,680
28894,3503.04,0,1,0,0,390.03,923,214,702
28944,3584.23,0,-4,0,-3,-524.78,929,214,705
28994,3501.40,0,1,0,0,369.57,936,214,737
29044,3501.40,0,1,0,0,318.31,940,214,752
29094,3603.17,0,-1,0,-7,-208.52,942,214,759
29144,3556.19,0,0,1,0,111.29,943,216,764
29194,3589.38,0,0,1,0,42.60,943,217,764
29244,3545.26,0,0,1,0,42.40,943,219,764
29294,3535.23,0,0,1,0,-43.61,945,220,764
29344,3500.58,0,1,0,0,43.84,947,221,764
29394,3557.87,0,0,1,0,-37.57,948,223,764
29444,3520.30,0,1,0,0,36.73,950,224,764
29494,3555.34,0,0,1,0,-33.39,951,226,764
29544,3532.74,0,0,1,0,36.14,952,227,764
29594,3670.17,-1,0,0,-7,-210.76,953,227,771
29644,3545.26,0,0,1,0,41.54,953,229,771
29694,3587.66,0,0,1,0,42.40,953,230,771
29744,3553.66,0,0,1,0,34.00,953,232,771
29794,3610.11,0,0,1,0,34.86,953,233,771
29844,3568.03,0,0,0,0,42.95,953,233,771
29894,3612.72,0,0,0,0,37.03,953,233,771
29944,3578.24,0,0,0,0,41.45,953,233,771
29995,3625.82,0,0,0,0,-33.00,953,233,771
30045,3593.67,0,0,0,0,-38.23,953,233,771
30095,3619.69,0,0,0,0,-38.23,953,233,771
30145,3580.81,0,0,0,0,-55.16,953,233,771
30195,3630.20,0,0,0,0,-44.26,953,233,771
30245,3592.81,0,0,0,0,-39.09,953,233,771
30295,3618.82,0,0,0,0,-27.75,953,233,771
30345,3576.54,0,0,0,0,43.15,953,233,771
30395,3624.06,0,0,0,0,-52.64,953,233,771
30445,3567.18,0,0,0,0,33.39,953,233,771
30495,3599.71,0,0,0,0,36.77,953,233,771
30545,3573.13,0,0,0,0,26.58,953,233,771
30595,3623.19,0,0,0,0,-54.31,953,233,771
30645,3586.80,0,0,0,0,46.65,953,233,771
30695,3611.85,0,0,0,0,27.51,953,233,771
30745,3583.37,0,0,0,0,-43.24,953,233,771
30795,3624.94,0,0,0,0,-30.40,953,233,771
30845,3593.67,0,0,0,0,-49.63,953,233,771
30895,3592.81,0,0,0,0,-34.77,953,233,771
30945,3639.89,0,0,0,0,376.17,962,233,776
30995,3594.54,0,-6,0,-6,-883.36,972,233,784
31045,3627.57,0,0,0,0,479.77,983,233,791
31095,3600.58,0,-7,0,-6,-974.94,995,233,799
31145,3610.98,0,-7,0,-6,-974.94,995,233,799
31195,3572.28,0,0,0,0,537.31,1006,233,805
31245,3503.04,0,1,0,0,288.67,1011,233,820
31295,3537.74,0,0,1,0,168.71,1013,234,826
31345,3575.69,0,0,0,0,-20.34,1013,236,826
31395,3510.41,0,1,0,0,44.93,1014,238,826
31446,3557.03,0,0,1,0,-36.73,1015,239,826
31496,3521.95,0,1,0,0,35.08,1017,240,826
31546,3577.39,0,0,0,0,-55.44,1018,241,826
31596,3533.57,0,0,1,0,45.53,1019,242,826
31646,3587.66,0,0,1,0,33.80,1019,243,826
31696,3555.34,0,0,1,0,32.31,1019,245,826
31746,3585.94,0,0,1,0,31.46,1019,246,826
31796,3555.34,0,0,1,0,43.50,1019,247,826
31846,3611.85,0,0,0,0,41.23,1019,247,826
31896,3582.52,0,0,0,0,-46.67,1019,247,826
31946,3610.98,0,0,0,0,-44.18,1019,247,826
31996,3577.39,0,0,0,0,35.33,1019,247,826
32046,3601.44,0,0,0,0,35.33,1019,247,826
32096,3557.03,0,0,1,0,43.55,1019,248,826
32146,3624.06,0,0,0,0,-55.18,1019,248,826
32196,3585.94,0,0,0,0,44.97,1019,248,826
32246,3618.82,0,0,0,0,-35.50,1019,248,826
32296,3581.66,0,0,0,0,-45.80,1019,248,826
32346,3611.85,0,0,0,0,24.89,1019,248,826
32396,3581.66,0,0,0,0,-39.95,1019,248,826
32446,3639.01,0,0,0,0,-45.34,1019,248,826
32496,3593.67,0,0,0,0,-48.78,1019,248,826
32546,3633.72,0,0,0,0,-29.68,1019,248,826
32596,3593.67,0,0,0,0,-48.75,1019,248,826
32646,3639.01,0,0,0,0,-47.06,1019,248,826
32696,3603.17,0,0,0,0,-47.06,1019,248,826
32746,3642.54,0,0,-1,0,-37.64,1019,249,826
32796,3603.17,0,0,-1,0,-33.27,1019,250,826
32846,3639.01,0,0,0,0,-45.34,1019,250,826
32896,3604.90,0,0,0,0,-48.78,1019,250,826
32946,3545.26,0,0,1,0,37.26,1019,251,826
32996,3522.78,0,1,0,0,44.40,1021,251,826
33046,3575.69,0,0,0,0,-43.78,1021,253,826
33096,3544.42,0,0,1,0,32.11,1021,255,826
33146,3587.66,0,0,1,0,21.18,1021,256,826
33196,3552.82,0,0,1,0,46.89,1021,258,826
33246,3586.80,0,0,1,0,33.61,1021,259,826
33296,3562.95,0,0,0,0,24.71,1021,260,826
33346,3568.03,0,0,0,0,32.55,1021,260,826
33396,3604.90,0,-5,0,-5,-786.70,1030,260,832
33446,3571.43,0,0,0,0,412.64,1038,260,836
33496,3617.94,0,-4,0,-3,-631.89,1045,260,850
33546,3580.81,0,-1,0,-9,-232.76,1047,260,859
33596,3624.06,0,0,0,0,115.65,1049,260,868
33646,3591.09,0,-2,0,-13,-341.38,1052,260,881
33696,3502.22,0,1,0,0,333.12,1058,260,898
33746,3579.10,0,0,0,0,251.34,1061,260,912
33796,3503.85,0,1,0,0,286.90,1066,260,927
33846,3567.18,0,0,0,0,33.39,1066,260,931
33896,3589.38,0,0,0,0,17.94,1066,260,931
33946,3555.34,0,0,1,0,34.03,1066,261,931
33996,3586.80,0,0,1,0,45.08,1066,262,931
34046,3534.40,0,0,1,0,43.84,1066,264,931
34096,3524.44,0,0,0,0,-4.14,1067,265,931
34146,3503.85,0,1,0,0,19.75,1069,265,931
34196,3544.42,0,0,1,0,-44.66,1070,267,931
34246,3498.95,0,1,0,0,47.15,1072,268,931
34296,3545.26,0,0,1,0,-45.49,1073,270,931
34347,3510.41,0,1,0,0,36.52,1075,271,931
34397,3545.26,0,0,1,0,-34.02,1076,273,931
34447,3509.59,0,1,0,0,27.31,1078,274,931
34497,3544.42,0,0,1,0,-23.30,1079,276,931
34547,3509.59,0,1,0,0,36.51,1081,277,931
34597,3521.95,0,1,0,0,21.63,1082,278,931
34647,3561.25,0,0,0,0,411.20,1091,278,936
34697,3545.26,0,0,1,0,45.83,1092,279,936
34747,3587.66,0,0,1,0,31.26,1092,280,936
34797,3548.62,0,0,1,0,52.82,1092,282,936
34847,3603.17,0,0,1,0,46.18,1092,283,936
34897,3568.88,0,0,0,0,42.97,1092,283,936
34947,3623.19,0,0,0,0,-46.65,1092,283,936
34997,3593.67,0,0,0,0,-39.95,1092,283,936
35047,3647.86,0,0,-1,0,-55.05,1092,285,936
35097,3604.90,0,0,0,0,-27.08,1092,285,936
35147,3652.30,0,0,-1,0,-50.00,1092,287,936
35197,3614.46,0,0,-1,0,-48.22,1092,288,936
35247,3650.52,0,0,-1,0,-49.95,1092,290,936
35297,3614.46,0,0,-1,0,-45.66,1092,291,936
35347,3652.30,0,0,-1,0,-36.97,1092,293,936
35397,3615.33,0,0,-1,0,-48.29,1092,294,936
35447,3652.30,0,0,-1,0,-43.06,1092,295,936
35497,3614.46,0,0,-1,0,-60.61,1092,296,936
35547,3638.13,0,0,0,0,56.45,1093,296,940
35597,3602.31,0,0,-1,0,-55.88,1093,297,940
35647,3616.20,0,0,0,0,-32.30,1093,297,940
35697,3577.39,0,0,0,0,39.68,1093,297,940
35747,3620.56,0,0,0,0,-33.76,1093,297,940
35798,3583.37,0,0,0,0,-53.59,1093,297,940
35848,3623.19,0,0,0,0,-50.91,1093,297,940
35898,3577.39,0,0,0,0,30.11,1093,297,940
35948,3623.19,0,0,0,0,-44.94,1093,297,940
35998,3585.09,0,0,0,0,51.76,1093,297,940
36048,3611.85,0,0,0,0,35.34,1093,297,940
36098,3581.66,0,0,0,0,-47.48,1093,297,940
36148,3588.52,0,0,0,0,23.95,1093,297,940
36198,3554.50,0,0,1,0,43.48,1093,299,940
36248,3609.24,0,0,1,0,42.64,1093,300,940
36298,3566.33,0,0,0,0,45.51,1093,300,940
36348,3598.85,0,0,0,0,26.58,1093,300,940
36398,3545.26,0,0,1,0,31.28,1093,301,940
36448,3587.66,0,0,1,0,29.57,1093,302,940
36498,3555.34,0,0,1,0,31.46,1093,304,940
36548,3609.24,0,0,1,0,40.92,1093,305,940
36598,3566.33,0,0,0,0,35.11,1093,305,940
36648,3618.82,0,0,0,0,35.11,1093,305,940
36698,3585.09,0,0,0,0,40.57,1093,305,940
36748,3622.31,0,0,0,0,-44.92,1093,305,940
36798,3581.66,0,0,0,0,-46.67,1093,305,940
36848,3614.46,0,0,0,0,-45.03,1093,305,940
36898,3592.81,0,0,0,0,-45.80,1093,305,940
36948,3630.20,0,0,0,0,-43.40,1093,305,940
36998,3582.52,0,0,0,0,-39.09,1093,305,940
37048,3629.32,0,0,0,0,-34.79,1093,305,940
37098,3582.52,0,0,0,0,-41.67,1093,305,940
37148,3629.32,0,0,0,0,-37.37,1093,305,940
37198,3594.54,0,0,0,0,-39.95,1093,305,940
37248,3632.84,0,0,0,0,-39.17,1093,305,940
37298,3593.67,0,0,0,0,-39.95,1093,305,940
37348,3633.72,0,0,0,0,-28.82,1093,305,940
37398,3603.17,0,0,-1,0,-48.15,1093,306,940
37448,3663.00,0,0,-1,0,-58.97,1093,308,940
37498,3615.33,0,0,-1,0,-45.69,1093,309,940
37548,3633.72,0,0,0,0,-30.55,1093,309,940
37598,3591.95,0,0,0,0,-38.42,1093,309,940
37648,3605.77,0,0,-1,0,-54.13,1093,310,940
37698,3582.52,0,0,0,0,-29.61,1093,310,940
37748,3629.32,0,0,0,0,-46.81,1093,310,940
37798,3558.72,0,0,1,0,42.72,1093,311,940
37848,3597.98,0,0,1,0,38.99,1093,312,940
37898,3559.56,0,0,1,0,48.81,1093,314,940
37948,3575.69,0,0,0,0,-28.75,1093,315,940
37998,3545.26,0,0,1,0,42.40,1093,317,940
38048,3561.25,0,0,0,0,-7.59,1093,318,940
38098,3555.34,0,0,1,0,22.90,1093,319,940
38148,3598.85,0,0,1,0,34.01,1093,320,940
38198,3573.13,0,0,0,0,25.72,1093,321,940
38248,3610.98,0,0,0,0,34.19,1093,321,940
38298,3581.66,0,0,0,0,-44.09,1093,321,940
38348,3618.82,0,0,0,0,-44.09,1093,321,940
38398,3562.95,0,0,0,0,27.29,1093,321,940
38448,3624.94,0,0,0,0,-57.76,1093,321,940
38498,3582.52,0,0,0,0,-44.94,1093,321,940
38548,3629.32,0,0,0,0,-46.81,1093,321,940
38598,3603.17,0,0,0,0,-32.26,1093,321,940
38648,3643.43,0,0,-1,0,-38.53,1093,322,940
38699,3604.04,0,0,-1,0,-35.91,1093,323,940
38749,3652.30,0,0,-1,0,-36.97,1093,325,940
38799,3615.33,0,0,-1,0,-44.80,1093,326,940
38849,3652.30,0,0,-1,0,-36.97,1093,328,940
38899,3603.17,0,0,-1,0,-43.08,1093,329,940
38949,3652.30,0,0,-1,0,-38.71,1093,331,940
38999,3604.04,0,0,-1,0,-53.74,1093,332,940
39049,3643.43,0,0,-1,0,-41.12,1093,334,940
39099,3602.31,0,0,-1,0,-52.46,1093,335,940
39149,3610.11,0,0,-1,0,-52.46,1093,335,940
39199,3566.33,0,0,0,0,34.24,1093,335,940
39249,3576.54,0,0,0,0,-22.04,1093,336,940
39299,3554.50,0,0,1,0,33.16,1093,338,940
39349,3587.66,0,0,1,0,21.19,1093,339,940
39399,3553.66,0,0,1,0,45.19,1093,341,940
39449,3597.98,0,0,1,0,48.81,1093,342,940
39499,3573.13,0,0,0,0,26.58,1093,342,940
39549,3611.85,0,0,0,0,28.28,1093,342,940
39599,3586.80,0,0,0,0,33.60,1093,342,940
39649,3620.56,0,0,0,0,-26.89,1093,342,940
39699,3582.52,0,0,0,0,-46.15,1093,342,940
39749,3639.01,0,0,0,0,-46.20,1093,342,940
39799,3591.95,0,0,0,0,-22.62,1093,342,940
39849,3601.44,0,0,0,0,-34.74,1093,342,940
39899,3611.85,0,0,0,0,25.76,1093,342,940
39949,3629.32,0,0,0,0,-46.81,1105,342,947
39999,3583.37,0,0,0,0,-41.67,1105,342,947
40049,3639.01,0,0,0,0,-46.20,1105,343,947
40099,3586.80,0,0,0,0,-46.20,1105,343,947
40150,3610.98,0,0,0,0,-41.65,1105,343,947
40200,3571.43,0,0,0,0,50.89,1105,343,947
40250,3480.28,0,1,0,0,85.21,1106,343,947
40300,3406.77,0,2,0,0,249.98,1112,344,964
40350,3262.29,0,4,0,0,85.93,1122,344,964
40400,3188.78,1,5,0,0,-26.89,1136,344,964
40450,3177.97,0,5,0,0,-53.62,1147,344,964
40500,3101.74,0,6,0,0,52.84,1164,344,964
40550,3101.74,0,6,0,0,49.52,1175,344,964
40600,3171.92,0,5,0,0,135.69,1191,344,978
40650,3126.95,2,6,0,0,51.69,1208,344,978
40700,3145.31,0,5,0,0,40.08,1218,344,978
40750,3233.46,0,4,0,0,-71.57,1232,344,978
40800,3207.18,2,5,0,0,53.69,1246,344,978
40850,3234.15,0,4,0,0,53.88,1254,344,978
40900,3337.04,0,3,0,0,-64.79,1264,344,978
40950,3320.05,0,3,0,0,46.95,1273,344,978
41000,3427.79,0,2,0,0,-78.08,1280,344,978
41050,3409.09,1,2,0,0,51.12,1285,344,978
41100,3428.57,0,2,0,0,53.32,1288,344,978
41150,3521.95,0,1,0,0,92.50,1292,344,978
41200,3510.41,0,1,0,0,44.93,1294,345,978
41250,3597.98,0,0,1,0,34.46,1294,346,978
41300,3571.43,0,0,0,0,50.89,1294,347,978
41350,3657.64,0,0,-1,0,-63.97,1294,348,978
41400,3629.32,0,0,0,0,42.65,1294,348,978
41450,3695.49,0,-1,0,0,-54.71,1296,349,978
41500,3675.57,0,0,0,0,31.80,1297,350,978
41550,3735.06,0,-1,0,0,12.13,1299,351,978
41600,3771.69,-1,-2,0,0,-36.63,1312,351,999
41650,3724.86,0,-1,0,0,45.88,1316,351,999
41700,3797.47,0,-2,0,0,-62.41,1321,351,999
41750,3748.13,0,-1,0,0,49.34,1325,351,999
41800,3811.94,0,-2,0,0,-39.31,1331,351,999
41850,3772.64,0,-2,0,0,38.34,1337,351,999
41900,3823.60,0,-2,0,0,-38.59,1343,351,999
41950,3836.32,-2,-3,0,0,-51.31,1353,351,999
42000,3785.97,0,-2,0,0,64.14,1360,351,999
42050,3849.11,0,-3,0,0,-63.15,1368,351,999
42100,3816.79,0,-2,0,0,-0.97,1374,351,999
42150,3835.34,0,-3,0,0,-50.32,1381,351,999
42200,3773.58,0,-2,0,0,62.73,1388,351,999
42250,3810.98,0,-2,0,0,-56.28,1394,351,999
42300,3782.15,0,-2,0,0,102.86,1409,351,1024
42350,3736.92,0,-1,0,0,34.77,1413,351,1024
42400,3772.64,0,-2,0,0,-37.58,1418,351,1024
42450,3723.01,0,-1,0,0,35.45,1422,351,1024
42500,3759.40,0,-2,0,0,-47.45,1427,351,1024
42550,3699.14,0,-1,0,0,48.99,1430,351,1024
42600,3735.06,0,-1,0,0,-35.92,1433,351,1024
42650,3675.57,0,0,0,0,35.46,1435,351,1024
42700,3711.03,0,-1,0,0,-37.26,1437,351,1024
42750,3501.40,0,1,0,0,377.58,1442,351,1039
42800,3674.67,0,0,0,0,414.75,1450,351,1043
42850,3716.55,0,-1,0,0,180.57,1457,351,1080
42900,3613.59,0,0,-1,0,506.87,1468,352,1088
42950,3662.11,0,0,-1,0,-47.65,1468,354,1088
43000,3592.81,0,0,-1,0,-35.91,1468,355,1088
43051,3630.20,0,0,0,0,-36.53,1468,355,1088
43101,3587.66,0,0,0,0,-36.53,1468,355,1088
43151,3612.72,0,0,0,0,38.77,1468,355,1088
43201,3558.72,0,0,1,0,41.86,1468,356,1088
43251,3597.12,0,0,1,0,40.92,1468,357,1088
43301,3583.37,0,0,0,0,-11.03,1468,357,1088
43351,3553.66,0,0,1,0,44.32,1468,358,1088
43401,3606.64,0,-4,0,-4,-621.79,1475,358,1093
43451,3501.40,0,1,0,0,390.66,1482,358,1128
43501,3501.40,0,1,0,0,354.64,1488,358,1145
43551,3501.40,0,1,0,0,354.64,1493,358,1161
43601,3501.40,0,1,0,0,341.80,1498,358,1176
43651,3502.22,0,1,0,0,328.22,1502,358,1191
43701,3491.62,0,1,0,0,70.48,1504,358,1197
43751,3555.34,0,0,1,0,35.75,1505,359,1203
43801,3576.54,0,0,0,0,-29.60,1505,360,1203
43851,3511.24,0,1,0,0,32.35,1506,361,1203
43901,3546.94,0,0,1,0,-37.35,1507,363,1203
43951,3488.37,0,1,0,0,45.20,1509,364,1203
44001,3534.40,0,0,1,0,-35.45,1510,366,1203
44051,3488.37,0,1,0,0,57.73,1512,367,1203
44101,3503.85,0,1,0,0,-24.38,1514,368,1203
44151,3470.62,0,1,0,0,41.44,1517,368,1203
44201,3525.26,0,0,0,0,-43.37,1519,368,1203
44251,3523.61,0,0,0,0,-44.94,1520,368,1203
44301,3484.32,0,1,0,0,536.05,1532,368,1211
44351,3546.94,0,0,1,0,157.68,1536,369,1225
44401,3500.58,0,1,0,0,52.24,1538,370,1225
44451,3557.03,0,0,1,0,-53.18,1539,372,1225
44502,3522.78,0,1,0,0,34.25,1541,373,1225
44552,3579.95,0,0,0,0,-56.34,1541,373,1225
44602,3537.74,0,0,1,0,48.21,1541,375,1225
44652,3585.94,0,0,1,0,37.29,1541,376,1225
44702,3555.34,0,0,1,0,42.64,1541,378,1225
44752,3599.71,0,0,0,0,32.47,1541,378,1225
44802,3575.69,0,0,0,0,36.16,1541,378,1225
44852,3621.44,0,0,0,0,-50.01,1541,378,1225
44902,3592.81,0,0,0,0,-44.09,1541,378,1225
44952,3639.01,0,0,0,0,-56.49,1541,378,1225
45002,3592.81,0,0,-1,0,-58.48,1541,379,1225
45052,3647.86,0,0,-1,0,-55.91,1541,380,1225
45102,3603.17,0,0,0,0,-42.75,1541,380,1225
45152,3643.43,0,0,-1,0,-39.39,1541,382,1225
45202,3604.04,0,0,-1,0,-46.53,1541,383,1225
45252,3652.30,0,0,-1,0,-48.26,1541,385,1225
45302,3615.33,0,0,-1,0,-55.50,1541,386,1225
45352,3662.11,0,0,-1,0,-46.78,1541,388,1225
45402,3604.04,0,0,-1,0,-44.16,1541,389,1225
45452,3652.30,0,0,-1,0,-50.00,1541,391,1225
45502,3604.04,0,0,0,0,-39.28,1541,391,1225
45552,3647.86,0,0,-1,0,-53.32,1541,392,1225
45602,3582.52,0,0,0,0,-43.61,1541,392,1225
45652,3630.20,0,0,0,0,-48.54,1541,392,1225
45702,3582.52,0,0,0,0,-44.09,1541,392,1225
45752,3630.20,0,0,0,0,-48.54,1541,392,1225
45802,3581.66,0,0,0,0,-44.09,1541,392,1225
45852,3628.45,0,0,0,0,-45.93,1541,392,1225
45902,3580.81,0,0,0,0,-40.81,1541,392,1225
45952,3629.32,0,0,0,0,-35.65,1541,392,1225
46002,3587.66,0,0,0,0,-35.65,1541,392,1225
46052,3619.69,0,0,0,0,-35.53,1541,392,1225
46102,3567.18,0,0,0,0,33.39,1541,392,1225
46152,3609.24,0,0,0,0,33.39,1541,392,1225
46202,3567.18,0,0,0,0,45.53,1541,392,1225
46252,3600.58,0,0,0,0,43.80,1541,392,1225
46302,3571.43,0,0,0,0,50.89,1541,392,1225
46352,3611.85,0,0,0,0,26.57,1541,392,1225
46402,3577.39,0,0,0,0,34.46,1541,392,1225
46452,3623.19,0,0,0,0,-51.76,1541,392,1225
46502,3582.52,0,0,0,0,-32.91,1541,392,1225
46552,3639.01,0,0,0,0,-51.35,1541,392,1225
46602,3581.66,0,0,0,0,-39.07,1541,392,1225
46652,3639.01,0,0,0,0,-58.20,1541,392,1225
46702,3592.81,0,0,0,0,-38.23,1541,392,1225
46752,3639.01,0,0,0,0,-56.49,1541,392,1225
46802,3582.52,0,0,0,0,-38.23,1541,392,1225
46852,3620.56,0,0,0,0,-38.05,1541,392,1225
46902,3578.24,0,0,0,0,41.45,1541,392,1225
46952,3629.32,0,0,0,0,-45.95,1541,392,1225
47002,3571.43,0,0,0,0,52.64,1541,392,1225
47052,3611.85,0,0,0,0,40.36,1541,392,1225
47102,3575.69,0,0,0,0,36.16,1541,392,1225
47152,3619.69,0,0,0,0,-46.63,1541,392,1225
47202,3593.67,0,0,0,0,-48.52,1541,392,1225
47252,3639.01,0,0,0,0,-56.49,1541,392,1225
47302,3582.52,0,0,0,0,-56.36,1541,392,1225
47352,3619.69,0,0,0,0,-51.20,1541,392,1225
47403,3582.52,0,0,0,0,-49.23,1541,392,1225
47453,3610.98,0,0,0,0,-51.20,1541,392,1225
47503,3568.88,0,0,0,0,42.97,1541,392,1225
47553,3624.06,0,0,0,0,-46.67,1541,392,1225
47603,3568.03,0,0,0,0,43.82,1541,392,1225
47653,3623.19,0,0,0,0,-44.94,1541,392,1225
47703,3577.39,0,0,0,0,35.33,1541,392,1225
47753,3630.20,0,0,0,0,-45.97,1541,392,1225
47803,3571.43,0,0,0,0,51.76,1541,392,1225
47853,3630.20,0,0,0,0,-47.69,1541,392,1225
47903,3593.67,0,0,0,0,-40.81,1541,392,1225
47953,3639.01,0,0,0,0,-58.20,1541,392,1225
48003,3582.52,0,0,0,0,-47.92,1541,392,1225
48053,3638.13,0,0,0,0,-45.31,1541,393,1225
48103,3593.67,0,0,0,0,-41.67,1541,393,1225
48153,3648.75,0,0,-1,0,-65.37,1541,394,1225
48203,3583.37,0,0,0,0,-45.95,1541,394,1225
48253,3620.56,0,0,0,0,-38.90,1541,394,1225
48303,3586.80,0,0,0,0,41.47,1541,394,1225
48353,3630.20,0,0,0,0,-49.40,1541,394,1225
48403,3582.52,0,0,0,0,-42.36,1541,394,1225
48453,3630.20,0,0,0,0,-48.54,1541,394,1225
48503,3582.52,0,0,0,0,-54.62,1541,394,1225
48553,3639.89,0,0,0,0,-57.38,1541,394,1225
48603,3603.17,0,0,0,0,-50.49,1541,394,1225
48653,3639.01,0,0,0,0,-45.34,1541,394,1225
48703,3593.67,0,0,0,0,-50.49,1541,394,1225
48753,3639.01,0,0,0,0,-47.92,1541,395,1225
48803,3591.95,0,0,0,0,-48.75,1541,395,1225
48854,3610.98,0,0,0,0,38.61,1541,395,1225
48904,3570.58,0,0,0,0,53.49,1541,395,1225
48954,3663.90,0,0,-1,0,-121.15,1541,397,1225
49004,3580.81,0,0,0,0,-48.35,1541,397,1225
49054,3624.06,0,0,0,0,-46.67,1541,397,1225
49104,3576.54,0,0,0,0,36.18,1541,397,1225
49154,3611.85,0,0,0,0,35.29,1541,397,1225
49204,3571.43,0,0,0,0,50.89,1541,397,1225
49254,3630.20,0,0,0,0,-49.40,1541,397,1225
49304,3572.28,0,0,0,0,50.03,1541,397,1225
49354,3741.58,-8,-1,0,-10,-266.14,1543,397,1235
49404,3582.52,0,0,0,0,-57.13,1543,397,1235
49454,3623.19,0,0,0,0,-53.46,1543,397,1235
49504,3567.18,0,0,0,0,43.80,1543,397,1235
49554,3612.72,0,0,0,0,52.61,1543,397,1235
49604,3578.24,0,0,0,0,32.73,1543,397,1235
49654,3611.85,0,0,0,0,44.64,1543,397,1235
49704,3560.41,0,0,0,0,62.78,1543,397,1235
49754,3603.17,0,0,0,0,42.08,1543,397,1235
49804,3611.85,0,0,0,0,26.63,1543,397,1235
49854,3560.41,0,0,0,0,580.95,1555,397,1242
49904,3617.07,0,-6,0,-6,-863.22,1566,397,1249
49954,3559.56,0,0,1,0,502.18,1577,398,1255
50004,3606.64,0,-5,0,-4,-718.21,1586,398,1260
50054,3584.23,0,-4,0,-4,-690.33,1594,398,1264
50104,3625.82,0,0,0,0,87.06,1596,398,1271
50154,3600.58,0,-1,0,-10,-261.55,1598,398,1281
50204,3502.22,0,1,0,0,333.12,1604,398,1297
50254,3501.40,0,1,0,0,393.69,1609,398,1314
50304,3652.30,0,0,-1,0,309.66,1615,399,1317
50354,3502.22,0,1,0,0,313.60,1619,399,1332
50404,3501.40,0,1,0,0,379.58,1624,399,1349
50454,3594.54,0,-4,0,-3,-528.66,1629,399,1352
50504,3627.57,0,0,0,0,394.96,1638,399,1357
50554,3570.58,0,0,0,0,483.48,1647,399,1364
50604,3573.13,0,0,0,0,356.66,1655,399,1369
50654,3545.26,0,0,1,0,43.26,1655,401,1369
50704,3598.85,0,0,1,0,30.66,1655,402,1369
50754,3568.03,0,0,0,0,39.47,1655,402,1369
50804,3589.38,0,0,0,0,28.98,1655,402,1369
50854,3562.95,0,0,0,0,34.18,1655,403,1369
50904,3597.98,0,0,1,0,46.05,1655,404,1369
50954,3553.66,0,0,1,0,34.00,1655,406,1369
51004,3608.37,0,0,1,0,42.72,1655,407,1369
51054,3568.03,0,0,0,0,33.41,1655,407,1369
51104,3598.85,0,0,1,0,54.84,1655,408,1369
51154,3563.79,0,0,0,0,35.06,1655,409,1369
51204,3612.72,0,0,0,0,34.46,1655,409,1369
51254,3581.66,0,0,0,0,-45.80,1655,409,1369
51304,3629.32,0,0,0,0,-42.52,1655,409,1369
51354,3604.90,0,0,0,0,-28.74,1655,409,1369
51404,3642.54,0,0,-1,0,-39.37,1655,410,1369
51454,3603.17,0,0,0,0,-26.22,1655,410,1369
51504,3643.43,0,0,-1,0,-39.39,1655,411,1369
51554,3604.04,0,0,-1,0,-63.11,1655,412,1369
51604,3992.55,0,-5,0,0,41052.50,2198,413,10578
51654,3603.17,0,0,-1,0,-24.67,2198,414,10578
51704,3633.72,0,0,0,0,-30.55,2198,414,10578
51755,3592.81,0,0,0,0,-50.49,2198,414,10578
51805,3616.20,0,0,0,0,-29.61,2198,414,10578
51855,3575.69,0,0,0,0,35.29,2198,414,10578
51905,3600.58,0,0,0,0,35.07,2198,414,10578
51955,3559.56,0,0,1,0,50.55,2198,415,10578
52005,3574.83,0,0,0,0,-40.43,2198,416,10578
52055,3534.40,0,0,1,0,40.43,2198,418,10578
52105,3574.83,0,0,0,0,-37.93,2198,419,10578
52155,3481.09,0,1,0,0,40.04,2200,420,10578
52205,3536.07,0,0,1,0,-42.82,2201,421,10578
52255,3503.04,0,1,0,0,19.74,2204,421,10578
52305,3534.40,0,0,1,0,-35.45,2205,423,10578
52355,3509.59,0,1,0,0,35.67,2207,424,10578
52406,3557.03,0,0,1,0,-46.62,2208,426,10578
52456,3532.74,0,0,1,0,22.61,2209,428,10578
52506,3522.78,0,1,0,0,40.16,2210,428,10578
52556,3573.13,0,0,0,0,383.61,2218,428,10583
52606,3705.53,0,-1,0,0,-28.16,2223,428,10608
52656,3601.44,0,-1,0,-11,-283.70,2226,428,10619
52706,3578.24,0,0,0,0,36.21,2226,428,10619
52756,3612.72,0,0,0,0,35.28,2226,428,10619
52806,3577.39,0,0,0,0,32.72,2226,428,10619
52856,3639.01,0,0,0,0,-53.92,2226,428,10619
52907,3593.67,0,0,0,0,-33.85,2226,428,10619
52957,3630.20,0,0,0,0,-39.11,2226,428,10619
53007,3595.40,0,0,0,0,-39.20,2226,428,10619
53057,3639.01,0,0,0,0,-45.34,2226,428,10619
53107,3604.04,0,0,-1,0,-76.80,2226,429,10619
53157,3649.63,0,0,-1,0,73.37,2227,431,10624
53207,3579.10,0,0,0,0,222.22,2231,431,10638
53257,3618.82,0,0,0,0,222.22,2231,431,10638
53307,3575.69,0,0,0,0,34.42,2231,431,10638
53357,3578.24,0,0,0,0,-9.36,2231,431,10638
53407,3598.85,0,0,1,0,5.02,2231,433,10638
53457,3585.94,0,0,1,0,41.60,2231,434,10638
53507,3532.74,0,0,1,0,31.06,2231,436,10638
53557,3576.54,0,0,0,0,-32.11,2231,437,10638
53607,3544.42,0,0,1,0,43.23,2231,439,10638
53657,3587.66,0,0,1,0,31.46,2231,440,10638
53707,3555.34,0,0,1,0,41.78,2231,442,10638
53757,3599.71,0,0,0,0,20.45,2231,442,10638
53807,3583.37,0,0,0,0,-12.72,2231,443,10638
53857,3598.85,0,0,1,0,40.88,2231,444,10638
53907,3567.18,0,0,0,0,33.39,2231,444,10638
53957,3611.85,0,0,0,0,40.34,2231,444,10638
54007,3576.54,0,0,0,0,43.15,2231,444,10638
54057,3629.32,0,0,0,0,-46.81,2231,444,10638
54107,3594.54,0,0,0,0,-42.52,2231,444,10638
54157,3629.32,0,0,0,0,-35.65,2231,444,10638
54207,3573.98,0,0,0,0,45.71,2231,444,10638
54257,3620.56,0,0,0,0,-38.90,2231,444,10638
54307,3582.52,0,0,0,0,-55.50,2231,444,10638
54358,3565.49,0,0,0,0,-5.92,2231,445,10638
54408,3534.40,0,0,1,0,33.63,2232,446,10638
54458,3575.69,0,0,0,0,-29.59,2232,447,10638
54508,3534.40,0,0,1,0,30.24,2232,449,10638
54558,3579.10,0,0,0,0,-56.32,2233,449,10638
54608,3586.80,0,0,1,0,-20.04,2233,450,10638
54658,3610.11,0,0,1,0,31.47,2233,451,10638
54708,3568.03,0,0,0,0,41.21,2233,452,10638
54758,3623.19,0,0,0,0,-47.50,2233,452,10638
54808,3582.52,0,0,0,0,-44.94,2233,452,10638
54858,3612.72,0,0,0,0,28.35,2233,452,10638
54908,3578.24,0,0,0,0,41.45,2233,452,10638
54958,3589.38,0,0,0,0,22.16,2233,452,10638
55008,3601.44,0,0,0,0,20.50,2233,452,10638
55058,3582.52,0,-6,0,-6,-907.55,2244,452,10645
55108,3628.45,0,0,0,0,462.09,2255,452,10652
55158,3593.67,0,-6,0,-6,-946.44,2266,452,10660
55208,3591.95,0,0,0,0,509.22,2278,452,10667
55258,3593.67,0,0,0,0,-40.01,2278,452,10667
55308,3617.94,0,-4,0,-4,-613.13,2285,452,10681
55358,3594.54,0,-5,0,-4,-725.19,2294,452,10685
55408,3627.57,0,0,0,0,410.12,2303,452,10690
55459,3641.66,0,0,-1,0,-35.89,2313,453,10697
55510,3580.81,0,0,0,0,-25.17,2313,453,10697
55560,3620.56,0,0,0,0,-38.05,2313,453,10697
55610,3593.67,0,0,0,0,-32.05,2313,453,10697
55660,3610.11,0,0,0,0,-28.64,2313,453,10697
55710,3577.39,0,0,0,0,34.46,2313,453,10697
55760,3599.71,0,0,0,0,33.35,2313,453,10697
55810,3600.58,0,0,0,0,31.68,2313,453,10697
55860,3570.58,0,0,0,0,497.77,2324,453,10704
55910,3604.90,0,-5,0,-5,-770.30,2333,453,10710
55960,3562.10,0,0,0,0,417.74,2341,453,10714
56010,3501.40,0,1,0,0,359.60,2348,453,10745
56060,3568.03,0,0,0,0,247.79,2351,453,10759
56110,3591.09,0,-1,0,-11,-289.77,2354,453,10770
56160,3533.57,0,0,1,0,38.71,2354,455,10770
56210,3523.61,0,0,0,0,-24.66,2355,456,10770
56260,3498.95,0,1,0,0,36.28,2357,457,10770
56310,3544.42,0,0,1,0,-43.84,2358,459,10770
56360,3498.95,0,1,0,0,47.15,2360,460,10770
56410,3556.19,0,0,1,0,-44.95,2361,462,10770
56460,3521.95,0,1,0,0,46.08,2363,462,10770
56510,3545.26,0,0,1,0,-34.02,2364,463,10770
56560,3520.30,0,1,0,0,24.96,2366,464,10770
56610,3520.30,0,1,0,0,1.65,2368,464,10770
56660,3533.57,0,0,1,0,31.07,2368,465,10770
56710,3576.54,0,0,0,0,-32.11,2368,466,10770
56760,3532.74,0,0,1,0,43.80,2368,468,10770
56810,3576.54,0,0,0,0,-22.04,2368,469,10770
56860,3587.66,0,0,1,0,35.46,2368,470,10770
56910,3559.56,0,0,1,0,494.49,2378,471,10776
56960,3605.77,0,-5,0,-4,-740.55,2387,471,10781
57010,3568.88,0,0,0,0,155.05,2389,471,10791
57060,3615.33,0,-1,0,-4,-174.34,2391,471,10795
57110,3580.81,0,0,-1,0,-128.94,2391,472,10795
57160,3615.33,0,0,-1,0,-82.18,2391,473,10795
57210,3585.09,0,0,0,0,-117.70,2391,474,10795
57260,3615.33,0,0,-1,0,-130.78,2391,475,10795
57310,3586.80,0,0,0,0,38.79,2391,475,10795
57360,3578.24,0,0,0,0,1.71,2391,475,10795
57410,3553.66,0,0,1,0,28.86,2391,477,10795
57460,3598.85,0,0,1,0,35.65,2391,478,10795
57510,3553.66,0,0,1,0,34.00,2391,480,10795
57560,3609.24,0,0,1,0,44.37,2391,481,10795
57610,3568.03,0,0,0,0,40.34,2391,482,10795
57660,3611.85,0,0,0,0,25.76,2391,482,10795
57710,3568.03,0,0,0,0,32.55,2391,482,10795
57760,3611.85,0,0,0,0,42.08,2391,482,10795
57810,3575.69,0,0,0,0,36.16,2391,482,10795
57860,3604.04,0,0,-1,0,-124.79,2391,484,10795
57910,3575.69,0,0,0,0,24.89,2391,484,10795
57960,3611.85,0,0,0,0,42.95,2391,484,10795
58010,3568.88,0,0,0,0,43.84,2391,484,10795
58060,3624.06,0,0,0,0,-53.49,2391,484,10795
58110,3582.52,0,0,0,0,-44.07,2391,484,10795
58160,3601.44,0,0,0,0,46.41,2391,484,10795
58210,3571.43,0,0,0,0,51.76,2391,484,10795
58260,3630.20,0,0,0,0,-46.83,2391,484,10795
58310,3587.66,0,0,0,0,-46.83,2391,484,10795
58360,3620.56,0,0,0,0,-38.90,2391,484,10795
58411,3593.67,0,0,0,0,-43.22,2391,484,10795
58461,3638.13,0,0,0,0,-44.45,2391,484,10795
58511,3592.81,0,0,-1,0,-49.01,2391,485,10795
58561,3639.01,0,0,0,0,-56.49,2391,485,10795
58611,3577.39,0,0,0,0,24.05,2391,485,10795
58661,3624.06,0,0,0,0,-47.53,2391,485,10795
58711,3586.80,0,0,0,0,47.53,2391,485,10795
58761,3620.56,0,0,0,0,-38.05,2391,485,10795
58811,3583.37,0,0,0,0,-40.81,2391,485,10795
58861,3623.19,0,0,0,0,-52.61,2391,485,10795
58911,3587.66,0,0,0,0,-52.61,2391,485,10795
58961,3639.01,0,0,0,0,-47.06,2391,485,10795
59011,3577.39,0,0,0,0,32.72,2391,485,10795
59061,3610.98,0,0,0,0,-44.92,2391,485,10795
59111,3583.37,0,0,0,0,-49.40,2391,485,10795
59161,3628.45,0,0,0,0,-34.77,2391,485,10795
59211,3592.81,0,0,0,0,-40.81,2391,485,10795
59261,3629.32,0,0,0,0,-35.65,2391,485,10795
59311,3593.67,0,0,0,0,-41.67,2391,485,10795
59361,3629.32,0,0,0,0,-35.65,2391,485,10795
59411,3582.52,0,0,0,0,-41.69,2391,485,10795
59461,3589.38,0,0,0,0,23.83,2391,485,10795
59511,3553.66,0,0,1,0,45.19,2391,487,10795
59561,3600.58,0,0,0,0,41.19,2391,487,10795
59611,3577.39,0,0,0,0,32.72,2391,487,10795
59661,3610.98,0,0,0,0,-44.92,2391,487,10795
59711,3577.39,0,0,0,0,31.85,2391,487,10795
59761,3619.69,0,0,0,0,31.85,2391,487,10795
59811,3583.37,0,0,0,0,-42.48,2391,487,10795
59862,3610.98,0,0,0,0,-48.59,2391,487,10795
59912,3563.79,0,0,0,0,35.92,2391,487,10795
59962,3610.98,0,0,0,0,34.21,2391,487,10795
60012,3568.03,0,0,0,0,43.82,2391,487,10795
60062,3619.69,0,0,0,0,-55.16,2391,487,10795
60112,3582.52,0,0,0,0,-32.05,2391,487,10795
60162,3629.32,0,0,0,0,-46.81,2391,487,10795
60212,3577.39,0,0,0,0,23.19,2391,487,10795
60262,3611.85,0,0,0,0,33.54,2391,487,10795
60312,3576.54,0,0,0,0,33.57,2391,487,10795
60362,3624.06,0,0,0,0,-46.67,2391,487,10795
60412,3580.81,0,0,0,0,-44.97,2391,487,10795
60462,3639.89,0,0,0,0,-56.52,2391,487,10795
60512,3571.43,0,0,0,0,51.76,2391,487,10795
60562,3629.32,0,0,0,0,-35.65,2391,487,10795
60612,3582.52,0,0,0,0,-41.67,2391,487,10795
60662,3612.72,0,0,0,0,36.14,2391,487,10795
60712,3593.67,0,0,0,0,-38.90,2391,487,10795
60762,3639.01,0,0,0,0,-45.34,2391,487,10795
60812,3591.09,0,0,-1,0,-32.45,2391,488,10795
60862,3623.19,0,0,0,0,-51.76,2391,488,10795
60912,3581.66,0,0,0,0,-45.80,2391,488,10795
60962,3618.82,0,0,0,0,-42.40,2391,488,10795
61012,3593.67,0,0,0,0,-47.92,2391,488,10795
61062,3659.43,0,0,-1,0,-99.87,2391,490,10795
61112,3593.67,0,0,0,0,-35.65,2391,490,10795
61162,3629.32,0,0,0,0,-42.52,2391,490,10795
61212,3593.67,0,0,0,0,-40.81,2391,490,10795
61262,3633.72,0,0,0,0,-30.55,2391,490,10795
61312,3591.95,0,0,0,0,-42.54,2391,490,10795
61362,3639.01,0,0,0,0,-45.34,2391,490,10795
61412,3603.17,0,0,-1,0,-50.76,2391,491,10795
61462,3641.66,0,0,-1,0,-39.36,2391,493,10795
61512,3614.46,0,0,-1,0,-47.42,2391,494,10795
61562,3662.11,0,0,-1,0,-46.78,2391,496,10795
61612,3603.17,0,0,-1,0,-25.47,2391,497,10795
61662,3601.44,0,0,0,0,-29.67,2391,497,10795
61712,3566.33,0,0,0,0,34.24,2391,497,10795
61762,3610.98,0,0,0,0,31.86,2391,497,10795
61812,3499.77,0,1,0,0,43.82,2392,498,10795
61862,3560.41,0,0,0,0,-49.99,2393,499,10795
61912,3567.18,0,0,0,0,-49.36,2394,499,10795
61962,3512.88,0,1,0,0,121.72,2397,499,10802
62012,3557.03,0,0,1,0,-38.38,2398,501,10802
62062,3523.61,0,0,0,0,41.03,2399,501,10802
62112,3568.03,0,0,0,0,-47.73,2400,502,10802
62162,3533.57,0,0,1,0,34.46,2401,503,10802
62212,3577.39,0,0,0,0,-41.32,2401,504,10802
62262,3477.86,0,1,0,0,98.68,2402,505,10802
62312,3587.66,0,0,1,0,94.29,2402,507,10806
62362,3563.79,0,0,0,0,23.87,2402,508,10806
62412,3611.85,0,0,0,0,36.77,2402,508,10806
62462,3568.88,0,0,0,0,41.23,2402,508,10806
62512,3600.58,0,0,0,0,24.72,2402,508,10806
62562,3566.33,0,0,0,0,34.24,2402,508,10806
62612,3610.98,0,0,0,0,25.72,2402,508,10806
62662,3512.06,0,1,0,0,88.52,2403,508,10806
62712,3623.19,0,0,0,0,-53.46,2403,508,10808
62763,3593.67,0,0,0,0,-46.67,2403,508,10808
62813,3620.56,0,0,0,0,-38.05,2403,508,10808
62863,3592.81,0,0,0,0,-39.09,2403,508,10808
62913,3639.01,0,0,0,0,-45.34,2403,508,10808
62963,3604.04,0,0,0,0,-40.16,2403,508,10808
63013,3633.72,0,0,0,0,-30.55,2403,508,10808
63063,3591.09,0,0,0,0,-38.42,2403,508,10808
63113,3598.85,0,0,1,0,37.45,2403,509,10808
63163,3568.03,0,0,0,0,42.95,2403,509,10808
63213,3601.44,0,0,0,0,42.95,2403,509,10808
63263,3576.54,0,0,0,0,24.04,2403,509,10808
63313,3624.06,0,0,0,0,-46.67,2403,509,10808
63363,3582.52,0,0,0,0,-46.67,2403,509,10808
63413,3619.69,0,0,0,0,-49.44,2403,509,10808
63463,3577.39,0,0,0,0,35.33,2403,509,10808
63513,3611.85,0,0,0,0,51.76,2403,509,10808
63563,3576.54,0,0,0,0,43.15,2403,509,10808
63613,3544.42,0,0,1,0,27.00,2403,510,10808
63663,3531.90,0,0,1,0,25.13,2404,512,10808
63713,3575.69,0,0,0,0,-42.12,2404,513,10808
63763,3554.50,0,0,1,0,22.04,2404,515,10808
63813,3598.85,0,0,1,0,34.86,2404,516,10808
63863,3577.39,0,0,0,0,34.46,2404,516,10808
63913,3620.56,0,0,0,0,-38.05,2404,516,10808
63963,3630.20,0,0,0,0,-41.69,2404,516,10808
64013,3582.52,0,-5,0,-4,-745.57,2413,516,10813
64063,3629.32,0,0,0,0,380.30,2422,516,10817
64113,3592.81,0,-6,0,-5,-823.40,2432,516,10824
64163,3593.67,0,-6,0,-5,-829.90,2442,516,10829
64214,3562.10,0,0,0,0,444.31,2451,516,10834
64264,3605.77,0,-4,0,-4,-632.66,2458,516,10839
64314,3641.66,0,0,-1,0,109.28,2462,517,10866
64364,3590.23,0,-2,0,-14,-348.03,2466,517,10880
64414,3557.03,0,0,1,0,187.35,2469,518,10892
64464,3569.73,0,0,0,0,78.13,2470,519,10892
64514,3521.95,0,1,0,0,26.66,2471,521,10892
64564,3503.04,0,1,0,0,-3.27,2473,522,10892
64614,3469.81,0,1,0,0,43.07,2476,522,10892
64664,3513.70,0,1,0,0,-33.43,2479,522,10892
64714,3489.18,0,1,0,0,46.05,2481,523,10892
64764,3544.42,0,0,1,0,-55.24,2482,525,10892
64814,3498.95,0,1,0,0,36.28,2484,526,10892
64864,3555.34,0,0,1,0,-54.76,2485,528,10892
64914,3522.78,0,1,0,0,45.25,2487,528,10892
64964,3579.10,0,0,0,0,-56.32,2488,528,10892
65014,3555.34,0,0,1,0,21.19,2488,530,10892
65064,3598.85,0,0,1,0,32.30,2488,531,10892
65114,3591.95,0,0,0,0,38.44,2488,531,10892
65164,3501.40,0,1,0,0,361.59,2495,531,10923
65214,3602.31,0,-2,0,-14,-356.90,2498,531,10937
65264,3501.40,0,1,0,0,306.67,2503,531,10953
65314,3603.17,0,-1,0,-5,-184.50,2505,531,10958
65364,3559.56,0,0,1,0,128.66,2507,532,10964
65414,3593.67,0,0,0,0,-69.49,2507,533,10964
65464,3548.62,0,0,1,0,54.55,2507,534,10964
65514,3589.38,0,0,1,0,36.56,2507,535,10964
65564,3563.79,0,0,0,0,35.06,2507,536,10964
65614,3587.66,0,0,0,0,35.92,2507,536,10964
65664,3499.77,0,1,0,0,42.98,2508,538,10964
65714,3545.26,0,0,1,0,-34.85,2509,540,10964
65764,3509.59,0,1,0,0,35.67,2511,541,10964
65814,3557.03,0,0,1,0,-46.62,2512,543,10964
65864,3521.95,0,1,0,0,35.08,2513,544,10964
65914,3577.39,0,0,0,0,-32.13,2513,545,10964
65964,3546.10,0,0,1,0,51.89,2513,547,10964
66014,3598.85,0,0,0,0,33.33,2513,547,10964
66064,3575.69,0,0,0,0,37.03,2513,547,10964
66114,3618.82,0,0,0,0,37.03,2513,547,10964
66164,3591.95,0,0,0,0,-35.48,2513,547,10964
66214,3639.01,0,0,0,0,-45.34,2513,547,10964
66264,3604.04,0,0,-1,0,-50.76,2513,548,10964
66314,3622.31,0,0,0,0,-19.14,2513,549,10964
66364,3591.95,0,0,0,0,-47.53,2513,549,10964
66414,3627.57,0,0,0,0,-33.89,2513,549,10964
66464,3604.90,0,0,0,0,-39.30,2513,549,10964
66514,3642.54,0,0,-1,0,-37.64,2513,550,10964
66564,3613.59,0,0,-1,0,-35.91,2513,551,10964
66614,3652.30,0,0,-1,0,-36.97,2513,553,10964
66664,3604.04,0,0,-1,0,-23.74,2513,554,10964
66714,3660.32,0,0,-1,0,-56.29,2513,556,10964
66764,3604.04,0,0,-1,0,-47.40,2513,557,10964
66814,3643.43,0,0,-1,0,-28.10,2513,559,10964
66864,3603.17,0,0,-1,0,-35.93,2513,560,10964
66914,3610.11,0,0,0,0,-28.79,2513,560,10964
66964,3577.39,0,0,0,0,33.59,2513,560,10964
67014,3620.56,0,0,0,0,-39.76,2513,560,10964
67064,3582.52,0,0,0,0,-58.94,2513,560,10964
67115,3626.69,0,0,0,0,-33.88,2513,560,10964
67165,3580.81,0,0,0,0,-28.74,2513,560,10964
67215,3630.20,0,0,0,0,-47.69,2513,560,10964
67265,3534.40,0,0,1,0,31.08,2513,561,10964
67315,3585.94,0,0,1,0,41.30,2513,562,10964
67365,3536.90,0,0,1,0,49.04,2513,564,10964
67415,3575.69,0,0,0,0,-30.42,2513,565,10964
67465,3555.34,0,0,1,0,41.78,2513,567,10964
67515,3587.66,0,0,1,0,38.99,2513,568,10964
67565,3563.79,0,0,0,0,35.06,2513,569,10964
67615,3624.06,0,0,0,0,-56.88,2513,569,10964
67665,3586.80,0,0,0,0,44.97,2513,569,10964
67715,3601.44,0,0,0,0,44.97,2513,569,10964
67765,3568.03,0,0,0,0,44.69,2513,569,10964
67815,3589.38,0,0,0,0,32.73,2513,569,10964
67865,3600.58,0,0,0,0,21.35,2513,569,10964
67915,3571.43,0,0,0,0,584.85,2525,569,10972
67965,3617.07,0,-6,0,-6,-920.81,2536,569,10980
68015,3570.58,0,0,0,0,534.51,2547,569,10987
68065,3612.72,0,-2,0,-13,-343.40,2551,569,11000
68115,3568.03,0,0,0,0,215.07,2555,569,11014
68165,3591.95,0,-1,0,-8,-221.24,2557,569,11022
68215,3559.56,0,0,1,0,93.63,2558,571,11022
68265,3542.75,0,0,1,0,0.00,2558,573,11022
68315,3499.77,0,1,0,0,49.69,2560,574,11022
68365,3546.94,0,0,1,0,-47.99,2561,576,11022
68415,3500.58,0,1,0,0,45.52,2563,577,11022
68465,3557.03,0,0,1,0,-47.44,2564,579,11022
68515,3520.30,0,1,0,0,36.73,2566,580,11022
68566,3557.87,0,0,1,0,-34.27,2566,581,11022
68616,3531.07,0,0,1,0,26.80,2567,583,11022
68666,3587.66,0,0,1,0,34.45,2567,584,11022
68716,3545.26,0,0,1,0,43.26,2567,586,11022
68766,3600.58,0,0,0,0,35.90,2567,586,11022
68816,3568.88,0,0,0,0,42.10,2567,586,11022
68866,3612.72,0,0,0,0,45.53,2567,586,11022
68916,3578.24,0,0,0,0,41.45,2567,586,11022
68966,3620.56,0,0,0,0,-39.76,2567,586,11022
69016,3582.52,0,0,0,0,-47.53,2567,586,11022
69066,3630.20,0,0,0,0,-45.12,2567,586,11022
69116,3604.90,0,0,0,0,-30.51,2567,586,11022
69166,3648.75,0,0,-1,0,-55.07,2567,587,11022
69216,3604.04,0,0,-1,0,-50.74,2567,588,11022
69266,3559.56,0,0,1,0,42.74,2567,590,11022
69316,3521.95,0,1,0,0,43.53,2568,591,11022
69366,3585.94,0,0,1,0,42.99,2568,592,11022
69416,3460.21,0,1,0,0,32.23,2570,592,11022
69466,3469.81,0,1,0,0,40.60,2572,592,11022
69516,3531.07,0,0,1,0,26.80,2573,594,11022
69566,3439.58,0,2,0,0,23.03,2577,594,11022
69616,3503.04,0,1,0,0,-42.83,2580,594,11022
69666,3482.70,0,1,0,0,40.91,2582,594,11022
69716,3513.70,0,1,0,0,-54.29,2585,594,11022
69766,3498.95,0,1,0,0,35.45,2587,595,11022
69816,3556.19,0,0,1,0,-46.60,2588,597,11022
69866,3522.78,0,1,0,0,43.55,2590,597,11022
69916,3598.85,0,0,1,0,33.82,2590,598,11022
69966,3554.50,0,0,1,0,43.48,2590,600,11022
70016,3531.07,0,0,1,0,28.49,2590,602,11022
70066,3439.58,0,2,0,0,28.63,2593,602,11022
70116,3300.33,0,3,0,0,148.74,2601,602,11024
70166,3179.99,0,5,0,0,27.20,2615,602,11024
70216,3092.15,0,6,0,0,26.36,2627,602,11024
70266,2948.11,0,8,0,0,71.21,2649,602,11024
70316,2859.32,0,9,0,0,57.26,2666,602,11024
70366,2742.23,10,11,0,0,34.00,2697,602,11024
70416,2663.35,9,12,0,3,20.01,2720,602,11037
70466,2572.90,7,13,0,4,27.66,2745,602,11051
70516,2488.39,6,14,0,4,25.86,2773,602,11065
70566,2405.39,7,15,0,4,27.70,2803,602,11077
70616,2321.98,10,16,0,4,26.17,2835,602,11089
70666,2244.16,12,17,0,2,19.64,2869,602,11099
70716,2167.00,19,18,0,2,15.45,2905,602,11110
70766,2103.79,5,19,0,9,63.22,2924,602,11119
70816,2060.72,2,20,0,-3,-29.03,2964,602,11131
70866,1950.59,26,21,0,9,69.62,3005,602,11145
70916,1899.94,6,22,0,6,50.65,3027,602,11151
70966,1854.14,19,22,0,5,43.15,3071,602,11156
71016,1793.83,6,23,0,7,60.31,3094,602,11163
71066,1717.43,31,24,0,7,64.05,3141,602,11171
71116,1703.96,25,24,0,1,13.46,3165,602,11172
71166,1643.30,31,25,0,6,60.67,3190,602,11178
71216,1568.22,32,26,0,6,63.64,3241,602,11185
71266,1557.15,27,26,0,1,11.07,3267,602,11186
71316,1490.46,33,27,0,6,66.69,3294,602,11192
71366,1482.07,27,27,0,0,8.39,3321,602,11192
71416,1406.73,29,28,0,1,10.90,3377,602,11199
71467,1342.40,34,29,0,5,64.33,3406,602,11204
71517,1331.91,29,29,0,0,10.49,3435,602,11204
71567,1266.57,35,30,0,5,65.34,3465,602,11209
71617,1258.81,30,30,0,0,7.76,3495,602,11209
71667,1190.57,36,31,0,5,68.24,3526,602,11214
71717,1184.93,31,31,0,0,5.64,3557,602,11214
71767,1113.17,37,32,0,5,71.76,3589,602,11219
71817,1109.71,32,32,0,0,3.46,3621,602,11219
71867,1042.10,37,33,0,4,67.61,3654,602,11223
71917,1042.10,37,33,0,4,67.61,3654,602,11223
71967,1033.41,33,33,0,0,8.69,3687,602,11223
72017,967.37,38,34,0,4,66.05,3721,602,11227
72067,952.86,34,34,0,0,14.50,3755,602,11227
72117,873.97,39,35,0,4,78.89,3790,602,11231
72167,873.97,39,35,0,4,78.89,3790,602,11231
72217,872.75,35,35,0,0,1.22,3825,602,11231
72267,790.56,40,36,0,4,82.20,3861,602,11235
72317,790.56,40,36,0,4,82.20,3861,602,11235
72367,787.73,36,36,0,0,2.82,3897,602,11235
72417,787.73,36,36,0,0,2.82,3897,602,11235
72467,719.42,40,37,0,3,68.31,3934,602,11238
72517,694.80,38,37,0,1,24.63,3971,602,11239
72567,694.80,38,37,0,1,24.63,3971,602,11239
72617,620.19,41,38,0,3,74.60,4009,602,11242
72667,620.19,41,38,0,3,74.60,4009,602,11242
72717,591.25,40,39,0,1,28.94,4048,602,11243
72767,591.25,40,39,0,1,28.94,4048,602,11243
72817,591.25,40,39,0,1,28.94,4048,602,11243
72867,504.61,42,40,0,2,86.64,4088,602,11245
72918,504.61,42,40,0,2,86.64,4088,602,11245
72968,464.02,41,40,0,1,40.59,4128,602,11246
73018,464.02,41,40,0,1,40.59,4128,602,11246
73068,464.02,41,40,0,1,40.59,4128,602,11246
73118,464.02,41,40,0,1,40.59,4128,602,11246
73168,349.35,44,42,0,2,114.67,4170,602,11248
73218,349.35,44,42,0,2,114.67,4170,602,11248
73268,349.35,44,42,0,2,114.67,4170,602,11248
73318,349.35,44,42,0,2,114.67,4170,602,11248
74151,58.48,-44,42,0,2,114.67,4170,602,11248
74201,58.48,-44,42,0,2,114.67,4170,602,11248
74251,58.48,-44,42,0,2,114.67,4170,602,11248
74301,58.48,-44,42,0,2,114.67,4170,602,11248
74351,58.48,-44,42,0,2,114.67,4170,602,11248
74401,0.00,-44,42,0,2,114.67,4170,602,11248
74451,0.00,-44,42,0,2,114.67,4170,602,11248
74501,0.00,-44,42,0,2,114.67,4170,602,11248
74551,0.00,-44,42,0,2,114.67,4170,602,11248
74601,0.00,-44,42,0,2,114.67,4170,602,11248
74651,0.00,-44,42,0,2,114.67,4170,602,11248
74701,0.00,-44,42,0,2,114.67,4170,602,11248
74752,0.00,-44,42,0,2,114.67,4170,602,11248
74802,0.00,-44,42,0,2,114.67,4170,602,11248
74852,0.00,-44,42,0,2,114.67,4170,602,11248
74902,0.00,-44,42,0,2,114.67,4170,602,11248
74952,0.00,-44,42,0,2,114.67,4170,602,11248
75002,0.00,-44,42,0,2,114.67,4170,602,11248
75052,0.00,-44,42,0,2,114.67,4170,602,11248
75102,0.00,-44,42,0,2,114.67,4170,602,11248
75152,0.00,-44,42,0,2,114.67,4170,602,11248
75202,0.00,-44,42,0,2,114.67,4170,602,11248
75252,0.00,-44,42,0,2,114.67,4170,602,11248
75302,0.00,-44,42,0,2,114.67,4170,602,11248
75352,0.00,-44,42,0,2,114.67,4170,602,11248
75402,0.00,-44,42,0,2,114.67,4170,602,11248
75452,0.00,-44,42,0,2,114.67,4170,602,11248
75502,0.00,-44,42,0,2,114.67,4170,602,11248
75552,0.00,-44,42,0,2,114.67,4170,602,11248
75602,0.00,-44,42,0,2,114.67,4170,602,11248
75652,0.00,-44,42,0,2,114.67,4170,602,11248
75702,0.00,-44,42,0,2,114.67,4170,602,11248
75752,0.00,-44,42,0,2,114.67,4170,602,11248
75802,0.00,-44,42,0,2,114.67,4170,602,11248
75852,0.00,-44,42,0,2,114.67,4170,602,11248
75902,0.00,-44,42,0,2,114.67,4170,602,11248
75952,0.00,-44,42,0,2,114.67,4170,602,11248
76002,0.00,-44,42,0,2,114.67,4170,602,11248
76052,0.00,-44,42,0,2,114.67,4170,602,11248
76102,0.00,-44,42,0,2,114.67,4170,602,11248
76152,0.00,-44,42,0,2,114.67,4170,602,11248
76203,0.00,-44,42,0,2,114.67,4170,602,11248
76253,0.00,-44,42,0,2,114.67,4170,602,11248
76303,0.00,-44,42,0,2,114.67,4170,602,11248
76353,0.00,-44,42,0,2,114.67,4170,602,11248
76403,0.00,-44,42,0,2,114.67,4170,602,11248
76453,0.00,-44,42,0,2,114.67,4170,602,11248
76503,0.00,-44,42,0,2,114.67,4170,602,11248
76553,0.00,-44,42,0,2,114.67,4170,602,11248
76603,0.00,-44,42,0,2,114.67,4170,602,11248
76653,0.00,-44,42,0,2,114.67,4170,602,11248
76703,0.00,-44,42,0,2,114.67,4170,602,11248
76753,0.00,-44,42,0,2,114.67,4170,602,11248
76803,0.00,-44,42,0,2,114.67,4170,602,11248
76853,0.00,-44,42,0,2,114.67,4170,602,11248
76903,0.00,-44,42,0,2,114.67,4170,602,11248
76953,0.00,-44,42,0,2,114.67,4170,602,11248
77003,0.00,-44,42,0,2,114.67,4170,602,11248
77053,0.00,-44,42,0,2,114.67,4170,602,11248
77103,0.00,-44,42,0,2,114.67,4170,602,11248
77153,0.00,-44,42,0,2,114.67,4170,602,11248
77203,0.00,-44,42,0,2,114.67,4170,602,11248
77253,0.00,-44,42,0,2,114.67,4170,602,11248
77303,0.00,-44,42,0,2,114.67,4170,602,11248
77353,0.00,-44,42,0,2,114.67,4170,602,11248
77403,0.00,-44,42,0,2,114.67,4170,602,11248
77453,0.00,-44,42,0,2,114.67,4170,602,11248
77503,0.00,-44,42,0,2,114.67,4170,602,11248
77553,0.00,-44,42,0,2,114.67,4170,602,11248
77603,0.00,-44,42,0,2,114.67,4170,602,11248
77654,0.00,-44,42,0,2,114.67,4170,602,11248
77704,0.00,-44,42,0,2,114.67,4170,602,11248
77754,0.00,-44,42,0,2,114.67,4170,602,11248
77804,0.00,-44,42,0,2,114.67,4170,602,11248
77854,0.00,-44,42,0,2,114.67,4170,602,11248
77904,0.00,-44,42,0,2,114.67,4170,602,11248
77954,0.00,-44,42,0,2,114.67,4170,602,11248
78004,0.00,-44,42,0,2,114.67,4170,602,11248
78054,0.00,-44,42,0,2,114.67,4170,602,11248
78104,0.00,-44,42,0,2,114.67,4170,602,11248
78154,0.00,-44,42,0,2,114.67,4170,602,11248
78204,0.00,-44,42,0,2,114.67,4170,602,11248
78254,0.00,-44,42,0,2,114.67,4170,602,11248
78304,0.00,-44,42,0,2,114.67,4170,602,11248
78354,0.00,-44,42,0,2,114.67,4170,602,11248
78404,0.00,-44,42,0,2,114.67,4170,602,11248
78454,0.00,-44,42,0,2,114.67,4170,602,11248
78504,0.00,-44,42,0,2,114.67,4170,602,11248
78554,0.00,-44,42,0,2,114.67,4170,602,11248
78604,0.00,-44,42,0,2,114.67,4170,602,11248
78654,0.00,-44,42,0,2,114.67,4170,602,11248
78704,0.00,-44,42,0,2,114.67,4170,602,11248
78754,0.00,-44,42,0,2,114.67,4170,602,11248
78804,0.00,-44,42,0,2,114.67,4170,602,11248
78854,0.00,-44,42,0,2,114.67,4170,602,11248
78904,0.00,-44,42,0,2,114.67,4170,602,11248
78954,0.00,-44,42,0,2,114.67,4170,602,11248
79004,0.00,-44,42,0,2,114.67,4170,602,11248
79054,0.00,-44,42,0,2,114.67,4170,602,11248
79104,0.00,-44,42,0,2,114.67,4170,602,11248
79154,0.00,-44,42,0,2,114.67,4170,602,11248
79204,0.00,-44,42,0,2,114.67,4170,602,11248
79254,0.00,-44,42,0,2,114.67,4170,602,11248
79304,0.00,-44,42,0,2,114.67,4170,602,11248
79354,0.00,-44,42,0,2,114.67,4170,602,11248
79404,0.00,-44,42,0,2,114.67,4170,602,11248
79454,0.00,-44,42,0,2,114.67,4170,602,11248
79504,0.00,-44,42,0,2,114.67,4170,602,11248
79554,0.00,-44,42,0,2,114.67,4170,602,11248
79604,0.00,-44,42,0,2,114.67,4170,602,11248
79654,0.00,-44,42,0,2,114.67,4170,602,11248
79704,0.00,-44,42,0,2,114.67,4170,602,11248
79754,0.00,-44,42,0,2,114.67,4170,602,11248
79804,0.00,-44,42,0,2,114.67,4170,602,11248
79854,0.00,-44,42,0,2,114.67,4170,602,11248
79904,0.00,-44,42,0,2,114.67,4170,602,11248
79954,0.00,-44,42,0,2,114.67,4170,602,11248
80004,0.00,-44,42,0,2,114.67,4170,602,11248
