Microcontroller Governor - Abrupt Load Increase(1800 W) - Initially Constant Load (1500 W)
Trial: 9
Date: 4-5-2023
Time: 4:25 PM
Ambient Temp: 77
Head Temp: 219.9

------ Microcontroller Engine Governor - Version: 1.16 ------
-------------------------------------------------------------
PID Gains:  Kp: 0.013  KpAlt: 0.025  Kd: 0.100  KdAlt: 4.000
-------------------------------------------------------------
Set RPM:             3600    |  Min RPM:                 300
                             |
RPM Precision:       20      |  PID Kp Alt Range:        70
                             |
Start Steps:         850     |  Max Steps:               1200
                             |
RPM Calc Interval:   1       |  Num Magnets:             1
                             |
LCD Update Interval: 400     |  Serial Update Interval:  50
-------------------------------------------------------------

Time,RPM,Steps Remaining, PID p, PID p Alt, PID d, RPM Change, P Cmd, P Alt Cmd, D Cmd
1725,0.00,0,0,0,0,0.00,0,0,0
1775,0.00,0,0,0,0,0.00,0,0,0
1825,0.00,0,0,0,0,0.00,0,0,0
1875,0.00,0,0,0,0,0.00,0,0,0
1925,0.00,0,0,0,0,0.00,0,0,0
1975,0.00,0,0,0,0,0.00,0,0,0
2025,0.00,0,0,0,0,0.00,0,0,0
2075,0.00,0,0,0,0,0.00,0,0,0
2125,0.00,0,0,0,0,0.00,0,0,0
2176,0.00,0,0,0,0,0.00,0,0,0
2226,0.00,0,0,0,0,0.00,0,0,0
2276,0.00,0,0,0,0,0.00,0,0,0
2326,0.00,0,0,0,0,0.00,0,0,0
2376,0.00,0,0,0,0,0.00,0,0,0
2426,0.00,0,0,0,0,0.00,0,0,0
2476,0.00,0,0,0,0,0.00,0,0,0
2526,0.00,0,0,0,0,0.00,0,0,0
2576,0.00,0,0,0,0,0.00,0,0,0
2626,0.00,0,0,0,0,0.00,0,0,0
2676,0.00,0,0,0,0,0.00,0,0,0
2726,0.00,0,0,0,0,0.00,0,0,0
2776,0.00,0,0,0,0,0.00,0,0,0
2826,0.00,0,0,0,0,0.00,0,0,0
2876,0.00,0,0,0,0,0.00,0,0,0
2926,0.00,0,0,0,0,0.00,0,0,0
2976,0.00,0,0,0,0,0.00,0,0,0
3026,0.00,0,0,0,0,0.00,0,0,0
3076,0.00,0,0,0,0,0.00,0,0,0
3126,0.00,0,0,0,0,0.00,0,0,0
3176,0.00,0,0,0,0,0.00,0,0,0
3226,0.00,0,0,0,0,0.00,0,0,0
3276,0.00,0,0,0,0,0.00,0,0,0
3326,0.00,0,0,0,0,0.00,0,0,0
3376,0.00,0,0,0,0,0.00,0,0,0
3426,0.00,0,0,0,0,0.00,0,0,0
3476,0.00,0,0,0,0,0.00,0,0,0
3526,0.00,0,0,0,0,0.00,0,0,0
3576,0.00,0,0,0,0,0.00,0,0,0
3627,0.00,0,0,0,0,0.00,0,0,0
3677,0.00,0,0,0,0,0.00,0,0,0
3727,0.00,0,0,0,0,0.00,0,0,0
3777,0.00,0,0,0,0,0.00,0,0,0
3827,0.00,0,0,0,0,0.00,0,0,0
3877,0.00,0,0,0,0,0.00,0,0,0
3927,0.00,0,0,0,0,0.00,0,0,0
3977,0.00,0,0,0,0,0.00,0,0,0
4027,0.00,0,0,0,0,0.00,0,0,0
4077,0.00,0,0,0,0,0.00,0,0,0
4127,0.00,0,0,0,0,0.00,0,0,0
4177,0.00,0,0,0,0,0.00,0,0,0
4227,0.00,0,0,0,0,0.00,0,0,0
4277,0.00,0,0,0,0,0.00,0,0,0
4327,0.00,0,0,0,0,0.00,0,0,0
4377,0.00,0,0,0,0,0.00,0,0,0
4427,0.00,0,0,0,0,0.00,0,0,0
4477,0.00,0,0,0,0,0.00,0,0,0
4527,0.00,0,0,0,0,0.00,0,0,0
4577,0.00,0,0,0,0,0.00,0,0,0
4627,0.00,0,0,0,0,0.00,0,0,0
4677,0.00,0,0,0,0,0.00,0,0,0
4727,0.00,0,0,0,0,0.00,0,0,0
4777,0.00,0,0,0,0,0.00,0,0,0
4827,0.00,0,0,0,0,0.00,0,0,0
4877,0.00,0,0,0,0,0.00,0,0,0
4927,0.00,0,0,0,0,0.00,0,0,0
4977,0.00,0,0,0,0,0.00,0,0,0
5027,0.00,0,0,0,0,0.00,0,0,0
5078,0.00,0,0,0,0,0.00,0,0,0
5128,0.00,0,0,0,0,0.00,0,0,0
5178,0.00,0,0,0,0,0.00,0,0,0
5228,0.00,0,0,0,0,0.00,0,0,0
5278,0.00,0,0,0,0,0.00,0,0,0
5328,0.00,0,0,0,0,0.00,0,0,0
5378,0.00,0,0,0,0,0.00,0,0,0
5428,0.00,0,0,0,0,0.00,0,0,0
5478,0.00,0,0,0,0,0.00,0,0,0
5528,0.00,0,0,0,0,0.00,0,0,0
5578,0.00,0,0,0,0,0.00,0,0,0
5628,0.00,0,0,0,0,0.00,0,0,0
5678,0.00,0,0,0,0,0.00,0,0,0
5728,0.00,0,0,0,0,0.00,0,0,0
5778,0.00,0,0,0,0,0.00,0,0,0
5828,0.00,0,0,0,0,0.00,0,0,0
5878,0.00,0,0,0,0,0.00,0,0,0
5928,0.00,0,0,0,0,0.00,0,0,0
5978,0.00,0,0,0,0,0.00,0,0,0
6028,0.00,0,0,0,0,0.00,0,0,0
6078,0.00,0,0,0,0,0.00,0,0,0
6128,0.00,0,0,0,0,0.00,0,0,0
6178,0.00,0,0,0,0,0.00,0,0,0
6228,0.00,0,0,0,0,0.00,0,0,0
6278,0.00,0,0,0,0,0.00,0,0,0
6328,0.00,0,0,0,0,0.00,0,0,0
6378,0.00,0,0,0,0,0.00,0,0,0
6428,0.00,0,0,0,0,0.00,0,0,0
6478,0.00,0,0,0,0,0.00,0,0,0
6528,0.00,0,0,0,0,0.00,0,0,0
6578,0.00,0,0,0,0,0.00,0,0,0
6628,0.00,0,0,0,0,0.00,0,0,0
6678,0.00,0,0,0,0,0.00,0,0,0
6728,0.00,0,0,0,0,0.00,0,0,0
6778,0.00,0,0,0,0,0.00,0,0,0
6828,0.00,0,0,0,0,0.00,0,0,0
6878,0.00,0,0,0,0,0.00,0,0,0
6928,0.00,0,0,0,0,0.00,0,0,0
6978,0.00,0,0,0,0,0.00,0,0,0
7028,0.00,0,0,0,0,0.00,0,0,0
7078,0.00,0,0,0,0,0.00,0,0,0
7128,0.00,0,0,0,0,0.00,0,0,0
7178,0.00,0,0,0,0,0.00,0,0,0
7228,0.00,0,0,0,0,0.00,0,0,0
7278,0.00,0,0,0,0,0.00,0,0,0
7328,0.00,0,0,0,0,0.00,0,0,0
7378,0.00,0,0,0,0,0.00,0,0,0
7428,0.00,0,0,0,0,0.00,0,0,0
7478,0.00,0,0,0,0,0.00,0,0,0
7528,0.00,0,0,0,0,0.00,0,0,0
7578,0.00,0,0,0,0,0.00,0,0,0
7628,0.00,0,0,0,0,0.00,0,0,0
7678,0.00,0,0,0,0,0.00,0,0,0
7728,0.00,0,0,0,0,0.00,0,0,0
7778,0.00,0,0,0,0,0.00,0,0,0
7828,0.00,0,0,0,0,0.00,0,0,0
7878,0.00,0,0,0,0,0.00,0,0,0
7928,0.00,0,0,0,0,0.00,0,0,0
7979,0.00,0,0,0,0,0.00,0,0,0
8029,0.00,0,0,0,0,0.00,0,0,0
8079,0.00,0,0,0,0,0.00,0,0,0
8129,0.00,0,0,0,0,0.00,0,0,0
8179,0.00,0,0,0,0,0.00,0,0,0
8229,0.00,0,0,0,0,0.00,0,0,0
8279,0.00,0,0,0,0,0.00,0,0,0
8329,0.00,0,0,0,0,0.00,0,0,0
8379,0.00,0,0,0,0,0.00,0,0,0
8429,0.00,0,0,0,0,0.00,0,0,0
8479,0.00,0,0,0,0,0.00,0,0,0
8529,0.00,0,0,0,0,0.00,0,0,0
8579,0.00,0,0,0,0,0.00,0,0,0
8629,0.00,0,0,0,0,0.00,0,0,0
8679,0.00,0,0,0,0,0.00,0,0,0
8729,0.00,0,0,0,0,0.00,0,0,0
8779,0.00,0,0,0,0,0.00,0,0,0
8829,0.00,0,0,0,0,0.00,0,0,0
8879,0.00,0,0,0,0,0.00,0,0,0
8929,0.00,0,0,0,0,0.00,0,0,0
8979,0.00,0,0,0,0,0.00,0,0,0
9029,0.00,0,0,0,0,0.00,0,0,0
9079,0.00,0,0,0,0,0.00,0,0,0
9129,0.00,0,0,0,0,0.00,0,0,0
9179,0.00,0,0,0,0,0.00,0,0,0
9229,0.00,0,0,0,0,0.00,0,0,0
9279,0.00,0,0,0,0,0.00,0,0,0
9329,0.00,0,0,0,0,0.00,0,0,0
9379,0.00,0,0,0,0,0.00,0,0,0
9430,0.00,0,0,0,0,0.00,0,0,0
9480,0.00,0,0,0,0,0.00,0,0,0
9530,0.00,0,0,0,0,0.00,0,0,0
9580,0.00,0,0,0,0,0.00,0,0,0
9630,0.00,0,0,0,0,0.00,0,0,0
9680,0.00,0,0,0,0,0.00,0,0,0
9730,0.00,0,0,0,0,0.00,0,0,0
9780,0.00,0,0,0,0,0.00,0,0,0
9830,inf,0,0,0,0,inf,0,0,0
9880,inf,0,0,0,0,inf,0,0,0
9930,527.00,25,39,0,0,inf,39,0,0
9980,527.00,0,39,0,0,inf,39,0,0
10030,755.74,0,36,0,-11,-228.74,75,0,11
10080,755.74,0,36,0,-11,-228.74,75,0,11
10130,702.87,0,37,0,2,52.87,112,0,13
10180,885.84,0,35,0,-10,-182.97,147,0,23
10230,872.19,23,35,0,0,13.65,182,0,23
10280,1266.25,0,30,0,-33,-394.06,212,0,56
10330,1268.61,13,30,0,0,-2.36,242,0,56
10380,1563.15,0,26,0,-31,-294.55,268,0,87
10430,1855.52,-3,22,0,-33,-279.06,316,0,121
10480,1868.69,0,22,0,-1,-13.18,338,0,122
10530,2114.16,0,19,0,-2,-15.68,376,0,156
10580,2317.32,0,16,0,-2,-13.17,408,0,187
10630,2492.94,0,14,0,2,14.59,436,0,220
10680,2797.99,8,10,0,0,-143.12,470,0,252
10730,2916.02,0,8,0,0,-129.47,488,0,252
10780,3032.75,0,7,0,0,-123.52,503,0,252
10830,3145.97,0,5,0,1,237.74,519,0,273
10880,3337.78,0,3,0,0,-93.84,530,0,273
10930,3429.36,0,2,0,0,8.65,537,0,273
10980,3601.44,0,1,0,0,9.90,539,0,273
11030,3638.13,0,0,0,0,7.07,539,1,273
11080,3758.46,0,-2,0,0,-57.49,543,1,273
11130,3699.14,0,-1,0,0,34.99,546,1,273
11180,3810.01,0,-2,0,0,-74.02,551,1,273
11230,3785.01,0,-2,0,0,38.59,557,1,273
11280,3850.10,0,-3,0,0,-51.67,565,1,273
11330,3798.43,0,-2,0,0,49.70,572,1,273
11380,3771.69,0,-2,0,0,49.00,581,1,274
11430,3837.30,0,-3,0,0,-90.11,587,1,274
11480,3762.23,0,-2,0,0,46.81,593,1,274
11530,3810.01,0,-2,0,0,-35.47,599,1,274
11580,3761.28,0,-2,0,0,35.22,605,1,274
11630,3810.98,0,-2,0,0,-50.63,611,1,274
11680,3761.28,0,-2,0,0,51.63,617,1,274
11730,3746.25,0,-1,0,0,37.80,628,1,278
11780,3771.69,0,-2,0,0,-36.63,633,1,278
11830,3735.99,0,-1,0,0,36.65,637,1,278
11880,3770.74,0,-2,0,0,-44.96,642,1,278
11930,3723.93,0,-1,0,0,36.41,646,1,278
11980,3723.01,0,-1,0,0,-36.60,649,1,278
12030,3686.41,0,-1,0,0,37.52,652,1,278
12080,3723.01,0,-1,0,0,-47.44,654,1,278
12130,3675.57,0,0,0,0,43.75,655,2,278
12180,3700.05,0,-1,0,0,-17.26,658,2,278
12230,3663.90,0,0,-1,0,49.89,659,3,278
12280,3650.52,0,0,-1,0,36.79,666,4,281
12331,3684.60,0,-1,0,0,-43.82,668,5,281
12381,3638.13,0,0,0,0,23.09,668,7,281
12431,3662.11,0,0,-1,0,-35.42,668,9,281
12481,3613.59,0,0,-1,0,-44.19,668,10,281
12531,3653.19,0,0,-1,0,-49.15,668,12,281
12581,3592.81,0,0,-1,0,-34.16,668,13,281
12631,3566.33,0,0,0,0,-31.93,668,14,281
12681,3546.94,0,0,1,0,39.01,668,16,281
12731,3557.87,0,0,1,0,-33.44,668,17,281
12782,3536.07,0,0,1,0,44.74,668,18,281
12832,3587.66,0,0,1,0,43.82,668,19,281
12882,3588.52,0,0,1,0,46.58,668,20,281
12932,3561.25,0,0,0,0,525.94,679,20,288
12982,3614.46,0,-2,0,-14,-346.70,683,20,302
13032,3544.42,0,0,1,0,205.58,686,21,315
13082,3596.26,0,0,0,0,15.01,686,21,315
13132,3544.42,0,0,1,0,41.52,686,23,315
13182,3587.66,0,0,1,0,33.06,686,24,315
13232,3533.57,0,0,1,0,41.26,686,26,315
13282,3555.34,0,0,1,0,-34.22,687,28,315
13332,3509.59,0,1,0,0,46.60,689,29,315
13382,3557.03,0,0,1,0,-46.62,690,31,315
13432,3520.30,0,1,0,0,24.96,692,32,315
13483,3546.10,0,0,1,0,-34.86,693,33,315
13533,3510.41,0,1,0,0,45.77,695,34,315
13583,3568.88,0,0,0,0,-46.93,696,34,315
13633,3536.07,0,0,1,0,44.74,696,35,315
13683,3575.69,0,0,0,0,-42.95,696,36,315
13733,3553.66,0,0,1,0,34.86,696,38,315
13783,3600.58,0,0,0,0,23.87,696,38,315
13833,3556.19,0,0,1,0,53.92,696,40,315
13883,3623.19,0,0,0,0,-51.76,696,40,315
13933,3571.43,0,0,0,0,51.76,696,40,315
13983,3620.56,0,0,0,0,-38.05,696,40,315
14033,3582.52,0,0,0,0,-56.88,696,40,315
14083,3611.85,0,0,0,0,48.29,696,40,315
14133,3582.52,0,0,0,0,-50.06,696,40,315
14183,3639.01,0,0,0,0,-55.64,696,40,315
14233,3592.81,0,0,-1,0,-58.48,696,41,315
14283,3629.32,0,0,0,0,-38.23,696,42,315
14333,3592.81,0,0,0,0,-39.09,696,42,315
14383,3639.01,0,0,0,0,-47.06,696,43,315
14433,3604.04,0,0,-1,0,-40.24,696,44,315
14483,3643.43,0,0,-1,0,-41.12,696,46,315
14533,3580.81,0,0,0,0,-24.30,696,46,315
14583,3628.45,0,0,0,0,-34.77,696,46,315
14633,3593.67,0,0,0,0,-39.95,696,46,315
14683,3638.13,0,0,0,0,-44.45,696,46,315
14733,3591.95,0,0,-1,0,-48.15,696,47,315
14783,3574.83,0,0,0,0,-41.26,696,48,315
14833,3562.95,0,0,0,0,24.71,696,49,315
14883,3600.58,0,0,0,0,34.24,696,49,315
14935,3558.72,0,0,1,0,41.86,696,50,315
14985,3598.85,0,0,0,0,32.48,696,50,315
15035,3557.87,0,0,1,0,53.97,696,51,315
15085,3587.66,0,0,1,0,46.05,696,52,315
15136,3558.72,0,0,1,0,51.39,696,54,315
15186,3610.98,0,0,0,0,40.36,696,54,315
15236,3623.19,0,0,0,0,-49.21,696,54,315
15286,3638.13,0,0,0,0,-44.45,707,54,323
15336,3593.67,0,0,0,0,-41.67,707,54,323
15386,3643.43,0,0,-1,0,-41.12,707,56,323
15436,3615.33,0,0,-1,0,-56.37,707,57,323
15486,3661.22,0,0,-1,0,-34.52,707,59,323
15536,3641.66,0,0,-1,0,32.11,707,60,323
15586,3684.60,0,-1,0,0,-55.27,709,60,323
15636,3639.01,0,0,0,0,45.59,710,61,323
15686,3673.77,0,0,0,0,-47.08,710,62,323
15736,3615.33,0,0,-1,0,-22.07,710,63,323
15787,3662.11,0,0,-1,0,-46.78,710,65,323
15837,3591.95,0,0,0,0,-26.22,710,65,323
15887,3638.13,0,0,0,0,-12.31,710,65,323
15937,3615.33,0,0,-1,0,-49.01,710,66,323
15987,3642.54,0,0,-1,0,-27.22,710,68,323
16037,3604.04,0,0,-1,0,-45.66,710,69,323
16087,3652.30,0,0,-1,0,-50.00,710,71,323
16137,3604.04,0,0,-1,0,-32.45,710,72,323
16187,3643.43,0,0,-1,0,-40.26,710,74,323
16237,3602.31,0,0,-1,0,-35.04,710,75,323
16287,3642.54,0,0,-1,0,-36.78,710,77,323
16337,3591.95,0,0,-1,0,-46.55,710,78,323
16387,3598.85,0,0,1,0,46.05,710,79,323
16437,3554.50,0,0,1,0,43.48,710,81,323
16487,3598.85,0,0,0,0,35.07,710,81,323
16537,3555.34,0,0,1,0,30.60,710,83,323
16587,3589.38,0,0,0,0,23.02,710,83,323
16637,3562.95,0,0,0,0,26.43,710,83,323
16687,3597.98,0,0,1,0,40.99,710,84,323
16737,3555.34,0,0,1,0,32.31,710,86,323
16787,3587.66,0,0,1,0,18.65,710,87,323
16837,3563.79,0,0,0,0,33.33,710,88,323
16887,3600.58,0,0,0,0,26.58,710,88,323
16937,3575.69,0,0,0,0,24.89,710,88,323
16987,3610.11,0,0,0,0,16.25,710,88,323
17037,3569.73,0,0,0,0,53.46,710,88,323
17087,3599.71,0,0,0,0,35.94,710,88,323
17137,3568.88,0,0,0,0,42.97,710,88,323
17187,3600.58,0,0,0,0,35.33,710,88,323
17238,3600.58,0,0,0,0,38.48,710,88,323
17288,3572.28,0,0,0,0,529.44,721,88,330
17338,3617.07,0,-6,0,-6,-864.85,731,88,337
17388,3560.41,0,0,0,0,532.36,742,88,344
17438,3593.67,0,-5,0,-5,-738.38,751,88,350
17488,3562.95,0,0,0,0,353.50,759,88,353
17538,3503.04,0,1,0,0,278.16,764,88,369
17588,3534.40,0,0,1,0,42.14,764,89,369
17638,3574.83,0,0,0,0,-42.10,764,90,369
17688,3470.62,0,1,0,0,30.79,767,90,369
17738,3502.22,0,1,0,0,-52.36,770,90,369
17788,3470.62,0,1,0,0,20.19,773,90,369
17838,3512.06,0,1,0,0,-41.44,776,90,369
17888,3578.24,0,0,0,-2,-157.49,779,90,371
17938,3501.40,0,1,0,0,-31.59,782,90,371
17988,3470.62,0,1,0,0,41.44,785,90,371
18038,3469.81,0,1,0,0,32.41,787,90,371
18088,3500.58,0,1,0,0,304.59,794,90,393
18138,3482.70,0,1,0,0,45.88,796,90,393
18188,3546.94,0,0,1,0,-53.69,797,91,393
18238,3500.58,0,1,0,0,33.82,799,92,393
18288,3535.23,0,0,1,0,-36.28,800,94,393
18338,3509.59,0,1,0,0,46.60,802,95,393
18388,3546.10,0,0,1,0,-25.80,803,97,393
18438,3511.24,0,1,0,0,34.02,805,98,393
18488,3568.88,0,0,0,0,-48.58,806,99,393
18538,3543.59,0,0,1,0,32.95,806,101,393
18588,3588.52,0,0,1,0,33.80,806,102,393
18638,3557.87,0,0,1,0,52.23,806,104,393
18688,3610.98,0,0,0,0,41.23,806,104,393
18738,3580.81,0,0,0,0,-51.76,806,104,393
18788,3628.45,0,0,0,0,-41.65,806,104,393
18838,3593.67,0,0,0,0,-56.36,806,104,393
18888,3639.01,0,0,0,0,-45.34,806,104,393
18938,3614.46,0,0,-1,0,-48.15,806,105,393
18988,3662.11,0,0,-1,0,-46.78,806,107,393
19038,3615.33,0,0,-1,0,-44.16,806,108,393
19088,3661.22,0,0,-1,0,-57.18,806,110,393
19138,3615.33,0,0,-1,0,-36.99,806,111,393
19188,3653.19,0,0,-1,0,-37.86,806,113,393
19238,3604.04,0,0,-1,0,-35.23,806,114,393
19288,3643.43,0,0,-1,0,-41.12,806,116,393
19338,3604.04,0,0,-1,0,-35.91,806,117,393
19388,3632.84,0,0,0,0,-27.94,806,117,393
19438,3593.67,0,0,0,0,-48.78,806,117,393
19488,3622.31,0,0,0,0,-18.28,806,117,393
19538,3604.04,0,0,-1,0,-26.45,806,118,393
19588,3633.72,0,0,0,0,-18.39,806,119,393
19638,3602.31,0,0,-1,0,-31.58,806,120,393
19688,3587.66,0,0,1,0,38.11,806,121,393
19738,3554.50,0,0,1,0,33.16,806,123,393
19788,3574.83,0,0,0,0,-19.49,806,124,393
19838,3546.94,0,0,1,0,40.72,806,126,393
19888,3576.54,0,0,0,0,-21.19,806,127,393
19938,3554.50,0,0,1,0,45.21,806,128,393
19988,3598.85,0,0,1,0,43.50,806,129,393
20038,3571.43,0,0,0,0,28.28,806,129,393
20088,3610.11,0,0,0,0,32.55,806,129,393
20139,3575.69,0,0,0,0,36.16,806,129,393
20189,3610.11,0,0,0,0,36.16,806,129,393
20239,3577.39,0,0,0,0,33.59,806,129,393
20289,3599.71,0,0,0,0,36.16,806,129,393
20339,3564.64,0,0,0,0,24.74,806,129,393
20389,3555.34,0,0,1,0,43.50,806,130,393
20439,3593.67,0,-5,0,-5,-807.03,816,130,399
20489,3568.03,0,0,0,0,156.83,819,130,410
20539,3603.17,0,0,-1,0,-129.33,820,131,410
20589,3560.41,0,0,0,0,71.55,820,132,410
20639,3611.85,0,0,0,0,36.89,820,132,410
20689,3582.52,0,0,0,0,-44.07,820,132,410
20739,3629.32,0,0,0,0,49.85,821,133,410
20789,3592.81,0,0,-1,0,-54.89,821,134,410
20839,3629.32,0,0,0,0,-39.95,821,134,410
20889,3593.67,0,0,0,0,-49.44,821,134,410
20939,3639.01,0,0,0,0,-44.47,821,135,410
20989,3591.95,0,0,0,0,-43.53,821,135,410
21039,3643.43,0,0,-1,0,-35.06,821,137,410
21089,3604.04,0,0,-1,0,-44.67,821,138,410
21139,3641.66,0,0,-1,0,-35.89,821,139,410
21189,3614.46,0,0,-1,0,-39.39,821,140,410
21239,3648.75,0,0,-1,0,1.78,821,142,410
21289,3615.33,0,-2,0,-9,-247.10,824,142,419
21339,3501.40,0,1,0,0,374.57,830,142,438
21389,3617.94,0,-2,0,0,-89.09,832,143,442
21439,3502.22,0,1,0,0,325.29,836,143,458
21489,3594.54,0,-4,0,-3,-473.44,841,143,461
21539,3568.88,0,0,0,0,264.50,847,143,492
21590,3562.95,0,0,0,0,374.06,853,143,495
21640,3501.40,0,1,0,0,341.80,860,143,523
21690,3535.23,0,0,1,0,198.90,862,144,533
21740,3579.10,0,0,0,0,-0.85,862,145,533
21790,3535.23,0,0,1,0,43.86,862,147,533
21840,3542.75,0,0,1,0,-5.01,862,150,533
21890,3520.30,0,1,0,0,25.80,864,151,533
21940,3605.77,0,1,0,0,73.18,865,152,533
21990,3509.59,0,1,0,0,34.83,867,153,533
22040,3556.19,0,0,1,0,-35.89,868,155,533
22090,3509.59,0,1,0,0,35.67,870,156,533
22140,3557.87,0,0,1,0,-48.28,871,158,533
22190,3534.40,0,0,1,0,31.93,872,159,533
22240,3574.83,0,0,0,0,-40.43,872,160,533
22290,3536.90,0,0,1,0,49.04,872,162,533
22340,3597.98,0,0,1,0,47.46,872,163,533
22390,3559.56,0,0,1,0,48.81,872,165,533
22440,3611.85,0,0,0,0,36.75,872,165,533
22490,3582.52,0,0,0,0,-44.11,872,165,533
22540,3619.69,0,0,0,0,-44.11,872,165,533
22590,3577.39,0,0,0,0,24.05,872,165,533
22640,3611.85,0,0,0,0,34.46,872,165,533
22690,3582.52,0,0,0,0,-44.11,872,165,533
22740,3639.01,0,0,0,0,-45.34,872,165,533
22790,3603.17,0,0,-1,0,-41.10,872,166,533
22840,3612.72,0,0,-1,0,-37.61,872,167,533
22890,3585.94,0,0,-1,0,-37.61,872,167,533
22940,3629.32,0,0,0,0,-35.65,872,167,533
22990,3593.67,0,0,0,0,-51.35,872,167,533
23040,3642.54,0,0,-1,0,-40.24,872,169,533
23090,3602.31,0,0,-1,0,-51.60,872,170,533
23140,3665.69,0,0,-1,0,-84.03,872,172,533
23190,3595.40,0,0,-1,0,-84.03,872,172,533
23240,3629.32,0,0,0,0,-47.66,872,172,533
23290,3593.67,0,0,0,0,-38.21,872,172,533
23340,3638.13,0,0,0,0,-44.45,872,172,533
23390,3592.81,0,0,0,0,-38.42,872,172,533
23440,3629.32,0,0,0,0,-35.65,872,172,533
23490,3591.95,0,0,-1,0,-49.90,872,173,533
23540,3606.64,0,0,-1,0,-49.90,872,173,533
23590,3582.52,0,0,0,0,-46.63,872,173,533
23640,3629.32,0,0,0,0,-47.66,872,173,533
23690,3582.52,0,0,0,0,-43.22,872,173,533
23740,3619.69,0,0,0,0,-43.22,872,173,533
23790,3577.39,0,0,0,0,41.43,872,173,533
23840,3620.56,0,0,0,0,-38.90,872,173,533
23890,3583.37,0,0,0,0,-43.24,872,173,533
23940,3576.54,0,0,0,0,43.15,872,173,533
23990,3615.33,0,-5,0,-5,-740.56,881,173,539
24040,3582.52,0,-5,0,-5,-802.30,890,173,545
24090,3617.07,0,-5,0,-5,-784.65,899,173,550
24140,3571.43,0,0,0,0,465.17,908,173,556
24190,3595.40,0,-4,0,-4,-691.19,916,173,561
24240,3501.40,0,1,0,0,392.68,923,173,597
24290,3574.83,0,0,0,0,-32.08,923,174,597
24340,3546.10,0,0,1,0,37.27,923,176,597
24390,3586.80,0,0,1,0,39.77,923,177,597
24440,3555.34,0,0,1,0,30.60,923,179,597
24491,3585.94,0,0,1,0,30.61,923,180,597
24541,3563.79,0,0,0,0,35.06,923,181,597
24591,3600.58,0,0,0,0,24.04,923,181,597
24641,3555.34,0,0,1,0,34.03,923,182,597
24691,3608.37,0,0,1,0,45.21,923,183,597
24741,3557.87,0,0,1,0,54.84,923,184,597
24791,3577.39,0,0,0,0,-33.80,923,185,597
24841,3554.50,0,0,1,0,32.30,923,187,597
24891,3587.66,0,0,1,0,44.11,923,188,597
24941,3554.50,0,0,1,0,33.16,923,190,597
24991,3600.58,0,0,0,0,24.71,923,190,597
25041,3577.39,0,0,0,0,33.59,923,190,597
25091,3620.56,0,0,0,0,-33.76,923,190,597
25141,3582.52,0,0,0,0,-57.21,923,190,597
25191,3629.32,0,0,0,0,-36.51,923,190,597
25241,3603.17,0,0,0,0,-39.30,923,190,597
25291,3653.19,0,0,-1,0,-50.02,923,192,597
25341,3615.33,0,0,-1,0,-33.48,923,193,597
25391,3624.06,0,0,0,0,-20.03,923,194,597
25441,3583.37,0,0,0,0,-37.37,923,194,597
25491,3624.06,0,0,0,0,-46.67,923,194,597
25541,3586.80,0,0,0,0,45.82,923,194,597
25591,3629.32,0,0,0,0,-42.52,923,194,597
25641,3582.52,0,0,0,0,-32.91,923,194,597
25691,3611.85,0,0,0,0,30.13,923,194,597
25741,3577.39,0,0,0,0,35.33,923,194,597
25791,3624.06,0,0,0,0,-52.64,923,194,597
25841,3582.52,0,0,0,0,-44.94,923,194,597
25891,3620.56,0,0,0,0,-26.89,923,194,597
25942,3582.52,0,0,0,0,-32.05,923,194,597
25992,3610.98,0,0,0,0,-32.05,923,194,597
26042,3586.80,0,0,0,0,32.73,923,194,597
26092,3620.56,0,0,0,0,-33.76,923,194,597
26142,3594.54,0,0,0,0,-40.81,923,194,597
26192,3629.32,0,0,0,0,-33.93,923,194,597
26242,3593.67,0,0,0,0,-39.07,923,194,597
26292,3629.32,0,0,0,0,-35.65,923,194,597
26342,3603.17,0,0,0,0,-56.36,923,194,597
26392,3652.30,0,0,-1,0,-49.13,923,196,597
26442,3604.04,0,0,-1,0,-43.04,923,197,597
26492,3642.54,0,0,-1,0,-38.51,923,199,597
26542,3581.66,0,0,-1,0,-54.21,923,200,597
26592,3610.11,0,0,-1,0,-54.21,923,200,597
26642,3582.52,0,0,0,0,-38.90,923,200,597
26692,3620.56,0,0,0,0,-38.05,923,200,597
26742,3577.39,0,0,0,0,35.33,923,200,597
26792,3610.98,0,0,0,0,35.33,923,200,597
26842,3521.95,0,1,0,0,45.23,924,200,597
26892,3576.54,0,0,0,0,-43.80,924,201,597
26942,3537.74,0,0,1,0,49.92,924,203,597
26992,3579.95,0,0,0,0,-56.34,924,203,597
27042,3546.94,0,0,1,0,39.01,924,205,597
27092,3586.80,0,0,1,0,30.60,924,206,597
27142,3555.34,0,0,1,0,31.46,924,208,597
27192,3600.58,0,0,0,0,35.92,924,208,597
27242,3600.58,0,0,0,0,30.85,924,208,597
27292,3561.25,0,0,0,0,538.23,935,208,604
27342,3573.13,0,0,0,0,358.72,943,208,609
27392,3503.85,0,1,0,0,287.85,949,208,634
27442,3587.66,0,0,1,0,60.10,949,209,634
27492,3554.50,0,0,1,0,36.59,949,211,634
27542,3586.80,0,0,1,0,38.29,949,212,634
27592,3564.64,0,0,0,0,33.35,949,213,634
27642,3589.38,0,0,0,0,22.16,949,213,634
27692,3545.26,0,0,1,0,42.40,949,215,634
27742,3600.58,0,0,0,0,25.57,949,215,634
27792,3545.26,0,0,1,0,42.40,949,217,634
27842,3587.66,0,0,1,0,33.16,949,218,634
27892,3563.79,0,0,0,0,35.06,949,219,634
27942,3598.85,0,0,0,0,35.92,949,219,634
27992,3567.18,0,0,0,0,34.26,949,219,634
28042,3611.85,0,0,0,0,28.28,949,219,634
28092,3586.80,0,0,0,0,28.28,949,219,634
28142,3639.89,0,0,0,0,-59.09,949,219,634
28192,3585.94,0,0,0,0,-59.09,949,219,634
28242,3629.32,0,0,0,0,-35.65,949,219,634
28292,3593.67,0,0,0,0,-32.26,949,219,634
28342,3643.43,0,0,-1,0,-39.39,949,220,634
28392,3602.31,0,0,-1,0,-57.82,949,221,634
28442,3642.54,0,0,-1,0,-27.22,949,223,634
28492,3604.04,0,0,-1,0,-35.23,949,224,634
28542,3642.54,0,0,-1,0,-28.09,949,226,634
28592,3603.17,0,0,-1,0,-35.93,949,227,634
28642,3610.11,0,0,-1,0,-35.93,949,227,634
28692,3582.52,0,0,0,0,-38.90,949,227,634
28742,3623.19,0,0,0,0,-52.61,949,227,634
28792,3585.09,0,0,0,0,46.65,949,227,634
28843,3600.58,0,0,0,0,34.47,949,227,634
28893,3562.95,0,0,0,0,36.77,949,227,634
28943,3610.11,0,0,0,0,42.10,949,227,634
28993,3569.73,0,0,0,0,50.84,949,227,634
29043,3611.85,0,0,0,0,43.80,949,227,634
29093,3558.72,0,0,1,0,51.39,949,228,634
29143,3600.58,0,0,0,0,32.70,949,228,634
29193,3632.84,0,0,0,0,-76.65,949,229,634
29243,3600.58,0,0,0,0,42.10,949,229,634
29293,3567.18,0,0,0,0,44.66,949,229,634
29343,3610.11,0,0,0,0,43.82,949,229,634
29393,3577.39,0,0,0,0,34.46,949,229,634
29443,3629.32,0,0,0,0,-47.66,949,229,634
29493,3592.81,0,0,0,0,-39.09,949,229,634
29543,3629.32,0,0,0,0,-35.65,949,229,634
29593,3595.40,0,0,0,0,-41.67,949,229,634
29643,3639.01,0,0,0,0,-47.92,949,230,634
29693,3593.67,0,0,0,0,-38.21,949,230,634
29743,3637.25,0,0,0,0,-43.57,949,230,634
29793,3593.67,0,0,0,0,-50.49,949,230,634
29843,3629.32,0,0,0,0,-47.66,949,230,634
29893,3578.24,0,0,0,0,41.45,949,230,634
29943,3629.32,0,0,0,0,-46.81,949,230,634
29993,3584.23,0,0,0,0,-41.67,949,230,634
30043,3630.20,0,0,0,0,-38.25,949,230,634
30093,3593.67,0,0,0,0,-43.22,949,230,634
30143,3639.01,0,0,0,0,-45.34,949,230,634
30193,3591.95,0,0,0,0,-32.26,949,230,634
30243,3610.98,0,0,0,0,33.41,949,230,634
30294,3566.33,0,0,0,0,35.11,949,230,634
30344,3600.58,0,0,0,0,42.93,949,230,634
30394,3551.14,0,0,1,0,36.52,949,232,634
30444,3597.12,0,0,1,0,40.70,949,233,634
30494,3564.64,0,0,0,0,34.21,949,233,634
30544,3586.80,0,0,1,0,30.42,949,234,634
30594,3553.66,0,0,1,0,45.19,949,236,634
30644,3611.85,0,0,0,0,23.86,949,236,634
30694,3564.64,0,0,0,0,24.74,949,236,634
30744,3610.11,0,0,0,0,42.95,949,236,634
30794,3573.98,0,0,0,0,38.74,949,236,634
30844,3618.82,0,0,0,0,-49.21,949,236,634
30894,3619.69,0,0,0,0,-49.21,949,236,634
30944,3572.28,0,0,0,0,527.20,960,236,640
30994,3605.77,0,-5,0,-5,-835.00,969,236,646
31044,3497.32,0,1,0,0,415.04,978,236,651
31094,3559.56,0,0,1,0,55.77,980,237,651
31144,3521.95,0,1,0,0,37.61,982,238,651
31194,3558.72,0,0,1,0,-29.31,982,240,651
31244,3532.74,0,0,1,0,33.60,982,242,651
31294,3564.64,0,0,0,0,-31.07,982,243,651
31344,3543.59,0,0,1,0,32.95,982,245,651
31394,42492.92,-9142,-505,0,-8645,-38905.26,1487,246,9296
31444,3529.41,0,0,0,0,193.60,1489,246,9296
31494,3568.88,0,0,0,0,-45.27,1489,246,9296
31544,3534.40,0,0,1,0,40.43,1489,248,9296
31594,3498.13,0,1,0,0,32.94,1490,250,9296
31644,3520.30,0,1,0,0,35.04,1491,251,9296
31694,3557.03,0,0,1,0,-33.42,1491,252,9296
31744,3520.30,0,1,0,0,37.57,1492,253,9296
31794,3565.49,0,0,0,0,-32.75,1492,254,9296
31844,3532.74,0,0,1,0,32.75,1492,256,9296
31894,3522.78,0,1,0,0,41.86,1493,256,9296
31944,3571.43,0,0,0,0,454.34,1503,256,9303
31994,3500.58,0,1,0,0,389.46,1511,256,9328
32044,3557.87,0,0,1,0,121.30,1514,257,9337
32094,3521.95,0,1,0,0,30.02,1516,258,9337
32144,3568.03,0,0,0,0,-46.08,1517,259,9337
32194,3522.78,0,1,0,0,53.76,1518,260,9337
32244,3568.03,0,0,0,0,-46.08,1519,260,9337
32294,3499.77,0,1,0,0,44.66,1521,261,9337
32344,3557.03,0,0,1,0,-46.62,1522,263,9337
32394,3534.40,0,0,1,0,31.93,1523,264,9337
32444,3574.83,0,0,0,0,-42.10,1523,266,9337
32494,3535.23,0,0,1,0,40.45,1523,268,9337
32544,3585.94,0,0,1,0,51.89,1523,269,9337
32594,3709.20,0,-1,0,0,36.12,2051,269,24908
32644,3546.10,0,0,1,0,-37.33,2052,271,24908
32694,3520.30,0,1,0,0,36.73,2054,272,24908
32744,3574.83,0,0,0,0,-40.43,2054,273,24908
32794,3545.26,0,0,1,0,29.57,2054,275,24908
32844,3535.23,0,0,1,0,30.25,2054,276,24908
32894,3584.23,0,-4,0,-4,-755.25,2063,276,24913
32944,3500.58,0,1,0,0,374.38,2070,276,24936
32994,3598.85,0,0,1,0,100.54,2070,278,24936
33044,3546.10,0,0,1,0,45.85,2070,280,24936
33094,3585.94,0,0,1,0,27.20,2070,281,24936
33144,3534.40,0,0,1,0,30.24,2070,283,24936
33195,3557.03,0,0,1,0,-35.08,2071,284,24936
33245,3532.74,0,0,1,0,39.54,2071,285,24936
33295,3576.54,0,0,0,0,-43.80,2071,286,24936
33345,3534.40,0,0,1,0,42.14,2071,288,24936
33395,3598.85,0,0,1,0,28.72,2071,289,24936
33445,3546.10,0,0,1,0,28.73,2071,291,24936
33495,3585.94,0,0,1,0,40.43,2071,292,24936
33545,3532.74,0,0,1,0,20.08,2071,295,24936
33595,3568.03,0,0,0,0,-46.08,2072,295,24936
33645,3533.57,0,0,1,0,37.86,2073,296,24936
33695,3576.54,0,0,0,0,-43.80,2073,297,24936
33745,3544.42,0,0,1,0,32.97,2073,299,24936
33795,3586.80,0,0,1,0,43.48,2073,300,24936
33845,3562.95,0,0,0,0,24.71,2073,301,24936
33895,3611.85,0,0,0,0,35.90,2073,301,24936
33945,3558.72,0,0,1,0,52.26,2073,302,24936
33995,3611.85,0,0,0,0,41.19,2073,302,24936
34045,3582.52,0,0,0,0,-43.30,2073,302,24936
34095,3630.20,0,0,0,0,-49.40,2073,302,24936
34145,3593.67,0,0,0,0,-46.15,2073,302,24936
34195,3646.97,0,0,-1,0,-53.30,2073,303,24936
34245,3604.04,0,0,-1,0,-51.60,2073,304,24936
34295,3642.54,0,0,-1,0,-38.51,2073,306,24936
34345,3613.59,0,0,-1,0,-45.66,2073,307,24936
34395,3652.30,0,0,-1,0,-36.97,2073,309,24936
34445,3615.33,0,0,-1,0,-41.26,2073,310,24936
34495,3671.97,0,0,0,0,-56.64,2073,311,24936
34545,3613.59,0,0,-1,0,-49.42,2073,312,24936
34595,3662.11,0,0,-1,0,-46.78,2073,314,24936
34646,3614.46,0,0,-1,0,-45.04,2073,315,24936
34696,3643.43,0,0,-1,0,-28.10,2073,317,24936
34746,3615.33,0,0,-1,0,-44.80,2073,318,24936
34796,3661.22,0,0,-1,0,-35.40,2073,320,24936
34846,3604.04,0,0,-1,0,-29.93,2073,321,24936
34896,3627.57,0,0,0,0,-33.89,2073,321,24936
34946,3593.67,0,0,0,0,-50.49,2073,321,24936
34996,3620.56,0,0,0,0,-38.05,2073,321,24936
35046,3576.54,0,0,0,0,35.31,2073,321,24936
35096,3610.11,0,0,0,0,32.72,2073,321,24936
35146,3575.69,0,0,0,0,36.16,2073,321,24936
35196,3612.72,0,0,0,0,31.86,2073,321,24936
35246,3585.94,0,0,0,0,31.86,2073,321,24936
35296,3628.45,0,0,0,0,-41.65,2073,321,24936
35346,3580.81,0,0,0,0,-45.80,2073,321,24936
35396,3610.11,0,0,0,0,37.07,2073,321,24936
35446,3576.54,0,0,0,0,34.44,2073,321,24936
35496,3612.72,0,0,0,0,52.58,2073,321,24936
35546,3571.43,0,0,0,0,51.76,2073,321,24936
35596,3630.20,0,0,0,0,-49.40,2073,321,24936
35646,3631.96,0,0,0,0,-59.68,2073,321,24936
35696,3599.71,0,0,0,0,34.24,2073,321,24936
35746,3568.03,0,0,0,0,42.08,2073,321,24936
35796,3611.85,0,0,0,0,46.41,2073,321,24936
35846,3577.39,0,0,0,0,35.33,2073,321,24936
35896,3576.54,0,0,0,0,0.85,2073,321,24936
35946,3536.90,0,0,1,0,50.76,2073,323,24936
35996,3598.85,0,0,1,0,32.31,2073,324,24936
36046,3596.26,0,0,1,0,40.13,2073,325,24936
36096,3561.25,0,0,0,0,564.16,2084,325,24943
36146,3503.04,0,1,0,0,288.67,2089,325,24958
36196,3558.72,0,0,1,0,209.18,2092,326,24967
36246,3603.17,0,-1,0,-7,-206.54,2094,326,24974
36296,3527.75,0,0,0,0,57.33,2095,326,24974
36346,3567.18,0,0,0,0,-53.48,2096,326,24974
36396,3498.95,0,1,0,0,45.47,2098,327,24974
36446,3546.10,0,0,1,0,-47.15,2099,329,24974
36496,3498.95,0,1,0,0,47.99,2101,330,24974
36546,3545.26,0,0,1,0,-44.68,2102,332,24974
36596,3509.59,0,1,0,0,25.64,2104,333,24974
36646,3545.26,0,0,1,0,-44.68,2105,335,24974
36696,3521.13,0,1,0,0,35.06,2107,336,24974
36746,3555.34,0,0,1,0,-33.39,2108,338,24974
36796,3521.95,0,1,0,0,46.08,2110,338,24974
36846,3555.34,0,0,1,0,-21.78,2110,340,24974
36896,3544.42,0,0,1,0,25.31,2110,341,24974
36946,3598.85,0,0,1,0,29.57,2110,342,24974
36996,3575.69,0,0,0,0,-33.77,2110,343,24974
37046,3546.94,0,0,1,0,192.78,2113,344,24987
37096,3557.87,0,0,1,0,55.71,2114,345,24987
37146,3523.61,0,0,0,0,43.57,2115,345,24987
37196,3559.56,0,0,1,0,-34.30,2115,346,24987
37246,3520.30,0,1,0,0,37.57,2117,347,24987
37296,3563.79,0,0,0,0,-31.06,2117,349,24987
37346,3534.40,0,0,1,0,30.24,2117,351,24987
37396,3553.66,0,0,1,0,-20.09,2117,353,24987
37446,3512.06,0,1,0,0,55.97,2119,353,24987
37496,3574.83,0,0,0,0,-40.43,2119,354,24987
37547,3546.10,0,0,1,0,29.59,2119,356,24987
37597,3597.98,0,0,1,0,41.78,2119,357,24987
37647,3526.09,0,0,0,0,74.48,2119,357,24987
37697,3617.94,0,0,-1,0,-132.44,2119,358,24987
37747,3581.66,0,0,0,0,-44.24,2119,358,24987
37797,3600.58,0,0,0,0,29.90,2119,358,24987
37847,3564.64,0,0,0,0,34.21,2119,358,24987
37897,3611.85,0,0,0,0,25.71,2119,358,24987
37947,3568.03,0,0,0,0,43.82,2119,358,24987
37997,3620.56,0,0,0,0,-38.05,2119,358,24987
38047,3582.52,0,0,0,0,-41.69,2119,358,24987
38097,3623.19,0,0,0,0,-45.80,2119,358,24987
38147,3594.54,0,0,0,0,-57.21,2119,358,24987
38197,3642.54,0,0,-1,0,-39.37,2119,359,24987
38247,3604.04,0,0,0,0,-34.79,2119,359,24987
38297,3643.43,0,0,-1,0,-38.53,2119,360,24987
38347,3615.33,0,0,-1,0,-28.10,2119,361,24987
38397,3653.19,0,0,-1,0,-38.73,2119,363,24987
38447,3626.69,0,0,0,0,35.42,2119,364,24987
38497,3650.52,0,0,-1,0,-20.32,2119,365,24987
38547,3626.69,0,0,0,0,23.83,2119,366,24987
38597,3643.43,0,0,-1,0,-40.26,2119,368,24987
38647,3593.67,0,0,0,0,-45.34,2119,368,24987
38697,3638.13,0,0,0,0,-44.45,2119,368,24987
38747,3583.37,0,0,0,0,-39.91,2119,368,24987
38797,3639.01,0,0,0,0,-47.06,2119,368,24987
38847,3581.66,0,0,0,0,-38.23,2119,368,24987
38897,3618.82,0,0,0,0,-46.79,2119,368,24987
38947,3580.81,0,0,0,0,-40.83,2119,368,24987
38998,3638.13,0,0,0,0,-43.59,2119,368,24987
39048,3593.67,0,0,0,0,-41.01,2119,368,24987
39098,3638.13,0,0,0,0,-45.31,2119,368,24987
39148,3602.31,0,0,-1,0,-50.76,2119,369,24987
39198,3642.54,0,0,-1,0,-38.51,2119,371,24987
39248,3586.80,0,0,-1,0,-38.51,2119,371,24987
39298,3623.19,0,0,0,0,-46.65,2119,371,24987
39348,3577.39,0,0,0,0,34.46,2119,371,24987
39398,3611.85,0,0,0,0,40.36,2119,371,24987
39448,3582.52,0,0,0,0,-50.06,2119,371,24987
39498,3639.01,0,0,0,0,-56.49,2119,371,24987
39548,3558.72,0,0,1,0,41.86,2119,372,24987
39598,3585.94,0,0,1,0,27.87,2119,373,24987
39648,3546.10,0,0,1,0,51.02,2119,375,24987
39698,3599.71,0,0,0,0,-31.29,2119,375,24987
39748,3571.43,0,0,0,0,28.28,2119,375,24987
39798,3624.06,0,0,0,0,-48.38,2119,375,24987
39848,3592.81,0,0,0,0,-55.16,2119,375,24987
39898,3618.82,0,0,0,0,-28.62,2119,375,24987
39948,3569.73,0,0,0,0,50.84,2119,375,24987
39998,3576.54,0,0,0,0,-43.80,2119,376,24987
40048,3544.42,0,0,1,0,48.39,2119,377,24987
40098,3567.18,0,0,0,0,-49.36,2120,377,24987
40148,3546.10,0,0,1,0,28.73,2120,379,24987
40198,3537.74,0,0,1,0,48.21,2120,380,24987
40248,3503.04,0,1,0,0,262.97,2125,380,25002
40298,3559.56,0,0,1,0,155.15,2126,382,25007
40348,3593.67,0,0,0,0,-109.55,2126,382,25007
40398,3429.36,0,2,0,0,91.77,2129,383,25007
40448,3358.71,0,3,0,0,-9.75,2137,383,25007
40498,3216.12,0,4,0,0,74.07,2149,383,25007
40548,3152.58,0,5,0,0,54.60,2159,383,25007
40598,3177.97,0,5,0,0,-52.31,2175,383,25007
40648,3110.10,4,6,0,0,59.81,2192,383,25007
40698,3110.10,0,6,0,0,57.80,2203,383,25007
40748,3187.42,0,5,0,0,-68.92,2219,383,25007
40798,3203.76,0,5,0,0,-70.93,2230,383,25007
40848,3182.01,0,5,0,0,134.37,2244,383,25017
40898,3278.69,0,4,0,0,-78.35,2257,383,25017
40949,3253.09,3,4,0,0,47.24,2268,383,25017
40999,3280.84,0,4,0,0,46.58,2275,383,25017
41049,3386.00,0,2,0,0,-79.13,2283,383,25017
41099,3369.27,0,2,0,0,38.27,2290,383,25017
41149,3460.21,0,1,0,0,-71.14,2295,383,25017
41199,3449.07,0,1,0,0,43.36,2299,383,25017
41249,3545.26,0,0,1,0,-64.98,2301,384,25017
41299,3755.63,0,-2,0,0,48509.17,2936,384,25017
41349,3547.78,0,0,1,0,630.50,2948,385,25027
41399,3624.06,0,0,0,0,144.78,2952,385,25041
41449,3568.03,0,0,0,0,210.31,2956,385,25055
41499,3624.94,0,0,0,0,92.53,2958,385,25064
41549,3579.95,0,0,0,0,148.61,2960,385,25074
41600,3636.36,0,0,0,0,82.03,2962,385,25082
41650,3579.10,0,0,0,0,199.24,2965,385,25094
41700,3588.52,0,-2,0,-13,-332.92,2968,385,25107
41750,3501.40,0,1,0,0,331.00,2974,385,25123
41800,3624.06,0,0,0,0,203.44,2977,385,25137
41850,3502.22,0,1,0,0,362.77,2983,385,25157
41900,3613.59,0,-2,0,-13,-335.65,2986,385,25170
41950,3562.95,0,0,0,0,36.77,2986,385,25170
42000,3587.66,0,0,1,0,40.45,2986,386,25170
42050,3533.57,0,0,1,0,41.26,2986,387,25170
42100,3535.23,0,0,1,0,11.70,2986,389,25170
42150,3545.26,0,0,1,0,46.69,2986,390,25170
42200,3587.66,0,0,1,0,61.92,2986,391,25170
42250,3534.40,0,0,1,0,41.28,2986,393,25170
42300,3597.98,0,0,1,0,62.78,2986,394,25170
42350,3545.26,0,0,1,0,53.59,2986,396,25170
42400,3610.11,0,0,1,0,43.46,2986,397,25170
42450,54347.83,-7254,-659,0,-6602,-50802.57,3645,399,31772
42500,3562.10,0,0,0,0,112.57,3646,399,31772
42550,3558.72,0,0,1,0,41.86,3646,400,31772
42600,3598.85,0,0,1,0,48.78,3646,401,31772
42650,3557.87,0,0,1,0,53.97,3646,402,31772
42700,3623.19,0,0,0,0,-51.76,3646,402,31772
42750,3581.66,0,0,0,0,-45.80,3646,402,31772
42800,3648.75,0,0,-1,0,-66.23,3646,403,31772
42850,3593.67,0,0,0,0,-55.64,3646,403,31772
42900,3606.64,0,0,0,0,-45.34,3646,403,31772
42950,3602.31,0,0,-1,0,-16.02,3646,405,31772
43000,3653.19,0,0,-1,0,-50.02,3646,407,31772
43051,3604.04,0,0,-1,0,-56.34,3646,408,31772
43101,3671.97,0,0,0,0,-65.33,3646,408,31772
43151,3629.32,0,0,0,0,45.34,3646,408,31772
43201,3833.38,0,-3,0,0,-88.06,4323,408,41835
43251,3629.32,0,0,0,0,54.37,4324,408,41835
43301,3695.49,0,-1,0,0,-54.71,4326,409,41835
43351,3628.45,0,0,0,0,44.42,4326,409,41835
43401,3663.00,0,0,-1,0,-45.06,4327,410,41835
43451,3614.46,0,0,-1,0,-52.00,4327,411,41835
43501,3642.54,0,0,-1,0,-27.22,4327,413,41835
43551,3603.17,0,0,-1,0,-45.66,4327,414,41835
43601,3652.30,0,0,-1,0,-37.84,4327,416,41835
43651,3583.37,0,0,0,0,-30.45,4327,416,41835
43701,3639.89,0,0,0,0,-59.09,4327,416,41835
43751,3593.67,0,0,0,0,-45.82,4327,416,41835
43801,3629.32,0,0,0,0,-46.81,4327,416,41835
43851,3558.72,0,0,1,0,53.13,4327,417,41835
43901,3600.58,0,0,0,0,34.18,4327,417,41835
43951,3568.88,0,0,0,0,42.10,4327,417,41835
44001,3610.98,0,0,0,0,35.92,4327,417,41835
44051,3569.73,0,0,0,0,53.46,4327,417,41835
44101,3609.24,0,0,0,0,-52.58,4327,417,41835
44151,3570.58,0,0,0,0,53.49,4327,417,41835
44201,3623.19,0,0,0,0,-62.78,4327,417,41835
44251,3576.54,0,0,0,0,35.31,4327,417,41835
44301,3612.72,0,0,0,0,52.58,4327,417,41835
44351,3560.41,0,0,0,0,61.03,4327,417,41835
44401,3623.19,0,0,0,0,-56.01,4327,417,41835
44451,3571.43,0,0,0,0,51.76,4327,417,41835
44502,3634.60,0,0,0,0,-64.87,4327,417,41835
44552,3592.81,0,-1,0,-6,-191.83,4329,417,41841
44602,3629.32,0,0,0,0,-37.37,4329,417,41841
44652,3580.81,0,0,0,0,-32.05,4329,417,41841
44702,3637.25,0,0,0,0,-54.73,4329,417,41841
44752,3570.58,0,0,0,0,52.61,4329,417,41841
44802,3621.44,0,0,0,0,-52.56,4329,417,41841
44852,3570.58,0,0,0,0,52.61,4329,417,41841
44902,3635.48,0,0,0,0,-65.75,4329,417,41841
44952,3581.66,0,0,0,0,-44.97,4329,417,41841
45002,3623.19,0,0,0,0,-45.80,4329,417,41841
45052,3581.66,0,0,0,0,-45.82,4329,417,41841
45102,3638.13,0,0,0,0,-55.61,4329,417,41841
45152,3580.81,0,0,0,0,-32.91,4329,417,41841
45202,3630.20,0,0,0,0,-47.69,4329,417,41841
45252,3583.37,0,0,0,0,-40.81,4329,417,41841
45302,3629.32,0,0,0,0,-46.81,4329,417,41841
45352,3581.66,0,0,-1,0,-56.66,4329,418,41841
45402,3624.06,0,0,0,0,-53.49,4329,418,41841
45452,3582.52,0,0,0,0,-55.48,4329,418,41841
45502,3630.20,0,0,0,0,-49.40,4329,418,41841
45552,3582.52,0,0,0,0,-41.49,4329,418,41841
45602,3630.20,0,0,0,0,-48.54,4329,419,41841
45652,3592.81,0,0,0,0,-44.09,4329,419,41841
45702,3639.01,0,0,0,0,-45.34,4329,419,41841
45752,3577.39,0,0,0,0,39.68,4329,419,41841
45802,3620.56,0,0,0,0,-38.05,4329,419,41841
45852,3582.52,0,0,0,0,-40.81,4329,419,41841
45902,3630.20,0,0,0,0,-47.69,4329,419,41841
45952,3582.52,0,0,0,0,-57.21,4329,419,41841
46002,3639.01,0,0,0,0,-57.35,4329,419,41841
46052,3593.67,0,0,0,0,-55.48,4329,419,41841
46102,3629.32,0,0,0,0,-47.66,4329,419,41841
46152,3581.66,0,0,0,0,-46.70,4329,419,41841
46202,3637.25,0,0,0,0,-54.73,4329,419,41841
46252,3582.52,0,0,0,0,-51.35,4329,419,41841
46302,3634.60,0,0,0,0,-62.32,4329,419,41841
46352,3571.43,0,0,0,0,49.14,4329,419,41841
46402,3620.56,0,0,0,0,-38.05,4329,419,41841
46452,3582.52,0,0,0,0,-58.09,4329,419,41841
46502,3629.32,0,0,0,0,-35.65,4329,419,41841
46552,3580.81,0,0,-1,0,-53.17,4329,420,41841
46602,3638.13,0,0,0,0,-44.45,4329,420,41841
46652,3591.95,0,0,0,0,-40.16,4329,420,41841
46702,3647.86,0,0,-1,0,-55.05,4329,422,41841
46752,3593.67,0,0,0,0,-42.75,4329,422,41841
46802,3639.01,0,0,0,0,-47.06,4329,423,41841
46852,3592.81,0,0,0,0,-48.78,4329,423,41841
46902,3639.01,0,0,0,0,-46.20,4329,424,41841
46952,3580.81,0,0,-1,0,-54.94,4329,425,41841
47002,3639.01,0,0,0,0,-58.20,4329,425,41841
47052,3593.67,0,0,0,0,-53.77,4329,425,41841
47102,3618.82,0,0,-1,0,-47.10,4329,426,41841
47152,3570.58,0,0,0,0,52.61,4329,426,41841
47202,3621.44,0,0,0,0,-50.01,4329,426,41841
47252,3557.87,0,0,1,0,54.84,4329,427,41841
47302,3611.85,0,0,0,0,32.70,4329,427,41841
47352,3585.09,0,0,0,0,32.70,4329,427,41841
47403,3630.20,0,0,0,0,-48.54,4329,427,41841
47453,3585.09,0,0,0,0,-48.54,4329,427,41841
47503,3637.25,0,0,0,0,-54.73,4329,427,41841
47553,3593.67,0,0,0,0,-50.49,4329,427,41841
47603,3639.89,0,0,0,0,-56.52,4329,427,41841
47653,3593.67,0,0,0,0,-58.06,4329,427,41841
47703,3620.56,0,0,0,0,-38.90,4329,427,41841
47753,3583.37,0,0,0,0,-58.09,4329,427,41841
47803,3630.20,0,0,0,0,-48.54,4329,427,41841
47853,3583.37,0,0,0,0,-43.22,4329,427,41841
47903,3629.32,0,0,0,0,-38.23,4329,428,41841
47953,3581.66,0,0,0,0,-40.81,4329,428,41841
48003,3618.82,0,0,0,0,-40.65,4329,428,41841
48053,3581.66,0,0,0,0,-38.23,4329,428,41841
48103,3630.20,0,0,0,0,-46.83,4329,428,41841
48153,3583.37,0,0,0,0,-40.81,4329,428,41841
48203,3619.69,0,0,0,0,-47.71,4329,428,41841
48253,3586.80,0,0,0,0,49.96,4329,428,41841
48303,3629.32,0,0,0,0,-46.81,4329,428,41841
48353,3582.52,0,0,0,0,-58.94,4329,428,41841
48403,3629.32,0,0,0,0,-47.66,4329,428,41841
48453,3583.37,0,0,0,0,-38.19,4329,428,41841
48503,3630.20,0,0,0,0,-49.40,4329,428,41841
48553,3584.23,0,0,0,0,-53.43,4329,428,41841
48603,3620.56,0,0,0,0,-38.90,4329,428,41841
48653,3581.66,0,0,0,0,-44.97,4329,428,41841
48703,3630.20,0,0,0,0,-47.69,4329,428,41841
48753,3581.66,0,0,0,0,-39.09,4329,428,41841
48803,3629.32,0,0,0,0,-46.81,4329,428,41841
48854,3567.18,0,0,0,0,43.80,4329,428,41841
48904,3621.44,0,0,0,0,-44.05,4329,428,41841
48954,3556.19,0,0,1,0,56.53,4329,429,41841
49004,3610.11,0,0,1,0,50.50,4329,430,41841
49054,3568.88,0,0,0,0,41.23,4329,430,41841
49104,3623.19,0,0,0,0,-46.65,4329,430,41841
49154,3582.52,0,0,0,0,-46.65,4329,430,41841
49204,3635.48,0,0,0,0,-55.53,4329,431,41841
49254,3593.67,0,0,0,0,-41.69,4329,431,41841
49304,3647.86,0,0,-1,0,-55.05,4329,433,41841
49354,3592.81,0,0,-1,0,-63.66,4329,434,41841
49404,3629.32,0,0,0,0,-35.65,4329,434,41841
49454,3593.67,0,0,0,0,-41.69,4329,434,41841
49504,3610.11,0,0,0,0,-28.64,4329,434,41841
49554,3571.43,0,0,0,0,50.89,4329,434,41841
49604,3587.66,0,0,1,0,53.08,4329,435,41841
49654,3557.87,0,0,1,0,42.70,4329,436,41841
49704,3597.12,0,0,1,0,51.39,4329,437,41841
49754,3598.85,0,0,0,0,36.71,4329,437,41841
49804,3551.14,0,0,1,0,422.37,4337,438,41845
49854,3501.40,0,1,0,0,384.61,4344,438,41878
49904,3502.22,0,1,0,0,315.55,4348,438,41893
49954,3591.95,0,-1,0,-6,-194.72,4350,438,41899
50004,3547.78,0,0,1,0,83.31,4351,439,41899
50054,3598.85,0,0,1,0,39.17,4351,440,41899
50104,3573.13,0,0,0,0,25.72,4351,440,41899
50154,3629.32,0,0,0,0,-47.66,4351,440,41899
50204,3613.59,0,0,-1,0,-56.90,4351,441,41899
50254,3661.22,0,0,-1,0,-36.28,4351,442,41899
50304,3629.32,0,0,0,0,50.75,4352,442,41899
50354,3695.49,0,-1,0,0,-40.52,4354,443,41899
50404,3672.87,0,0,0,0,115.01,4356,443,41906
50454,3673.77,0,0,0,0,47.39,4366,443,41911
50504,3723.93,0,-1,0,0,-48.36,4368,443,41911
50554,3675.57,0,0,0,0,32.71,4369,444,41911
50604,3723.01,0,-1,0,0,-47.44,4371,444,41911
50654,3687.32,0,-1,0,0,46.81,4374,444,41911
50704,3724.86,0,-1,0,0,-49.29,4376,444,41911
50754,3686.41,0,-1,0,0,38.45,4379,444,41911
50804,3734.13,0,-1,0,0,-46.81,4382,444,41911
50854,3687.32,0,-1,0,0,36.62,4385,444,41911
50904,3710.12,0,-1,0,0,-10.98,4388,444,41911
50954,3675.57,0,0,0,0,46.51,4390,444,41911
51004,3722.08,0,-1,0,0,-44.71,4393,444,41911
51054,3663.90,0,0,-1,0,33.42,4394,445,41911
51104,3673.77,0,0,0,0,126.59,4396,446,41920
51154,3716.55,0,-1,0,0,179.55,4403,446,41957
51204,3662.11,0,0,-1,0,552.56,4414,447,41965
51254,3671.97,0,0,0,0,-32.96,4425,447,41973
51304,3628.45,0,0,0,0,57.06,4426,447,41973
51354,3684.60,0,-1,0,0,-44.71,4428,447,41973
51404,3604.90,0,0,0,0,4.39,4428,447,41973
51454,3639.01,0,0,0,0,-45.34,4428,447,41973
51504,3572.28,0,0,0,0,55.29,4428,447,41973
51554,3586.80,0,0,1,0,46.05,4428,448,41973
51604,3553.66,0,0,1,0,45.19,4428,450,41973
51654,3600.58,0,0,0,0,34.18,4428,450,41973
51704,3531.07,0,0,1,0,24.27,4428,452,41973
51755,3517.00,0,1,0,0,494.77,4439,452,41979
51805,3503.04,0,1,0,0,288.67,4445,452,42002
51855,3512.88,0,1,0,0,100.71,4447,452,42002
51905,3566.33,0,0,0,0,-43.55,4448,453,42002
51955,3520.30,0,1,0,0,35.89,4450,454,42002
52005,3565.49,0,0,0,0,-34.41,4450,456,42002
52055,3544.42,0,0,1,0,21.06,4450,458,42002
52105,3576.54,0,0,0,0,-32.11,4450,459,42002
52155,3562.95,0,0,0,0,24.71,4450,460,42002
52205,3611.85,0,0,0,0,23.17,4450,460,42002
52255,3596.26,0,0,0,0,23.17,4450,460,42002
52305,3647.86,0,0,-1,0,-55.91,4450,462,42002
52355,3604.04,0,0,-1,0,-46.53,4450,463,42002
52405,3652.30,0,0,-1,0,-38.71,4450,465,42002
52455,3625.82,0,0,0,0,36.29,4450,466,42002
52505,3673.77,0,0,0,0,-48.83,4450,467,42002
52555,3641.66,0,0,-1,0,32.11,4450,468,42002
52605,3672.87,0,0,0,0,-24.12,4450,470,42002
52655,3653.19,0,0,-1,0,18.78,4450,472,42002
52705,3672.87,0,0,0,0,-21.46,4451,473,42002
52755,3641.66,0,0,-1,0,30.31,4451,475,42002
52805,3673.77,0,0,0,0,-36.52,4452,475,42002
52855,3625.82,0,0,0,0,29.16,4452,476,42002
52905,3573.13,0,0,0,0,120.54,4453,476,42002
52955,3553.66,0,0,1,0,45.19,4453,478,42002
53005,3601.44,0,0,0,0,41.09,4453,478,42002
53055,3546.10,0,0,1,0,39.84,4453,480,42002
53105,3597.12,0,0,1,0,31.46,4453,481,42002
53155,3562.10,0,0,0,0,37.61,4453,481,42002
53206,3587.66,0,0,1,0,34.01,4453,482,42002
53256,3566.33,0,0,0,0,34.24,4453,482,42002
53306,3610.98,0,0,0,0,42.08,4453,482,42002
53356,3566.33,0,0,0,0,45.51,4453,482,42002
53406,3692.76,0,-1,0,-5,-185.63,4455,482,42007
53456,3571.43,0,0,0,0,51.76,4455,482,42007
53506,3611.85,0,0,0,0,43.80,4455,482,42007
53556,3571.43,0,0,0,0,50.89,4455,482,42007
53606,3629.32,0,0,0,0,-47.66,4455,482,42007
53656,3580.81,0,0,0,0,-49.63,4455,482,42007
53706,3630.20,0,0,0,0,-47.69,4455,482,42007
53756,3580.81,0,0,0,0,-57.24,4455,482,42007
53806,3625.82,0,0,0,0,-33.00,4455,483,42007
53856,3593.67,0,0,0,0,-49.63,4455,483,42007
53906,3575.69,0,0,0,0,-30.42,4455,484,42007
53956,3546.10,0,0,1,0,40.70,4455,486,42007
54006,3597.98,0,0,1,0,31.46,4455,487,42007
54056,3573.13,0,0,0,0,26.58,4455,487,42007
54106,3586.80,0,0,1,0,44.35,4455,488,42007
54156,3544.42,0,0,1,0,32.11,4455,490,42007
54206,3599.71,0,0,1,0,32.28,4455,491,42007
54256,3568.03,0,0,0,0,32.55,4455,491,42007
54306,3600.58,0,0,0,0,42.08,4455,491,42007
54356,3576.54,0,0,0,0,35.31,4455,491,42007
54406,3618.82,0,0,0,0,35.31,4455,491,42007
54456,3580.81,0,0,0,0,-46.83,4455,491,42007
54506,3618.82,0,0,0,0,-46.83,4455,491,42007
54556,3594.54,0,0,0,0,-39.09,4455,491,42007
54606,3631.96,0,0,0,0,-27.06,4455,491,42007
54656,3593.67,0,0,0,0,-49.63,4455,491,42007
54706,3630.20,0,0,0,0,-49.40,4455,491,42007
54756,3586.80,0,0,0,0,-49.40,4455,491,42007
54806,3627.57,0,0,0,0,-33.89,4455,491,42007
54856,3591.95,0,0,0,0,-40.83,4455,491,42007
54906,3643.43,0,0,-1,0,-38.53,4455,492,42007
54956,3615.33,0,0,-1,0,-39.39,4455,493,42007
55006,3650.52,0,0,-1,0,-36.07,4455,495,42007
55056,3604.04,0,0,-1,0,-47.42,4455,496,42007
55106,3652.30,0,0,-1,0,-38.71,4455,498,42007
55156,3615.33,0,0,-1,0,-24.61,4455,499,42007
55206,3649.63,0,0,-1,0,-24.70,4455,501,42007
55256,3615.33,0,0,-1,0,-25.48,4455,502,42007
55306,3653.19,0,0,-1,0,-49.15,4455,504,42007
55356,3615.33,0,0,-1,0,-36.12,4455,505,42007
55406,3650.52,0,0,-1,0,-36.07,4455,507,42007
55456,3614.46,0,0,-1,0,-33.48,4455,508,42007
55506,3557.87,0,0,1,0,45.30,4455,510,42007
55556,3545.26,0,0,1,0,29.57,4455,512,42007
55606,3585.94,0,0,1,0,38.15,4455,513,42007
55656,3546.10,0,0,1,0,28.73,4455,515,42007
55706,3587.66,0,0,1,0,41.78,4455,516,42007
55756,3567.18,0,0,0,0,33.39,4455,516,42007
55806,3568.03,0,0,0,0,-5.08,4455,516,42007
55856,3533.57,0,0,1,0,42.97,4455,518,42007
55906,3554.50,0,0,1,0,-9.24,4455,520,42007
55956,3532.74,0,0,1,0,23.45,4456,522,42007
56006,3534.40,0,0,1,0,39.58,4456,523,42007
56056,3582.52,0,-5,0,-5,-851.08,4466,523,42013
56107,3551.14,0,0,1,0,415.02,4474,524,42017
56157,3501.40,0,1,0,0,328.06,4480,524,42043
56207,3537.74,0,0,1,0,142.34,4482,525,42049
56257,3574.83,0,0,0,0,-28.73,4482,526,42049
56307,3533.57,0,0,1,0,40.41,4482,527,42049
56357,3554.50,0,0,1,0,-14.26,4482,529,42049
56407,3504.67,0,1,0,0,18.94,4484,529,42049
56457,3535.23,0,0,1,0,-24.82,4485,531,42049
56507,3500.58,0,1,0,0,43.84,4487,532,42049
56557,3534.40,0,0,1,0,-42.78,4489,533,42049
56607,3520.30,0,1,0,0,24.96,4491,534,42049
56657,3568.03,0,0,0,0,-45.25,4492,534,42049
56707,3544.42,0,0,1,0,32.11,4492,536,42049
56757,3587.66,0,0,1,0,31.44,4492,537,42049
56807,3554.50,0,0,1,0,33.16,4492,539,42049
56857,3589.38,0,0,0,0,36.75,4492,539,42049
56907,3555.34,0,0,1,0,32.31,4492,541,42049
56957,3621.44,0,0,0,0,-61.88,4492,542,42049
57007,3580.81,0,0,0,0,-56.85,4492,542,42049
57057,3622.31,0,0,0,0,-53.43,4492,542,42049
57107,3581.66,0,0,0,0,-47.53,4492,542,42049
57157,3648.75,0,0,-1,0,-55.07,4492,543,42049
57207,3604.04,0,0,-1,0,-54.21,4492,544,42049
57257,3652.30,0,0,-1,0,-49.13,4492,546,42049
57307,3614.46,0,0,-1,0,-46.55,4492,547,42049
57357,3642.54,0,0,-1,0,-38.51,4492,549,42049
57407,3613.59,0,0,-1,0,-45.66,4492,550,42049
57457,3662.11,0,0,-1,0,-46.78,4492,552,42049
57507,3614.46,0,0,-1,0,-34.36,4492,553,42049
57558,3652.30,0,0,-1,0,-37.84,4492,555,42049
57608,3613.59,0,0,-1,0,-44.19,4492,556,42049
57658,3653.19,0,0,-1,0,-38.73,4492,558,42049
57708,3613.59,0,0,-1,0,-24.60,4492,559,42049
57758,3652.30,0,0,-1,0,-48.26,4492,561,42049
57808,3615.33,0,0,-1,0,-44.80,4492,562,42049
57858,3662.11,0,0,-1,0,-58.07,4492,564,42049
57908,3583.37,0,0,0,0,-18.29,4492,564,42049
57958,3619.69,0,0,0,0,-39.81,4492,564,42049
58008,3577.39,0,0,0,0,23.19,4492,564,42049
58058,3589.38,0,0,0,0,33.33,4492,564,42049
58108,3534.40,0,0,1,0,29.39,4492,566,42049
58158,3574.83,0,0,0,0,-40.43,4492,567,42049
58208,3537.74,0,0,1,0,48.21,4492,569,42049
58258,3597.98,0,0,1,0,38.99,4492,570,42049
58308,3546.94,0,0,1,0,39.01,4492,572,42049
58358,3598.85,0,0,1,0,29.74,4492,573,42049
58408,3562.95,0,0,0,0,35.90,4492,574,42049
58458,3557.03,0,0,1,0,43.55,4492,575,42049
58508,3606.64,0,-4,0,-4,-672.39,4500,575,42054
58558,3562.10,0,0,0,0,363.57,4508,575,42058
58608,3501.40,0,1,0,0,338.85,4515,575,42077
58658,3557.87,0,0,1,0,236.71,4518,576,42089
58708,3603.17,0,-1,0,-8,-216.98,4520,576,42097
58758,3518.65,0,1,0,0,77.61,4522,576,42097
58808,3503.04,0,1,0,0,-32.42,4525,576,42097
58858,3469.81,0,1,0,0,43.07,4528,576,42097
58908,3513.70,0,1,0,0,-43.89,4531,576,42097
58958,3460.21,0,1,0,0,30.60,4534,576,42097
59008,3501.40,0,1,0,0,-41.19,4537,576,42097
59058,3471.42,0,1,0,0,33.25,4540,576,42097
59108,3501.40,0,1,0,0,-31.59,4543,576,42097
59158,3512.88,0,1,0,0,-35.02,4545,576,42097
59208,3309.80,9,3,0,20,501.18,4554,576,42139
59258,3535.23,0,0,1,0,39.60,4554,577,42151
59308,3501.40,0,1,0,0,39.68,4556,578,42151
59358,3522.78,0,1,0,0,-41.69,4559,578,42151
59408,3488.37,0,1,0,0,46.86,4561,579,42151
59458,3524.44,0,0,0,0,-34.44,4562,580,42151
59508,3470.62,0,1,0,0,41.44,4565,580,42151
59558,3534.40,0,0,1,0,-54.93,4566,582,42151
59608,3499.77,0,1,0,0,47.17,4568,583,42151
59658,3568.03,0,0,0,0,-56.79,4569,584,42151
59708,3533.57,0,0,1,0,45.53,4570,585,42151
59758,3597.98,0,0,1,0,42.10,4570,586,42151
59808,3562.95,0,0,0,0,35.90,4570,587,42151
59858,3610.98,0,0,0,0,36.14,4570,587,42151
59908,3619.69,0,0,0,0,36.14,4570,587,42151
59958,3584.23,0,-4,0,-3,-567.41,4577,587,42165
60008,3640.78,0,0,-1,0,334.84,4584,588,42179
60059,3662.11,0,0,-1,0,-56.34,4594,589,42186
60109,3626.69,0,0,0,0,35.42,4594,590,42186
60160,3662.11,0,0,-1,0,-35.42,4594,592,42186
60210,3640.78,0,0,-1,0,32.99,4594,593,42186
60260,3683.69,0,-1,0,0,-42.92,4596,594,42186
60310,3652.30,0,0,-1,0,43.19,4597,596,42186
60360,3683.69,0,-1,0,0,-32.28,4599,597,42186
60410,3618.82,0,0,0,0,-41.81,4599,597,42186
60460,3661.22,0,0,-1,0,-36.28,4599,599,42186
60510,3625.82,0,0,0,0,36.29,4599,600,42186
60560,3662.11,0,0,-1,0,-31.91,4599,601,42186
60610,3615.33,0,0,-1,0,-23.83,4599,602,42186
60660,3660.32,0,0,-1,0,-45.86,4599,604,42186
60710,3615.33,0,0,-1,0,-46.80,4599,605,42186
60760,3600.58,0,0,0,0,23.01,4599,605,42186
60810,3577.39,0,0,0,0,33.59,4599,605,42186
60860,3601.44,0,0,0,0,33.59,4599,605,42186
60910,3510.41,0,1,0,0,44.09,4600,607,42186
60960,3568.88,0,0,0,0,-45.27,4600,607,42186
61010,3543.59,0,0,1,0,32.95,4600,609,42186
61060,3590.23,0,0,1,0,31.26,4600,610,42186
61110,3555.34,0,0,1,0,33.17,4600,612,42186
61160,3610.11,0,0,0,0,30.76,4600,612,42186
61210,3567.18,0,0,0,0,44.66,4600,612,42186
61260,3618.82,0,0,0,0,-55.13,4600,612,42186
61310,3585.94,0,0,0,0,-55.13,4600,612,42186
61360,3627.57,0,0,0,0,-45.05,4600,612,42186
61410,3592.81,0,0,0,0,-55.50,4600,612,42186
61460,3634.60,0,0,0,0,-41.79,4600,613,42186
61510,3593.67,0,0,0,0,-50.49,4600,613,42186
61560,3639.01,0,0,0,0,-46.20,4600,613,42186
61611,3602.31,0,0,-1,0,-41.10,4600,614,42186
61661,3652.30,0,0,-1,0,-48.26,4600,616,42186
61711,3603.17,0,0,-1,0,-36.79,4600,617,42186
61761,3642.54,0,0,-1,0,-28.09,4600,619,42186
61811,3604.04,0,0,-1,0,-35.93,4600,620,42186
61861,3640.78,0,0,-1,0,-27.19,4600,622,42186
61911,3604.04,0,0,-1,0,-35.23,4600,623,42186
61961,3662.11,0,0,-1,0,-46.78,4600,625,42186
62011,3625.82,0,0,0,0,36.29,4600,626,42186
62061,3662.11,0,0,-1,0,-46.78,4600,628,42186
62111,3614.46,0,0,-1,0,-46.53,4600,629,42186
62161,3643.43,0,0,-1,0,-28.97,4600,631,42186
62211,3604.04,0,0,-1,0,-45.66,4600,632,42186
62261,3615.33,0,0,0,0,-20.90,4600,632,42186
62311,3576.54,0,0,0,0,43.15,4600,632,42186
62361,3611.85,0,0,0,0,26.57,4600,632,42186
62411,3558.72,0,0,1,0,52.26,4600,633,42186
62461,3611.85,0,0,0,0,51.64,4600,633,42186
62511,3571.43,0,0,0,0,51.76,4600,633,42186
62561,3610.98,0,0,0,0,-50.89,4600,633,42186
62611,3559.56,0,0,1,0,52.28,4600,634,42186
62661,3601.44,0,0,0,0,41.21,4600,634,42186
62711,3566.33,0,0,0,0,43.77,4600,635,42186
62761,3623.19,0,0,0,0,-56.01,4600,635,42186
62811,3571.43,0,0,0,0,50.89,4600,635,42186
62861,3610.98,0,0,0,0,43.77,4600,635,42186
62911,3577.39,0,0,0,0,34.46,4600,635,42186
62961,3585.94,0,0,1,0,31.46,4600,636,42186
63011,3548.62,0,0,1,0,51.96,4600,637,42186
63062,3601.44,0,0,0,0,34.18,4600,637,42186
63112,3568.88,0,0,0,0,42.10,4600,637,42186
63162,3601.44,0,0,0,0,32.72,4600,637,42186
63212,3562.95,0,0,0,0,35.04,4600,638,42186
63262,3611.85,0,0,0,0,28.28,4600,638,42186
63312,3563.79,0,0,0,0,35.92,4600,638,42186
63362,3557.87,0,0,1,0,52.23,4600,639,42186
63412,3501.40,0,1,0,0,358.61,4607,639,42219
63462,3557.03,0,0,1,0,248.14,4610,640,42233
63512,3591.09,0,-2,0,-14,-361.65,4614,640,42247
63562,3558.72,0,0,1,0,127.69,4616,641,42255
63612,3604.90,0,0,0,0,-16.97,4616,641,42255
63662,3567.18,0,0,0,0,47.28,4616,641,42255
63712,3598.85,0,0,1,0,36.68,4616,642,42255
63762,3568.03,0,0,0,0,42.95,4616,642,42255
63812,3611.85,0,0,0,0,45.53,4616,642,42255
63862,3567.18,0,0,0,0,33.39,4616,642,42255
63912,3612.72,0,0,1,0,9.31,4616,643,42255
63962,3557.03,0,0,1,0,43.55,4616,644,42255
64012,3600.58,0,0,0,0,42.06,4616,644,42255
64062,3563.79,0,0,0,0,35.92,4616,644,42255
64112,3585.94,0,0,1,0,30.42,4616,645,42255
64162,3546.10,0,0,1,0,39.84,4616,647,42255
64212,3585.94,0,0,1,0,31.46,4616,648,42255
64262,3555.34,0,0,1,0,43.50,4616,650,42255
64312,3601.44,0,0,1,0,43.50,4616,650,42255
64362,3568.03,0,0,0,0,42.95,4616,650,42255
64412,3624.06,0,0,0,0,-46.67,4616,650,42255
64462,3577.39,0,0,0,0,34.46,4616,650,42255
64512,3629.32,0,0,0,0,-46.81,4616,650,42255
64562,3582.52,0,0,0,0,-46.65,4616,650,42255
64612,3610.98,0,0,0,0,-38.92,4616,650,42255
64662,3577.39,0,0,0,0,34.46,4616,650,42255
64712,3624.06,0,0,0,0,-13.96,4616,650,42255
64762,3583.37,0,0,0,0,-45.80,4616,650,42255
64812,3624.06,0,0,0,0,-52.64,4616,650,42255
64862,3593.67,0,0,0,0,-46.65,4616,650,42255
64912,3592.81,0,0,0,0,-37.41,4616,650,42255
64962,3572.28,0,0,0,0,26.57,4616,651,42255
65012,3623.19,0,0,0,0,-55.16,4616,651,42255
65062,3563.79,0,0,0,0,35.92,4616,651,42255
65112,3600.58,0,0,0,0,2.54,4616,651,42255
65162,3562.95,0,0,0,0,35.90,4616,652,42255
65212,3599.71,0,0,0,0,16.25,4616,652,42255
65262,3576.54,0,0,0,0,35.31,4616,652,42255
65312,3623.19,0,0,0,0,-46.65,4616,652,42255
65362,3563.79,0,0,0,0,35.92,4616,652,42255
65412,3611.85,0,0,0,0,25.72,4616,652,42255
65462,3568.03,0,0,0,0,32.55,4616,652,42255
65512,3614.46,0,0,-1,0,-108.25,4616,654,42255
65562,3576.54,0,0,0,0,43.15,4616,654,42255
65612,3619.69,0,0,0,0,-45.78,4616,654,42255
65662,3587.66,0,0,0,0,-45.78,4616,654,42255
65712,3629.32,0,0,0,0,-46.81,4616,654,42255
65762,3592.81,0,0,0,0,-39.28,4616,654,42255
65812,3639.89,0,0,0,0,-47.94,4616,654,42255
65862,3591.09,0,0,-1,0,-59.37,4616,655,42255
65912,3629.32,0,0,0,0,-33.93,4616,655,42255
65963,3570.58,0,0,0,0,53.49,4616,655,42255
66013,3610.98,0,0,0,0,43.82,4616,655,42255
66063,3580.81,0,0,0,0,-36.34,4616,655,42255
66113,3629.32,0,0,0,0,-37.37,4616,656,42255
66163,3593.67,0,0,0,0,-31.34,4616,656,42255
66213,3633.72,0,0,0,0,-30.55,4616,657,42255
66263,3592.81,0,0,0,0,-28.74,4616,657,42255
66313,3647.86,0,0,-1,0,-54.18,4616,659,42255
66363,3604.04,0,0,-1,0,-45.66,4616,660,42255
66413,3633.72,0,0,0,0,-31.42,4616,661,42255
66463,3592.81,0,0,0,0,-41.67,4616,661,42255
66513,3627.57,0,0,0,0,-33.89,4616,661,42255
66563,3581.66,0,0,0,0,-39.95,4616,661,42255
66613,3629.32,0,0,0,0,-35.65,4616,661,42255
66663,3593.67,0,0,0,0,-51.35,4616,661,42255
66713,3610.11,0,0,-1,0,-47.10,4616,662,42255
66763,3578.24,0,0,0,0,32.73,4616,662,42255
66813,3630.20,0,0,0,0,-49.40,4616,662,42255
66863,3578.24,0,0,0,0,31.86,4616,662,42255
66913,3611.85,0,0,0,0,26.58,4616,662,42255
66963,3578.24,0,0,0,0,33.60,4616,662,42255
67013,3619.69,0,0,0,0,-43.19,4616,662,42255
67063,3594.54,0,0,0,0,-43.24,4616,662,42255
67113,3639.01,0,0,0,0,-54.78,4616,662,42255
67163,3618.82,0,0,0,0,-54.78,4616,662,42255
67213,3571.43,0,0,0,0,442.49,4625,662,42260
67263,3606.64,0,-4,0,-4,-692.00,4633,662,42265
67313,3584.23,0,-5,0,-4,-713.86,4642,662,42269
67363,3606.64,0,-4,0,-4,-691.08,4650,662,42273
67414,3541.08,0,0,1,0,398.00,4658,663,42277
67464,3501.40,0,1,0,0,311.51,4664,663,42295
67514,3547.78,0,0,1,0,181.71,4666,664,42303
67564,3582.52,0,0,0,0,-97.28,4666,664,42303
67614,3536.07,0,0,1,0,44.74,4666,666,42303
67664,3536.07,0,0,1,0,-6.66,4666,667,42303
67714,3509.59,0,1,0,0,25.64,4668,668,42303
67764,3555.34,0,0,1,0,-45.75,4669,670,42303
67814,3520.30,0,1,0,0,36.73,4671,671,42303
67864,3555.34,0,0,1,0,-35.04,4672,673,42303
67914,3523.61,0,0,0,0,31.74,4673,674,42303
67964,3565.49,0,0,0,0,-31.92,4673,675,42303
68014,3555.34,0,0,1,0,21.19,4673,677,42303
68064,3576.54,0,0,0,0,-32.11,4673,678,42303
68114,3553.66,0,0,1,0,34.00,4673,680,42303
68164,3587.66,0,0,1,0,33.17,4673,681,42303
68214,3546.10,0,0,1,0,51.89,4673,683,42303
68264,3585.94,0,0,1,0,39.60,4673,684,42303
68314,3550.30,0,0,1,0,47.69,4673,686,42303
68364,3589.38,0,0,0,0,31.62,4673,686,42303
68414,3567.18,0,0,0,0,33.39,4673,686,42303
68464,3589.38,0,0,0,0,42.93,4673,686,42303
68514,3564.64,0,0,0,0,34.21,4673,687,42303
68564,3611.85,0,0,0,0,23.99,4673,687,42303
68614,3611.85,0,0,0,0,37.87,4673,687,42303
68664,3501.40,0,1,0,0,387.63,4680,687,42335
68714,3629.32,0,0,0,0,278.96,4686,687,42338
68764,3500.58,0,1,0,0,395.52,4693,687,42374
68814,3652.30,0,0,-1,0,379.96,4700,688,42377
68864,3604.90,0,-7,0,-6,-936.47,4711,688,42385
68914,3628.45,0,0,0,0,334.56,4718,688,42399
68964,3593.67,0,-5,0,-5,-767.98,4727,688,42405
69014,3593.67,0,-6,0,-6,-844.73,4737,688,42411
69064,3560.41,0,0,0,0,474.02,4746,688,42417
69114,3606.64,0,-4,0,-4,-663.81,4754,688,42422
69164,3501.40,0,1,0,0,390.66,4761,688,42457
69214,3595.40,0,0,-1,-2,-155.35,4761,689,42459
69264,3567.18,0,0,0,0,43.80,4761,689,42459
69314,3588.52,0,0,1,0,35.51,4761,690,42459
69364,3557.87,0,0,1,0,53.10,4761,692,42459
69414,3599.71,0,0,0,0,31.64,4761,692,42459
69464,3568.03,0,0,0,0,32.55,4761,692,42459
69514,3588.52,0,0,0,0,36.77,4761,692,42459
69564,3563.79,0,0,0,0,25.58,4761,692,42459
69614,3608.37,0,0,1,0,51.41,4761,693,42459
69664,3567.18,0,0,0,0,44.66,4761,693,42459
69714,3624.06,0,0,0,0,-54.33,4761,693,42459
69764,3591.95,0,0,0,0,-31.19,4761,693,42459
69814,3627.57,0,0,0,0,-33.89,4761,693,42459
69864,3557.03,0,0,1,0,44.41,4761,694,42459
69914,3601.44,0,0,0,0,42.06,4761,694,42459
69964,3559.56,0,0,1,0,50.55,4761,695,42459
70014,3429.36,0,2,0,0,40.46,4765,695,42459
70064,3299.60,0,3,0,0,38.92,4773,695,42459
70114,3207.18,0,5,0,0,45.91,4782,695,42459
70164,3084.52,0,6,0,0,32.69,4799,695,42459
70214,2995.21,0,7,0,0,38.77,4813,695,42459
70264,2859.87,2,9,0,0,87.67,4839,695,42459
70315,2768.55,0,10,0,0,54.18,4859,695,42459
70365,2677.14,1,11,0,10,57.59,4881,695,42469
70415,2674.27,-2,12,0,-15,-84.49,4919,695,42512
70465,2389.30,32,15,0,19,119.48,4948,695,42559
70515,2481.80,3,14,0,-8,-51.08,4977,695,42573
70565,2297.44,20,16,0,5,36.82,5009,695,42600
70615,2272.38,0,17,0,3,25.06,5026,695,42603
70665,2170.77,8,18,0,9,61.38,5061,695,42617
70715,2134.32,2,19,0,-4,-31.12,5099,695,42630
70765,2010.99,23,20,0,7,57.97,5138,695,42646
70815,1993.89,0,20,0,2,17.11,5158,695,42648
70865,1913.02,11,21,0,2,18.47,5200,695,42658
70915,1856.90,1,22,0,7,56.13,5222,695,42665
70965,1778.73,17,23,0,6,57.48,5267,695,42673
71015,1763.05,0,23,0,1,15.68,5290,695,42674
71065,1687.86,18,24,0,1,13.98,5338,695,42681
71115,1624.61,18,25,0,6,63.25,5363,695,42687
71165,1613.60,26,25,0,1,11.01,5388,695,42688
71215,1539.41,27,26,0,1,10.82,5440,695,42695
71265,1475.22,33,27,0,6,64.19,5467,695,42701
71315,1464.56,28,27,0,1,10.66,5494,695,42702
71365,1397.69,34,28,0,6,66.87,5522,695,42708
71415,1390.30,28,28,0,0,7.38,5550,695,42708
71465,1322.98,34,29,0,5,67.32,5579,695,42713
71515,1315.44,29,29,0,0,7.54,5608,695,42713
71565,1247.40,35,30,0,5,68.04,5638,695,42718
71615,1204.63,34,31,0,3,42.78,5669,695,42721
71665,1197.80,31,31,0,0,6.83,5700,695,42721
71715,1174.63,32,31,0,1,23.17,5731,695,42722
71766,1094.09,37,32,0,5,80.54,5763,695,42727
71816,1090.67,32,32,0,0,3.42,5795,695,42727
71866,1026.34,37,33,0,4,64.33,5828,695,42731
71916,1010.99,34,33,0,1,15.36,5861,695,42732
71966,935.16,38,34,0,4,75.82,5895,695,42736
72016,935.16,38,34,0,4,75.82,5895,695,42736
72066,932.89,34,34,0,0,2.27,5929,695,42736
72116,863.41,39,35,0,4,69.49,5964,695,42740
72166,851.79,35,35,0,0,11.62,5999,695,42740
72216,851.79,35,35,0,0,11.62,5999,695,42740
72266,782.88,39,36,0,3,68.91,6035,695,42743
72316,782.88,39,36,0,3,68.91,6035,695,42743
72366,762.27,37,36,0,1,20.61,6071,695,42744
72416,691.15,40,37,0,3,71.12,6108,695,42747
72466,691.15,40,37,0,3,71.12,6108,695,42747
72516,666.73,39,38,0,1,24.42,6146,695,42748
72566,666.73,39,38,0,1,24.42,6146,695,42748
72616,588.42,42,39,0,3,78.31,6185,695,42751
72666,588.42,42,39,0,3,78.31,6185,695,42751
72716,558.83,40,39,0,1,29.59,6224,695,42752
72766,558.83,40,39,0,1,29.59,6224,695,42752
72816,558.83,40,39,0,1,29.59,6224,695,42752
72866,467.51,42,40,0,2,91.32,6264,695,42754
72916,467.51,42,40,0,2,91.32,6264,695,42754
72966,467.51,42,40,0,2,91.32,6264,695,42754
73016,421.54,42,41,0,1,45.97,6305,695,42755
73066,421.54,42,41,0,1,45.97,6305,695,42755
73116,421.54,42,41,0,1,45.97,6305,695,42755
73166,421.54,42,41,0,1,45.97,6305,695,42755
74001,117.28,-42,41,0,1,45.97,6305,695,42755
74051,117.28,-42,41,0,1,45.97,6305,695,42755
74101,117.28,-42,41,0,1,45.97,6305,695,42755
74151,117.28,-42,41,0,1,45.97,6305,695,42755
74201,117.28,-42,41,0,1,45.97,6305,695,42755
74251,0.00,-42,41,0,1,45.97,6305,695,42755
74301,0.00,-42,41,0,1,45.97,6305,695,42755
74351,0.00,-42,41,0,1,45.97,6305,695,42755
74401,0.00,-42,41,0,1,45.97,6305,695,42755
74451,0.00,-42,41,0,1,45.97,6305,695,42755
74501,0.00,-42,41,0,1,45.97,6305,695,42755
74551,0.00,-42,41,0,1,45.97,6305,695,42755
74601,0.00,-42,41,0,1,45.97,6305,695,42755
74651,0.00,-42,41,0,1,45.97,6305,695,42755
74701,0.00,-42,41,0,1,45.97,6305,695,42755
74752,0.00,-42,41,0,1,45.97,6305,695,42755
74802,0.00,-42,41,0,1,45.97,6305,695,42755
74852,0.00,-42,41,0,1,45.97,6305,695,42755
74902,0.00,-42,41,0,1,45.97,6305,695,42755
74952,0.00,-42,41,0,1,45.97,6305,695,42755
75002,0.00,-42,41,0,1,45.97,6305,695,42755
75052,0.00,-42,41,0,1,45.97,6305,695,42755
75102,0.00,-42,41,0,1,45.97,6305,695,42755
75152,0.00,-42,41,0,1,45.97,6305,695,42755
75202,0.00,-42,41,0,1,45.97,6305,695,42755
75252,0.00,-42,41,0,1,45.97,6305,695,42755
75302,0.00,-42,41,0,1,45.97,6305,695,42755
75352,0.00,-42,41,0,1,45.97,6305,695,42755
75402,0.00,-42,41,0,1,45.97,6305,695,42755
75452,0.00,-42,41,0,1,45.97,6305,695,42755
75502,0.00,-42,41,0,1,45.97,6305,695,42755
75552,0.00,-42,41,0,1,45.97,6305,695,42755
75602,0.00,-42,41,0,1,45.97,6305,695,42755
75652,0.00,-42,41,0,1,45.97,6305,695,42755
75702,0.00,-42,41,0,1,45.97,6305,695,42755
75752,0.00,-42,41,0,1,45.97,6305,695,42755
75802,0.00,-42,41,0,1,45.97,6305,695,42755
75852,0.00,-42,41,0,1,45.97,6305,695,42755
75902,0.00,-42,41,0,1,45.97,6305,695,42755
75952,0.00,-42,41,0,1,45.97,6305,695,42755
76002,0.00,-42,41,0,1,45.97,6305,695,42755
76052,0.00,-42,41,0,1,45.97,6305,695,42755
76102,0.00,-42,41,0,1,45.97,6305,695,42755
76152,0.00,-42,41,0,1,45.97,6305,695,42755
76203,0.00,-42,41,0,1,45.97,6305,695,42755
76253,0.00,-42,41,0,1,45.97,6305,695,42755
76303,0.00,-42,41,0,1,45.97,6305,695,42755
76353,0.00,-42,41,0,1,45.97,6305,695,42755
76403,0.00,-42,41,0,1,45.97,6305,695,42755
76453,0.00,-42,41,0,1,45.97,6305,695,42755
76503,0.00,-42,41,0,1,45.97,6305,695,42755
76553,0.00,-42,41,0,1,45.97,6305,695,42755
76603,0.00,-42,41,0,1,45.97,6305,695,42755
76653,0.00,-42,41,0,1,45.97,6305,695,42755
76703,0.00,-42,41,0,1,45.97,6305,695,42755
76753,0.00,-42,41,0,1,45.97,6305,695,42755
76803,0.00,-42,41,0,1,45.97,6305,695,42755
76853,0.00,-42,41,0,1,45.97,6305,695,42755
76903,0.00,-42,41,0,1,45.97,6305,695,42755
76953,0.00,-42,41,0,1,45.97,6305,695,42755
77003,0.00,-42,41,0,1,45.97,6305,695,42755
77053,0.00,-42,41,0,1,45.97,6305,695,42755
77103,0.00,-42,41,0,1,45.97,6305,695,42755
77153,0.00,-42,41,0,1,45.97,6305,695,42755
77203,0.00,-42,41,0,1,45.97,6305,695,42755
77253,0.00,-42,41,0,1,45.97,6305,695,42755
77303,0.00,-42,41,0,1,45.97,6305,695,42755
77353,0.00,-42,41,0,1,45.97,6305,695,42755
77403,0.00,-42,41,0,1,45.97,6305,695,42755
77453,0.00,-42,41,0,1,45.97,6305,695,42755
77503,0.00,-42,41,0,1,45.97,6305,695,42755
77553,0.00,-42,41,0,1,45.97,6305,695,42755
77603,0.00,-42,41,0,1,45.97,6305,695,42755
77654,0.00,-42,41,0,1,45.97,6305,695,42755
77704,0.00,-42,41,0,1,45.97,6305,695,42755
77754,0.00,-42,41,0,1,45.97,6305,695,42755
77804,0.00,-42,41,0,1,45.97,6305,695,42755
77854,0.00,-42,41,0,1,45.97,6305,695,42755
77904,0.00,-42,41,0,1,45.97,6305,695,42755
77954,0.00,-42,41,0,1,45.97,6305,695,42755
78004,0.00,-42,41,0,1,45.97,6305,695,42755
78054,0.00,-42,41,0,1,45.97,6305,695,42755
78104,0.00,-42,41,0,1,45.97,6305,695,42755
78154,0.00,-42,41,0,1,45.97,6305,695,42755
78204,0.00,-42,41,0,1,45.97,6305,695,42755
78254,0.00,-42,41,0,1,45.97,6305,695,42755
78304,0.00,-42,41,0,1,45.97,6305,695,42755
78354,0.00,-42,41,0,1,45.97,6305,695,42755
78404,0.00,-42,41,0,1,45.97,6305,695,42755
78454,0.00,-42,41,0,1,45.97,6305,695,42755
78504,0.00,-42,41,0,1,45.97,6305,695,42755
78554,0.00,-42,41,0,1,45.97,6305,695,42755
78604,0.00,-42,41,0,1,45.97,6305,695,42755
78654,0.00,-42,41,0,1,45.97,6305,695,42755
78704,0.00,-42,41,0,1,45.97,6305,695,42755
78754,0.00,-42,41,0,1,45.97,6305,695,42755
78804,0.00,-42,41,0,1,45.97,6305,695,42755
78854,0.00,-42,41,0,1,45.97,6305,695,42755
78904,0.00,-42,41,0,1,45.97,6305,695,42755
78954,0.00,-42,41,0,1,45.97,6305,695,42755
79004,0.00,-42,41,0,1,45.97,6305,695,42755
79054,0.00,-42,41,0,1,45.97,6305,695,42755
79104,0.00,-42,41,0,1,45.97,6305,695,42755
79154,0.00,-42,41,0,1,45.97,6305,695,42755
79204,0.00,-42,41,0,1,45.97,6305,695,42755
79254,0.00,-42,41,0,1,45.97,6305,695,42755
79304,0.00,-42,41,0,1,45.97,6305,695,42755
79354,0.00,-42,41,0,1,45.97,6305,695,42755
79404,0.00,-42,41,0,1,45.97,6305,695,42755
79454,0.00,-42,41,0,1,45.97,6305,695,42755
79504,0.00,-42,41,0,1,45.97,6305,695,42755
79554,0.00,-42,41,0,1,45.97,6305,695,42755
79604,0.00,-42,41,0,1,45.97,6305,695,42755
79654,0.00,-42,41,0,1,45.97,6305,695,42755
79704,0.00,-42,41,0,1,45.97,6305,695,42755
79754,0.00,-42,41,0,1,45.97,6305,695,42755
79804,0.00,-42,41,0,1,45.97,6305,695,42755
79854,0.00,-42,41,0,1,45.97,6305,695,42755
79904,0.00,-42,41,0,1,45.97,6305,695,42755
79954,0.00,-42,41,0,1,45.97,6305,695,42755
80004,0.00,-42,41,0,1,45.97,6305,695,42755
80054,0.00,-42,41,0,1,45.97,6305,695,42755
80104,0.00,-42,41,0,1,45.97,6305,695,42755
80154,0.00,-42,41,0,1,45.97,6305,695,42755
80204,0.00,-42,41,0,1,45.97,6305,695,42755
80254,0.00,-42,41,0,1,45.97,6305,695,42755
80304,0.00,-42,41,0,1,45.97,6305,695,42755
80354,0.00,-42,41,0,1,45.97,6305,695,42755
80404,0.00,-42,41,0,1,45.97,6305,695,42755
80454,0.00,-42,41,0,1,45.97,6305,695,42755
80504,0.00,-42,41,0,1,45.97,6305,695,42755
80555,0.00,-42,41,0,1,45.97,6305,695,42755
