Microcontroller Governor - Abrupt Load Increase(1800 W) - Initially Constant Load (1500 W)
Trial: 10
Date: 4-5-2023
Time: 4:27 PM
Ambient Temp: 77
Head Temp: 220.4

------ Microcontroller Engine Governor - Version: 1.16 ------
-------------------------------------------------------------
PID Gains:  Kp: 0.013  KpAlt: 0.025  Kd: 0.100  KdAlt: 4.000
-------------------------------------------------------------
Set RPM:             3600    |  Min RPM:                 300
                             |
RPM Precision:       20      |  PID Kp Alt Range:        70
                             |
Start Steps:         850     |  Max Steps:               1200
                             |
RPM Calc Interval:   1       |  Num Magnets:             1
                             |
LCD Update Interval: 400     |  Serial Update Interval:  50
-------------------------------------------------------------

Time,RPM,Steps Remaining, PID p, PID p Alt, PID d, RPM Change, P Cmd, P Alt Cmd, D Cmd
1725,0.00,0,0,0,0,0.00,0,0,0
1775,0.00,0,0,0,0,0.00,0,0,0
1825,0.00,0,0,0,0,0.00,0,0,0
1875,0.00,0,0,0,0,0.00,0,0,0
1925,0.00,0,0,0,0,0.00,0,0,0
1975,0.00,0,0,0,0,0.00,0,0,0
2025,0.00,0,0,0,0,0.00,0,0,0
2075,0.00,0,0,0,0,0.00,0,0,0
2125,0.00,0,0,0,0,0.00,0,0,0
2176,0.00,0,0,0,0,0.00,0,0,0
2226,0.00,0,0,0,0,0.00,0,0,0
2276,0.00,0,0,0,0,0.00,0,0,0
2326,0.00,0,0,0,0,0.00,0,0,0
2376,0.00,0,0,0,0,0.00,0,0,0
2426,0.00,0,0,0,0,0.00,0,0,0
2476,0.00,0,0,0,0,0.00,0,0,0
2526,0.00,0,0,0,0,0.00,0,0,0
2576,0.00,0,0,0,0,0.00,0,0,0
2626,0.00,0,0,0,0,0.00,0,0,0
2676,0.00,0,0,0,0,0.00,0,0,0
2726,0.00,0,0,0,0,0.00,0,0,0
2776,0.00,0,0,0,0,0.00,0,0,0
2826,0.00,0,0,0,0,0.00,0,0,0
2876,0.00,0,0,0,0,0.00,0,0,0
2926,0.00,0,0,0,0,0.00,0,0,0
2976,0.00,0,0,0,0,0.00,0,0,0
3026,0.00,0,0,0,0,0.00,0,0,0
3076,0.00,0,0,0,0,0.00,0,0,0
3126,0.00,0,0,0,0,0.00,0,0,0
3176,0.00,0,0,0,0,0.00,0,0,0
3226,0.00,0,0,0,0,0.00,0,0,0
3276,0.00,0,0,0,0,0.00,0,0,0
3326,0.00,0,0,0,0,0.00,0,0,0
3376,0.00,0,0,0,0,0.00,0,0,0
3426,0.00,0,0,0,0,0.00,0,0,0
3476,0.00,0,0,0,0,0.00,0,0,0
3526,0.00,0,0,0,0,0.00,0,0,0
3576,0.00,0,0,0,0,0.00,0,0,0
3627,0.00,0,0,0,0,0.00,0,0,0
3677,0.00,0,0,0,0,0.00,0,0,0
3727,0.00,0,0,0,0,0.00,0,0,0
3777,0.00,0,0,0,0,0.00,0,0,0
3827,0.00,0,0,0,0,0.00,0,0,0
3877,0.00,0,0,0,0,0.00,0,0,0
3927,0.00,0,0,0,0,0.00,0,0,0
3977,0.00,0,0,0,0,0.00,0,0,0
4027,0.00,0,0,0,0,0.00,0,0,0
4077,0.00,0,0,0,0,0.00,0,0,0
4127,0.00,0,0,0,0,0.00,0,0,0
4177,0.00,0,0,0,0,0.00,0,0,0
4227,0.00,0,0,0,0,0.00,0,0,0
4277,0.00,0,0,0,0,0.00,0,0,0
4327,0.00,0,0,0,0,0.00,0,0,0
4377,0.00,0,0,0,0,0.00,0,0,0
4427,0.00,0,0,0,0,0.00,0,0,0
4477,0.00,0,0,0,0,0.00,0,0,0
4527,0.00,0,0,0,0,0.00,0,0,0
4577,0.00,0,0,0,0,0.00,0,0,0
4627,0.00,0,0,0,0,0.00,0,0,0
4677,0.00,0,0,0,0,0.00,0,0,0
4727,0.00,0,0,0,0,0.00,0,0,0
4777,0.00,0,0,0,0,0.00,0,0,0
4827,0.00,0,0,0,0,0.00,0,0,0
4877,0.00,0,0,0,0,0.00,0,0,0
4927,0.00,0,0,0,0,0.00,0,0,0
4977,0.00,0,0,0,0,0.00,0,0,0
5027,0.00,0,0,0,0,0.00,0,0,0
5078,0.00,0,0,0,0,0.00,0,0,0
5128,0.00,0,0,0,0,0.00,0,0,0
5178,0.00,0,0,0,0,0.00,0,0,0
5228,0.00,0,0,0,0,0.00,0,0,0
5278,0.00,0,0,0,0,0.00,0,0,0
5328,0.00,0,0,0,0,0.00,0,0,0
5378,0.00,0,0,0,0,0.00,0,0,0
5428,0.00,0,0,0,0,0.00,0,0,0
5478,0.00,0,0,0,0,0.00,0,0,0
5528,0.00,0,0,0,0,0.00,0,0,0
5578,0.00,0,0,0,0,0.00,0,0,0
5628,0.00,0,0,0,0,0.00,0,0,0
5678,0.00,0,0,0,0,0.00,0,0,0
5728,0.00,0,0,0,0,0.00,0,0,0
5778,0.00,0,0,0,0,0.00,0,0,0
5828,0.00,0,0,0,0,0.00,0,0,0
5878,0.00,0,0,0,0,0.00,0,0,0
5928,0.00,0,0,0,0,0.00,0,0,0
5978,0.00,0,0,0,0,0.00,0,0,0
6028,0.00,0,0,0,0,0.00,0,0,0
6078,0.00,0,0,0,0,0.00,0,0,0
6128,0.00,0,0,0,0,0.00,0,0,0
6178,0.00,0,0,0,0,0.00,0,0,0
6228,0.00,0,0,0,0,0.00,0,0,0
6278,0.00,0,0,0,0,0.00,0,0,0
6328,0.00,0,0,0,0,0.00,0,0,0
6378,0.00,0,0,0,0,0.00,0,0,0
6428,0.00,0,0,0,0,0.00,0,0,0
6478,0.00,0,0,0,0,0.00,0,0,0
6528,0.00,0,0,0,0,0.00,0,0,0
6578,0.00,0,0,0,0,0.00,0,0,0
6628,0.00,0,0,0,0,0.00,0,0,0
6678,0.00,0,0,0,0,0.00,0,0,0
6728,0.00,0,0,0,0,0.00,0,0,0
6778,0.00,0,0,0,0,0.00,0,0,0
6828,0.00,0,0,0,0,0.00,0,0,0
6878,0.00,0,0,0,0,0.00,0,0,0
6928,0.00,0,0,0,0,0.00,0,0,0
6978,0.00,0,0,0,0,0.00,0,0,0
7028,0.00,0,0,0,0,0.00,0,0,0
7078,0.00,0,0,0,0,0.00,0,0,0
7128,0.00,0,0,0,0,0.00,0,0,0
7178,0.00,0,0,0,0,0.00,0,0,0
7228,0.00,0,0,0,0,0.00,0,0,0
7278,0.00,0,0,0,0,0.00,0,0,0
7328,0.00,0,0,0,0,0.00,0,0,0
7378,0.00,0,0,0,0,0.00,0,0,0
7428,0.00,0,0,0,0,0.00,0,0,0
7478,0.00,0,0,0,0,0.00,0,0,0
7528,0.00,0,0,0,0,0.00,0,0,0
7578,0.00,0,0,0,0,0.00,0,0,0
7628,0.00,0,0,0,0,0.00,0,0,0
7678,0.00,0,0,0,0,0.00,0,0,0
7728,0.00,0,0,0,0,0.00,0,0,0
7778,0.00,0,0,0,0,0.00,0,0,0
7828,0.00,0,0,0,0,0.00,0,0,0
7878,0.00,0,0,0,0,0.00,0,0,0
7928,0.00,0,0,0,0,0.00,0,0,0
7979,0.00,0,0,0,0,0.00,0,0,0
8029,0.00,0,0,0,0,0.00,0,0,0
8079,0.00,0,0,0,0,0.00,0,0,0
8129,0.00,0,0,0,0,0.00,0,0,0
8179,0.00,0,0,0,0,0.00,0,0,0
8229,0.00,0,0,0,0,0.00,0,0,0
8279,0.00,0,0,0,0,0.00,0,0,0
8329,0.00,0,0,0,0,0.00,0,0,0
8379,0.00,0,0,0,0,0.00,0,0,0
8429,0.00,0,0,0,0,0.00,0,0,0
8479,0.00,0,0,0,0,0.00,0,0,0
8529,0.00,0,0,0,0,0.00,0,0,0
8579,0.00,0,0,0,0,0.00,0,0,0
8629,0.00,0,0,0,0,0.00,0,0,0
8679,0.00,0,0,0,0,0.00,0,0,0
8729,0.00,0,0,0,0,0.00,0,0,0
8779,0.00,0,0,0,0,0.00,0,0,0
8829,0.00,0,0,0,0,0.00,0,0,0
8879,0.00,0,0,0,0,0.00,0,0,0
8929,0.00,0,0,0,0,0.00,0,0,0
8979,0.00,0,0,0,0,0.00,0,0,0
9029,0.00,0,0,0,0,0.00,0,0,0
9079,0.00,0,0,0,0,0.00,0,0,0
9129,0.00,0,0,0,0,0.00,0,0,0
9179,0.00,0,0,0,0,0.00,0,0,0
9229,0.00,0,0,0,0,0.00,0,0,0
9279,0.00,0,0,0,0,0.00,0,0,0
9329,0.00,0,0,0,0,0.00,0,0,0
9379,0.00,0,0,0,0,0.00,0,0,0
9430,inf,0,0,0,0,inf,0,0,0
9480,inf,0,0,0,0,inf,0,0,0
9530,584.57,3,39,0,0,inf,39,0,0
9580,584.57,0,39,0,0,inf,39,0,0
9630,654.74,0,38,0,-3,-70.17,77,0,3
9680,681.66,29,37,0,-1,-26.93,114,0,4
9730,681.66,0,37,0,-1,-26.93,114,0,4
9780,666.37,22,38,0,0,15.29,152,0,4
9830,1091.94,0,32,0,-30,-425.57,184,0,34
9880,1093.14,25,32,0,0,-1.19,216,0,34
9930,1474.35,0,27,0,-38,-381.21,243,0,72
9980,1500.45,0,27,0,-2,-26.10,270,0,74
10030,1770.33,15,23,0,-1,-12.65,316,0,105
10080,2007.76,0,20,0,-31,-237.43,336,0,136
10130,2229.16,0,17,0,-30,-207.87,373,0,167
10180,2419.75,0,15,0,-27,-173.56,405,0,196
10230,2594.71,0,13,0,-27,-167.92,433,0,224
10280,2714.44,7,11,0,0,33.82,468,0,228
10330,2851.17,0,9,0,0,14.16,486,0,228
10380,3107.52,4,6,0,0,-120.66,506,0,228
10430,3222.34,0,4,0,0,-116.11,516,0,228
10480,3328.16,0,3,0,0,8.88,527,0,228
10530,3523.61,0,0,0,0,-105.19,531,0,228
10580,3596.26,0,1,0,0,0.83,532,0,228
10630,3731.34,0,-1,0,0,-79.04,534,1,228
10680,3735.99,0,-1,0,0,24.35,538,1,228
10730,3772.64,0,-2,0,0,-50.55,542,1,228
10780,3772.64,0,-2,0,0,37.37,548,1,228
10830,3746.25,0,-1,0,0,-28.78,551,1,228
10880,3724.86,0,-1,0,0,185.47,556,1,228
10930,3758.46,0,-2,0,0,49.62,569,1,233
10980,3823.60,0,-2,0,0,-39.55,575,1,233
11030,3836.32,0,-3,0,0,-62.73,582,1,233
11080,3848.13,0,-3,0,0,-63.12,590,1,233
11130,3797.47,0,-2,0,0,38.85,597,1,233
11180,3850.10,0,-3,0,0,-42.03,605,1,233
11230,3847.14,-1,-3,0,0,-38.10,616,1,237
11280,3744.38,0,-1,0,0,41.58,621,1,237
11330,3795.55,0,-2,0,0,-57.69,626,1,237
11380,3699.14,0,-1,0,0,35.92,629,1,237
11430,3760.34,0,-2,0,0,-61.20,634,1,237
11480,3711.03,0,-1,0,0,35.22,637,1,237
11530,3748.13,0,-1,0,0,-48.08,640,1,237
11580,3674.67,0,0,0,0,60.39,642,1,237
11630,3724.86,0,-1,0,0,-51.99,644,1,237
11680,3722.08,0,-1,0,0,-47.42,650,1,240
11730,3687.32,0,-1,0,0,35.69,653,1,240
11780,3735.99,0,-1,0,0,-49.58,656,1,240
11830,3689.13,0,-1,0,0,32.96,659,1,240
11880,3711.95,0,-1,0,0,-36.38,661,1,240
11930,3663.90,0,0,-1,0,55.42,662,3,240
11980,3697.31,0,-1,0,0,-45.01,664,4,240
12030,3663.90,0,0,-1,0,45.30,665,6,240
12080,3695.49,0,-1,0,0,-31.59,667,7,240
12130,3604.04,0,0,0,0,7.96,667,8,240
12180,3662.11,0,0,-1,0,-46.78,667,10,240
12230,3546.94,0,0,1,0,95.61,667,12,240
12280,3643.43,0,0,-1,0,-36.79,668,13,240
12331,3615.33,0,0,-1,0,-43.93,668,14,240
12381,3652.30,0,0,-1,0,-38.71,668,16,240
12431,3614.46,0,0,-1,0,-34.19,668,17,240
12481,3643.43,0,0,-1,0,-28.10,668,19,240
12531,3592.81,0,0,0,0,-24.47,668,19,240
12581,3638.13,0,0,0,0,-44.45,668,19,240
12631,3604.04,0,0,0,0,-32.26,668,19,240
12681,3624.06,0,0,0,0,-20.03,668,19,240
12731,3593.67,0,0,0,0,-35.63,668,19,240
12781,3620.56,0,0,0,0,-38.90,668,19,240
12831,3594.54,0,0,0,0,-29.47,668,19,240
12881,3637.25,0,0,0,0,-43.57,668,19,240
12931,3581.66,0,0,0,0,-49.63,668,19,240
12981,3630.20,0,0,0,0,-47.69,668,19,240
13031,3582.52,0,0,0,0,-39.95,668,19,240
13081,3567.18,0,0,0,0,4.25,668,19,240
13131,3534.40,0,0,1,0,31.93,669,20,240
13181,3568.03,0,0,0,0,-43.59,669,20,240
13231,3510.41,0,1,0,0,46.62,671,21,240
13281,3566.33,0,0,0,0,-55.92,672,22,240
13331,3534.40,0,0,1,0,40.43,672,24,240
13381,3568.88,0,0,0,0,-45.27,672,24,240
13431,3544.42,0,0,1,0,31.26,672,26,240
13481,3588.52,0,0,1,0,34.67,672,27,240
13531,3550.30,0,0,1,0,59.81,672,29,240
13581,3597.98,0,0,1,0,40.70,672,30,240
13631,3564.64,0,0,0,0,32.48,672,31,240
13681,3612.72,0,0,0,0,45.51,672,31,240
13731,3587.66,0,0,0,0,45.51,672,31,240
13782,3639.01,0,0,0,0,-58.20,672,31,240
13832,3603.17,0,0,-1,0,-55.91,672,32,240
13882,3653.19,0,0,-1,0,-38.73,672,34,240
13932,3626.69,0,0,0,0,26.50,672,35,240
13982,3662.11,0,0,-1,0,-35.42,672,37,240
14032,3629.32,0,0,0,0,44.44,672,37,240
14082,3662.11,0,0,-1,0,-35.42,672,39,240
14132,3615.33,0,0,-1,0,-43.29,672,40,240
14182,3649.63,0,0,-1,0,-24.70,672,42,240
14232,3626.69,0,0,0,0,23.83,672,43,240
14282,3663.00,0,0,-1,0,-49.42,672,45,240
14332,3615.33,0,0,-1,0,-40.67,672,46,240
14382,3643.43,0,0,-1,0,-29.84,672,48,240
14432,3603.17,0,0,-1,0,-35.06,672,49,240
14482,3652.30,0,0,-1,0,-48.26,672,51,240
14532,3581.66,0,0,0,0,-14.82,672,51,240
14582,3618.82,0,0,0,0,-40.65,672,51,240
14632,3557.87,0,0,1,0,43.57,672,52,240
14682,3604.04,0,0,0,0,-98.75,672,52,240
14732,3559.56,0,0,1,0,52.28,672,53,240
14782,3608.37,0,0,1,0,42.42,672,54,240
14832,3568.88,0,0,0,0,39.49,672,55,240
14882,3601.44,0,0,0,0,25.76,672,55,240
14932,3568.03,0,0,0,0,32.55,672,55,240
14982,3612.72,0,0,0,0,42.10,672,55,240
15032,3576.54,0,0,0,0,24.90,672,55,240
15082,3618.82,0,0,0,0,24.90,672,55,240
15132,3567.18,0,0,0,0,44.66,672,55,240
15182,3598.85,0,0,1,0,35.72,672,56,240
15232,3564.64,0,0,0,0,33.35,672,57,240
15282,3611.85,0,0,0,0,42.08,672,57,240
15332,3576.54,0,0,0,0,36.18,672,57,240
15382,3634.60,0,0,0,0,-63.17,672,57,240
15432,3593.67,0,0,0,0,-54.65,672,57,240
15482,3604.90,0,0,0,0,-45.16,672,57,240
15532,3567.18,0,0,0,0,44.66,672,57,240
15582,3610.11,0,0,0,0,32.55,672,57,240
15632,3564.64,0,0,0,0,32.48,672,58,240
15682,3610.11,0,0,1,0,42.70,672,59,240
15732,3577.39,0,0,0,0,34.46,672,59,240
15782,3623.19,0,0,0,0,-62.78,672,59,240
15832,3623.19,0,0,0,0,-56.01,672,59,240
15882,3430.14,0,2,0,0,338.70,679,59,255
15932,3593.67,0,-1,0,0,-146.40,680,59,255
15982,3558.72,0,0,1,0,121.36,682,60,262
16032,3619.69,0,0,0,0,-2.53,682,60,262
16082,3558.72,0,0,1,0,47.92,682,61,262
16132,3586.80,0,0,1,0,37.40,682,62,262
16182,3546.10,0,0,1,0,51.02,682,64,262
16232,3563.79,0,0,0,0,-26.89,682,65,262
16282,3522.78,0,1,0,0,56.32,684,65,262
16332,3577.39,0,0,0,0,-33.80,684,66,262
16382,3521.95,0,1,0,0,42.69,685,67,262
16432,3555.34,0,0,1,0,-33.39,686,68,262
16482,3532.74,0,0,1,0,23.45,687,70,262
16532,3568.03,0,0,0,0,-46.08,688,70,262
16582,3543.59,0,0,1,0,32.95,688,72,262
16632,3587.66,0,0,1,0,43.26,688,73,262
16683,3548.62,0,0,1,0,50.23,688,75,262
16733,3610.98,0,0,0,0,41.21,688,75,262
16783,3591.95,0,0,0,0,-49.21,688,75,262
16833,3620.56,0,0,0,0,-38.05,688,75,262
16883,3585.09,0,0,0,0,40.61,688,75,262
16933,3639.01,0,0,0,0,-56.49,688,75,262
16983,3587.66,0,0,0,0,-56.49,688,75,262
17033,3630.20,0,0,0,0,-47.69,688,75,262
17083,3583.37,0,0,0,0,-57.24,688,75,262
17133,3610.98,0,0,-1,0,-58.29,688,76,262
17183,3578.24,0,0,0,0,33.60,688,76,262
17233,3630.20,0,0,0,0,-48.54,688,76,262
17283,3593.67,0,0,0,0,-37.35,688,76,262
17333,3620.56,0,0,0,0,-39.76,688,76,262
17383,3592.81,0,0,0,0,-39.09,688,76,262
17433,3643.43,0,0,-1,0,-38.53,688,77,262
17483,3584.23,0,0,-1,0,-38.53,688,77,262
17533,3600.58,0,0,0,0,47.32,688,77,262
17583,3576.54,0,0,0,0,33.57,688,77,262
17633,3598.85,0,0,1,0,35.51,688,78,262
17683,3555.34,0,0,1,0,42.64,688,80,262
17733,3611.85,0,0,0,0,33.35,688,80,262
17783,3567.18,0,0,0,0,33.39,688,80,262
17833,3609.24,0,0,1,0,43.55,688,81,262
17883,3584.23,0,0,0,0,36.11,688,81,262
17933,3620.56,0,0,0,0,-39.76,688,81,262
17983,3593.67,0,0,0,0,-53.74,688,81,262
18033,3641.66,0,0,-1,0,-38.49,688,83,262
18083,3603.17,0,0,-1,0,-60.52,688,84,262
18134,3662.11,0,0,-1,0,-48.52,688,86,262
18184,3615.33,0,0,-1,0,-43.29,688,87,262
18234,3642.54,0,0,-1,0,-28.09,688,89,262
18284,3615.33,0,0,-1,0,-59.66,688,90,262
18334,3643.43,0,0,-1,0,-28.10,688,92,262
18384,3613.59,0,0,-1,0,-54.63,688,93,262
18434,3662.11,0,0,-1,0,-46.78,688,95,262
18484,3546.10,0,0,1,0,35.56,688,96,262
18534,3597.12,0,0,1,0,41.56,688,97,262
18584,3563.79,0,0,0,0,35.06,688,98,262
18634,3598.85,0,0,1,0,45.27,688,99,262
18684,3557.03,0,0,1,0,52.21,688,101,262
18734,3610.98,0,0,0,0,41.23,688,101,262
18784,3545.26,0,0,1,0,44.11,688,102,262
18834,3598.85,0,0,1,0,41.54,688,103,262
18884,3598.85,0,0,1,0,41.82,688,104,262
18934,3559.56,0,0,1,0,510.99,699,105,269
18984,3604.90,0,-5,0,-5,-752.57,708,105,275
19034,3529.41,0,0,0,0,411.73,716,105,279
19084,3574.83,0,0,0,0,-37.93,716,106,279
19134,3546.10,0,0,1,0,46.72,716,108,279
19184,3597.12,0,0,1,0,22.10,716,109,279
19234,3555.34,0,0,1,0,31.46,716,111,279
19284,3600.58,0,0,0,0,35.04,716,111,279
19334,3582.52,0,0,0,0,-50.89,716,111,279
19384,3639.01,0,0,0,0,-56.49,716,111,279
19434,3558.72,0,0,1,0,54.00,716,112,279
19484,3612.72,0,0,0,0,32.72,716,112,279
19534,3582.52,0,0,0,0,-42.52,716,112,279
19584,3629.32,0,0,0,0,-33.06,716,112,279
19634,3604.90,0,0,0,0,-48.78,716,112,279
19684,3651.41,0,0,-1,0,-46.51,716,113,279
19734,3603.17,0,0,-1,0,-25.48,716,114,279
19784,3611.85,0,0,0,0,23.19,716,114,279
19834,3582.52,0,0,0,0,-54.33,716,114,279
19884,3619.69,0,0,0,0,-44.18,716,114,279
19934,3594.54,0,0,0,0,-56.28,716,114,279
19984,3546.94,0,0,1,0,45.02,716,115,279
20034,3521.95,0,1,0,0,35.08,718,116,279
20084,3591.09,0,0,0,0,55.49,718,116,279
20134,3555.34,0,0,1,0,30.60,718,118,279
20184,3611.85,0,0,0,0,26.58,718,118,279
20234,3577.39,0,0,0,0,34.46,718,118,279
20284,3630.20,0,0,0,0,-44.26,718,118,279
20334,3593.67,0,0,0,0,-52.13,718,118,279
20384,3643.43,0,0,-1,0,-40.26,718,119,279
20434,3602.31,0,0,-1,0,-53.35,718,120,279
20484,3652.30,0,0,-1,0,-36.97,718,122,279
20534,3626.69,0,0,0,0,35.42,718,123,279
20584,3673.77,0,0,0,0,-47.08,718,124,279
20634,3630.20,0,0,0,0,41.77,718,124,279
20684,3671.97,0,0,0,0,-57.51,718,125,279
20734,3626.69,0,0,0,0,36.31,718,126,279
20784,3662.11,0,0,-1,0,-35.42,718,128,279
20834,3626.69,0,0,0,0,35.42,718,129,279
20884,3671.97,0,0,0,0,-30.31,718,130,279
20934,3626.69,0,0,0,0,34.52,718,131,279
20984,3671.97,0,0,0,0,-54.90,718,131,279
21035,3626.69,0,0,0,0,32.74,718,132,279
21085,3662.11,0,0,-1,0,-53.74,718,134,279
21135,3614.46,0,0,-1,0,-55.69,718,135,279
21185,3639.89,0,0,0,0,65.64,719,135,279
21235,3579.10,0,0,0,0,177.48,722,135,290
21285,3612.72,0,-2,0,-12,-300.50,725,135,302
21335,3579.95,0,0,0,0,206.97,729,135,316
21385,3600.58,0,0,0,0,28.11,729,135,316
21435,3526.92,0,0,0,0,62.45,729,136,316
21485,3546.10,0,0,1,0,-25.80,730,138,316
21535,3510.41,0,1,0,0,35.69,732,139,316
21585,3546.10,0,0,1,0,-36.51,733,141,316
21635,3449.86,0,1,0,0,31.22,736,141,316
21685,3503.04,0,1,0,0,-53.97,739,141,316
21735,3459.41,0,1,0,0,42.81,742,141,316
21785,3501.40,0,1,0,0,-41.99,745,141,316
21835,3460.21,0,1,0,0,51.85,748,141,316
21885,3469.81,0,1,0,0,52.14,750,141,316
21935,3512.88,0,1,0,0,276.91,757,141,336
21985,3472.22,0,1,0,0,53.87,759,141,336
22035,3449.86,0,1,0,0,-42.32,764,141,336
22085,3419.19,0,2,0,0,51.42,769,141,336
22135,3481.09,0,1,0,0,-31.22,772,141,336
22185,3459.41,0,1,0,0,32.21,775,141,336
22235,3471.42,0,1,0,0,-10.41,778,141,336
22285,3492.43,0,1,0,0,-46.53,781,141,336
22335,3323.73,9,3,0,19,452.70,790,141,376
22385,3544.42,0,0,1,0,-43.84,791,143,389
22435,3498.95,0,1,0,0,46.31,793,144,389
22486,3545.26,0,0,1,0,-46.31,794,146,389
22536,3509.59,0,1,0,0,46.60,796,147,389
22586,3568.03,0,0,0,0,-46.90,797,148,389
22636,3479.47,0,1,0,0,32.59,800,148,389
22686,3534.40,0,0,1,0,-41.16,801,149,389
22736,3511.24,0,1,0,0,34.86,803,150,389
22786,3556.19,0,0,1,0,-34.23,804,152,389
22836,3545.26,0,0,1,0,23.62,804,153,389
22886,3597.12,0,0,1,0,39.01,804,154,389
22936,3546.10,0,0,1,0,39.84,804,156,389
22986,3598.85,0,0,1,0,42.64,804,157,389
23036,3569.73,0,0,0,0,53.46,804,157,389
23086,3629.32,0,0,0,0,-35.65,804,157,389
23136,3604.90,0,0,-1,0,-41.97,804,158,389
23186,3619.69,0,0,-1,0,-36.76,804,159,389
23236,3582.52,0,0,0,0,-34.77,804,159,389
23286,3658.54,0,0,-1,0,-65.72,804,161,389
23336,3615.33,0,0,-1,0,-44.80,804,162,389
23386,3672.87,0,0,0,0,-58.41,804,163,389
23436,3629.32,0,0,0,0,56.18,805,163,389
23486,3672.87,0,0,0,0,-32.09,806,164,389
23536,3579.95,0,0,0,0,105.55,807,164,389
23586,3673.77,0,0,0,0,-36.52,808,164,391
23636,3626.69,0,0,0,0,35.42,808,165,391
23686,3663.00,0,0,-1,0,-58.97,808,167,391
23736,3615.33,0,0,-1,0,-43.31,808,168,391
23786,3623.19,0,0,0,0,-18.29,808,168,391
23836,3567.18,0,0,0,0,52.51,808,168,391
23886,3598.85,0,0,1,0,46.05,808,169,391
23936,3563.79,0,0,0,0,35.92,808,169,391
23986,3600.58,0,0,0,0,44.69,808,169,391
24036,3568.88,0,0,0,0,42.97,808,169,391
24086,3597.98,0,0,1,0,34.89,808,170,391
24136,3573.13,0,0,0,0,23.99,808,171,391
24186,3611.85,0,0,0,0,24.89,808,171,391
24236,3564.64,0,0,0,0,27.32,808,171,391
24286,3598.85,0,0,0,0,33.35,808,171,391
24336,3569.73,0,0,0,0,53.46,808,171,391
24386,3588.52,0,0,0,0,43.84,808,171,391
24436,3555.34,0,0,1,0,30.60,808,173,391
24486,3587.66,0,0,1,0,49.68,808,174,391
24536,3521.13,0,1,0,0,28.33,809,175,391
24586,3502.22,0,1,0,0,252.48,815,175,409
24636,3563.79,0,0,0,0,-6.76,815,177,409
24686,3534.40,0,0,1,0,31.08,815,178,409
24736,3557.03,0,0,1,0,-36.73,816,180,409
24786,3521.95,0,1,0,0,24.15,818,181,409
24836,3568.88,0,0,0,0,-45.27,818,181,409
24886,3546.10,0,0,1,0,30.44,818,183,409
24936,3598.85,0,0,1,0,32.97,818,184,409
24986,3563.79,0,0,0,0,33.33,818,185,409
25036,3611.85,0,0,0,0,25.72,818,185,409
25086,3582.52,0,0,0,0,-43.24,818,185,409
25136,3619.69,0,0,0,0,-54.73,818,185,409
25186,3582.52,0,0,0,0,-39.00,818,185,409
25236,3639.01,0,0,0,0,-46.20,818,185,409
25286,3604.04,0,0,0,0,-37.37,818,185,409
25336,3639.01,0,0,0,0,-46.20,818,185,409
25387,3604.04,0,0,0,0,-48.75,818,185,409
25437,3643.43,0,0,-1,0,-29.84,818,187,409
25487,3591.95,0,0,0,0,-26.22,818,187,409
25537,3632.84,0,0,0,0,-27.94,818,187,409
25587,3591.95,0,0,-1,0,-43.72,818,188,409
25637,3629.32,0,0,0,0,-42.52,818,188,409
25687,3593.67,0,0,0,0,-48.78,818,188,409
25737,3651.41,0,0,-1,0,-47.38,818,189,409
25787,3615.33,0,0,-1,0,-36.79,818,190,409
25837,3643.43,0,0,-1,0,-29.84,818,192,409
25887,3615.33,0,0,-1,0,-60.52,818,193,409
25937,3652.30,0,0,-1,0,-36.97,818,195,409
25987,3555.34,0,0,1,0,37.47,818,196,409
26037,3611.85,0,0,0,0,23.02,818,196,409
26087,3577.39,0,0,0,0,34.46,818,196,409
26137,3610.98,0,0,0,0,26.58,818,196,409
26187,3567.18,0,0,0,0,44.66,818,196,409
26237,3610.98,0,0,0,0,34.46,818,196,409
26287,3585.94,0,0,0,0,39.55,818,196,409
26337,3619.69,0,0,0,0,39.55,818,196,409
26387,3577.39,0,0,0,0,38.81,818,196,409
26437,3639.01,0,0,0,0,-56.49,818,196,409
26487,3576.54,0,0,0,0,43.15,818,196,409
26537,3618.82,0,0,0,0,43.15,818,196,409
26587,3581.66,0,0,0,0,-30.33,818,196,409
26637,3629.32,0,0,0,0,-33.06,818,196,409
26687,3593.67,0,0,0,0,-49.63,818,196,409
26737,3629.32,0,0,0,0,-35.65,818,196,409
26787,3593.67,0,0,0,0,-38.43,818,196,409
26838,3611.85,0,0,0,0,25.76,818,196,409
26888,3577.39,0,0,0,0,31.85,818,196,409
26938,3612.72,0,0,0,0,37.03,818,196,409
26988,3568.03,0,0,0,0,42.95,818,196,409
27038,3600.58,0,0,0,0,43.82,818,196,409
27088,3577.39,0,0,0,0,34.46,818,196,409
27138,3610.98,0,0,0,0,-45.80,818,196,409
27188,3615.33,0,0,1,0,38.00,818,197,409
27238,3610.11,0,0,1,0,39.15,818,198,409
27288,3554.50,0,0,1,0,45.21,818,199,409
27338,3600.58,0,0,0,0,24.85,818,199,409
27388,3567.18,0,0,0,0,44.66,818,199,409
27438,3575.69,0,0,0,0,-41.28,818,200,409
27488,3545.26,0,0,1,0,42.40,818,202,409
27538,3597.98,0,0,1,0,44.35,818,203,409
27588,3582.52,0,0,0,0,29.95,818,203,409
27638,3611.85,0,0,0,0,26.65,818,203,409
27688,3596.26,0,0,0,0,31.89,818,203,409
27738,3639.01,0,0,0,0,-46.20,818,203,409
27788,3593.67,0,0,0,0,-47.03,818,203,409
27838,3643.43,0,0,-1,0,-39.39,818,205,409
27888,3604.04,0,0,-1,0,-44.80,818,206,409
27938,3639.01,0,0,0,0,-47.06,818,206,409
27988,3604.90,0,0,-1,0,-50.00,818,207,409
28038,3629.32,0,0,0,0,-35.65,818,207,409
28088,3604.90,0,0,0,0,-28.74,818,207,409
28138,3639.01,0,0,0,0,-47.06,818,207,409
28188,3592.81,0,0,-1,0,-56.79,818,208,409
28238,3642.54,0,0,-1,0,-38.51,818,210,409
28288,3594.54,0,0,0,0,-18.29,818,210,409
28338,3639.01,0,0,0,0,-45.34,818,210,409
28388,3605.77,0,0,0,0,-30.52,818,210,409
28438,3633.72,0,0,0,0,-28.82,818,210,409
28488,3603.17,0,0,-1,0,-29.83,818,211,409
28538,3642.54,0,0,-1,0,-39.37,818,212,409
28588,3591.95,0,0,0,0,-33.94,818,212,409
28638,44378.70,-32457,-530,0,-31929,-40750.25,1348,212,32338
28688,3597.12,0,-3,0,0,-134.24,1352,212,32338
28738,3619.69,0,0,0,0,-28.69,1352,212,32338
28788,3560.41,0,0,0,0,22.97,1352,212,32338
28838,3576.54,0,0,0,0,-31.28,1352,213,32338
28888,3526.92,0,0,0,0,53.88,1352,213,32338
28938,3509.59,0,1,0,0,38.18,1353,214,32338
28988,3561.25,0,0,0,0,422.81,1362,214,32344
29038,3503.04,0,1,0,0,281.02,1368,214,32373
29088,3535.23,0,0,1,0,-11.63,1369,215,32373
29138,3510.41,0,1,0,0,37.36,1371,216,32373
29188,3556.19,0,0,1,0,-34.23,1372,218,32373
29238,3512.06,0,1,0,0,55.97,1374,218,32373
29288,3556.19,0,0,1,0,-35.89,1375,220,32373
29338,3523.61,0,0,0,0,44.42,1375,220,32373
29388,3586.80,0,0,1,0,32.98,1375,221,32373
29438,3555.34,0,0,1,0,42.64,1375,223,32373
29488,3611.85,0,0,0,0,29.25,1375,223,32373
29538,3531.07,0,0,1,0,25.11,1375,225,32373
29588,3587.66,0,0,1,0,32.75,1375,226,32373
29638,3534.40,0,0,1,0,42.14,1375,228,32373
29688,3587.66,0,0,1,0,40.72,1375,229,32373
29739,3566.33,0,0,0,0,46.38,1375,229,32373
29789,3618.82,0,0,0,0,46.38,1375,229,32373
29839,3580.81,0,0,0,0,-35.65,1375,229,32373
29889,3554.50,0,0,1,0,-9.24,1375,231,32373
29939,3536.90,0,0,1,0,43.91,1375,232,32373
29989,3587.66,0,0,1,0,21.18,1375,233,32373
30039,3562.95,0,0,0,0,25.57,1375,233,32373
30089,3610.98,0,0,0,0,33.59,1375,233,32373
30139,3567.18,0,0,0,0,43.80,1375,233,32373
30189,3587.66,0,0,1,0,53.31,1375,234,32373
30239,3573.98,0,0,0,0,24.87,1375,235,32373
30289,3630.20,0,0,0,0,-43.40,1375,235,32373
30339,3639.01,0,0,0,0,-49.63,1375,235,32373
30389,3604.04,0,-5,0,-5,-769.25,1384,235,32379
30439,3602.31,0,0,0,0,559.14,1395,235,32387
30489,3663.00,0,0,-1,0,-49.42,1395,237,32387
30539,3626.69,0,0,0,0,36.31,1395,238,32387
30589,3673.77,0,0,0,0,-45.32,1396,238,32387
30639,3640.78,0,0,-1,0,44.73,1397,239,32387
30689,3685.50,0,-1,0,0,-45.61,1399,239,32387
30739,3641.66,0,0,-1,0,31.21,1399,241,32387
30789,3684.60,0,-1,0,0,-44.71,1401,241,32387
30839,3640.78,0,0,-1,0,46.54,1402,243,32387
30889,3684.60,0,-1,0,0,-32.30,1404,244,32387
30939,3640.78,0,0,-1,0,44.73,1405,246,32387
30989,3672.87,0,0,0,0,-32.98,1406,246,32387
31039,3640.78,0,0,-1,0,44.73,1407,247,32387
31089,3672.87,0,0,0,0,-34.74,1407,248,32387
31139,3615.33,0,0,-1,0,-24.86,1407,249,32387
31190,3610.11,0,0,1,0,42.60,1407,250,32387
31240,3571.43,0,0,0,0,51.76,1407,250,32387
31290,3620.56,0,0,0,0,-39.76,1407,250,32387
31340,3571.43,0,0,0,0,50.89,1407,250,32387
31390,3601.44,0,0,0,0,34.42,1407,250,32387
31440,3568.03,0,0,0,0,42.95,1407,250,32387
31490,3630.20,0,0,0,0,-47.69,1407,250,32387
31540,3593.67,0,0,0,0,-41.69,1407,250,32387
31590,3629.32,0,0,0,0,-38.23,1407,251,32387
31640,3593.67,0,0,0,0,-35.55,1407,251,32387
31690,3628.45,0,0,0,0,-34.77,1407,251,32387
31740,3591.95,0,0,0,0,-41.69,1407,251,32387
31790,3610.98,0,0,0,0,51.76,1407,251,32387
31840,3585.09,0,0,0,0,36.14,1407,251,32387
31890,3618.82,0,0,0,0,36.14,1407,251,32387
31940,3545.26,0,0,1,0,44.11,1407,252,32387
31990,3600.58,0,0,0,0,23.00,1407,252,32387
32040,3567.18,0,0,0,0,34.26,1407,252,32387
32090,3598.85,0,0,1,0,21.20,1407,253,32387
32140,3563.79,0,0,0,0,33.33,1407,254,32387
32190,3611.85,0,0,0,0,24.00,1407,254,32387
32240,3577.39,0,0,0,0,35.33,1407,254,32387
32290,3623.19,0,0,0,0,-50.91,1407,254,32387
32340,3596.26,0,0,0,0,-50.91,1407,254,32387
32390,3620.56,0,0,0,0,-26.89,1407,254,32387
32440,3583.37,0,0,0,0,-48.40,1407,254,32387
32490,3639.89,0,0,0,0,-58.23,1407,254,32387
32540,3593.67,0,0,0,0,-47.87,1407,254,32387
32590,3647.86,0,0,-1,0,-55.05,1407,255,32387
32640,3592.81,0,0,0,0,-41.01,1407,255,32387
32690,3610.11,0,0,0,0,-38.27,1407,255,32387
32740,3586.80,0,0,0,0,31.01,1407,255,32387
32790,3619.69,0,0,0,0,31.01,1407,255,32387
32840,3571.43,0,0,0,0,53.51,1407,255,32387
32890,3611.85,0,0,0,0,32.72,1407,255,32387
32940,3582.52,0,0,0,0,-46.81,1407,255,32387
32990,3611.85,0,0,0,0,43.82,1407,255,32387
33040,3586.80,0,0,0,0,43.82,1407,255,32387
33090,3619.69,0,0,0,0,-39.89,1407,255,32387
33140,3554.50,0,0,1,0,19.48,1407,256,32387
33190,3598.85,0,0,1,0,33.16,1407,257,32387
33240,3577.39,0,0,0,0,33.59,1407,257,32387
33290,3620.56,0,0,0,0,-35.48,1407,257,32387
33340,3583.37,0,0,0,0,-44.07,1407,257,32387
33390,3577.39,0,0,0,0,-19.52,1407,258,32387
33440,3580.81,0,0,0,0,48.81,1407,258,32387
33490,3549.46,0,0,1,0,491.49,1417,259,32393
33540,3595.40,0,-4,0,-4,-665.25,1425,259,32398
33590,3559.56,0,0,1,0,82.10,1426,261,32398
33640,3588.52,0,0,1,0,35.39,1426,262,32398
33690,3546.94,0,0,1,0,35.58,1426,264,32398
33740,3548.62,0,0,1,0,-22.52,1426,265,32398
33790,3522.78,0,1,0,0,45.25,1428,265,32398
33840,3586.80,0,0,1,0,43.01,1428,266,32398
33890,3545.26,0,0,1,0,29.57,1428,268,32398
33940,3598.85,0,0,1,0,29.57,1428,269,32398
33990,3566.33,0,0,0,0,34.24,1428,269,32398
34040,3591.09,0,0,0,0,26.57,1428,269,32398
34091,3577.39,0,0,0,0,33.59,1428,269,32398
34141,3619.69,0,0,0,0,-44.92,1428,269,32398
34191,3593.67,0,0,0,0,-47.66,1428,269,32398
34241,3647.86,0,0,-1,0,-56.77,1428,271,32398
34291,3604.90,0,0,0,0,-43.61,1428,271,32398
34341,3643.43,0,0,-1,0,-39.39,1428,272,32398
34391,3615.33,0,0,-1,0,-47.42,1428,273,32398
34441,3610.11,0,0,0,0,16.73,1428,274,32398
34491,3614.46,0,0,-1,0,6.28,1428,275,32398
34541,3633.72,0,0,0,0,-19.26,1428,276,32398
34591,3592.81,0,0,0,0,-30.46,1428,276,32398
34641,3642.54,0,0,-1,0,-38.51,1428,277,32398
34691,3604.04,0,0,0,0,-17.43,1428,277,32398
34741,3643.43,0,0,-1,0,-38.53,1428,278,32398
34791,3593.67,0,0,0,0,-46.20,1428,278,32398
34841,3639.01,0,0,0,0,-58.20,1428,278,32398
34891,3604.04,0,0,0,0,-47.06,1428,278,32398
34941,3633.72,0,0,0,0,-28.82,1428,278,32398
34991,3604.90,0,0,0,0,-41.03,1428,278,32398
35041,3643.43,0,0,-1,0,-39.39,1428,279,32398
35091,3591.95,0,0,0,0,-18.29,1428,279,32398
35141,3610.11,0,0,0,0,-31.23,1428,279,32398
35191,3576.54,0,0,0,0,36.18,1428,279,32398
35241,3611.85,0,0,0,0,50.01,1428,279,32398
35291,3564.64,0,0,0,0,34.21,1428,279,32398
35341,3599.71,0,0,0,0,27.42,1428,279,32398
35391,3568.88,0,0,0,0,42.97,1428,279,32398
35441,3623.19,0,0,0,0,-45.80,1428,279,32398
35491,3577.39,0,0,0,0,35.33,1428,279,32398
35542,3623.19,0,0,0,0,-55.16,1428,279,32398
35592,3580.81,0,0,0,0,-47.50,1428,279,32398
35642,3610.98,0,0,0,0,-47.50,1428,279,32398
35692,3562.95,0,0,0,0,26.43,1428,279,32398
35742,3611.85,0,0,0,0,26.57,1428,279,32398
35792,3577.39,0,0,0,0,33.59,1428,279,32398
35842,3611.85,0,0,0,0,36.77,1428,279,32398
35892,3568.03,0,0,0,0,32.55,1428,279,32398
35942,3610.98,0,0,0,0,32.55,1428,279,32398
35992,3580.81,0,0,0,0,-37.19,1428,279,32398
36042,3581.66,0,0,0,0,-50.28,1428,279,32398
36092,3555.34,0,0,1,0,32.31,1428,281,32398
36142,3598.85,0,0,1,0,50.50,1428,282,32398
36192,3577.39,0,0,0,0,23.19,1428,282,32398
36242,3624.06,0,0,0,0,-56.03,1428,282,32398
36292,3569.73,0,0,0,0,54.33,1428,282,32398
36342,3610.98,0,0,0,0,32.72,1428,282,32398
36392,3581.66,0,0,0,0,-45.10,1428,282,32398
36442,3639.01,0,0,0,0,-45.34,1428,282,32398
36492,3604.04,0,0,-1,0,-59.34,1428,283,32398
36542,3639.01,0,0,0,0,-47.06,1428,284,32398
36592,3576.54,0,0,0,0,35.31,1428,284,32398
36642,3611.85,0,0,0,0,33.57,1428,284,32398
36692,3571.43,0,0,0,0,50.89,1428,284,32398
36742,3630.20,0,0,0,0,-49.40,1428,284,32398
36792,3591.95,0,0,0,0,-39.09,1428,284,32398
36842,3622.31,0,0,0,0,-17.41,1428,284,32398
36892,3585.09,0,0,0,0,-17.41,1428,284,32398
36942,3620.56,0,0,0,0,-33.76,1428,284,32398
36992,3582.52,0,0,0,0,-39.95,1428,284,32398
37042,3591.95,0,0,-1,0,-58.26,1428,285,32398
37092,3562.95,0,0,0,0,24.71,1428,286,32398
37142,3600.58,0,0,0,0,42.93,1428,286,32398
37192,3509.59,0,1,0,0,23.14,1429,287,32398
37242,3567.18,0,0,0,0,-46.05,1430,288,32398
37292,3574.83,0,0,0,0,-42.10,1430,289,32398
37342,3540.24,0,0,1,0,387.49,1438,290,32403
37392,3501.40,0,1,0,0,300.88,1444,290,32421
37442,3568.88,0,0,0,0,199.02,1447,290,32431
37492,3578.24,0,0,0,0,79.40,1448,291,32436
37542,3545.26,0,0,1,0,44.97,1448,293,32436
37592,3576.54,0,0,0,0,-22.88,1448,294,32436
37642,3544.42,0,0,1,0,43.23,1448,296,32436
37692,3576.54,0,0,0,0,-32.11,1448,297,32436
37742,3545.26,0,0,1,0,42.40,1448,299,32436
37792,3587.66,0,0,1,0,34.00,1448,300,32436
37842,3555.34,0,0,1,0,43.50,1448,302,32436
37892,3563.79,0,0,0,0,-8.45,1448,303,32436
37942,3532.74,0,0,1,0,31.90,1448,305,32436
37992,3579.10,0,0,0,0,-57.14,1449,305,32436
38042,3533.57,0,0,1,0,42.97,1449,307,32436
38092,3586.80,0,0,1,0,42.12,1449,308,32436
38142,3545.26,0,0,1,0,42.40,1449,310,32436
38192,3598.85,0,0,1,0,32.30,1449,311,32436
38242,3557.03,0,0,1,0,43.55,1449,312,32436
38292,3587.66,0,0,1,0,31.26,1449,313,32436
38342,3555.34,0,0,1,0,32.31,1449,315,32436
38392,3588.52,0,0,0,0,30.76,1449,315,32436
38443,3577.39,0,0,0,0,23.19,1449,315,32436
38493,3620.56,0,0,0,0,-37.19,1449,315,32436
38543,3591.95,0,0,0,0,-49.63,1449,315,32436
38593,3648.75,0,0,-1,0,-55.07,1449,316,32436
38643,3615.33,0,0,-1,0,-56.34,1449,317,32436
38693,3643.43,0,0,-1,0,-28.97,1449,319,32436
38743,3604.04,0,0,-1,0,-52.46,1449,320,32436
38793,3624.06,0,0,0,0,-19.16,1449,320,32436
38843,3593.67,0,0,0,0,-47.89,1449,320,32436
38893,3618.82,0,0,-1,0,-47.99,1449,321,32436
38943,3592.81,0,0,0,0,-33.76,1449,321,32436
38993,3642.54,0,0,-1,0,-37.64,1449,322,32436
39043,3604.90,0,0,0,0,-27.95,1449,322,32436
39093,3624.06,0,0,0,0,-20.89,1449,322,32436
39143,3576.54,0,0,0,0,43.15,1449,322,32436
39193,3638.13,0,0,0,0,-55.61,1449,322,32436
39243,3592.81,0,0,0,0,-51.35,1449,322,32436
39293,3629.32,0,0,0,0,-34.79,1449,322,32436
39343,3592.81,0,0,0,0,-39.28,1449,322,32436
39393,3619.69,0,0,-1,0,-47.96,1449,323,32436
39443,3577.39,0,0,0,0,41.43,1449,323,32436
39493,3610.98,0,0,0,0,-45.80,1449,323,32436
39543,3586.80,0,0,0,0,-45.80,1449,323,32436
39593,3620.56,0,0,0,0,-35.48,1449,323,32436
39643,3594.54,0,0,0,0,-46.67,1449,323,32436
39693,3699.14,-2,-1,0,-4,-168.89,1450,325,32440
39743,3582.52,0,0,0,0,-30.48,1450,325,32440
39793,3639.01,0,0,0,0,-56.49,1450,325,32440
39843,3604.90,0,0,0,0,-40.81,1450,325,32440
39894,3648.75,0,0,-1,0,-55.93,1450,326,32440
39944,3602.31,0,0,-1,0,-36.79,1450,327,32440
39994,3652.30,0,0,-1,0,-48.26,1450,329,32440
40044,3592.81,0,0,-1,0,-35.93,1450,330,32440
40094,3632.84,0,0,0,0,-28.80,1450,331,32440
40144,3582.52,0,0,0,0,-21.75,1450,331,32440
40194,3623.19,0,0,0,0,-54.31,1450,331,32440
40244,3469.01,0,1,0,0,84.65,1451,333,32440
40294,3399.05,1,2,0,0,-21.43,1456,333,32440
40344,3338.53,0,3,0,0,-21.41,1462,333,32440
40394,3214.74,0,5,0,0,46.83,1475,333,32440
40444,3214.74,2,5,0,0,-34.08,1489,333,32440
40494,3210.62,0,5,0,0,-50.73,1499,333,32440
40544,3153.91,0,5,0,0,51.22,1514,333,32440
40594,3214.74,4,5,0,0,-60.83,1529,333,32440
40644,3233.46,0,4,0,0,-66.23,1538,333,32440
40694,3198.29,0,5,0,0,53.39,1552,333,32440
40744,3289.47,1,4,0,0,-73.35,1564,333,32440
40794,3308.34,0,3,0,0,-68.60,1571,333,32440
40844,3290.19,0,4,0,0,42.40,1582,333,32440
40894,3376.86,0,2,0,0,-67.79,1590,333,32440
40944,3358.71,0,3,0,0,48.83,1598,333,32440
40994,3460.21,0,1,0,0,-81.07,1603,333,32440
41044,3491.62,0,1,0,0,-75.54,1606,333,32440
41094,3461.01,0,1,0,0,149.97,1610,333,32440
41144,3557.87,0,0,1,0,-77.60,1612,334,32440
41194,3521.95,0,1,0,0,46.08,1614,334,32440
41244,3610.11,0,0,1,0,45.83,1614,335,32440
41294,3572.28,0,0,0,0,59.68,1614,336,32440
41344,3667.48,0,0,-1,0,-75.53,1614,338,32440
41394,3629.32,0,0,0,0,51.66,1615,338,32440
41444,3708.28,0,-1,0,0,-55.98,1617,339,32440
41494,3674.67,0,0,0,0,56.67,1618,340,32440
41544,3746.25,0,-1,0,0,-67.08,1621,340,32440
41594,3697.31,0,-1,0,0,119.48,1624,340,32445
41644,3732.27,0,-1,0,0,152.73,1638,340,32466
41694,3808.07,0,-2,0,0,-72.08,1643,340,32466
41744,3762.23,0,-2,0,0,45.85,1648,340,32466
41794,3821.66,0,-2,0,0,-59.43,1654,340,32466
41844,3774.53,0,-2,0,0,34.51,1660,340,32466
41894,3822.63,0,-2,0,0,-49.05,1666,340,32466
41944,3774.53,0,-2,0,0,60.80,1673,340,32466
41994,3771.69,0,-2,0,0,49.00,1682,340,32469
42044,3821.66,0,-2,0,0,-59.43,1689,340,32469
42094,3750.00,0,-1,0,0,46.51,1693,340,32469
42144,3796.51,0,-2,0,0,-48.38,1698,340,32469
42194,3748.13,0,-1,0,0,48.38,1702,340,32469
42244,3795.55,0,-2,0,0,-57.69,1707,340,32469
42294,3735.99,0,-1,0,0,48.07,1711,340,32469
42344,3724.86,0,-1,0,0,43.99,1717,340,32473
42394,3760.34,0,-2,0,0,-36.41,1722,340,32473
42444,3699.14,0,-1,0,0,48.05,1725,340,32473
42494,3700.05,0,-1,0,0,-12.73,1728,340,32473
42544,3663.00,0,0,-1,0,38.87,1729,341,32473
42594,3707.36,0,-1,0,0,-55.06,1731,342,32473
42644,3652.30,0,0,-1,0,31.39,1732,344,32473
42694,3684.60,0,-1,0,0,-43.82,1734,345,32473
42744,3628.45,0,0,0,0,57.06,1735,345,32473
42795,3661.22,0,0,-1,0,-31.89,1736,346,32473
42845,3591.09,0,0,-1,0,-46.55,1736,347,32473
42895,3648.75,0,0,-1,0,-55.93,1736,349,32473
42945,3604.90,0,0,0,0,-40.07,1736,349,32473
42995,3632.84,0,0,0,0,-28.80,1736,349,32473
43045,3591.95,0,0,0,0,-30.54,1736,349,32473
43095,3619.69,0,0,-1,0,-49.71,1736,350,32473
43145,3576.54,0,0,0,0,43.15,1736,350,32473
43195,3610.98,0,0,0,0,-45.78,1736,350,32473
43245,3544.42,0,0,1,0,44.95,1736,351,32473
43295,3587.66,0,0,1,0,52.72,1736,352,32473
43345,3545.26,0,0,1,0,44.97,1736,354,32473
43395,3568.03,0,0,0,0,-45.25,1737,354,32473
43445,3522.78,0,1,0,0,43.55,1739,354,32473
43495,3574.83,0,0,0,0,-40.43,1739,355,32473
43545,3536.07,0,0,1,0,51.59,1739,357,32473
43595,3587.66,0,0,1,0,40.72,1739,358,32473
43645,3545.26,0,0,1,0,54.45,1739,360,32473
43695,3586.80,0,0,1,0,38.99,1739,361,32473
43745,3549.46,0,0,1,0,60.65,1739,363,32473
43795,3600.58,0,0,0,0,42.06,1739,363,32473
43845,3568.03,0,0,0,0,42.95,1739,363,32473
43895,3611.85,0,0,0,0,35.33,1739,363,32473
43945,3581.66,0,0,0,0,-37.19,1739,363,32473
43995,3619.69,0,0,0,0,-40.65,1739,363,32473
44045,3582.52,0,0,0,0,-40.81,1739,363,32473
44095,3629.32,0,0,0,0,-46.81,1739,363,32473
44145,3593.67,0,0,0,0,-46.94,1739,363,32473
44195,3639.01,0,0,0,0,-47.92,1739,364,32473
44246,3603.17,0,0,-1,0,-59.37,1739,365,32473
44296,3633.72,0,0,0,0,-30.55,1739,366,32473
44346,3593.67,0,0,0,0,-41.03,1739,366,32473
44396,3629.32,0,0,0,0,-38.23,1739,367,32473
44446,3602.31,0,0,-1,0,-48.15,1739,368,32473
44496,3639.01,0,0,0,0,-45.34,1739,368,32473
44546,3592.81,0,0,-1,0,-53.45,1739,369,32473
44596,3630.20,0,0,0,0,-49.40,1739,369,32473
44646,3581.66,0,0,0,0,-38.23,1739,369,32473
44696,3628.45,0,0,0,0,-34.77,1739,369,32473
44746,3580.81,0,0,0,0,-32.05,1739,369,32473
44796,3620.56,0,0,0,0,-38.05,1739,369,32473
44846,3576.54,0,0,0,0,36.18,1739,369,32473
44896,3609.24,0,0,0,0,-45.78,1739,369,32473
44946,3581.66,0,0,0,0,-45.89,1739,369,32473
44996,3629.32,0,0,0,0,-34.79,1739,369,32473
45046,3593.67,0,0,0,0,-29.60,1739,369,32473
45096,3648.75,0,0,-1,0,-57.65,1739,371,32473
45146,3604.04,0,0,0,0,-43.61,1739,371,32473
45196,3647.86,0,0,-1,0,-55.91,1739,373,32473
45246,3603.17,0,0,-1,0,-37.64,1739,374,32473
45296,3643.43,0,0,-1,0,-39.39,1739,376,32473
45346,3650.52,0,0,-1,0,-55.99,1739,377,32473
45396,3610.11,0,0,0,0,22.95,1739,377,32473
45446,3566.33,0,0,0,0,34.24,1739,377,32473
45496,3597.12,0,0,1,0,52.26,1739,378,32473
45546,3559.56,0,0,1,0,52.28,1739,379,32473
45596,3600.58,0,0,0,0,42.06,1739,379,32473
45646,3558.72,0,0,1,0,52.26,1739,380,32473
45696,3610.11,0,0,1,0,47.07,1739,381,32473
45746,3588.52,0,0,0,0,36.98,1739,381,32473
45796,3571.43,0,0,0,0,569.93,1751,381,32480
45846,3617.07,0,-6,0,-6,-899.87,1762,381,32487
45896,3570.58,0,0,0,0,534.51,1773,381,32494
45946,3604.90,0,-5,0,-4,-794.09,1782,381,32499
45996,3540.24,0,0,1,0,437.48,1790,382,32504
46046,3601.44,0,0,1,0,0.00,1790,383,32504
46096,3534.40,0,0,1,0,39.58,1790,385,32504
46146,3566.33,0,0,0,0,-33.60,1790,386,32504
46196,3523.61,0,0,0,0,51.23,1790,387,32504
46246,3575.69,0,0,0,0,-42.12,1790,388,32504
46296,3532.74,0,0,1,0,36.99,1790,389,32504
46346,3568.03,0,0,0,0,-45.25,1791,389,32504
46396,3523.61,0,0,0,0,40.18,1791,390,32504
46446,3568.03,0,0,0,0,-58.44,1792,391,32504
46496,3522.78,0,1,0,0,45.25,1794,391,32504
46546,3569.73,0,0,0,0,-46.95,1795,391,32504
46596,3523.61,0,0,0,0,54.64,1796,391,32504
46646,3569.73,0,0,0,0,-46.12,1796,391,32504
46696,3533.57,0,0,1,0,34.46,1797,392,32504
46746,3579.10,0,0,0,0,-57.14,1798,392,32504
46796,3534.40,0,0,1,0,34.48,1798,393,32504
46846,3574.83,0,0,0,0,-39.60,1798,394,32504
46896,3586.80,0,0,1,0,43.76,1798,395,32504
46946,3540.24,0,0,1,0,391.61,1806,396,32508
46996,3503.85,0,1,0,0,285.94,1812,396,32524
47046,3547.78,0,0,1,0,181.71,1814,397,32531
47096,3547.78,0,0,1,0,-22.51,1815,398,32531
47147,3509.59,0,1,0,0,47.44,1817,399,32531
47197,3567.18,0,0,0,0,-54.30,1818,399,32531
47247,3532.74,0,0,1,0,46.36,1819,400,32531
47297,3588.52,0,0,1,0,32.10,1819,401,32531
47347,3546.10,0,0,1,0,52.75,1819,403,32531
47397,3598.85,0,0,0,0,34.21,1819,403,32531
47447,3568.03,0,0,0,0,32.55,1819,403,32531
47497,3623.19,0,0,0,0,-46.65,1819,403,32531
47547,3582.52,0,0,0,0,-56.33,1819,403,32531
47597,3630.20,0,0,0,0,-49.40,1819,403,32531
47647,3580.81,0,0,0,0,-54.65,1819,403,32531
47697,3618.82,0,0,0,0,-51.15,1819,403,32531
47747,3581.66,0,0,0,0,-44.11,1819,403,32531
47797,3628.45,0,0,0,0,-45.07,1819,403,32531
47847,3581.66,0,0,0,0,-39.09,1819,403,32531
47897,3639.01,0,0,0,0,-45.34,1819,403,32531
47947,3593.67,0,0,0,0,-30.48,1819,403,32531
47997,3620.56,0,0,0,0,-29.47,1819,404,32531
48047,3578.24,0,0,0,0,32.73,1819,404,32531
48097,3601.44,0,0,0,0,-44.07,1819,404,32531
48147,3568.03,0,0,0,0,42.08,1819,404,32531
48197,3612.72,0,0,0,0,47.30,1819,404,32531
48247,3568.03,0,0,0,0,43.82,1819,404,32531
48297,3611.85,0,0,0,0,33.60,1819,404,32531
48347,3570.58,0,0,0,0,52.61,1819,404,32531
48397,3619.69,0,0,0,0,-63.14,1819,404,32531
48447,3582.52,0,0,0,0,-32.05,1819,404,32531
48497,3770.74,0,-2,0,0,-26.36,2400,404,32531
48547,3593.67,0,0,0,0,-52.21,2400,404,32531
48598,3647.86,0,0,-1,0,-55.05,2400,405,32531
48648,3591.95,0,0,0,0,-42.75,2400,405,32531
48698,3639.01,0,0,0,0,-45.34,2400,405,32531
48748,3583.37,0,0,0,0,-41.67,2400,405,32531
48798,3591.95,0,0,0,0,-47.71,2400,405,32531
48848,3557.87,0,0,1,0,42.70,2400,406,32531
48898,3609.24,0,0,1,0,44.35,2400,407,32531
48948,3568.03,0,0,0,0,41.21,2400,408,32531
48998,3623.19,0,0,0,0,-56.01,2400,408,32531
49048,3582.52,0,0,0,0,-56.85,2400,408,32531
49098,3629.32,0,0,0,0,-48.52,2400,409,32531
49148,3593.67,0,0,0,0,-47.87,2400,409,32531
49198,3639.01,0,0,0,0,-56.49,2400,409,32531
49248,3591.95,0,0,0,0,-31.40,2400,409,32531
49298,3630.20,0,0,0,0,-46.83,2400,409,32531
49348,3577.39,0,0,0,0,33.59,2400,409,32531
49398,3627.57,0,0,0,0,5.27,2400,409,32531
49448,3583.37,0,0,0,0,-47.92,2400,409,32531
49498,3629.32,0,0,0,0,-37.37,2400,410,32531
49548,3582.52,0,0,0,0,-41.69,2400,410,32531
49598,3629.32,0,0,0,0,-35.65,2400,410,32531
49648,3591.95,0,0,0,0,-28.74,2400,410,32531
49698,3619.69,0,0,0,0,-30.36,2400,410,32531
49748,3582.52,0,0,0,0,-55.53,2400,410,32531
49798,3620.56,0,0,0,0,-35.48,2400,410,32531
49848,3582.52,0,0,0,0,-69.12,2400,410,32531
49898,3620.56,0,0,0,0,-38.05,2400,410,32531
49948,3582.52,0,0,0,0,-57.21,2400,410,32531
49998,3620.56,0,0,0,0,-38.05,2400,410,32531
50048,3582.52,0,0,0,0,-58.09,2400,410,32531
50098,3639.01,0,0,0,0,-47.06,2400,411,32531
50148,3613.59,0,0,-1,0,-60.67,2400,412,32531
50198,3697.31,0,-1,0,0,-57.42,2402,412,32531
50248,3663.00,0,0,-1,0,33.40,2403,414,32531
50298,3723.93,0,-1,0,0,-49.26,2405,414,32531
50348,3698.22,0,-1,0,0,36.83,2408,414,32531
50398,3735.06,0,-1,0,0,-35.01,2411,414,32531
50448,3698.22,0,-1,0,0,36.83,2414,414,32531
50498,3735.06,0,-1,0,0,-36.83,2417,414,32531
50548,3711.95,0,-1,0,0,37.11,2420,414,32531
50598,3745.32,0,-1,0,0,98.86,2424,414,32539
50648,3745.32,0,-1,0,0,-48.01,2439,414,32548
50698,3711.03,0,-1,0,0,37.09,2442,414,32548
50748,3734.13,0,-1,0,0,-34.99,2445,414,32548
50798,3699.14,0,-1,0,0,36.85,2448,414,32548
50848,3722.08,0,-1,0,0,-34.77,2451,414,32548
50898,3675.57,0,0,0,0,48.36,2453,414,32548
50948,3700.05,0,-1,0,0,-24.48,2455,414,32548
50998,3664.79,0,0,-1,0,42.57,2456,416,32548
51048,3662.11,0,0,-1,0,-22.22,2457,417,32548
51098,3615.33,0,0,-1,0,-45.04,2457,418,32548
51148,3652.30,0,0,-1,0,-36.97,2457,420,32548
51198,3604.04,0,0,-1,0,-45.66,2457,421,32548
51248,3652.30,0,0,-1,0,-48.26,2457,423,32548
51298,3603.17,0,0,-1,0,-34.17,2457,424,32548
51348,3624.06,0,0,0,0,-20.89,2457,424,32548
51398,3574.83,0,0,0,0,43.98,2457,424,32548
51448,3587.66,0,0,1,0,34.87,2457,425,32548
51499,3544.42,0,0,1,0,43.23,2457,427,32548
51549,3587.66,0,0,1,0,32.30,2457,428,32548
51599,3562.95,0,0,0,0,26.43,2457,428,32548
51649,3588.52,0,0,0,0,23.02,2457,428,32548
51699,3545.26,0,0,1,0,31.28,2457,429,32548
51749,3597.12,0,0,1,0,50.16,2457,430,32548
51799,3560.41,0,0,0,0,27.25,2457,430,32548
51849,3576.54,0,0,0,0,-22.88,2457,431,32548
51899,3533.57,0,0,1,0,42.97,2457,433,32548
51949,3563.79,0,0,0,0,-26.06,2457,434,32548
51999,3545.26,0,0,1,0,29.57,2457,436,32548
52049,3574.83,0,0,0,0,-28.73,2457,437,32548
52099,3546.10,0,0,1,0,28.73,2457,439,32548
52149,3585.94,0,0,1,0,39.84,2457,440,32548
52199,3551.98,0,0,1,0,34.82,2457,442,32548
52249,3585.94,0,0,1,0,50.16,2457,443,32548
52299,3553.66,0,0,1,0,45.19,2457,445,32548
52349,3611.85,0,0,0,0,34.18,2457,445,32548
52399,3576.54,0,0,0,0,24.04,2457,445,32548
52449,3624.06,0,0,0,0,-52.64,2457,445,32548
52499,3577.39,0,0,0,0,34.46,2457,445,32548
52549,3611.85,0,0,0,0,32.72,2457,445,32548
52599,3583.37,0,0,0,0,32.72,2457,445,32548
52649,3629.32,0,0,0,0,-33.06,2457,445,32548
52699,3639.01,0,0,0,0,-40.16,2457,445,32548
52749,3582.52,0,-5,0,-5,-773.64,2466,445,32554
52799,3626.69,0,0,0,0,425.17,2475,445,32559
52849,3592.81,0,-6,0,-6,-878.36,2485,445,32567
52899,3627.57,0,0,0,0,505.80,2496,445,32574
52950,3648.75,0,0,-1,0,-55.07,2508,446,32582
53000,3595.40,0,0,0,0,-34.79,2508,446,32582
53050,3630.20,0,0,0,0,-38.25,2508,446,32582
53100,3555.34,0,0,1,0,33.17,2508,447,32582
53150,3585.94,0,0,1,0,50.16,2508,448,32582
53200,3587.66,0,0,1,0,33.97,2508,449,32582
53250,3549.46,0,0,1,0,450.54,2517,450,32587
53300,3581.66,0,0,-1,0,-139.02,2518,451,32587
53350,3553.66,0,0,1,0,33.14,2518,453,32587
53400,3543.59,0,0,1,0,-3.35,2518,455,32587
53450,3511.24,0,1,0,0,44.95,2520,456,32587
53500,3579.10,0,0,0,0,-67.04,2521,456,32587
53550,3522.78,0,1,0,0,56.32,2523,456,32587
53600,3545.26,0,0,1,0,-44.68,2524,458,32587
53650,3520.30,0,1,0,0,36.73,2526,459,32587
53700,3523.61,0,0,0,0,-11.55,2527,459,32587
53750,3510.41,0,1,0,0,24.82,2529,460,32587
53800,3567.18,0,0,0,0,-55.95,2530,461,32587
53850,3531.07,0,0,1,0,26.80,2531,463,32587
53900,3565.49,0,0,0,0,-32.75,2531,464,32587
53950,3545.26,0,0,1,0,22.77,2532,465,32587
54000,3587.66,0,0,1,0,30.42,2532,466,32587
54050,3562.95,0,0,0,0,27.29,2532,466,32587
54100,3610.98,0,0,0,0,35.90,2532,466,32587
54150,3610.98,0,0,0,0,35.29,2532,466,32587
54200,3583.37,0,-5,0,-4,-726.02,2541,466,32592
54250,3606.64,0,-4,0,-4,-687.03,2549,466,32596
54300,3573.13,0,0,0,0,380.48,2556,466,32600
54350,3617.94,0,-4,0,-3,-613.13,2563,466,32613
54400,3500.58,0,1,0,0,391.48,2570,466,32649
54450,3640.78,0,0,-1,0,114.86,2572,468,32651
54500,3501.40,0,1,0,0,377.58,2578,468,32670
54550,3639.89,0,0,0,0,282.70,2583,468,32673
54600,3594.54,0,-5,0,-4,-707.26,2591,468,32678
54650,3617.07,0,-5,0,-4,-722.77,2600,468,32682
54700,3584.23,0,-5,0,-4,-744.12,2609,468,32687
54750,3579.95,0,0,0,0,144.90,2611,468,32696
54800,3536.90,0,0,1,0,86.29,2612,469,32696
54850,3533.57,0,0,1,0,-40.32,2614,470,32696
54900,3498.95,0,1,0,0,47.15,2616,471,32696
54950,3535.23,0,0,1,0,-32.20,2618,472,32696
55000,3510.41,0,1,0,0,35.69,2620,473,32696
55050,3555.34,0,0,1,0,-40.82,2621,474,32696
55100,3498.95,0,1,0,0,36.28,2623,475,32696
55150,3557.03,0,0,1,0,-57.26,2624,477,32696
55200,3531.90,0,0,1,0,25.13,2625,479,32696
55250,3563.79,0,0,0,0,-29.39,2625,480,32696
55300,3546.10,0,0,1,0,28.73,2625,482,32696
55350,3597.12,0,0,1,0,30.42,2625,483,32696
55400,3564.64,0,0,0,0,32.48,2625,484,32696
55450,3610.98,0,0,0,0,32.53,2625,484,32696
55500,3577.39,0,0,0,0,23.19,2625,484,32696
55550,3620.56,0,0,0,0,-33.76,2625,484,32696
55600,42492.92,-4931,-505,0,-4442,-38873.23,3130,484,37138
55650,3792.67,-11,-2,0,-10,-266.57,3148,484,37364
55700,3582.52,0,0,0,0,-52.21,3148,484,37364
55750,3623.19,0,0,0,0,-46.65,3148,484,37364
55800,3568.03,0,0,0,0,42.95,3148,484,37364
55851,3567.18,0,0,0,0,1.70,3148,484,37364
55901,3563.79,0,0,0,0,-29.39,3148,485,37364
55951,3529.41,0,0,0,0,384.99,3156,485,37369
56001,3568.03,0,0,0,0,175.42,3159,485,37383
56051,3537.74,0,0,1,0,87.20,3160,486,37383
56101,3576.54,0,0,0,0,-33.79,3160,487,37383
56151,3536.07,0,0,1,0,49.88,3160,489,37383
56201,3565.49,0,0,0,0,-31.92,3160,490,37383
56251,3517.82,0,1,0,0,21.58,3161,491,37383
56301,3535.23,0,0,1,0,-35.47,3162,493,37383
56351,3498.95,0,1,0,0,34.62,3164,494,37383
56401,3546.10,0,0,1,0,-36.51,3165,496,37383
56451,3510.41,0,1,0,0,34.01,3167,497,37383
56501,3557.87,0,0,1,0,-48.28,3168,499,37383
56551,3523.61,0,0,0,0,43.57,3169,499,37383
56601,3557.87,0,0,1,0,-35.92,3170,501,37383
56651,3521.95,0,1,0,0,48.63,3172,501,37383
56701,3545.26,0,0,1,0,-34.85,3173,503,37383
56751,3557.87,0,0,1,0,-42.52,3174,504,37383
56801,3503.04,0,1,0,0,284.84,3180,504,37408
56851,3592.81,0,0,-1,0,-135.74,3181,505,37408
56901,3553.66,0,0,1,0,43.46,3181,506,37408
56951,3610.11,0,0,1,0,44.43,3181,507,37408
57001,3568.03,0,0,0,0,44.69,3181,507,37408
57051,3617.07,0,0,0,0,44.69,3181,507,37408
57101,3573.13,0,0,0,0,26.58,3181,507,37408
57151,3612.72,0,0,0,0,32.72,3181,507,37408
57201,3586.80,0,0,0,0,32.72,3181,507,37408
57251,3629.32,0,0,0,0,-36.51,3181,507,37408
57302,3582.52,0,0,0,0,-45.78,3181,507,37408
57352,3630.20,0,0,0,0,-37.39,3181,507,37408
57402,3580.81,0,0,0,0,-33.88,3181,507,37408
57452,3625.82,0,0,0,0,-35.58,3181,507,37408
57502,3591.95,0,0,0,0,-51.20,3181,507,37408
57552,3648.75,0,0,-1,0,-57.65,3181,509,37408
57602,3604.04,0,0,-1,0,-39.37,3181,510,37408
57652,3624.06,0,0,0,0,-11.35,3181,510,37408
57702,3603.17,0,0,0,0,-37.44,3181,510,37408
57752,3624.06,0,0,0,0,-19.16,3181,510,37408
57802,3593.67,0,0,0,0,-53.77,3181,510,37408
57852,3635.48,0,0,0,0,-50.40,3181,510,37408
57902,3604.90,0,0,0,0,-47.85,3181,510,37408
57952,3608.37,0,0,-1,0,-40.30,3181,511,37408
58002,3585.09,0,0,0,0,31.83,3181,511,37408
58052,3609.24,0,0,0,0,-39.85,3181,511,37408
58102,3567.18,0,0,0,0,52.51,3181,511,37408
58152,3589.38,0,0,0,0,40.48,3181,511,37408
58202,3563.79,0,0,0,0,35.92,3181,511,37408
58252,3593.67,0,0,1,0,50.52,3181,512,37408
58302,3566.33,0,0,0,0,34.24,3181,512,37408
58352,3611.85,0,0,0,0,27.42,3181,512,37408
58402,3559.56,0,0,1,0,48.81,3181,514,37408
58452,3624.06,0,0,0,0,-56.88,3181,514,37408
58502,3744.38,0,-1,0,0,43130.62,3744,514,47587
58552,3610.98,0,-2,0,0,-30.15,3746,514,47587
58602,3558.72,0,0,1,0,41.86,3746,515,47587
58652,3581.66,0,0,0,0,31.62,3746,515,47587
58702,3566.33,0,0,0,0,35.11,3746,515,47587
58752,3575.69,0,0,0,0,-22.03,3746,516,47587
58802,3533.57,0,0,1,0,42.97,3746,518,47587
58852,3575.69,0,0,0,0,-42.95,3746,519,47587
58902,3544.42,0,0,1,0,43.23,3746,521,47587
58952,3587.66,0,0,1,0,30.41,3746,522,47587
59002,3545.26,0,0,1,0,42.40,3746,524,47587
59052,3600.58,0,0,1,0,44.32,3746,525,47587
59102,3558.72,0,0,1,0,53.13,3746,526,47587
59152,3612.72,0,0,0,0,49.04,3746,526,47587
59202,3567.18,0,0,0,0,44.66,3746,526,47587
59252,3621.44,0,0,0,0,-50.01,3746,526,47587
59302,3581.66,0,0,0,0,-40.81,3746,526,47587
59352,3610.98,0,0,0,0,50.03,3746,526,47587
59402,3566.33,0,0,0,0,34.24,3746,526,47587
59452,3599.71,0,0,1,0,50.52,3746,527,47587
59502,3533.57,0,0,1,0,31.07,3746,529,47587
59552,3547.78,0,0,1,0,-20.85,3746,530,47587
59602,3556.19,0,0,1,0,-50.70,3747,531,47587
59652,3518.65,0,1,0,0,382.52,3755,531,47592
59702,3565.49,0,0,0,0,-27.75,3755,532,47592
59752,3544.42,0,0,1,0,30.41,3755,534,47592
59802,3587.66,0,0,1,0,42.97,3755,535,47592
59852,3554.50,0,0,1,0,33.16,3755,537,47592
59902,3611.85,0,0,0,0,24.72,3755,537,47592
59952,3577.39,0,0,0,0,32.72,3755,537,47592
60002,3623.19,0,0,0,0,-46.65,3755,537,47592
60052,3593.67,0,0,0,0,-57.21,3755,537,47592
60102,3639.01,0,0,0,0,-47.92,3755,538,47592
60152,3591.95,0,0,0,0,-39.30,3755,538,47592
60203,3610.98,0,0,0,0,-30.36,3755,538,47592
60253,3593.67,0,0,0,0,-44.11,3755,538,47592
60303,3638.13,0,0,0,0,-38.42,3755,538,47592
60353,3604.04,0,0,-1,0,-52.49,3755,539,47592
60403,3611.85,0,0,0,0,54.33,3755,539,47592
60453,3577.39,0,0,0,0,31.85,3755,539,47592
60503,3639.01,0,0,0,0,-58.20,3755,539,47592
60553,3591.95,0,0,0,0,-39.95,3755,539,47592
60603,3652.30,0,0,-1,0,-48.26,3755,541,47592
60653,3615.33,0,0,-1,0,-46.53,3755,542,47592
60703,3623.19,0,0,0,0,-6.12,3755,543,47592
60753,3593.67,0,0,0,0,-51.35,3755,543,47592
60803,3639.01,0,0,0,0,-57.35,3755,544,47592
60853,3604.90,0,0,0,0,-30.48,3755,544,47592
60903,3632.84,0,0,0,0,-28.80,3755,544,47592
60953,3581.66,0,0,0,0,-39.09,3755,544,47592
61003,3622.31,0,0,0,0,-44.92,3755,544,47592
61053,3585.94,0,0,0,0,-44.92,3755,544,47592
61103,3620.56,0,0,0,0,-25.17,3755,544,47592
61153,3581.66,0,0,0,0,-45.80,3755,544,47592
61203,3629.32,0,0,0,0,-46.81,3755,544,47592
61253,3582.52,0,0,0,0,-52.21,3755,544,47592
61303,3585.94,0,0,1,0,41.86,3755,545,47592
61353,3558.72,0,0,1,0,53.13,3755,546,47592
61403,3611.85,0,0,0,0,42.28,3755,546,47592
61453,3593.67,0,0,0,0,-49.21,3755,546,47592
61503,3637.25,0,0,0,0,-41.85,3755,546,47592
61553,3604.04,0,0,-1,0,-49.01,3755,547,47592
61603,3662.11,0,0,-1,0,-48.52,3755,549,47592
61654,3604.04,0,0,-1,0,-46.53,3755,550,47592
61704,3639.01,0,0,0,0,-45.34,3755,550,47592
61754,3591.95,0,0,-1,0,-49.90,3755,551,47592
61804,3648.75,0,0,-1,0,-56.79,3755,552,47592
61854,3554.50,0,0,1,0,37.45,3755,553,47592
61904,3598.85,0,0,1,0,27.24,3755,554,47592
61954,3553.66,0,0,1,0,45.19,3755,556,47592
62004,3576.54,0,0,0,0,-32.11,3755,557,47592
62054,3555.34,0,0,1,0,43.50,3755,559,47592
62104,3598.85,0,0,0,0,39.47,3755,559,47592
62154,3575.69,0,0,0,0,24.89,3755,559,47592
62204,3624.06,0,0,0,0,-56.88,3755,559,47592
62254,3591.95,0,0,0,0,-45.82,3755,559,47592
62304,3639.01,0,0,0,0,-45.34,3755,560,47592
62354,3604.90,0,0,0,0,-38.42,3755,560,47592
62404,3642.54,0,0,-1,0,-39.37,3755,561,47592
62454,3555.34,0,0,1,0,44.37,3755,562,47592
62504,3598.85,0,0,1,0,40.92,3755,563,47592
62554,3567.18,0,0,0,0,44.66,3755,563,47592
62604,3621.44,0,0,0,0,-43.19,3755,563,47592
62654,3581.66,0,0,0,0,-47.53,3755,563,47592
62704,3599.71,0,0,0,0,-39.78,3755,563,47592
62754,3575.69,0,0,0,0,36.16,3755,563,47592
62804,3612.72,0,0,0,0,32.70,3755,563,47592
62854,3563.79,0,0,0,0,35.92,3755,563,47592
62904,3611.85,0,0,0,0,23.02,3755,563,47592
62954,3586.80,0,0,0,0,37.87,3755,563,47592
63004,3629.32,0,0,0,0,-33.06,3755,563,47592
63054,3544.42,0,0,1,0,22.76,3755,564,47592
63104,3598.85,0,0,1,0,44.87,3755,565,47592
63154,3564.64,0,0,0,0,33.35,3755,566,47592
63204,3598.85,0,0,0,0,11.96,3755,566,47592
63254,3575.69,0,0,0,0,37.03,3755,566,47592
63304,3587.66,0,0,1,0,22.89,3755,567,47592
63354,3564.64,0,0,0,0,34.21,3755,568,47592
63404,3611.85,0,0,0,0,30.11,3755,568,47592
63454,3593.67,0,0,0,0,-38.05,3755,568,47592
63504,3639.01,0,0,0,0,-45.34,3755,569,47592
63554,3626.69,0,0,0,0,24.72,3755,570,47592
63604,3653.19,0,0,-1,0,-37.86,3755,572,47592
63654,3626.69,0,0,0,0,37.21,3755,573,47592
63704,3650.52,0,0,-1,0,-22.95,3755,574,47592
63754,3615.33,0,0,-1,0,-33.66,3755,575,47592
63804,3652.30,0,0,-1,0,-49.13,3755,577,47592
63854,3604.04,0,0,-1,0,-46.53,3755,578,47592
63904,3666.59,0,0,-1,0,-91.75,3755,579,47592
63954,3591.95,0,0,0,0,-44.47,3755,579,47592
64004,3599.71,0,0,0,0,26.65,3755,579,47592
64054,3575.69,0,0,0,0,24.89,3755,579,47592
64104,3588.52,0,0,0,0,28.28,3755,579,47592
64154,3564.64,0,0,0,0,33.35,3755,580,47592
64204,3588.52,0,0,0,0,40.34,3755,580,47592
64254,3557.87,0,0,1,0,42.70,3755,581,47592
64304,3647.86,0,0,-1,0,-121.77,3755,582,47592
64354,3577.39,0,0,0,0,34.46,3755,582,47592
64404,3620.56,0,0,0,0,-33.76,3755,582,47592
64454,3593.67,0,0,0,0,-40.81,3755,582,47592
64504,3629.32,0,0,0,0,-37.37,3755,582,47592
64555,3582.52,0,0,0,0,-32.91,3755,582,47592
64605,3619.69,0,0,0,0,-38.92,3755,582,47592
64655,3580.81,0,0,0,0,-30.33,3755,582,47592
64705,3670.17,-6,0,0,-7,-205.97,3756,582,47599
64755,3598.85,0,0,1,0,113.14,3756,583,47599
64805,3560.41,0,0,0,0,609.73,3769,583,47606
64855,3592.81,0,-6,0,-5,-886.06,3780,583,47613
64905,3568.03,0,0,0,0,216.98,3784,583,47627
64955,3613.59,0,-1,0,-10,-259.78,3786,583,47637
65005,3538.57,0,0,1,0,137.00,3787,584,47644
65055,3576.54,0,0,0,0,-40.47,3787,585,47644
65105,3449.07,0,1,0,0,128.32,3789,585,47644
65155,3557.87,0,0,1,0,-34.27,3789,586,47650
65205,3521.13,0,1,0,0,35.90,3790,587,47650
65255,3546.10,0,0,1,0,-24.97,3791,589,47650
65305,3521.95,0,1,0,0,33.39,3793,590,47650
65355,3574.83,0,0,0,0,-40.43,3793,591,47650
65405,3509.59,0,1,0,0,32.32,3794,593,47650
65455,3568.03,0,0,0,0,-57.62,3795,594,47650
65505,3533.57,0,0,1,0,22.62,3796,596,47650
65555,3574.83,0,0,0,0,-40.43,3796,597,47650
65605,3555.34,0,0,1,0,32.31,3796,599,47650
65655,3585.94,0,0,1,0,40.05,3796,600,47650
65705,3568.03,0,0,0,0,43.82,3796,600,47650
65755,3611.85,0,0,0,0,24.89,3796,600,47650
65805,3577.39,0,0,0,0,33.59,3796,600,47650
65855,3630.20,0,0,0,0,-45.12,3796,600,47650
65905,3595.40,0,0,0,0,-57.21,3796,600,47650
65955,3648.75,0,0,-1,0,-56.79,3796,601,47650
66006,3604.90,0,0,0,0,-43.61,3796,601,47650
66056,3652.30,0,0,-1,0,-48.26,3796,603,47650
66106,3602.31,0,0,-1,0,-44.80,3796,604,47650
66156,3633.72,0,0,0,0,-19.26,3796,605,47650
66206,3604.04,0,0,-1,0,-34.19,3796,606,47650
66256,3642.54,0,0,-1,0,-38.51,3796,608,47650
66306,3592.81,0,0,0,0,-43.59,3796,608,47650
66356,3629.32,0,0,0,0,-35.65,3796,608,47650
66406,3577.39,0,0,0,0,33.59,3796,608,47650
66456,3623.19,0,0,0,0,-44.94,3796,608,47650
66506,3582.52,0,0,0,0,-46.65,3796,608,47650
66556,3630.20,0,0,0,0,-47.69,3796,608,47650
66606,3593.67,0,0,0,0,-41.67,3796,608,47650
66656,3629.32,0,0,0,0,-36.51,3796,608,47650
66706,3567.18,0,0,0,0,33.39,3796,608,47650
66756,3620.56,0,0,0,0,-34.62,3796,608,47650
66806,3586.80,0,0,0,0,43.17,3796,608,47650
66856,3611.85,0,0,0,0,30.97,3796,608,47650
66906,3568.03,0,0,0,0,44.69,3796,608,47650
66956,3624.06,0,0,0,0,-52.64,3796,608,47650
67006,3582.52,0,0,0,0,-58.06,3796,608,47650
67056,3582.52,0,0,0,0,-39.80,3796,608,47650
67106,3554.50,0,0,1,0,33.16,3796,610,47650
67156,3600.58,0,0,0,0,25.57,3796,610,47650
67206,3600.58,0,0,0,0,35.94,3796,610,47650
67256,3551.14,0,0,1,0,355.11,3803,611,47654
67306,3500.58,0,1,0,0,302.66,3809,611,47672
67356,3536.90,0,0,1,0,181.49,3811,612,47678
67406,3554.50,0,0,1,0,21.18,3811,614,47678
67456,3522.78,0,1,0,0,45.25,3812,615,47678
67506,3545.26,0,0,1,0,-46.31,3813,617,47678
67556,3509.59,0,1,0,0,36.51,3815,618,47678
67606,3557.87,0,0,1,0,-37.57,3816,620,47678
67656,3521.13,0,1,0,0,35.06,3818,621,47678
67706,3565.49,0,0,0,0,-32.75,3818,622,47678
67756,3533.57,0,0,1,0,31.92,3818,624,47678
67806,3588.52,0,0,1,0,29.56,3818,625,47678
67856,3554.50,0,0,1,0,33.16,3818,627,47678
67906,3600.58,0,0,0,0,35.04,3818,627,47678
67956,3564.64,0,0,0,0,33.35,3818,628,47678
68006,3600.58,0,0,0,0,32.48,3818,628,47678
68056,3566.33,0,0,0,0,45.51,3818,628,47678
68106,3598.85,0,0,0,0,42.08,3818,628,47678
68156,3573.13,0,0,0,0,25.72,3818,628,47678
68206,3590.23,0,0,0,0,33.57,3818,628,47678
68256,3555.34,0,0,1,0,43.50,3818,630,47678
68306,3609.24,0,0,1,0,49.68,3818,631,47678
68356,3566.33,0,0,0,0,35.97,3818,631,47678
68406,3619.69,0,0,0,0,35.97,3818,631,47678
68456,3595.40,0,0,0,0,35.97,3818,631,47678
68506,3639.01,0,0,0,0,-45.34,3818,631,47678
68556,3567.18,0,0,0,0,42.93,3818,631,47678
68606,3622.31,0,0,0,0,-53.43,3818,631,47678
68656,3623.19,0,0,0,0,-46.65,3818,631,47678
68706,3593.67,0,-7,0,-6,-960.19,3830,631,47686
68756,3594.54,0,-6,0,-6,-945.82,3841,631,47693
68806,3560.41,0,0,0,0,514.57,3852,631,47700
68856,3606.64,0,-5,0,-4,-739.84,3861,631,47705
68907,3562.10,0,0,0,0,404.06,3869,631,47709
68957,3501.40,0,1,0,0,377.58,3876,631,47739
69007,3501.40,0,1,0,0,354.64,3881,631,47756
69057,3601.44,0,-2,0,-14,-347.36,3884,631,47770
69107,3503.04,0,1,0,0,280.07,3889,631,47785
69157,3584.23,0,-1,0,0,-135.59,3890,632,47785
69207,3527.75,0,0,0,0,56.48,3890,633,47785
69257,3556.19,0,0,1,0,-33.41,3891,634,47785
69307,3481.09,0,1,0,0,31.79,3894,634,47785
69357,3524.44,0,0,0,0,-41.73,3896,634,47785
69407,3481.09,0,1,0,0,31.79,3899,634,47785
69457,3512.06,0,1,0,0,-41.44,3902,634,47785
69507,3491.62,0,1,0,0,21.26,3905,634,47785
69557,3536.90,0,0,1,0,-35.50,3907,635,47785
69607,3509.59,0,1,0,0,23.98,3909,636,47785
69657,3567.18,0,0,0,0,-57.59,3910,637,47785
69708,3534.40,0,0,1,0,31.93,3911,638,47785
69758,3542.75,0,0,1,0,-9.18,3911,640,47785
69808,3557.03,0,0,1,0,-40.86,3912,641,47785
69858,3536.07,0,0,1,0,189.71,3915,642,47798
69908,3577.39,0,0,0,0,0.00,3915,643,47798
69958,3515.35,0,1,0,0,74.88,3916,644,47798
70008,3600.58,0,0,0,0,66.54,3916,644,47798
70059,3567.18,0,0,0,0,48.15,3916,644,47798
70109,3609.24,0,0,1,0,36.68,3916,645,47798
70159,3558.72,0,0,1,0,52.26,3916,646,47798
70209,3600.58,0,0,0,0,40.32,3916,646,47798
70259,3548.62,0,0,1,0,51.96,3916,647,47798
70309,3429.36,0,2,0,0,30.05,3920,647,47798
70359,3293.08,0,3,0,0,46.93,3928,647,47798
70409,3206.50,0,5,0,0,37.45,3937,647,47798
70459,3078.82,0,6,0,1,302.61,3953,647,47818
70509,2933.70,7,8,0,0,61.51,3975,647,47818
70559,2845.22,0,9,0,0,64.58,3992,647,47818
70609,2761.41,0,10,0,0,60.79,4012,647,47818
70659,2677.14,0,11,0,10,56.60,4034,647,47828
70709,2657.69,0,12,0,-13,-79.93,4072,647,47862
70759,2463.05,17,14,0,6,41.96,4100,647,47894
70809,2396.93,15,15,0,4,31.04,4130,647,47903
70859,2307.69,18,16,0,4,25.49,4162,647,47916
70909,2250.56,0,17,0,8,57.13,4179,647,47924
70959,2200.70,0,18,0,-1,-8.36,4215,647,47933
71009,2085.07,14,19,0,8,59.93,4252,647,47948
71059,2043.32,15,20,0,-1,-14.65,4292,647,47956
71109,1987.54,3,20,0,7,55.77,4312,647,47963
71159,1913.75,11,21,0,1,12.29,4354,647,47971
71209,1850.94,0,22,0,7,62.82,4376,647,47978
71259,1774.73,18,23,0,7,59.91,4421,647,47986
71309,1759.53,0,23,0,1,15.20,4444,647,47987
71359,1687.48,18,24,0,1,9.55,4492,647,47995
71409,1619.87,28,25,0,7,67.61,4517,647,48002
71459,1613.08,22,25,0,0,6.79,4542,647,48002
71510,1534.84,27,26,0,1,11.71,4594,647,48010
71560,1471.02,33,27,0,6,63.82,4621,647,48016
71610,1460.42,28,27,0,1,10.60,4648,647,48017
71660,1396.13,33,28,0,5,64.29,4676,647,48022
71710,1386.32,28,28,0,0,9.81,4704,647,48022
71760,1319.26,34,29,0,5,67.06,4733,647,48027
71810,1311.76,29,29,0,0,7.50,4762,647,48027
71860,1244.09,35,30,0,5,67.67,4792,647,48032
71910,1212.91,33,31,0,2,31.19,4823,647,48034
71960,1188.31,32,31,0,1,24.60,4854,647,48035
72010,1160.54,33,31,0,2,27.77,4885,647,48037
72060,1089.17,37,32,0,5,71.37,4917,647,48042
72110,1085.85,32,32,0,0,3.31,4949,647,48042
72160,1022.22,37,33,0,4,63.64,4982,647,48046
72210,1004.08,34,33,0,1,18.13,5015,647,48047
72260,930.23,38,34,0,4,73.85,5049,647,48051
72310,930.23,38,34,0,4,73.85,5049,647,48051
72360,926.10,34,34,0,0,4.14,5083,647,48051
72410,848.03,39,35,0,4,78.06,5118,647,48055
72460,848.03,39,35,0,4,78.06,5118,647,48055
72510,844.50,35,35,0,0,3.53,5153,647,48055
72560,764.29,40,36,0,4,80.21,5189,647,48059
72610,764.29,40,36,0,4,80.21,5189,647,48059
72660,757.04,36,36,0,0,7.25,5225,647,48059
72710,757.04,36,36,0,0,7.25,5225,647,48059
72760,672.43,41,38,0,3,84.61,5263,647,48062
72810,674.70,38,38,0,0,-2.27,5301,647,48062
72860,674.70,38,38,0,0,-2.27,5301,647,48062
72910,581.87,42,39,0,3,92.83,5340,647,48065
72960,581.87,42,39,0,3,92.83,5340,647,48065
73010,581.87,42,39,0,3,92.83,5340,647,48065
73060,549.75,40,39,0,1,32.12,5379,647,48066
73110,549.75,40,39,0,1,32.12,5379,647,48066
73160,456.79,42,40,0,2,92.96,5419,647,48068
73210,456.79,42,40,0,2,92.96,5419,647,48068
73260,456.79,42,40,0,2,92.96,5419,647,48068
73310,406.02,42,41,0,1,50.77,5460,647,48069
73360,406.02,42,41,0,1,50.77,5460,647,48069
73410,406.02,42,41,0,1,50.77,5460,647,48069
73460,406.02,42,41,0,1,50.77,5460,647,48069
74317,58.59,-42,41,0,1,50.77,5460,647,48069
74368,58.59,-42,41,0,1,50.77,5460,647,48069
74418,58.59,-42,41,0,1,50.77,5460,647,48069
74468,58.59,-42,41,0,1,50.77,5460,647,48069
74518,0.00,-42,41,0,1,50.77,5460,647,48069
74568,0.00,-42,41,0,1,50.77,5460,647,48069
74618,0.00,-42,41,0,1,50.77,5460,647,48069
74668,0.00,-42,41,0,1,50.77,5460,647,48069
74718,0.00,-42,41,0,1,50.77,5460,647,48069
74768,0.00,-42,41,0,1,50.77,5460,647,48069
74818,0.00,-42,41,0,1,50.77,5460,647,48069
74868,0.00,-42,41,0,1,50.77,5460,647,48069
74918,0.00,-42,41,0,1,50.77,5460,647,48069
74968,0.00,-42,41,0,1,50.77,5460,647,48069
75018,0.00,-42,41,0,1,50.77,5460,647,48069
75068,0.00,-42,41,0,1,50.77,5460,647,48069
75118,0.00,-42,41,0,1,50.77,5460,647,48069
75168,0.00,-42,41,0,1,50.77,5460,647,48069
75218,0.00,-42,41,0,1,50.77,5460,647,48069
75268,0.00,-42,41,0,1,50.77,5460,647,48069
75318,0.00,-42,41,0,1,50.77,5460,647,48069
75368,0.00,-42,41,0,1,50.77,5460,647,48069
75418,0.00,-42,41,0,1,50.77,5460,647,48069
75468,0.00,-42,41,0,1,50.77,5460,647,48069
75518,0.00,-42,41,0,1,50.77,5460,647,48069
75568,0.00,-42,41,0,1,50.77,5460,647,48069
75618,0.00,-42,41,0,1,50.77,5460,647,48069
75668,0.00,-42,41,0,1,50.77,5460,647,48069
75718,0.00,-42,41,0,1,50.77,5460,647,48069
75768,0.00,-42,41,0,1,50.77,5460,647,48069
75819,0.00,-42,41,0,1,50.77,5460,647,48069
75869,0.00,-42,41,0,1,50.77,5460,647,48069
75919,0.00,-42,41,0,1,50.77,5460,647,48069
75969,0.00,-42,41,0,1,50.77,5460,647,48069
76019,0.00,-42,41,0,1,50.77,5460,647,48069
76069,0.00,-42,41,0,1,50.77,5460,647,48069
76119,0.00,-42,41,0,1,50.77,5460,647,48069
76169,0.00,-42,41,0,1,50.77,5460,647,48069
76219,0.00,-42,41,0,1,50.77,5460,647,48069
76269,0.00,-42,41,0,1,50.77,5460,647,48069
76319,0.00,-42,41,0,1,50.77,5460,647,48069
76369,0.00,-42,41,0,1,50.77,5460,647,48069
76419,0.00,-42,41,0,1,50.77,5460,647,48069
76469,0.00,-42,41,0,1,50.77,5460,647,48069
76519,0.00,-42,41,0,1,50.77,5460,647,48069
76569,0.00,-42,41,0,1,50.77,5460,647,48069
76619,0.00,-42,41,0,1,50.77,5460,647,48069
76669,0.00,-42,41,0,1,50.77,5460,647,48069
76719,0.00,-42,41,0,1,50.77,5460,647,48069
76769,0.00,-42,41,0,1,50.77,5460,647,48069
76819,0.00,-42,41,0,1,50.77,5460,647,48069
76869,0.00,-42,41,0,1,50.77,5460,647,48069
76919,0.00,-42,41,0,1,50.77,5460,647,48069
76969,0.00,-42,41,0,1,50.77,5460,647,48069
77019,0.00,-42,41,0,1,50.77,5460,647,48069
77069,0.00,-42,41,0,1,50.77,5460,647,48069
77119,0.00,-42,41,0,1,50.77,5460,647,48069
77169,0.00,-42,41,0,1,50.77,5460,647,48069
77219,0.00,-42,41,0,1,50.77,5460,647,48069
77270,0.00,-42,41,0,1,50.77,5460,647,48069
77320,0.00,-42,41,0,1,50.77,5460,647,48069
77370,0.00,-42,41,0,1,50.77,5460,647,48069
77420,0.00,-42,41,0,1,50.77,5460,647,48069
77470,0.00,-42,41,0,1,50.77,5460,647,48069
77520,0.00,-42,41,0,1,50.77,5460,647,48069
77570,0.00,-42,41,0,1,50.77,5460,647,48069
77620,0.00,-42,41,0,1,50.77,5460,647,48069
77670,0.00,-42,41,0,1,50.77,5460,647,48069
77720,0.00,-42,41,0,1,50.77,5460,647,48069
77770,0.00,-42,41,0,1,50.77,5460,647,48069
77820,0.00,-42,41,0,1,50.77,5460,647,48069
77870,0.00,-42,41,0,1,50.77,5460,647,48069
77920,0.00,-42,41,0,1,50.77,5460,647,48069
77970,0.00,-42,41,0,1,50.77,5460,647,48069
78020,0.00,-42,41,0,1,50.77,5460,647,48069
78070,0.00,-42,41,0,1,50.77,5460,647,48069
78120,0.00,-42,41,0,1,50.77,5460,647,48069
78170,0.00,-42,41,0,1,50.77,5460,647,48069
78220,0.00,-42,41,0,1,50.77,5460,647,48069
78270,0.00,-42,41,0,1,50.77,5460,647,48069
78320,0.00,-42,41,0,1,50.77,5460,647,48069
78370,0.00,-42,41,0,1,50.77,5460,647,48069
78420,0.00,-42,41,0,1,50.77,5460,647,48069
78470,0.00,-42,41,0,1,50.77,5460,647,48069
78520,0.00,-42,41,0,1,50.77,5460,647,48069
78570,0.00,-42,41,0,1,50.77,5460,647,48069
78620,0.00,-42,41,0,1,50.77,5460,647,48069
78670,0.00,-42,41,0,1,50.77,5460,647,48069
78720,0.00,-42,41,0,1,50.77,5460,647,48069
78770,0.00,-42,41,0,1,50.77,5460,647,48069
78820,0.00,-42,41,0,1,50.77,5460,647,48069
78870,0.00,-42,41,0,1,50.77,5460,647,48069
78920,0.00,-42,41,0,1,50.77,5460,647,48069
78970,0.00,-42,41,0,1,50.77,5460,647,48069
79020,0.00,-42,41,0,1,50.77,5460,647,48069
79070,0.00,-42,41,0,1,50.77,5460,647,48069
79120,0.00,-42,41,0,1,50.77,5460,647,48069
79170,0.00,-42,41,0,1,50.77,5460,647,48069
79220,0.00,-42,41,0,1,50.77,5460,647,48069
79270,0.00,-42,41,0,1,50.77,5460,647,48069
79320,0.00,-42,41,0,1,50.77,5460,647,48069
79370,0.00,-42,41,0,1,50.77,5460,647,48069
79420,0.00,-42,41,0,1,50.77,5460,647,48069
79470,0.00,-42,41,0,1,50.77,5460,647,48069
79520,0.00,-42,41,0,1,50.77,5460,647,48069
79570,0.00,-42,41,0,1,50.77,5460,647,48069
79620,0.00,-42,41,0,1,50.77,5460,647,48069
79670,0.00,-42,41,0,1,50.77,5460,647,48069
79720,0.00,-42,41,0,1,50.77,5460,647,48069
79770,0.00,-42,41,0,1,50.77,5460,647,48069
79820,0.00,-42,41,0,1,50.77,5460,647,48069
79870,0.00,-42,41,0,1,50.77,5460,647,48069
79920,0.00,-42,41,0,1,50.77,5460,647,48069
79970,0.00,-42,41,0,1,50.77,5460,647,48069
80020,0.00,-42,41,0,1,50.77,5460,647,48069
80070,0.00,-42,41,0,1,50.77,5460,647,48069
80120,0.00,-42,41,0,1,50.77,5460,647,48069
80171,0.00,-42,41,0,1,50.77,5460,647,48069
80221,0.00,-42,41,0,1,50.77,5460,647,48069
80271,0.00,-42,41,0,1,50.77,5460,647,48069
80321,0.00,-42,41,0,1,50.77,5460,647,48069
80371,0.00,-42,41,0,1,50.77,5460,647,48069
