Microcontroller Governor - Abrupt Load Increase(1800 W) - Initially Constant Load (1500 W)
Trial: 8
Date: 4-5-2023
Time: 4:23 PM
Ambient Temp: 77
Head Temp: 211.6

------ Microcontroller Engine Governor - Version: 1.16 ------
-------------------------------------------------------------
PID Gains:  Kp: 0.013  KpAlt: 0.025  Kd: 0.100  KdAlt: 4.000
-------------------------------------------------------------
Set RPM:             3600    |  Min RPM:                 300
                             |
RPM Precision:       20      |  PID Kp Alt Range:        70
                             |
Start Steps:         850     |  Max Steps:               1200
                             |
RPM Calc Interval:   1       |  Num Magnets:             1
                             |
LCD Update Interval: 400     |  Serial Update Interval:  50
-------------------------------------------------------------

Time,RPM,Steps Remaining, PID p, PID p Alt, PID d, RPM Change, P Cmd, P Alt Cmd, D Cmd
1734,0.00,0,0,0,0,0.00,0,0,0
1784,0.00,0,0,0,0,0.00,0,0,0
1835,0.00,0,0,0,0,0.00,0,0,0
1885,0.00,0,0,0,0,0.00,0,0,0
1935,0.00,0,0,0,0,0.00,0,0,0
1985,0.00,0,0,0,0,0.00,0,0,0
2035,0.00,0,0,0,0,0.00,0,0,0
2085,0.00,0,0,0,0,0.00,0,0,0
2135,0.00,0,0,0,0,0.00,0,0,0
2185,0.00,0,0,0,0,0.00,0,0,0
2235,0.00,0,0,0,0,0.00,0,0,0
2285,0.00,0,0,0,0,0.00,0,0,0
2335,0.00,0,0,0,0,0.00,0,0,0
2385,0.00,0,0,0,0,0.00,0,0,0
2435,0.00,0,0,0,0,0.00,0,0,0
2485,0.00,0,0,0,0,0.00,0,0,0
2535,0.00,0,0,0,0,0.00,0,0,0
2585,0.00,0,0,0,0,0.00,0,0,0
2635,0.00,0,0,0,0,0.00,0,0,0
2685,0.00,0,0,0,0,0.00,0,0,0
2735,0.00,0,0,0,0,0.00,0,0,0
2785,0.00,0,0,0,0,0.00,0,0,0
2835,0.00,0,0,0,0,0.00,0,0,0
2885,0.00,0,0,0,0,0.00,0,0,0
2935,0.00,0,0,0,0,0.00,0,0,0
2985,0.00,0,0,0,0,0.00,0,0,0
3035,0.00,0,0,0,0,0.00,0,0,0
3085,0.00,0,0,0,0,0.00,0,0,0
3135,0.00,0,0,0,0,0.00,0,0,0
3185,0.00,0,0,0,0,0.00,0,0,0
3235,0.00,0,0,0,0,0.00,0,0,0
3286,0.00,0,0,0,0,0.00,0,0,0
3336,0.00,0,0,0,0,0.00,0,0,0
3386,0.00,0,0,0,0,0.00,0,0,0
3436,0.00,0,0,0,0,0.00,0,0,0
3486,0.00,0,0,0,0,0.00,0,0,0
3536,0.00,0,0,0,0,0.00,0,0,0
3586,0.00,0,0,0,0,0.00,0,0,0
3636,0.00,0,0,0,0,0.00,0,0,0
3686,0.00,0,0,0,0,0.00,0,0,0
3736,0.00,0,0,0,0,0.00,0,0,0
3786,0.00,0,0,0,0,0.00,0,0,0
3836,0.00,0,0,0,0,0.00,0,0,0
3886,0.00,0,0,0,0,0.00,0,0,0
3936,0.00,0,0,0,0,0.00,0,0,0
3986,0.00,0,0,0,0,0.00,0,0,0
4036,0.00,0,0,0,0,0.00,0,0,0
4086,0.00,0,0,0,0,0.00,0,0,0
4136,0.00,0,0,0,0,0.00,0,0,0
4186,0.00,0,0,0,0,0.00,0,0,0
4236,0.00,0,0,0,0,0.00,0,0,0
4286,0.00,0,0,0,0,0.00,0,0,0
4336,0.00,0,0,0,0,0.00,0,0,0
4386,0.00,0,0,0,0,0.00,0,0,0
4436,0.00,0,0,0,0,0.00,0,0,0
4486,0.00,0,0,0,0,0.00,0,0,0
4536,0.00,0,0,0,0,0.00,0,0,0
4586,0.00,0,0,0,0,0.00,0,0,0
4636,0.00,0,0,0,0,0.00,0,0,0
4686,0.00,0,0,0,0,0.00,0,0,0
4736,0.00,0,0,0,0,0.00,0,0,0
4786,0.00,0,0,0,0,0.00,0,0,0
4836,0.00,0,0,0,0,0.00,0,0,0
4886,0.00,0,0,0,0,0.00,0,0,0
4936,0.00,0,0,0,0,0.00,0,0,0
4986,0.00,0,0,0,0,0.00,0,0,0
5036,0.00,0,0,0,0,0.00,0,0,0
5086,0.00,0,0,0,0,0.00,0,0,0
5136,0.00,0,0,0,0,0.00,0,0,0
5186,0.00,0,0,0,0,0.00,0,0,0
5236,0.00,0,0,0,0,0.00,0,0,0
5286,0.00,0,0,0,0,0.00,0,0,0
5336,0.00,0,0,0,0,0.00,0,0,0
5386,0.00,0,0,0,0,0.00,0,0,0
5436,0.00,0,0,0,0,0.00,0,0,0
5486,0.00,0,0,0,0,0.00,0,0,0
5536,0.00,0,0,0,0,0.00,0,0,0
5586,0.00,0,0,0,0,0.00,0,0,0
5636,0.00,0,0,0,0,0.00,0,0,0
5686,0.00,0,0,0,0,0.00,0,0,0
5736,0.00,0,0,0,0,0.00,0,0,0
5786,0.00,0,0,0,0,0.00,0,0,0
5836,0.00,0,0,0,0,0.00,0,0,0
5886,0.00,0,0,0,0,0.00,0,0,0
5936,0.00,0,0,0,0,0.00,0,0,0
5986,0.00,0,0,0,0,0.00,0,0,0
6036,0.00,0,0,0,0,0.00,0,0,0
6086,0.00,0,0,0,0,0.00,0,0,0
6136,0.00,0,0,0,0,0.00,0,0,0
6187,0.00,0,0,0,0,0.00,0,0,0
6237,0.00,0,0,0,0,0.00,0,0,0
6287,0.00,0,0,0,0,0.00,0,0,0
6337,0.00,0,0,0,0,0.00,0,0,0
6387,0.00,0,0,0,0,0.00,0,0,0
6437,0.00,0,0,0,0,0.00,0,0,0
6487,0.00,0,0,0,0,0.00,0,0,0
6537,0.00,0,0,0,0,0.00,0,0,0
6587,0.00,0,0,0,0,0.00,0,0,0
6637,0.00,0,0,0,0,0.00,0,0,0
6687,0.00,0,0,0,0,0.00,0,0,0
6737,0.00,0,0,0,0,0.00,0,0,0
6787,0.00,0,0,0,0,0.00,0,0,0
6837,0.00,0,0,0,0,0.00,0,0,0
6887,0.00,0,0,0,0,0.00,0,0,0
6937,0.00,0,0,0,0,0.00,0,0,0
6987,0.00,0,0,0,0,0.00,0,0,0
7037,0.00,0,0,0,0,0.00,0,0,0
7087,0.00,0,0,0,0,0.00,0,0,0
7137,0.00,0,0,0,0,0.00,0,0,0
7187,0.00,0,0,0,0,0.00,0,0,0
7237,0.00,0,0,0,0,0.00,0,0,0
7287,0.00,0,0,0,0,0.00,0,0,0
7337,0.00,0,0,0,0,0.00,0,0,0
7387,0.00,0,0,0,0,0.00,0,0,0
7437,0.00,0,0,0,0,0.00,0,0,0
7487,0.00,0,0,0,0,0.00,0,0,0
7537,0.00,0,0,0,0,0.00,0,0,0
7587,0.00,0,0,0,0,0.00,0,0,0
7638,0.00,0,0,0,0,0.00,0,0,0
7688,0.00,0,0,0,0,0.00,0,0,0
7738,0.00,0,0,0,0,0.00,0,0,0
7788,0.00,0,0,0,0,0.00,0,0,0
7838,0.00,0,0,0,0,0.00,0,0,0
7888,0.00,0,0,0,0,0.00,0,0,0
7938,0.00,0,0,0,0,0.00,0,0,0
7988,0.00,0,0,0,0,0.00,0,0,0
8038,0.00,0,0,0,0,0.00,0,0,0
8088,0.00,0,0,0,0,0.00,0,0,0
8138,0.00,0,0,0,0,0.00,0,0,0
8188,0.00,0,0,0,0,0.00,0,0,0
8238,0.00,0,0,0,0,0.00,0,0,0
8288,0.00,0,0,0,0,0.00,0,0,0
8338,0.00,0,0,0,0,0.00,0,0,0
8388,0.00,0,0,0,0,0.00,0,0,0
8438,0.00,0,0,0,0,0.00,0,0,0
8488,0.00,0,0,0,0,0.00,0,0,0
8538,0.00,0,0,0,0,0.00,0,0,0
8588,0.00,0,0,0,0,0.00,0,0,0
8638,0.00,0,0,0,0,0.00,0,0,0
8688,0.00,0,0,0,0,0.00,0,0,0
8738,0.00,0,0,0,0,0.00,0,0,0
8788,0.00,0,0,0,0,0.00,0,0,0
8838,0.00,0,0,0,0,0.00,0,0,0
8888,0.00,0,0,0,0,0.00,0,0,0
8938,0.00,0,0,0,0,0.00,0,0,0
8988,0.00,0,0,0,0,0.00,0,0,0
9038,0.00,0,0,0,0,0.00,0,0,0
9088,0.00,0,0,0,0,0.00,0,0,0
9138,0.00,0,0,0,0,0.00,0,0,0
9188,0.00,0,0,0,0,0.00,0,0,0
9238,0.00,0,0,0,0,0.00,0,0,0
9288,0.00,0,0,0,0,0.00,0,0,0
9338,0.00,0,0,0,0,0.00,0,0,0
9388,0.00,0,0,0,0,0.00,0,0,0
9438,0.00,0,0,0,0,0.00,0,0,0
9488,0.00,0,0,0,0,0.00,0,0,0
9538,0.00,0,0,0,0,0.00,0,0,0
9588,inf,0,0,0,0,inf,0,0,0
9638,inf,0,0,0,0,inf,0,0,0
9688,inf,0,0,0,0,inf,0,0,0
9738,inf,0,0,0,0,inf,0,0,0
9788,308.37,0,42,0,0,inf,42,0,0
9838,845.40,0,35,0,-30,-537.03,77,0,30
9888,812.88,32,36,0,1,32.53,113,0,31
9938,812.88,0,36,0,1,32.53,113,0,31
9988,798.47,7,36,0,0,14.41,149,0,31
10038,792.43,32,36,0,0,6.03,185,0,31
10088,1189.91,0,31,0,-31,-397.47,216,0,62
10138,1202.12,27,31,0,0,-12.21,247,0,62
10188,1575.30,0,26,0,-39,-373.18,273,0,101
10238,1589.83,0,26,0,-1,-14.53,299,0,102
10288,1850.48,8,22,0,-2,-23.22,344,0,132
10338,2100.84,12,19,0,-3,-23.57,382,0,166
10388,2298.15,14,16,0,0,-6.32,415,0,196
10438,2466.70,10,14,0,0,3.25,443,0,223
10488,2618.26,6,12,0,2,13.32,467,0,253
10539,2754.82,0,10,0,0,16.80,487,0,253
10589,3007.82,4,7,0,0,-127.08,512,0,253
10639,3125.65,0,6,0,0,-122.05,525,0,253
10689,3234.15,0,4,0,0,6.29,539,0,253
10739,3458.61,0,1,0,0,-121.57,546,0,253
10789,3520.30,0,1,0,0,25.80,549,1,253
10839,3680.98,0,-1,0,0,-76.95,550,1,253
10889,3723.01,0,-1,0,0,21.38,552,2,253
10939,3848.13,0,-3,0,0,-61.21,559,2,253
10989,3784.06,0,-2,0,0,14.37,565,2,253
11039,3874.97,0,-3,0,0,-63.99,573,2,253
11089,3797.47,0,-2,0,0,51.65,580,2,253
11139,3748.13,0,-1,0,0,47.42,588,2,256
11189,3735.99,0,-1,0,0,-24.04,592,2,256
11239,3675.57,0,0,0,0,60.42,594,2,256
11289,3683.69,0,-1,0,0,-19.80,596,3,256
11339,3663.90,0,0,-1,0,32.50,597,5,256
11389,3707.36,0,-1,0,0,-43.47,599,6,256
11439,3663.90,0,0,-1,0,31.59,600,8,256
11489,3719.32,0,-1,0,0,-55.42,602,9,256
11539,3652.30,0,0,-1,0,31.39,603,11,256
11589,3683.69,0,-1,0,0,-19.80,605,12,256
11639,3663.00,0,0,-1,0,21.59,606,14,256
11689,3707.36,0,-1,0,0,-43.47,608,15,256
11739,3686.41,0,-1,0,0,25.54,611,15,256
11789,3734.13,0,-1,0,0,-34.99,614,15,256
11839,3699.14,0,-1,0,0,51.80,617,15,256
11889,3709.20,0,-1,0,0,37.99,627,15,261
11939,3760.34,0,-2,0,0,-60.29,632,15,261
11990,3699.14,0,-1,0,0,47.12,635,15,261
12040,3735.06,0,-1,0,0,-35.92,638,15,261
12090,3686.41,0,-1,0,0,47.72,641,15,261
12140,3735.99,0,-1,0,0,-49.58,644,15,261
12190,3687.32,0,-1,0,0,34.77,647,15,261
12240,3723.01,0,-1,0,0,-47.44,649,15,261
12290,3675.57,0,0,0,0,48.36,651,15,261
12340,3711.95,0,-1,0,0,-36.38,653,15,261
12390,3663.90,0,0,-1,0,41.64,654,17,261
12440,3501.40,0,1,0,0,353.65,658,18,275
12490,3694.58,0,-1,0,0,-44.06,667,19,280
12540,3640.78,0,0,-1,0,42.92,668,21,280
12590,3672.87,0,0,0,0,-32.09,669,22,280
12640,3597.12,0,0,-1,0,-17.63,669,23,280
12690,3652.30,0,0,-1,0,-49.13,669,25,280
12740,3592.81,0,0,0,0,-42.75,669,25,280
12790,3620.56,0,0,0,0,-28.61,669,25,280
12840,3586.80,0,0,0,0,41.47,669,25,280
12890,3601.44,0,0,0,0,42.26,669,25,280
12940,3568.03,0,0,0,0,33.41,669,25,280
12990,3597.12,0,0,1,0,34.03,669,26,280
13040,3559.56,0,0,1,0,25.52,669,28,280
13090,3523.61,0,0,0,0,41.88,669,28,280
13140,3571.43,0,0,0,0,389.49,678,28,286
13190,3490.81,0,1,0,0,257.32,683,28,313
13240,3546.10,0,0,1,0,-56.10,684,29,313
13290,3490.00,0,1,0,0,44.41,686,30,313
13340,3546.10,0,0,1,0,-35.69,687,32,313
13390,3509.59,0,1,0,0,35.67,689,33,313
13440,3549.46,0,0,1,0,-39.04,690,35,313
13490,3523.61,0,0,0,0,42.73,691,35,313
13540,3578.24,0,0,0,0,-56.29,692,35,313
13590,3536.07,0,0,1,0,51.59,692,37,313
13640,3598.85,0,0,1,0,34.03,692,38,313
13690,3554.50,0,0,1,0,45.21,692,39,313
13740,3568.03,0,0,0,0,-56.79,693,40,313
13790,3533.57,0,0,1,0,45.53,694,41,313
13840,3578.24,0,0,0,0,-33.82,694,42,313
13890,3553.66,0,0,1,0,34.00,694,44,313
13940,3598.85,0,0,1,0,36.57,694,45,313
13990,3559.56,0,0,1,0,49.68,694,47,313
14040,3577.39,0,0,0,0,30.98,694,47,313
14090,3502.22,0,1,0,0,381.78,701,47,335
14140,3594.54,0,-4,0,-3,-529.47,707,47,338
14190,3717.47,0,-1,0,0,179.64,714,47,374
14241,3654.08,0,0,-1,0,-59.54,724,48,381
14291,3614.46,0,0,-1,0,-61.38,724,49,381
14341,3662.11,0,0,-1,0,-46.78,724,51,381
14391,3604.04,0,0,-1,0,-43.29,724,52,381
14441,3598.85,0,0,1,0,29.74,724,53,381
14491,3566.33,0,0,0,0,43.77,724,54,381
14541,3622.31,0,0,0,0,-54.28,724,54,381
14592,3580.81,0,0,0,0,-56.88,724,54,381
14642,3624.94,0,0,0,0,-41.57,724,54,381
14692,3581.66,0,0,0,0,-39.09,724,54,381
14742,3643.43,0,0,-1,0,-38.53,724,55,381
14792,3614.46,0,0,-1,0,-47.42,724,56,381
14842,3662.11,0,0,-1,0,-46.78,724,58,381
14892,3615.33,0,0,-1,0,-36.12,724,59,381
14942,3653.19,0,0,-1,0,-37.86,724,61,381
14992,3604.04,0,0,-1,0,-25.48,724,62,381
15042,3610.11,0,0,-1,0,-40.28,724,63,381
15092,3604.04,0,0,-1,0,-5.32,724,65,381
15142,3639.01,0,0,0,0,-45.34,724,65,381
15192,3603.17,0,0,-1,0,-41.08,724,66,381
15242,3638.13,0,0,0,0,-45.31,724,66,381
15292,3580.81,0,0,0,0,-28.74,724,66,381
15342,3629.32,0,0,0,0,-35.65,724,66,381
15392,3593.67,0,0,0,0,-50.49,724,66,381
15442,3639.01,0,0,0,0,-47.92,724,67,381
15492,3592.81,0,0,0,0,-47.06,724,67,381
15542,3638.13,0,0,0,0,-45.31,724,68,381
15592,3604.90,0,0,0,0,-31.34,724,68,381
15642,3648.75,0,0,-1,0,-56.79,724,69,381
15692,3591.09,0,0,-1,0,-50.74,724,70,381
15742,3629.32,0,0,0,0,-35.65,724,70,381
15792,3582.52,0,0,0,0,-39.30,724,70,381
15842,3610.98,0,0,0,0,-38.92,724,70,381
15892,3577.39,0,0,0,0,34.46,724,70,381
15942,3612.72,0,0,0,0,32.72,724,70,381
15992,3576.54,0,0,0,0,35.31,724,70,381
16043,3610.11,0,0,0,0,32.73,724,70,381
16093,3567.18,0,0,0,0,44.66,724,70,381
16143,3611.85,0,0,0,0,45.53,724,70,381
16193,3563.79,0,0,0,0,35.92,724,70,381
16243,3576.54,0,0,0,0,-18.66,724,71,381
16293,3536.07,0,0,1,0,51.59,724,73,381
16343,3523.61,0,0,0,0,42.73,724,73,381
16393,3571.43,0,0,0,0,416.87,734,73,387
16443,3501.40,0,1,0,0,352.66,741,73,410
16493,3579.10,0,0,0,0,142.06,743,73,420
16543,3526.92,0,0,0,0,65.89,744,73,420
16593,3576.54,0,0,0,0,-40.47,744,75,420
16643,3500.58,0,1,0,0,45.52,745,76,420
16693,3546.10,0,0,1,0,-34.04,746,78,420
16743,3511.24,0,1,0,0,33.19,748,79,420
16793,3557.03,0,0,1,0,-57.26,749,81,420
16843,3521.95,0,1,0,0,35.08,751,82,420
16893,3579.10,0,0,0,0,-54.66,751,82,420
16943,3528.58,0,0,0,0,57.36,751,83,420
16993,3533.57,0,0,1,0,-41.95,753,84,420
17043,3510.41,0,1,0,0,46.62,755,85,420
17093,3567.18,0,0,0,0,-5.08,756,85,420
17143,3523.61,0,0,0,0,54.64,757,85,420
17193,3585.94,0,0,1,0,44.70,757,86,420
17243,3597.98,0,0,1,0,33.97,757,87,420
17293,3562.10,0,0,0,0,375.94,765,87,424
17343,3629.32,0,0,0,0,277.94,771,87,435
17393,3502.22,0,1,0,0,396.92,778,87,471
17443,3640.78,0,0,-1,0,311.79,784,88,474
17494,3681.88,0,-1,0,0,256.16,793,88,480
17544,3606.64,0,0,0,0,438.07,803,88,488
17594,3653.19,0,0,-1,0,-49.15,803,89,488
17644,3604.04,0,0,-1,0,-54.61,803,90,488
17694,3653.19,0,0,-1,0,-49.15,803,92,488
17744,3624.94,0,0,0,0,27.36,803,93,488
17794,3662.11,0,0,-1,0,-46.78,803,95,488
17844,3613.59,0,0,-1,0,-54.61,803,96,488
17894,3662.11,0,0,-1,0,-45.04,803,98,488
17944,3603.17,0,0,-1,0,-53.74,803,99,488
17994,3671.97,0,0,0,0,-64.47,803,99,488
18044,3617.07,0,0,0,0,-57.51,803,99,488
18094,3649.63,0,0,-1,0,-23.82,803,101,488
18144,3615.33,0,0,-1,0,-42.42,803,102,488
18194,3662.11,0,0,-1,0,-37.17,803,104,488
18244,3615.33,0,0,-1,0,-33.48,803,105,488
18294,3691.85,0,-1,0,0,-120.42,804,106,488
18344,3615.33,0,0,-1,0,-43.08,804,107,488
18394,3643.43,0,0,-1,0,-40.26,804,109,488
18444,3604.04,0,0,-1,0,-51.58,804,110,488
18494,3642.54,0,0,-1,0,-27.22,804,112,488
18544,3615.33,0,0,-1,0,-34.36,804,113,488
18594,3632.84,0,0,0,0,-18.38,804,114,488
18644,3582.52,0,0,0,0,-31.40,804,114,488
18694,3587.66,0,0,1,0,52.85,804,115,488
18744,3555.34,0,0,1,0,30.60,804,117,488
18794,3585.94,0,0,1,0,41.56,804,118,488
18844,3545.26,0,0,1,0,29.57,804,120,488
18894,3586.80,0,0,1,0,30.42,804,121,488
18944,3556.19,0,0,1,0,29.76,804,123,488
18994,3598.85,0,0,1,0,43.46,804,124,488
19044,3544.42,0,0,1,0,43.23,804,126,488
19094,3601.44,0,0,0,0,24.71,804,126,488
19144,3563.79,0,0,0,0,35.92,804,126,488
19194,3610.98,0,0,0,0,34.21,804,126,488
19244,3600.58,0,0,0,0,48.88,804,126,488
19294,3560.41,0,0,0,0,469.68,813,126,494
19344,3616.20,0,-4,0,-4,-695.87,821,126,499
19394,3583.37,0,-4,0,-5,-707.90,829,126,504
19444,3629.32,0,0,0,0,342.08,836,126,508
19494,3571.43,0,0,0,0,430.71,845,126,513
19544,3501.40,0,1,0,0,365.58,852,126,536
19594,3512.06,0,1,0,0,32.37,853,128,536
19644,3523.61,0,0,0,0,-14.02,854,129,536
19694,3460.21,0,1,0,0,31.41,857,129,536
19744,3501.40,0,1,0,0,-30.79,860,129,536
19794,3470.62,0,1,0,0,43.09,863,129,536
19844,3512.88,0,1,0,0,-53.47,866,129,536
19894,3473.03,0,1,0,0,39.03,869,129,536
19944,3534.40,0,0,1,0,-62.18,870,130,536
19994,3498.95,0,1,0,0,37.12,872,131,536
20044,3500.58,0,1,0,0,43.84,873,132,536
20094,3501.40,0,1,0,0,378.58,881,132,562
20144,3502.22,0,1,0,0,136.79,883,132,568
20194,3534.40,0,0,1,0,-35.45,884,134,568
20244,3488.37,0,1,0,0,46.03,886,135,568
20294,3524.44,0,0,0,0,-53.82,888,135,568
20344,3493.25,0,1,0,0,30.36,890,135,568
20395,3523.61,0,0,0,0,-30.36,891,135,568
20445,3489.18,0,1,0,0,46.05,893,136,568
20495,3535.23,0,0,1,0,-35.47,894,138,568
20545,3500.58,0,1,0,0,44.68,896,139,568
20595,3557.03,0,0,1,0,-35.90,897,141,568
20645,3532.74,0,0,1,0,46.36,898,142,568
20695,3578.24,0,0,0,0,-45.51,898,143,568
20745,3587.66,0,0,1,0,37.17,898,144,568
20795,3549.46,0,0,1,0,413.56,906,145,572
20845,3501.40,0,1,0,0,353.65,913,145,601
20895,3501.40,0,1,0,0,318.31,917,145,616
20945,3591.95,0,-1,0,-7,-210.25,919,145,623
20995,3521.13,0,1,0,0,88.98,921,145,623
21045,3576.54,0,0,0,0,-42.97,921,146,623
21095,3533.57,0,0,1,0,42.12,921,148,623
21145,3576.54,0,0,0,0,-42.97,921,149,623
21195,3545.26,0,0,1,0,32.13,921,151,623
21245,3587.66,0,0,1,0,42.38,921,152,623
21295,3543.59,0,0,1,0,32.95,921,154,623
21345,3587.66,0,0,1,0,42.40,921,155,623
21395,3544.42,0,0,1,0,43.23,921,157,623
21445,3600.58,0,0,0,0,24.71,921,157,623
21495,3558.72,0,0,1,0,41.86,921,158,623
21545,3585.94,0,0,1,0,43.50,921,159,623
21595,3568.88,0,0,0,0,41.23,921,159,623
21645,3611.85,0,0,0,0,28.28,921,159,623
21695,3567.18,0,0,0,0,33.39,921,159,623
21745,3611.85,0,0,0,0,31.00,921,159,623
21795,3576.54,0,0,0,0,35.31,921,159,623
21846,3622.31,0,0,0,0,-44.07,921,159,623
21896,3576.54,0,0,0,0,35.31,921,159,623
21946,3622.31,0,0,0,0,-44.92,921,159,623
21996,3581.66,0,0,0,0,-45.80,921,159,623
22046,3622.31,0,0,0,0,-44.92,921,159,623
22096,3591.95,0,0,0,0,-40.83,921,159,623
22146,3639.01,0,0,0,0,-45.34,921,159,623
22196,3558.72,0,0,1,0,42.72,921,160,623
22246,3597.12,0,0,1,0,31.46,921,161,623
22296,3555.34,0,0,1,0,41.78,921,163,623
22346,3600.58,0,0,0,0,32.55,921,163,623
22396,3567.18,0,0,0,0,44.66,921,163,623
22446,3622.31,0,0,0,0,-53.43,921,163,623
22496,3591.95,0,0,0,0,-45.80,921,163,623
22546,3639.01,0,0,0,0,-56.49,921,163,623
22596,3593.67,0,0,0,0,-40.83,921,163,623
22646,3639.01,0,0,0,0,-47.92,921,164,623
22696,3602.31,0,0,-1,0,-40.24,921,165,623
22746,3652.30,0,0,-1,0,-47.40,921,166,623
22796,3593.67,0,0,0,0,-32.20,921,166,623
22846,3630.20,0,0,0,0,-37.39,921,166,623
22896,3602.31,0,0,-1,0,-41.99,921,167,623
22946,3620.56,0,0,0,0,-26.89,921,167,623
22996,3582.52,0,0,0,0,-41.69,921,167,623
23046,3623.19,0,0,0,0,-51.76,921,167,623
23096,3582.52,0,0,0,0,-58.06,921,167,623
23146,3633.72,0,0,0,0,-23.61,921,167,623
23196,3603.17,0,0,-1,0,-41.97,921,168,623
23246,3648.75,0,0,-1,0,-55.07,921,169,623
23296,3615.33,0,0,-1,0,-44.80,921,170,623
23346,3648.75,0,0,-1,0,-57.65,921,172,623
23396,3603.17,0,0,-1,0,-52.49,921,173,623
23446,3629.32,0,0,0,0,-36.51,921,174,623
23496,3593.67,0,0,0,0,-40.83,921,174,623
23546,3639.01,0,0,0,0,-57.35,921,174,623
23596,3581.66,0,0,0,0,-39.09,921,174,623
23646,3628.45,0,0,0,0,-34.77,921,174,623
23696,3592.81,0,0,0,0,-39.95,921,174,623
23746,3601.44,0,0,0,0,-36.51,921,174,623
23796,3575.69,0,0,0,0,24.89,921,174,623
23846,3601.44,0,0,0,0,43.82,921,174,623
23896,3573.13,0,0,0,0,26.58,921,174,623
23946,3611.85,0,0,0,0,47.21,921,174,623
23996,3568.03,0,0,0,0,44.69,921,174,623
24046,3600.58,0,0,0,0,26.58,921,174,623
24096,3567.18,0,0,0,0,44.66,921,174,623
24146,3622.31,0,0,0,0,-53.43,921,174,623
24196,3611.85,0,0,0,0,44.07,921,174,623
24246,3572.28,0,0,0,0,500.49,931,174,630
24296,3617.94,0,-5,0,-5,-801.29,940,174,636
24346,3550.30,0,0,1,0,500.47,949,175,642
24396,3606.64,0,-4,0,-4,-682.95,957,175,647
24446,3562.10,0,0,0,0,366.66,964,175,650
24496,3501.40,0,1,0,0,354.64,971,175,670
24546,3545.26,0,0,1,0,49.28,972,176,675
24596,3589.38,0,0,0,0,27.26,972,176,675
24646,3546.10,0,0,1,0,50.16,972,178,675
24696,3588.52,0,0,0,0,19.55,972,178,675
24747,3558.72,0,0,1,0,39.27,972,180,675
24797,3601.44,0,0,0,0,41.19,972,180,675
24847,3568.03,0,0,0,0,43.82,972,180,675
24897,3623.19,0,0,0,0,-44.94,972,180,675
24947,3570.58,0,0,0,0,52.61,972,180,675
24997,3585.94,0,0,1,0,51.12,972,181,675
25047,3555.34,0,0,1,0,42.64,972,183,675
25097,3586.80,0,0,1,0,50.52,972,184,675
25147,3564.64,0,0,0,0,35.94,972,184,675
25197,3622.31,0,0,0,0,-44.92,972,184,675
25247,3580.81,0,0,0,0,-39.95,972,184,675
25297,3610.11,0,0,0,0,42.08,972,184,675
25347,3569.73,0,0,0,0,53.46,972,184,675
25397,3600.58,0,0,0,0,51.74,972,184,675
25447,3564.64,0,0,0,0,32.48,972,185,675
25497,3610.11,0,0,1,0,52.28,972,186,675
25547,3575.69,0,0,0,0,37.03,972,186,675
25597,3623.19,0,0,0,0,-44.94,972,186,675
25647,3586.80,0,0,0,0,45.80,972,186,675
25697,3620.56,0,0,0,0,-38.05,972,186,675
25747,3578.24,0,0,0,0,41.45,972,186,675
25797,3639.01,0,0,0,0,-45.34,972,186,675
25847,3604.90,0,0,0,0,-49.63,972,186,675
25897,3653.19,0,0,-1,0,-48.29,972,187,675
25947,3577.39,0,0,0,0,74.91,972,188,675
25997,3652.30,0,0,-1,0,-46.53,973,189,675
26047,3604.04,0,0,-1,0,-44.82,973,190,675
26097,3642.54,0,0,-1,0,-27.22,973,192,675
26147,3591.95,0,0,0,0,-26.20,973,192,675
26198,3639.01,0,0,0,0,-45.34,973,192,675
26248,3593.67,0,0,0,0,-31.40,973,192,675
26298,3629.32,0,0,0,0,-35.65,973,192,675
26348,3581.66,0,0,0,0,-31.39,973,192,675
26398,3630.20,0,0,0,0,-49.40,973,192,675
26448,3591.95,0,0,0,0,-58.20,973,192,675
26498,3639.01,0,0,0,0,-45.34,973,192,675
26548,3582.52,0,0,0,0,-40.83,973,192,675
26598,3619.69,0,0,0,0,-40.83,973,192,675
26648,3582.52,0,0,0,0,-42.52,973,192,675
26698,3619.69,0,0,0,0,-42.52,973,192,675
26748,3583.37,0,0,0,0,-43.38,973,192,675
26798,3611.85,0,0,0,0,55.24,973,192,675
26848,3577.39,0,0,0,0,35.33,973,192,675
26898,3611.85,0,0,0,0,32.72,973,192,675
26948,3582.52,0,0,0,0,-43.24,973,192,675
26998,3623.19,0,0,0,0,-54.31,973,192,675
27048,3577.39,0,0,0,0,34.46,973,192,675
27098,3624.06,0,0,0,0,-46.67,973,192,675
27148,3557.87,0,0,1,0,43.57,973,193,675
27198,3598.85,0,0,1,0,45.19,973,194,675
27248,3563.79,0,0,0,0,35.06,973,195,675
27298,3611.85,0,0,0,0,32.55,973,195,675
27348,3567.18,0,0,0,0,44.66,973,195,675
27398,3622.31,0,0,0,0,-54.28,973,195,675
27448,3559.56,0,0,1,0,41.01,973,196,675
27498,3743.45,0,-1,0,0,50802.00,1636,197,675
27548,3568.88,0,0,0,0,48.19,1637,197,675
27598,3612.72,0,0,0,0,33.59,1637,197,675
27648,3577.39,0,0,0,0,34.46,1637,197,675
27698,3600.58,0,0,0,0,32.72,1637,197,675
27748,3562.95,0,0,0,0,25.57,1637,197,675
27798,3587.66,0,0,1,0,42.70,1637,198,675
27848,3533.57,0,0,1,0,31.07,1637,200,675
27898,3544.42,0,0,1,0,-34.01,1638,202,675
27948,3556.19,0,0,1,0,-47.42,1639,203,675
27998,3503.04,0,1,0,0,264.86,1645,203,699
28048,3573.13,0,0,0,0,25.72,1645,204,699
28098,3546.94,0,0,1,0,40.72,1645,206,699
28148,3553.66,0,0,1,0,-10.07,1645,208,699
28198,3532.74,0,0,1,0,23.45,1646,210,699
28248,3575.69,0,0,0,0,-42.95,1646,211,699
28298,3544.42,0,0,1,0,32.11,1646,213,699
28348,3610.11,0,0,1,0,32.30,1646,214,699
28398,3578.24,0,0,0,0,34.47,1646,214,699
28448,3624.06,0,0,0,0,-54.33,1646,214,699
28498,3582.52,0,0,0,0,-55.50,1646,214,699
28548,3629.32,0,0,0,0,-36.51,1646,214,699
28598,3591.95,0,0,0,0,-57.24,1646,214,699
28648,3648.75,0,0,-1,0,-55.93,1646,216,699
28698,3604.04,0,0,-1,0,-63.11,1646,217,699
28748,3662.11,0,0,-1,0,-58.94,1646,219,699
28798,3603.17,0,0,-1,0,-52.82,1646,220,699
28848,3652.30,0,0,-1,0,-50.00,1646,222,699
28898,3615.33,0,0,-1,0,-41.32,1646,223,699
28948,3662.11,0,0,-1,0,-46.78,1646,225,699
28998,3617.94,0,0,0,0,-54.03,1646,225,699
29048,3643.43,0,0,-1,0,-28.97,1646,227,699
29099,3603.17,0,0,0,0,-26.22,1646,227,699
29149,3639.01,0,0,0,0,-45.34,1646,227,699
29199,3680.98,0,-1,0,0,-119.73,1647,227,699
29249,3633.72,0,0,0,0,-30.55,1647,227,699
29299,3601.44,0,0,-1,0,-40.24,1647,228,699
29349,3652.30,0,0,-1,0,-48.26,1647,230,699
29399,3615.33,0,0,-1,0,-59.86,1647,231,699
29449,3639.01,0,0,0,0,-42.75,1647,232,699
29499,3593.67,0,0,0,0,-35.51,1647,232,699
29549,3639.89,0,0,0,0,-57.38,1647,232,699
29599,3582.52,0,0,0,0,-43.53,1647,232,699
29649,3619.69,0,0,0,0,-44.18,1647,232,699
29699,7161.61,-916,-46,0,-883,-3533.17,1693,232,1582
29749,3639.01,0,0,0,0,-11.44,1693,232,1582
29799,3602.31,0,0,-1,0,-61.83,1693,233,1582
29849,3624.06,0,0,0,0,-20.89,1693,233,1582
29899,3593.67,0,0,0,0,-56.44,1693,233,1582
29949,3648.75,0,0,-1,0,-52.49,1693,234,1582
29999,3592.81,0,0,-1,0,-56.60,1693,235,1582
30049,3628.45,0,0,0,0,-42.50,1693,235,1582
30099,3581.66,0,0,0,0,-57.95,1693,235,1582
30149,3622.31,0,0,0,0,-46.63,1693,235,1582
30199,3580.81,0,0,0,0,-38.98,1693,235,1582
30249,3629.32,0,0,0,0,-42.52,1693,235,1582
30299,3554.50,0,0,1,0,37.45,1693,236,1582
30349,3743.45,0,-1,0,0,42128.11,2243,237,1582
30399,3557.03,0,0,1,0,48.74,2244,238,1582
30449,3585.94,0,0,1,0,30.60,2244,239,1582
30499,3546.94,0,0,1,0,39.01,2244,241,1582
30550,3585.94,0,0,1,0,29.57,2244,242,1582
30600,3523.61,0,0,0,0,52.08,2244,243,1582
30650,3574.83,0,0,0,0,-40.43,2244,244,1582
30700,3546.10,0,0,1,0,40.70,2244,246,1582
30750,3574.83,0,0,0,0,-28.73,2244,247,1582
30800,3535.23,0,0,1,0,40.45,2244,249,1582
30850,3587.66,0,0,1,0,31.26,2244,250,1582
30900,3546.10,0,0,1,0,41.56,2244,252,1582
30950,3608.37,0,0,1,0,42.64,2244,253,1582
31000,3564.64,0,0,0,0,34.21,2244,254,1582
31050,3611.85,0,0,0,0,35.90,2244,254,1582
31100,3571.43,0,0,0,0,51.76,2244,254,1582
31150,3600.58,0,0,0,0,40.36,2244,254,1582
31200,3573.98,0,0,0,0,37.87,2244,254,1582
31250,3610.98,0,0,0,0,34.46,2244,254,1582
31300,3557.03,0,0,1,0,43.55,2244,255,1582
31350,3601.44,0,0,0,0,42.91,2244,255,1582
31400,3568.03,0,0,0,0,42.08,2244,256,1582
31450,3623.19,0,0,0,0,-45.80,2244,256,1582
31500,3582.52,0,0,0,0,-44.94,2244,256,1582
31550,3619.69,0,0,0,0,-41.55,2244,256,1582
31600,3584.23,0,0,0,0,-41.55,2244,256,1582
31650,3629.32,0,0,0,0,-35.65,2244,256,1582
31700,3593.67,0,0,0,0,-49.61,2244,256,1582
31750,3648.75,0,0,-1,0,-55.93,2244,257,1582
31800,3603.17,0,0,-1,0,-52.46,2244,258,1582
31850,3643.43,0,0,-1,0,-39.39,2244,260,1582
31900,3593.67,0,0,0,0,-33.05,2244,260,1582
31950,3637.25,0,0,0,0,-43.57,2244,260,1582
32000,3605.77,0,0,0,0,-38.42,2244,260,1582
32050,3643.43,0,0,-1,0,-38.53,2244,261,1582
32100,3602.31,0,0,-1,0,-35.91,2244,262,1582
32150,3623.19,0,0,0,0,-20.02,2244,263,1582
32200,3592.81,0,0,0,0,-32.26,2244,263,1582
32250,3629.32,0,0,0,0,-33.06,2244,263,1582
32300,3593.67,0,0,0,0,-39.97,2244,263,1582
32350,3586.80,0,0,1,0,34.00,2244,264,1582
32400,3549.46,0,0,1,0,38.20,2244,266,1582
32450,3576.54,0,0,0,0,-31.28,2244,267,1582
32500,3598.85,0,0,1,0,24.56,2244,268,1582
32550,3561.25,0,0,0,0,550.59,2255,268,1589
32600,3604.90,0,-5,0,-5,-817.62,2264,268,1595
32650,3568.03,0,0,0,0,204.61,2268,268,1609
32700,3602.31,0,-1,0,-9,-238.92,2270,268,1618
32750,3557.87,0,0,1,0,142.17,2272,269,1626
32800,3576.54,0,0,0,0,0.85,2272,270,1626
32850,3555.34,0,0,1,0,29.74,2272,272,1626
32900,3598.85,0,0,1,0,39.12,2272,273,1626
32950,3553.66,0,0,1,0,45.19,2272,275,1626
33000,3611.85,0,0,0,0,42.06,2272,275,1626
33050,3578.24,0,0,0,0,32.73,2272,275,1626
33100,3587.66,0,0,1,0,22.05,2272,276,1626
33150,3571.43,0,0,0,0,26.56,2272,277,1626
33200,3521.95,0,1,0,0,35.92,2273,278,1626
33250,3500.58,0,1,0,0,44.68,2275,279,1626
33300,3557.03,0,0,1,0,-35.90,2276,281,1626
33350,3531.07,0,0,1,0,23.43,2276,284,1626
33400,3587.66,0,0,1,0,31.28,2276,285,1626
33451,3575.69,0,0,0,0,24.89,2276,285,1626
33501,3599.71,0,0,0,0,34.46,2276,285,1626
33551,3582.52,0,0,0,0,28.28,2276,285,1626
33601,3629.32,0,0,0,0,-43.38,2276,285,1626
33651,3603.17,0,0,0,0,-54.65,2276,285,1626
33701,3652.30,0,0,-1,0,-48.26,2276,286,1626
33751,3626.69,0,0,0,0,25.61,2276,287,1626
33801,3652.30,0,0,-1,0,-36.97,2276,289,1626
33851,3626.69,0,0,0,0,35.42,2276,290,1626
33901,3661.22,0,0,-1,0,-23.97,2276,292,1626
33951,3641.66,0,0,-1,0,30.31,2276,294,1626
34001,3650.52,0,0,-1,0,-22.95,2277,295,1626
34051,3593.67,0,-1,0,0,-143.44,2278,296,1626
34101,3632.84,0,0,0,0,-28.80,2278,297,1626
34151,3603.17,0,0,-1,0,-41.10,2278,298,1626
34201,3653.19,0,0,-1,0,-48.29,2278,299,1626
34251,3615.33,0,0,-1,0,-25.48,2278,300,1626
34301,3629.32,0,0,0,0,-37.37,2278,300,1626
34351,3594.54,0,0,0,0,-39.05,2278,300,1626
34401,3543.59,0,0,1,0,14.29,2278,302,1626
34451,3511.24,0,1,0,0,44.95,2280,303,1626
34501,3568.88,0,0,0,0,-45.27,2280,303,1626
34551,3498.95,0,1,0,0,38.79,2281,304,1626
34601,3556.19,0,0,1,0,-55.60,2282,306,1626
34651,3531.07,0,0,1,0,25.96,2283,308,1626
34701,3586.80,0,0,1,0,31.92,2283,309,1626
34751,3562.95,0,0,0,0,35.90,2283,310,1626
34801,3600.58,0,0,0,0,34.24,2283,310,1626
34851,3581.66,0,0,-1,0,-116.01,2283,312,1626
34902,3611.85,0,0,0,0,34.44,2283,312,1626
34952,3586.80,0,0,0,0,34.44,2283,312,1626
35002,3639.01,0,0,0,0,-44.47,2283,312,1626
35052,3602.31,0,0,-1,0,-41.97,2283,313,1626
35102,3652.30,0,0,-1,0,-37.84,2283,315,1626
35152,3615.33,0,0,-1,0,-43.93,2283,316,1626
35202,3652.30,0,0,-1,0,-36.97,2283,318,1626
35252,3604.04,0,0,-1,0,-51.06,2283,319,1626
35302,3627.57,0,0,0,0,-45.91,2283,319,1626
35352,3592.81,0,0,0,0,-50.49,2283,319,1626
35402,3642.54,0,0,-1,0,-38.51,2283,321,1626
35452,3603.17,0,0,-1,0,-35.02,2283,322,1626
35502,3642.54,0,0,-1,0,-38.51,2283,324,1626
35552,3593.67,0,0,0,0,-34.79,2283,324,1626
35602,3629.32,0,0,0,0,-38.23,2283,325,1626
35652,3582.52,0,0,0,0,-43.47,2283,325,1626
35702,3630.20,0,0,0,0,-49.40,2283,325,1626
35752,3592.81,0,0,0,0,-44.11,2283,325,1626
35802,3627.57,0,0,0,0,-33.03,2283,325,1626
35852,3580.81,0,0,0,0,-39.97,2283,325,1626
35902,3639.01,0,0,0,0,-45.34,2283,325,1626
35952,3593.67,0,0,0,0,-40.81,2283,325,1626
36002,3639.01,0,0,0,0,-47.06,2283,325,1626
36052,3604.90,0,0,0,0,-44.39,2283,325,1626
36102,3632.84,0,0,0,0,-28.80,2283,326,1626
36152,3604.04,0,0,0,0,-32.26,2283,326,1626
36202,3639.01,0,0,0,0,-47.06,2283,326,1626
36252,3602.31,0,0,-1,0,-41.12,2283,327,1626
36302,3642.54,0,0,-1,0,-38.51,2283,329,1626
36352,3604.04,0,0,-1,0,-26.36,2283,330,1626
36402,3639.01,0,0,0,0,-47.06,2283,330,1626
36452,3663.00,0,0,-1,0,-91.58,2283,331,1626
36502,3610.98,0,0,0,0,31.04,2283,331,1626
36552,3578.24,0,0,0,0,41.45,2283,331,1626
36602,3612.72,0,0,0,0,50.01,2283,331,1626
36652,3576.54,0,0,0,0,36.18,2283,331,1626
36702,3619.69,0,0,0,0,-45.78,2283,331,1626
36752,3567.18,0,0,0,0,52.51,2283,331,1626
36802,3610.98,0,0,0,0,42.95,2283,331,1626
36852,3583.37,0,0,0,0,-46.67,2283,331,1626
36902,3609.24,0,0,0,0,-46.67,2283,331,1626
36952,3567.18,0,0,0,0,33.39,2283,331,1626
37002,3611.85,0,0,0,0,43.80,2283,331,1626
37052,3577.39,0,0,0,0,33.59,2283,331,1626
37102,3610.11,0,0,0,0,-45.80,2283,331,1626
37152,3577.39,0,0,0,0,33.59,2283,331,1626
37202,3624.06,0,0,0,0,-56.88,2283,331,1626
37252,3572.28,0,0,0,0,50.91,2283,331,1626
37302,3623.19,0,0,0,0,-51.76,2283,331,1626
37352,3577.39,0,0,0,0,33.59,2283,331,1626
37402,3611.85,0,0,0,0,41.23,2283,331,1626
37452,3577.39,0,0,0,0,35.33,2283,331,1626
37502,3573.98,0,0,0,0,24.00,2283,331,1626
37552,3617.07,0,-6,0,-6,-903.95,2294,331,1633
37602,3502.22,0,1,0,0,344.92,2301,331,1653
37652,3568.88,0,0,0,0,186.75,2304,331,1664
37702,3521.95,0,1,0,0,91.63,2306,331,1664
37752,3557.03,0,0,1,0,-34.25,2307,333,1664
37803,3512.88,0,1,0,0,52.61,2309,333,1664
37853,3512.88,0,1,0,0,-32.60,2312,333,1664
37903,3469.81,0,1,0,0,43.89,2315,333,1664
37953,3536.07,0,0,1,0,-54.98,2317,334,1664
38003,3498.95,0,1,0,0,35.45,2319,335,1664
38053,3534.40,0,0,1,0,-46.03,2320,337,1664
38103,3509.59,0,1,0,0,36.51,2322,338,1664
38153,3533.57,0,0,1,0,-33.80,2323,340,1664
38203,3509.59,0,1,0,0,36.51,2325,341,1664
38253,3568.88,0,0,0,0,-45.27,2325,341,1664
38304,3534.40,0,0,1,0,40.43,2325,343,1664
38354,3586.80,0,0,1,0,42.97,2325,344,1664
38404,3576.54,0,0,0,0,-31.28,2325,345,1664
38454,3501.40,0,1,0,0,355.63,2332,345,1696
38504,3601.44,0,-2,0,-12,-305.29,2335,345,1708
38554,3568.88,0,0,0,0,215.18,2339,345,1722
38604,3603.17,0,-1,0,-10,-252.68,2341,345,1732
38654,3568.88,0,0,0,0,155.05,2343,345,1742
38704,3592.81,0,0,-1,0,-125.91,2344,346,1742
38754,3553.66,0,0,1,0,43.46,2344,348,1742
38804,3576.54,0,0,0,0,-21.19,2344,349,1742
38854,3544.42,0,0,1,0,32.11,2344,351,1742
38904,3587.66,0,0,1,0,22.05,2344,352,1742
38955,3546.10,0,0,1,0,52.75,2344,354,1742
39005,3598.85,0,0,0,0,31.62,2344,354,1742
39055,3567.18,0,0,0,0,44.66,2344,354,1742
39105,3600.58,0,0,0,0,44.66,2344,354,1742
39155,3568.03,0,0,0,0,42.08,2344,354,1742
39205,3620.56,0,0,0,0,-35.48,2344,354,1742
39255,3586.80,0,0,0,0,-35.48,2344,354,1742
39305,3620.56,0,0,0,0,-27.75,2344,354,1742
39355,3586.80,0,0,0,0,42.32,2344,354,1742
39405,3629.32,0,0,0,0,-34.79,2344,354,1742
39455,3592.81,0,0,0,0,-39.95,2344,354,1742
39505,3618.82,0,0,0,0,-31.25,2344,354,1742
39555,3567.18,0,0,0,0,33.39,2344,354,1742
39605,3611.85,0,0,0,0,42.93,2344,354,1742
39655,3582.52,0,0,0,0,-54.28,2344,354,1742
39705,3619.69,0,0,0,0,-38.92,2344,354,1742
39755,3586.80,0,0,0,0,-38.92,2344,354,1742
39805,3619.69,0,0,0,0,-39.02,2344,354,1742
39855,3592.81,0,0,0,0,-36.51,2344,354,1742
39905,3629.32,0,0,0,0,-36.51,2344,354,1742
39955,3593.67,0,0,0,0,-51.35,2344,354,1742
40005,3610.98,0,0,0,0,-29.51,2344,354,1742
40055,3582.52,0,0,0,0,-38.90,2344,354,1742
40105,3627.57,0,0,0,0,1.76,2344,354,1742
40155,3593.67,0,0,0,0,-43.24,2344,354,1742
40205,3639.01,0,0,0,0,-47.06,2344,354,1742
40255,3593.67,0,0,0,0,-29.47,2344,354,1742
40305,3623.19,0,0,0,0,-47.50,2344,354,1742
40355,3387.53,0,2,0,0,95.17,2347,354,1742
40406,3328.89,1,3,0,0,-19.10,2355,354,1742
40456,3280.84,0,4,0,0,-21.39,2363,354,1742
40506,3163.22,0,5,0,0,80.02,2377,354,1742
40556,3196.25,2,5,0,0,-50.94,2392,354,1742
40606,3196.25,0,5,0,0,-63.42,2403,354,1742
40656,3127.61,0,6,0,0,68.64,2420,354,1742
40706,3205.81,4,5,0,0,-61.82,2435,354,1742
40756,3224.42,0,4,0,0,-75.14,2444,354,1742
40806,3189.45,0,5,0,0,53.09,2458,354,1742
40856,3298.88,1,3,0,0,-82.75,2469,354,1742
40906,3317.85,0,3,0,0,-76.71,2476,354,1742
40956,53003.53,-2871,-642,0,-2239,-49711.89,3129,354,3981
41006,3389.06,0,2,0,0,17.70,3134,354,3981
41056,3369.27,0,2,0,0,48.36,3141,354,3981
41107,3472.22,0,1,0,0,-83.92,3145,354,3981
41157,3490.81,0,1,0,0,-75.51,3148,354,3981
41207,3310.53,8,3,0,19,441.35,3156,354,4019
41257,3557.03,0,0,1,0,8.46,3156,355,4032
41307,3534.40,0,0,1,0,43.84,3157,356,4032
41357,3610.11,0,0,1,0,49.90,3157,357,4032
41407,3570.58,0,0,0,0,50.86,3157,358,4032
41457,3648.75,0,0,-1,0,-66.23,3157,359,4032
41507,3615.33,0,0,-1,0,-56.34,3157,360,4032
41558,3684.60,0,-1,0,0,-54.39,3158,360,4032
41608,3652.30,0,0,-1,0,55.98,3159,361,4032
41658,3731.34,0,-1,0,0,-66.55,3161,362,4032
41709,3932.88,-5,-4,0,-2,-364.00,3169,362,4048
41759,3698.22,0,-1,0,0,47.09,3172,362,4048
41809,3735.99,0,-1,0,0,-36.85,3175,362,4048
41859,3699.14,0,-1,0,0,34.99,3178,362,4048
41909,3748.13,0,-1,0,0,-60.81,3181,362,4048
41959,3687.32,0,-1,0,0,46.81,3184,362,4048
42009,3748.13,0,-1,0,0,-61.72,3187,362,4048
42059,3699.14,0,-1,0,0,48.05,3190,362,4048
42109,3825.55,0,-2,0,-7,-206.74,3193,362,4055
42159,3687.32,0,-1,0,0,51.47,3196,362,4055
42209,3735.99,0,-1,0,0,-40.50,3199,362,4055
42259,3680.98,0,-1,0,0,168.13,3203,362,4067
42309,3688.22,0,-1,0,0,68.35,3216,362,4090
42359,3735.06,0,-1,0,0,-59.49,3218,362,4090
42409,3686.41,0,-1,0,0,36.60,3221,362,4090
42459,3723.01,0,-1,0,0,-47.44,3223,362,4090
42509,3674.67,0,0,0,0,37.28,3225,362,4090
42559,3683.69,0,-1,0,0,-19.80,3227,363,4090
42609,3640.78,0,0,-1,0,42.92,3228,365,4090
42659,3663.00,0,0,-1,0,-58.97,3228,367,4090
42710,3604.04,0,0,-1,0,-41.54,3228,368,4090
42760,3662.11,0,0,-1,0,-58.94,3228,370,4090
42810,3615.33,0,0,-1,0,-45.06,3228,371,4090
42860,3662.11,0,0,-1,0,-43.29,3228,372,4090
42910,3618.82,0,0,0,0,-54.90,3228,372,4090
42960,3662.11,0,0,-1,0,-46.78,3228,374,4090
43010,3615.33,0,0,-1,0,-45.93,3228,375,4090
43060,3671.97,0,0,0,0,-53.15,3228,375,4090
43110,3626.69,0,0,0,0,25.61,3228,376,4090
43160,3662.11,0,0,-1,0,-35.42,3228,378,4090
43210,3617.07,0,0,0,0,-66.20,3228,378,4090
43260,3649.63,0,0,-1,0,-24.70,3228,380,4090
43310,3615.33,0,0,-1,0,-38.01,3228,381,4090
43360,3671.97,0,0,0,0,-61.86,3228,382,4090
43410,3626.69,0,0,0,0,30.06,3228,383,4090
43460,3649.63,0,0,-1,0,0.89,3228,385,4090
43510,3602.31,0,-2,0,-10,-255.02,3231,385,4100
43560,3502.22,0,1,0,0,384.80,3237,385,4120
43610,3604.90,0,-5,0,-3,-532.87,3243,385,4123
43660,3637.25,0,0,0,0,162.15,3246,385,4136
43710,3386.00,0,2,0,0,480.97,3253,385,4156
43760,3625.82,0,0,0,0,252.16,3256,385,4167
43810,3501.40,0,1,0,0,395.72,3263,385,4203
43860,3629.32,0,0,0,0,278.96,3269,385,4205
43910,3501.40,0,1,0,0,395.72,3276,385,4241
43960,3629.32,0,0,0,0,90.91,3277,386,4241
44010,3591.09,0,-1,0,-11,-282.33,3279,386,4252
44060,3635.48,0,0,0,0,138.10,3283,386,4265
44110,3568.03,0,0,0,0,223.68,3287,386,4279
44160,3613.59,0,-1,0,-11,-280.69,3289,386,4290
44210,3568.03,0,0,0,0,36.01,3289,386,4290
44260,3610.11,0,0,1,0,42.64,3289,387,4290
44310,3557.87,0,0,1,0,42.70,3289,389,4290
44360,3587.66,0,0,1,0,26.29,3289,390,4290
44410,3536.07,0,0,1,0,51.59,3289,392,4290
44460,3598.85,0,0,1,0,62.78,3289,393,4290
44510,3546.10,0,0,1,0,52.75,3289,395,4290
44560,3586.80,0,0,1,0,40.70,3289,396,4290
44610,3546.10,0,0,1,0,40.70,3289,398,4290
44660,3597.12,0,0,1,0,44.35,3289,399,4290
44710,3544.42,0,0,1,0,54.42,3289,401,4290
44760,3587.66,0,0,1,0,33.14,3289,402,4290
44810,3553.66,0,0,1,0,45.19,3289,404,4290
44860,3597.98,0,0,1,0,43.48,3289,405,4290
44910,3555.34,0,0,1,0,42.64,3289,407,4290
44960,3597.12,0,0,1,0,43.50,3289,408,4290
45010,3564.64,0,0,0,0,34.21,3289,409,4290
45060,3621.44,0,0,0,0,-63.56,3289,410,4290
45110,3571.43,0,0,0,0,51.76,3289,410,4290
45160,3620.56,0,0,0,0,-39.76,3289,410,4290
45210,3571.43,0,0,0,0,51.76,3289,410,4290
45260,3612.72,0,0,0,0,53.46,3289,410,4290
45310,3571.43,0,0,0,0,49.14,3289,410,4290
45360,3623.19,0,0,0,0,-51.76,3289,410,4290
45410,3582.52,0,0,0,0,-57.70,3289,410,4290
45460,3629.32,0,0,0,0,-46.81,3289,410,4290
45510,3593.67,0,0,0,0,-58.94,3289,410,4290
45560,3630.20,0,0,0,0,-49.40,3289,410,4290
45611,3571.43,0,0,0,0,50.89,3289,410,4290
45661,3611.85,0,0,0,0,51.74,3289,410,4290
45711,3577.39,0,0,0,0,41.43,3289,410,4290
45761,3621.44,0,0,0,0,-61.88,3289,411,4290
45811,3577.39,0,0,0,0,34.46,3289,411,4290
45861,3623.19,0,0,0,0,-45.80,3289,411,4290
45911,3593.67,0,0,0,0,-39.95,3289,411,4290
45961,3629.32,0,0,0,0,-47.66,3289,411,4290
46011,3586.80,0,0,0,0,-47.66,3289,411,4290
46061,3639.01,0,0,0,0,-46.20,3289,411,4290
46111,3580.81,0,0,0,0,-47.92,3289,411,4290
46161,3638.13,0,0,0,0,-45.31,3289,412,4290
46211,3592.81,0,0,-1,0,-62.80,3289,413,4290
46261,3633.72,0,0,0,0,-29.68,3289,413,4290
46311,3579.95,0,0,0,0,62.59,3289,414,4290
46361,3611.85,0,0,0,0,51.76,3289,414,4290
46411,3580.81,0,0,0,0,-34.62,3289,414,4290
46461,3612.72,0,0,0,0,37.94,3289,414,4290
46511,3568.88,0,0,0,0,43.84,3289,414,4290
46561,3610.11,0,0,1,0,53.97,3289,415,4290
46611,3568.03,0,0,0,0,43.82,3289,415,4290
46661,3611.85,0,0,0,0,42.95,3289,415,4290
46711,3571.43,0,0,0,0,51.76,3289,415,4290
46761,3619.69,0,0,0,0,-50.01,3289,415,4290
46811,3582.52,0,0,0,0,-56.49,3289,415,4290
46861,3638.13,0,0,0,0,-44.45,3289,415,4290
46911,3593.67,0,0,0,0,-48.73,3289,415,4290
46961,3629.32,0,0,0,0,-35.65,3289,415,4290
47011,3592.81,0,0,0,0,-39.95,3289,415,4290
47062,3630.20,0,0,0,0,-46.83,3289,415,4290
47112,3596.26,0,0,0,0,-46.83,3289,415,4290
47162,3639.01,0,0,0,0,-46.20,3289,415,4290
47212,3594.54,0,0,0,0,-48.78,3289,415,4290
47262,3639.01,0,0,0,0,-58.20,3289,415,4290
47312,3592.81,0,0,0,0,-38.23,3289,415,4290
47362,3647.86,0,0,-1,0,-55.91,3289,416,4290
47412,3592.81,0,0,-1,0,-54.21,3289,417,4290
47462,3642.54,0,0,-1,0,-39.37,3289,419,4290
47512,3591.09,0,0,-1,0,-36.79,3289,420,4290
47562,3639.01,0,0,0,0,-47.06,3289,421,4290
47612,3571.43,0,0,0,0,51.76,3289,421,4290
47662,3610.11,0,0,1,0,52.26,3289,422,4290
47712,3567.18,0,0,0,0,44.66,3289,422,4290
47762,3621.44,0,0,0,0,-55.10,3289,422,4290
47812,3570.58,0,0,0,0,52.61,3289,422,4290
47862,3610.98,0,0,0,0,33.59,3289,422,4290
47912,3557.87,0,0,1,0,54.84,3289,423,4290
47962,3567.18,0,0,0,0,42.93,3289,423,4290
48012,3595.40,0,-4,0,-4,-702.35,3297,423,4295
48062,3562.10,0,0,0,0,376.98,3305,423,4299
48112,3501.40,0,1,0,0,326.11,3311,423,4317
48162,3547.78,0,0,1,0,232.47,3314,424,4328
48212,3591.95,0,-1,0,-7,-206.54,3316,424,4335
48262,3537.74,0,0,1,0,83.70,3316,425,4335
48312,3576.54,0,0,0,0,-35.46,3316,426,4335
48362,3533.57,0,0,1,0,42.97,3316,428,4335
48412,3580.81,0,0,0,0,59.88,3316,428,4335
48462,3536.07,0,0,1,0,51.59,3316,430,4335
48512,3586.80,0,0,1,0,33.60,3316,431,4335
48562,3522.78,0,1,0,0,46.95,3317,431,4335
48612,3574.83,0,0,0,0,-40.43,3317,432,4335
48662,3535.23,0,0,1,0,40.45,3317,434,4335
48712,3586.80,0,0,1,0,48.18,3317,435,4335
48762,3535.23,0,0,1,0,43.86,3317,436,4335
48812,3579.10,0,0,0,0,-56.32,3318,436,4335
48862,3532.74,0,0,1,0,37.84,3318,437,4335
48912,3579.10,0,0,0,0,-56.32,3319,437,4335
48962,3534.40,0,0,1,0,41.28,3319,439,4335
49012,3587.66,0,0,1,0,49.92,3319,440,4335
49062,3555.34,0,0,1,0,31.46,3319,442,4335
49112,3598.85,0,0,1,0,40.68,3319,443,4335
49162,3598.85,0,0,1,0,46.03,3319,444,4335
49212,3548.62,0,0,1,0,505.44,3329,445,4342
49262,3605.77,0,-4,0,-4,-689.81,3337,445,4347
49312,3551.14,0,0,1,0,362.25,3344,446,4350
49362,3503.04,0,1,0,0,300.21,3349,446,4366
49412,3558.72,0,0,1,0,196.91,3352,447,4376
49462,3598.85,0,0,1,0,43.42,3352,448,4376
49512,3557.03,0,0,1,0,43.55,3352,450,4376
49562,3587.66,0,0,1,0,42.52,3352,451,4376
49612,3536.90,0,0,1,0,61.95,3352,453,4376
49662,3586.80,0,0,1,0,41.56,3352,454,4376
49712,3536.90,0,0,1,0,61.08,3352,456,4376
49762,3567.18,0,0,0,0,-21.92,3352,457,4376
49812,3555.34,0,0,1,0,33.17,3352,458,4376
49862,3597.12,0,0,1,0,40.92,3352,459,4376
49912,3557.87,0,0,1,0,42.70,3352,460,4376
49963,3610.11,0,0,1,0,52.23,3352,461,4376
50013,3559.56,0,0,1,0,50.55,3352,463,4376
50063,3623.19,0,0,0,0,-45.80,3352,463,4376
50113,3615.33,0,0,0,0,-38.42,3352,463,4376
50163,3673.77,0,0,0,0,-47.08,3352,464,4376
50213,3650.52,0,0,-1,0,35.89,3353,465,4376
50263,3709.20,0,-1,0,0,-45.30,3355,466,4376
50313,3675.57,0,0,0,0,55.77,3356,467,4376
50363,3723.93,0,-1,0,0,-48.36,3358,467,4376
50413,3688.22,0,-1,0,0,43.12,3360,468,4376
50463,3732.27,0,-1,0,0,64.24,3363,468,4380
50513,3746.25,0,-1,0,0,25.43,3376,468,4403
50563,3694.58,0,-1,0,0,63.88,3380,468,4403
50613,3772.64,0,-2,0,0,-60.68,3385,468,4403
50663,3723.93,0,-1,0,0,35.47,3389,468,4403
50713,3759.40,0,-2,0,0,-24.34,3394,468,4403
50763,3735.99,0,-1,0,0,47.11,3398,468,4403
50813,3771.69,0,-2,0,0,-48.68,3403,468,4403
50863,3736.92,0,-1,0,0,33.82,3407,468,4403
50913,3747.19,0,-1,0,0,-28.80,3410,468,4403
50964,3734.13,0,-1,0,0,-22.18,3416,468,4405
51014,3700.05,0,-1,0,0,46.20,3419,468,4405
51064,3734.13,0,-1,0,0,-24.01,3422,468,4405
51115,3663.90,0,0,-1,0,46.22,3424,469,4405
51165,3709.20,0,-1,0,0,-45.30,3426,470,4405
51215,3641.66,0,0,-1,0,32.11,3426,472,4405
51265,3662.11,0,0,-1,0,-46.78,3426,474,4405
51315,3624.94,0,0,0,0,38.06,3426,475,4405
51365,3615.33,0,0,0,0,-48.83,3426,475,4405
51415,3573.13,0,0,0,0,26.58,3426,475,4405
51465,3600.58,0,0,0,0,32.73,3426,475,4405
51515,3532.74,0,0,1,0,34.45,3426,476,4405
51565,3587.66,0,0,1,0,31.06,3426,477,4405
51615,3555.34,0,0,1,0,21.19,3426,479,4405
51665,3587.66,0,0,1,0,21.18,3426,480,4405
51715,3562.95,0,0,0,0,24.71,3426,481,4405
51765,3600.58,0,0,0,0,35.90,3426,481,4405
51815,3568.03,0,0,0,0,40.34,3426,482,4405
51865,3589.38,0,0,0,0,35.33,3426,482,4405
51915,3567.18,0,0,0,0,33.39,3426,482,4405
51965,3608.37,0,0,1,0,50.55,3426,483,4405
52015,3577.39,0,0,0,0,24.05,3426,483,4405
52065,3611.85,0,0,0,0,36.18,3426,483,4405
52115,3568.88,0,0,0,0,42.10,3426,483,4405
52165,3612.72,0,0,0,0,37.03,3426,483,4405
52215,3568.88,0,0,0,0,42.97,3426,483,4405
52265,3611.85,0,0,0,0,41.23,3426,483,4405
52315,3582.52,0,0,0,0,-47.50,3426,483,4405
52365,3612.72,0,0,0,0,37.94,3426,483,4405
52415,3582.52,0,0,0,0,-47.50,3426,483,4405
52465,3610.98,0,0,0,0,-43.30,3426,483,4405
52515,3557.03,0,0,1,0,44.41,3426,484,4405
52566,3600.58,0,0,0,0,34.21,3426,484,4405
52616,3564.64,0,0,0,0,34.21,3426,484,4405
52666,3578.24,0,0,0,0,-11.06,3426,484,4405
52716,3587.66,0,0,1,0,36.33,3426,485,4405
52766,3558.72,0,0,1,0,509.63,3437,486,4412
52816,3604.90,0,-5,0,-4,-764.35,3446,486,4417
52866,3573.13,0,0,0,0,390.93,3454,486,4422
52916,3616.20,0,0,0,-1,-151.60,3455,486,4423
52966,3569.73,0,0,0,0,108.54,3457,486,4426
53016,3616.20,0,0,0,0,-80.14,3457,487,4426
53066,3559.56,0,0,1,0,41.01,3457,488,4426
53116,3608.37,0,0,1,0,47.89,3457,489,4426
53166,3567.18,0,0,0,0,33.39,3457,489,4426
53216,3611.85,0,0,0,0,26.57,3457,489,4426
53266,3568.88,0,0,0,0,42.97,3457,489,4426
53316,3610.98,0,0,0,0,34.21,3457,489,4426
53366,3544.42,0,0,1,0,43.23,3457,491,4426
53416,3599.71,0,0,1,0,36.50,3457,492,4426
53466,3564.64,0,0,0,0,35.07,3457,492,4426
53516,3611.85,0,0,0,0,42.97,3457,492,4426
53566,3557.03,0,0,1,0,44.41,3457,493,4426
53616,3611.85,0,0,0,0,35.04,3457,493,4426
53666,3578.24,0,0,0,0,31.86,3457,493,4426
53716,3611.85,0,0,0,0,25.74,3457,493,4426
53766,3571.43,0,0,0,0,51.76,3457,493,4426
53816,3620.56,0,0,0,0,-36.34,3457,493,4426
53866,3577.39,0,0,0,0,35.33,3457,493,4426
53916,3611.85,0,0,0,0,50.01,3457,493,4426
53966,3571.43,0,0,0,0,49.14,3457,493,4426
54016,3576.54,0,0,0,0,-5.11,3457,493,4426
54066,3546.94,0,0,1,0,40.72,3457,495,4426
54116,3611.85,0,0,0,0,35.04,3457,495,4426
54166,3555.34,0,0,1,0,21.19,3457,497,4426
54216,3598.85,0,0,1,0,20.34,3457,498,4426
54266,3559.56,0,0,1,0,49.68,3457,500,4426
54316,3611.85,0,0,0,0,30.98,3457,500,4426
54366,3586.80,0,0,0,0,30.98,3457,500,4426
54416,3619.69,0,0,0,0,30.98,3457,500,4426
54466,3593.67,0,0,0,0,-53.07,3457,500,4426
54516,3620.56,0,0,0,0,-29.47,3457,501,4426
54566,3582.52,0,0,0,0,-44.07,3457,501,4426
54616,3654.08,0,0,-1,0,-91.14,3457,502,4426
54666,3592.81,0,0,0,0,-44.24,3457,502,4426
54716,3647.86,0,0,-1,0,-54.18,3457,503,4426
54766,3604.04,0,0,-1,0,-46.53,3457,504,4426
54816,3643.43,0,0,-1,0,-28.10,3457,506,4426
54866,3604.04,0,0,-1,0,-35.93,3457,507,4426
54916,3642.54,0,0,-1,0,-38.51,3457,509,4426
54966,3602.31,0,0,-1,0,-37.66,3457,510,4426
55016,3650.52,0,0,-1,0,-47.35,3457,512,4426
55066,3555.34,0,0,1,0,36.61,3457,513,4426
55116,3597.12,0,0,1,0,48.81,3457,514,4426
55166,3556.19,0,0,1,0,20.35,3457,515,4426
55216,3600.58,0,0,0,0,21.30,3457,515,4426
55266,3567.18,0,0,0,0,42.06,3457,516,4426
55316,3622.31,0,0,0,0,-54.28,3457,516,4426
55366,3557.87,0,0,1,0,42.70,3457,517,4426
55416,3601.44,0,0,0,0,35.90,3457,517,4426
55467,3568.03,0,0,0,0,44.69,3457,517,4426
55517,3611.85,0,0,0,0,32.73,3457,517,4426
55567,3557.03,0,0,1,0,43.55,3457,518,4426
55617,3610.98,0,0,0,0,30.13,3457,518,4426
55667,3580.81,0,0,0,0,-45.12,3457,518,4426
55717,3639.89,0,0,0,0,-57.38,3457,518,4426
55767,3593.67,0,0,0,0,-51.35,3457,518,4426
55817,3626.69,0,0,0,0,-44.18,3457,518,4426
55867,3582.52,0,0,0,0,-59.80,3457,518,4426
55917,3619.69,0,0,0,0,-52.08,3457,518,4426
55967,3577.39,0,0,0,0,31.85,3457,518,4426
56017,3611.85,0,0,0,0,44.66,3457,518,4426
56067,3571.43,0,0,0,0,51.76,3457,518,4426
56117,3629.32,0,0,0,0,-35.65,3457,518,4426
56167,3593.67,0,0,0,0,-39.05,3457,518,4426
56217,3635.48,0,0,0,0,-43.53,3457,518,4426
56267,3591.95,0,0,0,0,-39.30,3457,518,4426
56317,3652.30,0,0,-1,0,-48.26,3457,520,4426
56367,3604.04,0,0,-1,0,-34.16,3457,521,4426
56417,3642.54,0,0,-1,0,-38.51,3457,523,4426
56467,3604.04,0,0,-1,0,-45.66,3457,524,4426
56517,3582.52,0,0,-1,0,-42.05,3457,525,4426
56567,3544.42,0,0,1,0,32.11,3457,527,4426
56617,3578.24,0,0,0,0,-32.98,3457,528,4426
56667,3577.39,0,0,0,0,-36.31,3457,529,4426
56717,3502.22,0,1,0,0,299.10,3463,529,4453
56767,3593.67,0,0,0,-3,-160.66,3464,529,4456
56817,3557.87,0,0,1,0,53.97,3464,530,4456
56867,3587.66,0,0,1,0,37.49,3464,531,4456
56918,3546.94,0,0,1,0,36.44,3464,533,4456
56968,3587.66,0,0,1,0,39.73,3464,534,4456
57018,3555.34,0,0,1,0,30.60,3464,536,4456
57068,3575.69,0,0,0,0,-30.42,3464,537,4456
57118,3535.23,0,0,1,0,39.60,3464,539,4456
57168,3587.66,0,0,1,0,41.56,3464,540,4456
57218,3555.34,0,0,1,0,42.64,3464,542,4456
57268,3612.72,0,0,0,0,39.47,3464,542,4456
57318,3582.52,0,0,0,0,-49.23,3464,542,4456
57368,3620.56,0,0,0,0,-38.05,3464,542,4456
57418,3604.90,0,0,0,0,-40.81,3464,542,4456
57468,3643.43,0,0,-1,0,-40.26,3464,543,4456
57518,3626.69,0,0,0,0,26.50,3464,544,4456
57568,3650.52,0,0,-1,0,-24.71,3464,546,4456
57618,3626.69,0,0,0,0,35.42,3464,547,4456
57668,3615.33,0,0,0,0,33.63,3464,548,4456
57718,3576.54,0,0,0,0,36.18,3464,548,4456
57768,3623.19,0,0,0,0,-53.46,3464,548,4456
57818,3576.54,0,0,0,0,43.15,3464,548,4456
57868,3609.24,0,0,0,0,-47.53,3464,548,4456
57918,3573.13,0,0,0,0,26.58,3464,548,4456
57968,3611.85,0,0,0,0,43.80,3464,548,4456
58018,3586.80,0,0,0,0,33.60,3464,548,4456
58068,3620.56,0,0,0,0,-28.61,3464,548,4456
58118,3593.67,0,0,0,0,-44.92,3464,548,4456
58168,3620.56,0,0,0,0,-27.75,3464,548,4456
58218,3576.54,0,0,0,0,43.15,3464,548,4456
58268,3596.26,0,0,1,0,36.30,3464,549,4456
58318,3568.03,0,0,0,0,42.08,3464,550,4456
58368,3611.85,0,0,0,0,23.19,3464,550,4456
58418,3585.09,0,0,0,0,23.19,3464,550,4456
58468,3620.56,0,0,0,0,-38.05,3464,550,4456
58518,3582.52,0,0,0,0,-46.67,3464,550,4456
58568,3619.69,0,0,0,0,-50.32,3464,550,4456
58618,3586.80,0,0,0,0,-50.32,3464,550,4456
58668,3615.33,0,0,-1,0,-93.81,3464,551,4456
58718,3594.54,0,0,0,0,-43.38,3464,551,4456
58768,3629.32,0,0,0,0,-47.66,3464,551,4456
58818,3593.67,0,0,0,0,-49.63,3464,551,4456
58868,3627.57,0,0,0,0,-33.89,3464,551,4456
58918,3591.95,0,0,0,0,-40.83,3464,551,4456
58968,3639.01,0,0,0,0,-45.34,3464,551,4456
59018,3604.04,0,0,-1,0,-49.01,3464,552,4456
59068,3647.86,0,0,-1,0,-54.18,3464,553,4456
59118,3591.95,0,0,0,0,-42.75,3464,553,4456
59168,3647.86,0,0,-1,0,-55.05,3464,555,4456
59218,3604.04,0,0,-1,0,-52.46,3464,556,4456
59268,3651.41,0,0,-1,0,-46.51,3464,557,4456
59318,3615.33,0,0,-1,0,-26.36,3464,558,4456
59368,3662.11,0,0,-1,0,-48.52,3464,560,4456
59418,3615.33,0,0,-1,0,-26.36,3464,561,4456
59468,3624.06,0,0,0,0,-19.16,3464,561,4456
59518,3554.50,0,0,1,0,45.21,3464,562,4456
59568,3589.38,0,0,0,0,32.47,3464,562,4456
59618,3553.66,0,0,1,0,45.19,3464,564,4456
59668,3587.66,0,0,1,0,31.44,3464,565,4456
59718,3553.66,0,0,1,0,34.00,3464,567,4456
59768,3598.85,0,0,1,0,34.86,3464,568,4456
59819,3555.34,0,0,1,0,44.37,3464,569,4456
59869,3611.85,0,0,0,0,40.30,3464,569,4456
59919,3567.18,0,0,0,0,45.53,3464,569,4456
59969,3576.54,0,0,0,0,-43.80,3464,570,4456
60019,3544.42,0,0,1,0,32.11,3464,572,4456
60069,3599.71,0,0,0,0,34.18,3464,572,4456
60119,3532.74,0,0,1,0,32.75,3464,573,4456
60169,3565.49,0,0,0,0,-29.42,3464,574,4456
60219,3544.42,0,0,1,0,32.11,3464,576,4456
60269,3598.85,0,0,1,0,44.87,3464,577,4456
60319,3564.64,0,0,0,0,33.35,3464,578,4456
60369,3635.48,0,0,0,0,-67.45,3464,578,4456
60419,3630.20,0,0,0,0,-42.54,3464,578,4456
60469,3501.40,0,1,0,0,393.69,3471,578,4494
60519,3639.89,0,0,0,0,393.45,3478,578,4498
60569,3652.30,0,0,-1,0,-36.10,3489,579,4506
60619,3626.69,0,0,0,0,35.42,3489,580,4506
60669,3633.72,0,0,0,0,-16.65,3489,581,4506
60719,3592.81,0,0,0,0,-38.42,3489,581,4506
60769,3630.20,0,0,0,0,-38.25,3489,581,4506
60819,3603.17,0,0,0,0,-32.26,3489,581,4506
60869,3629.32,0,0,0,0,-35.65,3489,581,4506
60919,3593.67,0,0,0,0,-41.67,3489,581,4506
60969,3633.72,0,0,0,0,-31.42,3489,582,4506
61019,3603.17,0,0,0,0,-40.16,3489,582,4506
61069,3639.01,0,0,0,0,-44.47,3489,582,4506
61119,3604.90,0,0,0,0,-40.16,3489,582,4506
61169,3642.54,0,0,-1,0,-39.37,3489,583,4506
61219,3568.88,0,0,0,0,42.10,3489,583,4506
61270,3600.58,0,0,0,0,35.11,3489,583,4506
61320,3568.03,0,0,0,0,43.82,3489,583,4506
61370,3601.44,0,0,0,0,32.72,3489,583,4506
61420,3567.18,0,0,0,0,42.06,3489,584,4506
61470,3600.58,0,0,0,0,34.24,3489,584,4506
61520,3564.64,0,0,0,0,32.48,3489,585,4506
61570,3573.13,0,0,0,0,26.58,3489,585,4506
61620,3606.64,0,-4,0,-3,-594.23,3496,585,4520
61670,3584.23,0,-4,0,-4,-617.23,3503,585,4535
61720,3628.45,0,0,0,0,321.00,3510,585,4549
61770,3594.54,0,-5,0,-4,-693.43,3518,585,4554
61820,3651.41,0,0,-1,0,385.19,3527,586,4559
61870,3569.73,0,0,0,0,612.04,3539,586,4567
61920,3639.01,0,0,0,0,36.56,3547,586,4571
61970,3683.69,0,-1,0,0,-42.03,3548,587,4571
62020,3651.41,0,0,-1,0,32.28,3549,589,4571
62070,3684.60,0,-1,0,0,-44.71,3551,589,4571
62120,3640.78,0,0,-1,0,42.92,3552,591,4571
62170,3683.69,0,-1,0,0,-42.92,3554,592,4571
62220,3651.41,0,0,-1,0,32.28,3555,594,4571
62270,3673.77,0,0,0,0,-46.20,3556,594,4571
62320,3641.66,0,0,-1,0,32.11,3556,595,4571
62370,3684.60,0,-1,0,0,-55.27,3558,595,4571
62420,3640.78,0,0,-1,0,44.73,3559,596,4571
62470,3672.87,0,0,0,0,-20.57,3560,597,4571
62520,3630.20,0,0,0,0,41.77,3560,598,4571
62570,3662.11,0,0,-1,0,-46.78,3560,600,4571
62620,3615.33,0,0,-1,0,-33.45,3560,601,4571
62670,3639.01,0,0,0,0,-23.68,3560,602,4571
62720,3604.04,0,0,-1,0,-26.36,3560,603,4571
62770,3643.43,0,0,-1,0,-39.39,3560,604,4571
62820,3604.04,0,0,-1,0,-36.79,3560,605,4571
62870,3639.01,0,0,0,0,-45.34,3560,605,4571
62920,3582.52,0,0,0,0,-40.81,3560,605,4571
62970,3589.38,0,0,0,0,29.23,3560,605,4571
63020,3562.10,0,0,0,0,37.61,3560,606,4571
63070,3500.58,0,1,0,0,68.30,3561,606,4571
63120,3575.69,0,0,0,0,27.49,3562,606,4577
63170,3611.85,0,0,0,0,43.80,3562,606,4577
63220,3568.03,0,0,0,0,42.95,3562,606,4577
63270,3600.58,0,0,0,0,35.11,3562,606,4577
63320,3562.10,0,0,0,0,37.61,3562,606,4577
63370,3587.66,0,0,1,0,33.17,3562,607,4577
63420,3546.10,0,0,1,0,39.84,3562,609,4577
63470,3574.83,0,0,0,0,-28.73,3562,610,4577
63520,3555.34,0,0,1,0,31.46,3562,612,4577
63570,3585.94,0,0,1,0,37.29,3562,613,4577
63620,3555.34,0,0,1,0,41.78,3562,615,4577
63670,3600.58,0,0,0,0,33.33,3562,615,4577
63720,3557.87,0,0,1,0,53.97,3562,616,4577
63770,3610.98,0,0,0,0,40.36,3562,616,4577
63820,3575.69,0,0,0,0,36.16,3562,616,4577
63870,3610.11,0,0,1,0,51.39,3562,617,4577
63920,3573.98,0,0,0,0,24.87,3562,617,4577
63970,3611.85,0,0,0,0,42.10,3562,617,4577
64020,3568.03,0,0,0,0,32.55,3562,617,4577
64070,3567.18,0,0,0,0,33.39,3562,617,4577
64120,3605.77,0,-6,0,-6,-914.91,3573,617,4584
64171,3571.43,0,0,0,0,576.80,3585,617,4591
64221,3593.67,0,-6,0,-6,-875.82,3596,617,4598
64271,3560.41,0,0,0,0,474.02,3605,617,4604
64321,3594.54,0,-4,0,-4,-666.92,3613,617,4609
64371,3500.58,0,1,0,0,354.47,3620,617,4641
64421,3613.59,0,-1,0,-10,-263.14,3622,617,4651
64471,3557.87,0,0,1,0,152.24,3624,618,4661
64521,3600.58,0,0,0,0,38.48,3624,618,4661
64571,3566.33,0,0,0,0,39.44,3624,618,4661
64621,3589.38,0,0,0,0,23.95,3624,618,4661
64671,3554.50,0,0,1,0,45.21,3624,619,4661
64721,3598.85,0,0,1,0,34.81,3624,620,4661
64771,3562.95,0,0,0,0,35.04,3624,621,4661
64821,3598.85,0,0,1,0,34.86,3624,622,4661
64871,3562.95,0,0,0,0,35.90,3624,623,4661
64921,3587.66,0,0,1,0,22.06,3624,624,4661
64971,3568.88,0,0,0,0,39.49,3624,625,4661
65021,3599.71,0,0,0,0,35.92,3624,625,4661
65071,3566.33,0,0,0,0,34.24,3624,625,4661
65121,3587.66,0,0,1,0,51.39,3624,626,4661
65171,3555.34,0,0,1,0,43.50,3624,627,4661
65221,3600.58,0,0,0,0,32.48,3624,627,4661
65271,3562.95,0,0,0,0,35.90,3624,628,4661
65321,3611.85,0,0,0,0,44.66,3624,628,4661
65371,3577.39,0,0,0,0,33.59,3624,628,4661
65421,3611.85,0,0,0,0,36.16,3624,628,4661
65471,3586.80,0,0,0,0,36.16,3624,628,4661
65521,3639.01,0,0,0,0,-46.20,3624,628,4661
65571,3604.04,0,0,0,0,-48.78,3624,628,4661
65622,3629.32,0,0,0,0,-46.81,3624,628,4661
65672,3582.52,0,0,0,0,-46.65,3624,628,4661
65722,3610.11,0,0,0,0,-41.55,3624,628,4661
65772,3576.54,0,0,0,0,34.44,3624,628,4661
65822,3588.52,0,0,0,0,50.89,3624,628,4661
65872,3556.19,0,0,1,0,21.20,3624,629,4661
65922,3598.85,0,0,1,0,50.23,3624,630,4661
65972,3566.33,0,0,0,0,34.24,3624,630,4661
66022,3610.11,0,0,0,0,42.08,3624,630,4661
66072,3570.58,0,0,0,0,53.49,3624,630,4661
66122,3620.56,0,0,0,0,-38.05,3624,630,4661
66172,3592.81,0,0,0,0,-55.50,3624,630,4661
66222,3629.32,0,0,0,0,-35.65,3624,630,4661
66272,3582.52,0,0,0,0,-43.40,3624,630,4661
66322,3611.85,0,0,0,0,38.77,3624,630,4661
66372,3571.43,0,0,0,0,52.64,3624,630,4661
66422,3624.06,0,0,0,0,-56.03,3624,630,4661
66472,3567.18,0,0,0,0,34.26,3624,630,4661
66522,3623.19,0,0,0,0,-56.01,3624,630,4661
66572,3580.81,0,0,0,0,-44.94,3624,630,4661
66622,3618.82,0,0,0,0,-44.13,3624,630,4661
66672,3576.54,0,0,0,0,43.15,3624,630,4661
66722,3618.82,0,0,0,0,-45.78,3624,630,4661
66772,3581.66,0,0,0,0,-37.19,3624,630,4661
66822,3618.82,0,0,0,0,-43.28,3624,630,4661
66872,3569.73,0,0,0,0,53.46,3624,630,4661
66922,3610.98,0,0,0,0,42.95,3624,630,4661
66972,3576.54,0,0,0,0,35.31,3624,630,4661
67022,3629.32,0,0,0,0,-45.95,3624,630,4661
67072,3619.69,0,0,0,0,-45.95,3624,630,4661
67122,3639.01,0,0,0,0,-43.61,3636,630,4667
67172,3576.54,0,0,0,0,24.90,3636,630,4667
67222,3578.24,0,0,0,0,33.60,3636,630,4667
67272,3604.90,0,-6,0,-6,-906.23,3647,630,4675
67322,3559.56,0,0,1,0,530.97,3658,631,4682
67372,3585.09,0,-4,0,-4,-707.17,3666,631,4687
67422,3549.46,0,0,1,0,80.75,3667,632,4687
67472,3597.12,0,0,1,0,47.55,3667,633,4687
67522,3557.03,0,0,1,0,44.41,3667,635,4687
67572,3587.66,0,0,1,0,34.82,3667,636,4687
67622,3556.19,0,0,1,0,29.76,3667,638,4687
67672,3565.49,0,0,0,0,-10.98,3667,639,4687
67722,3523.61,0,0,0,0,41.03,3667,640,4687
67772,3578.24,0,0,0,0,-56.29,3668,641,4687
67822,3536.07,0,0,1,0,45.59,3668,642,4687
67872,3587.66,0,0,1,0,32.97,3668,643,4687
67922,3550.30,0,0,1,0,48.55,3668,645,4687
67972,3597.12,0,0,1,0,41.78,3668,646,4687
68022,3568.03,0,0,0,0,41.21,3668,647,4687
68072,3620.56,0,0,0,0,-35.48,3668,647,4687
68122,3593.67,0,0,0,0,-39.95,3668,647,4687
68172,3637.25,0,0,0,0,-43.57,3668,647,4687
68222,3592.81,0,0,0,0,-38.42,3668,647,4687
68272,3619.69,0,0,0,0,-38.42,3668,647,4687
68322,3584.23,0,0,0,0,-38.90,3668,647,4687
68372,3639.01,0,0,0,0,-45.34,3668,647,4687
68422,3593.67,0,0,0,0,-27.86,3668,647,4687
68472,3610.98,0,0,0,0,-31.26,3668,647,4687
68523,3571.43,0,0,0,0,50.01,3668,647,4687
68573,3610.98,0,0,0,0,-51.76,3668,647,4687
68623,3577.39,0,0,0,0,32.72,3668,647,4687
68673,3630.20,0,0,0,0,-49.40,3668,647,4687
68723,3557.03,0,0,1,0,20.36,3668,648,4687
68773,3608.37,0,0,1,0,41.78,3668,649,4687
68823,3567.18,0,0,0,0,44.66,3668,649,4687
68873,3600.58,0,0,0,0,24.04,3668,649,4687
68923,3577.39,0,0,0,0,32.72,3668,649,4687
68973,3623.19,0,0,0,0,-46.65,3668,649,4687
69023,3573.98,0,0,0,0,24.87,3668,649,4687
69073,3623.19,0,0,0,0,-45.80,3668,649,4687
69123,3523.61,0,0,0,0,105.72,3668,649,4687
69173,3642.54,0,0,-1,0,-40.24,3669,650,4693
69223,3576.54,0,0,0,0,43.15,3669,650,4693
69273,3628.45,0,0,0,0,-41.65,3669,650,4693
69323,3591.95,0,0,0,0,-41.69,3669,650,4693
69373,3629.32,0,0,0,0,-35.65,3669,650,4693
69423,3604.04,0,0,0,0,-23.61,3669,650,4693
69473,3643.43,0,0,-1,0,-40.26,3669,651,4693
69523,3604.04,0,0,-1,0,-37.66,3669,652,4693
69573,3653.19,0,0,-1,0,-37.86,3669,654,4693
69623,3626.69,0,0,0,0,35.42,3669,655,4693
69673,3614.46,0,0,-1,0,-33.63,3669,656,4693
69723,3586.80,0,0,-1,0,-33.63,3669,656,4693
69773,3610.98,0,0,0,0,-35.51,3669,656,4693
69823,3586.80,0,0,0,0,-35.51,3669,656,4693
69873,3623.19,0,0,0,0,-46.65,3669,656,4693
69923,3577.39,0,0,0,0,33.59,3669,656,4693
69974,3531.07,0,0,1,0,27.65,3669,658,4693
70024,3389.06,0,2,0,0,48.94,3674,658,4693
70074,3299.60,0,3,0,0,59.86,3680,658,4693
70124,3171.92,0,5,0,0,46.28,3693,658,4693
70174,3035.82,5,7,0,0,56.96,3712,658,4693
70224,2948.69,0,8,0,0,52.51,3727,658,4693
70274,2859.87,0,9,0,0,50.49,3744,658,4693
70324,2741.23,7,11,0,0,27.32,3775,658,4693
70374,2656.75,7,12,0,4,27.10,3798,658,4707
70424,2572.02,3,13,0,3,22.24,3824,658,4720
70474,2482.62,3,14,0,4,26.16,3852,658,4734
70524,2389.30,5,15,0,5,32.79,3882,658,4749
70574,2313.03,8,16,0,5,34.39,3914,658,4760
70624,2231.15,11,17,0,3,23.81,3948,658,4771
70674,2151.15,17,18,0,3,22.44,3984,658,4782
70724,2090.30,2,19,0,8,60.85,4003,658,4790
70774,1998.40,8,20,0,4,37.71,4043,658,4801
70824,1934.49,29,21,0,13,103.28,4084,658,4819
70874,1897.05,3,22,0,4,37.43,4106,658,4823
70924,1838.24,17,22,0,3,32.56,4150,658,4829
70974,1777.88,5,23,0,7,60.35,4173,658,4836
71024,1701.84,25,24,0,6,61.21,4220,658,4843
71074,1687.29,25,24,0,1,14.55,4244,658,4844
71124,1624.43,31,25,0,6,62.86,4269,658,4850
71174,1548.15,32,26,0,6,60.95,4320,658,4857
71224,1535.47,27,26,0,1,12.68,4346,658,4858
71274,1473.04,33,27,0,6,62.43,4373,658,4864
71324,1460.42,28,27,0,1,12.62,4400,658,4865
71374,1393.79,34,28,0,6,66.63,4428,658,4871
71424,1352.94,29,29,0,0,-4.14,4486,658,4874
71474,1310.16,32,29,0,3,42.78,4515,658,4877
71524,1243.16,35,30,0,5,67.00,4545,658,4882
71574,1233.96,30,30,0,0,9.20,4575,658,4882
71624,1163.24,36,31,0,5,70.72,4606,658,4887
71674,1160.36,31,31,0,0,2.88,4637,658,4887
71724,1086.88,37,32,0,5,73.48,4669,658,4892
71774,1086.88,37,32,0,5,73.48,4669,658,4892
71824,1082.80,32,32,0,0,4.08,4701,658,4892
71874,1019.23,37,33,0,4,63.57,4734,658,4896
71924,1001.80,34,33,0,1,17.43,4767,658,4897
71974,924.21,38,34,0,4,77.59,4801,658,4901
72024,924.21,38,34,0,4,77.59,4801,658,4901
72074,922.34,34,34,0,0,1.88,4835,658,4901
72124,843.45,39,35,0,4,78.88,4870,658,4905
72174,839.72,35,35,0,0,3.73,4905,658,4905
72224,839.72,35,35,0,0,3.73,4905,658,4905
72274,758.50,40,36,0,4,81.23,4941,658,4909
72324,758.50,40,36,0,4,81.23,4941,658,4909
72374,751.92,37,37,0,0,6.58,4978,658,4909
72424,680.40,40,37,0,3,71.52,5015,658,4912
72474,680.40,40,37,0,3,71.52,5015,658,4912
72524,655.51,39,38,0,1,24.89,5053,658,4913
72574,655.51,39,38,0,1,24.89,5053,658,4913
72624,576.30,42,39,0,3,79.21,5092,658,4916
72674,576.30,42,39,0,3,79.21,5092,658,4916
72724,544.09,40,39,0,1,32.21,5131,658,4917
72774,544.09,40,39,0,1,32.21,5131,658,4917
72824,544.09,40,39,0,1,32.21,5131,658,4917
72875,450.44,42,40,0,2,93.65,5171,658,4919
72925,450.44,42,40,0,2,93.65,5171,658,4919
72975,450.44,42,40,0,2,93.65,5171,658,4919
73025,399.73,42,41,0,1,50.70,5212,658,4920
73075,399.73,42,41,0,1,50.70,5212,658,4920
73125,399.73,42,41,0,1,50.70,5212,658,4920
73175,399.73,42,41,0,1,50.70,5212,658,4920
74029,58.69,-42,41,0,1,50.70,5212,658,4920
74079,58.69,-42,41,0,1,50.70,5212,658,4920
74129,58.69,-42,41,0,1,50.70,5212,658,4920
74179,58.69,-42,41,0,1,50.70,5212,658,4920
74229,58.69,-42,41,0,1,50.70,5212,658,4920
74279,0.00,-42,41,0,1,50.70,5212,658,4920
74329,0.00,-42,41,0,1,50.70,5212,658,4920
74379,0.00,-42,41,0,1,50.70,5212,658,4920
74429,0.00,-42,41,0,1,50.70,5212,658,4920
74479,0.00,-42,41,0,1,50.70,5212,658,4920
74529,0.00,-42,41,0,1,50.70,5212,658,4920
74579,0.00,-42,41,0,1,50.70,5212,658,4920
74629,0.00,-42,41,0,1,50.70,5212,658,4920
74679,0.00,-42,41,0,1,50.70,5212,658,4920
74729,0.00,-42,41,0,1,50.70,5212,658,4920
74779,0.00,-42,41,0,1,50.70,5212,658,4920
74829,0.00,-42,41,0,1,50.70,5212,658,4920
74880,0.00,-42,41,0,1,50.70,5212,658,4920
74930,0.00,-42,41,0,1,50.70,5212,658,4920
74980,0.00,-42,41,0,1,50.70,5212,658,4920
75030,0.00,-42,41,0,1,50.70,5212,658,4920
75080,0.00,-42,41,0,1,50.70,5212,658,4920
75130,0.00,-42,41,0,1,50.70,5212,658,4920
75180,0.00,-42,41,0,1,50.70,5212,658,4920
75230,0.00,-42,41,0,1,50.70,5212,658,4920
75280,0.00,-42,41,0,1,50.70,5212,658,4920
75330,0.00,-42,41,0,1,50.70,5212,658,4920
75380,0.00,-42,41,0,1,50.70,5212,658,4920
75430,0.00,-42,41,0,1,50.70,5212,658,4920
75480,0.00,-42,41,0,1,50.70,5212,658,4920
75530,0.00,-42,41,0,1,50.70,5212,658,4920
75580,0.00,-42,41,0,1,50.70,5212,658,4920
75630,0.00,-42,41,0,1,50.70,5212,658,4920
75680,0.00,-42,41,0,1,50.70,5212,658,4920
75730,0.00,-42,41,0,1,50.70,5212,658,4920
75780,0.00,-42,41,0,1,50.70,5212,658,4920
75830,0.00,-42,41,0,1,50.70,5212,658,4920
75880,0.00,-42,41,0,1,50.70,5212,658,4920
75930,0.00,-42,41,0,1,50.70,5212,658,4920
75980,0.00,-42,41,0,1,50.70,5212,658,4920
76030,0.00,-42,41,0,1,50.70,5212,658,4920
76080,0.00,-42,41,0,1,50.70,5212,658,4920
76130,0.00,-42,41,0,1,50.70,5212,658,4920
76180,0.00,-42,41,0,1,50.70,5212,658,4920
76230,0.00,-42,41,0,1,50.70,5212,658,4920
76280,0.00,-42,41,0,1,50.70,5212,658,4920
76331,0.00,-42,41,0,1,50.70,5212,658,4920
76381,0.00,-42,41,0,1,50.70,5212,658,4920
76431,0.00,-42,41,0,1,50.70,5212,658,4920
76481,0.00,-42,41,0,1,50.70,5212,658,4920
76531,0.00,-42,41,0,1,50.70,5212,658,4920
76581,0.00,-42,41,0,1,50.70,5212,658,4920
76631,0.00,-42,41,0,1,50.70,5212,658,4920
76681,0.00,-42,41,0,1,50.70,5212,658,4920
76731,0.00,-42,41,0,1,50.70,5212,658,4920
76781,0.00,-42,41,0,1,50.70,5212,658,4920
76831,0.00,-42,41,0,1,50.70,5212,658,4920
76881,0.00,-42,41,0,1,50.70,5212,658,4920
76931,0.00,-42,41,0,1,50.70,5212,658,4920
76981,0.00,-42,41,0,1,50.70,5212,658,4920
77031,0.00,-42,41,0,1,50.70,5212,658,4920
77081,0.00,-42,41,0,1,50.70,5212,658,4920
77131,0.00,-42,41,0,1,50.70,5212,658,4920
77181,0.00,-42,41,0,1,50.70,5212,658,4920
77231,0.00,-42,41,0,1,50.70,5212,658,4920
77281,0.00,-42,41,0,1,50.70,5212,658,4920
77331,0.00,-42,41,0,1,50.70,5212,658,4920
77381,0.00,-42,41,0,1,50.70,5212,658,4920
77431,0.00,-42,41,0,1,50.70,5212,658,4920
77481,0.00,-42,41,0,1,50.70,5212,658,4920
77531,0.00,-42,41,0,1,50.70,5212,658,4920
77581,0.00,-42,41,0,1,50.70,5212,658,4920
77631,0.00,-42,41,0,1,50.70,5212,658,4920
77681,0.00,-42,41,0,1,50.70,5212,658,4920
77731,0.00,-42,41,0,1,50.70,5212,658,4920
77782,0.00,-42,41,0,1,50.70,5212,658,4920
77832,0.00,-42,41,0,1,50.70,5212,658,4920
77882,0.00,-42,41,0,1,50.70,5212,658,4920
77932,0.00,-42,41,0,1,50.70,5212,658,4920
77982,0.00,-42,41,0,1,50.70,5212,658,4920
78032,0.00,-42,41,0,1,50.70,5212,658,4920
78082,0.00,-42,41,0,1,50.70,5212,658,4920
78132,0.00,-42,41,0,1,50.70,5212,658,4920
78182,0.00,-42,41,0,1,50.70,5212,658,4920
78232,0.00,-42,41,0,1,50.70,5212,658,4920
78282,0.00,-42,41,0,1,50.70,5212,658,4920
78332,0.00,-42,41,0,1,50.70,5212,658,4920
78382,0.00,-42,41,0,1,50.70,5212,658,4920
78432,0.00,-42,41,0,1,50.70,5212,658,4920
78482,0.00,-42,41,0,1,50.70,5212,658,4920
78532,0.00,-42,41,0,1,50.70,5212,658,4920
78582,0.00,-42,41,0,1,50.70,5212,658,4920
78632,0.00,-42,41,0,1,50.70,5212,658,4920
78682,0.00,-42,41,0,1,50.70,5212,658,4920
78732,0.00,-42,41,0,1,50.70,5212,658,4920
78782,0.00,-42,41,0,1,50.70,5212,658,4920
78832,0.00,-42,41,0,1,50.70,5212,658,4920
78882,0.00,-42,41,0,1,50.70,5212,658,4920
78932,0.00,-42,41,0,1,50.70,5212,658,4920
78982,0.00,-42,41,0,1,50.70,5212,658,4920
79032,0.00,-42,41,0,1,50.70,5212,658,4920
79082,0.00,-42,41,0,1,50.70,5212,658,4920
79132,0.00,-42,41,0,1,50.70,5212,658,4920
79182,0.00,-42,41,0,1,50.70,5212,658,4920
79232,0.00,-42,41,0,1,50.70,5212,658,4920
79282,0.00,-42,41,0,1,50.70,5212,658,4920
79332,0.00,-42,41,0,1,50.70,5212,658,4920
79382,0.00,-42,41,0,1,50.70,5212,658,4920
79432,0.00,-42,41,0,1,50.70,5212,658,4920
79482,0.00,-42,41,0,1,50.70,5212,658,4920
79532,0.00,-42,41,0,1,50.70,5212,658,4920
79582,0.00,-42,41,0,1,50.70,5212,658,4920
79632,0.00,-42,41,0,1,50.70,5212,658,4920
79682,0.00,-42,41,0,1,50.70,5212,658,4920
79732,0.00,-42,41,0,1,50.70,5212,658,4920
79782,0.00,-42,41,0,1,50.70,5212,658,4920
79832,0.00,-42,41,0,1,50.70,5212,658,4920
79882,0.00,-42,41,0,1,50.70,5212,658,4920
79932,0.00,-42,41,0,1,50.70,5212,658,4920
79982,0.00,-42,41,0,1,50.70,5212,658,4920
80032,0.00,-42,41,0,1,50.70,5212,658,4920
80082,0.00,-42,41,0,1,50.70,5212,658,4920
80132,0.00,-42,41,0,1,50.70,5212,658,4920
80182,0.00,-42,41,0,1,50.70,5212,658,4920
80232,0.00,-42,41,0,1,50.70,5212,658,4920
80282,0.00,-42,41,0,1,50.70,5212,658,4920
80332,0.00,-42,41,0,1,50.70,5212,658,4920
