No Throttle Input - Constant Load (1500 W)
Trial: 8
Date: 3-31-2023
Time: 11:13 AM
Ambient Temp: 79
Head Temp: 221.8

------ Microcontroller Engine Governor - Version: 1.16 ------
-------------------------------------------------------------
PID Gains:        Kp: 0.013000   Ki: 0.025000   Kd: 1.000000
-------------------------------------------------------------
Set RPM:             3600    |  Min RPM:                300
                             |
RPM Precision        10       |  PID I Precision:         70
                             |
Start Steps:         850     |  Max Steps:               1200
                             |
RPM Calc Interval:   1       |  Num Magnets:             1
                             |
LCD Update Interval: 400     |  Serial Update Interval:  50
-------------------------------------------------------------

Time,RPM,Steps Remaining, PID p, PID i, PID d, RPM Change, P Cmd, I Cmd, D Cmd
90,0.00,0,0,0,0,0.00,0,0,0
140,0.00,0,0,0,0,0.00,0,0,0
190,0.00,0,0,0,0,0.00,0,0,0
240,0.00,0,0,0,0,0.00,0,0,0
290,0.00,0,0,0,0,0.00,0,0,0
340,0.00,0,0,0,0,0.00,0,0,0
390,0.00,0,0,0,0,0.00,0,0,0
440,0.00,0,0,0,0,0.00,0,0,0
490,0.00,0,0,0,0,0.00,0,0,0
540,0.00,0,0,0,0,0.00,0,0,0
590,0.00,0,0,0,0,0.00,0,0,0
640,0.00,0,0,0,0,0.00,0,0,0
690,0.00,0,0,0,0,0.00,0,0,0
740,0.00,0,0,0,0,0.00,0,0,0
790,0.00,0,0,0,0,0.00,0,0,0
840,0.00,0,0,0,0,0.00,0,0,0
890,0.00,0,0,0,0,0.00,0,0,0
940,0.00,0,0,0,0,0.00,0,0,0
990,0.00,0,0,0,0,0.00,0,0,0
1040,0.00,0,0,0,0,0.00,0,0,0
1090,0.00,0,0,0,0,0.00,0,0,0
1140,0.00,0,0,0,0,0.00,0,0,0
1190,0.00,0,0,0,0,0.00,0,0,0
1240,0.00,0,0,0,0,0.00,0,0,0
1290,0.00,0,0,0,0,0.00,0,0,0
1340,0.00,0,0,0,0,0.00,0,0,0
1390,0.00,0,0,0,0,0.00,0,0,0
1440,0.00,0,0,0,0,0.00,0,0,0
1490,0.00,0,0,0,0,0.00,0,0,0
1540,0.00,0,0,0,0,0.00,0,0,0
1590,0.00,0,0,0,0,0.00,0,0,0
1640,0.00,0,0,0,0,0.00,0,0,0
1690,0.00,0,0,0,0,0.00,0,0,0
1740,0.00,0,0,0,0,0.00,0,0,0
1790,0.00,0,0,0,0,0.00,0,0,0
1840,0.00,0,0,0,0,0.00,0,0,0
1890,0.00,0,0,0,0,0.00,0,0,0
1940,0.00,0,0,0,0,0.00,0,0,0
1990,0.00,0,0,0,0,0.00,0,0,0
2040,0.00,0,0,0,0,0.00,0,0,0
2091,0.00,0,0,0,0,0.00,0,0,0
2141,0.00,0,0,0,0,0.00,0,0,0
2191,0.00,0,0,0,0,0.00,0,0,0
2241,0.00,0,0,0,0,0.00,0,0,0
2291,0.00,0,0,0,0,0.00,0,0,0
2341,0.00,0,0,0,0,0.00,0,0,0
2391,0.00,0,0,0,0,0.00,0,0,0
2441,0.00,0,0,0,0,0.00,0,0,0
2491,0.00,0,0,0,0,0.00,0,0,0
2541,0.00,0,0,0,0,0.00,0,0,0
2591,0.00,0,0,0,0,0.00,0,0,0
2641,0.00,0,0,0,0,0.00,0,0,0
2691,0.00,0,0,0,0,0.00,0,0,0
2741,0.00,0,0,0,0,0.00,0,0,0
2791,0.00,0,0,0,0,0.00,0,0,0
2841,0.00,0,0,0,0,0.00,0,0,0
2891,0.00,0,0,0,0,0.00,0,0,0
2941,0.00,0,0,0,0,0.00,0,0,0
2991,0.00,0,0,0,0,0.00,0,0,0
3041,0.00,0,0,0,0,0.00,0,0,0
3091,0.00,0,0,0,0,0.00,0,0,0
3141,0.00,0,0,0,0,0.00,0,0,0
3191,0.00,0,0,0,0,0.00,0,0,0
3241,0.00,0,0,0,0,0.00,0,0,0
3291,0.00,0,0,0,0,0.00,0,0,0
3341,0.00,0,0,0,0,0.00,0,0,0
3391,0.00,0,0,0,0,0.00,0,0,0
3441,0.00,0,0,0,0,0.00,0,0,0
3491,0.00,0,0,0,0,0.00,0,0,0
3542,0.00,0,0,0,0,0.00,0,0,0
3592,0.00,0,0,0,0,0.00,0,0,0
3642,0.00,0,0,0,0,0.00,0,0,0
3692,0.00,0,0,0,0,0.00,0,0,0
3742,0.00,0,0,0,0,0.00,0,0,0
3792,0.00,0,0,0,0,0.00,0,0,0
3842,0.00,0,0,0,0,0.00,0,0,0
3892,0.00,0,0,0,0,0.00,0,0,0
3942,0.00,0,0,0,0,0.00,0,0,0
3992,0.00,0,0,0,0,0.00,0,0,0
4042,0.00,0,0,0,0,0.00,0,0,0
4092,0.00,0,0,0,0,0.00,0,0,0
4142,0.00,0,0,0,0,0.00,0,0,0
4192,0.00,0,0,0,0,0.00,0,0,0
4242,0.00,0,0,0,0,0.00,0,0,0
4292,0.00,0,0,0,0,0.00,0,0,0
4342,0.00,0,0,0,0,0.00,0,0,0
4392,0.00,0,0,0,0,0.00,0,0,0
4442,0.00,0,0,0,0,0.00,0,0,0
4492,0.00,0,0,0,0,0.00,0,0,0
4542,0.00,0,0,0,0,0.00,0,0,0
4592,0.00,0,0,0,0,0.00,0,0,0
4642,0.00,0,0,0,0,0.00,0,0,0
4692,0.00,0,0,0,0,0.00,0,0,0
4742,0.00,0,0,0,0,0.00,0,0,0
4792,0.00,0,0,0,0,0.00,0,0,0
4842,0.00,0,0,0,0,0.00,0,0,0
4892,0.00,0,0,0,0,0.00,0,0,0
4942,0.00,0,0,0,0,0.00,0,0,0
4992,0.00,0,0,0,0,0.00,0,0,0
5042,0.00,0,0,0,0,0.00,0,0,0
5092,0.00,0,0,0,0,0.00,0,0,0
5142,0.00,0,0,0,0,0.00,0,0,0
5192,0.00,0,0,0,0,0.00,0,0,0
5242,0.00,0,0,0,0,0.00,0,0,0
5292,0.00,0,0,0,0,0.00,0,0,0
5342,0.00,0,0,0,0,0.00,0,0,0
5392,0.00,0,0,0,0,0.00,0,0,0
5442,0.00,0,0,0,0,0.00,0,0,0
5492,0.00,0,0,0,0,0.00,0,0,0
5542,0.00,0,0,0,0,0.00,0,0,0
5592,0.00,0,0,0,0,0.00,0,0,0
5642,0.00,0,0,0,0,0.00,0,0,0
5692,0.00,0,0,0,0,0.00,0,0,0
5742,0.00,0,0,0,0,0.00,0,0,0
5792,0.00,0,0,0,0,0.00,0,0,0
5842,0.00,0,0,0,0,0.00,0,0,0
5892,0.00,0,0,0,0,0.00,0,0,0
5942,0.00,0,0,0,0,0.00,0,0,0
5992,0.00,0,0,0,0,0.00,0,0,0
6042,0.00,0,0,0,0,0.00,0,0,0
6092,0.00,0,0,0,0,0.00,0,0,0
6142,0.00,0,0,0,0,0.00,0,0,0
6192,0.00,0,0,0,0,0.00,0,0,0
6242,0.00,0,0,0,0,0.00,0,0,0
6292,0.00,0,0,0,0,0.00,0,0,0
6342,0.00,0,0,0,0,0.00,0,0,0
6392,0.00,0,0,0,0,0.00,0,0,0
6443,0.00,0,0,0,0,0.00,0,0,0
6493,0.00,0,0,0,0,0.00,0,0,0
6543,0.00,0,0,0,0,0.00,0,0,0
6593,0.00,0,0,0,0,0.00,0,0,0
6643,0.00,0,0,0,0,0.00,0,0,0
6693,0.00,0,0,0,0,0.00,0,0,0
6743,0.00,0,0,0,0,0.00,0,0,0
6793,0.00,0,0,0,0,0.00,0,0,0
6843,0.00,0,0,0,0,0.00,0,0,0
6893,0.00,0,0,0,0,0.00,0,0,0
6943,0.00,0,0,0,0,0.00,0,0,0
6993,0.00,0,0,0,0,0.00,0,0,0
7043,0.00,0,0,0,0,0.00,0,0,0
7093,0.00,0,0,0,0,0.00,0,0,0
7143,0.00,0,0,0,0,0.00,0,0,0
7193,0.00,0,0,0,0,0.00,0,0,0
7243,0.00,0,0,0,0,0.00,0,0,0
7293,0.00,0,0,0,0,0.00,0,0,0
7343,0.00,0,0,0,0,0.00,0,0,0
7393,0.00,0,0,0,0,0.00,0,0,0
7443,0.00,0,0,0,0,0.00,0,0,0
7493,0.00,0,0,0,0,0.00,0,0,0
7543,0.00,0,0,0,0,0.00,0,0,0
7593,0.00,0,0,0,0,0.00,0,0,0
7643,0.00,0,0,0,0,0.00,0,0,0
7693,0.00,0,0,0,0,0.00,0,0,0
7743,0.00,0,0,0,0,0.00,0,0,0
7793,0.00,0,0,0,0,0.00,0,0,0
7843,0.00,0,0,0,0,0.00,0,0,0
7894,0.00,0,0,0,0,0.00,0,0,0
7944,0.00,0,0,0,0,0.00,0,0,0
7994,0.00,0,0,0,0,0.00,0,0,0
8044,0.00,0,0,0,0,0.00,0,0,0
8094,0.00,0,0,0,0,0.00,0,0,0
8144,0.00,0,0,0,0,0.00,0,0,0
8194,0.00,0,0,0,0,0.00,0,0,0
8244,0.00,0,0,0,0,0.00,0,0,0
8294,0.00,0,0,0,0,0.00,0,0,0
8344,0.00,0,0,0,0,0.00,0,0,0
8394,0.00,0,0,0,0,0.00,0,0,0
8444,0.00,0,0,0,0,0.00,0,0,0
8494,0.00,0,0,0,0,0.00,0,0,0
8544,0.00,0,0,0,0,0.00,0,0,0
8594,0.00,0,0,0,0,0.00,0,0,0
8644,0.00,0,0,0,0,0.00,0,0,0
8694,0.00,0,0,0,0,0.00,0,0,0
8744,0.00,0,0,0,0,0.00,0,0,0
8794,0.00,0,0,0,0,0.00,0,0,0
8844,0.00,0,0,0,0,0.00,0,0,0
8894,0.00,0,0,0,0,0.00,0,0,0
8944,0.00,0,0,0,0,0.00,0,0,0
8994,0.00,0,0,0,0,0.00,0,0,0
9044,0.00,0,0,0,0,0.00,0,0,0
9094,0.00,0,0,0,0,0.00,0,0,0
9144,0.00,0,0,0,0,0.00,0,0,0
9194,0.00,0,0,0,0,0.00,0,0,0
9244,0.00,0,0,0,0,0.00,0,0,0
9294,0.00,0,0,0,0,0.00,0,0,0
9344,0.00,0,0,0,0,0.00,0,0,0
9394,0.00,0,0,0,0,0.00,0,0,0
9444,0.00,0,0,0,0,0.00,0,0,0
9494,0.00,0,0,0,0,0.00,0,0,0
9544,0.00,0,0,0,0,0.00,0,0,0
9594,0.00,0,0,0,0,0.00,0,0,0
9644,0.00,0,0,0,0,0.00,0,0,0
9694,0.00,0,0,0,0,0.00,0,0,0
9744,0.00,0,0,0,0,0.00,0,0,0
9794,0.00,0,0,0,0,0.00,0,0,0
9844,0.00,0,0,0,0,0.00,0,0,0
9894,0.00,0,0,0,0,0.00,0,0,0
9944,0.00,0,0,0,0,0.00,0,0,0
9994,0.00,0,0,0,0,0.00,0,0,0
10044,0.00,0,0,0,0,0.00,0,0,0
10094,0.00,0,0,0,0,0.00,0,0,0
10144,0.00,0,0,0,0,0.00,0,0,0
10194,0.00,0,0,0,0,0.00,0,0,0
10244,0.00,0,0,0,0,0.00,0,0,0
10294,0.00,0,0,0,0,0.00,0,0,0
10344,0.00,0,0,0,0,0.00,0,0,0
10394,0.00,0,0,0,0,0.00,0,0,0
10444,0.00,0,0,0,0,0.00,0,0,0
10494,0.00,0,0,0,0,0.00,0,0,0
10544,0.00,0,0,0,0,0.00,0,0,0
10594,0.00,0,0,0,0,0.00,0,0,0
10644,0.00,0,0,0,0,0.00,0,0,0
10694,inf,0,0,0,0,0.00,0,0,0
10744,inf,0,0,0,0,0.00,0,0,0
10795,inf,0,0,0,0,0.00,0,0,0
10845,473.08,0,0,0,0,0.00,0,0,0
10895,473.08,0,0,0,0,0.00,0,0,0
10945,563.30,0,0,0,0,0.00,0,0,0
10995,962.40,0,0,0,0,0.00,0,0,0
11045,966.12,0,0,0,0,0.00,0,0,0
11095,1391.47,0,0,0,0,0.00,0,0,0
11145,1414.69,0,0,0,0,0.00,0,0,0
11195,1724.73,0,0,0,0,0.00,0,0,0
11245,1998.14,0,0,0,0,0.00,0,0,0
11295,2216.31,0,0,0,0,0.00,0,0,0
11345,2382.09,0,0,0,0,0.00,0,0,0
11395,2554.06,0,0,0,0,0.00,0,0,0
11445,2689.14,0,0,0,0,0.00,0,0,0
11495,2812.68,0,0,0,0,0.00,0,0,0
11545,2901.92,0,0,0,0,0.00,0,0,0
11595,2998.20,0,0,0,0,0.00,0,0,0
11645,3177.97,0,0,0,0,0.00,0,0,0
11695,3234.15,0,0,0,0,0.00,0,0,0
11745,3300.33,0,0,0,0,0.00,0,0,0
11795,3424.66,0,0,0,0,0.00,0,0,0
11845,3452.24,0,0,0,0,0.00,0,0,0
11895,3557.87,0,0,0,0,0.00,0,0,0
11945,3568.88,0,0,0,0,0.00,0,0,0
11995,3609.24,0,0,0,0,0.00,0,0,0
12045,3583.37,0,0,0,0,0.00,0,0,0
12095,3624.06,0,0,0,0,0.00,0,0,0
12145,3573.13,0,0,0,0,0.00,0,0,0
12195,3609.24,0,0,0,0,0.00,0,0,0
12246,3573.13,0,0,0,0,0.00,0,0,0
12296,3598.85,0,0,0,0,0.00,0,0,0
12346,3556.19,0,0,0,0,0.00,0,0,0
12396,3568.88,0,0,0,0,0.00,0,0,0
12446,3528.58,0,0,0,0,0.00,0,0,0
12496,3568.88,0,0,0,0,0.00,0,0,0
12546,3529.41,0,0,0,0,0.00,0,0,0
12596,3568.03,0,0,0,0,0.00,0,0,0
12646,3539.41,0,0,0,0,0.00,0,0,0
12696,3597.12,0,0,0,0,0.00,0,0,0
12746,3557.87,0,0,0,0,0.00,0,0,0
12796,3598.85,0,0,0,0,0.00,0,0,0
12846,3597.98,0,0,0,0,0.00,0,0,0
12896,3562.10,0,0,0,0,0.00,0,0,0
12946,3676.47,0,0,0,0,0.00,0,0,0
12996,3571.43,0,0,0,0,0.00,0,0,0
13046,3626.69,0,0,0,0,0.00,0,0,0
13096,3581.66,0,0,0,0,0.00,0,0,0
13146,3591.95,0,0,0,0,0.00,0,0,0
13196,3568.03,0,0,0,0,0.00,0,0,0
13246,3598.85,0,0,0,0,0.00,0,0,0
13296,3565.49,0,0,0,0,0.00,0,0,0
13346,3613.59,0,0,0,0,0.00,0,0,0
13396,3572.28,0,0,0,0,0.00,0,0,0
13446,3608.37,0,0,0,0,0.00,0,0,0
13496,3568.88,0,0,0,0,0.00,0,0,0
13546,3598.85,0,0,0,0,0.00,0,0,0
13596,3557.03,0,0,0,0,0.00,0,0,0
13646,3598.85,0,0,0,0,0.00,0,0,0
13696,3560.41,0,0,0,0,0.00,0,0,0
13746,3664.79,0,0,0,0,0.00,0,0,0
13796,3563.79,0,0,0,0,0.00,0,0,0
13846,3608.37,0,0,0,0,0.00,0,0,0
13896,3576.54,0,0,0,0,0.00,0,0,0
13946,3629.32,0,0,0,0,0.00,0,0,0
13996,3573.13,0,0,0,0,0.00,0,0,0
14046,3628.45,0,0,0,0,0.00,0,0,0
14096,3581.66,0,0,0,0,0.00,0,0,0
14146,3617.94,0,0,0,0,0.00,0,0,0
14196,3582.52,0,0,0,0,0.00,0,0,0
14246,3609.24,0,0,0,0,0.00,0,0,0
14296,3568.03,0,0,0,0,0.00,0,0,0
14346,3588.52,0,0,0,0,0.00,0,0,0
14396,3556.19,0,0,0,0,0.00,0,0,0
14446,3588.52,0,0,0,0,0.00,0,0,0
14496,3565.49,0,0,0,0,0.00,0,0,0
14546,3597.12,0,0,0,0,0.00,0,0,0
14596,3558.72,0,0,0,0,0.00,0,0,0
14646,3588.52,0,0,0,0,0.00,0,0,0
14696,3557.03,0,0,0,0,0.00,0,0,0
14746,3589.38,0,0,0,0,0.00,0,0,0
14796,3547.78,0,0,0,0,0.00,0,0,0
14846,3607.50,0,0,0,0,0.00,0,0,0
14896,3576.54,0,0,0,0,0.00,0,0,0
14946,3714.71,0,0,0,0,0.00,0,0,0
14996,3557.03,0,0,0,0,0.00,0,0,0
15046,3597.12,0,0,0,0,0.00,0,0,0
15096,3598.85,0,0,0,0,0.00,0,0,0
15147,3562.95,0,0,0,0,0.00,0,0,0
15197,3593.67,0,0,0,0,0.00,0,0,0
15247,3563.79,0,0,0,0,0.00,0,0,0
15297,3604.04,0,0,0,0,0.00,0,0,0
15347,3500.58,0,0,0,0,0.00,0,0,0
15397,3582.52,0,0,0,0,0.00,0,0,0
15447,3549.46,0,0,0,0,0.00,0,0,0
15497,3577.39,0,0,0,0,0.00,0,0,0
15547,3549.46,0,0,0,0,0.00,0,0,0
15597,3598.85,0,0,0,0,0.00,0,0,0
15647,3547.78,0,0,0,0,0.00,0,0,0
15697,3559.56,0,0,0,0,0.00,0,0,0
15747,3519.47,0,0,0,0,0.00,0,0,0
15797,3558.72,0,0,0,0,0.00,0,0,0
15847,3537.74,0,0,0,0,0.00,0,0,0
15897,3537.74,0,0,0,0,0.00,0,0,0
15947,3508.77,0,0,0,0,0.00,0,0,0
15997,3557.03,0,0,0,0,0.00,0,0,0
16047,3528.58,0,0,0,0,0.00,0,0,0
16097,3568.88,0,0,0,0,0.00,0,0,0
16147,3536.90,0,0,0,0,0.00,0,0,0
16197,3579.10,0,0,0,0,0.00,0,0,0
16247,3547.78,0,0,0,0,0.00,0,0,0
16297,3578.24,0,0,0,0,0.00,0,0,0
16347,3558.72,0,0,0,0,0.00,0,0,0
16397,3535.23,0,0,0,0,0.00,0,0,0
16447,3567.18,0,0,0,0,0.00,0,0,0
16497,3539.41,0,0,0,0,0.00,0,0,0
16547,3567.18,0,0,0,0,0.00,0,0,0
16598,3537.74,0,0,0,0,0.00,0,0,0
16648,3579.10,0,0,0,0,0.00,0,0,0
16698,3537.74,0,0,0,0,0.00,0,0,0
16748,3588.52,0,0,0,0,0.00,0,0,0
16798,3547.78,0,0,0,0,0.00,0,0,0
16848,3578.24,0,0,0,0,0.00,0,0,0
16898,3557.03,0,0,0,0,0.00,0,0,0
16948,3598.85,0,0,0,0,0.00,0,0,0
16998,3562.95,0,0,0,0,0.00,0,0,0
17048,3609.24,0,0,0,0,0.00,0,0,0
17098,3565.49,0,0,0,0,0.00,0,0,0
17148,3607.50,0,0,0,0,0.00,0,0,0
17198,3557.87,0,0,0,0,0.00,0,0,0
17248,3598.85,0,0,0,0,0.00,0,0,0
17298,3563.79,0,0,0,0,0.00,0,0,0
17348,3607.50,0,0,0,0,0.00,0,0,0
17398,3573.98,0,0,0,0,0.00,0,0,0
17448,3609.24,0,0,0,0,0.00,0,0,0
17498,3566.33,0,0,0,0,0.00,0,0,0
17548,3597.12,0,0,0,0,0.00,0,0,0
17598,3566.33,0,0,0,0,0.00,0,0,0
17648,3609.24,0,0,0,0,0.00,0,0,0
17698,3576.54,0,0,0,0,0.00,0,0,0
17748,3588.52,0,0,0,0,0.00,0,0,0
17798,3557.87,0,0,0,0,0.00,0,0,0
17848,3578.24,0,0,0,0,0.00,0,0,0
17898,3578.24,0,0,0,0,0.00,0,0,0
17948,3562.95,0,0,0,0,0.00,0,0,0
17998,3613.59,0,0,0,0,0.00,0,0,0
18048,3563.79,0,0,0,0,0.00,0,0,0
18098,3598.85,0,0,0,0,0.00,0,0,0
18148,3559.56,0,0,0,0,0.00,0,0,0
18198,3597.12,0,0,0,0,0.00,0,0,0
18248,3557.87,0,0,0,0,0.00,0,0,0
18298,3589.38,0,0,0,0,0.00,0,0,0
18348,3563.79,0,0,0,0,0.00,0,0,0
18398,3618.82,0,0,0,0,0.00,0,0,0
18448,3565.49,0,0,0,0,0.00,0,0,0
18498,3608.37,0,0,0,0,0.00,0,0,0
18548,3558.72,0,0,0,0,0.00,0,0,0
18598,3586.80,0,0,0,0,0.00,0,0,0
18648,3549.46,0,0,0,0,0.00,0,0,0
18698,3598.85,0,0,0,0,0.00,0,0,0
18748,3567.18,0,0,0,0,0.00,0,0,0
18798,3608.37,0,0,0,0,0.00,0,0,0
18848,3582.52,0,0,0,0,0.00,0,0,0
18898,3588.52,0,0,0,0,0.00,0,0,0
18948,3549.46,0,0,0,0,0.00,0,0,0
18998,3597.12,0,0,0,0,0.00,0,0,0
19048,3572.28,0,0,0,0,0.00,0,0,0
19098,3609.24,0,0,0,0,0.00,0,0,0
19148,3568.88,0,0,0,0,0.00,0,0,0
19198,3608.37,0,0,0,0,0.00,0,0,0
19248,3556.19,0,0,0,0,0.00,0,0,0
19298,3609.24,0,0,0,0,0.00,0,0,0
19348,3557.03,0,0,0,0,0.00,0,0,0
19398,3609.24,0,0,0,0,0.00,0,0,0
19448,3576.54,0,0,0,0,0.00,0,0,0
19499,3597.98,0,0,0,0,0.00,0,0,0
19549,3572.28,0,0,0,0,0.00,0,0,0
19599,3617.94,0,0,0,0,0.00,0,0,0
19649,3571.43,0,0,0,0,0.00,0,0,0
19699,3628.45,0,0,0,0,0.00,0,0,0
19749,3567.18,0,0,0,0,0.00,0,0,0
19799,3619.69,0,0,0,0,0.00,0,0,0
19849,3583.37,0,0,0,0,0.00,0,0,0
19899,3608.37,0,0,0,0,0.00,0,0,0
19949,3573.13,0,0,0,0,0.00,0,0,0
19999,3618.82,0,0,0,0,0.00,0,0,0
20049,3568.03,0,0,0,0,0.00,0,0,0
20099,3618.82,0,0,0,0,0.00,0,0,0
20149,3573.13,0,0,0,0,0.00,0,0,0
20199,3609.24,0,0,0,0,0.00,0,0,0
20249,3573.13,0,0,0,0,0.00,0,0,0
20299,3629.32,0,0,0,0,0.00,0,0,0
20349,3583.37,0,0,0,0,0.00,0,0,0
20399,3618.82,0,0,0,0,0.00,0,0,0
20449,3582.52,0,0,0,0,0.00,0,0,0
20499,3618.82,0,0,0,0,0.00,0,0,0
20549,3592.81,0,0,0,0,0.00,0,0,0
20599,3641.66,0,0,0,0,0.00,0,0,0
20649,3602.31,0,0,0,0,0.00,0,0,0
20699,3635.48,0,0,0,0,0.00,0,0,0
20749,3603.17,0,0,0,0,0.00,0,0,0
20799,3652.30,0,0,0,0,0.00,0,0,0
20849,3613.59,0,0,0,0,0.00,0,0,0
20899,3652.30,0,0,0,0,0.00,0,0,0
20950,3603.17,0,0,0,0,0.00,0,0,0
21000,3643.43,0,0,0,0,0.00,0,0,0
21050,3611.85,0,0,0,0,0.00,0,0,0
21100,3654.97,0,0,0,0,0.00,0,0,0
21150,3613.59,0,0,0,0,0.00,0,0,0
21200,3654.08,0,0,0,0,0.00,0,0,0
21250,3593.67,0,0,0,0,0.00,0,0,0
21300,3628.45,0,0,0,0,0.00,0,0,0
21350,3602.31,0,0,0,0,0.00,0,0,0
21400,3716.55,0,0,0,0,0.00,0,0,0
21450,3583.37,0,0,0,0,0.00,0,0,0
21500,3629.32,0,0,0,0,0.00,0,0,0
21550,3593.67,0,0,0,0,0.00,0,0,0
21600,3624.06,0,0,0,0,0.00,0,0,0
21650,3583.37,0,0,0,0,0.00,0,0,0
21700,3597.98,0,0,0,0,0.00,0,0,0
21750,3573.13,0,0,0,0,0.00,0,0,0
21800,3609.24,0,0,0,0,0.00,0,0,0
21850,3576.54,0,0,0,0,0.00,0,0,0
21900,3618.82,0,0,0,0,0.00,0,0,0
21950,3583.37,0,0,0,0,0.00,0,0,0
22000,3629.32,0,0,0,0,0.00,0,0,0
22050,3583.37,0,0,0,0,0.00,0,0,0
22100,3619.69,0,0,0,0,0.00,0,0,0
22150,3583.37,0,0,0,0,0.00,0,0,0
22200,3608.37,0,0,0,0,0.00,0,0,0
22250,3574.83,0,0,0,0,0.00,0,0,0
22300,3617.94,0,0,0,0,0.00,0,0,0
22350,3581.66,0,0,0,0,0.00,0,0,0
22400,3629.32,0,0,0,0,0.00,0,0,0
22450,3581.66,0,0,0,0,0.00,0,0,0
22500,3632.84,0,0,0,0,0.00,0,0,0
22550,3603.17,0,0,0,0,0.00,0,0,0
22600,3639.01,0,0,0,0,0.00,0,0,0
22650,3591.95,0,0,0,0,0.00,0,0,0
22700,3640.78,0,0,0,0,0.00,0,0,0
22750,3613.59,0,0,0,0,0.00,0,0,0
22800,3643.43,0,0,0,0,0.00,0,0,0
22850,3603.17,0,0,0,0,0.00,0,0,0
22900,3644.31,0,0,0,0,0.00,0,0,0
22950,3612.72,0,0,0,0,0.00,0,0,0
23000,3646.97,0,0,0,0,0.00,0,0,0
23050,3613.59,0,0,0,0,0.00,0,0,0
23100,3654.08,0,0,0,0,0.00,0,0,0
23150,3624.06,0,0,0,0,0.00,0,0,0
23200,3654.08,0,0,0,0,0.00,0,0,0
23250,3613.59,0,0,0,0,0.00,0,0,0
23300,3644.31,0,0,0,0,0.00,0,0,0
23350,3603.17,0,0,0,0,0.00,0,0,0
23400,3579.10,0,0,0,0,0.00,0,0,0
23450,3592.81,0,0,0,0,0.00,0,0,0
23500,3634.60,0,0,0,0,0.00,0,0,0
23550,3603.17,0,0,0,0,0.00,0,0,0
23600,3641.66,0,0,0,0,0.00,0,0,0
23650,3603.17,0,0,0,0,0.00,0,0,0
23700,3633.72,0,0,0,0,0.00,0,0,0
23750,3593.67,0,0,0,0,0.00,0,0,0
23800,3632.84,0,0,0,0,0.00,0,0,0
23851,3604.04,0,0,0,0,0.00,0,0,0
23901,3651.41,0,0,0,0,0.00,0,0,0
23951,3603.17,0,0,0,0,0.00,0,0,0
24001,3652.30,0,0,0,0,0.00,0,0,0
24051,3591.95,0,0,0,0,0.00,0,0,0
24101,3634.60,0,0,0,0,0.00,0,0,0
24151,3593.67,0,0,0,0,0.00,0,0,0
24201,3624.94,0,0,0,0,0.00,0,0,0
24251,3585.09,0,0,0,0,0.00,0,0,0
24301,3639.89,0,0,0,0,0.00,0,0,0
24351,3591.95,0,0,0,0,0.00,0,0,0
24401,3635.48,0,0,0,0,0.00,0,0,0
24451,3603.17,0,0,0,0,0.00,0,0,0
24501,3640.78,0,0,0,0,0.00,0,0,0
24551,3591.95,0,0,0,0,0.00,0,0,0
24601,3624.06,0,0,0,0,0.00,0,0,0
24651,3592.81,0,0,0,0,0.00,0,0,0
24701,3635.48,0,0,0,0,0.00,0,0,0
24751,3601.44,0,0,0,0,0.00,0,0,0
24801,3632.84,0,0,0,0,0.00,0,0,0
24851,3592.81,0,0,0,0,0.00,0,0,0
24901,3624.94,0,0,0,0,0.00,0,0,0
24951,3592.81,0,0,0,0,0.00,0,0,0
25001,3641.66,0,0,0,0,0.00,0,0,0
25051,3582.52,0,0,0,0,0.00,0,0,0
25101,3629.32,0,0,0,0,0.00,0,0,0
25151,3593.67,0,0,0,0,0.00,0,0,0
25201,3618.82,0,0,0,0,0.00,0,0,0
25251,3582.52,0,0,0,0,0.00,0,0,0
25302,3608.37,0,0,0,0,0.00,0,0,0
25352,3583.37,0,0,0,0,0.00,0,0,0
25402,3639.01,0,0,0,0,0.00,0,0,0
25452,3583.37,0,0,0,0,0.00,0,0,0
25502,3608.37,0,0,0,0,0.00,0,0,0
25552,3573.13,0,0,0,0,0.00,0,0,0
25602,3619.69,0,0,0,0,0.00,0,0,0
25652,3583.37,0,0,0,0,0.00,0,0,0
25702,3618.82,0,0,0,0,0.00,0,0,0
25752,3577.39,0,0,0,0,0.00,0,0,0
25802,3608.37,0,0,0,0,0.00,0,0,0
25852,3573.13,0,0,0,0,0.00,0,0,0
25902,3618.82,0,0,0,0,0.00,0,0,0
25952,3585.09,0,0,0,0,0.00,0,0,0
26002,3618.82,0,0,0,0,0.00,0,0,0
26052,3567.18,0,0,0,0,0.00,0,0,0
26102,3597.12,0,0,0,0,0.00,0,0,0
26152,3575.69,0,0,0,0,0.00,0,0,0
26202,3618.82,0,0,0,0,0.00,0,0,0
26252,3573.13,0,0,0,0,0.00,0,0,0
26302,3618.82,0,0,0,0,0.00,0,0,0
26352,3593.67,0,0,0,0,0.00,0,0,0
26402,3631.08,0,0,0,0,0.00,0,0,0
26452,3572.28,0,0,0,0,0.00,0,0,0
26502,3598.85,0,0,0,0,0.00,0,0,0
26552,3568.88,0,0,0,0,0.00,0,0,0
26602,3609.24,0,0,0,0,0.00,0,0,0
26652,3576.54,0,0,0,0,0.00,0,0,0
26702,3618.82,0,0,0,0,0.00,0,0,0
26752,3598.85,0,0,0,0,0.00,0,0,0
26802,3573.98,0,0,0,0,0.00,0,0,0
26852,3623.19,0,0,0,0,0.00,0,0,0
26902,3632.84,0,0,0,0,0.00,0,0,0
26952,3593.67,0,0,0,0,0.00,0,0,0
27002,3624.94,0,0,0,0,0.00,0,0,0
27052,3626.69,0,0,0,0,0.00,0,0,0
27102,3582.52,0,0,0,0,0.00,0,0,0
27152,3623.19,0,0,0,0,0.00,0,0,0
27202,3591.95,0,0,0,0,0.00,0,0,0
27252,3602.31,0,0,0,0,0.00,0,0,0
27302,3582.52,0,0,0,0,0.00,0,0,0
27352,3624.06,0,0,0,0,0.00,0,0,0
27402,3581.66,0,0,0,0,0.00,0,0,0
27452,3610.98,0,0,0,0,0.00,0,0,0
27502,3581.66,0,0,0,0,0.00,0,0,0
27552,3623.19,0,0,0,0,0.00,0,0,0
27602,3581.66,0,0,0,0,0.00,0,0,0
27652,3622.31,0,0,0,0,0.00,0,0,0
27702,3591.09,0,0,0,0,0.00,0,0,0
27752,3634.60,0,0,0,0,0.00,0,0,0
27802,3603.17,0,0,0,0,0.00,0,0,0
27852,3650.52,0,0,0,0,0.00,0,0,0
27902,3581.66,0,0,0,0,0.00,0,0,0
27952,3622.31,0,0,0,0,0.00,0,0,0
28002,3581.66,0,0,0,0,0.00,0,0,0
28052,3619.69,0,0,0,0,0.00,0,0,0
28102,3581.66,0,0,0,0,0.00,0,0,0
28152,3618.82,0,0,0,0,0.00,0,0,0
28203,3583.37,0,0,0,0,0.00,0,0,0
28253,3627.57,0,0,0,0,0.00,0,0,0
28303,3593.67,0,0,0,0,0.00,0,0,0
28353,3644.31,0,0,0,0,0.00,0,0,0
28403,3591.95,0,0,0,0,0.00,0,0,0
28453,3644.31,0,0,0,0,0.00,0,0,0
28503,3613.59,0,0,0,0,0.00,0,0,0
28553,3654.97,0,0,0,0,0.00,0,0,0
28603,3603.17,0,0,0,0,0.00,0,0,0
28653,3598.85,0,0,0,0,0.00,0,0,0
28703,3581.66,0,0,0,0,0.00,0,0,0
28753,3623.19,0,0,0,0,0.00,0,0,0
28803,3582.52,0,0,0,0,0.00,0,0,0
28853,3624.06,0,0,0,0,0.00,0,0,0
28903,3592.81,0,0,0,0,0.00,0,0,0
28953,3624.06,0,0,0,0,0.00,0,0,0
29003,3583.37,0,0,0,0,0.00,0,0,0
29053,3634.60,0,0,0,0,0.00,0,0,0
29103,3593.67,0,0,0,0,0.00,0,0,0
29153,3629.32,0,0,0,0,0.00,0,0,0
29203,3593.67,0,0,0,0,0.00,0,0,0
29253,3649.63,0,0,0,0,0.00,0,0,0
29303,3591.95,0,0,0,0,0.00,0,0,0
29353,3624.06,0,0,0,0,0.00,0,0,0
29403,3593.67,0,0,0,0,0.00,0,0,0
29453,3609.24,0,0,0,0,0.00,0,0,0
29503,3575.69,0,0,0,0,0.00,0,0,0
29553,3606.64,0,0,0,0,0.00,0,0,0
29603,3581.66,0,0,0,0,0.00,0,0,0
29654,3617.94,0,0,0,0,0.00,0,0,0
29704,3591.95,0,0,0,0,0.00,0,0,0
29754,3624.06,0,0,0,0,0.00,0,0,0
29804,3572.28,0,0,0,0,0.00,0,0,0
29854,3597.12,0,0,0,0,0.00,0,0,0
29904,3566.33,0,0,0,0,0.00,0,0,0
29954,3608.37,0,0,0,0,0.00,0,0,0
30004,3576.54,0,0,0,0,0.00,0,0,0
30054,3618.82,0,0,0,0,0.00,0,0,0
30104,3592.81,0,0,0,0,0.00,0,0,0
30154,3624.06,0,0,0,0,0.00,0,0,0
30204,3592.81,0,0,0,0,0.00,0,0,0
30254,3631.08,0,0,0,0,0.00,0,0,0
30304,3591.95,0,0,0,0,0.00,0,0,0
30354,3632.84,0,0,0,0,0.00,0,0,0
30404,3556.19,0,0,0,0,0.00,0,0,0
30454,3607.50,0,0,0,0,0.00,0,0,0
30504,3548.62,0,0,0,0,0.00,0,0,0
30554,3577.39,0,0,0,0,0.00,0,0,0
30604,3556.19,0,0,0,0,0.00,0,0,0
30654,3609.24,0,0,0,0,0.00,0,0,0
30704,3568.88,0,0,0,0,0.00,0,0,0
30754,3609.24,0,0,0,0,0.00,0,0,0
30804,3568.03,0,0,0,0,0.00,0,0,0
30854,3587.66,0,0,0,0,0.00,0,0,0
30904,3568.88,0,0,0,0,0.00,0,0,0
30954,3609.24,0,0,0,0,0.00,0,0,0
31004,3576.54,0,0,0,0,0.00,0,0,0
31054,3624.06,0,0,0,0,0.00,0,0,0
31104,3573.98,0,0,0,0,0.00,0,0,0
31154,3588.52,0,0,0,0,0.00,0,0,0
31204,3572.28,0,0,0,0,0.00,0,0,0
31254,3598.85,0,0,0,0,0.00,0,0,0
31304,3566.33,0,0,0,0,0.00,0,0,0
31354,3608.37,0,0,0,0,0.00,0,0,0
31404,3583.37,0,0,0,0,0.00,0,0,0
31454,3618.82,0,0,0,0,0.00,0,0,0
31504,3576.54,0,0,0,0,0.00,0,0,0
31554,3618.82,0,0,0,0,0.00,0,0,0
31604,3583.37,0,0,0,0,0.00,0,0,0
31654,3639.89,0,0,0,0,0.00,0,0,0
31704,3583.37,0,0,0,0,0.00,0,0,0
31754,3618.82,0,0,0,0,0.00,0,0,0
31804,3583.37,0,0,0,0,0.00,0,0,0
31854,3624.06,0,0,0,0,0.00,0,0,0
31904,3573.98,0,0,0,0,0.00,0,0,0
31954,3608.37,0,0,0,0,0.00,0,0,0
32004,3563.79,0,0,0,0,0.00,0,0,0
32054,3598.85,0,0,0,0,0.00,0,0,0
32104,3549.46,0,0,0,0,0.00,0,0,0
32154,3577.39,0,0,0,0,0.00,0,0,0
32204,3538.57,0,0,0,0,0.00,0,0,0
32254,3548.62,0,0,0,0,0.00,0,0,0
32304,3572.28,0,0,0,0,0.00,0,0,0
32354,3528.58,0,0,0,0,0.00,0,0,0
32404,3578.24,0,0,0,0,0.00,0,0,0
32454,3547.78,0,0,0,0,0.00,0,0,0
32504,3579.10,0,0,0,0,0.00,0,0,0
32555,3546.94,0,0,0,0,0.00,0,0,0
32605,3597.98,0,0,0,0,0.00,0,0,0
32655,3549.46,0,0,0,0,0.00,0,0,0
32705,3609.24,0,0,0,0,0.00,0,0,0
32755,3574.83,0,0,0,0,0.00,0,0,0
32805,3619.69,0,0,0,0,0.00,0,0,0
32855,3574.83,0,0,0,0,0.00,0,0,0
32905,3627.57,0,0,0,0,0.00,0,0,0
32955,3575.69,0,0,0,0,0.00,0,0,0
33005,3608.37,0,0,0,0,0.00,0,0,0
33055,3584.23,0,0,0,0,0.00,0,0,0
33105,3619.69,0,0,0,0,0.00,0,0,0
33155,3576.54,0,0,0,0,0.00,0,0,0
33205,3618.82,0,0,0,0,0.00,0,0,0
33255,3572.28,0,0,0,0,0.00,0,0,0
33305,3609.24,0,0,0,0,0.00,0,0,0
33355,3568.88,0,0,0,0,0.00,0,0,0
33405,3619.69,0,0,0,0,0.00,0,0,0
33455,3557.87,0,0,0,0,0.00,0,0,0
33505,3608.37,0,0,0,0,0.00,0,0,0
33555,3576.54,0,0,0,0,0.00,0,0,0
33605,3618.82,0,0,0,0,0.00,0,0,0
33655,3582.52,0,0,0,0,0.00,0,0,0
33705,3624.94,0,0,0,0,0.00,0,0,0
33755,3582.52,0,0,0,0,0.00,0,0,0
33805,3617.07,0,0,0,0,0.00,0,0,0
33855,3581.66,0,0,0,0,0.00,0,0,0
33905,3617.94,0,0,0,0,0.00,0,0,0
33955,3572.28,0,0,0,0,0.00,0,0,0
34006,3588.52,0,0,0,0,0.00,0,0,0
34056,3559.56,0,0,0,0,0.00,0,0,0
34106,3597.98,0,0,0,0,0.00,0,0,0
34156,3563.79,0,0,0,0,0.00,0,0,0
34206,3609.24,0,0,0,0,0.00,0,0,0
34256,3577.39,0,0,0,0,0.00,0,0,0
34306,3598.85,0,0,0,0,0.00,0,0,0
34356,3576.54,0,0,0,0,0.00,0,0,0
34406,3607.50,0,0,0,0,0.00,0,0,0
34456,3571.43,0,0,0,0,0.00,0,0,0
34506,3608.37,0,0,0,0,0.00,0,0,0
34556,3583.37,0,0,0,0,0.00,0,0,0
34606,3618.82,0,0,0,0,0.00,0,0,0
34656,3591.95,0,0,0,0,0.00,0,0,0
34706,3657.64,0,0,0,0,0.00,0,0,0
34756,3603.17,0,0,0,0,0.00,0,0,0
34806,3644.31,0,0,0,0,0.00,0,0,0
34856,3622.31,0,0,0,0,0.00,0,0,0
34906,3654.08,0,0,0,0,0.00,0,0,0
34956,3613.59,0,0,0,0,0.00,0,0,0
35006,3654.08,0,0,0,0,0.00,0,0,0
35056,3582.52,0,0,0,0,0.00,0,0,0
35106,3607.50,0,0,0,0,0.00,0,0,0
35156,3568.88,0,0,0,0,0.00,0,0,0
35206,3608.37,0,0,0,0,0.00,0,0,0
35256,3584.23,0,0,0,0,0.00,0,0,0
35306,3618.82,0,0,0,0,0.00,0,0,0
35356,3583.37,0,0,0,0,0.00,0,0,0
35406,3546.94,0,0,0,0,0.00,0,0,0
35456,3548.62,0,0,0,0,0.00,0,0,0
35506,3532.74,0,0,0,0,0.00,0,0,0
35556,3562.95,0,0,0,0,0.00,0,0,0
35606,3529.41,0,0,0,0,0.00,0,0,0
35656,3586.80,0,0,0,0,0.00,0,0,0
35706,3557.87,0,0,0,0,0.00,0,0,0
35756,3598.85,0,0,0,0,0.00,0,0,0
35806,3572.28,0,0,0,0,0.00,0,0,0
35856,3586.80,0,0,0,0,0.00,0,0,0
35906,3566.33,0,0,0,0,0.00,0,0,0
35956,3609.24,0,0,0,0,0.00,0,0,0
36006,3583.37,0,0,0,0,0.00,0,0,0
36056,3616.20,0,0,0,0,0.00,0,0,0
36106,3573.13,0,0,0,0,0.00,0,0,0
36156,3618.82,0,0,0,0,0.00,0,0,0
36206,3576.54,0,0,0,0,0.00,0,0,0
36256,3608.37,0,0,0,0,0.00,0,0,0
36306,3563.79,0,0,0,0,0.00,0,0,0
36356,3607.50,0,0,0,0,0.00,0,0,0
36406,3581.66,0,0,0,0,0.00,0,0,0
36456,3627.57,0,0,0,0,0.00,0,0,0
36506,3591.95,0,0,0,0,0.00,0,0,0
36556,3624.06,0,0,0,0,0.00,0,0,0
36606,3592.81,0,0,0,0,0.00,0,0,0
36656,3624.94,0,0,0,0,0.00,0,0,0
36706,3592.81,0,0,0,0,0.00,0,0,0
36756,3624.94,0,0,0,0,0.00,0,0,0
36806,3591.95,0,0,0,0,0.00,0,0,0
36856,3607.50,0,0,0,0,0.00,0,0,0
36907,3581.66,0,0,0,0,0.00,0,0,0
36957,3614.46,0,0,0,0,0.00,0,0,0
37007,3593.67,0,0,0,0,0.00,0,0,0
37057,3632.84,0,0,0,0,0.00,0,0,0
37107,3582.52,0,0,0,0,0.00,0,0,0
37157,3618.82,0,0,0,0,0.00,0,0,0
37207,3573.13,0,0,0,0,0.00,0,0,0
37257,3597.98,0,0,0,0,0.00,0,0,0
37307,3585.09,0,0,0,0,0.00,0,0,0
37357,3597.98,0,0,0,0,0.00,0,0,0
37407,3572.28,0,0,0,0,0.00,0,0,0
37457,3618.82,0,0,0,0,0.00,0,0,0
37507,3581.66,0,0,0,0,0.00,0,0,0
37557,3618.82,0,0,0,0,0.00,0,0,0
37607,3581.66,0,0,0,0,0.00,0,0,0
37657,3623.19,0,0,0,0,0.00,0,0,0
37707,3582.52,0,0,0,0,0.00,0,0,0
37757,3608.37,0,0,0,0,0.00,0,0,0
37807,3575.69,0,0,0,0,0.00,0,0,0
37857,3617.94,0,0,0,0,0.00,0,0,0
37907,3583.37,0,0,0,0,0.00,0,0,0
37957,3618.82,0,0,0,0,0.00,0,0,0
38007,3576.54,0,0,0,0,0.00,0,0,0
38057,3619.69,0,0,0,0,0.00,0,0,0
38107,3582.52,0,0,0,0,0.00,0,0,0
38157,3618.82,0,0,0,0,0.00,0,0,0
38207,3582.52,0,0,0,0,0.00,0,0,0
38257,3609.24,0,0,0,0,0.00,0,0,0
38307,3582.52,0,0,0,0,0.00,0,0,0
38358,3624.94,0,0,0,0,0.00,0,0,0
38408,3581.66,0,0,0,0,0.00,0,0,0
38458,3598.85,0,0,0,0,0.00,0,0,0
38508,3549.46,0,0,0,0,0.00,0,0,0
38558,3597.12,0,0,0,0,0.00,0,0,0
38608,3566.33,0,0,0,0,0.00,0,0,0
38658,3609.24,0,0,0,0,0.00,0,0,0
38708,3573.13,0,0,0,0,0.00,0,0,0
38758,3597.12,0,0,0,0,0.00,0,0,0
38808,3575.69,0,0,0,0,0.00,0,0,0
38858,3606.64,0,0,0,0,0.00,0,0,0
38908,3568.88,0,0,0,0,0.00,0,0,0
38958,3598.85,0,0,0,0,0.00,0,0,0
39008,3565.49,0,0,0,0,0.00,0,0,0
39058,3607.50,0,0,0,0,0.00,0,0,0
39108,3609.24,0,0,0,0,0.00,0,0,0
39158,3572.28,0,0,0,0,0.00,0,0,0
39208,3611.85,0,0,0,0,0.00,0,0,0
39258,3572.28,0,0,0,0,0.00,0,0,0
39308,3607.50,0,0,0,0,0.00,0,0,0
39358,3573.13,0,0,0,0,0.00,0,0,0
39408,3609.24,0,0,0,0,0.00,0,0,0
39458,3562.95,0,0,0,0,0.00,0,0,0
39508,3609.24,0,0,0,0,0.00,0,0,0
39558,3567.18,0,0,0,0,0.00,0,0,0
39608,3617.07,0,0,0,0,0.00,0,0,0
39658,3583.37,0,0,0,0,0.00,0,0,0
39708,3628.45,0,0,0,0,0.00,0,0,0
39758,3581.66,0,0,0,0,0.00,0,0,0
39808,3617.07,0,0,0,0,0.00,0,0,0
39858,3581.66,0,0,0,0,0.00,0,0,0
39908,3617.94,0,0,0,0,0.00,0,0,0
39958,3605.77,0,0,0,0,0.00,0,0,0
40008,3617.07,0,0,0,0,0.00,0,0,0
40058,3581.66,0,0,0,0,0.00,0,0,0
40108,3629.32,0,0,0,0,0.00,0,0,0
40158,3572.28,0,0,0,0,0.00,0,0,0
40208,3607.50,0,0,0,0,0.00,0,0,0
40258,3582.52,0,0,0,0,0.00,0,0,0
40308,3617.07,0,0,0,0,0.00,0,0,0
40358,3645.20,0,0,0,0,0.00,0,0,0
40408,3588.52,0,0,0,0,0.00,0,0,0
40458,3547.78,0,0,0,0,0.00,0,0,0
40508,3588.52,0,0,0,0,0.00,0,0,0
40558,3560.41,0,0,0,0,0.00,0,0,0
40608,3598.85,0,0,0,0,0.00,0,0,0
40658,3537.74,0,0,0,0,0.00,0,0,0
40708,3578.24,0,0,0,0,0.00,0,0,0
40758,3542.75,0,0,0,0,0.00,0,0,0
40808,3588.52,0,0,0,0,0.00,0,0,0
40858,3564.64,0,0,0,0,0.00,0,0,0
40908,3617.07,0,0,0,0,0.00,0,0,0
40958,3581.66,0,0,0,0,0.00,0,0,0
41008,3614.46,0,0,0,0,0.00,0,0,0
41058,3572.28,0,0,0,0,0.00,0,0,0
41108,3608.37,0,0,0,0,0.00,0,0,0
41158,3598.85,0,0,0,0,0.00,0,0,0
41208,3608.37,0,0,0,0,0.00,0,0,0
41259,3573.13,0,0,0,0,0.00,0,0,0
41309,3608.37,0,0,0,0,0.00,0,0,0
41359,3573.13,0,0,0,0,0.00,0,0,0
41409,3597.12,0,0,0,0,0.00,0,0,0
41459,3567.18,0,0,0,0,0.00,0,0,0
41509,3598.85,0,0,0,0,0.00,0,0,0
41559,3575.69,0,0,0,0,0.00,0,0,0
41609,3597.98,0,0,0,0,0.00,0,0,0
41659,3574.83,0,0,0,0,0.00,0,0,0
41709,3618.82,0,0,0,0,0.00,0,0,0
41759,3581.66,0,0,0,0,0.00,0,0,0
41809,3629.32,0,0,0,0,0.00,0,0,0
41859,3618.82,0,0,0,0,0.00,0,0,0
41909,3572.28,0,0,0,0,0.00,0,0,0
41959,3548.62,0,0,0,0,0.00,0,0,0
42009,3572.28,0,0,0,0,0.00,0,0,0
42059,3612.72,0,0,0,0,0.00,0,0,0
42109,3592.81,0,0,0,0,0.00,0,0,0
42159,3613.59,0,0,0,0,0.00,0,0,0
42209,3572.28,0,0,0,0,0.00,0,0,0
42259,3611.85,0,0,0,0,0.00,0,0,0
42309,3562.95,0,0,0,0,0.00,0,0,0
42359,3608.37,0,0,0,0,0.00,0,0,0
42409,3573.13,0,0,0,0,0.00,0,0,0
42459,3608.37,0,0,0,0,0.00,0,0,0
42509,3575.69,0,0,0,0,0.00,0,0,0
42559,3629.32,0,0,0,0,0.00,0,0,0
42609,3576.54,0,0,0,0,0.00,0,0,0
42659,3619.69,0,0,0,0,0.00,0,0,0
42710,3583.37,0,0,0,0,0.00,0,0,0
42760,3618.82,0,0,0,0,0.00,0,0,0
42810,3593.67,0,0,0,0,0.00,0,0,0
42860,3619.69,0,0,0,0,0.00,0,0,0
42910,3583.37,0,0,0,0,0.00,0,0,0
42960,3629.32,0,0,0,0,0.00,0,0,0
43010,3582.52,0,0,0,0,0.00,0,0,0
43060,3629.32,0,0,0,0,0.00,0,0,0
43110,3593.67,0,0,0,0,0.00,0,0,0
43160,3642.54,0,0,0,0,0.00,0,0,0
43210,3603.17,0,0,0,0,0.00,0,0,0
43260,3654.08,0,0,0,0,0.00,0,0,0
43310,3613.59,0,0,0,0,0.00,0,0,0
43360,3643.43,0,0,0,0,0.00,0,0,0
43410,3591.95,0,0,0,0,0.00,0,0,0
43460,3643.43,0,0,0,0,0.00,0,0,0
43510,3613.59,0,0,0,0,0.00,0,0,0
43560,3644.31,0,0,0,0,0.00,0,0,0
43610,3572.28,0,0,0,0,0.00,0,0,0
43660,3628.45,0,0,0,0,0.00,0,0,0
43710,3593.67,0,0,0,0,0.00,0,0,0
43760,3618.82,0,0,0,0,0.00,0,0,0
43810,3593.67,0,0,0,0,0.00,0,0,0
43860,3641.66,0,0,0,0,0.00,0,0,0
43910,3591.95,0,0,0,0,0.00,0,0,0
43960,3632.84,0,0,0,0,0.00,0,0,0
44010,3592.81,0,0,0,0,0.00,0,0,0
44060,3608.37,0,0,0,0,0.00,0,0,0
44110,3584.23,0,0,0,0,0.00,0,0,0
44160,3618.82,0,0,0,0,0.00,0,0,0
44210,3582.52,0,0,0,0,0.00,0,0,0
44260,3628.45,0,0,0,0,0.00,0,0,0
44310,3592.81,0,0,0,0,0.00,0,0,0
44360,3641.66,0,0,0,0,0.00,0,0,0
44410,3583.37,0,0,0,0,0.00,0,0,0
44460,3629.32,0,0,0,0,0.00,0,0,0
44510,3602.31,0,0,0,0,0.00,0,0,0
44560,3632.84,0,0,0,0,0.00,0,0,0
44610,3592.81,0,0,0,0,0.00,0,0,0
44660,3632.84,0,0,0,0,0.00,0,0,0
44710,3603.17,0,0,0,0,0.00,0,0,0
44760,3633.72,0,0,0,0,0.00,0,0,0
44810,3603.17,0,0,0,0,0.00,0,0,0
44860,3644.31,0,0,0,0,0.00,0,0,0
44910,3602.31,0,0,0,0,0.00,0,0,0
44960,3643.43,0,0,0,0,0.00,0,0,0
45010,3613.59,0,0,0,0,0.00,0,0,0
45060,3654.97,0,0,0,0,0.00,0,0,0
45110,3592.81,0,0,0,0,0.00,0,0,0
45160,3649.63,0,0,0,0,0.00,0,0,0
45210,3572.28,0,0,0,0,0.00,0,0,0
45260,3617.94,0,0,0,0,0.00,0,0,0
45310,3583.37,0,0,0,0,0.00,0,0,0
45360,3618.82,0,0,0,0,0.00,0,0,0
45410,3573.13,0,0,0,0,0.00,0,0,0
45460,3624.06,0,0,0,0,0.00,0,0,0
45510,3603.17,0,0,0,0,0.00,0,0,0
45560,3633.72,0,0,0,0,0.00,0,0,0
45611,3591.95,0,0,0,0,0.00,0,0,0
45661,3618.82,0,0,0,0,0.00,0,0,0
45711,3583.37,0,0,0,0,0.00,0,0,0
45761,3606.64,0,0,0,0,0.00,0,0,0
45811,3571.43,0,0,0,0,0.00,0,0,0
45861,3618.82,0,0,0,0,0.00,0,0,0
45911,3571.43,0,0,0,0,0.00,0,0,0
45961,3608.37,0,0,0,0,0.00,0,0,0
46011,3582.52,0,0,0,0,0.00,0,0,0
46061,3618.82,0,0,0,0,0.00,0,0,0
46111,3577.39,0,0,0,0,0.00,0,0,0
46161,3618.82,0,0,0,0,0.00,0,0,0
46211,3577.39,0,0,0,0,0.00,0,0,0
46261,3618.82,0,0,0,0,0.00,0,0,0
46311,3583.37,0,0,0,0,0.00,0,0,0
46361,3618.82,0,0,0,0,0.00,0,0,0
46411,3592.81,0,0,0,0,0.00,0,0,0
46461,3618.82,0,0,0,0,0.00,0,0,0
46511,3565.49,0,0,0,0,0.00,0,0,0
46561,3598.85,0,0,0,0,0.00,0,0,0
46611,3557.03,0,0,0,0,0.00,0,0,0
46661,3598.85,0,0,0,0,0.00,0,0,0
46711,3576.54,0,0,0,0,0.00,0,0,0
46761,3597.12,0,0,0,0,0.00,0,0,0
46811,3567.18,0,0,0,0,0.00,0,0,0
46861,3609.24,0,0,0,0,0.00,0,0,0
46911,3573.13,0,0,0,0,0.00,0,0,0
46961,3632.84,0,0,0,0,0.00,0,0,0
47011,3582.52,0,0,0,0,0.00,0,0,0
47062,3618.82,0,0,0,0,0.00,0,0,0
47112,3573.13,0,0,0,0,0.00,0,0,0
47162,3618.82,0,0,0,0,0.00,0,0,0
47212,3588.52,0,0,0,0,0.00,0,0,0
47262,3639.01,0,0,0,0,0.00,0,0,0
47312,3573.13,0,0,0,0,0.00,0,0,0
47362,3618.82,0,0,0,0,0.00,0,0,0
47412,3583.37,0,0,0,0,0.00,0,0,0
47462,3629.32,0,0,0,0,0.00,0,0,0
47512,3591.95,0,0,0,0,0.00,0,0,0
47562,3641.66,0,0,0,0,0.00,0,0,0
47612,3681.88,0,0,0,0,0.00,0,0,0
47662,3643.43,0,0,0,0,0.00,0,0,0
47712,3582.52,0,0,0,0,0.00,0,0,0
47762,3641.66,0,0,0,0,0.00,0,0,0
47812,3603.17,0,0,0,0,0.00,0,0,0
47862,3632.84,0,0,0,0,0.00,0,0,0
47912,3591.95,0,0,0,0,0.00,0,0,0
47962,3643.43,0,0,0,0,0.00,0,0,0
48012,3603.17,0,0,0,0,0.00,0,0,0
48062,3634.60,0,0,0,0,0.00,0,0,0
48112,3593.67,0,0,0,0,0.00,0,0,0
48162,3624.06,0,0,0,0,0.00,0,0,0
48212,3592.81,0,0,0,0,0.00,0,0,0
48262,3624.94,0,0,0,0,0.00,0,0,0
48312,3591.95,0,0,0,0,0.00,0,0,0
48362,3617.94,0,0,0,0,0.00,0,0,0
48412,3579.95,0,0,0,0,0.00,0,0,0
48462,3598.85,0,0,0,0,0.00,0,0,0
48512,3565.49,0,0,0,0,0.00,0,0,0
48562,3609.24,0,0,0,0,0.00,0,0,0
48612,3576.54,0,0,0,0,0.00,0,0,0
48662,3607.50,0,0,0,0,0.00,0,0,0
48712,3581.66,0,0,0,0,0.00,0,0,0
48762,3629.32,0,0,0,0,0.00,0,0,0
48812,3591.95,0,0,0,0,0.00,0,0,0
48862,3641.66,0,0,0,0,0.00,0,0,0
48912,3603.17,0,0,0,0,0.00,0,0,0
48962,3644.31,0,0,0,0,0.00,0,0,0
49012,3583.37,0,0,0,0,0.00,0,0,0
49062,3629.32,0,0,0,0,0.00,0,0,0
49112,3582.52,0,0,0,0,0.00,0,0,0
49162,3629.32,0,0,0,0,0.00,0,0,0
49212,3571.43,0,0,0,0,0.00,0,0,0
49262,3629.32,0,0,0,0,0.00,0,0,0
49312,3583.37,0,0,0,0,0.00,0,0,0
49362,3619.69,0,0,0,0,0.00,0,0,0
49412,3584.23,0,0,0,0,0.00,0,0,0
49462,3629.32,0,0,0,0,0.00,0,0,0
49512,3583.37,0,0,0,0,0.00,0,0,0
49562,3618.82,0,0,0,0,0.00,0,0,0
49612,3591.95,0,0,0,0,0.00,0,0,0
49662,3624.06,0,0,0,0,0.00,0,0,0
49712,3601.44,0,0,0,0,0.00,0,0,0
49762,3632.84,0,0,0,0,0.00,0,0,0
49812,3583.37,0,0,0,0,0.00,0,0,0
49862,3632.84,0,0,0,0,0.00,0,0,0
49912,3593.67,0,0,0,0,0.00,0,0,0
49963,3632.84,0,0,0,0,0.00,0,0,0
50013,3534.40,0,0,0,0,0.00,0,0,0
50063,3637.25,0,0,0,0,0.00,0,0,0
50113,3603.17,0,0,0,0,0.00,0,0,0
50163,3632.84,0,0,0,0,0.00,0,0,0
50213,3603.17,0,0,0,0,0.00,0,0,0
50263,3644.31,0,0,0,0,0.00,0,0,0
50313,3613.59,0,0,0,0,0.00,0,0,0
50363,3640.78,0,0,0,0,0.00,0,0,0
50413,3583.37,0,0,0,0,0.00,0,0,0
50463,3624.94,0,0,0,0,0.00,0,0,0
50513,3591.95,0,0,0,0,0.00,0,0,0
50563,3632.84,0,0,0,0,0.00,0,0,0
50613,3583.37,0,0,0,0,0.00,0,0,0
50663,3632.84,0,0,0,0,0.00,0,0,0
50713,3583.37,0,0,0,0,0.00,0,0,0
50763,3618.82,0,0,0,0,0.00,0,0,0
50813,3573.13,0,0,0,0,0.00,0,0,0
50863,3629.32,0,0,0,0,0.00,0,0,0
50913,3593.67,0,0,0,0,0.00,0,0,0
50963,3628.45,0,0,0,0,0.00,0,0,0
51013,3573.98,0,0,0,0,0.00,0,0,0
51063,3618.82,0,0,0,0,0.00,0,0,0
51113,3557.87,0,0,0,0,0.00,0,0,0
51163,3607.50,0,0,0,0,0.00,0,0,0
51213,3575.69,0,0,0,0,0.00,0,0,0
51263,3618.82,0,0,0,0,0.00,0,0,0
51313,3583.37,0,0,0,0,0.00,0,0,0
51363,3609.24,0,0,0,0,0.00,0,0,0
51414,3583.37,0,0,0,0,0.00,0,0,0
51464,3616.20,0,0,0,0,0.00,0,0,0
51514,3591.95,0,0,0,0,0.00,0,0,0
51564,3628.45,0,0,0,0,0.00,0,0,0
51614,3602.31,0,0,0,0,0.00,0,0,0
51664,3635.48,0,0,0,0,0.00,0,0,0
51714,3603.17,0,0,0,0,0.00,0,0,0
51764,3633.72,0,0,0,0,0.00,0,0,0
51814,3603.17,0,0,0,0,0.00,0,0,0
51864,3643.43,0,0,0,0,0.00,0,0,0
51914,3602.31,0,0,0,0,0.00,0,0,0
51964,3644.31,0,0,0,0,0.00,0,0,0
52014,3604.04,0,0,0,0,0.00,0,0,0
52064,3624.94,0,0,0,0,0.00,0,0,0
52114,3581.66,0,0,0,0,0.00,0,0,0
52164,3609.24,0,0,0,0,0.00,0,0,0
52214,3582.52,0,0,0,0,0.00,0,0,0
52264,3618.82,0,0,0,0,0.00,0,0,0
52314,3582.52,0,0,0,0,0.00,0,0,0
52364,3615.33,0,0,0,0,0.00,0,0,0
52414,3593.67,0,0,0,0,0.00,0,0,0
52464,3632.84,0,0,0,0,0.00,0,0,0
52514,3591.95,0,0,0,0,0.00,0,0,0
52564,3624.94,0,0,0,0,0.00,0,0,0
52614,3583.37,0,0,0,0,0.00,0,0,0
52664,3609.24,0,0,0,0,0.00,0,0,0
52714,3573.13,0,0,0,0,0.00,0,0,0
52764,3629.32,0,0,0,0,0.00,0,0,0
52814,3583.37,0,0,0,0,0.00,0,0,0
52864,3626.69,0,0,0,0,0.00,0,0,0
52914,3592.81,0,0,0,0,0.00,0,0,0
52964,3644.31,0,0,0,0,0.00,0,0,0
53014,3613.59,0,0,0,0,0.00,0,0,0
53064,3644.31,0,0,0,0,0.00,0,0,0
53114,3603.17,0,0,0,0,0.00,0,0,0
53164,3641.66,0,0,0,0,0.00,0,0,0
53214,3603.17,0,0,0,0,0.00,0,0,0
53264,3622.31,0,0,0,0,0.00,0,0,0
53314,3591.95,0,0,0,0,0.00,0,0,0
53364,3616.20,0,0,0,0,0.00,0,0,0
53414,3583.37,0,0,0,0,0.00,0,0,0
53464,3618.82,0,0,0,0,0.00,0,0,0
53514,3583.37,0,0,0,0,0.00,0,0,0
53564,3641.66,0,0,0,0,0.00,0,0,0
53614,3592.81,0,0,0,0,0.00,0,0,0
53664,3633.72,0,0,0,0,0.00,0,0,0
53714,3592.81,0,0,0,0,0.00,0,0,0
53764,3643.43,0,0,0,0,0.00,0,0,0
53814,3611.85,0,0,0,0,0.00,0,0,0
53864,3664.79,0,0,0,0,0.00,0,0,0
53914,3623.19,0,0,0,0,0.00,0,0,0
53964,3644.31,0,0,0,0,0.00,0,0,0
54014,3613.59,0,0,0,0,0.00,0,0,0
54064,3654.08,0,0,0,0,0.00,0,0,0
54114,3624.06,0,0,0,0,0.00,0,0,0
54164,3665.69,0,0,0,0,0.00,0,0,0
54214,3623.19,0,0,0,0,0.00,0,0,0
54264,3664.79,0,0,0,0,0.00,0,0,0
54315,3624.06,0,0,0,0,0.00,0,0,0
54365,3664.79,0,0,0,0,0.00,0,0,0
54415,3624.06,0,0,0,0,0.00,0,0,0
54465,3663.90,0,0,0,0,0.00,0,0,0
54515,3612.72,0,0,0,0,0.00,0,0,0
54565,3644.31,0,0,0,0,0.00,0,0,0
54615,3613.59,0,0,0,0,0.00,0,0,0
54665,3644.31,0,0,0,0,0.00,0,0,0
54715,3613.59,0,0,0,0,0.00,0,0,0
54765,3633.72,0,0,0,0,0.00,0,0,0
54815,3591.95,0,0,0,0,0.00,0,0,0
54865,3638.13,0,0,0,0,0.00,0,0,0
54915,3582.52,0,0,0,0,0.00,0,0,0
54965,3618.82,0,0,0,0,0.00,0,0,0
55015,3583.37,0,0,0,0,0.00,0,0,0
55065,3598.85,0,0,0,0,0.00,0,0,0
55115,3546.94,0,0,0,0,0.00,0,0,0
55165,3598.85,0,0,0,0,0.00,0,0,0
55215,3565.49,0,0,0,0,0.00,0,0,0
55265,3596.26,0,0,0,0,0.00,0,0,0
55315,3567.18,0,0,0,0,0.00,0,0,0
55365,3618.82,0,0,0,0,0.00,0,0,0
55415,3583.37,0,0,0,0,0.00,0,0,0
55465,3618.82,0,0,0,0,0.00,0,0,0
55515,3583.37,0,0,0,0,0.00,0,0,0
55565,3628.45,0,0,0,0,0.00,0,0,0
55615,3591.95,0,0,0,0,0.00,0,0,0
55665,3641.66,0,0,0,0,0.00,0,0,0
55715,3603.17,0,0,0,0,0.00,0,0,0
55766,3644.31,0,0,0,0,0.00,0,0,0
55816,3613.59,0,0,0,0,0.00,0,0,0
55866,3660.32,0,0,0,0,0.00,0,0,0
55916,3623.19,0,0,0,0,0.00,0,0,0
55966,3654.08,0,0,0,0,0.00,0,0,0
56016,3624.06,0,0,0,0,0.00,0,0,0
56066,3610.11,0,0,0,0,0.00,0,0,0
56116,3591.95,0,0,0,0,0.00,0,0,0
56166,3634.60,0,0,0,0,0.00,0,0,0
56216,3603.17,0,0,0,0,0.00,0,0,0
56266,3643.43,0,0,0,0,0.00,0,0,0
56316,3603.17,0,0,0,0,0.00,0,0,0
56366,3643.43,0,0,0,0,0.00,0,0,0
56416,3593.67,0,0,0,0,0.00,0,0,0
56466,3632.84,0,0,0,0,0.00,0,0,0
56516,3573.13,0,0,0,0,0.00,0,0,0
56566,3618.82,0,0,0,0,0.00,0,0,0
56616,3583.37,0,0,0,0,0.00,0,0,0
56666,3598.85,0,0,0,0,0.00,0,0,0
56716,3568.88,0,0,0,0,0.00,0,0,0
56766,3607.50,0,0,0,0,0.00,0,0,0
56816,3581.66,0,0,0,0,0.00,0,0,0
56866,3629.32,0,0,0,0,0.00,0,0,0
56916,3583.37,0,0,0,0,0.00,0,0,0
56966,3624.06,0,0,0,0,0.00,0,0,0
57016,3592.81,0,0,0,0,0.00,0,0,0
57066,3635.48,0,0,0,0,0.00,0,0,0
57116,3581.66,0,0,0,0,0.00,0,0,0
57166,3631.96,0,0,0,0,0.00,0,0,0
57216,3593.67,0,0,0,0,0.00,0,0,0
57266,3615.33,0,0,0,0,0.00,0,0,0
57316,3573.13,0,0,0,0,0.00,0,0,0
57366,3632.84,0,0,0,0,0.00,0,0,0
57416,3593.67,0,0,0,0,0.00,0,0,0
57466,3632.84,0,0,0,0,0.00,0,0,0
57516,3591.95,0,0,0,0,0.00,0,0,0
57566,3632.84,0,0,0,0,0.00,0,0,0
57616,3573.13,0,0,0,0,0.00,0,0,0
57666,3624.06,0,0,0,0,0.00,0,0,0
57716,3592.81,0,0,0,0,0.00,0,0,0
57766,3632.84,0,0,0,0,0.00,0,0,0
57816,3604.04,0,0,0,0,0.00,0,0,0
57866,3633.72,0,0,0,0,0.00,0,0,0
57916,3582.52,0,0,0,0,0.00,0,0,0
57966,3628.45,0,0,0,0,0.00,0,0,0
58016,3593.67,0,0,0,0,0.00,0,0,0
58066,3635.48,0,0,0,0,0.00,0,0,0
58116,3603.17,0,0,0,0,0.00,0,0,0
58166,3644.31,0,0,0,0,0.00,0,0,0
58216,3603.17,0,0,0,0,0.00,0,0,0
58266,3633.72,0,0,0,0,0.00,0,0,0
58316,3613.59,0,0,0,0,0.00,0,0,0
58366,3644.31,0,0,0,0,0.00,0,0,0
58416,3602.31,0,0,0,0,0.00,0,0,0
58466,3654.97,0,0,0,0,0.00,0,0,0
58516,3611.85,0,0,0,0,0.00,0,0,0
58566,3633.72,0,0,0,0,0.00,0,0,0
58616,3603.17,0,0,0,0,0.00,0,0,0
58667,3626.69,0,0,0,0,0.00,0,0,0
58717,3591.95,0,0,0,0,0.00,0,0,0
58767,3632.84,0,0,0,0,0.00,0,0,0
58817,3603.17,0,0,0,0,0.00,0,0,0
58867,3643.43,0,0,0,0,0.00,0,0,0
58917,3591.95,0,0,0,0,0.00,0,0,0
58967,3632.84,0,0,0,0,0.00,0,0,0
59017,3603.17,0,0,0,0,0.00,0,0,0
59067,3632.84,0,0,0,0,0.00,0,0,0
59117,3582.52,0,0,0,0,0.00,0,0,0
59167,3641.66,0,0,0,0,0.00,0,0,0
59217,3591.95,0,0,0,0,0.00,0,0,0
59267,3635.48,0,0,0,0,0.00,0,0,0
59317,3593.67,0,0,0,0,0.00,0,0,0
59367,3641.66,0,0,0,0,0.00,0,0,0
59417,3591.95,0,0,0,0,0.00,0,0,0
59467,3635.48,0,0,0,0,0.00,0,0,0
59517,3603.17,0,0,0,0,0.00,0,0,0
59567,3644.31,0,0,0,0,0.00,0,0,0
59617,3602.31,0,0,0,0,0.00,0,0,0
59667,3644.31,0,0,0,0,0.00,0,0,0
59717,3613.59,0,0,0,0,0.00,0,0,0
59767,3589.38,0,0,0,0,0.00,0,0,0
59817,3560.41,0,0,0,0,0.00,0,0,0
59867,3609.24,0,0,0,0,0.00,0,0,0
59917,3583.37,0,0,0,0,0.00,0,0,0
59967,3632.84,0,0,0,0,0.00,0,0,0
60017,3593.67,0,0,0,0,0.00,0,0,0
60067,3629.32,0,0,0,0,0.00,0,0,0
60118,3611.85,0,0,0,0,0.00,0,0,0
60168,3624.94,0,0,0,0,0.00,0,0,0
60218,3583.37,0,0,0,0,0.00,0,0,0
60268,3649.63,0,0,0,0,0.00,0,0,0
60318,3593.67,0,0,0,0,0.00,0,0,0
60368,3624.94,0,0,0,0,0.00,0,0,0
60418,3591.95,0,0,0,0,0.00,0,0,0
60468,3617.94,0,0,0,0,0.00,0,0,0
60518,3591.09,0,0,0,0,0.00,0,0,0
60568,3629.32,0,0,0,0,0.00,0,0,0
60618,3592.81,0,0,0,0,0.00,0,0,0
60668,3629.32,0,0,0,0,0.00,0,0,0
60718,3593.67,0,0,0,0,0.00,0,0,0
60768,3634.60,0,0,0,0,0.00,0,0,0
60818,3602.31,0,0,0,0,0.00,0,0,0
60868,3635.48,0,0,0,0,0.00,0,0,0
60918,3602.31,0,0,0,0,0.00,0,0,0
60968,3654.08,0,0,0,0,0.00,0,0,0
61018,3613.59,0,0,0,0,0.00,0,0,0
61068,3633.72,0,0,0,0,0.00,0,0,0
61118,3604.04,0,0,0,0,0.00,0,0,0
61168,3644.31,0,0,0,0,0.00,0,0,0
61218,3602.31,0,0,0,0,0.00,0,0,0
61268,3636.36,0,0,0,0,0.00,0,0,0
61318,3601.44,0,0,0,0,0.00,0,0,0
61368,3641.66,0,0,0,0,0.00,0,0,0
61418,3593.67,0,0,0,0,0.00,0,0,0
61468,3635.48,0,0,0,0,0.00,0,0,0
61518,3603.17,0,0,0,0,0.00,0,0,0
61568,3632.84,0,0,0,0,0.00,0,0,0
61618,3603.17,0,0,0,0,0.00,0,0,0
61668,3643.43,0,0,0,0,0.00,0,0,0
61718,3601.44,0,0,0,0,0.00,0,0,0
61768,3644.31,0,0,0,0,0.00,0,0,0
61818,3603.17,0,0,0,0,0.00,0,0,0
61868,3654.97,0,0,0,0,0.00,0,0,0
61918,3613.59,0,0,0,0,0.00,0,0,0
61968,3654.97,0,0,0,0,0.00,0,0,0
62018,3611.85,0,0,0,0,0.00,0,0,0
62068,3624.06,0,0,0,0,0.00,0,0,0
62118,3767.90,0,0,0,0,0.00,0,0,0
62168,3633.72,0,0,0,0,0.00,0,0,0
62218,3654.08,0,0,0,0,0.00,0,0,0
62268,3603.17,0,0,0,0,0.00,0,0,0
62318,3653.19,0,0,0,0,0.00,0,0,0
62368,3611.85,0,0,0,0,0.00,0,0,0
62418,3641.66,0,0,0,0,0.00,0,0,0
62468,3583.37,0,0,0,0,0.00,0,0,0
62518,3609.24,0,0,0,0,0.00,0,0,0
62568,3583.37,0,0,0,0,0.00,0,0,0
62618,3618.82,0,0,0,0,0.00,0,0,0
62668,3585.09,0,0,0,0,0.00,0,0,0
62718,3608.37,0,0,0,0,0.00,0,0,0
62768,3583.37,0,0,0,0,0.00,0,0,0
62818,3624.06,0,0,0,0,0.00,0,0,0
62868,3593.67,0,0,0,0,0.00,0,0,0
62918,3624.94,0,0,0,0,0.00,0,0,0
62968,3592.81,0,0,0,0,0.00,0,0,0
63019,3608.37,0,0,0,0,0.00,0,0,0
63069,3568.03,0,0,0,0,0.00,0,0,0
63119,3609.24,0,0,0,0,0.00,0,0,0
63169,3585.09,0,0,0,0,0.00,0,0,0
63219,3618.82,0,0,0,0,0.00,0,0,0
63269,3592.81,0,0,0,0,0.00,0,0,0
63319,3592.81,0,0,0,0,0.00,0,0,0
63369,3613.59,0,0,0,0,0.00,0,0,0
63419,3573.13,0,0,0,0,0.00,0,0,0
63469,3613.59,0,0,0,0,0.00,0,0,0
63519,3593.67,0,0,0,0,0.00,0,0,0
63569,3633.72,0,0,0,0,0.00,0,0,0
63619,3604.04,0,0,0,0,0.00,0,0,0
63669,3644.31,0,0,0,0,0.00,0,0,0
63719,3613.59,0,0,0,0,0.00,0,0,0
63769,3643.43,0,0,0,0,0.00,0,0,0
63819,3643.43,0,0,0,0,0.00,0,0,0
63869,3613.59,0,0,0,0,0.00,0,0,0
63919,3611.85,0,0,0,0,0.00,0,0,0
63969,3613.59,0,0,0,0,0.00,0,0,0
64019,3652.30,0,0,0,0,0.00,0,0,0
64069,3612.72,0,0,0,0,0.00,0,0,0
64119,3642.54,0,0,0,0,0.00,0,0,0
64169,3622.31,0,0,0,0,0.00,0,0,0
64219,3664.79,0,0,0,0,0.00,0,0,0
64269,3573.13,0,0,0,0,0.00,0,0,0
64319,3629.32,0,0,0,0,0.00,0,0,0
64369,3593.67,0,0,0,0,0.00,0,0,0
64419,3639.89,0,0,0,0,0.00,0,0,0
64470,3603.17,0,0,0,0,0.00,0,0,0
64520,3632.84,0,0,0,0,0.00,0,0,0
64570,3573.13,0,0,0,0,0.00,0,0,0
64620,3586.80,0,0,0,0,0.00,0,0,0
64670,3563.79,0,0,0,0,0.00,0,0,0
64720,3609.24,0,0,0,0,0.00,0,0,0
64770,3573.13,0,0,0,0,0.00,0,0,0
64820,3619.69,0,0,0,0,0.00,0,0,0
64870,3573.13,0,0,0,0,0.00,0,0,0
64920,3629.32,0,0,0,0,0.00,0,0,0
64970,3593.67,0,0,0,0,0.00,0,0,0
65020,3629.32,0,0,0,0,0.00,0,0,0
65070,3640.78,0,0,0,0,0.00,0,0,0
65120,3593.67,0,0,0,0,0.00,0,0,0
65170,3613.59,0,0,0,0,0.00,0,0,0
65220,3643.43,0,0,0,0,0.00,0,0,0
65270,3623.19,0,0,0,0,0.00,0,0,0
65320,3654.08,0,0,0,0,0.00,0,0,0
65370,3591.95,0,0,0,0,0.00,0,0,0
65420,3617.94,0,0,0,0,0.00,0,0,0
65470,3592.81,0,0,0,0,0.00,0,0,0
65520,3650.52,0,0,0,0,0.00,0,0,0
65570,3613.59,0,0,0,0,0.00,0,0,0
65620,3652.30,0,0,0,0,0.00,0,0,0
65670,3624.06,0,0,0,0,0.00,0,0,0
65720,3654.08,0,0,0,0,0.00,0,0,0
65770,3613.59,0,0,0,0,0.00,0,0,0
65820,3643.43,0,0,0,0,0.00,0,0,0
65870,3603.17,0,0,0,0,0.00,0,0,0
65920,3664.79,0,0,0,0,0.00,0,0,0
65970,3624.06,0,0,0,0,0.00,0,0,0
66020,3644.31,0,0,0,0,0.00,0,0,0
66070,3602.31,0,0,0,0,0.00,0,0,0
66120,3654.08,0,0,0,0,0.00,0,0,0
66170,3611.85,0,0,0,0,0.00,0,0,0
66220,3643.43,0,0,0,0,0.00,0,0,0
66270,3613.59,0,0,0,0,0.00,0,0,0
66320,3654.97,0,0,0,0,0.00,0,0,0
66370,3623.19,0,0,0,0,0.00,0,0,0
66420,3664.79,0,0,0,0,0.00,0,0,0
66470,3624.06,0,0,0,0,0.00,0,0,0
66520,3675.57,0,0,0,0,0.00,0,0,0
66570,3624.06,0,0,0,0,0.00,0,0,0
66620,3623.19,0,0,0,0,0.00,0,0,0
66670,3593.67,0,0,0,0,0.00,0,0,0
66720,3633.72,0,0,0,0,0.00,0,0,0
66770,3603.17,0,0,0,0,0.00,0,0,0
66820,3635.48,0,0,0,0,0.00,0,0,0
66870,3593.67,0,0,0,0,0.00,0,0,0
66920,3628.45,0,0,0,0,0.00,0,0,0
66970,3603.17,0,0,0,0,0.00,0,0,0
67020,3635.48,0,0,0,0,0.00,0,0,0
67070,3603.17,0,0,0,0,0.00,0,0,0
67120,3617.94,0,0,0,0,0.00,0,0,0
67170,3581.66,0,0,0,0,0.00,0,0,0
67220,3639.01,0,0,0,0,0.00,0,0,0
67270,3583.37,0,0,0,0,0.00,0,0,0
67320,3632.84,0,0,0,0,0.00,0,0,0
67371,3649.63,0,0,0,0,0.00,0,0,0
67421,3631.96,0,0,0,0,0.00,0,0,0
67471,3603.17,0,0,0,0,0.00,0,0,0
67521,3635.48,0,0,0,0,0.00,0,0,0
67571,3602.31,0,0,0,0,0.00,0,0,0
67621,3626.69,0,0,0,0,0.00,0,0,0
67671,3603.17,0,0,0,0,0.00,0,0,0
67721,3652.30,0,0,0,0,0.00,0,0,0
67771,3601.44,0,0,0,0,0.00,0,0,0
67821,3653.19,0,0,0,0,0.00,0,0,0
67871,3613.59,0,0,0,0,0.00,0,0,0
67921,3633.72,0,0,0,0,0.00,0,0,0
67971,3593.67,0,0,0,0,0.00,0,0,0
68021,3649.63,0,0,0,0,0.00,0,0,0
68071,3591.95,0,0,0,0,0.00,0,0,0
68121,3617.07,0,0,0,0,0.00,0,0,0
68171,3580.81,0,0,0,0,0.00,0,0,0
68221,3598.85,0,0,0,0,0.00,0,0,0
68271,3568.03,0,0,0,0,0.00,0,0,0
68321,3618.82,0,0,0,0,0.00,0,0,0
68371,3583.37,0,0,0,0,0.00,0,0,0
68421,3609.24,0,0,0,0,0.00,0,0,0
68471,3573.13,0,0,0,0,0.00,0,0,0
68521,3618.82,0,0,0,0,0.00,0,0,0
68571,3591.95,0,0,0,0,0.00,0,0,0
68621,3616.20,0,0,0,0,0.00,0,0,0
68671,3592.81,0,0,0,0,0.00,0,0,0
68721,3632.84,0,0,0,0,0.00,0,0,0
68771,3591.95,0,0,0,0,0.00,0,0,0
68822,3641.66,0,0,0,0,0.00,0,0,0
68872,3576.54,0,0,0,0,0.00,0,0,0
68922,3628.45,0,0,0,0,0.00,0,0,0
68972,3581.66,0,0,0,0,0.00,0,0,0
69022,3618.82,0,0,0,0,0.00,0,0,0
69072,3583.37,0,0,0,0,0.00,0,0,0
69122,3618.82,0,0,0,0,0.00,0,0,0
69172,3547.78,0,0,0,0,0.00,0,0,0
69222,3588.52,0,0,0,0,0.00,0,0,0
69272,3557.03,0,0,0,0,0.00,0,0,0
69322,3607.50,0,0,0,0,0.00,0,0,0
69372,3577.39,0,0,0,0,0.00,0,0,0
69422,3627.57,0,0,0,0,0.00,0,0,0
69472,3591.95,0,0,0,0,0.00,0,0,0
69522,3640.78,0,0,0,0,0.00,0,0,0
69572,3603.17,0,0,0,0,0.00,0,0,0
69622,3644.31,0,0,0,0,0.00,0,0,0
69672,3593.67,0,0,0,0,0.00,0,0,0
69722,3641.66,0,0,0,0,0.00,0,0,0
69772,3573.13,0,0,0,0,0.00,0,0,0
69822,3618.82,0,0,0,0,0.00,0,0,0
69872,3583.37,0,0,0,0,0.00,0,0,0
69922,3629.32,0,0,0,0,0.00,0,0,0
69972,3592.81,0,0,0,0,0.00,0,0,0
70022,3640.78,0,0,0,0,0.00,0,0,0
70072,3582.52,0,0,0,0,0.00,0,0,0
70122,3617.94,0,0,0,0,0.00,0,0,0
70172,3557.87,0,0,0,0,0.00,0,0,0
70222,3617.07,0,0,0,0,0.00,0,0,0
70272,3584.23,0,0,0,0,0.00,0,0,0
70322,3529.41,0,0,0,0,0.00,0,0,0
70372,3389.06,0,0,0,0,0.00,0,0,0
70422,3309.07,0,0,0,0,0.00,0,0,0
70472,3186.07,0,0,0,0,0.00,0,0,0
70522,3040.13,0,0,0,0,0.00,0,0,0
70572,2963.26,0,0,0,0,0.00,0,0,0
70622,2870.26,0,0,0,0,0.00,0,0,0
70672,2757.86,0,0,0,0,0.00,0,0,0
70722,2665.72,0,0,0,0,0.00,0,0,0
70772,2584.87,0,0,0,0,0.00,0,0,0
70822,2499.17,0,0,0,0,0.00,0,0,0
70872,2413.52,0,0,0,0,0.00,0,0,0
70922,2330.28,0,0,0,0,0.00,0,0,0
70972,2247.86,0,0,0,0,0.00,0,0,0
71022,2160.45,0,0,0,0,0.00,0,0,0
71072,2102.61,0,0,0,0,0.00,0,0,0
71122,2115.36,0,0,0,0,0.00,0,0,0
71172,1936.98,0,0,0,0,0.00,0,0,0
71222,1908.15,0,0,0,0,0.00,0,0,0
71272,1826.37,0,0,0,0,0.00,0,0,0
71322,1767.20,0,0,0,0,0.00,0,0,0
71372,1681.80,0,0,0,0,0.00,0,0,0
71422,1659.84,0,0,0,0,0.00,0,0,0
71472,1597.10,0,0,0,0,0.00,0,0,0
71522,1510.57,0,0,0,0,0.00,0,0,0
71572,1494.32,0,0,0,0,0.00,0,0,0
71622,1423.96,0,0,0,0,0.00,0,0,0
71672,1408.58,0,0,0,0,0.00,0,0,0
71723,1337.61,0,0,0,0,0.00,0,0,0
71773,1323.69,0,0,0,0,0.00,0,0,0
71823,1246.99,0,0,0,0,0.00,0,0,0
71873,1240.39,0,0,0,0,0.00,0,0,0
71923,1160.00,0,0,0,0,0.00,0,0,0
71973,1150.75,0,0,0,0,0.00,0,0,0
72023,1069.52,0,0,0,0,0.00,0,0,0
72073,1064.21,0,0,0,0,0.00,0,0,0
72123,989.71,0,0,0,0,0.00,0,0,0
72173,971.13,0,0,0,0,0.00,0,0,0
72223,971.13,0,0,0,0,0.00,0,0,0
72273,886.00,0,0,0,0,0.00,0,0,0
72323,878.94,0,0,0,0,0.00,0,0,0
72373,878.94,0,0,0,0,0.00,0,0,0
72423,794.95,0,0,0,0,0.00,0,0,0
72473,781.41,0,0,0,0,0.00,0,0,0
72523,781.41,0,0,0,0,0.00,0,0,0
72573,699.50,0,0,0,0,0.00,0,0,0
72623,699.50,0,0,0,0,0.00,0,0,0
72673,675.80,0,0,0,0,0.00,0,0,0
72723,675.80,0,0,0,0,0.00,0,0,0
72773,591.81,0,0,0,0,0.00,0,0,0
72823,591.81,0,0,0,0,0.00,0,0,0
72873,554.45,0,0,0,0,0.00,0,0,0
72923,554.45,0,0,0,0,0.00,0,0,0
72973,454.99,0,0,0,0,0.00,0,0,0
73023,454.99,0,0,0,0,0.00,0,0,0
73073,454.99,0,0,0,0,0.00,0,0,0
73123,454.99,0,0,0,0,0.00,0,0,0
73174,392.76,0,0,0,0,0.00,0,0,0
73224,392.76,0,0,0,0,0.00,0,0,0
73274,392.76,0,0,0,0,0.00,0,0,0
73324,392.76,0,0,0,0,0.00,0,0,0
73374,0.00,0,0,0,0,0.00,0,0,0
73424,209.52,0,0,0,0,0.00,0,0,0
73474,209.52,0,0,0,0,0.00,0,0,0
73524,209.52,0,0,0,0,0.00,0,0,0
73574,209.52,0,0,0,0,0.00,0,0,0
73624,0.00,0,0,0,0,0.00,0,0,0
73674,0.00,0,0,0,0,0.00,0,0,0
73724,0.00,0,0,0,0,0.00,0,0,0
73774,0.00,0,0,0,0,0.00,0,0,0
73824,0.00,0,0,0,0,0.00,0,0,0
73874,0.00,0,0,0,0,0.00,0,0,0
73924,0.00,0,0,0,0,0.00,0,0,0
73974,0.00,0,0,0,0,0.00,0,0,0
74024,0.00,0,0,0,0,0.00,0,0,0
74074,0.00,0,0,0,0,0.00,0,0,0
74124,0.00,0,0,0,0,0.00,0,0,0
74174,0.00,0,0,0,0,0.00,0,0,0
74224,0.00,0,0,0,0,0.00,0,0,0
74274,0.00,0,0,0,0,0.00,0,0,0
74324,0.00,0,0,0,0,0.00,0,0,0
74374,0.00,0,0,0,0,0.00,0,0,0
74424,0.00,0,0,0,0,0.00,0,0,0
74474,0.00,0,0,0,0,0.00,0,0,0
74524,0.00,0,0,0,0,0.00,0,0,0
74574,0.00,0,0,0,0,0.00,0,0,0
74624,0.00,0,0,0,0,0.00,0,0,0
74674,0.00,0,0,0,0,0.00,0,0,0
74724,0.00,0,0,0,0,0.00,0,0,0
74774,0.00,0,0,0,0,0.00,0,0,0
74824,0.00,0,0,0,0,0.00,0,0,0
74874,0.00,0,0,0,0,0.00,0,0,0
74924,0.00,0,0,0,0,0.00,0,0,0
74974,0.00,0,0,0,0,0.00,0,0,0
75024,0.00,0,0,0,0,0.00,0,0,0
75074,0.00,0,0,0,0,0.00,0,0,0
75124,0.00,0,0,0,0,0.00,0,0,0
75174,0.00,0,0,0,0,0.00,0,0,0
75224,0.00,0,0,0,0,0.00,0,0,0
75274,0.00,0,0,0,0,0.00,0,0,0
75324,0.00,0,0,0,0,0.00,0,0,0
75374,0.00,0,0,0,0,0.00,0,0,0
75424,0.00,0,0,0,0,0.00,0,0,0
75474,0.00,0,0,0,0,0.00,0,0,0
75524,0.00,0,0,0,0,0.00,0,0,0
75574,0.00,0,0,0,0,0.00,0,0,0
75624,0.00,0,0,0,0,0.00,0,0,0
75674,0.00,0,0,0,0,0.00,0,0,0
75724,0.00,0,0,0,0,0.00,0,0,0
75774,0.00,0,0,0,0,0.00,0,0,0
75824,0.00,0,0,0,0,0.00,0,0,0
75874,0.00,0,0,0,0,0.00,0,0,0
75924,0.00,0,0,0,0,0.00,0,0,0
75974,0.00,0,0,0,0,0.00,0,0,0
76024,0.00,0,0,0,0,0.00,0,0,0
76075,0.00,0,0,0,0,0.00,0,0,0
76125,0.00,0,0,0,0,0.00,0,0,0
76175,0.00,0,0,0,0,0.00,0,0,0
76225,0.00,0,0,0,0,0.00,0,0,0
76275,0.00,0,0,0,0,0.00,0,0,0
76325,0.00,0,0,0,0,0.00,0,0,0
76375,0.00,0,0,0,0,0.00,0,0,0
76425,0.00,0,0,0,0,0.00,0,0,0
76475,0.00,0,0,0,0,0.00,0,0,0
76525,0.00,0,0,0,0,0.00,0,0,0
76575,0.00,0,0,0,0,0.00,0,0,0
76625,0.00,0,0,0,0,0.00,0,0,0
76675,0.00,0,0,0,0,0.00,0,0,0
76725,0.00,0,0,0,0,0.00,0,0,0
76775,0.00,0,0,0,0,0.00,0,0,0
76825,0.00,0,0,0,0,0.00,0,0,0
76875,0.00,0,0,0,0,0.00,0,0,0
76925,0.00,0,0,0,0,0.00,0,0,0
76975,0.00,0,0,0,0,0.00,0,0,0
77025,0.00,0,0,0,0,0.00,0,0,0
77075,0.00,0,0,0,0,0.00,0,0,0
77125,0.00,0,0,0,0,0.00,0,0,0
77175,0.00,0,0,0,0,0.00,0,0,0
77225,0.00,0,0,0,0,0.00,0,0,0
77275,0.00,0,0,0,0,0.00,0,0,0
77325,0.00,0,0,0,0,0.00,0,0,0
77375,0.00,0,0,0,0,0.00,0,0,0
77425,0.00,0,0,0,0,0.00,0,0,0
77475,0.00,0,0,0,0,0.00,0,0,0
77526,0.00,0,0,0,0,0.00,0,0,0
77576,0.00,0,0,0,0,0.00,0,0,0
77626,0.00,0,0,0,0,0.00,0,0,0
77676,0.00,0,0,0,0,0.00,0,0,0
77726,0.00,0,0,0,0,0.00,0,0,0
77776,0.00,0,0,0,0,0.00,0,0,0
77826,0.00,0,0,0,0,0.00,0,0,0
77876,0.00,0,0,0,0,0.00,0,0,0
77926,0.00,0,0,0,0,0.00,0,0,0
77976,0.00,0,0,0,0,0.00,0,0,0
78026,0.00,0,0,0,0,0.00,0,0,0
78076,0.00,0,0,0,0,0.00,0,0,0
78126,0.00,0,0,0,0,0.00,0,0,0
78176,0.00,0,0,0,0,0.00,0,0,0
78226,0.00,0,0,0,0,0.00,0,0,0
78276,0.00,0,0,0,0,0.00,0,0,0
78326,0.00,0,0,0,0,0.00,0,0,0
78376,0.00,0,0,0,0,0.00,0,0,0
78426,0.00,0,0,0,0,0.00,0,0,0
78476,0.00,0,0,0,0,0.00,0,0,0
78526,0.00,0,0,0,0,0.00,0,0,0
78576,0.00,0,0,0,0,0.00,0,0,0
78626,0.00,0,0,0,0,0.00,0,0,0
78676,0.00,0,0,0,0,0.00,0,0,0
78726,0.00,0,0,0,0,0.00,0,0,0
78776,0.00,0,0,0,0,0.00,0,0,0
78826,0.00,0,0,0,0,0.00,0,0,0
78876,0.00,0,0,0,0,0.00,0,0,0
78926,0.00,0,0,0,0,0.00,0,0,0
78976,0.00,0,0,0,0,0.00,0,0,0
79026,0.00,0,0,0,0,0.00,0,0,0
79076,0.00,0,0,0,0,0.00,0,0,0
79126,0.00,0,0,0,0,0.00,0,0,0
79176,0.00,0,0,0,0,0.00,0,0,0
79226,0.00,0,0,0,0,0.00,0,0,0
79276,0.00,0,0,0,0,0.00,0,0,0
79326,0.00,0,0,0,0,0.00,0,0,0
79376,0.00,0,0,0,0,0.00,0,0,0
79426,0.00,0,0,0,0,0.00,0,0,0
79476,0.00,0,0,0,0,0.00,0,0,0
79526,0.00,0,0,0,0,0.00,0,0,0
79576,0.00,0,0,0,0,0.00,0,0,0
79626,0.00,0,0,0,0,0.00,0,0,0
79676,0.00,0,0,0,0,0.00,0,0,0
79726,0.00,0,0,0,0,0.00,0,0,0
79776,0.00,0,0,0,0,0.00,0,0,0
79826,0.00,0,0,0,0,0.00,0,0,0
79876,0.00,0,0,0,0,0.00,0,0,0
79926,0.00,0,0,0,0,0.00,0,0,0
79976,0.00,0,0,0,0,0.00,0,0,0
80026,0.00,0,0,0,0,0.00,0,0,0
80076,0.00,0,0,0,0,0.00,0,0,0
80126,0.00,0,0,0,0,0.00,0,0,0
80176,0.00,0,0,0,0,0.00,0,0,0
80226,0.00,0,0,0,0,0.00,0,0,0
80276,0.00,0,0,0,0,0.00,0,0,0
80326,0.00,0,0,0,0,0.00,0,0,0
80376,0.00,0,0,0,0,0.00,0,0,0
