No Throttle Input - Constant Load (1500 W)
Trial: 9
Date: 3-31-2023
Time: 11:15 AM
Ambient Temp: 79
Head Temp: 221.9

------ Microcontroller Engine Governor - Version: 1.16 ------
-------------------------------------------------------------
PID Gains:        Kp: 0.013000   Ki: 0.025000   Kd: 1.000000
-------------------------------------------------------------
Set RPM:             3600    |  Min RPM:                300
                             |
RPM Precision        10       |  PID I Precision:         70
                             |
Start Steps:         850     |  Max Steps:               1200
                             |
RPM Calc Interval:   1       |  Num Magnets:             1
                             |
LCD Update Interval: 400     |  Serial Update Interval:  50
-------------------------------------------------------------

Time,RPM,Steps Remaining, PID p, PID i, PID d, RPM Change, P Cmd, I Cmd, D Cmd
90,0.00,0,0,0,0,0.00,0,0,0
140,0.00,0,0,0,0,0.00,0,0,0
190,0.00,0,0,0,0,0.00,0,0,0
240,0.00,0,0,0,0,0.00,0,0,0
290,0.00,0,0,0,0,0.00,0,0,0
340,0.00,0,0,0,0,0.00,0,0,0
390,0.00,0,0,0,0,0.00,0,0,0
440,0.00,0,0,0,0,0.00,0,0,0
490,0.00,0,0,0,0,0.00,0,0,0
540,0.00,0,0,0,0,0.00,0,0,0
590,0.00,0,0,0,0,0.00,0,0,0
640,0.00,0,0,0,0,0.00,0,0,0
690,0.00,0,0,0,0,0.00,0,0,0
740,0.00,0,0,0,0,0.00,0,0,0
790,0.00,0,0,0,0,0.00,0,0,0
840,0.00,0,0,0,0,0.00,0,0,0
890,0.00,0,0,0,0,0.00,0,0,0
940,0.00,0,0,0,0,0.00,0,0,0
990,0.00,0,0,0,0,0.00,0,0,0
1040,0.00,0,0,0,0,0.00,0,0,0
1090,0.00,0,0,0,0,0.00,0,0,0
1140,0.00,0,0,0,0,0.00,0,0,0
1190,0.00,0,0,0,0,0.00,0,0,0
1240,0.00,0,0,0,0,0.00,0,0,0
1290,0.00,0,0,0,0,0.00,0,0,0
1340,0.00,0,0,0,0,0.00,0,0,0
1390,0.00,0,0,0,0,0.00,0,0,0
1440,0.00,0,0,0,0,0.00,0,0,0
1490,0.00,0,0,0,0,0.00,0,0,0
1540,0.00,0,0,0,0,0.00,0,0,0
1590,0.00,0,0,0,0,0.00,0,0,0
1640,0.00,0,0,0,0,0.00,0,0,0
1690,0.00,0,0,0,0,0.00,0,0,0
1740,0.00,0,0,0,0,0.00,0,0,0
1790,0.00,0,0,0,0,0.00,0,0,0
1840,0.00,0,0,0,0,0.00,0,0,0
1890,0.00,0,0,0,0,0.00,0,0,0
1940,0.00,0,0,0,0,0.00,0,0,0
1990,0.00,0,0,0,0,0.00,0,0,0
2040,0.00,0,0,0,0,0.00,0,0,0
2091,0.00,0,0,0,0,0.00,0,0,0
2141,0.00,0,0,0,0,0.00,0,0,0
2191,0.00,0,0,0,0,0.00,0,0,0
2241,0.00,0,0,0,0,0.00,0,0,0
2291,0.00,0,0,0,0,0.00,0,0,0
2341,0.00,0,0,0,0,0.00,0,0,0
2391,0.00,0,0,0,0,0.00,0,0,0
2441,0.00,0,0,0,0,0.00,0,0,0
2491,0.00,0,0,0,0,0.00,0,0,0
2541,0.00,0,0,0,0,0.00,0,0,0
2591,0.00,0,0,0,0,0.00,0,0,0
2641,0.00,0,0,0,0,0.00,0,0,0
2691,0.00,0,0,0,0,0.00,0,0,0
2741,0.00,0,0,0,0,0.00,0,0,0
2791,0.00,0,0,0,0,0.00,0,0,0
2841,0.00,0,0,0,0,0.00,0,0,0
2891,0.00,0,0,0,0,0.00,0,0,0
2941,0.00,0,0,0,0,0.00,0,0,0
2991,0.00,0,0,0,0,0.00,0,0,0
3041,0.00,0,0,0,0,0.00,0,0,0
3091,0.00,0,0,0,0,0.00,0,0,0
3141,0.00,0,0,0,0,0.00,0,0,0
3191,0.00,0,0,0,0,0.00,0,0,0
3241,0.00,0,0,0,0,0.00,0,0,0
3291,0.00,0,0,0,0,0.00,0,0,0
3341,0.00,0,0,0,0,0.00,0,0,0
3391,0.00,0,0,0,0,0.00,0,0,0
3441,0.00,0,0,0,0,0.00,0,0,0
3491,0.00,0,0,0,0,0.00,0,0,0
3542,0.00,0,0,0,0,0.00,0,0,0
3592,0.00,0,0,0,0,0.00,0,0,0
3642,0.00,0,0,0,0,0.00,0,0,0
3692,0.00,0,0,0,0,0.00,0,0,0
3742,0.00,0,0,0,0,0.00,0,0,0
3792,0.00,0,0,0,0,0.00,0,0,0
3842,0.00,0,0,0,0,0.00,0,0,0
3892,0.00,0,0,0,0,0.00,0,0,0
3942,0.00,0,0,0,0,0.00,0,0,0
3992,0.00,0,0,0,0,0.00,0,0,0
4042,0.00,0,0,0,0,0.00,0,0,0
4092,0.00,0,0,0,0,0.00,0,0,0
4142,0.00,0,0,0,0,0.00,0,0,0
4192,0.00,0,0,0,0,0.00,0,0,0
4242,0.00,0,0,0,0,0.00,0,0,0
4292,0.00,0,0,0,0,0.00,0,0,0
4342,0.00,0,0,0,0,0.00,0,0,0
4392,0.00,0,0,0,0,0.00,0,0,0
4442,0.00,0,0,0,0,0.00,0,0,0
4492,0.00,0,0,0,0,0.00,0,0,0
4542,0.00,0,0,0,0,0.00,0,0,0
4592,0.00,0,0,0,0,0.00,0,0,0
4642,0.00,0,0,0,0,0.00,0,0,0
4692,0.00,0,0,0,0,0.00,0,0,0
4742,0.00,0,0,0,0,0.00,0,0,0
4792,0.00,0,0,0,0,0.00,0,0,0
4842,0.00,0,0,0,0,0.00,0,0,0
4892,0.00,0,0,0,0,0.00,0,0,0
4942,0.00,0,0,0,0,0.00,0,0,0
4992,0.00,0,0,0,0,0.00,0,0,0
5042,0.00,0,0,0,0,0.00,0,0,0
5092,0.00,0,0,0,0,0.00,0,0,0
5142,0.00,0,0,0,0,0.00,0,0,0
5192,0.00,0,0,0,0,0.00,0,0,0
5242,0.00,0,0,0,0,0.00,0,0,0
5292,0.00,0,0,0,0,0.00,0,0,0
5342,0.00,0,0,0,0,0.00,0,0,0
5392,0.00,0,0,0,0,0.00,0,0,0
5442,0.00,0,0,0,0,0.00,0,0,0
5492,0.00,0,0,0,0,0.00,0,0,0
5542,0.00,0,0,0,0,0.00,0,0,0
5592,0.00,0,0,0,0,0.00,0,0,0
5642,0.00,0,0,0,0,0.00,0,0,0
5692,0.00,0,0,0,0,0.00,0,0,0
5742,0.00,0,0,0,0,0.00,0,0,0
5792,0.00,0,0,0,0,0.00,0,0,0
5842,0.00,0,0,0,0,0.00,0,0,0
5892,0.00,0,0,0,0,0.00,0,0,0
5942,0.00,0,0,0,0,0.00,0,0,0
5992,0.00,0,0,0,0,0.00,0,0,0
6042,0.00,0,0,0,0,0.00,0,0,0
6092,0.00,0,0,0,0,0.00,0,0,0
6142,0.00,0,0,0,0,0.00,0,0,0
6192,0.00,0,0,0,0,0.00,0,0,0
6242,0.00,0,0,0,0,0.00,0,0,0
6292,0.00,0,0,0,0,0.00,0,0,0
6342,0.00,0,0,0,0,0.00,0,0,0
6392,0.00,0,0,0,0,0.00,0,0,0
6443,0.00,0,0,0,0,0.00,0,0,0
6493,0.00,0,0,0,0,0.00,0,0,0
6543,0.00,0,0,0,0,0.00,0,0,0
6593,0.00,0,0,0,0,0.00,0,0,0
6643,0.00,0,0,0,0,0.00,0,0,0
6693,0.00,0,0,0,0,0.00,0,0,0
6743,0.00,0,0,0,0,0.00,0,0,0
6793,0.00,0,0,0,0,0.00,0,0,0
6843,0.00,0,0,0,0,0.00,0,0,0
6893,0.00,0,0,0,0,0.00,0,0,0
6943,0.00,0,0,0,0,0.00,0,0,0
6993,0.00,0,0,0,0,0.00,0,0,0
7043,0.00,0,0,0,0,0.00,0,0,0
7093,0.00,0,0,0,0,0.00,0,0,0
7143,0.00,0,0,0,0,0.00,0,0,0
7193,0.00,0,0,0,0,0.00,0,0,0
7243,0.00,0,0,0,0,0.00,0,0,0
7293,0.00,0,0,0,0,0.00,0,0,0
7343,0.00,0,0,0,0,0.00,0,0,0
7393,0.00,0,0,0,0,0.00,0,0,0
7443,0.00,0,0,0,0,0.00,0,0,0
7493,0.00,0,0,0,0,0.00,0,0,0
7543,0.00,0,0,0,0,0.00,0,0,0
7593,0.00,0,0,0,0,0.00,0,0,0
7643,0.00,0,0,0,0,0.00,0,0,0
7693,0.00,0,0,0,0,0.00,0,0,0
7743,0.00,0,0,0,0,0.00,0,0,0
7793,0.00,0,0,0,0,0.00,0,0,0
7843,0.00,0,0,0,0,0.00,0,0,0
7894,0.00,0,0,0,0,0.00,0,0,0
7944,0.00,0,0,0,0,0.00,0,0,0
7994,0.00,0,0,0,0,0.00,0,0,0
8044,0.00,0,0,0,0,0.00,0,0,0
8094,0.00,0,0,0,0,0.00,0,0,0
8144,0.00,0,0,0,0,0.00,0,0,0
8194,0.00,0,0,0,0,0.00,0,0,0
8244,0.00,0,0,0,0,0.00,0,0,0
8294,0.00,0,0,0,0,0.00,0,0,0
8344,0.00,0,0,0,0,0.00,0,0,0
8394,0.00,0,0,0,0,0.00,0,0,0
8444,0.00,0,0,0,0,0.00,0,0,0
8494,0.00,0,0,0,0,0.00,0,0,0
8544,0.00,0,0,0,0,0.00,0,0,0
8594,0.00,0,0,0,0,0.00,0,0,0
8644,0.00,0,0,0,0,0.00,0,0,0
8694,0.00,0,0,0,0,0.00,0,0,0
8744,0.00,0,0,0,0,0.00,0,0,0
8794,0.00,0,0,0,0,0.00,0,0,0
8844,0.00,0,0,0,0,0.00,0,0,0
8894,0.00,0,0,0,0,0.00,0,0,0
8944,0.00,0,0,0,0,0.00,0,0,0
8994,0.00,0,0,0,0,0.00,0,0,0
9044,0.00,0,0,0,0,0.00,0,0,0
9094,0.00,0,0,0,0,0.00,0,0,0
9144,0.00,0,0,0,0,0.00,0,0,0
9194,0.00,0,0,0,0,0.00,0,0,0
9244,0.00,0,0,0,0,0.00,0,0,0
9294,0.00,0,0,0,0,0.00,0,0,0
9344,0.00,0,0,0,0,0.00,0,0,0
9394,0.00,0,0,0,0,0.00,0,0,0
9444,0.00,0,0,0,0,0.00,0,0,0
9494,0.00,0,0,0,0,0.00,0,0,0
9544,0.00,0,0,0,0,0.00,0,0,0
9594,0.00,0,0,0,0,0.00,0,0,0
9644,0.00,0,0,0,0,0.00,0,0,0
9694,0.00,0,0,0,0,0.00,0,0,0
9744,0.00,0,0,0,0,0.00,0,0,0
9794,0.00,0,0,0,0,0.00,0,0,0
9844,0.00,0,0,0,0,0.00,0,0,0
9894,0.00,0,0,0,0,0.00,0,0,0
9944,0.00,0,0,0,0,0.00,0,0,0
9994,0.00,0,0,0,0,0.00,0,0,0
10044,0.00,0,0,0,0,0.00,0,0,0
10094,0.00,0,0,0,0,0.00,0,0,0
10144,0.00,0,0,0,0,0.00,0,0,0
10194,0.00,0,0,0,0,0.00,0,0,0
10244,0.00,0,0,0,0,0.00,0,0,0
10294,0.00,0,0,0,0,0.00,0,0,0
10344,0.00,0,0,0,0,0.00,0,0,0
10394,0.00,0,0,0,0,0.00,0,0,0
10444,0.00,0,0,0,0,0.00,0,0,0
10494,0.00,0,0,0,0,0.00,0,0,0
10544,0.00,0,0,0,0,0.00,0,0,0
10594,inf,0,0,0,0,0.00,0,0,0
10644,inf,0,0,0,0,0.00,0,0,0
10694,545.00,0,0,0,0,0.00,0,0,0
10744,973.46,0,0,0,0,0.00,0,0,0
10795,973.46,0,0,0,0,0.00,0,0,0
10845,1398.08,0,0,0,0,0.00,0,0,0
10895,1421.26,0,0,0,0,0.00,0,0,0
10945,1713.70,0,0,0,0,0.00,0,0,0
10995,1988.60,0,0,0,0,0.00,0,0,0
11045,2204.91,0,0,0,0,0.00,0,0,0
11095,2390.82,0,0,0,0,0.00,0,0,0
11145,2554.06,0,0,0,0,0.00,0,0,0
11195,2688.65,0,0,0,0,0.00,0,0,0
11245,2800.60,0,0,0,0,0.00,0,0,0
11295,2909.80,0,0,0,0,0.00,0,0,0
11345,2869.17,0,0,0,0,0.00,0,0,0
11395,2970.30,0,0,0,0,0.00,0,0,0
11445,3153.25,0,0,0,0,0.00,0,0,0
11495,3218.19,0,0,0,0,0.00,0,0,0
11545,3291.64,0,0,0,0,0.00,0,0,0
11595,3424.66,0,0,0,0,0.00,0,0,0
11645,3443.53,0,0,0,0,0.00,0,0,0
11695,3539.41,0,0,0,0,0.00,0,0,0
11745,3558.72,0,0,0,0,0.00,0,0,0
11795,3609.24,0,0,0,0,0.00,0,0,0
11845,3582.52,0,0,0,0,0.00,0,0,0
11895,3618.82,0,0,0,0,0.00,0,0,0
11945,3582.52,0,0,0,0,0.00,0,0,0
11995,3619.69,0,0,0,0,0.00,0,0,0
12045,3575.69,0,0,0,0,0.00,0,0,0
12095,3608.37,0,0,0,0,0.00,0,0,0
12145,3563.79,0,0,0,0,0.00,0,0,0
12195,3597.98,0,0,0,0,0.00,0,0,0
12246,3558.72,0,0,0,0,0.00,0,0,0
12296,3598.85,0,0,0,0,0.00,0,0,0
12346,3557.03,0,0,0,0,0.00,0,0,0
12396,3598.85,0,0,0,0,0.00,0,0,0
12446,3546.94,0,0,0,0,0.00,0,0,0
12496,3579.10,0,0,0,0,0.00,0,0,0
12546,3541.91,0,0,0,0,0.00,0,0,0
12596,3579.10,0,0,0,0,0.00,0,0,0
12646,3537.74,0,0,0,0,0.00,0,0,0
12696,3578.24,0,0,0,0,0.00,0,0,0
12746,3588.52,0,0,0,0,0.00,0,0,0
12796,3523.61,0,0,0,0,0.00,0,0,0
12846,3571.43,0,0,0,0,0.00,0,0,0
12896,3539.41,0,0,0,0,0.00,0,0,0
12946,3557.03,0,0,0,0,0.00,0,0,0
12996,3517.82,0,0,0,0,0.00,0,0,0
13046,3568.88,0,0,0,0,0.00,0,0,0
13096,3539.41,0,0,0,0,0.00,0,0,0
13146,3587.66,0,0,0,0,0.00,0,0,0
13196,3548.62,0,0,0,0,0.00,0,0,0
13246,3597.98,0,0,0,0,0.00,0,0,0
13296,3558.72,0,0,0,0,0.00,0,0,0
13346,3598.85,0,0,0,0,0.00,0,0,0
13396,3564.64,0,0,0,0,0.00,0,0,0
13446,3588.52,0,0,0,0,0.00,0,0,0
13496,3549.46,0,0,0,0,0.00,0,0,0
13546,3577.39,0,0,0,0,0.00,0,0,0
13596,3527.75,0,0,0,0,0.00,0,0,0
13646,3568.88,0,0,0,0,0.00,0,0,0
13696,3537.74,0,0,0,0,0.00,0,0,0
13746,3568.03,0,0,0,0,0.00,0,0,0
13796,3537.74,0,0,0,0,0.00,0,0,0
13846,3588.52,0,0,0,0,0.00,0,0,0
13896,3598.85,0,0,0,0,0.00,0,0,0
13946,3552.82,0,0,0,0,0.00,0,0,0
13996,3563.79,0,0,0,0,0.00,0,0,0
14046,3547.78,0,0,0,0,0.00,0,0,0
14096,3588.52,0,0,0,0,0.00,0,0,0
14146,3555.34,0,0,0,0,0.00,0,0,0
14196,3568.88,0,0,0,0,0.00,0,0,0
14246,3508.77,0,0,0,0,0.00,0,0,0
14296,3490.00,0,0,0,0,0.00,0,0,0
14346,3472.22,0,0,0,0,0.00,0,0,0
14396,3528.58,0,0,0,0,0.00,0,0,0
14446,3499.77,0,0,0,0,0.00,0,0,0
14496,3557.87,0,0,0,0,0.00,0,0,0
14546,3562.10,0,0,0,0,0.00,0,0,0
14596,3557.87,0,0,0,0,0.00,0,0,0
14646,3539.41,0,0,0,0,0.00,0,0,0
14696,3539.41,0,0,0,0,0.00,0,0,0
14746,3582.52,0,0,0,0,0.00,0,0,0
14796,3544.42,0,0,0,0,0.00,0,0,0
14846,3571.43,0,0,0,0,0.00,0,0,0
14896,3527.75,0,0,0,0,0.00,0,0,0
14946,3577.39,0,0,0,0,0.00,0,0,0
14996,3517.82,0,0,0,0,0.00,0,0,0
15046,3557.87,0,0,0,0,0.00,0,0,0
15096,3527.75,0,0,0,0,0.00,0,0,0
15147,3579.10,0,0,0,0,0.00,0,0,0
15197,3527.75,0,0,0,0,0.00,0,0,0
15247,3578.24,0,0,0,0,0.00,0,0,0
15297,3538.57,0,0,0,0,0.00,0,0,0
15347,3577.39,0,0,0,0,0.00,0,0,0
15397,3529.41,0,0,0,0,0.00,0,0,0
15447,3568.88,0,0,0,0,0.00,0,0,0
15497,3537.74,0,0,0,0,0.00,0,0,0
15547,3578.24,0,0,0,0,0.00,0,0,0
15597,3546.94,0,0,0,0,0.00,0,0,0
15647,3557.87,0,0,0,0,0.00,0,0,0
15697,3529.41,0,0,0,0,0.00,0,0,0
15747,3527.75,0,0,0,0,0.00,0,0,0
15797,3593.67,0,0,0,0,0.00,0,0,0
15847,3542.75,0,0,0,0,0.00,0,0,0
15897,3591.95,0,0,0,0,0.00,0,0,0
15947,3559.56,0,0,0,0,0.00,0,0,0
15997,3598.85,0,0,0,0,0.00,0,0,0
16047,3564.64,0,0,0,0,0.00,0,0,0
16097,3608.37,0,0,0,0,0.00,0,0,0
16147,3573.13,0,0,0,0,0.00,0,0,0
16197,3629.32,0,0,0,0,0.00,0,0,0
16247,3573.13,0,0,0,0,0.00,0,0,0
16297,3618.82,0,0,0,0,0.00,0,0,0
16347,3572.28,0,0,0,0,0.00,0,0,0
16397,3597.98,0,0,0,0,0.00,0,0,0
16447,3576.54,0,0,0,0,0.00,0,0,0
16497,3629.32,0,0,0,0,0.00,0,0,0
16547,3583.37,0,0,0,0,0.00,0,0,0
16598,3632.84,0,0,0,0,0.00,0,0,0
16648,3601.44,0,0,0,0,0.00,0,0,0
16698,3635.48,0,0,0,0,0.00,0,0,0
16748,3593.67,0,0,0,0,0.00,0,0,0
16798,3619.69,0,0,0,0,0.00,0,0,0
16848,3573.13,0,0,0,0,0.00,0,0,0
16898,3624.94,0,0,0,0,0.00,0,0,0
16948,3592.81,0,0,0,0,0.00,0,0,0
16998,3624.06,0,0,0,0,0.00,0,0,0
17048,3591.95,0,0,0,0,0.00,0,0,0
17098,3624.06,0,0,0,0,0.00,0,0,0
17148,3593.67,0,0,0,0,0.00,0,0,0
17198,3632.84,0,0,0,0,0.00,0,0,0
17248,3603.17,0,0,0,0,0.00,0,0,0
17298,3642.54,0,0,0,0,0.00,0,0,0
17348,3603.17,0,0,0,0,0.00,0,0,0
17398,3624.06,0,0,0,0,0.00,0,0,0
17448,3592.81,0,0,0,0,0.00,0,0,0
17498,3615.33,0,0,0,0,0.00,0,0,0
17548,3582.52,0,0,0,0,0.00,0,0,0
17598,3629.32,0,0,0,0,0.00,0,0,0
17648,3591.95,0,0,0,0,0.00,0,0,0
17698,3627.57,0,0,0,0,0.00,0,0,0
17748,3591.95,0,0,0,0,0.00,0,0,0
17798,3624.06,0,0,0,0,0.00,0,0,0
17848,3592.81,0,0,0,0,0.00,0,0,0
17898,3624.06,0,0,0,0,0.00,0,0,0
17948,3593.67,0,0,0,0,0.00,0,0,0
17998,3629.32,0,0,0,0,0.00,0,0,0
18048,3581.66,0,0,0,0,0.00,0,0,0
18098,3623.19,0,0,0,0,0.00,0,0,0
18148,3591.95,0,0,0,0,0.00,0,0,0
18198,3624.06,0,0,0,0,0.00,0,0,0
18248,3593.67,0,0,0,0,0.00,0,0,0
18298,3640.78,0,0,0,0,0.00,0,0,0
18348,3603.17,0,0,0,0,0.00,0,0,0
18398,3626.69,0,0,0,0,0.00,0,0,0
18448,3583.37,0,0,0,0,0.00,0,0,0
18498,3624.94,0,0,0,0,0.00,0,0,0
18548,3557.03,0,0,0,0,0.00,0,0,0
18598,3587.66,0,0,0,0,0.00,0,0,0
18648,3548.62,0,0,0,0,0.00,0,0,0
18698,3597.98,0,0,0,0,0.00,0,0,0
18748,3556.19,0,0,0,0,0.00,0,0,0
18798,3608.37,0,0,0,0,0.00,0,0,0
18848,3573.13,0,0,0,0,0.00,0,0,0
18898,3608.37,0,0,0,0,0.00,0,0,0
18948,3583.37,0,0,0,0,0.00,0,0,0
18998,3624.06,0,0,0,0,0.00,0,0,0
19048,3583.37,0,0,0,0,0.00,0,0,0
19098,3618.82,0,0,0,0,0.00,0,0,0
19148,3576.54,0,0,0,0,0.00,0,0,0
19198,3608.37,0,0,0,0,0.00,0,0,0
19248,3576.54,0,0,0,0,0.00,0,0,0
19298,3618.82,0,0,0,0,0.00,0,0,0
19348,3583.37,0,0,0,0,0.00,0,0,0
19398,3632.84,0,0,0,0,0.00,0,0,0
19448,3591.95,0,0,0,0,0.00,0,0,0
19499,3632.84,0,0,0,0,0.00,0,0,0
19549,3592.81,0,0,0,0,0.00,0,0,0
19599,3618.82,0,0,0,0,0.00,0,0,0
19649,3582.52,0,0,0,0,0.00,0,0,0
19699,3629.32,0,0,0,0,0.00,0,0,0
19749,3576.54,0,0,0,0,0.00,0,0,0
19799,3618.82,0,0,0,0,0.00,0,0,0
19849,3583.37,0,0,0,0,0.00,0,0,0
19899,3641.66,0,0,0,0,0.00,0,0,0
19949,3601.44,0,0,0,0,0.00,0,0,0
19999,3641.66,0,0,0,0,0.00,0,0,0
20049,3593.67,0,0,0,0,0.00,0,0,0
20099,3618.82,0,0,0,0,0.00,0,0,0
20149,3582.52,0,0,0,0,0.00,0,0,0
20199,3629.32,0,0,0,0,0.00,0,0,0
20249,3592.81,0,0,0,0,0.00,0,0,0
20299,3631.08,0,0,0,0,0.00,0,0,0
20349,3593.67,0,0,0,0,0.00,0,0,0
20399,3632.84,0,0,0,0,0.00,0,0,0
20449,3592.81,0,0,0,0,0.00,0,0,0
20499,3626.69,0,0,0,0,0.00,0,0,0
20549,3591.09,0,0,0,0,0.00,0,0,0
20599,3691.85,0,0,0,0,0.00,0,0,0
20649,3581.66,0,0,0,0,0.00,0,0,0
20699,3639.01,0,0,0,0,0.00,0,0,0
20749,3603.17,0,0,0,0,0.00,0,0,0
20799,3635.48,0,0,0,0,0.00,0,0,0
20849,3573.13,0,0,0,0,0.00,0,0,0
20899,3618.82,0,0,0,0,0.00,0,0,0
20950,3583.37,0,0,0,0,0.00,0,0,0
21000,3702.79,0,0,0,0,0.00,0,0,0
21050,3573.13,0,0,0,0,0.00,0,0,0
21100,3608.37,0,0,0,0,0.00,0,0,0
21150,3585.09,0,0,0,0,0.00,0,0,0
21200,3624.06,0,0,0,0,0.00,0,0,0
21250,3583.37,0,0,0,0,0.00,0,0,0
21300,3633.72,0,0,0,0,0.00,0,0,0
21350,3582.52,0,0,0,0,0.00,0,0,0
21400,3638.13,0,0,0,0,0.00,0,0,0
21450,3591.95,0,0,0,0,0.00,0,0,0
21500,3641.66,0,0,0,0,0.00,0,0,0
21550,3593.67,0,0,0,0,0.00,0,0,0
21600,3641.66,0,0,0,0,0.00,0,0,0
21650,3592.81,0,0,0,0,0.00,0,0,0
21700,3598.85,0,0,0,0,0.00,0,0,0
21750,3556.19,0,0,0,0,0.00,0,0,0
21800,3587.66,0,0,0,0,0.00,0,0,0
21850,3558.72,0,0,0,0,0.00,0,0,0
21900,3587.66,0,0,0,0,0.00,0,0,0
21950,3557.87,0,0,0,0,0.00,0,0,0
22000,3608.37,0,0,0,0,0.00,0,0,0
22050,3568.03,0,0,0,0,0.00,0,0,0
22100,3608.37,0,0,0,0,0.00,0,0,0
22150,3567.18,0,0,0,0,0.00,0,0,0
22200,3617.07,0,0,0,0,0.00,0,0,0
22250,3585.09,0,0,0,0,0.00,0,0,0
22300,3618.82,0,0,0,0,0.00,0,0,0
22350,3581.66,0,0,0,0,0.00,0,0,0
22400,3582.52,0,0,0,0,0.00,0,0,0
22450,3593.67,0,0,0,0,0.00,0,0,0
22500,3632.84,0,0,0,0,0.00,0,0,0
22550,3592.81,0,0,0,0,0.00,0,0,0
22600,3639.01,0,0,0,0,0.00,0,0,0
22650,3601.44,0,0,0,0,0.00,0,0,0
22700,3652.30,0,0,0,0,0.00,0,0,0
22750,3613.59,0,0,0,0,0.00,0,0,0
22800,3644.31,0,0,0,0,0.00,0,0,0
22850,3603.17,0,0,0,0,0.00,0,0,0
22900,3654.08,0,0,0,0,0.00,0,0,0
22950,3603.17,0,0,0,0,0.00,0,0,0
23000,3638.13,0,0,0,0,0.00,0,0,0
23050,3602.31,0,0,0,0,0.00,0,0,0
23100,3635.48,0,0,0,0,0.00,0,0,0
23150,3592.81,0,0,0,0,0.00,0,0,0
23200,3626.69,0,0,0,0,0.00,0,0,0
23250,3591.95,0,0,0,0,0.00,0,0,0
23300,3607.50,0,0,0,0,0.00,0,0,0
23350,3568.03,0,0,0,0,0.00,0,0,0
23400,3608.37,0,0,0,0,0.00,0,0,0
23450,3573.13,0,0,0,0,0.00,0,0,0
23500,3609.24,0,0,0,0,0.00,0,0,0
23550,3573.13,0,0,0,0,0.00,0,0,0
23600,3618.82,0,0,0,0,0.00,0,0,0
23650,3583.37,0,0,0,0,0.00,0,0,0
23700,3624.94,0,0,0,0,0.00,0,0,0
23750,3573.13,0,0,0,0,0.00,0,0,0
23800,3563.79,0,0,0,0,0.00,0,0,0
23851,3583.37,0,0,0,0,0.00,0,0,0
23901,3632.84,0,0,0,0,0.00,0,0,0
23951,3591.95,0,0,0,0,0.00,0,0,0
24001,3624.06,0,0,0,0,0.00,0,0,0
24051,3576.54,0,0,0,0,0.00,0,0,0
24101,3597.12,0,0,0,0,0.00,0,0,0
24151,3598.85,0,0,0,0,0.00,0,0,0
24201,3552.82,0,0,0,0,0.00,0,0,0
24251,3604.04,0,0,0,0,0.00,0,0,0
24301,3563.79,0,0,0,0,0.00,0,0,0
24351,3603.17,0,0,0,0,0.00,0,0,0
24401,3562.10,0,0,0,0,0.00,0,0,0
24451,3613.59,0,0,0,0,0.00,0,0,0
24501,3572.28,0,0,0,0,0.00,0,0,0
24551,3618.82,0,0,0,0,0.00,0,0,0
24601,3583.37,0,0,0,0,0.00,0,0,0
24651,3629.32,0,0,0,0,0.00,0,0,0
24701,3571.43,0,0,0,0,0.00,0,0,0
24751,3608.37,0,0,0,0,0.00,0,0,0
24801,3568.03,0,0,0,0,0.00,0,0,0
24851,3609.24,0,0,0,0,0.00,0,0,0
24901,3573.13,0,0,0,0,0.00,0,0,0
24951,3618.82,0,0,0,0,0.00,0,0,0
25001,3573.13,0,0,0,0,0.00,0,0,0
25051,3619.69,0,0,0,0,0.00,0,0,0
25101,3576.54,0,0,0,0,0.00,0,0,0
25151,3609.24,0,0,0,0,0.00,0,0,0
25201,3575.69,0,0,0,0,0.00,0,0,0
25251,3597.98,0,0,0,0,0.00,0,0,0
25302,3576.54,0,0,0,0,0.00,0,0,0
25352,3608.37,0,0,0,0,0.00,0,0,0
25402,3568.88,0,0,0,0,0.00,0,0,0
25452,3606.64,0,0,0,0,0.00,0,0,0
25502,3571.43,0,0,0,0,0.00,0,0,0
25552,3617.94,0,0,0,0,0.00,0,0,0
25602,3581.66,0,0,0,0,0.00,0,0,0
25652,3629.32,0,0,0,0,0.00,0,0,0
25702,3581.66,0,0,0,0,0.00,0,0,0
25752,3629.32,0,0,0,0,0.00,0,0,0
25802,3592.81,0,0,0,0,0.00,0,0,0
25852,3643.43,0,0,0,0,0.00,0,0,0
25902,3591.95,0,0,0,0,0.00,0,0,0
25952,3644.31,0,0,0,0,0.00,0,0,0
26002,3603.17,0,0,0,0,0.00,0,0,0
26052,3629.32,0,0,0,0,0.00,0,0,0
26102,3604.04,0,0,0,0,0.00,0,0,0
26152,3631.08,0,0,0,0,0.00,0,0,0
26202,3593.67,0,0,0,0,0.00,0,0,0
26252,3643.43,0,0,0,0,0.00,0,0,0
26302,3603.17,0,0,0,0,0.00,0,0,0
26352,3631.08,0,0,0,0,0.00,0,0,0
26402,3591.95,0,0,0,0,0.00,0,0,0
26452,3629.32,0,0,0,0,0.00,0,0,0
26502,3592.81,0,0,0,0,0.00,0,0,0
26552,3644.31,0,0,0,0,0.00,0,0,0
26602,3602.31,0,0,0,0,0.00,0,0,0
26652,3623.19,0,0,0,0,0.00,0,0,0
26702,3591.95,0,0,0,0,0.00,0,0,0
26752,3649.63,0,0,0,0,0.00,0,0,0
26802,3603.17,0,0,0,0,0.00,0,0,0
26852,3644.31,0,0,0,0,0.00,0,0,0
26902,3573.13,0,0,0,0,0.00,0,0,0
26952,3618.82,0,0,0,0,0.00,0,0,0
27002,3572.28,0,0,0,0,0.00,0,0,0
27052,3695.49,0,0,0,0,0.00,0,0,0
27102,3583.37,0,0,0,0,0.00,0,0,0
27152,3640.78,0,0,0,0,0.00,0,0,0
27202,3603.17,0,0,0,0,0.00,0,0,0
27252,3635.48,0,0,0,0,0.00,0,0,0
27302,3557.03,0,0,0,0,0.00,0,0,0
27352,3588.52,0,0,0,0,0.00,0,0,0
27402,3557.03,0,0,0,0,0.00,0,0,0
27452,3597.98,0,0,0,0,0.00,0,0,0
27502,3566.33,0,0,0,0,0.00,0,0,0
27552,3598.85,0,0,0,0,0.00,0,0,0
27602,3572.28,0,0,0,0,0.00,0,0,0
27652,3617.07,0,0,0,0,0.00,0,0,0
27702,3582.52,0,0,0,0,0.00,0,0,0
27752,3632.84,0,0,0,0,0.00,0,0,0
27802,3593.67,0,0,0,0,0.00,0,0,0
27852,3625.82,0,0,0,0,0.00,0,0,0
27902,3583.37,0,0,0,0,0.00,0,0,0
27952,3641.66,0,0,0,0,0.00,0,0,0
28002,3591.95,0,0,0,0,0.00,0,0,0
28052,3632.84,0,0,0,0,0.00,0,0,0
28102,3592.81,0,0,0,0,0.00,0,0,0
28152,3644.31,0,0,0,0,0.00,0,0,0
28203,3611.85,0,0,0,0,0.00,0,0,0
28253,3638.13,0,0,0,0,0.00,0,0,0
28303,3603.17,0,0,0,0,0.00,0,0,0
28353,3635.48,0,0,0,0,0.00,0,0,0
28403,3591.95,0,0,0,0,0.00,0,0,0
28453,3624.94,0,0,0,0,0.00,0,0,0
28503,3583.37,0,0,0,0,0.00,0,0,0
28553,3629.32,0,0,0,0,0.00,0,0,0
28603,3567.18,0,0,0,0,0.00,0,0,0
28653,3597.12,0,0,0,0,0.00,0,0,0
28703,3576.54,0,0,0,0,0.00,0,0,0
28753,3608.37,0,0,0,0,0.00,0,0,0
28803,3593.67,0,0,0,0,0.00,0,0,0
28853,3624.06,0,0,0,0,0.00,0,0,0
28903,3565.49,0,0,0,0,0.00,0,0,0
28953,3609.24,0,0,0,0,0.00,0,0,0
29003,3583.37,0,0,0,0,0.00,0,0,0
29053,3628.45,0,0,0,0,0.00,0,0,0
29103,3585.09,0,0,0,0,0.00,0,0,0
29153,3639.01,0,0,0,0,0.00,0,0,0
29203,3583.37,0,0,0,0,0.00,0,0,0
29253,3624.06,0,0,0,0,0.00,0,0,0
29303,3602.31,0,0,0,0,0.00,0,0,0
29353,3626.69,0,0,0,0,0.00,0,0,0
29403,3593.67,0,0,0,0,0.00,0,0,0
29453,3617.94,0,0,0,0,0.00,0,0,0
29503,3583.37,0,0,0,0,0.00,0,0,0
29553,3632.84,0,0,0,0,0.00,0,0,0
29603,3592.81,0,0,0,0,0.00,0,0,0
29654,3608.37,0,0,0,0,0.00,0,0,0
29704,3576.54,0,0,0,0,0.00,0,0,0
29754,3618.82,0,0,0,0,0.00,0,0,0
29804,3573.13,0,0,0,0,0.00,0,0,0
29854,3617.94,0,0,0,0,0.00,0,0,0
29904,3592.81,0,0,0,0,0.00,0,0,0
29954,3632.84,0,0,0,0,0.00,0,0,0
30004,3602.31,0,0,0,0,0.00,0,0,0
30054,3641.66,0,0,0,0,0.00,0,0,0
30104,3592.81,0,0,0,0,0.00,0,0,0
30154,3624.94,0,0,0,0,0.00,0,0,0
30204,3591.95,0,0,0,0,0.00,0,0,0
30254,3641.66,0,0,0,0,0.00,0,0,0
30304,3593.67,0,0,0,0,0.00,0,0,0
30354,3643.43,0,0,0,0,0.00,0,0,0
30404,3591.95,0,0,0,0,0.00,0,0,0
30454,3623.19,0,0,0,0,0.00,0,0,0
30504,3591.95,0,0,0,0,0.00,0,0,0
30554,3632.84,0,0,0,0,0.00,0,0,0
30604,3603.17,0,0,0,0,0.00,0,0,0
30654,3652.30,0,0,0,0,0.00,0,0,0
30704,3584.23,0,0,0,0,0.00,0,0,0
30754,3608.37,0,0,0,0,0.00,0,0,0
30804,3557.87,0,0,0,0,0.00,0,0,0
30854,3609.24,0,0,0,0,0.00,0,0,0
30904,3576.54,0,0,0,0,0.00,0,0,0
30954,3607.50,0,0,0,0,0.00,0,0,0
31004,3556.19,0,0,0,0,0.00,0,0,0
31054,3609.24,0,0,0,0,0.00,0,0,0
31104,3568.88,0,0,0,0,0.00,0,0,0
31154,3618.82,0,0,0,0,0.00,0,0,0
31204,3576.54,0,0,0,0,0.00,0,0,0
31254,3618.82,0,0,0,0,0.00,0,0,0
31304,3573.13,0,0,0,0,0.00,0,0,0
31354,3608.37,0,0,0,0,0.00,0,0,0
31404,3598.85,0,0,0,0,0.00,0,0,0
31454,3551.98,0,0,0,0,0.00,0,0,0
31504,3604.04,0,0,0,0,0.00,0,0,0
31554,3563.79,0,0,0,0,0.00,0,0,0
31604,3603.17,0,0,0,0,0.00,0,0,0
31654,3562.10,0,0,0,0,0.00,0,0,0
31704,3618.82,0,0,0,0,0.00,0,0,0
31754,3591.09,0,0,0,0,0.00,0,0,0
31804,3631.96,0,0,0,0,0.00,0,0,0
31854,3591.95,0,0,0,0,0.00,0,0,0
31904,3635.48,0,0,0,0,0.00,0,0,0
31954,3603.17,0,0,0,0,0.00,0,0,0
32004,3644.31,0,0,0,0,0.00,0,0,0
32054,3613.59,0,0,0,0,0.00,0,0,0
32104,3643.43,0,0,0,0,0.00,0,0,0
32154,3602.31,0,0,0,0,0.00,0,0,0
32204,3622.31,0,0,0,0,0.00,0,0,0
32254,3591.95,0,0,0,0,0.00,0,0,0
32304,3592.81,0,0,0,0,0.00,0,0,0
32354,3558.72,0,0,0,0,0.00,0,0,0
32404,3608.37,0,0,0,0,0.00,0,0,0
32454,3568.03,0,0,0,0,0.00,0,0,0
32504,3609.24,0,0,0,0,0.00,0,0,0
32555,3556.19,0,0,0,0,0.00,0,0,0
32605,3608.37,0,0,0,0,0.00,0,0,0
32655,3573.13,0,0,0,0,0.00,0,0,0
32705,3629.32,0,0,0,0,0.00,0,0,0
32755,3583.37,0,0,0,0,0.00,0,0,0
32805,3629.32,0,0,0,0,0.00,0,0,0
32855,3591.95,0,0,0,0,0.00,0,0,0
32905,3623.19,0,0,0,0,0.00,0,0,0
32955,3603.17,0,0,0,0,0.00,0,0,0
33005,3634.60,0,0,0,0,0.00,0,0,0
33055,3573.13,0,0,0,0,0.00,0,0,0
33105,3608.37,0,0,0,0,0.00,0,0,0
33155,3573.98,0,0,0,0,0.00,0,0,0
33205,3607.50,0,0,0,0,0.00,0,0,0
33255,3539.41,0,0,0,0,0.00,0,0,0
33305,3598.85,0,0,0,0,0.00,0,0,0
33355,3557.87,0,0,0,0,0.00,0,0,0
33405,3597.98,0,0,0,0,0.00,0,0,0
33455,3568.88,0,0,0,0,0.00,0,0,0
33505,3619.69,0,0,0,0,0.00,0,0,0
33555,3574.83,0,0,0,0,0.00,0,0,0
33605,3609.24,0,0,0,0,0.00,0,0,0
33655,3559.56,0,0,0,0,0.00,0,0,0
33705,3609.24,0,0,0,0,0.00,0,0,0
33755,3563.79,0,0,0,0,0.00,0,0,0
33805,3607.50,0,0,0,0,0.00,0,0,0
33855,3574.83,0,0,0,0,0.00,0,0,0
33905,3598.85,0,0,0,0,0.00,0,0,0
33955,3566.33,0,0,0,0,0.00,0,0,0
34006,3597.98,0,0,0,0,0.00,0,0,0
34056,3563.79,0,0,0,0,0.00,0,0,0
34106,3609.24,0,0,0,0,0.00,0,0,0
34156,3568.03,0,0,0,0,0.00,0,0,0
34206,3598.85,0,0,0,0,0.00,0,0,0
34256,3572.28,0,0,0,0,0.00,0,0,0
34306,3609.24,0,0,0,0,0.00,0,0,0
34356,3573.13,0,0,0,0,0.00,0,0,0
34406,3618.82,0,0,0,0,0.00,0,0,0
34456,3583.37,0,0,0,0,0.00,0,0,0
34506,3618.82,0,0,0,0,0.00,0,0,0
34556,3591.95,0,0,0,0,0.00,0,0,0
34606,3644.31,0,0,0,0,0.00,0,0,0
34656,3604.04,0,0,0,0,0.00,0,0,0
34706,3667.48,0,0,0,0,0.00,0,0,0
34756,3573.13,0,0,0,0,0.00,0,0,0
34806,3608.37,0,0,0,0,0.00,0,0,0
34856,3585.09,0,0,0,0,0.00,0,0,0
34906,3618.82,0,0,0,0,0.00,0,0,0
34956,3576.54,0,0,0,0,0.00,0,0,0
35006,3629.32,0,0,0,0,0.00,0,0,0
35056,3565.49,0,0,0,0,0.00,0,0,0
35106,3685.50,0,0,0,0,0.00,0,0,0
35156,3582.52,0,0,0,0,0.00,0,0,0
35206,3573.98,0,0,0,0,0.00,0,0,0
35256,3614.46,0,0,0,0,0.00,0,0,0
35306,3583.37,0,0,0,0,0.00,0,0,0
35356,3624.06,0,0,0,0,0.00,0,0,0
35406,3583.37,0,0,0,0,0.00,0,0,0
35456,3604.04,0,0,0,0,0.00,0,0,0
35506,3571.43,0,0,0,0,0.00,0,0,0
35556,3613.59,0,0,0,0,0.00,0,0,0
35606,3571.43,0,0,0,0,0.00,0,0,0
35656,3624.06,0,0,0,0,0.00,0,0,0
35706,3572.28,0,0,0,0,0.00,0,0,0
35756,3611.85,0,0,0,0,0.00,0,0,0
35806,3581.66,0,0,0,0,0.00,0,0,0
35856,3614.46,0,0,0,0,0.00,0,0,0
35906,3581.66,0,0,0,0,0.00,0,0,0
35956,3607.50,0,0,0,0,0.00,0,0,0
36006,3550.30,0,0,0,0,0.00,0,0,0
36056,3608.37,0,0,0,0,0.00,0,0,0
36106,3568.03,0,0,0,0,0.00,0,0,0
36156,3597.98,0,0,0,0,0.00,0,0,0
36206,3567.18,0,0,0,0,0.00,0,0,0
36256,3609.24,0,0,0,0,0.00,0,0,0
36306,3573.13,0,0,0,0,0.00,0,0,0
36356,3628.45,0,0,0,0,0.00,0,0,0
36406,3583.37,0,0,0,0,0.00,0,0,0
36456,3629.32,0,0,0,0,0.00,0,0,0
36506,3593.67,0,0,0,0,0.00,0,0,0
36556,3597.12,0,0,0,0,0.00,0,0,0
36606,3575.69,0,0,0,0,0.00,0,0,0
36656,3618.82,0,0,0,0,0.00,0,0,0
36706,3591.95,0,0,0,0,0.00,0,0,0
36756,3628.45,0,0,0,0,0.00,0,0,0
36806,3591.95,0,0,0,0,0.00,0,0,0
36856,3641.66,0,0,0,0,0.00,0,0,0
36907,3593.67,0,0,0,0,0.00,0,0,0
36957,3633.72,0,0,0,0,0.00,0,0,0
37007,3602.31,0,0,0,0,0.00,0,0,0
37057,3615.33,0,0,0,0,0.00,0,0,0
37107,3592.81,0,0,0,0,0.00,0,0,0
37157,3632.84,0,0,0,0,0.00,0,0,0
37207,3593.67,0,0,0,0,0.00,0,0,0
37257,3624.06,0,0,0,0,0.00,0,0,0
37307,3583.37,0,0,0,0,0.00,0,0,0
37357,3588.52,0,0,0,0,0.00,0,0,0
37407,3568.03,0,0,0,0,0.00,0,0,0
37457,3609.24,0,0,0,0,0.00,0,0,0
37507,3582.52,0,0,0,0,0.00,0,0,0
37557,3632.84,0,0,0,0,0.00,0,0,0
37607,3592.81,0,0,0,0,0.00,0,0,0
37657,3644.31,0,0,0,0,0.00,0,0,0
37707,3603.17,0,0,0,0,0.00,0,0,0
37757,3654.08,0,0,0,0,0.00,0,0,0
37807,3624.06,0,0,0,0,0.00,0,0,0
37857,3654.97,0,0,0,0,0.00,0,0,0
37907,3602.31,0,0,0,0,0.00,0,0,0
37957,3643.43,0,0,0,0,0.00,0,0,0
38007,3593.67,0,0,0,0,0.00,0,0,0
38057,3609.24,0,0,0,0,0.00,0,0,0
38107,3582.52,0,0,0,0,0.00,0,0,0
38157,3629.32,0,0,0,0,0.00,0,0,0
38207,3593.67,0,0,0,0,0.00,0,0,0
38257,3632.84,0,0,0,0,0.00,0,0,0
38307,3591.95,0,0,0,0,0.00,0,0,0
38358,3640.78,0,0,0,0,0.00,0,0,0
38408,3593.67,0,0,0,0,0.00,0,0,0
38458,3632.84,0,0,0,0,0.00,0,0,0
38508,3593.67,0,0,0,0,0.00,0,0,0
38558,3639.89,0,0,0,0,0.00,0,0,0
38608,3601.44,0,0,0,0,0.00,0,0,0
38658,3641.66,0,0,0,0,0.00,0,0,0
38708,3603.17,0,0,0,0,0.00,0,0,0
38758,3652.30,0,0,0,0,0.00,0,0,0
38808,3601.44,0,0,0,0,0.00,0,0,0
38858,3641.66,0,0,0,0,0.00,0,0,0
38908,3573.13,0,0,0,0,0.00,0,0,0
38958,3629.32,0,0,0,0,0.00,0,0,0
39008,3593.67,0,0,0,0,0.00,0,0,0
39058,3634.60,0,0,0,0,0.00,0,0,0
39108,3603.17,0,0,0,0,0.00,0,0,0
39158,3635.48,0,0,0,0,0.00,0,0,0
39208,3603.17,0,0,0,0,0.00,0,0,0
39258,3640.78,0,0,0,0,0.00,0,0,0
39308,3591.95,0,0,0,0,0.00,0,0,0
39358,3644.31,0,0,0,0,0.00,0,0,0
39408,3583.37,0,0,0,0,0.00,0,0,0
39458,3624.94,0,0,0,0,0.00,0,0,0
39508,3592.81,0,0,0,0,0.00,0,0,0
39558,3632.84,0,0,0,0,0.00,0,0,0
39608,3591.95,0,0,0,0,0.00,0,0,0
39658,3632.84,0,0,0,0,0.00,0,0,0
39708,3592.81,0,0,0,0,0.00,0,0,0
39758,3635.48,0,0,0,0,0.00,0,0,0
39808,3591.09,0,0,0,0,0.00,0,0,0
39858,3632.84,0,0,0,0,0.00,0,0,0
39908,3592.81,0,0,0,0,0.00,0,0,0
39958,3656.75,0,0,0,0,0.00,0,0,0
40008,3593.67,0,0,0,0,0.00,0,0,0
40058,3633.72,0,0,0,0,0.00,0,0,0
40108,3603.17,0,0,0,0,0.00,0,0,0
40158,3618.82,0,0,0,0,0.00,0,0,0
40208,3592.81,0,0,0,0,0.00,0,0,0
40258,3632.84,0,0,0,0,0.00,0,0,0
40308,3592.81,0,0,0,0,0.00,0,0,0
40358,3632.84,0,0,0,0,0.00,0,0,0
40408,3592.81,0,0,0,0,0.00,0,0,0
40458,3632.84,0,0,0,0,0.00,0,0,0
40508,3573.13,0,0,0,0,0.00,0,0,0
40558,3588.52,0,0,0,0,0.00,0,0,0
40608,3557.03,0,0,0,0,0.00,0,0,0
40658,3598.85,0,0,0,0,0.00,0,0,0
40708,3566.33,0,0,0,0,0.00,0,0,0
40758,3596.26,0,0,0,0,0.00,0,0,0
40808,3565.49,0,0,0,0,0.00,0,0,0
40858,3608.37,0,0,0,0,0.00,0,0,0
40908,3573.98,0,0,0,0,0.00,0,0,0
40958,3618.82,0,0,0,0,0.00,0,0,0
41008,3576.54,0,0,0,0,0.00,0,0,0
41058,3639.89,0,0,0,0,0.00,0,0,0
41108,3593.67,0,0,0,0,0.00,0,0,0
41158,3625.82,0,0,0,0,0.00,0,0,0
41208,3583.37,0,0,0,0,0.00,0,0,0
41259,3641.66,0,0,0,0,0.00,0,0,0
41309,3581.66,0,0,0,0,0.00,0,0,0
41359,3609.24,0,0,0,0,0.00,0,0,0
41409,3582.52,0,0,0,0,0.00,0,0,0
41459,3639.89,0,0,0,0,0.00,0,0,0
41509,3581.66,0,0,0,0,0.00,0,0,0
41559,3628.45,0,0,0,0,0.00,0,0,0
41609,3582.52,0,0,0,0,0.00,0,0,0
41659,3641.66,0,0,0,0,0.00,0,0,0
41709,3603.17,0,0,0,0,0.00,0,0,0
41759,3652.30,0,0,0,0,0.00,0,0,0
41809,3603.17,0,0,0,0,0.00,0,0,0
41859,3644.31,0,0,0,0,0.00,0,0,0
41909,3613.59,0,0,0,0,0.00,0,0,0
41959,3646.97,0,0,0,0,0.00,0,0,0
42009,3613.59,0,0,0,0,0.00,0,0,0
42059,3661.22,0,0,0,0,0.00,0,0,0
42109,3633.72,0,0,0,0,0.00,0,0,0
42159,3664.79,0,0,0,0,0.00,0,0,0
42209,3613.59,0,0,0,0,0.00,0,0,0
42259,3654.08,0,0,0,0,0.00,0,0,0
42309,3573.13,0,0,0,0,0.00,0,0,0
42359,3547.78,0,0,0,0,0.00,0,0,0
42409,3581.66,0,0,0,0,0.00,0,0,0
42459,3641.66,0,0,0,0,0.00,0,0,0
42509,3604.04,0,0,0,0,0.00,0,0,0
42559,3654.08,0,0,0,0,0.00,0,0,0
42609,3547.78,0,0,0,0,0.00,0,0,0
42659,3598.85,0,0,0,0,0.00,0,0,0
42710,3568.03,0,0,0,0,0.00,0,0,0
42760,3586.80,0,0,0,0,0.00,0,0,0
42810,3592.81,0,0,0,0,0.00,0,0,0
42860,3629.32,0,0,0,0,0.00,0,0,0
42910,3576.54,0,0,0,0,0.00,0,0,0
42960,3609.24,0,0,0,0,0.00,0,0,0
43010,3593.67,0,0,0,0,0.00,0,0,0
43060,3624.06,0,0,0,0,0.00,0,0,0
43110,3593.67,0,0,0,0,0.00,0,0,0
43160,3643.43,0,0,0,0,0.00,0,0,0
43210,3591.95,0,0,0,0,0.00,0,0,0
43260,3619.69,0,0,0,0,0.00,0,0,0
43310,3592.81,0,0,0,0,0.00,0,0,0
43360,3639.89,0,0,0,0,0.00,0,0,0
43410,3603.17,0,0,0,0,0.00,0,0,0
43460,3632.84,0,0,0,0,0.00,0,0,0
43510,3591.95,0,0,0,0,0.00,0,0,0
43560,3643.43,0,0,0,0,0.00,0,0,0
43610,3593.67,0,0,0,0,0.00,0,0,0
43660,3643.43,0,0,0,0,0.00,0,0,0
43710,3612.72,0,0,0,0,0.00,0,0,0
43760,3654.97,0,0,0,0,0.00,0,0,0
43810,3612.72,0,0,0,0,0.00,0,0,0
43860,3644.31,0,0,0,0,0.00,0,0,0
43910,3613.59,0,0,0,0,0.00,0,0,0
43960,3644.31,0,0,0,0,0.00,0,0,0
44010,3604.04,0,0,0,0,0.00,0,0,0
44060,3622.31,0,0,0,0,0.00,0,0,0
44110,3591.95,0,0,0,0,0.00,0,0,0
44160,3629.32,0,0,0,0,0.00,0,0,0
44210,3572.28,0,0,0,0,0.00,0,0,0
44260,3632.84,0,0,0,0,0.00,0,0,0
44310,3592.81,0,0,0,0,0.00,0,0,0
44360,3635.48,0,0,0,0,0.00,0,0,0
44410,3602.31,0,0,0,0,0.00,0,0,0
44460,3643.43,0,0,0,0,0.00,0,0,0
44510,3604.04,0,0,0,0,0.00,0,0,0
44560,3664.79,0,0,0,0,0.00,0,0,0
44610,3613.59,0,0,0,0,0.00,0,0,0
44660,3654.08,0,0,0,0,0.00,0,0,0
44710,3633.72,0,0,0,0,0.00,0,0,0
44760,3664.79,0,0,0,0,0.00,0,0,0
44810,3633.72,0,0,0,0,0.00,0,0,0
44860,3654.08,0,0,0,0,0.00,0,0,0
44910,3613.59,0,0,0,0,0.00,0,0,0
44960,3633.72,0,0,0,0,0.00,0,0,0
45010,3604.04,0,0,0,0,0.00,0,0,0
45060,3644.31,0,0,0,0,0.00,0,0,0
45110,3593.67,0,0,0,0,0.00,0,0,0
45160,3644.31,0,0,0,0,0.00,0,0,0
45210,3603.17,0,0,0,0,0.00,0,0,0
45260,3624.06,0,0,0,0,0.00,0,0,0
45310,3608.37,0,0,0,0,0.00,0,0,0
45360,3618.82,0,0,0,0,0.00,0,0,0
45410,3584.23,0,0,0,0,0.00,0,0,0
45460,3604.04,0,0,0,0,0.00,0,0,0
45510,3573.98,0,0,0,0,0.00,0,0,0
45560,3602.31,0,0,0,0,0.00,0,0,0
45611,3571.43,0,0,0,0,0.00,0,0,0
45661,3609.24,0,0,0,0,0.00,0,0,0
45711,3582.52,0,0,0,0,0.00,0,0,0
45761,3615.33,0,0,0,0,0.00,0,0,0
45811,3573.13,0,0,0,0,0.00,0,0,0
45861,3618.82,0,0,0,0,0.00,0,0,0
45911,3593.67,0,0,0,0,0.00,0,0,0
45961,3624.06,0,0,0,0,0.00,0,0,0
46011,3581.66,0,0,0,0,0.00,0,0,0
46061,3597.98,0,0,0,0,0.00,0,0,0
46111,3576.54,0,0,0,0,0.00,0,0,0
46161,3608.37,0,0,0,0,0.00,0,0,0
46211,3576.54,0,0,0,0,0.00,0,0,0
46261,3618.82,0,0,0,0,0.00,0,0,0
46311,3576.54,0,0,0,0,0.00,0,0,0
46361,3628.45,0,0,0,0,0.00,0,0,0
46411,3583.37,0,0,0,0,0.00,0,0,0
46461,3632.84,0,0,0,0,0.00,0,0,0
46511,3603.17,0,0,0,0,0.00,0,0,0
46561,3639.89,0,0,0,0,0.00,0,0,0
46611,3603.17,0,0,0,0,0.00,0,0,0
46661,3643.43,0,0,0,0,0.00,0,0,0
46711,3611.85,0,0,0,0,0.00,0,0,0
46761,3643.43,0,0,0,0,0.00,0,0,0
46811,3724.86,0,0,0,0,0.00,0,0,0
46861,3643.43,0,0,0,0,0.00,0,0,0
46911,3583.37,0,0,0,0,0.00,0,0,0
46961,3644.31,0,0,0,0,0.00,0,0,0
47011,3612.72,0,0,0,0,0.00,0,0,0
47062,3664.79,0,0,0,0,0.00,0,0,0
47112,3622.31,0,0,0,0,0.00,0,0,0
47162,3654.97,0,0,0,0,0.00,0,0,0
47212,3623.19,0,0,0,0,0.00,0,0,0
47262,3634.60,0,0,0,0,0.00,0,0,0
47312,3635.48,0,0,0,0,0.00,0,0,0
47362,3643.43,0,0,0,0,0.00,0,0,0
47412,3604.04,0,0,0,0,0.00,0,0,0
47462,3603.17,0,0,0,0,0.00,0,0,0
47512,3644.31,0,0,0,0,0.00,0,0,0
47562,3603.17,0,0,0,0,0.00,0,0,0
47612,3643.43,0,0,0,0,0.00,0,0,0
47662,3573.13,0,0,0,0,0.00,0,0,0
47712,3629.32,0,0,0,0,0.00,0,0,0
47762,3592.81,0,0,0,0,0.00,0,0,0
47812,3635.48,0,0,0,0,0.00,0,0,0
47862,3591.95,0,0,0,0,0.00,0,0,0
47912,3644.31,0,0,0,0,0.00,0,0,0
47962,3603.17,0,0,0,0,0.00,0,0,0
48012,3643.43,0,0,0,0,0.00,0,0,0
48062,3611.85,0,0,0,0,0.00,0,0,0
48112,3654.08,0,0,0,0,0.00,0,0,0
48162,3622.31,0,0,0,0,0.00,0,0,0
48212,3576.54,0,0,0,0,0.00,0,0,0
48262,3547.78,0,0,0,0,0.00,0,0,0
48312,3588.52,0,0,0,0,0.00,0,0,0
48362,3589.38,0,0,0,0,0.00,0,0,0
48412,3541.91,0,0,0,0,0.00,0,0,0
48462,3603.17,0,0,0,0,0.00,0,0,0
48512,3583.37,0,0,0,0,0.00,0,0,0
48562,3615.33,0,0,0,0,0.00,0,0,0
48612,3573.13,0,0,0,0,0.00,0,0,0
48662,3598.85,0,0,0,0,0.00,0,0,0
48712,3562.95,0,0,0,0,0.00,0,0,0
48762,3608.37,0,0,0,0,0.00,0,0,0
48812,3564.64,0,0,0,0,0.00,0,0,0
48862,3628.45,0,0,0,0,0.00,0,0,0
48912,3593.67,0,0,0,0,0.00,0,0,0
48962,3641.66,0,0,0,0,0.00,0,0,0
49012,3593.67,0,0,0,0,0.00,0,0,0
49062,3639.89,0,0,0,0,0.00,0,0,0
49112,3591.95,0,0,0,0,0.00,0,0,0
49162,3632.84,0,0,0,0,0.00,0,0,0
49212,3592.81,0,0,0,0,0.00,0,0,0
49262,3652.30,0,0,0,0,0.00,0,0,0
49312,3582.52,0,0,0,0,0.00,0,0,0
49362,3609.24,0,0,0,0,0.00,0,0,0
49412,3582.52,0,0,0,0,0.00,0,0,0
49462,3618.82,0,0,0,0,0.00,0,0,0
49512,3583.37,0,0,0,0,0.00,0,0,0
49562,3618.82,0,0,0,0,0.00,0,0,0
49612,3562.95,0,0,0,0,0.00,0,0,0
49662,3598.85,0,0,0,0,0.00,0,0,0
49712,3556.19,0,0,0,0,0.00,0,0,0
49762,3607.50,0,0,0,0,0.00,0,0,0
49812,3575.69,0,0,0,0,0.00,0,0,0
49862,3618.82,0,0,0,0,0.00,0,0,0
49912,3585.09,0,0,0,0,0.00,0,0,0
49963,3618.82,0,0,0,0,0.00,0,0,0
50013,3568.03,0,0,0,0,0.00,0,0,0
50063,3588.52,0,0,0,0,0.00,0,0,0
50113,3556.19,0,0,0,0,0.00,0,0,0
50163,3598.85,0,0,0,0,0.00,0,0,0
50213,3549.46,0,0,0,0,0.00,0,0,0
50263,3587.66,0,0,0,0,0.00,0,0,0
50313,3558.72,0,0,0,0,0.00,0,0,0
50363,3598.85,0,0,0,0,0.00,0,0,0
50413,3557.03,0,0,0,0,0.00,0,0,0
50463,3598.85,0,0,0,0,0.00,0,0,0
50513,3568.03,0,0,0,0,0.00,0,0,0
50563,3609.24,0,0,0,0,0.00,0,0,0
50613,3567.18,0,0,0,0,0.00,0,0,0
50663,3607.50,0,0,0,0,0.00,0,0,0
50713,3581.66,0,0,0,0,0.00,0,0,0
50763,3632.84,0,0,0,0,0.00,0,0,0
50813,3573.13,0,0,0,0,0.00,0,0,0
50863,3618.82,0,0,0,0,0.00,0,0,0
50913,3575.69,0,0,0,0,0.00,0,0,0
50963,3617.07,0,0,0,0,0.00,0,0,0
51013,3572.28,0,0,0,0,0.00,0,0,0
51063,3628.45,0,0,0,0,0.00,0,0,0
51113,3582.52,0,0,0,0,0.00,0,0,0
51163,3641.66,0,0,0,0,0.00,0,0,0
51213,3603.17,0,0,0,0,0.00,0,0,0
51263,3624.94,0,0,0,0,0.00,0,0,0
51313,3591.95,0,0,0,0,0.00,0,0,0
51363,3632.84,0,0,0,0,0.00,0,0,0
51414,3592.81,0,0,0,0,0.00,0,0,0
51464,3641.66,0,0,0,0,0.00,0,0,0
51514,3583.37,0,0,0,0,0.00,0,0,0
51564,3618.82,0,0,0,0,0.00,0,0,0
51614,3560.41,0,0,0,0,0.00,0,0,0
51664,3597.98,0,0,0,0,0.00,0,0,0
51714,3563.79,0,0,0,0,0.00,0,0,0
51764,3619.69,0,0,0,0,0.00,0,0,0
51814,3565.49,0,0,0,0,0.00,0,0,0
51864,3598.85,0,0,0,0,0.00,0,0,0
51914,3566.33,0,0,0,0,0.00,0,0,0
51964,3567.18,0,0,0,0,0.00,0,0,0
52014,3539.41,0,0,0,0,0.00,0,0,0
52064,3549.46,0,0,0,0,0.00,0,0,0
52114,3582.52,0,0,0,0,0.00,0,0,0
52164,3553.66,0,0,0,0,0.00,0,0,0
52214,3592.81,0,0,0,0,0.00,0,0,0
52264,3562.10,0,0,0,0,0.00,0,0,0
52314,3610.11,0,0,0,0,0.00,0,0,0
52364,3568.03,0,0,0,0,0.00,0,0,0
52414,3598.85,0,0,0,0,0.00,0,0,0
52464,3546.94,0,0,0,0,0.00,0,0,0
52514,3598.85,0,0,0,0,0.00,0,0,0
52564,3573.98,0,0,0,0,0.00,0,0,0
52614,3609.24,0,0,0,0,0.00,0,0,0
52664,3583.37,0,0,0,0,0.00,0,0,0
52714,3629.32,0,0,0,0,0.00,0,0,0
52764,3565.49,0,0,0,0,0.00,0,0,0
52814,3597.12,0,0,0,0,0.00,0,0,0
52864,3559.56,0,0,0,0,0.00,0,0,0
52914,3598.85,0,0,0,0,0.00,0,0,0
52964,3568.88,0,0,0,0,0.00,0,0,0
53014,3618.82,0,0,0,0,0.00,0,0,0
53064,3573.98,0,0,0,0,0.00,0,0,0
53114,3618.82,0,0,0,0,0.00,0,0,0
53164,3582.52,0,0,0,0,0.00,0,0,0
53214,3629.32,0,0,0,0,0.00,0,0,0
53264,3573.13,0,0,0,0,0.00,0,0,0
53314,3597.98,0,0,0,0,0.00,0,0,0
53364,3558.72,0,0,0,0,0.00,0,0,0
53414,3609.24,0,0,0,0,0.00,0,0,0
53464,3582.52,0,0,0,0,0.00,0,0,0
53514,3624.94,0,0,0,0,0.00,0,0,0
53564,3602.31,0,0,0,0,0.00,0,0,0
53614,3624.06,0,0,0,0,0.00,0,0,0
53664,3593.67,0,0,0,0,0.00,0,0,0
53714,3607.50,0,0,0,0,0.00,0,0,0
53764,3583.37,0,0,0,0,0.00,0,0,0
53814,3608.37,0,0,0,0,0.00,0,0,0
53864,3537.74,0,0,0,0,0.00,0,0,0
53914,3588.52,0,0,0,0,0.00,0,0,0
53964,3568.88,0,0,0,0,0.00,0,0,0
54014,3619.69,0,0,0,0,0.00,0,0,0
54064,3581.66,0,0,0,0,0.00,0,0,0
54114,3618.82,0,0,0,0,0.00,0,0,0
54164,3593.67,0,0,0,0,0.00,0,0,0
54214,3608.37,0,0,0,0,0.00,0,0,0
54264,3567.18,0,0,0,0,0.00,0,0,0
54315,3607.50,0,0,0,0,0.00,0,0,0
54365,3582.52,0,0,0,0,0.00,0,0,0
54415,3615.33,0,0,0,0,0.00,0,0,0
54465,3625.82,0,0,0,0,0.00,0,0,0
54515,3624.06,0,0,0,0,0.00,0,0,0
54565,3593.67,0,0,0,0,0.00,0,0,0
54615,3641.66,0,0,0,0,0.00,0,0,0
54665,3603.17,0,0,0,0,0.00,0,0,0
54715,3635.48,0,0,0,0,0.00,0,0,0
54765,3592.81,0,0,0,0,0.00,0,0,0
54815,3632.84,0,0,0,0,0.00,0,0,0
54865,3591.95,0,0,0,0,0.00,0,0,0
54915,3629.32,0,0,0,0,0.00,0,0,0
54965,3591.95,0,0,0,0,0.00,0,0,0
55015,3627.57,0,0,0,0,0.00,0,0,0
55065,3593.67,0,0,0,0,0.00,0,0,0
55115,3632.84,0,0,0,0,0.00,0,0,0
55165,3593.67,0,0,0,0,0.00,0,0,0
55215,3632.84,0,0,0,0,0.00,0,0,0
55265,3590.23,0,0,0,0,0.00,0,0,0
55315,3643.43,0,0,0,0,0.00,0,0,0
55365,3604.04,0,0,0,0,0.00,0,0,0
55415,3626.69,0,0,0,0,0.00,0,0,0
55465,3591.95,0,0,0,0,0.00,0,0,0
55515,3652.30,0,0,0,0,0.00,0,0,0
55565,3613.59,0,0,0,0,0.00,0,0,0
55615,3622.31,0,0,0,0,0.00,0,0,0
55665,3591.95,0,0,0,0,0.00,0,0,0
55715,3641.66,0,0,0,0,0.00,0,0,0
55766,3592.81,0,0,0,0,0.00,0,0,0
55816,3635.48,0,0,0,0,0.00,0,0,0
55866,3603.17,0,0,0,0,0.00,0,0,0
55916,3654.97,0,0,0,0,0.00,0,0,0
55966,3624.06,0,0,0,0,0.00,0,0,0
56016,3654.97,0,0,0,0,0.00,0,0,0
56066,3621.44,0,0,0,0,0.00,0,0,0
56116,3664.79,0,0,0,0,0.00,0,0,0
56166,3623.19,0,0,0,0,0.00,0,0,0
56216,3664.79,0,0,0,0,0.00,0,0,0
56266,3624.06,0,0,0,0,0.00,0,0,0
56316,3664.79,0,0,0,0,0.00,0,0,0
56366,3624.06,0,0,0,0,0.00,0,0,0
56416,3654.08,0,0,0,0,0.00,0,0,0
56466,3613.59,0,0,0,0,0.00,0,0,0
56516,3654.97,0,0,0,0,0.00,0,0,0
56566,3604.04,0,0,0,0,0.00,0,0,0
56616,3616.20,0,0,0,0,0.00,0,0,0
56666,3592.81,0,0,0,0,0.00,0,0,0
56716,3652.30,0,0,0,0,0.00,0,0,0
56766,3603.17,0,0,0,0,0.00,0,0,0
56816,3643.43,0,0,0,0,0.00,0,0,0
56866,3602.31,0,0,0,0,0.00,0,0,0
56916,3633.72,0,0,0,0,0.00,0,0,0
56966,3593.67,0,0,0,0,0.00,0,0,0
57016,3650.52,0,0,0,0,0.00,0,0,0
57066,3591.95,0,0,0,0,0.00,0,0,0
57116,3635.48,0,0,0,0,0.00,0,0,0
57166,3603.17,0,0,0,0,0.00,0,0,0
57216,3654.08,0,0,0,0,0.00,0,0,0
57266,3623.19,0,0,0,0,0.00,0,0,0
57316,3654.97,0,0,0,0,0.00,0,0,0
57366,3624.06,0,0,0,0,0.00,0,0,0
57416,3654.08,0,0,0,0,0.00,0,0,0
57466,3603.17,0,0,0,0,0.00,0,0,0
57516,3654.08,0,0,0,0,0.00,0,0,0
57566,3612.72,0,0,0,0,0.00,0,0,0
57616,3652.30,0,0,0,0,0.00,0,0,0
57666,3624.06,0,0,0,0,0.00,0,0,0
57716,3664.79,0,0,0,0,0.00,0,0,0
57766,3644.31,0,0,0,0,0.00,0,0,0
57816,3644.31,0,0,0,0,0.00,0,0,0
57866,3643.43,0,0,0,0,0.00,0,0,0
57916,3603.17,0,0,0,0,0.00,0,0,0
57966,3643.43,0,0,0,0,0.00,0,0,0
58016,3603.17,0,0,0,0,0.00,0,0,0
58066,3644.31,0,0,0,0,0.00,0,0,0
58116,3612.72,0,0,0,0,0.00,0,0,0
58166,3654.97,0,0,0,0,0.00,0,0,0
58216,3624.06,0,0,0,0,0.00,0,0,0
58266,3654.08,0,0,0,0,0.00,0,0,0
58316,3613.59,0,0,0,0,0.00,0,0,0
58366,3644.31,0,0,0,0,0.00,0,0,0
58416,3603.17,0,0,0,0,0.00,0,0,0
58466,3644.31,0,0,0,0,0.00,0,0,0
58516,3613.59,0,0,0,0,0.00,0,0,0
58566,3654.97,0,0,0,0,0.00,0,0,0
58616,3623.19,0,0,0,0,0.00,0,0,0
58667,3654.97,0,0,0,0,0.00,0,0,0
58717,3612.72,0,0,0,0,0.00,0,0,0
58767,3652.30,0,0,0,0,0.00,0,0,0
58817,3613.59,0,0,0,0,0.00,0,0,0
58867,3643.43,0,0,0,0,0.00,0,0,0
58917,3601.44,0,0,0,0,0.00,0,0,0
58967,3635.48,0,0,0,0,0.00,0,0,0
59017,3603.17,0,0,0,0,0.00,0,0,0
59067,3635.48,0,0,0,0,0.00,0,0,0
59117,3601.44,0,0,0,0,0.00,0,0,0
59167,3615.33,0,0,0,0,0.00,0,0,0
59217,3583.37,0,0,0,0,0.00,0,0,0
59267,3632.84,0,0,0,0,0.00,0,0,0
59317,3592.81,0,0,0,0,0.00,0,0,0
59367,3641.66,0,0,0,0,0.00,0,0,0
59417,3575.69,0,0,0,0,0.00,0,0,0
59467,3609.24,0,0,0,0,0.00,0,0,0
59517,3560.41,0,0,0,0,0.00,0,0,0
59567,3588.52,0,0,0,0,0.00,0,0,0
59617,3557.03,0,0,0,0,0.00,0,0,0
59667,3588.52,0,0,0,0,0.00,0,0,0
59717,3557.87,0,0,0,0,0.00,0,0,0
59767,3598.85,0,0,0,0,0.00,0,0,0
59817,3568.03,0,0,0,0,0.00,0,0,0
59867,3588.52,0,0,0,0,0.00,0,0,0
59917,3567.18,0,0,0,0,0.00,0,0,0
59967,3548.62,0,0,0,0,0.00,0,0,0
60017,3527.75,0,0,0,0,0.00,0,0,0
60067,3578.24,0,0,0,0,0.00,0,0,0
60118,3557.03,0,0,0,0,0.00,0,0,0
60168,3543.59,0,0,0,0,0.00,0,0,0
60218,3582.52,0,0,0,0,0.00,0,0,0
60268,3539.41,0,0,0,0,0.00,0,0,0
60318,3587.66,0,0,0,0,0.00,0,0,0
60368,3551.98,0,0,0,0,0.00,0,0,0
60418,3609.24,0,0,0,0,0.00,0,0,0
60468,3582.52,0,0,0,0,0.00,0,0,0
60518,3618.82,0,0,0,0,0.00,0,0,0
60568,3593.67,0,0,0,0,0.00,0,0,0
60618,3618.82,0,0,0,0,0.00,0,0,0
60668,3583.37,0,0,0,0,0.00,0,0,0
60718,3618.82,0,0,0,0,0.00,0,0,0
60768,3592.81,0,0,0,0,0.00,0,0,0
60818,3624.94,0,0,0,0,0.00,0,0,0
60868,3581.66,0,0,0,0,0.00,0,0,0
60918,3607.50,0,0,0,0,0.00,0,0,0
60968,3571.43,0,0,0,0,0.00,0,0,0
61018,3608.37,0,0,0,0,0.00,0,0,0
61068,3568.03,0,0,0,0,0.00,0,0,0
61118,3608.37,0,0,0,0,0.00,0,0,0
61168,3576.54,0,0,0,0,0.00,0,0,0
61218,3598.85,0,0,0,0,0.00,0,0,0
61268,3566.33,0,0,0,0,0.00,0,0,0
61318,3616.20,0,0,0,0,0.00,0,0,0
61368,3591.95,0,0,0,0,0.00,0,0,0
61418,3617.94,0,0,0,0,0.00,0,0,0
61468,3584.23,0,0,0,0,0.00,0,0,0
61518,3597.12,0,0,0,0,0.00,0,0,0
61568,3566.33,0,0,0,0,0.00,0,0,0
61618,3598.85,0,0,0,0,0.00,0,0,0
61668,3567.18,0,0,0,0,0.00,0,0,0
61718,3607.50,0,0,0,0,0.00,0,0,0
61768,3567.18,0,0,0,0,0.00,0,0,0
61818,3618.82,0,0,0,0,0.00,0,0,0
61868,3572.28,0,0,0,0,0.00,0,0,0
61918,3598.85,0,0,0,0,0.00,0,0,0
61968,3576.54,0,0,0,0,0.00,0,0,0
62018,3629.32,0,0,0,0,0.00,0,0,0
62068,3583.37,0,0,0,0,0.00,0,0,0
62118,3633.72,0,0,0,0,0.00,0,0,0
62168,3604.04,0,0,0,0,0.00,0,0,0
62218,3617.07,0,0,0,0,0.00,0,0,0
62268,3581.66,0,0,0,0,0.00,0,0,0
62318,3617.07,0,0,0,0,0.00,0,0,0
62368,3591.95,0,0,0,0,0.00,0,0,0
62418,3618.82,0,0,0,0,0.00,0,0,0
62468,3581.66,0,0,0,0,0.00,0,0,0
62518,3618.82,0,0,0,0,0.00,0,0,0
62568,3583.37,0,0,0,0,0.00,0,0,0
62618,3632.84,0,0,0,0,0.00,0,0,0
62668,3583.37,0,0,0,0,0.00,0,0,0
62718,3618.82,0,0,0,0,0.00,0,0,0
62768,3557.03,0,0,0,0,0.00,0,0,0
62818,3618.82,0,0,0,0,0.00,0,0,0
62868,3582.52,0,0,0,0,0.00,0,0,0
62918,3596.26,0,0,0,0,0.00,0,0,0
62968,3575.69,0,0,0,0,0.00,0,0,0
63019,3617.94,0,0,0,0,0.00,0,0,0
63069,3567.18,0,0,0,0,0.00,0,0,0
63119,3608.37,0,0,0,0,0.00,0,0,0
63169,3593.67,0,0,0,0,0.00,0,0,0
63219,3632.84,0,0,0,0,0.00,0,0,0
63269,3591.95,0,0,0,0,0.00,0,0,0
63319,3617.94,0,0,0,0,0.00,0,0,0
63369,3567.18,0,0,0,0,0.00,0,0,0
63419,3618.82,0,0,0,0,0.00,0,0,0
63469,3573.13,0,0,0,0,0.00,0,0,0
63519,3619.69,0,0,0,0,0.00,0,0,0
63569,3582.52,0,0,0,0,0.00,0,0,0
63619,3609.24,0,0,0,0,0.00,0,0,0
63669,3568.88,0,0,0,0,0.00,0,0,0
63719,3607.50,0,0,0,0,0.00,0,0,0
63769,3608.37,0,0,0,0,0.00,0,0,0
63819,3563.79,0,0,0,0,0.00,0,0,0
63869,3602.31,0,0,0,0,0.00,0,0,0
63919,3572.28,0,0,0,0,0.00,0,0,0
63969,3618.82,0,0,0,0,0.00,0,0,0
64019,3593.67,0,0,0,0,0.00,0,0,0
64069,3632.84,0,0,0,0,0.00,0,0,0
64119,3581.66,0,0,0,0,0.00,0,0,0
64169,3622.31,0,0,0,0,0.00,0,0,0
64219,3572.28,0,0,0,0,0.00,0,0,0
64269,3618.82,0,0,0,0,0.00,0,0,0
64319,3581.66,0,0,0,0,0.00,0,0,0
64369,3623.19,0,0,0,0,0.00,0,0,0
64419,3592.81,0,0,0,0,0.00,0,0,0
64470,3632.84,0,0,0,0,0.00,0,0,0
64520,3593.67,0,0,0,0,0.00,0,0,0
64570,3616.20,0,0,0,0,0.00,0,0,0
64620,3559.56,0,0,0,0,0.00,0,0,0
64670,3586.80,0,0,0,0,0.00,0,0,0
64720,3559.56,0,0,0,0,0.00,0,0,0
64770,3609.24,0,0,0,0,0.00,0,0,0
64820,3573.13,0,0,0,0,0.00,0,0,0
64870,3618.82,0,0,0,0,0.00,0,0,0
64920,3583.37,0,0,0,0,0.00,0,0,0
64970,3641.66,0,0,0,0,0.00,0,0,0
65020,3583.37,0,0,0,0,0.00,0,0,0
65070,3588.52,0,0,0,0,0.00,0,0,0
65120,3559.56,0,0,0,0,0.00,0,0,0
65170,3586.80,0,0,0,0,0.00,0,0,0
65220,3539.41,0,0,0,0,0.00,0,0,0
65270,3597.98,0,0,0,0,0.00,0,0,0
65320,3558.72,0,0,0,0,0.00,0,0,0
65370,3588.52,0,0,0,0,0.00,0,0,0
65420,3547.78,0,0,0,0,0.00,0,0,0
65470,3579.10,0,0,0,0,0.00,0,0,0
65520,3537.74,0,0,0,0,0.00,0,0,0
65570,3568.88,0,0,0,0,0.00,0,0,0
65620,3548.62,0,0,0,0,0.00,0,0,0
65670,3579.10,0,0,0,0,0.00,0,0,0
65720,3538.57,0,0,0,0,0.00,0,0,0
65770,3598.85,0,0,0,0,0.00,0,0,0
65820,3557.03,0,0,0,0,0.00,0,0,0
65870,3598.85,0,0,0,0,0.00,0,0,0
65920,3565.49,0,0,0,0,0.00,0,0,0
65970,3597.98,0,0,0,0,0.00,0,0,0
66020,3575.69,0,0,0,0,0.00,0,0,0
66070,3617.94,0,0,0,0,0.00,0,0,0
66120,3567.18,0,0,0,0,0.00,0,0,0
66170,3598.85,0,0,0,0,0.00,0,0,0
66220,3597.98,0,0,0,0,0.00,0,0,0
66270,3563.79,0,0,0,0,0.00,0,0,0
66320,3604.04,0,0,0,0,0.00,0,0,0
66370,3551.98,0,0,0,0,0.00,0,0,0
66420,3592.81,0,0,0,0,0.00,0,0,0
66470,3548.62,0,0,0,0,0.00,0,0,0
66520,3577.39,0,0,0,0,0.00,0,0,0
66570,3576.54,0,0,0,0,0.00,0,0,0
66620,3568.88,0,0,0,0,0.00,0,0,0
66670,3527.75,0,0,0,0,0.00,0,0,0
66720,3579.10,0,0,0,0,0.00,0,0,0
66770,3547.78,0,0,0,0,0.00,0,0,0
66820,3598.85,0,0,0,0,0.00,0,0,0
66870,3548.62,0,0,0,0,0.00,0,0,0
66920,3577.39,0,0,0,0,0.00,0,0,0
66970,3548.62,0,0,0,0,0.00,0,0,0
67020,3597.12,0,0,0,0,0.00,0,0,0
67070,3566.33,0,0,0,0,0.00,0,0,0
67120,3598.85,0,0,0,0,0.00,0,0,0
67170,3568.03,0,0,0,0,0.00,0,0,0
67220,3609.24,0,0,0,0,0.00,0,0,0
67270,3571.43,0,0,0,0,0.00,0,0,0
67320,3617.94,0,0,0,0,0.00,0,0,0
67371,3529.41,0,0,0,0,0.00,0,0,0
67421,3587.66,0,0,0,0,0.00,0,0,0
67471,3548.62,0,0,0,0,0.00,0,0,0
67521,3598.85,0,0,0,0,0.00,0,0,0
67571,3567.18,0,0,0,0,0.00,0,0,0
67621,3597.12,0,0,0,0,0.00,0,0,0
67671,3557.87,0,0,0,0,0.00,0,0,0
67721,3609.24,0,0,0,0,0.00,0,0,0
67771,3568.03,0,0,0,0,0.00,0,0,0
67821,3597.12,0,0,0,0,0.00,0,0,0
67871,3564.64,0,0,0,0,0.00,0,0,0
67921,3598.85,0,0,0,0,0.00,0,0,0
67971,3609.24,0,0,0,0,0.00,0,0,0
68021,3573.98,0,0,0,0,0.00,0,0,0
68071,3624.06,0,0,0,0,0.00,0,0,0
68121,3562.10,0,0,0,0,0.00,0,0,0
68171,3610.98,0,0,0,0,0.00,0,0,0
68221,3571.43,0,0,0,0,0.00,0,0,0
68271,3618.82,0,0,0,0,0.00,0,0,0
68321,3568.03,0,0,0,0,0.00,0,0,0
68371,3609.24,0,0,0,0,0.00,0,0,0
68421,3585.09,0,0,0,0,0.00,0,0,0
68471,3618.82,0,0,0,0,0.00,0,0,0
68521,3573.98,0,0,0,0,0.00,0,0,0
68571,3607.50,0,0,0,0,0.00,0,0,0
68621,3566.33,0,0,0,0,0.00,0,0,0
68671,3618.82,0,0,0,0,0.00,0,0,0
68721,3537.74,0,0,0,0,0.00,0,0,0
68771,3588.52,0,0,0,0,0.00,0,0,0
68822,3547.78,0,0,0,0,0.00,0,0,0
68872,3598.85,0,0,0,0,0.00,0,0,0
68922,3557.87,0,0,0,0,0.00,0,0,0
68972,3597.98,0,0,0,0,0.00,0,0,0
69022,3568.88,0,0,0,0,0.00,0,0,0
69072,3619.69,0,0,0,0,0.00,0,0,0
69122,3582.52,0,0,0,0,0.00,0,0,0
69172,3639.01,0,0,0,0,0.00,0,0,0
69222,3593.67,0,0,0,0,0.00,0,0,0
69272,3624.06,0,0,0,0,0.00,0,0,0
69322,3573.13,0,0,0,0,0.00,0,0,0
69372,3617.94,0,0,0,0,0.00,0,0,0
69422,3583.37,0,0,0,0,0.00,0,0,0
69472,3598.85,0,0,0,0,0.00,0,0,0
69522,3576.54,0,0,0,0,0.00,0,0,0
69572,3586.80,0,0,0,0,0.00,0,0,0
69622,3557.03,0,0,0,0,0.00,0,0,0
69672,3619.69,0,0,0,0,0.00,0,0,0
69722,3573.98,0,0,0,0,0.00,0,0,0
69772,3608.37,0,0,0,0,0.00,0,0,0
69822,3585.09,0,0,0,0,0.00,0,0,0
69872,3618.82,0,0,0,0,0.00,0,0,0
69922,3583.37,0,0,0,0,0.00,0,0,0
69972,3624.94,0,0,0,0,0.00,0,0,0
70022,3582.52,0,0,0,0,0.00,0,0,0
70072,3608.37,0,0,0,0,0.00,0,0,0
70122,3573.13,0,0,0,0,0.00,0,0,0
70172,3614.46,0,0,0,0,0.00,0,0,0
70222,3480.28,0,0,0,0,0.00,0,0,0
70272,3395.97,0,0,0,0,0.00,0,0,0
70322,3274.39,0,0,0,0,0.00,0,0,0
70372,3138.08,0,0,0,0,0.00,0,0,0
70422,3048.78,0,0,0,0,0.00,0,0,0
70472,2929.12,0,0,0,0,0.00,0,0,0
70522,2838.22,0,0,0,0,0.00,0,0,0
70572,2758.87,0,0,0,0,0.00,0,0,0
70622,2616.89,0,0,0,0,0.00,0,0,0
70672,2533.78,0,0,0,0,0.00,0,0,0
70722,2446.18,0,0,0,0,0.00,0,0,0
70772,2364.44,0,0,0,0,0.00,0,0,0
70822,2276.18,0,0,0,0,0.00,0,0,0
70872,2193.62,0,0,0,0,0.00,0,0,0
70922,2167.00,0,0,0,0,0.00,0,0,0
70972,2082.75,0,0,0,0,0.00,0,0,0
71022,1998.14,0,0,0,0,0.00,0,0,0
71072,1942.25,0,0,0,0,0.00,0,0,0
71122,1858.05,0,0,0,0,0.00,0,0,0
71172,1831.28,0,0,0,0,0.00,0,0,0
71222,1748.86,0,0,0,0,0.00,0,0,0
71272,1687.86,0,0,0,0,0.00,0,0,0
71322,1601.54,0,0,0,0,0.00,0,0,0
71372,1583.28,0,0,0,0,0.00,0,0,0
71422,1517.14,0,0,0,0,0.00,0,0,0
71472,1501.20,0,0,0,0,0.00,0,0,0
71522,1430.75,0,0,0,0,0.00,0,0,0
71572,1374.51,0,0,0,0,0.00,0,0,0
71622,1331.91,0,0,0,0,0.00,0,0,0
71672,1255.86,0,0,0,0,0.00,0,0,0
71723,1246.16,0,0,0,0,0.00,0,0,0
71773,1168.50,0,0,0,0,0.00,0,0,0
71823,1158.84,0,0,0,0,0.00,0,0,0
71873,1078.59,0,0,0,0,0.00,0,0,0
71923,1078.59,0,0,0,0,0.00,0,0,0
71973,1042.10,0,0,0,0,0.00,0,0,0
72023,1026.98,0,0,0,0,0.00,0,0,0
72073,979.94,0,0,0,0,0.00,0,0,0
72123,894.83,0,0,0,0,0.00,0,0,0
72173,894.83,0,0,0,0,0.00,0,0,0
72223,889.10,0,0,0,0,0.00,0,0,0
72273,803.51,0,0,0,0,0.00,0,0,0
72323,803.51,0,0,0,0,0.00,0,0,0
72373,793.99,0,0,0,0,0.00,0,0,0
72423,712.45,0,0,0,0,0.00,0,0,0
72473,712.45,0,0,0,0,0.00,0,0,0
72523,690.80,0,0,0,0,0.00,0,0,0
72573,690.80,0,0,0,0,0.00,0,0,0
72623,609.36,0,0,0,0,0.00,0,0,0
72673,609.36,0,0,0,0,0.00,0,0,0
72723,574.93,0,0,0,0,0.00,0,0,0
72773,574.93,0,0,0,0,0.00,0,0,0
72823,574.93,0,0,0,0,0.00,0,0,0
72873,478.90,0,0,0,0,0.00,0,0,0
72923,478.90,0,0,0,0,0.00,0,0,0
72973,427.14,0,0,0,0,0.00,0,0,0
73023,427.14,0,0,0,0,0.00,0,0,0
73073,427.14,0,0,0,0,0.00,0,0,0
73123,427.14,0,0,0,0,0.00,0,0,0
73174,0.00,0,0,0,0,0.00,0,0,0
73224,288.26,0,0,0,0,0.00,0,0,0
73274,288.26,0,0,0,0,0.00,0,0,0
73324,288.26,0,0,0,0,0.00,0,0,0
73374,288.26,0,0,0,0,0.00,0,0,0
73424,0.00,0,0,0,0,0.00,0,0,0
73474,0.00,0,0,0,0,0.00,0,0,0
73524,0.00,0,0,0,0,0.00,0,0,0
73574,0.00,0,0,0,0,0.00,0,0,0
73624,0.00,0,0,0,0,0.00,0,0,0
73674,0.00,0,0,0,0,0.00,0,0,0
73724,120.41,0,0,0,0,0.00,0,0,0
73774,120.41,0,0,0,0,0.00,0,0,0
73824,120.41,0,0,0,0,0.00,0,0,0
73874,120.41,0,0,0,0,0.00,0,0,0
73924,0.00,0,0,0,0,0.00,0,0,0
73974,0.00,0,0,0,0,0.00,0,0,0
74024,0.00,0,0,0,0,0.00,0,0,0
74074,0.00,0,0,0,0,0.00,0,0,0
74124,0.00,0,0,0,0,0.00,0,0,0
74174,0.00,0,0,0,0,0.00,0,0,0
74224,0.00,0,0,0,0,0.00,0,0,0
74274,0.00,0,0,0,0,0.00,0,0,0
74324,0.00,0,0,0,0,0.00,0,0,0
74374,0.00,0,0,0,0,0.00,0,0,0
74424,0.00,0,0,0,0,0.00,0,0,0
74474,0.00,0,0,0,0,0.00,0,0,0
74524,0.00,0,0,0,0,0.00,0,0,0
74574,0.00,0,0,0,0,0.00,0,0,0
74624,0.00,0,0,0,0,0.00,0,0,0
74674,0.00,0,0,0,0,0.00,0,0,0
74724,0.00,0,0,0,0,0.00,0,0,0
74774,0.00,0,0,0,0,0.00,0,0,0
74824,0.00,0,0,0,0,0.00,0,0,0
74874,0.00,0,0,0,0,0.00,0,0,0
74924,0.00,0,0,0,0,0.00,0,0,0
74974,0.00,0,0,0,0,0.00,0,0,0
75024,0.00,0,0,0,0,0.00,0,0,0
75074,0.00,0,0,0,0,0.00,0,0,0
75124,0.00,0,0,0,0,0.00,0,0,0
75174,0.00,0,0,0,0,0.00,0,0,0
75224,0.00,0,0,0,0,0.00,0,0,0
75274,0.00,0,0,0,0,0.00,0,0,0
75324,0.00,0,0,0,0,0.00,0,0,0
75374,0.00,0,0,0,0,0.00,0,0,0
75424,0.00,0,0,0,0,0.00,0,0,0
75474,0.00,0,0,0,0,0.00,0,0,0
75524,0.00,0,0,0,0,0.00,0,0,0
75574,0.00,0,0,0,0,0.00,0,0,0
75624,0.00,0,0,0,0,0.00,0,0,0
75674,0.00,0,0,0,0,0.00,0,0,0
75724,0.00,0,0,0,0,0.00,0,0,0
75774,0.00,0,0,0,0,0.00,0,0,0
75824,0.00,0,0,0,0,0.00,0,0,0
75874,0.00,0,0,0,0,0.00,0,0,0
75924,0.00,0,0,0,0,0.00,0,0,0
75974,0.00,0,0,0,0,0.00,0,0,0
76024,0.00,0,0,0,0,0.00,0,0,0
76075,0.00,0,0,0,0,0.00,0,0,0
76125,0.00,0,0,0,0,0.00,0,0,0
76175,0.00,0,0,0,0,0.00,0,0,0
76225,0.00,0,0,0,0,0.00,0,0,0
76275,0.00,0,0,0,0,0.00,0,0,0
76325,0.00,0,0,0,0,0.00,0,0,0
76375,0.00,0,0,0,0,0.00,0,0,0
76425,0.00,0,0,0,0,0.00,0,0,0
76475,0.00,0,0,0,0,0.00,0,0,0
76525,0.00,0,0,0,0,0.00,0,0,0
76575,0.00,0,0,0,0,0.00,0,0,0
76625,0.00,0,0,0,0,0.00,0,0,0
76675,0.00,0,0,0,0,0.00,0,0,0
76725,0.00,0,0,0,0,0.00,0,0,0
76775,0.00,0,0,0,0,0.00,0,0,0
76825,0.00,0,0,0,0,0.00,0,0,0
76875,0.00,0,0,0,0,0.00,0,0,0
76925,0.00,0,0,0,0,0.00,0,0,0
76975,0.00,0,0,0,0,0.00,0,0,0
77025,0.00,0,0,0,0,0.00,0,0,0
77075,0.00,0,0,0,0,0.00,0,0,0
77125,0.00,0,0,0,0,0.00,0,0,0
77175,0.00,0,0,0,0,0.00,0,0,0
77225,0.00,0,0,0,0,0.00,0,0,0
77275,0.00,0,0,0,0,0.00,0,0,0
77325,0.00,0,0,0,0,0.00,0,0,0
77375,0.00,0,0,0,0,0.00,0,0,0
77425,0.00,0,0,0,0,0.00,0,0,0
77475,0.00,0,0,0,0,0.00,0,0,0
77526,0.00,0,0,0,0,0.00,0,0,0
77576,0.00,0,0,0,0,0.00,0,0,0
77626,0.00,0,0,0,0,0.00,0,0,0
77676,0.00,0,0,0,0,0.00,0,0,0
77726,0.00,0,0,0,0,0.00,0,0,0
77776,0.00,0,0,0,0,0.00,0,0,0
77826,0.00,0,0,0,0,0.00,0,0,0
77876,0.00,0,0,0,0,0.00,0,0,0
77926,0.00,0,0,0,0,0.00,0,0,0
77976,0.00,0,0,0,0,0.00,0,0,0
78026,0.00,0,0,0,0,0.00,0,0,0
78076,0.00,0,0,0,0,0.00,0,0,0
78126,0.00,0,0,0,0,0.00,0,0,0
78176,0.00,0,0,0,0,0.00,0,0,0
78226,0.00,0,0,0,0,0.00,0,0,0
78276,0.00,0,0,0,0,0.00,0,0,0
78326,0.00,0,0,0,0,0.00,0,0,0
78376,0.00,0,0,0,0,0.00,0,0,0
78426,0.00,0,0,0,0,0.00,0,0,0
78476,0.00,0,0,0,0,0.00,0,0,0
78526,0.00,0,0,0,0,0.00,0,0,0
78576,0.00,0,0,0,0,0.00,0,0,0
78626,0.00,0,0,0,0,0.00,0,0,0
78676,0.00,0,0,0,0,0.00,0,0,0
78726,0.00,0,0,0,0,0.00,0,0,0
78776,0.00,0,0,0,0,0.00,0,0,0
78826,0.00,0,0,0,0,0.00,0,0,0
78876,0.00,0,0,0,0,0.00,0,0,0
78926,0.00,0,0,0,0,0.00,0,0,0
78976,0.00,0,0,0,0,0.00,0,0,0
79026,0.00,0,0,0,0,0.00,0,0,0
79076,0.00,0,0,0,0,0.00,0,0,0
79126,0.00,0,0,0,0,0.00,0,0,0
79176,0.00,0,0,0,0,0.00,0,0,0
79226,0.00,0,0,0,0,0.00,0,0,0
79276,0.00,0,0,0,0,0.00,0,0,0
79326,0.00,0,0,0,0,0.00,0,0,0
79376,0.00,0,0,0,0,0.00,0,0,0
79426,0.00,0,0,0,0,0.00,0,0,0
79476,0.00,0,0,0,0,0.00,0,0,0
79526,0.00,0,0,0,0,0.00,0,0,0
79576,0.00,0,0,0,0,0.00,0,0,0
79626,0.00,0,0,0,0,0.00,0,0,0
79676,0.00,0,0,0,0,0.00,0,0,0
79726,0.00,0,0,0,0,0.00,0,0,0
79776,0.00,0,0,0,0,0.00,0,0,0
79826,0.00,0,0,0,0,0.00,0,0,0
79876,0.00,0,0,0,0,0.00,0,0,0
79926,0.00,0,0,0,0,0.00,0,0,0
79976,0.00,0,0,0,0,0.00,0,0,0
80026,0.00,0,0,0,0,0.00,0,0,0
80076,0.00,0,0,0,0,0.00,0,0,0
80126,0.00,0,0,0,0,0.00,0,0,0
80176,0.00,0,0,0,0,0.00,0,0,0
80226,0.00,0,0,0,0,0.00,0,0,0
80276,0.00,0,0,0,0,0.00,0,0,0
80326,0.00,0,0,0,0,0.00,0,0,0
80376,0.00,0,0,0,0,0.00,0,0,0
