No Throttle Input - Constant Load (1500 W)
Trial: 10
Date: 3-31-2023
Time: 11:18 AM
Ambient Temp: 80
Head Temp: 217.4

------ Microcontroller Engine Governor - Version: 1.16 ------
-------------------------------------------------------------
PID Gains:        Kp: 0.013000   Ki: 0.025000   Kd: 1.000000
-------------------------------------------------------------
Set RPM:             3600    |  Min RPM:                300
                             |
RPM Precision        10       |  PID I Precision:         70
                             |
Start Steps:         850     |  Max Steps:               1200
                             |
RPM Calc Interval:   1       |  Num Magnets:             1
                             |
LCD Update Interval: 400     |  Serial Update Interval:  50
-------------------------------------------------------------

Time,RPM,Steps Remaining, PID p, PID i, PID d, RPM Change, P Cmd, I Cmd, D Cmd
90,0.00,0,0,0,0,0.00,0,0,0
140,0.00,0,0,0,0,0.00,0,0,0
190,0.00,0,0,0,0,0.00,0,0,0
240,0.00,0,0,0,0,0.00,0,0,0
290,0.00,0,0,0,0,0.00,0,0,0
340,0.00,0,0,0,0,0.00,0,0,0
390,0.00,0,0,0,0,0.00,0,0,0
440,0.00,0,0,0,0,0.00,0,0,0
490,0.00,0,0,0,0,0.00,0,0,0
540,0.00,0,0,0,0,0.00,0,0,0
590,0.00,0,0,0,0,0.00,0,0,0
640,0.00,0,0,0,0,0.00,0,0,0
690,0.00,0,0,0,0,0.00,0,0,0
740,0.00,0,0,0,0,0.00,0,0,0
790,0.00,0,0,0,0,0.00,0,0,0
840,0.00,0,0,0,0,0.00,0,0,0
890,0.00,0,0,0,0,0.00,0,0,0
940,0.00,0,0,0,0,0.00,0,0,0
990,0.00,0,0,0,0,0.00,0,0,0
1040,0.00,0,0,0,0,0.00,0,0,0
1090,0.00,0,0,0,0,0.00,0,0,0
1140,0.00,0,0,0,0,0.00,0,0,0
1190,0.00,0,0,0,0,0.00,0,0,0
1240,0.00,0,0,0,0,0.00,0,0,0
1290,0.00,0,0,0,0,0.00,0,0,0
1340,0.00,0,0,0,0,0.00,0,0,0
1390,0.00,0,0,0,0,0.00,0,0,0
1440,0.00,0,0,0,0,0.00,0,0,0
1490,0.00,0,0,0,0,0.00,0,0,0
1540,0.00,0,0,0,0,0.00,0,0,0
1590,0.00,0,0,0,0,0.00,0,0,0
1640,0.00,0,0,0,0,0.00,0,0,0
1690,0.00,0,0,0,0,0.00,0,0,0
1740,0.00,0,0,0,0,0.00,0,0,0
1790,0.00,0,0,0,0,0.00,0,0,0
1840,0.00,0,0,0,0,0.00,0,0,0
1890,0.00,0,0,0,0,0.00,0,0,0
1940,0.00,0,0,0,0,0.00,0,0,0
1990,0.00,0,0,0,0,0.00,0,0,0
2040,0.00,0,0,0,0,0.00,0,0,0
2091,0.00,0,0,0,0,0.00,0,0,0
2141,0.00,0,0,0,0,0.00,0,0,0
2191,0.00,0,0,0,0,0.00,0,0,0
2241,0.00,0,0,0,0,0.00,0,0,0
2291,0.00,0,0,0,0,0.00,0,0,0
2341,0.00,0,0,0,0,0.00,0,0,0
2391,0.00,0,0,0,0,0.00,0,0,0
2441,0.00,0,0,0,0,0.00,0,0,0
2491,0.00,0,0,0,0,0.00,0,0,0
2541,0.00,0,0,0,0,0.00,0,0,0
2591,0.00,0,0,0,0,0.00,0,0,0
2641,0.00,0,0,0,0,0.00,0,0,0
2691,0.00,0,0,0,0,0.00,0,0,0
2741,0.00,0,0,0,0,0.00,0,0,0
2791,0.00,0,0,0,0,0.00,0,0,0
2841,0.00,0,0,0,0,0.00,0,0,0
2891,0.00,0,0,0,0,0.00,0,0,0
2941,0.00,0,0,0,0,0.00,0,0,0
2991,0.00,0,0,0,0,0.00,0,0,0
3041,0.00,0,0,0,0,0.00,0,0,0
3091,0.00,0,0,0,0,0.00,0,0,0
3141,0.00,0,0,0,0,0.00,0,0,0
3191,0.00,0,0,0,0,0.00,0,0,0
3241,0.00,0,0,0,0,0.00,0,0,0
3291,0.00,0,0,0,0,0.00,0,0,0
3341,0.00,0,0,0,0,0.00,0,0,0
3391,0.00,0,0,0,0,0.00,0,0,0
3441,0.00,0,0,0,0,0.00,0,0,0
3491,0.00,0,0,0,0,0.00,0,0,0
3542,0.00,0,0,0,0,0.00,0,0,0
3592,0.00,0,0,0,0,0.00,0,0,0
3642,0.00,0,0,0,0,0.00,0,0,0
3692,0.00,0,0,0,0,0.00,0,0,0
3742,0.00,0,0,0,0,0.00,0,0,0
3792,0.00,0,0,0,0,0.00,0,0,0
3842,0.00,0,0,0,0,0.00,0,0,0
3892,0.00,0,0,0,0,0.00,0,0,0
3942,0.00,0,0,0,0,0.00,0,0,0
3992,0.00,0,0,0,0,0.00,0,0,0
4042,0.00,0,0,0,0,0.00,0,0,0
4092,0.00,0,0,0,0,0.00,0,0,0
4142,0.00,0,0,0,0,0.00,0,0,0
4192,0.00,0,0,0,0,0.00,0,0,0
4242,0.00,0,0,0,0,0.00,0,0,0
4292,0.00,0,0,0,0,0.00,0,0,0
4342,0.00,0,0,0,0,0.00,0,0,0
4392,0.00,0,0,0,0,0.00,0,0,0
4442,0.00,0,0,0,0,0.00,0,0,0
4492,0.00,0,0,0,0,0.00,0,0,0
4542,0.00,0,0,0,0,0.00,0,0,0
4592,0.00,0,0,0,0,0.00,0,0,0
4642,0.00,0,0,0,0,0.00,0,0,0
4692,0.00,0,0,0,0,0.00,0,0,0
4742,0.00,0,0,0,0,0.00,0,0,0
4792,0.00,0,0,0,0,0.00,0,0,0
4842,0.00,0,0,0,0,0.00,0,0,0
4892,0.00,0,0,0,0,0.00,0,0,0
4942,0.00,0,0,0,0,0.00,0,0,0
4992,0.00,0,0,0,0,0.00,0,0,0
5042,0.00,0,0,0,0,0.00,0,0,0
5092,0.00,0,0,0,0,0.00,0,0,0
5142,0.00,0,0,0,0,0.00,0,0,0
5192,0.00,0,0,0,0,0.00,0,0,0
5242,0.00,0,0,0,0,0.00,0,0,0
5292,0.00,0,0,0,0,0.00,0,0,0
5342,0.00,0,0,0,0,0.00,0,0,0
5392,0.00,0,0,0,0,0.00,0,0,0
5442,0.00,0,0,0,0,0.00,0,0,0
5492,0.00,0,0,0,0,0.00,0,0,0
5542,0.00,0,0,0,0,0.00,0,0,0
5592,0.00,0,0,0,0,0.00,0,0,0
5642,0.00,0,0,0,0,0.00,0,0,0
5692,0.00,0,0,0,0,0.00,0,0,0
5742,0.00,0,0,0,0,0.00,0,0,0
5792,0.00,0,0,0,0,0.00,0,0,0
5842,0.00,0,0,0,0,0.00,0,0,0
5892,0.00,0,0,0,0,0.00,0,0,0
5942,0.00,0,0,0,0,0.00,0,0,0
5992,0.00,0,0,0,0,0.00,0,0,0
6042,0.00,0,0,0,0,0.00,0,0,0
6092,0.00,0,0,0,0,0.00,0,0,0
6142,0.00,0,0,0,0,0.00,0,0,0
6192,0.00,0,0,0,0,0.00,0,0,0
6242,0.00,0,0,0,0,0.00,0,0,0
6292,0.00,0,0,0,0,0.00,0,0,0
6342,0.00,0,0,0,0,0.00,0,0,0
6392,0.00,0,0,0,0,0.00,0,0,0
6443,0.00,0,0,0,0,0.00,0,0,0
6493,0.00,0,0,0,0,0.00,0,0,0
6543,0.00,0,0,0,0,0.00,0,0,0
6593,0.00,0,0,0,0,0.00,0,0,0
6643,0.00,0,0,0,0,0.00,0,0,0
6693,0.00,0,0,0,0,0.00,0,0,0
6743,0.00,0,0,0,0,0.00,0,0,0
6793,0.00,0,0,0,0,0.00,0,0,0
6843,0.00,0,0,0,0,0.00,0,0,0
6893,0.00,0,0,0,0,0.00,0,0,0
6943,0.00,0,0,0,0,0.00,0,0,0
6993,0.00,0,0,0,0,0.00,0,0,0
7043,0.00,0,0,0,0,0.00,0,0,0
7093,0.00,0,0,0,0,0.00,0,0,0
7143,0.00,0,0,0,0,0.00,0,0,0
7193,0.00,0,0,0,0,0.00,0,0,0
7243,0.00,0,0,0,0,0.00,0,0,0
7293,0.00,0,0,0,0,0.00,0,0,0
7343,0.00,0,0,0,0,0.00,0,0,0
7393,0.00,0,0,0,0,0.00,0,0,0
7443,0.00,0,0,0,0,0.00,0,0,0
7493,0.00,0,0,0,0,0.00,0,0,0
7543,0.00,0,0,0,0,0.00,0,0,0
7593,0.00,0,0,0,0,0.00,0,0,0
7643,0.00,0,0,0,0,0.00,0,0,0
7693,0.00,0,0,0,0,0.00,0,0,0
7743,0.00,0,0,0,0,0.00,0,0,0
7793,0.00,0,0,0,0,0.00,0,0,0
7843,0.00,0,0,0,0,0.00,0,0,0
7894,0.00,0,0,0,0,0.00,0,0,0
7944,0.00,0,0,0,0,0.00,0,0,0
7994,0.00,0,0,0,0,0.00,0,0,0
8044,0.00,0,0,0,0,0.00,0,0,0
8094,0.00,0,0,0,0,0.00,0,0,0
8144,0.00,0,0,0,0,0.00,0,0,0
8194,0.00,0,0,0,0,0.00,0,0,0
8244,0.00,0,0,0,0,0.00,0,0,0
8294,0.00,0,0,0,0,0.00,0,0,0
8344,0.00,0,0,0,0,0.00,0,0,0
8394,0.00,0,0,0,0,0.00,0,0,0
8444,0.00,0,0,0,0,0.00,0,0,0
8494,0.00,0,0,0,0,0.00,0,0,0
8544,0.00,0,0,0,0,0.00,0,0,0
8594,0.00,0,0,0,0,0.00,0,0,0
8644,0.00,0,0,0,0,0.00,0,0,0
8694,0.00,0,0,0,0,0.00,0,0,0
8744,0.00,0,0,0,0,0.00,0,0,0
8794,0.00,0,0,0,0,0.00,0,0,0
8844,0.00,0,0,0,0,0.00,0,0,0
8894,0.00,0,0,0,0,0.00,0,0,0
8944,0.00,0,0,0,0,0.00,0,0,0
8994,0.00,0,0,0,0,0.00,0,0,0
9044,0.00,0,0,0,0,0.00,0,0,0
9094,0.00,0,0,0,0,0.00,0,0,0
9144,0.00,0,0,0,0,0.00,0,0,0
9194,0.00,0,0,0,0,0.00,0,0,0
9244,0.00,0,0,0,0,0.00,0,0,0
9294,0.00,0,0,0,0,0.00,0,0,0
9344,0.00,0,0,0,0,0.00,0,0,0
9394,0.00,0,0,0,0,0.00,0,0,0
9444,0.00,0,0,0,0,0.00,0,0,0
9494,0.00,0,0,0,0,0.00,0,0,0
9544,0.00,0,0,0,0,0.00,0,0,0
9594,0.00,0,0,0,0,0.00,0,0,0
9644,0.00,0,0,0,0,0.00,0,0,0
9694,0.00,0,0,0,0,0.00,0,0,0
9744,0.00,0,0,0,0,0.00,0,0,0
9794,0.00,0,0,0,0,0.00,0,0,0
9844,0.00,0,0,0,0,0.00,0,0,0
9894,0.00,0,0,0,0,0.00,0,0,0
9944,0.00,0,0,0,0,0.00,0,0,0
9994,0.00,0,0,0,0,0.00,0,0,0
10044,0.00,0,0,0,0,0.00,0,0,0
10094,0.00,0,0,0,0,0.00,0,0,0
10144,inf,0,0,0,0,0.00,0,0,0
10194,inf,0,0,0,0,0.00,0,0,0
10244,inf,0,0,0,0,0.00,0,0,0
10294,456.84,0,0,0,0,0.00,0,0,0
10344,456.84,0,0,0,0,0.00,0,0,0
10394,475.36,0,0,0,0,0.00,0,0,0
10444,475.36,0,0,0,0,0.00,0,0,0
10494,825.85,0,0,0,0,0.00,0,0,0
10544,829.42,0,0,0,0,0.00,0,0,0
10594,1225.89,0,0,0,0,0.00,0,0,0
10644,1242.54,0,0,0,0,0.00,0,0,0
10694,1579.45,0,0,0,0,0.00,0,0,0
10744,1880.41,0,0,0,0,0.00,0,0,0
10795,1898.97,0,0,0,0,0.00,0,0,0
10845,2128.26,0,0,0,0,0.00,0,0,0
10895,2305.21,0,0,0,0,0.00,0,0,0
10945,2455.80,0,0,0,0,0.00,0,0,0
10995,2606.88,0,0,0,0,0.00,0,0,0
11045,2876.87,0,0,0,0,0.00,0,0,0
11095,2970.30,0,0,0,0,0.00,0,0,0
11145,3048.78,0,0,0,0,0.00,0,0,0
11195,3123.05,0,0,0,0,0.00,0,0,0
11245,3283.71,0,0,0,0,0.00,0,0,0
11295,3327.42,0,0,0,0,0.00,0,0,0
11345,3424.66,0,0,0,0,0.00,0,0,0
11395,3490.00,0,0,0,0,0.00,0,0,0
11445,3453.04,0,0,0,0,0.00,0,0,0
11495,3568.88,0,0,0,0,0.00,0,0,0
11545,3557.03,0,0,0,0,0.00,0,0,0
11595,3608.37,0,0,0,0,0.00,0,0,0
11645,3557.03,0,0,0,0,0.00,0,0,0
11695,3577.39,0,0,0,0,0.00,0,0,0
11745,3538.57,0,0,0,0,0.00,0,0,0
11795,3549.46,0,0,0,0,0.00,0,0,0
11845,3491.62,0,0,0,0,0.00,0,0,0
11895,3538.57,0,0,0,0,0.00,0,0,0
11945,3499.77,0,0,0,0,0.00,0,0,0
11995,3547.78,0,0,0,0,0.00,0,0,0
12045,3508.77,0,0,0,0,0.00,0,0,0
12095,3490.00,0,0,0,0,0.00,0,0,0
12145,3543.59,0,0,0,0,0.00,0,0,0
12195,3508.77,0,0,0,0,0.00,0,0,0
12246,3549.46,0,0,0,0,0.00,0,0,0
12296,3498.95,0,0,0,0,0.00,0,0,0
12346,3527.75,0,0,0,0,0.00,0,0,0
12396,3490.00,0,0,0,0,0.00,0,0,0
12446,3530.24,0,0,0,0,0.00,0,0,0
12496,3490.00,0,0,0,0,0.00,0,0,0
12546,3528.58,0,0,0,0,0.00,0,0,0
12596,3481.09,0,0,0,0,0.00,0,0,0
12646,3537.74,0,0,0,0,0.00,0,0,0
12696,3508.77,0,0,0,0,0.00,0,0,0
12746,3508.77,0,0,0,0,0.00,0,0,0
12796,3553.66,0,0,0,0,0.00,0,0,0
12846,3487.56,0,0,0,0,0.00,0,0,0
12896,3527.75,0,0,0,0,0.00,0,0,0
12946,3490.00,0,0,0,0,0.00,0,0,0
12996,3529.41,0,0,0,0,0.00,0,0,0
13046,3500.58,0,0,0,0,0.00,0,0,0
13096,3529.41,0,0,0,0,0.00,0,0,0
13146,3498.95,0,0,0,0,0.00,0,0,0
13196,3547.78,0,0,0,0,0.00,0,0,0
13246,3518.65,0,0,0,0,0.00,0,0,0
13296,3558.72,0,0,0,0,0.00,0,0,0
13346,3519.47,0,0,0,0,0.00,0,0,0
13396,3567.18,0,0,0,0,0.00,0,0,0
13446,3588.52,0,0,0,0,0.00,0,0,0
13496,3544.42,0,0,0,0,0.00,0,0,0
13546,3585.09,0,0,0,0,0.00,0,0,0
13596,3517.82,0,0,0,0,0.00,0,0,0
13646,3557.87,0,0,0,0,0.00,0,0,0
13696,3453.04,0,0,0,0,0.00,0,0,0
13746,3541.91,0,0,0,0,0.00,0,0,0
13796,3470.62,0,0,0,0,0.00,0,0,0
13846,3498.95,0,0,0,0,0.00,0,0,0
13896,3461.80,0,0,0,0,0.00,0,0,0
13946,3500.58,0,0,0,0,0.00,0,0,0
13996,3518.65,0,0,0,0,0.00,0,0,0
14046,3495.69,0,0,0,0,0.00,0,0,0
14096,3539.41,0,0,0,0,0.00,0,0,0
14146,3508.77,0,0,0,0,0.00,0,0,0
14196,3558.72,0,0,0,0,0.00,0,0,0
14246,3529.41,0,0,0,0,0.00,0,0,0
14296,3547.78,0,0,0,0,0.00,0,0,0
14346,3508.77,0,0,0,0,0.00,0,0,0
14396,3568.88,0,0,0,0,0.00,0,0,0
14446,3518.65,0,0,0,0,0.00,0,0,0
14496,3547.78,0,0,0,0,0.00,0,0,0
14546,3508.77,0,0,0,0,0.00,0,0,0
14596,3547.78,0,0,0,0,0.00,0,0,0
14646,3517.82,0,0,0,0,0.00,0,0,0
14696,3568.03,0,0,0,0,0.00,0,0,0
14746,3519.47,0,0,0,0,0.00,0,0,0
14796,3518.65,0,0,0,0,0.00,0,0,0
14846,3563.79,0,0,0,0,0.00,0,0,0
14896,3522.78,0,0,0,0,0.00,0,0,0
14946,3538.57,0,0,0,0,0.00,0,0,0
14996,3510.41,0,0,0,0,0.00,0,0,0
15046,3548.62,0,0,0,0,0.00,0,0,0
15096,3527.75,0,0,0,0,0.00,0,0,0
15147,3557.03,0,0,0,0,0.00,0,0,0
15197,3527.75,0,0,0,0,0.00,0,0,0
15247,3547.78,0,0,0,0,0.00,0,0,0
15297,3519.47,0,0,0,0,0.00,0,0,0
15347,3557.87,0,0,0,0,0.00,0,0,0
15397,3527.75,0,0,0,0,0.00,0,0,0
15447,3567.18,0,0,0,0,0.00,0,0,0
15497,3538.57,0,0,0,0,0.00,0,0,0
15547,3588.52,0,0,0,0,0.00,0,0,0
15597,3557.87,0,0,0,0,0.00,0,0,0
15647,3597.98,0,0,0,0,0.00,0,0,0
15697,3564.64,0,0,0,0,0.00,0,0,0
15747,3564.64,0,0,0,0,0.00,0,0,0
15797,3583.37,0,0,0,0,0.00,0,0,0
15847,3553.66,0,0,0,0,0.00,0,0,0
15897,3591.95,0,0,0,0,0.00,0,0,0
15947,3551.98,0,0,0,0,0.00,0,0,0
15997,3597.98,0,0,0,0,0.00,0,0,0
16047,3567.18,0,0,0,0,0.00,0,0,0
16097,3597.12,0,0,0,0,0.00,0,0,0
16147,3568.88,0,0,0,0,0.00,0,0,0
16197,3618.82,0,0,0,0,0.00,0,0,0
16247,3583.37,0,0,0,0,0.00,0,0,0
16297,3632.84,0,0,0,0,0.00,0,0,0
16347,3573.13,0,0,0,0,0.00,0,0,0
16397,3618.82,0,0,0,0,0.00,0,0,0
16447,3584.23,0,0,0,0,0.00,0,0,0
16497,3618.82,0,0,0,0,0.00,0,0,0
16547,3573.13,0,0,0,0,0.00,0,0,0
16598,3618.82,0,0,0,0,0.00,0,0,0
16648,3583.37,0,0,0,0,0.00,0,0,0
16698,3618.82,0,0,0,0,0.00,0,0,0
16748,3576.54,0,0,0,0,0.00,0,0,0
16798,3609.24,0,0,0,0,0.00,0,0,0
16848,3559.56,0,0,0,0,0.00,0,0,0
16898,3608.37,0,0,0,0,0.00,0,0,0
16948,3564.64,0,0,0,0,0.00,0,0,0
16998,3608.37,0,0,0,0,0.00,0,0,0
17048,3576.54,0,0,0,0,0.00,0,0,0
17098,3618.82,0,0,0,0,0.00,0,0,0
17148,3568.03,0,0,0,0,0.00,0,0,0
17198,3609.24,0,0,0,0,0.00,0,0,0
17248,3559.56,0,0,0,0,0.00,0,0,0
17298,3588.52,0,0,0,0,0.00,0,0,0
17348,3548.62,0,0,0,0,0.00,0,0,0
17398,3568.88,0,0,0,0,0.00,0,0,0
17448,3537.74,0,0,0,0,0.00,0,0,0
17498,3568.88,0,0,0,0,0.00,0,0,0
17548,3537.74,0,0,0,0,0.00,0,0,0
17598,3588.52,0,0,0,0,0.00,0,0,0
17648,3537.74,0,0,0,0,0.00,0,0,0
17698,3578.24,0,0,0,0,0.00,0,0,0
17748,3537.74,0,0,0,0,0.00,0,0,0
17798,3518.65,0,0,0,0,0.00,0,0,0
17848,3572.28,0,0,0,0,0.00,0,0,0
17898,3532.74,0,0,0,0,0.00,0,0,0
17948,3579.10,0,0,0,0,0.00,0,0,0
17998,3559.56,0,0,0,0,0.00,0,0,0
18048,3597.12,0,0,0,0,0.00,0,0,0
18098,3576.54,0,0,0,0,0.00,0,0,0
18148,3598.85,0,0,0,0,0.00,0,0,0
18198,3557.03,0,0,0,0,0.00,0,0,0
18248,3597.12,0,0,0,0,0.00,0,0,0
18298,3557.87,0,0,0,0,0.00,0,0,0
18348,3609.24,0,0,0,0,0.00,0,0,0
18398,3557.87,0,0,0,0,0.00,0,0,0
18448,3588.52,0,0,0,0,0.00,0,0,0
18498,3557.03,0,0,0,0,0.00,0,0,0
18548,3597.12,0,0,0,0,0.00,0,0,0
18598,3567.18,0,0,0,0,0.00,0,0,0
18648,3608.37,0,0,0,0,0.00,0,0,0
18698,3573.13,0,0,0,0,0.00,0,0,0
18748,3609.24,0,0,0,0,0.00,0,0,0
18798,3547.78,0,0,0,0,0.00,0,0,0
18848,3587.66,0,0,0,0,0.00,0,0,0
18898,3549.46,0,0,0,0,0.00,0,0,0
18948,3587.66,0,0,0,0,0.00,0,0,0
18998,3549.46,0,0,0,0,0.00,0,0,0
19048,3588.52,0,0,0,0,0.00,0,0,0
19098,3556.19,0,0,0,0,0.00,0,0,0
19148,3588.52,0,0,0,0,0.00,0,0,0
19198,3556.19,0,0,0,0,0.00,0,0,0
19248,3588.52,0,0,0,0,0.00,0,0,0
19298,3546.94,0,0,0,0,0.00,0,0,0
19348,3588.52,0,0,0,0,0.00,0,0,0
19398,3557.87,0,0,0,0,0.00,0,0,0
19448,3608.37,0,0,0,0,0.00,0,0,0
19499,3598.85,0,0,0,0,0.00,0,0,0
19549,3573.13,0,0,0,0,0.00,0,0,0
19599,3603.17,0,0,0,0,0.00,0,0,0
19649,3572.28,0,0,0,0,0.00,0,0,0
19699,3624.06,0,0,0,0,0.00,0,0,0
19749,3582.52,0,0,0,0,0.00,0,0,0
19799,3632.84,0,0,0,0,0.00,0,0,0
19849,3593.67,0,0,0,0,0.00,0,0,0
19899,3633.72,0,0,0,0,0.00,0,0,0
19949,3593.67,0,0,0,0,0.00,0,0,0
19999,3633.72,0,0,0,0,0.00,0,0,0
20049,3591.95,0,0,0,0,0.00,0,0,0
20099,3644.31,0,0,0,0,0.00,0,0,0
20149,3592.81,0,0,0,0,0.00,0,0,0
20199,3621.44,0,0,0,0,0.00,0,0,0
20249,3573.98,0,0,0,0,0.00,0,0,0
20299,3624.06,0,0,0,0,0.00,0,0,0
20349,3573.13,0,0,0,0,0.00,0,0,0
20399,3583.37,0,0,0,0,0.00,0,0,0
20449,3547.78,0,0,0,0,0.00,0,0,0
20499,3598.85,0,0,0,0,0.00,0,0,0
20549,3573.98,0,0,0,0,0.00,0,0,0
20599,3617.07,0,0,0,0,0.00,0,0,0
20649,3568.03,0,0,0,0,0.00,0,0,0
20699,3609.24,0,0,0,0,0.00,0,0,0
20749,3571.43,0,0,0,0,0.00,0,0,0
20799,3628.45,0,0,0,0,0.00,0,0,0
20849,3583.37,0,0,0,0,0.00,0,0,0
20899,3629.32,0,0,0,0,0.00,0,0,0
20950,3583.37,0,0,0,0,0.00,0,0,0
21000,3628.45,0,0,0,0,0.00,0,0,0
21050,3568.03,0,0,0,0,0.00,0,0,0
21100,3609.24,0,0,0,0,0.00,0,0,0
21150,3571.43,0,0,0,0,0.00,0,0,0
21200,3617.94,0,0,0,0,0.00,0,0,0
21250,3581.66,0,0,0,0,0.00,0,0,0
21300,3597.98,0,0,0,0,0.00,0,0,0
21350,3574.83,0,0,0,0,0.00,0,0,0
21400,3617.94,0,0,0,0,0.00,0,0,0
21450,3573.13,0,0,0,0,0.00,0,0,0
21500,3609.24,0,0,0,0,0.00,0,0,0
21550,3583.37,0,0,0,0,0.00,0,0,0
21600,3629.32,0,0,0,0,0.00,0,0,0
21650,3593.67,0,0,0,0,0.00,0,0,0
21700,3640.78,0,0,0,0,0.00,0,0,0
21750,3591.95,0,0,0,0,0.00,0,0,0
21800,3628.45,0,0,0,0,0.00,0,0,0
21850,3593.67,0,0,0,0,0.00,0,0,0
21900,3632.84,0,0,0,0,0.00,0,0,0
21950,3582.52,0,0,0,0,0.00,0,0,0
22000,3609.24,0,0,0,0,0.00,0,0,0
22050,3582.52,0,0,0,0,0.00,0,0,0
22100,3618.82,0,0,0,0,0.00,0,0,0
22150,3568.03,0,0,0,0,0.00,0,0,0
22200,3608.37,0,0,0,0,0.00,0,0,0
22250,3568.03,0,0,0,0,0.00,0,0,0
22300,3608.37,0,0,0,0,0.00,0,0,0
22350,3575.69,0,0,0,0,0.00,0,0,0
22400,3609.24,0,0,0,0,0.00,0,0,0
22450,3568.88,0,0,0,0,0.00,0,0,0
22500,3598.85,0,0,0,0,0.00,0,0,0
22550,3573.98,0,0,0,0,0.00,0,0,0
22600,3608.37,0,0,0,0,0.00,0,0,0
22650,3571.43,0,0,0,0,0.00,0,0,0
22700,3607.50,0,0,0,0,0.00,0,0,0
22750,3575.69,0,0,0,0,0.00,0,0,0
22800,3617.94,0,0,0,0,0.00,0,0,0
22850,3581.66,0,0,0,0,0.00,0,0,0
22900,3627.57,0,0,0,0,0.00,0,0,0
22950,3567.18,0,0,0,0,0.00,0,0,0
23000,3608.37,0,0,0,0,0.00,0,0,0
23050,3576.54,0,0,0,0,0.00,0,0,0
23100,3609.24,0,0,0,0,0.00,0,0,0
23150,3573.13,0,0,0,0,0.00,0,0,0
23200,3609.24,0,0,0,0,0.00,0,0,0
23250,3585.09,0,0,0,0,0.00,0,0,0
23300,3618.82,0,0,0,0,0.00,0,0,0
23350,3583.37,0,0,0,0,0.00,0,0,0
23400,3555.34,0,0,0,0,0.00,0,0,0
23450,3583.37,0,0,0,0,0.00,0,0,0
23500,3624.06,0,0,0,0,0.00,0,0,0
23550,3591.95,0,0,0,0,0.00,0,0,0
23600,3627.57,0,0,0,0,0.00,0,0,0
23650,3591.95,0,0,0,0,0.00,0,0,0
23700,3632.84,0,0,0,0,0.00,0,0,0
23750,3582.52,0,0,0,0,0.00,0,0,0
23800,3641.66,0,0,0,0,0.00,0,0,0
23851,3601.44,0,0,0,0,0.00,0,0,0
23901,3641.66,0,0,0,0,0.00,0,0,0
23951,3603.17,0,0,0,0,0.00,0,0,0
24001,3632.84,0,0,0,0,0.00,0,0,0
24051,3583.37,0,0,0,0,0.00,0,0,0
24101,3618.82,0,0,0,0,0.00,0,0,0
24151,3568.88,0,0,0,0,0.00,0,0,0
24201,3598.85,0,0,0,0,0.00,0,0,0
24251,3565.49,0,0,0,0,0.00,0,0,0
24301,3609.24,0,0,0,0,0.00,0,0,0
24351,3567.18,0,0,0,0,0.00,0,0,0
24401,3617.94,0,0,0,0,0.00,0,0,0
24451,3556.19,0,0,0,0,0.00,0,0,0
24501,3598.85,0,0,0,0,0.00,0,0,0
24551,3588.52,0,0,0,0,0.00,0,0,0
24601,3563.79,0,0,0,0,0.00,0,0,0
24651,3612.72,0,0,0,0,0.00,0,0,0
24701,3582.52,0,0,0,0,0.00,0,0,0
24751,3612.72,0,0,0,0,0.00,0,0,0
24801,3591.95,0,0,0,0,0.00,0,0,0
24851,3624.06,0,0,0,0,0.00,0,0,0
24901,3593.67,0,0,0,0,0.00,0,0,0
24951,3633.72,0,0,0,0,0.00,0,0,0
25001,3603.17,0,0,0,0,0.00,0,0,0
25051,3645.20,0,0,0,0,0.00,0,0,0
25101,3603.17,0,0,0,0,0.00,0,0,0
25151,3634.60,0,0,0,0,0.00,0,0,0
25201,3583.37,0,0,0,0,0.00,0,0,0
25251,3604.04,0,0,0,0,0.00,0,0,0
25302,3573.13,0,0,0,0,0.00,0,0,0
25352,3613.59,0,0,0,0,0.00,0,0,0
25402,3583.37,0,0,0,0,0.00,0,0,0
25452,3634.60,0,0,0,0,0.00,0,0,0
25502,3592.81,0,0,0,0,0.00,0,0,0
25552,3624.06,0,0,0,0,0.00,0,0,0
25602,3583.37,0,0,0,0,0.00,0,0,0
25652,3634.60,0,0,0,0,0.00,0,0,0
25702,3583.37,0,0,0,0,0.00,0,0,0
25752,3613.59,0,0,0,0,0.00,0,0,0
25802,3583.37,0,0,0,0,0.00,0,0,0
25852,3634.60,0,0,0,0,0.00,0,0,0
25902,3593.67,0,0,0,0,0.00,0,0,0
25952,3598.85,0,0,0,0,0.00,0,0,0
26002,3566.33,0,0,0,0,0.00,0,0,0
26052,3598.85,0,0,0,0,0.00,0,0,0
26102,3563.79,0,0,0,0,0.00,0,0,0
26152,3607.50,0,0,0,0,0.00,0,0,0
26202,3573.13,0,0,0,0,0.00,0,0,0
26252,3618.82,0,0,0,0,0.00,0,0,0
26302,3583.37,0,0,0,0,0.00,0,0,0
26352,3618.82,0,0,0,0,0.00,0,0,0
26402,3568.03,0,0,0,0,0.00,0,0,0
26452,3598.85,0,0,0,0,0.00,0,0,0
26502,3566.33,0,0,0,0,0.00,0,0,0
26552,3607.50,0,0,0,0,0.00,0,0,0
26602,3572.28,0,0,0,0,0.00,0,0,0
26652,3609.24,0,0,0,0,0.00,0,0,0
26702,3573.13,0,0,0,0,0.00,0,0,0
26752,3618.82,0,0,0,0,0.00,0,0,0
26802,3573.13,0,0,0,0,0.00,0,0,0
26852,3624.06,0,0,0,0,0.00,0,0,0
26902,3576.54,0,0,0,0,0.00,0,0,0
26952,3609.24,0,0,0,0,0.00,0,0,0
27002,3583.37,0,0,0,0,0.00,0,0,0
27052,3657.64,0,0,0,0,0.00,0,0,0
27102,3568.88,0,0,0,0,0.00,0,0,0
27152,3609.24,0,0,0,0,0.00,0,0,0
27202,3573.13,0,0,0,0,0.00,0,0,0
27252,3618.82,0,0,0,0,0.00,0,0,0
27302,3582.52,0,0,0,0,0.00,0,0,0
27352,3618.82,0,0,0,0,0.00,0,0,0
27402,3582.52,0,0,0,0,0.00,0,0,0
27452,3671.07,0,0,0,0,0.00,0,0,0
27502,3592.81,0,0,0,0,0.00,0,0,0
27552,3641.66,0,0,0,0,0.00,0,0,0
27602,3591.95,0,0,0,0,0.00,0,0,0
27652,3644.31,0,0,0,0,0.00,0,0,0
27702,3603.17,0,0,0,0,0.00,0,0,0
27752,3644.31,0,0,0,0,0.00,0,0,0
27802,3603.17,0,0,0,0,0.00,0,0,0
27852,3653.19,0,0,0,0,0.00,0,0,0
27902,3602.31,0,0,0,0,0.00,0,0,0
27952,3635.48,0,0,0,0,0.00,0,0,0
28002,3613.59,0,0,0,0,0.00,0,0,0
28052,3651.41,0,0,0,0,0.00,0,0,0
28102,3613.59,0,0,0,0,0.00,0,0,0
28152,3654.08,0,0,0,0,0.00,0,0,0
28203,3613.59,0,0,0,0,0.00,0,0,0
28253,3630.20,0,0,0,0,0.00,0,0,0
28303,3591.95,0,0,0,0,0.00,0,0,0
28353,3623.19,0,0,0,0,0.00,0,0,0
28403,3591.95,0,0,0,0,0.00,0,0,0
28453,3624.94,0,0,0,0,0.00,0,0,0
28503,3592.81,0,0,0,0,0.00,0,0,0
28553,3632.84,0,0,0,0,0.00,0,0,0
28603,3593.67,0,0,0,0,0.00,0,0,0
28653,3641.66,0,0,0,0,0.00,0,0,0
28703,3603.17,0,0,0,0,0.00,0,0,0
28753,3624.06,0,0,0,0,0.00,0,0,0
28803,3593.67,0,0,0,0,0.00,0,0,0
28853,3626.69,0,0,0,0,0.00,0,0,0
28903,3591.95,0,0,0,0,0.00,0,0,0
28953,3624.06,0,0,0,0,0.00,0,0,0
29003,3583.37,0,0,0,0,0.00,0,0,0
29053,3567.18,0,0,0,0,0.00,0,0,0
29103,3567.18,0,0,0,0,0.00,0,0,0
29153,3588.52,0,0,0,0,0.00,0,0,0
29203,3557.03,0,0,0,0,0.00,0,0,0
29253,3597.12,0,0,0,0,0.00,0,0,0
29303,3573.98,0,0,0,0,0.00,0,0,0
29353,3597.98,0,0,0,0,0.00,0,0,0
29403,3568.88,0,0,0,0,0.00,0,0,0
29453,3607.50,0,0,0,0,0.00,0,0,0
29503,3575.69,0,0,0,0,0.00,0,0,0
29553,3617.94,0,0,0,0,0.00,0,0,0
29603,3581.66,0,0,0,0,0.00,0,0,0
29654,3607.50,0,0,0,0,0.00,0,0,0
29704,3539.41,0,0,0,0,0.00,0,0,0
29754,3597.12,0,0,0,0,0.00,0,0,0
29804,3563.79,0,0,0,0,0.00,0,0,0
29854,3608.37,0,0,0,0,0.00,0,0,0
29904,3568.03,0,0,0,0,0.00,0,0,0
29954,3587.66,0,0,0,0,0.00,0,0,0
30004,3549.46,0,0,0,0,0.00,0,0,0
30054,3588.52,0,0,0,0,0.00,0,0,0
30104,3547.78,0,0,0,0,0.00,0,0,0
30154,3609.24,0,0,0,0,0.00,0,0,0
30204,3568.88,0,0,0,0,0.00,0,0,0
30254,3609.24,0,0,0,0,0.00,0,0,0
30304,3575.69,0,0,0,0,0.00,0,0,0
30354,3607.50,0,0,0,0,0.00,0,0,0
30404,3567.18,0,0,0,0,0.00,0,0,0
30454,3598.85,0,0,0,0,0.00,0,0,0
30504,3557.87,0,0,0,0,0.00,0,0,0
30554,3558.72,0,0,0,0,0.00,0,0,0
30604,3591.95,0,0,0,0,0.00,0,0,0
30654,3560.41,0,0,0,0,0.00,0,0,0
30704,3610.11,0,0,0,0,0.00,0,0,0
30754,3563.79,0,0,0,0,0.00,0,0,0
30804,3609.24,0,0,0,0,0.00,0,0,0
30854,3571.43,0,0,0,0,0.00,0,0,0
30904,3618.82,0,0,0,0,0.00,0,0,0
30954,3571.43,0,0,0,0,0.00,0,0,0
31004,3606.64,0,0,0,0,0.00,0,0,0
31054,3567.18,0,0,0,0,0.00,0,0,0
31104,3603.17,0,0,0,0,0.00,0,0,0
31154,3576.54,0,0,0,0,0.00,0,0,0
31204,3608.37,0,0,0,0,0.00,0,0,0
31254,3559.56,0,0,0,0,0.00,0,0,0
31304,3607.50,0,0,0,0,0.00,0,0,0
31354,3581.66,0,0,0,0,0.00,0,0,0
31404,3617.07,0,0,0,0,0.00,0,0,0
31454,3583.37,0,0,0,0,0.00,0,0,0
31504,3611.85,0,0,0,0,0.00,0,0,0
31554,3556.19,0,0,0,0,0.00,0,0,0
31604,3598.85,0,0,0,0,0.00,0,0,0
31654,3573.98,0,0,0,0,0.00,0,0,0
31704,3618.82,0,0,0,0,0.00,0,0,0
31754,3575.69,0,0,0,0,0.00,0,0,0
31804,3606.64,0,0,0,0,0.00,0,0,0
31854,3591.95,0,0,0,0,0.00,0,0,0
31904,3628.45,0,0,0,0,0.00,0,0,0
31954,3592.81,0,0,0,0,0.00,0,0,0
32004,3618.82,0,0,0,0,0.00,0,0,0
32054,3583.37,0,0,0,0,0.00,0,0,0
32104,3624.06,0,0,0,0,0.00,0,0,0
32154,3546.94,0,0,0,0,0.00,0,0,0
32204,3609.24,0,0,0,0,0.00,0,0,0
32254,3576.54,0,0,0,0,0.00,0,0,0
32304,3618.82,0,0,0,0,0.00,0,0,0
32354,3593.67,0,0,0,0,0.00,0,0,0
32404,3632.84,0,0,0,0,0.00,0,0,0
32454,3591.95,0,0,0,0,0.00,0,0,0
32504,3632.84,0,0,0,0,0.00,0,0,0
32555,3603.17,0,0,0,0,0.00,0,0,0
32605,3643.43,0,0,0,0,0.00,0,0,0
32655,3591.95,0,0,0,0,0.00,0,0,0
32705,3615.33,0,0,0,0,0.00,0,0,0
32755,3593.67,0,0,0,0,0.00,0,0,0
32805,3644.31,0,0,0,0,0.00,0,0,0
32855,3592.81,0,0,0,0,0.00,0,0,0
32905,3629.32,0,0,0,0,0.00,0,0,0
32955,3591.95,0,0,0,0,0.00,0,0,0
33005,3617.94,0,0,0,0,0.00,0,0,0
33055,3582.52,0,0,0,0,0.00,0,0,0
33105,3639.01,0,0,0,0,0.00,0,0,0
33155,3603.17,0,0,0,0,0.00,0,0,0
33205,3643.43,0,0,0,0,0.00,0,0,0
33255,3601.44,0,0,0,0,0.00,0,0,0
33305,3626.69,0,0,0,0,0.00,0,0,0
33355,3582.52,0,0,0,0,0.00,0,0,0
33405,3632.84,0,0,0,0,0.00,0,0,0
33455,3593.67,0,0,0,0,0.00,0,0,0
33505,3628.45,0,0,0,0,0.00,0,0,0
33555,3591.95,0,0,0,0,0.00,0,0,0
33605,3598.85,0,0,0,0,0.00,0,0,0
33655,3576.54,0,0,0,0,0.00,0,0,0
33705,3598.85,0,0,0,0,0.00,0,0,0
33755,3568.03,0,0,0,0,0.00,0,0,0
33805,3609.24,0,0,0,0,0.00,0,0,0
33855,3581.66,0,0,0,0,0.00,0,0,0
33905,3629.32,0,0,0,0,0.00,0,0,0
33955,3583.37,0,0,0,0,0.00,0,0,0
34006,3632.84,0,0,0,0,0.00,0,0,0
34056,3603.17,0,0,0,0,0.00,0,0,0
34106,3635.48,0,0,0,0,0.00,0,0,0
34156,3602.31,0,0,0,0,0.00,0,0,0
34206,3626.69,0,0,0,0,0.00,0,0,0
34256,3603.17,0,0,0,0,0.00,0,0,0
34306,3655.86,0,0,0,0,0.00,0,0,0
34356,3603.17,0,0,0,0,0.00,0,0,0
34406,3653.19,0,0,0,0,0.00,0,0,0
34456,3582.52,0,0,0,0,0.00,0,0,0
34506,3624.94,0,0,0,0,0.00,0,0,0
34556,3581.66,0,0,0,0,0.00,0,0,0
34606,3631.08,0,0,0,0,0.00,0,0,0
34656,3583.37,0,0,0,0,0.00,0,0,0
34706,3625.82,0,0,0,0,0.00,0,0,0
34756,3583.37,0,0,0,0,0.00,0,0,0
34806,3619.69,0,0,0,0,0.00,0,0,0
34856,3593.67,0,0,0,0,0.00,0,0,0
34906,3641.66,0,0,0,0,0.00,0,0,0
34956,3591.95,0,0,0,0,0.00,0,0,0
35006,3649.63,0,0,0,0,0.00,0,0,0
35056,3592.81,0,0,0,0,0.00,0,0,0
35106,3628.45,0,0,0,0,0.00,0,0,0
35156,3592.81,0,0,0,0,0.00,0,0,0
35206,3629.32,0,0,0,0,0.00,0,0,0
35256,3602.31,0,0,0,0,0.00,0,0,0
35306,3643.43,0,0,0,0,0.00,0,0,0
35356,3604.04,0,0,0,0,0.00,0,0,0
35406,3633.72,0,0,0,0,0.00,0,0,0
35456,3603.17,0,0,0,0,0.00,0,0,0
35506,3655.86,0,0,0,0,0.00,0,0,0
35556,3601.44,0,0,0,0,0.00,0,0,0
35606,3653.19,0,0,0,0,0.00,0,0,0
35656,3583.37,0,0,0,0,0.00,0,0,0
35706,3624.06,0,0,0,0,0.00,0,0,0
35756,3592.81,0,0,0,0,0.00,0,0,0
35806,3628.45,0,0,0,0,0.00,0,0,0
35856,3581.66,0,0,0,0,0.00,0,0,0
35906,3617.07,0,0,0,0,0.00,0,0,0
35956,3591.95,0,0,0,0,0.00,0,0,0
36006,3624.06,0,0,0,0,0.00,0,0,0
36056,3582.52,0,0,0,0,0.00,0,0,0
36106,3618.82,0,0,0,0,0.00,0,0,0
36156,3582.52,0,0,0,0,0.00,0,0,0
36206,3608.37,0,0,0,0,0.00,0,0,0
36256,3576.54,0,0,0,0,0.00,0,0,0
36306,3598.85,0,0,0,0,0.00,0,0,0
36356,3582.52,0,0,0,0,0.00,0,0,0
36406,3615.33,0,0,0,0,0.00,0,0,0
36456,3582.52,0,0,0,0,0.00,0,0,0
36506,3629.32,0,0,0,0,0.00,0,0,0
36556,3583.37,0,0,0,0,0.00,0,0,0
36606,3634.60,0,0,0,0,0.00,0,0,0
36656,3613.59,0,0,0,0,0.00,0,0,0
36706,3601.44,0,0,0,0,0.00,0,0,0
36756,3602.31,0,0,0,0,0.00,0,0,0
36806,3632.84,0,0,0,0,0.00,0,0,0
36856,3593.67,0,0,0,0,0.00,0,0,0
36907,3632.84,0,0,0,0,0.00,0,0,0
36957,3603.17,0,0,0,0,0.00,0,0,0
37007,3623.19,0,0,0,0,0.00,0,0,0
37057,3591.95,0,0,0,0,0.00,0,0,0
37107,3616.20,0,0,0,0,0.00,0,0,0
37157,3582.52,0,0,0,0,0.00,0,0,0
37207,3618.82,0,0,0,0,0.00,0,0,0
37257,3581.66,0,0,0,0,0.00,0,0,0
37307,3607.50,0,0,0,0,0.00,0,0,0
37357,3567.18,0,0,0,0,0.00,0,0,0
37407,3609.24,0,0,0,0,0.00,0,0,0
37457,3573.98,0,0,0,0,0.00,0,0,0
37507,3619.69,0,0,0,0,0.00,0,0,0
37557,3592.81,0,0,0,0,0.00,0,0,0
37607,3618.82,0,0,0,0,0.00,0,0,0
37657,3583.37,0,0,0,0,0.00,0,0,0
37707,3633.72,0,0,0,0,0.00,0,0,0
37757,3581.66,0,0,0,0,0.00,0,0,0
37807,3588.52,0,0,0,0,0.00,0,0,0
37857,3555.34,0,0,0,0,0.00,0,0,0
37907,3607.50,0,0,0,0,0.00,0,0,0
37957,3574.83,0,0,0,0,0.00,0,0,0
38007,3579.10,0,0,0,0,0.00,0,0,0
38057,3557.03,0,0,0,0,0.00,0,0,0
38107,3587.66,0,0,0,0,0.00,0,0,0
38157,3573.98,0,0,0,0,0.00,0,0,0
38207,3619.69,0,0,0,0,0.00,0,0,0
38257,3593.67,0,0,0,0,0.00,0,0,0
38307,3624.06,0,0,0,0,0.00,0,0,0
38358,3573.13,0,0,0,0,0.00,0,0,0
38408,3629.32,0,0,0,0,0.00,0,0,0
38458,3591.95,0,0,0,0,0.00,0,0,0
38508,3644.31,0,0,0,0,0.00,0,0,0
38558,3583.37,0,0,0,0,0.00,0,0,0
38608,3618.82,0,0,0,0,0.00,0,0,0
38658,3583.37,0,0,0,0,0.00,0,0,0
38708,3628.45,0,0,0,0,0.00,0,0,0
38758,3592.81,0,0,0,0,0.00,0,0,0
38808,3618.82,0,0,0,0,0.00,0,0,0
38858,3573.13,0,0,0,0,0.00,0,0,0
38908,3618.82,0,0,0,0,0.00,0,0,0
38958,3629.32,0,0,0,0,0.00,0,0,0
39008,3584.23,0,0,0,0,0.00,0,0,0
39058,3633.72,0,0,0,0,0.00,0,0,0
39108,3582.52,0,0,0,0,0.00,0,0,0
39158,3623.19,0,0,0,0,0.00,0,0,0
39208,3594.54,0,0,0,0,0.00,0,0,0
39258,3624.06,0,0,0,0,0.00,0,0,0
39308,3593.67,0,0,0,0,0.00,0,0,0
39358,3624.06,0,0,0,0,0.00,0,0,0
39408,3591.95,0,0,0,0,0.00,0,0,0
39458,3632.84,0,0,0,0,0.00,0,0,0
39508,3640.78,0,0,0,0,0.00,0,0,0
39558,3688.22,0,0,0,0,0.00,0,0,0
39608,3583.37,0,0,0,0,0.00,0,0,0
39658,3613.59,0,0,0,0,0.00,0,0,0
39708,3573.98,0,0,0,0,0.00,0,0,0
39758,3624.06,0,0,0,0,0.00,0,0,0
39808,3593.67,0,0,0,0,0.00,0,0,0
39858,3626.69,0,0,0,0,0.00,0,0,0
39908,3581.66,0,0,0,0,0.00,0,0,0
39958,3631.96,0,0,0,0,0.00,0,0,0
40008,3582.52,0,0,0,0,0.00,0,0,0
40058,3624.06,0,0,0,0,0.00,0,0,0
40108,3593.67,0,0,0,0,0.00,0,0,0
40158,3635.48,0,0,0,0,0.00,0,0,0
40208,3591.95,0,0,0,0,0.00,0,0,0
40258,3633.72,0,0,0,0,0.00,0,0,0
40308,3592.81,0,0,0,0,0.00,0,0,0
40358,3611.85,0,0,0,0,0.00,0,0,0
40408,3573.98,0,0,0,0,0.00,0,0,0
40458,3608.37,0,0,0,0,0.00,0,0,0
40508,3572.28,0,0,0,0,0.00,0,0,0
40558,3618.82,0,0,0,0,0.00,0,0,0
40608,3581.66,0,0,0,0,0.00,0,0,0
40658,3639.89,0,0,0,0,0.00,0,0,0
40708,3593.67,0,0,0,0,0.00,0,0,0
40758,3639.89,0,0,0,0,0.00,0,0,0
40808,3602.31,0,0,0,0,0.00,0,0,0
40858,3652.30,0,0,0,0,0.00,0,0,0
40908,3612.72,0,0,0,0,0.00,0,0,0
40958,3654.97,0,0,0,0,0.00,0,0,0
41008,3603.17,0,0,0,0,0.00,0,0,0
41058,3632.84,0,0,0,0,0.00,0,0,0
41108,3603.17,0,0,0,0,0.00,0,0,0
41158,3633.72,0,0,0,0,0.00,0,0,0
41208,3602.31,0,0,0,0,0.00,0,0,0
41259,3644.31,0,0,0,0,0.00,0,0,0
41309,3629.32,0,0,0,0,0.00,0,0,0
41359,3593.67,0,0,0,0,0.00,0,0,0
41409,3629.32,0,0,0,0,0.00,0,0,0
41459,3592.81,0,0,0,0,0.00,0,0,0
41509,3632.84,0,0,0,0,0.00,0,0,0
41559,3620.56,0,0,0,0,0.00,0,0,0
41609,3584.23,0,0,0,0,0.00,0,0,0
41659,3624.06,0,0,0,0,0.00,0,0,0
41709,3573.98,0,0,0,0,0.00,0,0,0
41759,3592.81,0,0,0,0,0.00,0,0,0
41809,3572.28,0,0,0,0,0.00,0,0,0
41859,3613.59,0,0,0,0,0.00,0,0,0
41909,3583.37,0,0,0,0,0.00,0,0,0
41959,3584.23,0,0,0,0,0.00,0,0,0
42009,3602.31,0,0,0,0,0.00,0,0,0
42059,3644.31,0,0,0,0,0.00,0,0,0
42109,3584.23,0,0,0,0,0.00,0,0,0
42159,3624.06,0,0,0,0,0.00,0,0,0
42209,3592.81,0,0,0,0,0.00,0,0,0
42259,3598.85,0,0,0,0,0.00,0,0,0
42309,3568.03,0,0,0,0,0.00,0,0,0
42359,3618.82,0,0,0,0,0.00,0,0,0
42409,3573.13,0,0,0,0,0.00,0,0,0
42459,3629.32,0,0,0,0,0.00,0,0,0
42509,3583.37,0,0,0,0,0.00,0,0,0
42559,3608.37,0,0,0,0,0.00,0,0,0
42609,3573.13,0,0,0,0,0.00,0,0,0
42659,3608.37,0,0,0,0,0.00,0,0,0
42710,3575.69,0,0,0,0,0.00,0,0,0
42760,3617.07,0,0,0,0,0.00,0,0,0
42810,3591.95,0,0,0,0,0.00,0,0,0
42860,3618.82,0,0,0,0,0.00,0,0,0
42910,3592.81,0,0,0,0,0.00,0,0,0
42960,3632.84,0,0,0,0,0.00,0,0,0
43010,3593.67,0,0,0,0,0.00,0,0,0
43060,3634.60,0,0,0,0,0.00,0,0,0
43110,3593.67,0,0,0,0,0.00,0,0,0
43160,3617.94,0,0,0,0,0.00,0,0,0
43210,3566.33,0,0,0,0,0.00,0,0,0
43260,3609.24,0,0,0,0,0.00,0,0,0
43310,3566.33,0,0,0,0,0.00,0,0,0
43360,3617.07,0,0,0,0,0.00,0,0,0
43410,3581.66,0,0,0,0,0.00,0,0,0
43460,3618.82,0,0,0,0,0.00,0,0,0
43510,3537.74,0,0,0,0,0.00,0,0,0
43560,3598.85,0,0,0,0,0.00,0,0,0
43610,3573.13,0,0,0,0,0.00,0,0,0
43660,3617.07,0,0,0,0,0.00,0,0,0
43710,3581.66,0,0,0,0,0.00,0,0,0
43760,3617.94,0,0,0,0,0.00,0,0,0
43810,3593.67,0,0,0,0,0.00,0,0,0
43860,3632.84,0,0,0,0,0.00,0,0,0
43910,3592.81,0,0,0,0,0.00,0,0,0
43960,3635.48,0,0,0,0,0.00,0,0,0
44010,3601.44,0,0,0,0,0.00,0,0,0
44060,3644.31,0,0,0,0,0.00,0,0,0
44110,3593.67,0,0,0,0,0.00,0,0,0
44160,3629.32,0,0,0,0,0.00,0,0,0
44210,3583.37,0,0,0,0,0.00,0,0,0
44260,3618.82,0,0,0,0,0.00,0,0,0
44310,3583.37,0,0,0,0,0.00,0,0,0
44360,3640.78,0,0,0,0,0.00,0,0,0
44410,3593.67,0,0,0,0,0.00,0,0,0
44460,3641.66,0,0,0,0,0.00,0,0,0
44510,3592.81,0,0,0,0,0.00,0,0,0
44560,3635.48,0,0,0,0,0.00,0,0,0
44610,3591.95,0,0,0,0,0.00,0,0,0
44660,3618.82,0,0,0,0,0.00,0,0,0
44710,3567.18,0,0,0,0,0.00,0,0,0
44760,3608.37,0,0,0,0,0.00,0,0,0
44810,3573.13,0,0,0,0,0.00,0,0,0
44860,3608.37,0,0,0,0,0.00,0,0,0
44910,3568.03,0,0,0,0,0.00,0,0,0
44960,3618.82,0,0,0,0,0.00,0,0,0
45010,3568.03,0,0,0,0,0.00,0,0,0
45060,3597.98,0,0,0,0,0.00,0,0,0
45110,3565.49,0,0,0,0,0.00,0,0,0
45160,3618.82,0,0,0,0,0.00,0,0,0
45210,3582.52,0,0,0,0,0.00,0,0,0
45260,3639.89,0,0,0,0,0.00,0,0,0
45310,3572.28,0,0,0,0,0.00,0,0,0
45360,3618.82,0,0,0,0,0.00,0,0,0
45410,3583.37,0,0,0,0,0.00,0,0,0
45460,3628.45,0,0,0,0,0.00,0,0,0
45510,3581.66,0,0,0,0,0.00,0,0,0
45560,3623.19,0,0,0,0,0.00,0,0,0
45611,3581.66,0,0,0,0,0.00,0,0,0
45661,3617.94,0,0,0,0,0.00,0,0,0
45711,3571.43,0,0,0,0,0.00,0,0,0
45761,3586.80,0,0,0,0,0.00,0,0,0
45811,3557.87,0,0,0,0,0.00,0,0,0
45861,3618.82,0,0,0,0,0.00,0,0,0
45911,3573.13,0,0,0,0,0.00,0,0,0
45961,3618.82,0,0,0,0,0.00,0,0,0
46011,3567.18,0,0,0,0,0.00,0,0,0
46061,3609.24,0,0,0,0,0.00,0,0,0
46111,3573.13,0,0,0,0,0.00,0,0,0
46161,3609.24,0,0,0,0,0.00,0,0,0
46211,3573.13,0,0,0,0,0.00,0,0,0
46261,3597.98,0,0,0,0,0.00,0,0,0
46311,3563.79,0,0,0,0,0.00,0,0,0
46361,3597.12,0,0,0,0,0.00,0,0,0
46411,3556.19,0,0,0,0,0.00,0,0,0
46461,3598.85,0,0,0,0,0.00,0,0,0
46511,3598.85,0,0,0,0,0.00,0,0,0
46561,3553.66,0,0,0,0,0.00,0,0,0
46611,3611.85,0,0,0,0,0.00,0,0,0
46661,3572.28,0,0,0,0,0.00,0,0,0
46711,3623.19,0,0,0,0,0.00,0,0,0
46761,3582.52,0,0,0,0,0.00,0,0,0
46811,3619.69,0,0,0,0,0.00,0,0,0
46861,3591.95,0,0,0,0,0.00,0,0,0
46911,3624.06,0,0,0,0,0.00,0,0,0
46961,3583.37,0,0,0,0,0.00,0,0,0
47011,3623.19,0,0,0,0,0.00,0,0,0
47062,3583.37,0,0,0,0,0.00,0,0,0
47112,3634.60,0,0,0,0,0.00,0,0,0
47162,3593.67,0,0,0,0,0.00,0,0,0
47212,3630.20,0,0,0,0,0.00,0,0,0
47262,3604.04,0,0,0,0,0.00,0,0,0
47312,3604.04,0,0,0,0,0.00,0,0,0
47362,3591.95,0,0,0,0,0.00,0,0,0
47412,3632.84,0,0,0,0,0.00,0,0,0
47462,3604.04,0,0,0,0,0.00,0,0,0
47512,3603.17,0,0,0,0,0.00,0,0,0
47562,3644.31,0,0,0,0,0.00,0,0,0
47612,3603.17,0,0,0,0,0.00,0,0,0
47662,3643.43,0,0,0,0,0.00,0,0,0
47712,3559.56,0,0,0,0,0.00,0,0,0
47762,3568.88,0,0,0,0,0.00,0,0,0
47812,3624.06,0,0,0,0,0.00,0,0,0
47862,3573.98,0,0,0,0,0.00,0,0,0
47912,3613.59,0,0,0,0,0.00,0,0,0
47962,3572.28,0,0,0,0,0.00,0,0,0
48012,3622.31,0,0,0,0,0.00,0,0,0
48062,3592.81,0,0,0,0,0.00,0,0,0
48112,3633.72,0,0,0,0,0.00,0,0,0
48162,3573.13,0,0,0,0,0.00,0,0,0
48212,3624.06,0,0,0,0,0.00,0,0,0
48262,3593.67,0,0,0,0,0.00,0,0,0
48312,3626.69,0,0,0,0,0.00,0,0,0
48362,3573.13,0,0,0,0,0.00,0,0,0
48412,3617.07,0,0,0,0,0.00,0,0,0
48462,3583.37,0,0,0,0,0.00,0,0,0
48512,3608.37,0,0,0,0,0.00,0,0,0
48562,3583.37,0,0,0,0,0.00,0,0,0
48612,3609.24,0,0,0,0,0.00,0,0,0
48662,3582.52,0,0,0,0,0.00,0,0,0
48712,3632.84,0,0,0,0,0.00,0,0,0
48762,3593.67,0,0,0,0,0.00,0,0,0
48812,3610.98,0,0,0,0,0.00,0,0,0
48862,3601.44,0,0,0,0,0.00,0,0,0
48912,3624.06,0,0,0,0,0.00,0,0,0
48962,3583.37,0,0,0,0,0.00,0,0,0
49012,3624.06,0,0,0,0,0.00,0,0,0
49062,3603.17,0,0,0,0,0.00,0,0,0
49112,3640.78,0,0,0,0,0.00,0,0,0
49162,3572.28,0,0,0,0,0.00,0,0,0
49212,3547.78,0,0,0,0,0.00,0,0,0
49262,3582.52,0,0,0,0,0.00,0,0,0
49312,3639.89,0,0,0,0,0.00,0,0,0
49362,3591.95,0,0,0,0,0.00,0,0,0
49412,3644.31,0,0,0,0,0.00,0,0,0
49462,3613.59,0,0,0,0,0.00,0,0,0
49512,3644.31,0,0,0,0,0.00,0,0,0
49562,3603.17,0,0,0,0,0.00,0,0,0
49612,3652.30,0,0,0,0,0.00,0,0,0
49662,3604.04,0,0,0,0,0.00,0,0,0
49712,3654.08,0,0,0,0,0.00,0,0,0
49762,3622.31,0,0,0,0,0.00,0,0,0
49812,3654.08,0,0,0,0,0.00,0,0,0
49862,3624.06,0,0,0,0,0.00,0,0,0
49912,3664.79,0,0,0,0,0.00,0,0,0
49963,3644.31,0,0,0,0,0.00,0,0,0
50013,3591.95,0,0,0,0,0.00,0,0,0
50063,3635.48,0,0,0,0,0.00,0,0,0
50113,3593.67,0,0,0,0,0.00,0,0,0
50163,3639.89,0,0,0,0,0.00,0,0,0
50213,3581.66,0,0,0,0,0.00,0,0,0
50263,3568.03,0,0,0,0,0.00,0,0,0
50313,3624.06,0,0,0,0,0.00,0,0,0
50363,3583.37,0,0,0,0,0.00,0,0,0
50413,3601.44,0,0,0,0,0.00,0,0,0
50463,3629.32,0,0,0,0,0.00,0,0,0
50513,3583.37,0,0,0,0,0.00,0,0,0
50563,3593.67,0,0,0,0,0.00,0,0,0
50613,3613.59,0,0,0,0,0.00,0,0,0
50663,3573.13,0,0,0,0,0.00,0,0,0
50713,3613.59,0,0,0,0,0.00,0,0,0
50763,3573.98,0,0,0,0,0.00,0,0,0
50813,3613.59,0,0,0,0,0.00,0,0,0
50863,3563.79,0,0,0,0,0.00,0,0,0
50913,3597.98,0,0,0,0,0.00,0,0,0
50963,3575.69,0,0,0,0,0.00,0,0,0
51013,3607.50,0,0,0,0,0.00,0,0,0
51063,3549.46,0,0,0,0,0.00,0,0,0
51113,3609.24,0,0,0,0,0.00,0,0,0
51163,3567.18,0,0,0,0,0.00,0,0,0
51213,3617.94,0,0,0,0,0.00,0,0,0
51263,3581.66,0,0,0,0,0.00,0,0,0
51313,3629.32,0,0,0,0,0.00,0,0,0
51363,3583.37,0,0,0,0,0.00,0,0,0
51414,3618.82,0,0,0,0,0.00,0,0,0
51464,3583.37,0,0,0,0,0.00,0,0,0
51514,3629.32,0,0,0,0,0.00,0,0,0
51564,3592.81,0,0,0,0,0.00,0,0,0
51614,3641.66,0,0,0,0,0.00,0,0,0
51664,3591.95,0,0,0,0,0.00,0,0,0
51714,3631.08,0,0,0,0,0.00,0,0,0
51764,3603.17,0,0,0,0,0.00,0,0,0
51814,3641.66,0,0,0,0,0.00,0,0,0
51864,3593.67,0,0,0,0,0.00,0,0,0
51914,3632.84,0,0,0,0,0.00,0,0,0
51964,3591.95,0,0,0,0,0.00,0,0,0
52014,3641.66,0,0,0,0,0.00,0,0,0
52064,3613.59,0,0,0,0,0.00,0,0,0
52114,3654.08,0,0,0,0,0.00,0,0,0
52164,3623.19,0,0,0,0,0.00,0,0,0
52214,3617.94,0,0,0,0,0.00,0,0,0
52264,3591.95,0,0,0,0,0.00,0,0,0
52314,3622.31,0,0,0,0,0.00,0,0,0
52364,3581.66,0,0,0,0,0.00,0,0,0
52414,3608.37,0,0,0,0,0.00,0,0,0
52464,3581.66,0,0,0,0,0.00,0,0,0
52514,3597.12,0,0,0,0,0.00,0,0,0
52564,3564.64,0,0,0,0,0.00,0,0,0
52614,3609.24,0,0,0,0,0.00,0,0,0
52664,3568.88,0,0,0,0,0.00,0,0,0
52714,3618.82,0,0,0,0,0.00,0,0,0
52764,3568.03,0,0,0,0,0.00,0,0,0
52814,3608.37,0,0,0,0,0.00,0,0,0
52864,3575.69,0,0,0,0,0.00,0,0,0
52914,3607.50,0,0,0,0,0.00,0,0,0
52964,3576.54,0,0,0,0,0.00,0,0,0
53014,3598.85,0,0,0,0,0.00,0,0,0
53064,3582.52,0,0,0,0,0.00,0,0,0
53114,3629.32,0,0,0,0,0.00,0,0,0
53164,3593.67,0,0,0,0,0.00,0,0,0
53214,3631.08,0,0,0,0,0.00,0,0,0
53264,3581.66,0,0,0,0,0.00,0,0,0
53314,3624.06,0,0,0,0,0.00,0,0,0
53364,3582.52,0,0,0,0,0.00,0,0,0
53414,3586.80,0,0,0,0,0.00,0,0,0
53464,3549.46,0,0,0,0,0.00,0,0,0
53514,3568.03,0,0,0,0,0.00,0,0,0
53564,3539.41,0,0,0,0,0.00,0,0,0
53614,3587.66,0,0,0,0,0.00,0,0,0
53664,3557.87,0,0,0,0,0.00,0,0,0
53714,3608.37,0,0,0,0,0.00,0,0,0
53764,3573.13,0,0,0,0,0.00,0,0,0
53814,3597.98,0,0,0,0,0.00,0,0,0
53864,3547.78,0,0,0,0,0.00,0,0,0
53914,3598.85,0,0,0,0,0.00,0,0,0
53964,3567.18,0,0,0,0,0.00,0,0,0
54014,3617.94,0,0,0,0,0.00,0,0,0
54064,3574.83,0,0,0,0,0.00,0,0,0
54114,3628.45,0,0,0,0,0.00,0,0,0
54164,3581.66,0,0,0,0,0.00,0,0,0
54214,3629.32,0,0,0,0,0.00,0,0,0
54264,3581.66,0,0,0,0,0.00,0,0,0
54315,3628.45,0,0,0,0,0.00,0,0,0
54365,3591.95,0,0,0,0,0.00,0,0,0
54415,3624.06,0,0,0,0,0.00,0,0,0
54465,3583.37,0,0,0,0,0.00,0,0,0
54515,3632.84,0,0,0,0,0.00,0,0,0
54565,3592.81,0,0,0,0,0.00,0,0,0
54615,3598.85,0,0,0,0,0.00,0,0,0
54665,3582.52,0,0,0,0,0.00,0,0,0
54715,3624.06,0,0,0,0,0.00,0,0,0
54765,3603.17,0,0,0,0,0.00,0,0,0
54815,3639.89,0,0,0,0,0.00,0,0,0
54865,3623.19,0,0,0,0,0.00,0,0,0
54915,3635.48,0,0,0,0,0.00,0,0,0
54965,3603.17,0,0,0,0,0.00,0,0,0
55015,3652.30,0,0,0,0,0.00,0,0,0
55065,3612.72,0,0,0,0,0.00,0,0,0
55115,3654.08,0,0,0,0,0.00,0,0,0
55165,3603.17,0,0,0,0,0.00,0,0,0
55215,3634.60,0,0,0,0,0.00,0,0,0
55265,3600.58,0,0,0,0,0.00,0,0,0
55315,3644.31,0,0,0,0,0.00,0,0,0
55365,3604.04,0,0,0,0,0.00,0,0,0
55415,3643.43,0,0,0,0,0.00,0,0,0
55465,3603.17,0,0,0,0,0.00,0,0,0
55515,3634.60,0,0,0,0,0.00,0,0,0
55565,3603.17,0,0,0,0,0.00,0,0,0
55615,3654.97,0,0,0,0,0.00,0,0,0
55665,3601.44,0,0,0,0,0.00,0,0,0
55715,3652.30,0,0,0,0,0.00,0,0,0
55766,3613.59,0,0,0,0,0.00,0,0,0
55816,3643.43,0,0,0,0,0.00,0,0,0
55866,3611.85,0,0,0,0,0.00,0,0,0
55916,3654.08,0,0,0,0,0.00,0,0,0
55966,3601.44,0,0,0,0,0.00,0,0,0
56016,3634.60,0,0,0,0,0.00,0,0,0
56066,3581.66,0,0,0,0,0.00,0,0,0
56116,3632.84,0,0,0,0,0.00,0,0,0
56166,3603.17,0,0,0,0,0.00,0,0,0
56216,3643.43,0,0,0,0,0.00,0,0,0
56266,3603.17,0,0,0,0,0.00,0,0,0
56316,3654.08,0,0,0,0,0.00,0,0,0
56366,3592.81,0,0,0,0,0.00,0,0,0
56416,3628.45,0,0,0,0,0.00,0,0,0
56466,3539.41,0,0,0,0,0.00,0,0,0
56516,3629.32,0,0,0,0,0.00,0,0,0
56566,3592.81,0,0,0,0,0.00,0,0,0
56616,3650.52,0,0,0,0,0.00,0,0,0
56666,3612.72,0,0,0,0,0.00,0,0,0
56716,3654.08,0,0,0,0,0.00,0,0,0
56766,3624.06,0,0,0,0,0.00,0,0,0
56816,3674.67,0,0,0,0,0.00,0,0,0
56866,3644.31,0,0,0,0,0.00,0,0,0
56916,3686.41,0,0,0,0,0.00,0,0,0
56966,3624.06,0,0,0,0,0.00,0,0,0
57016,3654.08,0,0,0,0,0.00,0,0,0
57066,3613.59,0,0,0,0,0.00,0,0,0
57116,3664.79,0,0,0,0,0.00,0,0,0
57166,3624.06,0,0,0,0,0.00,0,0,0
57216,3652.30,0,0,0,0,0.00,0,0,0
57266,3624.06,0,0,0,0,0.00,0,0,0
57316,3665.69,0,0,0,0,0.00,0,0,0
57366,3633.72,0,0,0,0,0.00,0,0,0
57416,3664.79,0,0,0,0,0.00,0,0,0
57466,3644.31,0,0,0,0,0.00,0,0,0
57516,3675.57,0,0,0,0,0.00,0,0,0
57566,3623.19,0,0,0,0,0.00,0,0,0
57616,3654.97,0,0,0,0,0.00,0,0,0
57666,3654.08,0,0,0,0,0.00,0,0,0
57716,3623.19,0,0,0,0,0.00,0,0,0
57766,3644.31,0,0,0,0,0.00,0,0,0
57816,3613.59,0,0,0,0,0.00,0,0,0
57866,3654.08,0,0,0,0,0.00,0,0,0
57916,3603.17,0,0,0,0,0.00,0,0,0
57966,3625.82,0,0,0,0,0.00,0,0,0
58016,3593.67,0,0,0,0,0.00,0,0,0
58066,3649.63,0,0,0,0,0.00,0,0,0
58116,3613.59,0,0,0,0,0.00,0,0,0
58166,3643.43,0,0,0,0,0.00,0,0,0
58216,3612.72,0,0,0,0,0.00,0,0,0
58266,3654.97,0,0,0,0,0.00,0,0,0
58316,3613.59,0,0,0,0,0.00,0,0,0
58366,3675.57,0,0,0,0,0.00,0,0,0
58416,3624.06,0,0,0,0,0.00,0,0,0
58466,3664.79,0,0,0,0,0.00,0,0,0
58516,3622.31,0,0,0,0,0.00,0,0,0
58566,3675.57,0,0,0,0,0.00,0,0,0
58616,3633.72,0,0,0,0,0.00,0,0,0
58667,3664.79,0,0,0,0,0.00,0,0,0
58717,3624.06,0,0,0,0,0.00,0,0,0
58767,3643.43,0,0,0,0,0.00,0,0,0
58817,3613.59,0,0,0,0,0.00,0,0,0
58867,3664.79,0,0,0,0,0.00,0,0,0
58917,3603.17,0,0,0,0,0.00,0,0,0
58967,3651.41,0,0,0,0,0.00,0,0,0
59017,3613.59,0,0,0,0,0.00,0,0,0
59067,3635.48,0,0,0,0,0.00,0,0,0
59117,3601.44,0,0,0,0,0.00,0,0,0
59167,3644.31,0,0,0,0,0.00,0,0,0
59217,3603.17,0,0,0,0,0.00,0,0,0
59267,3634.60,0,0,0,0,0.00,0,0,0
59317,3591.95,0,0,0,0,0.00,0,0,0
59367,3618.82,0,0,0,0,0.00,0,0,0
59417,3592.81,0,0,0,0,0.00,0,0,0
59467,3649.63,0,0,0,0,0.00,0,0,0
59517,3603.17,0,0,0,0,0.00,0,0,0
59567,3644.31,0,0,0,0,0.00,0,0,0
59617,3603.17,0,0,0,0,0.00,0,0,0
59667,3643.43,0,0,0,0,0.00,0,0,0
59717,3613.59,0,0,0,0,0.00,0,0,0
59767,3654.08,0,0,0,0,0.00,0,0,0
59817,3611.85,0,0,0,0,0.00,0,0,0
59867,3654.97,0,0,0,0,0.00,0,0,0
59917,3622.31,0,0,0,0,0.00,0,0,0
59967,3654.97,0,0,0,0,0.00,0,0,0
60017,3624.06,0,0,0,0,0.00,0,0,0
60067,3664.79,0,0,0,0,0.00,0,0,0
60118,3622.31,0,0,0,0,0.00,0,0,0
60168,3654.97,0,0,0,0,0.00,0,0,0
60218,3612.72,0,0,0,0,0.00,0,0,0
60268,3644.31,0,0,0,0,0.00,0,0,0
60318,3612.72,0,0,0,0,0.00,0,0,0
60368,3603.17,0,0,0,0,0.00,0,0,0
60418,3604.04,0,0,0,0,0.00,0,0,0
60468,3624.06,0,0,0,0,0.00,0,0,0
60518,3591.95,0,0,0,0,0.00,0,0,0
60568,3603.17,0,0,0,0,0.00,0,0,0
60618,3643.43,0,0,0,0,0.00,0,0,0
60668,3592.81,0,0,0,0,0.00,0,0,0
60718,3603.17,0,0,0,0,0.00,0,0,0
60768,3603.17,0,0,0,0,0.00,0,0,0
60818,3644.31,0,0,0,0,0.00,0,0,0
60868,3613.59,0,0,0,0,0.00,0,0,0
60918,3643.43,0,0,0,0,0.00,0,0,0
60968,3593.67,0,0,0,0,0.00,0,0,0
61018,3635.48,0,0,0,0,0.00,0,0,0
61068,3593.67,0,0,0,0,0.00,0,0,0
61118,3652.30,0,0,0,0,0.00,0,0,0
61168,3603.17,0,0,0,0,0.00,0,0,0
61218,3644.31,0,0,0,0,0.00,0,0,0
61268,3591.95,0,0,0,0,0.00,0,0,0
61318,3652.30,0,0,0,0,0.00,0,0,0
61368,3604.04,0,0,0,0,0.00,0,0,0
61418,3642.54,0,0,0,0,0.00,0,0,0
61468,3603.17,0,0,0,0,0.00,0,0,0
61518,3654.97,0,0,0,0,0.00,0,0,0
61568,3623.19,0,0,0,0,0.00,0,0,0
61618,3664.79,0,0,0,0,0.00,0,0,0
61668,3613.59,0,0,0,0,0.00,0,0,0
61718,3653.19,0,0,0,0,0.00,0,0,0
61768,3613.59,0,0,0,0,0.00,0,0,0
61818,3642.54,0,0,0,0,0.00,0,0,0
61868,3582.52,0,0,0,0,0.00,0,0,0
61918,3629.32,0,0,0,0,0.00,0,0,0
61968,3603.17,0,0,0,0,0.00,0,0,0
62018,3643.43,0,0,0,0,0.00,0,0,0
62068,3624.06,0,0,0,0,0.00,0,0,0
62118,3663.00,0,0,0,0,0.00,0,0,0
62168,3624.06,0,0,0,0,0.00,0,0,0
62218,3664.79,0,0,0,0,0.00,0,0,0
62268,3633.72,0,0,0,0,0.00,0,0,0
62318,3675.57,0,0,0,0,0.00,0,0,0
62368,3643.43,0,0,0,0,0.00,0,0,0
62418,3686.41,0,0,0,0,0.00,0,0,0
62468,3654.08,0,0,0,0,0.00,0,0,0
62518,3657.64,0,0,0,0,0.00,0,0,0
62568,3634.60,0,0,0,0,0.00,0,0,0
62618,3675.57,0,0,0,0,0.00,0,0,0
62668,3634.60,0,0,0,0,0.00,0,0,0
62718,3675.57,0,0,0,0,0.00,0,0,0
62768,3633.72,0,0,0,0,0.00,0,0,0
62818,3677.37,0,0,0,0,0.00,0,0,0
62868,3644.31,0,0,0,0,0.00,0,0,0
62918,3686.41,0,0,0,0,0.00,0,0,0
62968,3581.66,0,0,0,0,0.00,0,0,0
63019,3631.96,0,0,0,0,0.00,0,0,0
63069,3593.67,0,0,0,0,0.00,0,0,0
63119,3645.20,0,0,0,0,0.00,0,0,0
63169,3604.04,0,0,0,0,0.00,0,0,0
63219,3654.97,0,0,0,0,0.00,0,0,0
63269,3654.08,0,0,0,0,0.00,0,0,0
63319,3654.97,0,0,0,0,0.00,0,0,0
63369,3654.08,0,0,0,0,0.00,0,0,0
63419,3622.31,0,0,0,0,0.00,0,0,0
63469,3665.69,0,0,0,0,0.00,0,0,0
63519,3623.19,0,0,0,0,0.00,0,0,0
63569,3654.08,0,0,0,0,0.00,0,0,0
63619,3611.85,0,0,0,0,0.00,0,0,0
63669,3654.08,0,0,0,0,0.00,0,0,0
63719,3546.94,0,0,0,0,0.00,0,0,0
63769,3664.79,0,0,0,0,0.00,0,0,0
63819,3611.85,0,0,0,0,0.00,0,0,0
63869,3629.32,0,0,0,0,0.00,0,0,0
63919,3603.17,0,0,0,0,0.00,0,0,0
63969,3609.24,0,0,0,0,0.00,0,0,0
64019,3582.52,0,0,0,0,0.00,0,0,0
64069,3618.82,0,0,0,0,0.00,0,0,0
64119,3573.13,0,0,0,0,0.00,0,0,0
64169,3619.69,0,0,0,0,0.00,0,0,0
64219,3583.37,0,0,0,0,0.00,0,0,0
64269,3624.06,0,0,0,0,0.00,0,0,0
64319,3592.81,0,0,0,0,0.00,0,0,0
64369,3652.30,0,0,0,0,0.00,0,0,0
64419,3603.17,0,0,0,0,0.00,0,0,0
64470,3654.08,0,0,0,0,0.00,0,0,0
64520,3613.59,0,0,0,0,0.00,0,0,0
64570,3654.08,0,0,0,0,0.00,0,0,0
64620,3612.72,0,0,0,0,0.00,0,0,0
64670,3654.97,0,0,0,0,0.00,0,0,0
64720,3613.59,0,0,0,0,0.00,0,0,0
64770,3627.57,0,0,0,0,0.00,0,0,0
64820,3603.17,0,0,0,0,0.00,0,0,0
64870,3654.08,0,0,0,0,0.00,0,0,0
64920,3613.59,0,0,0,0,0.00,0,0,0
64970,3654.08,0,0,0,0,0.00,0,0,0
65020,3613.59,0,0,0,0,0.00,0,0,0
65070,3661.22,0,0,0,0,0.00,0,0,0
65120,3623.19,0,0,0,0,0.00,0,0,0
65170,3664.79,0,0,0,0,0.00,0,0,0
65220,3613.59,0,0,0,0,0.00,0,0,0
65270,3664.79,0,0,0,0,0.00,0,0,0
65320,3613.59,0,0,0,0,0.00,0,0,0
65370,3644.31,0,0,0,0,0.00,0,0,0
65420,3613.59,0,0,0,0,0.00,0,0,0
65470,3664.79,0,0,0,0,0.00,0,0,0
65520,3604.04,0,0,0,0,0.00,0,0,0
65570,3654.08,0,0,0,0,0.00,0,0,0
65620,3624.06,0,0,0,0,0.00,0,0,0
65670,3624.06,0,0,0,0,0.00,0,0,0
65720,3593.67,0,0,0,0,0.00,0,0,0
65770,3624.06,0,0,0,0,0.00,0,0,0
65820,3593.67,0,0,0,0,0.00,0,0,0
65870,3634.60,0,0,0,0,0.00,0,0,0
65920,3603.17,0,0,0,0,0.00,0,0,0
65970,3652.30,0,0,0,0,0.00,0,0,0
66020,3611.85,0,0,0,0,0.00,0,0,0
66070,3652.30,0,0,0,0,0.00,0,0,0
66120,3611.85,0,0,0,0,0.00,0,0,0
66170,3643.43,0,0,0,0,0.00,0,0,0
66220,3613.59,0,0,0,0,0.00,0,0,0
66270,3643.43,0,0,0,0,0.00,0,0,0
66320,3613.59,0,0,0,0,0.00,0,0,0
66370,3664.79,0,0,0,0,0.00,0,0,0
66420,3624.06,0,0,0,0,0.00,0,0,0
66470,3654.97,0,0,0,0,0.00,0,0,0
66520,3613.59,0,0,0,0,0.00,0,0,0
66570,3707.36,0,0,0,0,0.00,0,0,0
66620,3612.72,0,0,0,0,0.00,0,0,0
66670,3654.97,0,0,0,0,0.00,0,0,0
66720,3623.19,0,0,0,0,0.00,0,0,0
66770,3623.19,0,0,0,0,0.00,0,0,0
66820,3632.84,0,0,0,0,0.00,0,0,0
66870,3623.19,0,0,0,0,0.00,0,0,0
66920,3664.79,0,0,0,0,0.00,0,0,0
66970,3592.81,0,0,0,0,0.00,0,0,0
67020,3632.84,0,0,0,0,0.00,0,0,0
67070,3592.81,0,0,0,0,0.00,0,0,0
67120,3624.94,0,0,0,0,0.00,0,0,0
67170,3591.09,0,0,0,0,0.00,0,0,0
67220,3629.32,0,0,0,0,0.00,0,0,0
67270,3581.66,0,0,0,0,0.00,0,0,0
67320,3632.84,0,0,0,0,0.00,0,0,0
67371,3593.67,0,0,0,0,0.00,0,0,0
67421,3616.20,0,0,0,0,0.00,0,0,0
67471,3593.67,0,0,0,0,0.00,0,0,0
67521,3588.52,0,0,0,0,0.00,0,0,0
67571,3557.03,0,0,0,0,0.00,0,0,0
67621,3609.24,0,0,0,0,0.00,0,0,0
67671,3609.24,0,0,0,0,0.00,0,0,0
67721,3573.98,0,0,0,0,0.00,0,0,0
67771,3612.72,0,0,0,0,0.00,0,0,0
67821,3583.37,0,0,0,0,0.00,0,0,0
67871,3624.06,0,0,0,0,0.00,0,0,0
67921,3627.57,0,0,0,0,0.00,0,0,0
67971,3639.89,0,0,0,0,0.00,0,0,0
68021,3593.67,0,0,0,0,0.00,0,0,0
68071,3644.31,0,0,0,0,0.00,0,0,0
68121,3664.79,0,0,0,0,0.00,0,0,0
68171,3631.96,0,0,0,0,0.00,0,0,0
68221,3654.97,0,0,0,0,0.00,0,0,0
68271,3622.31,0,0,0,0,0.00,0,0,0
68321,3664.79,0,0,0,0,0.00,0,0,0
68371,3624.06,0,0,0,0,0.00,0,0,0
68421,3664.79,0,0,0,0,0.00,0,0,0
68471,3624.06,0,0,0,0,0.00,0,0,0
68521,3675.57,0,0,0,0,0.00,0,0,0
68571,3631.08,0,0,0,0,0.00,0,0,0
68621,3664.79,0,0,0,0,0.00,0,0,0
68671,3623.19,0,0,0,0,0.00,0,0,0
68721,3654.08,0,0,0,0,0.00,0,0,0
68771,3611.85,0,0,0,0,0.00,0,0,0
68822,3654.08,0,0,0,0,0.00,0,0,0
68872,3612.72,0,0,0,0,0.00,0,0,0
68922,3654.97,0,0,0,0,0.00,0,0,0
68972,3631.96,0,0,0,0,0.00,0,0,0
69022,3654.97,0,0,0,0,0.00,0,0,0
69072,3601.44,0,0,0,0,0.00,0,0,0
69122,3654.08,0,0,0,0,0.00,0,0,0
69172,3601.44,0,0,0,0,0.00,0,0,0
69222,3643.43,0,0,0,0,0.00,0,0,0
69272,3613.59,0,0,0,0,0.00,0,0,0
69322,3642.54,0,0,0,0,0.00,0,0,0
69372,3593.67,0,0,0,0,0.00,0,0,0
69422,3652.30,0,0,0,0,0.00,0,0,0
69472,3591.95,0,0,0,0,0.00,0,0,0
69522,3641.66,0,0,0,0,0.00,0,0,0
69572,3613.59,0,0,0,0,0.00,0,0,0
69622,3635.48,0,0,0,0,0.00,0,0,0
69672,3591.95,0,0,0,0,0.00,0,0,0
69722,3643.43,0,0,0,0,0.00,0,0,0
69772,3604.04,0,0,0,0,0.00,0,0,0
69822,3556.19,0,0,0,0,0.00,0,0,0
69872,3415.30,0,0,0,0,0.00,0,0,0
69922,3291.64,0,0,0,0,0.00,0,0,0
69972,3209.24,0,0,0,0,0.00,0,0,0
70022,3070.00,0,0,0,0,0.00,0,0,0
70072,2983.89,0,0,0,0,0.00,0,0,0
70122,2864.24,0,0,0,0,0.00,0,0,0
70172,2782.41,0,0,0,0,0.00,0,0,0
70222,2694.45,0,0,0,0,0.00,0,0,0
70272,2558.85,0,0,0,0,0.00,0,0,0
70322,2470.36,0,0,0,0,0.00,0,0,0
70372,2386.63,0,0,0,0,0.00,0,0,0
70422,2305.21,0,0,0,0,0.00,0,0,0
70472,2274.80,0,0,0,0,0.00,0,0,0
70522,2191.70,0,0,0,0,0.00,0,0,0
70572,2107.04,0,0,0,0,0.00,0,0,0
70622,2023.47,0,0,0,0,0.00,0,0,0
70672,1966.18,0,0,0,0,0.00,0,0,0
70722,1883.24,0,0,0,0,0.00,0,0,0
70772,1857.59,0,0,0,0,0.00,0,0,0
70822,1775.57,0,0,0,0,0.00,0,0,0
70872,1712.92,0,0,0,0,0.00,0,0,0
70922,1628.31,0,0,0,0,0.00,0,0,0
70972,1611.34,0,0,0,0,0.00,0,0,0
71022,1543.21,0,0,0,0,0.00,0,0,0
71072,1526.10,0,0,0,0,0.00,0,0,0
71122,1443.00,0,0,0,0,0.00,0,0,0
71172,1370.86,0,0,0,0,0.00,0,0,0
71222,1358.94,0,0,0,0,0.00,0,0,0
71272,1283.92,0,0,0,0,0.00,0,0,0
71322,1273.45,0,0,0,0,0.00,0,0,0
71372,1195.89,0,0,0,0,0.00,0,0,0
71422,1186.80,0,0,0,0,0.00,0,0,0
71472,1106.77,0,0,0,0,0.00,0,0,0
71522,1099.95,0,0,0,0,0.00,0,0,0
71572,1023.96,0,0,0,0,0.00,0,0,0
71622,1023.96,0,0,0,0,0.00,0,0,0
71672,1010.10,0,0,0,0,0.00,0,0,0
71723,934.81,0,0,0,0,0.00,0,0,0
71773,916.70,0,0,0,0,0.00,0,0,0
71823,916.70,0,0,0,0,0.00,0,0,0
71873,830.29,0,0,0,0,0.00,0,0,0
71923,821.65,0,0,0,0,0.00,0,0,0
71973,821.65,0,0,0,0,0.00,0,0,0
72023,740.01,0,0,0,0,0.00,0,0,0
72073,720.50,0,0,0,0,0.00,0,0,0
72123,720.50,0,0,0,0,0.00,0,0,0
72173,639.88,0,0,0,0,0.00,0,0,0
72223,639.88,0,0,0,0,0.00,0,0,0
72273,607.26,0,0,0,0,0.00,0,0,0
72323,607.26,0,0,0,0,0.00,0,0,0
72373,607.26,0,0,0,0,0.00,0,0,0
72423,513.36,0,0,0,0,0.00,0,0,0
72473,513.36,0,0,0,0,0.00,0,0,0
72523,467.48,0,0,0,0,0.00,0,0,0
72573,467.48,0,0,0,0,0.00,0,0,0
72623,467.48,0,0,0,0,0.00,0,0,0
72673,467.48,0,0,0,0,0.00,0,0,0
72723,347.33,0,0,0,0,0.00,0,0,0
72773,347.33,0,0,0,0,0.00,0,0,0
72823,347.33,0,0,0,0,0.00,0,0,0
72873,347.33,0,0,0,0,0.00,0,0,0
72923,248.11,0,0,0,0,0.00,0,0,0
72973,248.11,0,0,0,0,0.00,0,0,0
73023,248.11,0,0,0,0,0.00,0,0,0
73073,248.11,0,0,0,0,0.00,0,0,0
73123,0.00,0,0,0,0,0.00,0,0,0
73174,0.00,0,0,0,0,0.00,0,0,0
73224,0.00,0,0,0,0,0.00,0,0,0
73274,0.00,0,0,0,0,0.00,0,0,0
73324,0.00,0,0,0,0,0.00,0,0,0
73374,0.00,0,0,0,0,0.00,0,0,0
73424,0.00,0,0,0,0,0.00,0,0,0
73474,0.00,0,0,0,0,0.00,0,0,0
73524,0.00,0,0,0,0,0.00,0,0,0
73574,0.00,0,0,0,0,0.00,0,0,0
73624,0.00,0,0,0,0,0.00,0,0,0
73674,0.00,0,0,0,0,0.00,0,0,0
73724,0.00,0,0,0,0,0.00,0,0,0
73774,0.00,0,0,0,0,0.00,0,0,0
73824,0.00,0,0,0,0,0.00,0,0,0
73874,0.00,0,0,0,0,0.00,0,0,0
73924,0.00,0,0,0,0,0.00,0,0,0
73974,0.00,0,0,0,0,0.00,0,0,0
74024,0.00,0,0,0,0,0.00,0,0,0
74074,0.00,0,0,0,0,0.00,0,0,0
74124,0.00,0,0,0,0,0.00,0,0,0
74174,0.00,0,0,0,0,0.00,0,0,0
74224,0.00,0,0,0,0,0.00,0,0,0
74274,0.00,0,0,0,0,0.00,0,0,0
74324,0.00,0,0,0,0,0.00,0,0,0
74374,0.00,0,0,0,0,0.00,0,0,0
74424,0.00,0,0,0,0,0.00,0,0,0
74474,0.00,0,0,0,0,0.00,0,0,0
74524,0.00,0,0,0,0,0.00,0,0,0
74574,0.00,0,0,0,0,0.00,0,0,0
74624,0.00,0,0,0,0,0.00,0,0,0
74674,0.00,0,0,0,0,0.00,0,0,0
74724,0.00,0,0,0,0,0.00,0,0,0
74774,0.00,0,0,0,0,0.00,0,0,0
74824,0.00,0,0,0,0,0.00,0,0,0
74874,0.00,0,0,0,0,0.00,0,0,0
74924,0.00,0,0,0,0,0.00,0,0,0
74974,0.00,0,0,0,0,0.00,0,0,0
75024,0.00,0,0,0,0,0.00,0,0,0
75074,0.00,0,0,0,0,0.00,0,0,0
75124,0.00,0,0,0,0,0.00,0,0,0
75174,0.00,0,0,0,0,0.00,0,0,0
75224,0.00,0,0,0,0,0.00,0,0,0
75274,0.00,0,0,0,0,0.00,0,0,0
75324,0.00,0,0,0,0,0.00,0,0,0
75374,0.00,0,0,0,0,0.00,0,0,0
75424,0.00,0,0,0,0,0.00,0,0,0
75474,0.00,0,0,0,0,0.00,0,0,0
75524,0.00,0,0,0,0,0.00,0,0,0
75574,0.00,0,0,0,0,0.00,0,0,0
75624,0.00,0,0,0,0,0.00,0,0,0
75674,0.00,0,0,0,0,0.00,0,0,0
75724,0.00,0,0,0,0,0.00,0,0,0
75774,0.00,0,0,0,0,0.00,0,0,0
75824,0.00,0,0,0,0,0.00,0,0,0
75874,0.00,0,0,0,0,0.00,0,0,0
75924,0.00,0,0,0,0,0.00,0,0,0
75974,0.00,0,0,0,0,0.00,0,0,0
76024,0.00,0,0,0,0,0.00,0,0,0
76075,0.00,0,0,0,0,0.00,0,0,0
76125,0.00,0,0,0,0,0.00,0,0,0
76175,0.00,0,0,0,0,0.00,0,0,0
76225,0.00,0,0,0,0,0.00,0,0,0
76275,0.00,0,0,0,0,0.00,0,0,0
76325,0.00,0,0,0,0,0.00,0,0,0
76375,0.00,0,0,0,0,0.00,0,0,0
76425,0.00,0,0,0,0,0.00,0,0,0
76475,0.00,0,0,0,0,0.00,0,0,0
76525,0.00,0,0,0,0,0.00,0,0,0
76575,0.00,0,0,0,0,0.00,0,0,0
76625,0.00,0,0,0,0,0.00,0,0,0
76675,0.00,0,0,0,0,0.00,0,0,0
76725,0.00,0,0,0,0,0.00,0,0,0
76775,0.00,0,0,0,0,0.00,0,0,0
76825,0.00,0,0,0,0,0.00,0,0,0
76875,0.00,0,0,0,0,0.00,0,0,0
76925,0.00,0,0,0,0,0.00,0,0,0
76975,0.00,0,0,0,0,0.00,0,0,0
77025,0.00,0,0,0,0,0.00,0,0,0
77075,0.00,0,0,0,0,0.00,0,0,0
77125,0.00,0,0,0,0,0.00,0,0,0
77175,0.00,0,0,0,0,0.00,0,0,0
77225,0.00,0,0,0,0,0.00,0,0,0
77275,0.00,0,0,0,0,0.00,0,0,0
77325,0.00,0,0,0,0,0.00,0,0,0
77375,0.00,0,0,0,0,0.00,0,0,0
77425,0.00,0,0,0,0,0.00,0,0,0
77475,0.00,0,0,0,0,0.00,0,0,0
77526,0.00,0,0,0,0,0.00,0,0,0
77576,0.00,0,0,0,0,0.00,0,0,0
77626,0.00,0,0,0,0,0.00,0,0,0
77676,0.00,0,0,0,0,0.00,0,0,0
77726,0.00,0,0,0,0,0.00,0,0,0
77776,0.00,0,0,0,0,0.00,0,0,0
77826,0.00,0,0,0,0,0.00,0,0,0
77876,0.00,0,0,0,0,0.00,0,0,0
77926,0.00,0,0,0,0,0.00,0,0,0
77976,0.00,0,0,0,0,0.00,0,0,0
78026,0.00,0,0,0,0,0.00,0,0,0
78076,0.00,0,0,0,0,0.00,0,0,0
78126,0.00,0,0,0,0,0.00,0,0,0
78176,0.00,0,0,0,0,0.00,0,0,0
78226,0.00,0,0,0,0,0.00,0,0,0
78276,0.00,0,0,0,0,0.00,0,0,0
78326,0.00,0,0,0,0,0.00,0,0,0
78376,0.00,0,0,0,0,0.00,0,0,0
78426,0.00,0,0,0,0,0.00,0,0,0
78476,0.00,0,0,0,0,0.00,0,0,0
78526,0.00,0,0,0,0,0.00,0,0,0
78576,0.00,0,0,0,0,0.00,0,0,0
78626,0.00,0,0,0,0,0.00,0,0,0
78676,0.00,0,0,0,0,0.00,0,0,0
78726,0.00,0,0,0,0,0.00,0,0,0
78776,0.00,0,0,0,0,0.00,0,0,0
78826,0.00,0,0,0,0,0.00,0,0,0
78876,0.00,0,0,0,0,0.00,0,0,0
78926,0.00,0,0,0,0,0.00,0,0,0
78976,0.00,0,0,0,0,0.00,0,0,0
79026,0.00,0,0,0,0,0.00,0,0,0
79076,0.00,0,0,0,0,0.00,0,0,0
79126,0.00,0,0,0,0,0.00,0,0,0
79176,0.00,0,0,0,0,0.00,0,0,0
79226,0.00,0,0,0,0,0.00,0,0,0
79276,0.00,0,0,0,0,0.00,0,0,0
79326,0.00,0,0,0,0,0.00,0,0,0
79376,0.00,0,0,0,0,0.00,0,0,0
79426,0.00,0,0,0,0,0.00,0,0,0
79476,0.00,0,0,0,0,0.00,0,0,0
79526,0.00,0,0,0,0,0.00,0,0,0
79576,0.00,0,0,0,0,0.00,0,0,0
79626,0.00,0,0,0,0,0.00,0,0,0
79676,0.00,0,0,0,0,0.00,0,0,0
79726,0.00,0,0,0,0,0.00,0,0,0
79776,0.00,0,0,0,0,0.00,0,0,0
79826,0.00,0,0,0,0,0.00,0,0,0
79876,0.00,0,0,0,0,0.00,0,0,0
79926,0.00,0,0,0,0,0.00,0,0,0
79976,0.00,0,0,0,0,0.00,0,0,0
80026,0.00,0,0,0,0,0.00,0,0,0
80076,0.00,0,0,0,0,0.00,0,0,0
80126,0.00,0,0,0,0,0.00,0,0,0
