No Throttle Input - Constant Load (1500 W)
Trial: 3
Date: 3-31-2023
Time: 11:00 AM
Ambient Temp: 79
Head Temp: 209.1

------ Microcontroller Engine Governor - Version: 1.16 ------
-------------------------------------------------------------
PID Gains:        Kp: 0.013000   Ki: 0.025000   Kd: 1.000000
-------------------------------------------------------------
Set RPM:             3600    |  Min RPM:                300
                             |
RPM Precision        10       |  PID I Precision:         70
                             |
Start Steps:         850     |  Max Steps:               1200
                             |
RPM Calc Interval:   1       |  Num Magnets:             1
                             |
LCD Update Interval: 400     |  Serial Update Interval:  50
-------------------------------------------------------------

Time,RPM,Steps Remaining, PID p, PID i, PID d, RPM Change, P Cmd, I Cmd, D Cmd
90,0.00,0,0,0,0,0.00,0,0,0
140,0.00,0,0,0,0,0.00,0,0,0
190,0.00,0,0,0,0,0.00,0,0,0
240,0.00,0,0,0,0,0.00,0,0,0
290,0.00,0,0,0,0,0.00,0,0,0
340,0.00,0,0,0,0,0.00,0,0,0
390,0.00,0,0,0,0,0.00,0,0,0
440,0.00,0,0,0,0,0.00,0,0,0
490,0.00,0,0,0,0,0.00,0,0,0
540,0.00,0,0,0,0,0.00,0,0,0
590,0.00,0,0,0,0,0.00,0,0,0
640,0.00,0,0,0,0,0.00,0,0,0
690,0.00,0,0,0,0,0.00,0,0,0
740,0.00,0,0,0,0,0.00,0,0,0
790,0.00,0,0,0,0,0.00,0,0,0
840,0.00,0,0,0,0,0.00,0,0,0
890,0.00,0,0,0,0,0.00,0,0,0
940,0.00,0,0,0,0,0.00,0,0,0
990,0.00,0,0,0,0,0.00,0,0,0
1040,0.00,0,0,0,0,0.00,0,0,0
1090,0.00,0,0,0,0,0.00,0,0,0
1140,0.00,0,0,0,0,0.00,0,0,0
1190,0.00,0,0,0,0,0.00,0,0,0
1240,0.00,0,0,0,0,0.00,0,0,0
1290,0.00,0,0,0,0,0.00,0,0,0
1340,0.00,0,0,0,0,0.00,0,0,0
1390,0.00,0,0,0,0,0.00,0,0,0
1440,0.00,0,0,0,0,0.00,0,0,0
1490,0.00,0,0,0,0,0.00,0,0,0
1540,0.00,0,0,0,0,0.00,0,0,0
1590,0.00,0,0,0,0,0.00,0,0,0
1640,0.00,0,0,0,0,0.00,0,0,0
1690,0.00,0,0,0,0,0.00,0,0,0
1740,0.00,0,0,0,0,0.00,0,0,0
1790,0.00,0,0,0,0,0.00,0,0,0
1840,0.00,0,0,0,0,0.00,0,0,0
1890,0.00,0,0,0,0,0.00,0,0,0
1940,0.00,0,0,0,0,0.00,0,0,0
1990,0.00,0,0,0,0,0.00,0,0,0
2040,0.00,0,0,0,0,0.00,0,0,0
2091,0.00,0,0,0,0,0.00,0,0,0
2141,0.00,0,0,0,0,0.00,0,0,0
2191,0.00,0,0,0,0,0.00,0,0,0
2241,0.00,0,0,0,0,0.00,0,0,0
2291,0.00,0,0,0,0,0.00,0,0,0
2341,0.00,0,0,0,0,0.00,0,0,0
2391,0.00,0,0,0,0,0.00,0,0,0
2441,0.00,0,0,0,0,0.00,0,0,0
2491,0.00,0,0,0,0,0.00,0,0,0
2541,0.00,0,0,0,0,0.00,0,0,0
2591,0.00,0,0,0,0,0.00,0,0,0
2641,0.00,0,0,0,0,0.00,0,0,0
2691,0.00,0,0,0,0,0.00,0,0,0
2741,0.00,0,0,0,0,0.00,0,0,0
2791,0.00,0,0,0,0,0.00,0,0,0
2841,0.00,0,0,0,0,0.00,0,0,0
2891,0.00,0,0,0,0,0.00,0,0,0
2941,0.00,0,0,0,0,0.00,0,0,0
2991,0.00,0,0,0,0,0.00,0,0,0
3041,0.00,0,0,0,0,0.00,0,0,0
3091,0.00,0,0,0,0,0.00,0,0,0
3141,0.00,0,0,0,0,0.00,0,0,0
3191,0.00,0,0,0,0,0.00,0,0,0
3241,0.00,0,0,0,0,0.00,0,0,0
3291,0.00,0,0,0,0,0.00,0,0,0
3341,0.00,0,0,0,0,0.00,0,0,0
3391,0.00,0,0,0,0,0.00,0,0,0
3441,0.00,0,0,0,0,0.00,0,0,0
3491,0.00,0,0,0,0,0.00,0,0,0
3542,0.00,0,0,0,0,0.00,0,0,0
3592,0.00,0,0,0,0,0.00,0,0,0
3642,0.00,0,0,0,0,0.00,0,0,0
3692,0.00,0,0,0,0,0.00,0,0,0
3742,0.00,0,0,0,0,0.00,0,0,0
3792,0.00,0,0,0,0,0.00,0,0,0
3842,0.00,0,0,0,0,0.00,0,0,0
3892,0.00,0,0,0,0,0.00,0,0,0
3942,0.00,0,0,0,0,0.00,0,0,0
3992,0.00,0,0,0,0,0.00,0,0,0
4042,0.00,0,0,0,0,0.00,0,0,0
4092,0.00,0,0,0,0,0.00,0,0,0
4142,0.00,0,0,0,0,0.00,0,0,0
4192,0.00,0,0,0,0,0.00,0,0,0
4242,0.00,0,0,0,0,0.00,0,0,0
4292,0.00,0,0,0,0,0.00,0,0,0
4342,0.00,0,0,0,0,0.00,0,0,0
4392,0.00,0,0,0,0,0.00,0,0,0
4442,0.00,0,0,0,0,0.00,0,0,0
4492,0.00,0,0,0,0,0.00,0,0,0
4542,0.00,0,0,0,0,0.00,0,0,0
4592,0.00,0,0,0,0,0.00,0,0,0
4642,0.00,0,0,0,0,0.00,0,0,0
4692,0.00,0,0,0,0,0.00,0,0,0
4742,0.00,0,0,0,0,0.00,0,0,0
4792,0.00,0,0,0,0,0.00,0,0,0
4842,0.00,0,0,0,0,0.00,0,0,0
4892,0.00,0,0,0,0,0.00,0,0,0
4942,0.00,0,0,0,0,0.00,0,0,0
4992,0.00,0,0,0,0,0.00,0,0,0
5042,0.00,0,0,0,0,0.00,0,0,0
5092,0.00,0,0,0,0,0.00,0,0,0
5142,0.00,0,0,0,0,0.00,0,0,0
5192,0.00,0,0,0,0,0.00,0,0,0
5242,0.00,0,0,0,0,0.00,0,0,0
5292,0.00,0,0,0,0,0.00,0,0,0
5342,0.00,0,0,0,0,0.00,0,0,0
5392,0.00,0,0,0,0,0.00,0,0,0
5442,0.00,0,0,0,0,0.00,0,0,0
5492,0.00,0,0,0,0,0.00,0,0,0
5542,0.00,0,0,0,0,0.00,0,0,0
5592,0.00,0,0,0,0,0.00,0,0,0
5642,0.00,0,0,0,0,0.00,0,0,0
5692,0.00,0,0,0,0,0.00,0,0,0
5742,0.00,0,0,0,0,0.00,0,0,0
5792,0.00,0,0,0,0,0.00,0,0,0
5842,0.00,0,0,0,0,0.00,0,0,0
5892,0.00,0,0,0,0,0.00,0,0,0
5942,0.00,0,0,0,0,0.00,0,0,0
5992,0.00,0,0,0,0,0.00,0,0,0
6042,0.00,0,0,0,0,0.00,0,0,0
6092,0.00,0,0,0,0,0.00,0,0,0
6142,0.00,0,0,0,0,0.00,0,0,0
6192,0.00,0,0,0,0,0.00,0,0,0
6242,0.00,0,0,0,0,0.00,0,0,0
6292,0.00,0,0,0,0,0.00,0,0,0
6342,0.00,0,0,0,0,0.00,0,0,0
6392,0.00,0,0,0,0,0.00,0,0,0
6443,0.00,0,0,0,0,0.00,0,0,0
6493,0.00,0,0,0,0,0.00,0,0,0
6543,0.00,0,0,0,0,0.00,0,0,0
6593,0.00,0,0,0,0,0.00,0,0,0
6643,0.00,0,0,0,0,0.00,0,0,0
6693,0.00,0,0,0,0,0.00,0,0,0
6743,0.00,0,0,0,0,0.00,0,0,0
6793,0.00,0,0,0,0,0.00,0,0,0
6843,0.00,0,0,0,0,0.00,0,0,0
6893,0.00,0,0,0,0,0.00,0,0,0
6943,0.00,0,0,0,0,0.00,0,0,0
6993,0.00,0,0,0,0,0.00,0,0,0
7043,0.00,0,0,0,0,0.00,0,0,0
7093,0.00,0,0,0,0,0.00,0,0,0
7143,0.00,0,0,0,0,0.00,0,0,0
7193,0.00,0,0,0,0,0.00,0,0,0
7243,0.00,0,0,0,0,0.00,0,0,0
7293,0.00,0,0,0,0,0.00,0,0,0
7343,0.00,0,0,0,0,0.00,0,0,0
7393,0.00,0,0,0,0,0.00,0,0,0
7443,0.00,0,0,0,0,0.00,0,0,0
7493,0.00,0,0,0,0,0.00,0,0,0
7543,0.00,0,0,0,0,0.00,0,0,0
7593,0.00,0,0,0,0,0.00,0,0,0
7643,0.00,0,0,0,0,0.00,0,0,0
7693,0.00,0,0,0,0,0.00,0,0,0
7743,0.00,0,0,0,0,0.00,0,0,0
7793,0.00,0,0,0,0,0.00,0,0,0
7843,0.00,0,0,0,0,0.00,0,0,0
7894,0.00,0,0,0,0,0.00,0,0,0
7944,0.00,0,0,0,0,0.00,0,0,0
7994,0.00,0,0,0,0,0.00,0,0,0
8044,0.00,0,0,0,0,0.00,0,0,0
8094,0.00,0,0,0,0,0.00,0,0,0
8144,0.00,0,0,0,0,0.00,0,0,0
8194,0.00,0,0,0,0,0.00,0,0,0
8244,0.00,0,0,0,0,0.00,0,0,0
8294,0.00,0,0,0,0,0.00,0,0,0
8344,0.00,0,0,0,0,0.00,0,0,0
8394,0.00,0,0,0,0,0.00,0,0,0
8444,0.00,0,0,0,0,0.00,0,0,0
8494,0.00,0,0,0,0,0.00,0,0,0
8544,0.00,0,0,0,0,0.00,0,0,0
8594,0.00,0,0,0,0,0.00,0,0,0
8644,0.00,0,0,0,0,0.00,0,0,0
8694,0.00,0,0,0,0,0.00,0,0,0
8744,0.00,0,0,0,0,0.00,0,0,0
8794,0.00,0,0,0,0,0.00,0,0,0
8844,0.00,0,0,0,0,0.00,0,0,0
8894,0.00,0,0,0,0,0.00,0,0,0
8944,0.00,0,0,0,0,0.00,0,0,0
8994,0.00,0,0,0,0,0.00,0,0,0
9044,0.00,0,0,0,0,0.00,0,0,0
9094,0.00,0,0,0,0,0.00,0,0,0
9144,0.00,0,0,0,0,0.00,0,0,0
9194,0.00,0,0,0,0,0.00,0,0,0
9244,0.00,0,0,0,0,0.00,0,0,0
9294,0.00,0,0,0,0,0.00,0,0,0
9344,0.00,0,0,0,0,0.00,0,0,0
9394,0.00,0,0,0,0,0.00,0,0,0
9444,0.00,0,0,0,0,0.00,0,0,0
9494,0.00,0,0,0,0,0.00,0,0,0
9544,0.00,0,0,0,0,0.00,0,0,0
9594,0.00,0,0,0,0,0.00,0,0,0
9644,0.00,0,0,0,0,0.00,0,0,0
9694,0.00,0,0,0,0,0.00,0,0,0
9744,0.00,0,0,0,0,0.00,0,0,0
9794,0.00,0,0,0,0,0.00,0,0,0
9844,0.00,0,0,0,0,0.00,0,0,0
9894,0.00,0,0,0,0,0.00,0,0,0
9944,0.00,0,0,0,0,0.00,0,0,0
9994,0.00,0,0,0,0,0.00,0,0,0
10044,0.00,0,0,0,0,0.00,0,0,0
10094,0.00,0,0,0,0,0.00,0,0,0
10144,0.00,0,0,0,0,0.00,0,0,0
10194,0.00,0,0,0,0,0.00,0,0,0
10244,0.00,0,0,0,0,0.00,0,0,0
10294,0.00,0,0,0,0,0.00,0,0,0
10344,0.00,0,0,0,0,0.00,0,0,0
10394,0.00,0,0,0,0,0.00,0,0,0
10444,0.00,0,0,0,0,0.00,0,0,0
10494,0.00,0,0,0,0,0.00,0,0,0
10544,0.00,0,0,0,0,0.00,0,0,0
10594,0.00,0,0,0,0,0.00,0,0,0
10644,0.00,0,0,0,0,0.00,0,0,0
10694,0.00,0,0,0,0,0.00,0,0,0
10744,0.00,0,0,0,0,0.00,0,0,0
10795,0.00,0,0,0,0,0.00,0,0,0
10845,0.00,0,0,0,0,0.00,0,0,0
10895,0.00,0,0,0,0,0.00,0,0,0
10945,0.00,0,0,0,0,0.00,0,0,0
10995,0.00,0,0,0,0,0.00,0,0,0
11045,0.00,0,0,0,0,0.00,0,0,0
11095,0.00,0,0,0,0,0.00,0,0,0
11145,inf,0,0,0,0,0.00,0,0,0
11195,inf,0,0,0,0,0.00,0,0,0
11245,inf,0,0,0,0,0.00,0,0,0
11295,479.28,0,0,0,0,0.00,0,0,0
11345,479.28,0,0,0,0,0.00,0,0,0
11395,581.19,0,0,0,0,0.00,0,0,0
11445,986.91,0,0,0,0,0.00,0,0,0
11495,994.63,0,0,0,0,0.00,0,0,0
11545,1416.43,0,0,0,0,0.00,0,0,0
11595,1438.57,0,0,0,0,0.00,0,0,0
11645,1743.98,0,0,0,0,0.00,0,0,0
11695,2000.53,0,0,0,0,0.00,0,0,0
11745,2202.97,0,0,0,0,0.00,0,0,0
11795,2386.26,0,0,0,0,0.00,0,0,0
11845,2554.06,0,0,0,0,0.00,0,0,0
11895,2688.17,0,0,0,0,0.00,0,0,0
11945,2794.34,0,0,0,0,0.00,0,0,0
11995,2889.62,0,0,0,0,0.00,0,0,0
12045,2977.96,0,0,0,0,0.00,0,0,0
12095,3154.57,0,0,0,0,0.00,0,0,0
12145,3216.81,0,0,0,0,0.00,0,0,0
12195,3283.71,0,0,0,0,0.00,0,0,0
12246,3419.19,0,0,0,0,0.00,0,0,0
12296,3452.24,0,0,0,0,0.00,0,0,0
12346,3481.09,0,0,0,0,0.00,0,0,0
12396,3508.77,0,0,0,0,0.00,0,0,0
12446,3588.52,0,0,0,0,0.00,0,0,0
12496,3564.64,0,0,0,0,0.00,0,0,0
12546,3577.39,0,0,0,0,0.00,0,0,0
12596,3539.41,0,0,0,0,0.00,0,0,0
12646,3568.88,0,0,0,0,0.00,0,0,0
12696,3538.57,0,0,0,0,0.00,0,0,0
12746,3568.88,0,0,0,0,0.00,0,0,0
12796,3490.00,0,0,0,0,0.00,0,0,0
12846,3518.65,0,0,0,0,0.00,0,0,0
12896,3529.41,0,0,0,0,0.00,0,0,0
12946,3516.17,0,0,0,0,0.00,0,0,0
12996,3443.53,0,0,0,0,0.00,0,0,0
13046,3344.48,0,0,0,0,0.00,0,0,0
13096,3317.12,0,0,0,0,0.00,0,0,0
13146,3291.64,0,0,0,0,0.00,0,0,0
13196,3310.53,0,0,0,0,0.00,0,0,0
13246,3362.47,0,0,0,0,0.00,0,0,0
13296,3325.94,0,0,0,0,0.00,0,0,0
13346,3389.06,0,0,0,0,0.00,0,0,0
13396,3361.72,0,0,0,0,0.00,0,0,0
13446,3370.79,0,0,0,0,0.00,0,0,0
13496,3434.07,0,0,0,0,0.00,0,0,0
13546,3389.06,0,0,0,0,0.00,0,0,0
13596,3360.97,0,0,0,0,0.00,0,0,0
13646,3335.56,0,0,0,0,0.00,0,0,0
13696,3344.48,0,0,0,0,0.00,0,0,0
13746,3406.77,0,0,0,0,0.00,0,0,0
13796,3379.90,0,0,0,0,0.00,0,0,0
13846,3386.77,0,0,0,0,0.00,0,0,0
13896,3370.79,0,0,0,0,0.00,0,0,0
13946,3370.03,0,0,0,0,0.00,0,0,0
13996,3415.30,0,0,0,0,0.00,0,0,0
14046,3379.90,0,0,0,0,0.00,0,0,0
14096,3406.77,0,0,0,0,0.00,0,0,0
14146,3397.51,0,0,0,0,0.00,0,0,0
14196,3453.04,0,0,0,0,0.00,0,0,0
14246,3424.66,0,0,0,0,0.00,0,0,0
14296,3406.77,0,0,0,0,0.00,0,0,0
14346,3462.60,0,0,0,0,0.00,0,0,0
14396,3397.51,0,0,0,0,0.00,0,0,0
14446,3461.80,0,0,0,0,0.00,0,0,0
14496,3434.07,0,0,0,0,0.00,0,0,0
14546,3461.80,0,0,0,0,0.00,0,0,0
14596,3481.09,0,0,0,0,0.00,0,0,0
14646,3434.07,0,0,0,0,0.00,0,0,0
14696,3471.42,0,0,0,0,0.00,0,0,0
14746,3443.53,0,0,0,0,0.00,0,0,0
14796,3499.77,0,0,0,0,0.00,0,0,0
14846,3452.24,0,0,0,0,0.00,0,0,0
14896,3508.77,0,0,0,0,0.00,0,0,0
14946,3470.62,0,0,0,0,0.00,0,0,0
14996,3462.60,0,0,0,0,0.00,0,0,0
15046,3513.70,0,0,0,0,0.00,0,0,0
15096,3491.62,0,0,0,0,0.00,0,0,0
15147,3530.24,0,0,0,0,0.00,0,0,0
15197,3499.77,0,0,0,0,0.00,0,0,0
15247,3547.78,0,0,0,0,0.00,0,0,0
15297,3508.77,0,0,0,0,0.00,0,0,0
15347,3557.03,0,0,0,0,0.00,0,0,0
15397,3519.47,0,0,0,0,0.00,0,0,0
15447,3568.88,0,0,0,0,0.00,0,0,0
15497,3508.77,0,0,0,0,0.00,0,0,0
15547,3557.87,0,0,0,0,0.00,0,0,0
15597,3508.77,0,0,0,0,0.00,0,0,0
15647,3519.47,0,0,0,0,0.00,0,0,0
15697,3499.77,0,0,0,0,0.00,0,0,0
15747,3508.77,0,0,0,0,0.00,0,0,0
15797,3537.74,0,0,0,0,0.00,0,0,0
15847,3508.77,0,0,0,0,0.00,0,0,0
15897,3537.74,0,0,0,0,0.00,0,0,0
15947,3508.77,0,0,0,0,0.00,0,0,0
15997,3547.78,0,0,0,0,0.00,0,0,0
16047,3481.89,0,0,0,0,0.00,0,0,0
16097,3527.75,0,0,0,0,0.00,0,0,0
16147,3498.95,0,0,0,0,0.00,0,0,0
16197,3539.41,0,0,0,0,0.00,0,0,0
16247,3519.47,0,0,0,0,0.00,0,0,0
16297,3557.03,0,0,0,0,0.00,0,0,0
16347,3558.72,0,0,0,0,0.00,0,0,0
16397,3523.61,0,0,0,0,0.00,0,0,0
16447,3552.82,0,0,0,0,0.00,0,0,0
16497,3517.82,0,0,0,0,0.00,0,0,0
16547,3568.88,0,0,0,0,0.00,0,0,0
16598,3547.78,0,0,0,0,0.00,0,0,0
16648,3589.38,0,0,0,0,0.00,0,0,0
16698,3556.19,0,0,0,0,0.00,0,0,0
16748,3588.52,0,0,0,0,0.00,0,0,0
16798,3537.74,0,0,0,0,0.00,0,0,0
16848,3568.03,0,0,0,0,0.00,0,0,0
16898,3537.74,0,0,0,0,0.00,0,0,0
16948,3568.03,0,0,0,0,0.00,0,0,0
16998,3538.57,0,0,0,0,0.00,0,0,0
17048,3588.52,0,0,0,0,0.00,0,0,0
17098,3529.41,0,0,0,0,0.00,0,0,0
17148,3567.18,0,0,0,0,0.00,0,0,0
17198,3518.65,0,0,0,0,0.00,0,0,0
17248,3588.52,0,0,0,0,0.00,0,0,0
17298,3537.74,0,0,0,0,0.00,0,0,0
17348,3578.24,0,0,0,0,0.00,0,0,0
17398,3537.74,0,0,0,0,0.00,0,0,0
17448,3578.24,0,0,0,0,0.00,0,0,0
17498,3568.88,0,0,0,0,0.00,0,0,0
17548,3543.59,0,0,0,0,0.00,0,0,0
17598,3562.10,0,0,0,0,0.00,0,0,0
17648,3539.41,0,0,0,0,0.00,0,0,0
17698,3587.66,0,0,0,0,0.00,0,0,0
17748,3470.62,0,0,0,0,0.00,0,0,0
17798,3539.41,0,0,0,0,0.00,0,0,0
17848,3510.41,0,0,0,0,0.00,0,0,0
17898,3568.88,0,0,0,0,0.00,0,0,0
17948,3528.58,0,0,0,0,0.00,0,0,0
17998,3568.03,0,0,0,0,0.00,0,0,0
18048,3529.41,0,0,0,0,0.00,0,0,0
18098,3587.66,0,0,0,0,0.00,0,0,0
18148,3539.41,0,0,0,0,0.00,0,0,0
18198,3587.66,0,0,0,0,0.00,0,0,0
18248,3548.62,0,0,0,0,0.00,0,0,0
18298,3587.66,0,0,0,0,0.00,0,0,0
18348,3548.62,0,0,0,0,0.00,0,0,0
18398,3586.80,0,0,0,0,0.00,0,0,0
18448,3548.62,0,0,0,0,0.00,0,0,0
18498,3541.08,0,0,0,0,0.00,0,0,0
18548,3572.28,0,0,0,0,0.00,0,0,0
18598,3553.66,0,0,0,0,0.00,0,0,0
18648,3603.17,0,0,0,0,0.00,0,0,0
18698,3557.03,0,0,0,0,0.00,0,0,0
18748,3589.38,0,0,0,0,0.00,0,0,0
18798,3563.79,0,0,0,0,0.00,0,0,0
18848,3607.50,0,0,0,0,0.00,0,0,0
18898,3557.03,0,0,0,0,0.00,0,0,0
18948,3588.52,0,0,0,0,0.00,0,0,0
18998,3547.78,0,0,0,0,0.00,0,0,0
19048,3589.38,0,0,0,0,0.00,0,0,0
19098,3557.03,0,0,0,0,0.00,0,0,0
19148,3588.52,0,0,0,0,0.00,0,0,0
19198,3547.78,0,0,0,0,0.00,0,0,0
19248,3579.10,0,0,0,0,0.00,0,0,0
19298,3546.94,0,0,0,0,0.00,0,0,0
19348,3579.10,0,0,0,0,0.00,0,0,0
19398,3471.42,0,0,0,0,0.00,0,0,0
19448,3527.75,0,0,0,0,0.00,0,0,0
19499,3480.28,0,0,0,0,0.00,0,0,0
19549,3519.47,0,0,0,0,0.00,0,0,0
19599,3538.57,0,0,0,0,0.00,0,0,0
19649,3504.67,0,0,0,0,0.00,0,0,0
19699,3541.91,0,0,0,0,0.00,0,0,0
19749,3508.77,0,0,0,0,0.00,0,0,0
19799,3626.69,0,0,0,0,0.00,0,0,0
19849,3520.30,0,0,0,0,0.00,0,0,0
19899,3568.88,0,0,0,0,0.00,0,0,0
19949,3517.82,0,0,0,0,0.00,0,0,0
19999,3537.74,0,0,0,0,0.00,0,0,0
20049,3518.65,0,0,0,0,0.00,0,0,0
20099,3547.78,0,0,0,0,0.00,0,0,0
20149,3509.59,0,0,0,0,0.00,0,0,0
20199,3568.03,0,0,0,0,0.00,0,0,0
20249,3529.41,0,0,0,0,0.00,0,0,0
20299,3577.39,0,0,0,0,0.00,0,0,0
20349,3538.57,0,0,0,0,0.00,0,0,0
20399,3579.10,0,0,0,0,0.00,0,0,0
20449,3568.88,0,0,0,0,0.00,0,0,0
20499,3542.75,0,0,0,0,0.00,0,0,0
20549,3583.37,0,0,0,0,0.00,0,0,0
20599,3551.14,0,0,0,0,0.00,0,0,0
20649,3582.52,0,0,0,0,0.00,0,0,0
20699,3550.30,0,0,0,0,0.00,0,0,0
20749,3587.66,0,0,0,0,0.00,0,0,0
20799,3549.46,0,0,0,0,0.00,0,0,0
20849,3597.12,0,0,0,0,0.00,0,0,0
20899,3548.62,0,0,0,0,0.00,0,0,0
20950,3587.66,0,0,0,0,0.00,0,0,0
21000,3557.03,0,0,0,0,0.00,0,0,0
21050,3588.52,0,0,0,0,0.00,0,0,0
21100,3547.78,0,0,0,0,0.00,0,0,0
21150,3588.52,0,0,0,0,0.00,0,0,0
21200,3547.78,0,0,0,0,0.00,0,0,0
21250,3598.85,0,0,0,0,0.00,0,0,0
21300,3556.19,0,0,0,0,0.00,0,0,0
21350,3597.12,0,0,0,0,0.00,0,0,0
21400,3577.39,0,0,0,0,0.00,0,0,0
21450,3598.85,0,0,0,0,0.00,0,0,0
21500,3537.74,0,0,0,0,0.00,0,0,0
21550,3579.10,0,0,0,0,0.00,0,0,0
21600,3546.94,0,0,0,0,0.00,0,0,0
21650,3597.98,0,0,0,0,0.00,0,0,0
21700,3573.98,0,0,0,0,0.00,0,0,0
21750,3608.37,0,0,0,0,0.00,0,0,0
21800,3565.49,0,0,0,0,0.00,0,0,0
21850,3606.64,0,0,0,0,0.00,0,0,0
21900,3572.28,0,0,0,0,0.00,0,0,0
21950,3579.10,0,0,0,0,0.00,0,0,0
22000,3547.78,0,0,0,0,0.00,0,0,0
22050,3568.88,0,0,0,0,0.00,0,0,0
22100,3568.88,0,0,0,0,0.00,0,0,0
22150,3532.74,0,0,0,0,0.00,0,0,0
22200,3588.52,0,0,0,0,0.00,0,0,0
22250,3546.94,0,0,0,0,0.00,0,0,0
22300,3588.52,0,0,0,0,0.00,0,0,0
22350,3557.03,0,0,0,0,0.00,0,0,0
22400,3558.72,0,0,0,0,0.00,0,0,0
22450,3530.24,0,0,0,0,0.00,0,0,0
22500,3547.78,0,0,0,0,0.00,0,0,0
22550,3508.77,0,0,0,0,0.00,0,0,0
22600,3560.41,0,0,0,0,0.00,0,0,0
22650,3527.75,0,0,0,0,0.00,0,0,0
22700,3579.10,0,0,0,0,0.00,0,0,0
22750,3546.94,0,0,0,0,0.00,0,0,0
22800,3588.52,0,0,0,0,0.00,0,0,0
22850,3563.79,0,0,0,0,0.00,0,0,0
22900,3567.18,0,0,0,0,0.00,0,0,0
22950,3527.75,0,0,0,0,0.00,0,0,0
23000,3568.03,0,0,0,0,0.00,0,0,0
23050,3529.41,0,0,0,0,0.00,0,0,0
23100,3529.41,0,0,0,0,0.00,0,0,0
23150,3562.10,0,0,0,0,0.00,0,0,0
23200,3542.75,0,0,0,0,0.00,0,0,0
23250,3568.88,0,0,0,0,0.00,0,0,0
23300,3548.62,0,0,0,0,0.00,0,0,0
23350,3588.52,0,0,0,0,0.00,0,0,0
23400,3537.74,0,0,0,0,0.00,0,0,0
23450,3578.24,0,0,0,0,0.00,0,0,0
23500,3537.74,0,0,0,0,0.00,0,0,0
23550,3528.58,0,0,0,0,0.00,0,0,0
23600,3498.95,0,0,0,0,0.00,0,0,0
23650,3547.78,0,0,0,0,0.00,0,0,0
23700,3508.77,0,0,0,0,0.00,0,0,0
23750,3518.65,0,0,0,0,0.00,0,0,0
23800,3481.89,0,0,0,0,0.00,0,0,0
23851,3528.58,0,0,0,0,0.00,0,0,0
23901,3490.00,0,0,0,0,0.00,0,0,0
23951,3500.58,0,0,0,0,0.00,0,0,0
24001,3543.59,0,0,0,0,0.00,0,0,0
24051,3517.82,0,0,0,0,0.00,0,0,0
24101,3539.41,0,0,0,0,0.00,0,0,0
24151,3519.47,0,0,0,0,0.00,0,0,0
24201,3577.39,0,0,0,0,0.00,0,0,0
24251,3539.41,0,0,0,0,0.00,0,0,0
24301,3568.88,0,0,0,0,0.00,0,0,0
24351,3537.74,0,0,0,0,0.00,0,0,0
24401,3579.10,0,0,0,0,0.00,0,0,0
24451,3518.65,0,0,0,0,0.00,0,0,0
24501,3567.18,0,0,0,0,0.00,0,0,0
24551,3538.57,0,0,0,0,0.00,0,0,0
24601,3577.39,0,0,0,0,0.00,0,0,0
24651,3539.41,0,0,0,0,0.00,0,0,0
24701,3578.24,0,0,0,0,0.00,0,0,0
24751,3527.75,0,0,0,0,0.00,0,0,0
24801,3537.74,0,0,0,0,0.00,0,0,0
24851,3538.57,0,0,0,0,0.00,0,0,0
24901,3505.49,0,0,0,0,0.00,0,0,0
24951,3518.65,0,0,0,0,0.00,0,0,0
25001,3490.00,0,0,0,0,0.00,0,0,0
25051,3538.57,0,0,0,0,0.00,0,0,0
25101,3508.77,0,0,0,0,0.00,0,0,0
25151,3557.87,0,0,0,0,0.00,0,0,0
25201,3527.75,0,0,0,0,0.00,0,0,0
25251,3579.10,0,0,0,0,0.00,0,0,0
25302,3539.41,0,0,0,0,0.00,0,0,0
25352,3587.66,0,0,0,0,0.00,0,0,0
25402,3548.62,0,0,0,0,0.00,0,0,0
25452,3588.52,0,0,0,0,0.00,0,0,0
25502,3537.74,0,0,0,0,0.00,0,0,0
25552,3588.52,0,0,0,0,0.00,0,0,0
25602,3557.03,0,0,0,0,0.00,0,0,0
25652,3578.24,0,0,0,0,0.00,0,0,0
25702,3547.78,0,0,0,0,0.00,0,0,0
25752,3588.52,0,0,0,0,0.00,0,0,0
25802,3547.78,0,0,0,0,0.00,0,0,0
25852,3589.38,0,0,0,0,0.00,0,0,0
25902,3588.52,0,0,0,0,0.00,0,0,0
25952,3553.66,0,0,0,0,0.00,0,0,0
26002,3591.95,0,0,0,0,0.00,0,0,0
26052,3557.87,0,0,0,0,0.00,0,0,0
26102,3579.10,0,0,0,0,0.00,0,0,0
26152,3547.78,0,0,0,0,0.00,0,0,0
26202,3588.52,0,0,0,0,0.00,0,0,0
26252,3564.64,0,0,0,0,0.00,0,0,0
26302,3617.07,0,0,0,0,0.00,0,0,0
26352,3581.66,0,0,0,0,0.00,0,0,0
26402,3607.50,0,0,0,0,0.00,0,0,0
26452,3585.09,0,0,0,0,0.00,0,0,0
26502,3609.24,0,0,0,0,0.00,0,0,0
26552,3565.49,0,0,0,0,0.00,0,0,0
26602,3618.82,0,0,0,0,0.00,0,0,0
26652,3576.54,0,0,0,0,0.00,0,0,0
26702,3618.82,0,0,0,0,0.00,0,0,0
26752,3583.37,0,0,0,0,0.00,0,0,0
26802,3588.52,0,0,0,0,0.00,0,0,0
26852,3557.87,0,0,0,0,0.00,0,0,0
26902,3597.98,0,0,0,0,0.00,0,0,0
26952,3549.46,0,0,0,0,0.00,0,0,0
27002,3578.24,0,0,0,0,0.00,0,0,0
27052,3548.62,0,0,0,0,0.00,0,0,0
27102,3597.12,0,0,0,0,0.00,0,0,0
27152,3565.49,0,0,0,0,0.00,0,0,0
27202,3609.24,0,0,0,0,0.00,0,0,0
27252,3585.09,0,0,0,0,0.00,0,0,0
27302,3632.84,0,0,0,0,0.00,0,0,0
27352,3582.52,0,0,0,0,0.00,0,0,0
27402,3618.82,0,0,0,0,0.00,0,0,0
27452,3646.09,0,0,0,0,0.00,0,0,0
27502,3629.32,0,0,0,0,0.00,0,0,0
27552,3538.57,0,0,0,0,0.00,0,0,0
27602,3588.52,0,0,0,0,0.00,0,0,0
27652,3528.58,0,0,0,0,0.00,0,0,0
27702,3558.72,0,0,0,0,0.00,0,0,0
27752,3529.41,0,0,0,0,0.00,0,0,0
27802,3529.41,0,0,0,0,0.00,0,0,0
27852,3579.10,0,0,0,0,0.00,0,0,0
27902,3553.66,0,0,0,0,0.00,0,0,0
27952,3602.31,0,0,0,0,0.00,0,0,0
28002,3562.10,0,0,0,0,0.00,0,0,0
28052,3609.24,0,0,0,0,0.00,0,0,0
28102,3576.54,0,0,0,0,0.00,0,0,0
28152,3618.82,0,0,0,0,0.00,0,0,0
28203,3563.79,0,0,0,0,0.00,0,0,0
28253,3570.58,0,0,0,0,0.00,0,0,0
28303,3537.74,0,0,0,0,0.00,0,0,0
28353,3579.10,0,0,0,0,0.00,0,0,0
28403,3537.74,0,0,0,0,0.00,0,0,0
28453,3568.88,0,0,0,0,0.00,0,0,0
28503,3537.74,0,0,0,0,0.00,0,0,0
28553,3579.10,0,0,0,0,0.00,0,0,0
28603,3548.62,0,0,0,0,0.00,0,0,0
28653,3576.54,0,0,0,0,0.00,0,0,0
28703,3549.46,0,0,0,0,0.00,0,0,0
28753,3598.85,0,0,0,0,0.00,0,0,0
28803,3546.94,0,0,0,0,0.00,0,0,0
28853,3588.52,0,0,0,0,0.00,0,0,0
28903,3556.19,0,0,0,0,0.00,0,0,0
28953,3597.12,0,0,0,0,0.00,0,0,0
29003,3566.33,0,0,0,0,0.00,0,0,0
29053,3607.50,0,0,0,0,0.00,0,0,0
29103,3576.54,0,0,0,0,0.00,0,0,0
29153,3608.37,0,0,0,0,0.00,0,0,0
29203,3565.49,0,0,0,0,0.00,0,0,0
29253,3606.64,0,0,0,0,0.00,0,0,0
29303,3572.28,0,0,0,0,0.00,0,0,0
29353,3628.45,0,0,0,0,0.00,0,0,0
29403,3582.52,0,0,0,0,0.00,0,0,0
29453,3624.06,0,0,0,0,0.00,0,0,0
29503,3572.28,0,0,0,0,0.00,0,0,0
29553,3597.12,0,0,0,0,0.00,0,0,0
29603,3572.28,0,0,0,0,0.00,0,0,0
29654,3618.82,0,0,0,0,0.00,0,0,0
29704,3565.49,0,0,0,0,0.00,0,0,0
29754,3608.37,0,0,0,0,0.00,0,0,0
29804,3558.72,0,0,0,0,0.00,0,0,0
29854,3549.46,0,0,0,0,0.00,0,0,0
29904,3602.31,0,0,0,0,0.00,0,0,0
29954,3572.28,0,0,0,0,0.00,0,0,0
30004,3601.44,0,0,0,0,0.00,0,0,0
30054,3573.13,0,0,0,0,0.00,0,0,0
30104,3618.82,0,0,0,0,0.00,0,0,0
30154,3593.67,0,0,0,0,0.00,0,0,0
30204,3631.96,0,0,0,0,0.00,0,0,0
30254,3603.17,0,0,0,0,0.00,0,0,0
30304,3652.30,0,0,0,0,0.00,0,0,0
30354,3611.85,0,0,0,0,0.00,0,0,0
30404,3633.72,0,0,0,0,0.00,0,0,0
30454,3593.67,0,0,0,0,0.00,0,0,0
30504,3623.19,0,0,0,0,0.00,0,0,0
30554,3583.37,0,0,0,0,0.00,0,0,0
30604,3627.57,0,0,0,0,0.00,0,0,0
30654,3592.81,0,0,0,0,0.00,0,0,0
30704,3622.31,0,0,0,0,0.00,0,0,0
30754,3582.52,0,0,0,0,0.00,0,0,0
30804,3572.28,0,0,0,0,0.00,0,0,0
30854,3539.41,0,0,0,0,0.00,0,0,0
30904,3597.12,0,0,0,0,0.00,0,0,0
30954,3556.19,0,0,0,0,0.00,0,0,0
31004,3598.85,0,0,0,0,0.00,0,0,0
31054,3568.03,0,0,0,0,0.00,0,0,0
31104,3571.43,0,0,0,0,0.00,0,0,0
31154,3548.62,0,0,0,0,0.00,0,0,0
31204,3578.24,0,0,0,0,0.00,0,0,0
31254,3548.62,0,0,0,0,0.00,0,0,0
31304,3577.39,0,0,0,0,0.00,0,0,0
31354,3549.46,0,0,0,0,0.00,0,0,0
31404,3577.39,0,0,0,0,0.00,0,0,0
31454,3548.62,0,0,0,0,0.00,0,0,0
31504,3591.95,0,0,0,0,0.00,0,0,0
31554,3558.72,0,0,0,0,0.00,0,0,0
31604,3609.24,0,0,0,0,0.00,0,0,0
31654,3577.39,0,0,0,0,0.00,0,0,0
31704,3597.12,0,0,0,0,0.00,0,0,0
31754,3547.78,0,0,0,0,0.00,0,0,0
31804,3529.41,0,0,0,0,0.00,0,0,0
31854,3510.41,0,0,0,0,0.00,0,0,0
31904,3549.46,0,0,0,0,0.00,0,0,0
31954,3549.46,0,0,0,0,0.00,0,0,0
32004,3524.44,0,0,0,0,0.00,0,0,0
32054,3547.78,0,0,0,0,0.00,0,0,0
32104,3518.65,0,0,0,0,0.00,0,0,0
32154,3547.78,0,0,0,0,0.00,0,0,0
32204,3509.59,0,0,0,0,0.00,0,0,0
32254,3557.87,0,0,0,0,0.00,0,0,0
32304,3518.65,0,0,0,0,0.00,0,0,0
32354,3548.62,0,0,0,0,0.00,0,0,0
32404,3508.77,0,0,0,0,0.00,0,0,0
32454,3558.72,0,0,0,0,0.00,0,0,0
32504,3527.75,0,0,0,0,0.00,0,0,0
32555,3547.78,0,0,0,0,0.00,0,0,0
32605,3508.77,0,0,0,0,0.00,0,0,0
32655,3537.74,0,0,0,0,0.00,0,0,0
32705,3498.95,0,0,0,0,0.00,0,0,0
32755,3520.30,0,0,0,0,0.00,0,0,0
32805,3573.13,0,0,0,0,0.00,0,0,0
32855,3542.75,0,0,0,0,0.00,0,0,0
32905,3588.52,0,0,0,0,0.00,0,0,0
32955,3548.62,0,0,0,0,0.00,0,0,0
33005,3587.66,0,0,0,0,0.00,0,0,0
33055,3548.62,0,0,0,0,0.00,0,0,0
33105,3626.69,0,0,0,0,0.00,0,0,0
33155,3539.41,0,0,0,0,0.00,0,0,0
33205,3598.85,0,0,0,0,0.00,0,0,0
33255,3556.19,0,0,0,0,0.00,0,0,0
33305,3588.52,0,0,0,0,0.00,0,0,0
33355,3564.64,0,0,0,0,0.00,0,0,0
33405,3598.85,0,0,0,0,0.00,0,0,0
33455,3518.65,0,0,0,0,0.00,0,0,0
33505,3559.56,0,0,0,0,0.00,0,0,0
33555,3520.30,0,0,0,0,0.00,0,0,0
33605,3549.46,0,0,0,0,0.00,0,0,0
33655,3518.65,0,0,0,0,0.00,0,0,0
33705,3557.03,0,0,0,0,0.00,0,0,0
33755,3537.74,0,0,0,0,0.00,0,0,0
33805,3579.10,0,0,0,0,0.00,0,0,0
33855,3578.24,0,0,0,0,0.00,0,0,0
33905,3551.14,0,0,0,0,0.00,0,0,0
33955,3602.31,0,0,0,0,0.00,0,0,0
34006,3573.13,0,0,0,0,0.00,0,0,0
34056,3543.59,0,0,0,0,0.00,0,0,0
34106,3519.47,0,0,0,0,0.00,0,0,0
34156,3568.88,0,0,0,0,0.00,0,0,0
34206,3527.75,0,0,0,0,0.00,0,0,0
34256,3579.10,0,0,0,0,0.00,0,0,0
34306,3537.74,0,0,0,0,0.00,0,0,0
34356,3577.39,0,0,0,0,0.00,0,0,0
34406,3549.46,0,0,0,0,0.00,0,0,0
34456,3586.80,0,0,0,0,0.00,0,0,0
34506,3549.46,0,0,0,0,0.00,0,0,0
34556,3539.41,0,0,0,0,0.00,0,0,0
34606,3509.59,0,0,0,0,0.00,0,0,0
34656,3481.89,0,0,0,0,0.00,0,0,0
34706,3461.01,0,0,0,0,0.00,0,0,0
34756,3499.77,0,0,0,0,0.00,0,0,0
34806,3491.62,0,0,0,0,0.00,0,0,0
34856,3457.02,0,0,0,0,0.00,0,0,0
34906,3508.77,0,0,0,0,0.00,0,0,0
34956,3489.18,0,0,0,0,0.00,0,0,0
35006,3549.46,0,0,0,0,0.00,0,0,0
35056,3500.58,0,0,0,0,0.00,0,0,0
35106,3548.62,0,0,0,0,0.00,0,0,0
35156,3500.58,0,0,0,0,0.00,0,0,0
35206,3518.65,0,0,0,0,0.00,0,0,0
35256,3490.00,0,0,0,0,0.00,0,0,0
35306,3547.78,0,0,0,0,0.00,0,0,0
35356,3508.77,0,0,0,0,0.00,0,0,0
35406,3519.47,0,0,0,0,0.00,0,0,0
35456,3562.10,0,0,0,0,0.00,0,0,0
35506,3527.75,0,0,0,0,0.00,0,0,0
35556,3567.18,0,0,0,0,0.00,0,0,0
35606,3519.47,0,0,0,0,0.00,0,0,0
35656,3529.41,0,0,0,0,0.00,0,0,0
35706,3508.77,0,0,0,0,0.00,0,0,0
35756,3548.62,0,0,0,0,0.00,0,0,0
35806,3510.41,0,0,0,0,0.00,0,0,0
35856,3568.88,0,0,0,0,0.00,0,0,0
35906,3526.92,0,0,0,0,0.00,0,0,0
35956,3577.39,0,0,0,0,0.00,0,0,0
36006,3508.77,0,0,0,0,0.00,0,0,0
36056,3547.78,0,0,0,0,0.00,0,0,0
36106,3508.77,0,0,0,0,0.00,0,0,0
36156,3508.77,0,0,0,0,0.00,0,0,0
36206,3562.95,0,0,0,0,0.00,0,0,0
36256,3532.74,0,0,0,0,0.00,0,0,0
36306,3568.88,0,0,0,0,0.00,0,0,0
36356,3537.74,0,0,0,0,0.00,0,0,0
36406,3537.74,0,0,0,0,0.00,0,0,0
36456,3517.82,0,0,0,0,0.00,0,0,0
36506,3568.88,0,0,0,0,0.00,0,0,0
36556,3510.41,0,0,0,0,0.00,0,0,0
36606,3559.56,0,0,0,0,0.00,0,0,0
36656,3518.65,0,0,0,0,0.00,0,0,0
36706,3577.39,0,0,0,0,0.00,0,0,0
36756,3548.62,0,0,0,0,0.00,0,0,0
36806,3577.39,0,0,0,0,0.00,0,0,0
36856,3539.41,0,0,0,0,0.00,0,0,0
36907,3587.66,0,0,0,0,0.00,0,0,0
36957,3558.72,0,0,0,0,0.00,0,0,0
37007,3609.24,0,0,0,0,0.00,0,0,0
37057,3556.19,0,0,0,0,0.00,0,0,0
37107,3588.52,0,0,0,0,0.00,0,0,0
37157,3537.74,0,0,0,0,0.00,0,0,0
37207,3578.24,0,0,0,0,0.00,0,0,0
37257,3588.52,0,0,0,0,0.00,0,0,0
37307,3533.57,0,0,0,0,0.00,0,0,0
37357,3583.37,0,0,0,0,0.00,0,0,0
37407,3542.75,0,0,0,0,0.00,0,0,0
37457,3588.52,0,0,0,0,0.00,0,0,0
37507,3558.72,0,0,0,0,0.00,0,0,0
37557,3607.50,0,0,0,0,0.00,0,0,0
37607,3576.54,0,0,0,0,0.00,0,0,0
37657,3597.98,0,0,0,0,0.00,0,0,0
37707,3568.88,0,0,0,0,0.00,0,0,0
37757,3618.82,0,0,0,0,0.00,0,0,0
37807,3573.13,0,0,0,0,0.00,0,0,0
37857,3619.69,0,0,0,0,0.00,0,0,0
37907,3581.66,0,0,0,0,0.00,0,0,0
37957,3613.59,0,0,0,0,0.00,0,0,0
38007,3564.64,0,0,0,0,0.00,0,0,0
38057,3598.85,0,0,0,0,0.00,0,0,0
38107,3509.59,0,0,0,0,0.00,0,0,0
38157,3557.87,0,0,0,0,0.00,0,0,0
38207,3529.41,0,0,0,0,0.00,0,0,0
38257,3558.72,0,0,0,0,0.00,0,0,0
38307,3537.74,0,0,0,0,0.00,0,0,0
38358,3588.52,0,0,0,0,0.00,0,0,0
38408,3563.79,0,0,0,0,0.00,0,0,0
38458,3597.98,0,0,0,0,0.00,0,0,0
38508,3565.49,0,0,0,0,0.00,0,0,0
38558,3608.37,0,0,0,0,0.00,0,0,0
38608,3573.13,0,0,0,0,0.00,0,0,0
38658,3608.37,0,0,0,0,0.00,0,0,0
38708,3572.28,0,0,0,0,0.00,0,0,0
38758,3617.94,0,0,0,0,0.00,0,0,0
38808,3575.69,0,0,0,0,0.00,0,0,0
38858,3589.38,0,0,0,0,0.00,0,0,0
38908,3558.72,0,0,0,0,0.00,0,0,0
38958,3607.50,0,0,0,0,0.00,0,0,0
39008,3574.83,0,0,0,0,0.00,0,0,0
39058,3578.24,0,0,0,0,0.00,0,0,0
39108,3557.03,0,0,0,0,0.00,0,0,0
39158,3557.87,0,0,0,0,0.00,0,0,0
39208,3592.81,0,0,0,0,0.00,0,0,0
39258,3563.79,0,0,0,0,0.00,0,0,0
39308,3618.82,0,0,0,0,0.00,0,0,0
39358,3560.41,0,0,0,0,0.00,0,0,0
39408,3586.80,0,0,0,0,0.00,0,0,0
39458,3566.33,0,0,0,0,0.00,0,0,0
39508,3598.85,0,0,0,0,0.00,0,0,0
39558,3572.28,0,0,0,0,0.00,0,0,0
39608,3597.12,0,0,0,0,0.00,0,0,0
39658,3567.18,0,0,0,0,0.00,0,0,0
39708,3609.24,0,0,0,0,0.00,0,0,0
39758,3562.95,0,0,0,0,0.00,0,0,0
39808,3568.88,0,0,0,0,0.00,0,0,0
39858,3547.78,0,0,0,0,0.00,0,0,0
39908,3568.88,0,0,0,0,0.00,0,0,0
39958,3537.74,0,0,0,0,0.00,0,0,0
40008,3579.10,0,0,0,0,0.00,0,0,0
40058,3537.74,0,0,0,0,0.00,0,0,0
40108,3567.18,0,0,0,0,0.00,0,0,0
40158,3529.41,0,0,0,0,0.00,0,0,0
40208,3558.72,0,0,0,0,0.00,0,0,0
40258,3528.58,0,0,0,0,0.00,0,0,0
40308,3578.24,0,0,0,0,0.00,0,0,0
40358,3537.74,0,0,0,0,0.00,0,0,0
40408,3588.52,0,0,0,0,0.00,0,0,0
40458,3588.52,0,0,0,0,0.00,0,0,0
40508,3553.66,0,0,0,0,0.00,0,0,0
40558,3591.95,0,0,0,0,0.00,0,0,0
40608,3562.95,0,0,0,0,0.00,0,0,0
40658,3572.28,0,0,0,0,0.00,0,0,0
40708,3553.66,0,0,0,0,0.00,0,0,0
40758,3597.98,0,0,0,0,0.00,0,0,0
40808,3573.13,0,0,0,0,0.00,0,0,0
40858,3618.82,0,0,0,0,0.00,0,0,0
40908,3581.66,0,0,0,0,0.00,0,0,0
40958,3587.66,0,0,0,0,0.00,0,0,0
41008,3568.88,0,0,0,0,0.00,0,0,0
41058,3618.82,0,0,0,0,0.00,0,0,0
41108,3573.13,0,0,0,0,0.00,0,0,0
41158,3617.94,0,0,0,0,0.00,0,0,0
41208,3557.03,0,0,0,0,0.00,0,0,0
41259,3597.98,0,0,0,0,0.00,0,0,0
41309,3548.62,0,0,0,0,0.00,0,0,0
41359,3576.54,0,0,0,0,0.00,0,0,0
41409,3548.62,0,0,0,0,0.00,0,0,0
41459,3586.80,0,0,0,0,0.00,0,0,0
41509,3556.19,0,0,0,0,0.00,0,0,0
41559,3577.39,0,0,0,0,0.00,0,0,0
41609,3537.74,0,0,0,0,0.00,0,0,0
41659,3598.85,0,0,0,0,0.00,0,0,0
41709,3568.88,0,0,0,0,0.00,0,0,0
41759,3618.82,0,0,0,0,0.00,0,0,0
41809,3556.19,0,0,0,0,0.00,0,0,0
41859,3597.98,0,0,0,0,0.00,0,0,0
41909,3565.49,0,0,0,0,0.00,0,0,0
41959,3576.54,0,0,0,0,0.00,0,0,0
42009,3548.62,0,0,0,0,0.00,0,0,0
42059,3576.54,0,0,0,0,0.00,0,0,0
42109,3529.41,0,0,0,0,0.00,0,0,0
42159,3558.72,0,0,0,0,0.00,0,0,0
42209,3549.46,0,0,0,0,0.00,0,0,0
42259,3505.49,0,0,0,0,0.00,0,0,0
42309,3548.62,0,0,0,0,0.00,0,0,0
42359,3486.75,0,0,0,0,0.00,0,0,0
42409,3568.88,0,0,0,0,0.00,0,0,0
42459,3519.47,0,0,0,0,0.00,0,0,0
42509,3549.46,0,0,0,0,0.00,0,0,0
42559,3528.58,0,0,0,0,0.00,0,0,0
42609,3547.78,0,0,0,0,0.00,0,0,0
42659,3518.65,0,0,0,0,0.00,0,0,0
42710,3568.88,0,0,0,0,0.00,0,0,0
42760,3529.41,0,0,0,0,0.00,0,0,0
42810,3577.39,0,0,0,0,0.00,0,0,0
42860,3548.62,0,0,0,0,0.00,0,0,0
42910,3568.03,0,0,0,0,0.00,0,0,0
42960,3547.78,0,0,0,0,0.00,0,0,0
43010,3579.10,0,0,0,0,0.00,0,0,0
43060,3547.78,0,0,0,0,0.00,0,0,0
43110,3588.52,0,0,0,0,0.00,0,0,0
43160,3546.94,0,0,0,0,0.00,0,0,0
43210,3539.41,0,0,0,0,0.00,0,0,0
43260,3573.98,0,0,0,0,0.00,0,0,0
43310,3544.42,0,0,0,0,0.00,0,0,0
43360,3568.88,0,0,0,0,0.00,0,0,0
43410,3537.74,0,0,0,0,0.00,0,0,0
43460,3528.58,0,0,0,0,0.00,0,0,0
43510,3499.77,0,0,0,0,0.00,0,0,0
43560,3568.03,0,0,0,0,0.00,0,0,0
43610,3518.65,0,0,0,0,0.00,0,0,0
43660,3558.72,0,0,0,0,0.00,0,0,0
43710,3537.74,0,0,0,0,0.00,0,0,0
43760,3579.10,0,0,0,0,0.00,0,0,0
43810,3549.46,0,0,0,0,0.00,0,0,0
43860,3588.52,0,0,0,0,0.00,0,0,0
43910,3557.87,0,0,0,0,0.00,0,0,0
43960,3588.52,0,0,0,0,0.00,0,0,0
44010,3556.19,0,0,0,0,0.00,0,0,0
44060,3589.38,0,0,0,0,0.00,0,0,0
44110,3548.62,0,0,0,0,0.00,0,0,0
44160,3597.98,0,0,0,0,0.00,0,0,0
44210,3518.65,0,0,0,0,0.00,0,0,0
44260,3527.75,0,0,0,0,0.00,0,0,0
44310,3584.23,0,0,0,0,0.00,0,0,0
44360,3542.75,0,0,0,0,0.00,0,0,0
44410,3598.85,0,0,0,0,0.00,0,0,0
44460,3564.64,0,0,0,0,0.00,0,0,0
44510,3606.64,0,0,0,0,0.00,0,0,0
44560,3583.37,0,0,0,0,0.00,0,0,0
44610,3618.82,0,0,0,0,0.00,0,0,0
44660,3572.28,0,0,0,0,0.00,0,0,0
44710,3578.24,0,0,0,0,0.00,0,0,0
44760,3537.74,0,0,0,0,0.00,0,0,0
44810,3587.66,0,0,0,0,0.00,0,0,0
44860,3538.57,0,0,0,0,0.00,0,0,0
44910,3586.80,0,0,0,0,0.00,0,0,0
44960,3548.62,0,0,0,0,0.00,0,0,0
45010,3588.52,0,0,0,0,0.00,0,0,0
45060,3558.72,0,0,0,0,0.00,0,0,0
45110,3578.24,0,0,0,0,0.00,0,0,0
45160,3547.78,0,0,0,0,0.00,0,0,0
45210,3582.52,0,0,0,0,0.00,0,0,0
45260,3537.74,0,0,0,0,0.00,0,0,0
45310,3598.85,0,0,0,0,0.00,0,0,0
45360,3557.03,0,0,0,0,0.00,0,0,0
45410,3577.39,0,0,0,0,0.00,0,0,0
45460,3539.41,0,0,0,0,0.00,0,0,0
45510,3587.66,0,0,0,0,0.00,0,0,0
45560,3548.62,0,0,0,0,0.00,0,0,0
45611,3588.52,0,0,0,0,0.00,0,0,0
45661,3556.19,0,0,0,0,0.00,0,0,0
45711,3568.88,0,0,0,0,0.00,0,0,0
45761,3557.87,0,0,0,0,0.00,0,0,0
45811,3524.44,0,0,0,0,0.00,0,0,0
45861,3568.88,0,0,0,0,0.00,0,0,0
45911,3537.74,0,0,0,0,0.00,0,0,0
45961,3588.52,0,0,0,0,0.00,0,0,0
46011,3556.19,0,0,0,0,0.00,0,0,0
46061,3588.52,0,0,0,0,0.00,0,0,0
46111,3547.78,0,0,0,0,0.00,0,0,0
46161,3558.72,0,0,0,0,0.00,0,0,0
46211,3527.75,0,0,0,0,0.00,0,0,0
46261,3579.10,0,0,0,0,0.00,0,0,0
46311,3498.95,0,0,0,0,0.00,0,0,0
46361,3549.46,0,0,0,0,0.00,0,0,0
46411,3509.59,0,0,0,0,0.00,0,0,0
46461,3538.57,0,0,0,0,0.00,0,0,0
46511,3510.41,0,0,0,0,0.00,0,0,0
46561,3548.62,0,0,0,0,0.00,0,0,0
46611,3500.58,0,0,0,0,0.00,0,0,0
46661,3509.59,0,0,0,0,0.00,0,0,0
46711,3563.79,0,0,0,0,0.00,0,0,0
46761,3533.57,0,0,0,0,0.00,0,0,0
46811,3577.39,0,0,0,0,0.00,0,0,0
46861,3548.62,0,0,0,0,0.00,0,0,0
46911,3588.52,0,0,0,0,0.00,0,0,0
46961,3537.74,0,0,0,0,0.00,0,0,0
47011,3577.39,0,0,0,0,0.00,0,0,0
47062,3558.72,0,0,0,0,0.00,0,0,0
47112,3588.52,0,0,0,0,0.00,0,0,0
47162,3537.74,0,0,0,0,0.00,0,0,0
47212,3591.95,0,0,0,0,0.00,0,0,0
47262,3548.62,0,0,0,0,0.00,0,0,0
47312,3588.52,0,0,0,0,0.00,0,0,0
47362,3556.19,0,0,0,0,0.00,0,0,0
47412,3597.98,0,0,0,0,0.00,0,0,0
47462,3565.49,0,0,0,0,0.00,0,0,0
47512,3608.37,0,0,0,0,0.00,0,0,0
47562,3574.83,0,0,0,0,0.00,0,0,0
47612,3639.01,0,0,0,0,0.00,0,0,0
47662,3560.41,0,0,0,0,0.00,0,0,0
47712,3618.82,0,0,0,0,0.00,0,0,0
47762,3573.13,0,0,0,0,0.00,0,0,0
47812,3608.37,0,0,0,0,0.00,0,0,0
47862,3491.62,0,0,0,0,0.00,0,0,0
47912,3549.46,0,0,0,0,0.00,0,0,0
47962,3518.65,0,0,0,0,0.00,0,0,0
48012,3519.47,0,0,0,0,0.00,0,0,0
48062,3582.52,0,0,0,0,0.00,0,0,0
48112,3533.57,0,0,0,0,0.00,0,0,0
48162,3578.24,0,0,0,0,0.00,0,0,0
48212,3548.62,0,0,0,0,0.00,0,0,0
48262,3598.85,0,0,0,0,0.00,0,0,0
48312,3565.49,0,0,0,0,0.00,0,0,0
48362,3597.12,0,0,0,0,0.00,0,0,0
48412,3547.78,0,0,0,0,0.00,0,0,0
48462,3598.85,0,0,0,0,0.00,0,0,0
48512,3567.18,0,0,0,0,0.00,0,0,0
48562,3597.12,0,0,0,0,0.00,0,0,0
48612,3573.98,0,0,0,0,0.00,0,0,0
48662,3549.46,0,0,0,0,0.00,0,0,0
48712,3519.47,0,0,0,0,0.00,0,0,0
48762,3567.18,0,0,0,0,0.00,0,0,0
48812,3537.74,0,0,0,0,0.00,0,0,0
48862,3578.24,0,0,0,0,0.00,0,0,0
48912,3549.46,0,0,0,0,0.00,0,0,0
48962,3597.12,0,0,0,0,0.00,0,0,0
49012,3567.18,0,0,0,0,0.00,0,0,0
49062,3608.37,0,0,0,0,0.00,0,0,0
49112,3582.52,0,0,0,0,0.00,0,0,0
49162,3618.82,0,0,0,0,0.00,0,0,0
49212,3557.87,0,0,0,0,0.00,0,0,0
49262,3598.85,0,0,0,0,0.00,0,0,0
49312,3567.18,0,0,0,0,0.00,0,0,0
49362,3598.85,0,0,0,0,0.00,0,0,0
49412,3548.62,0,0,0,0,0.00,0,0,0
49462,3557.87,0,0,0,0,0.00,0,0,0
49512,3568.88,0,0,0,0,0.00,0,0,0
49562,3542.75,0,0,0,0,0.00,0,0,0
49612,3553.66,0,0,0,0,0.00,0,0,0
49662,3532.74,0,0,0,0,0.00,0,0,0
49712,3557.87,0,0,0,0,0.00,0,0,0
49762,3529.41,0,0,0,0,0.00,0,0,0
49812,3568.88,0,0,0,0,0.00,0,0,0
49862,3527.75,0,0,0,0,0.00,0,0,0
49912,3578.24,0,0,0,0,0.00,0,0,0
49963,3537.74,0,0,0,0,0.00,0,0,0
50013,3568.88,0,0,0,0,0.00,0,0,0
50063,3528.58,0,0,0,0,0.00,0,0,0
50113,3586.80,0,0,0,0,0.00,0,0,0
50163,3548.62,0,0,0,0,0.00,0,0,0
50213,3597.98,0,0,0,0,0.00,0,0,0
50263,3548.62,0,0,0,0,0.00,0,0,0
50313,3587.66,0,0,0,0,0.00,0,0,0
50363,3548.62,0,0,0,0,0.00,0,0,0
50413,3598.85,0,0,0,0,0.00,0,0,0
50463,3547.78,0,0,0,0,0.00,0,0,0
50513,3588.52,0,0,0,0,0.00,0,0,0
50563,3538.57,0,0,0,0,0.00,0,0,0
50613,3597.12,0,0,0,0,0.00,0,0,0
50663,3568.03,0,0,0,0,0.00,0,0,0
50713,3618.82,0,0,0,0,0.00,0,0,0
50763,3583.37,0,0,0,0,0.00,0,0,0
50813,3618.82,0,0,0,0,0.00,0,0,0
50863,3592.81,0,0,0,0,0.00,0,0,0
50913,3639.89,0,0,0,0,0.00,0,0,0
50963,3603.17,0,0,0,0,0.00,0,0,0
51013,3632.84,0,0,0,0,0.00,0,0,0
51063,3593.67,0,0,0,0,0.00,0,0,0
51113,3633.72,0,0,0,0,0.00,0,0,0
51163,3591.95,0,0,0,0,0.00,0,0,0
51213,3567.18,0,0,0,0,0.00,0,0,0
51263,3538.57,0,0,0,0,0.00,0,0,0
51313,3541.08,0,0,0,0,0.00,0,0,0
51363,3562.95,0,0,0,0,0.00,0,0,0
51414,3532.74,0,0,0,0,0.00,0,0,0
51464,3579.10,0,0,0,0,0.00,0,0,0
51514,3547.78,0,0,0,0,0.00,0,0,0
51564,3589.38,0,0,0,0,0.00,0,0,0
51614,3565.49,0,0,0,0,0.00,0,0,0
51664,3588.52,0,0,0,0,0.00,0,0,0
51714,3549.46,0,0,0,0,0.00,0,0,0
51764,3587.66,0,0,0,0,0.00,0,0,0
51814,3548.62,0,0,0,0,0.00,0,0,0
51864,3577.39,0,0,0,0,0.00,0,0,0
51914,3548.62,0,0,0,0,0.00,0,0,0
51964,3587.66,0,0,0,0,0.00,0,0,0
52014,3538.57,0,0,0,0,0.00,0,0,0
52064,3572.28,0,0,0,0,0.00,0,0,0
52114,3538.57,0,0,0,0,0.00,0,0,0
52164,3567.18,0,0,0,0,0.00,0,0,0
52214,3537.74,0,0,0,0,0.00,0,0,0
52264,3568.03,0,0,0,0,0.00,0,0,0
52314,3517.82,0,0,0,0,0.00,0,0,0
52364,3568.03,0,0,0,0,0.00,0,0,0
52414,3509.59,0,0,0,0,0.00,0,0,0
52464,3558.72,0,0,0,0,0.00,0,0,0
52514,3568.88,0,0,0,0,0.00,0,0,0
52564,3524.44,0,0,0,0,0.00,0,0,0
52614,3583.37,0,0,0,0,0.00,0,0,0
52664,3539.41,0,0,0,0,0.00,0,0,0
52714,3588.52,0,0,0,0,0.00,0,0,0
52764,3565.49,0,0,0,0,0.00,0,0,0
52814,3598.85,0,0,0,0,0.00,0,0,0
52864,3567.18,0,0,0,0,0.00,0,0,0
52914,3609.24,0,0,0,0,0.00,0,0,0
52964,3585.09,0,0,0,0,0.00,0,0,0
53014,3618.82,0,0,0,0,0.00,0,0,0
53064,3583.37,0,0,0,0,0.00,0,0,0
53114,3629.32,0,0,0,0,0.00,0,0,0
53164,3591.95,0,0,0,0,0.00,0,0,0
53214,3644.31,0,0,0,0,0.00,0,0,0
53264,3613.59,0,0,0,0,0.00,0,0,0
53314,3652.30,0,0,0,0,0.00,0,0,0
53364,3603.17,0,0,0,0,0.00,0,0,0
53414,3652.30,0,0,0,0,0.00,0,0,0
53464,3613.59,0,0,0,0,0.00,0,0,0
53514,3652.30,0,0,0,0,0.00,0,0,0
53564,3591.95,0,0,0,0,0.00,0,0,0
53614,3632.84,0,0,0,0,0.00,0,0,0
53664,3617.07,0,0,0,0,0.00,0,0,0
53714,3649.63,0,0,0,0,0.00,0,0,0
53764,3592.81,0,0,0,0,0.00,0,0,0
53814,3632.84,0,0,0,0,0.00,0,0,0
53864,3520.30,0,0,0,0,0.00,0,0,0
53914,3577.39,0,0,0,0,0.00,0,0,0
53964,3538.57,0,0,0,0,0.00,0,0,0
54014,3508.77,0,0,0,0,0.00,0,0,0
54064,3535.23,0,0,0,0,0.00,0,0,0
54114,3500.58,0,0,0,0,0.00,0,0,0
54164,3461.80,0,0,0,0,0.00,0,0,0
54214,3508.77,0,0,0,0,0.00,0,0,0
54264,3490.00,0,0,0,0,0.00,0,0,0
54315,3490.81,0,0,0,0,0.00,0,0,0
54365,3544.42,0,0,0,0,0.00,0,0,0
54415,3508.77,0,0,0,0,0.00,0,0,0
54465,3557.87,0,0,0,0,0.00,0,0,0
54515,3510.41,0,0,0,0,0.00,0,0,0
54565,3549.46,0,0,0,0,0.00,0,0,0
54615,3519.47,0,0,0,0,0.00,0,0,0
54665,3557.87,0,0,0,0,0.00,0,0,0
54715,3527.75,0,0,0,0,0.00,0,0,0
54765,3579.10,0,0,0,0,0.00,0,0,0
54815,3538.57,0,0,0,0,0.00,0,0,0
54865,3587.66,0,0,0,0,0.00,0,0,0
54915,3564.64,0,0,0,0,0.00,0,0,0
54965,3597.98,0,0,0,0,0.00,0,0,0
55015,3565.49,0,0,0,0,0.00,0,0,0
55065,3567.18,0,0,0,0,0.00,0,0,0
55115,3527.75,0,0,0,0,0.00,0,0,0
55165,3558.72,0,0,0,0,0.00,0,0,0
55215,3528.58,0,0,0,0,0.00,0,0,0
55265,3577.39,0,0,0,0,0.00,0,0,0
55315,3577.39,0,0,0,0,0.00,0,0,0
55365,3543.59,0,0,0,0,0.00,0,0,0
55415,3593.67,0,0,0,0,0.00,0,0,0
55465,3552.82,0,0,0,0,0.00,0,0,0
55515,3588.52,0,0,0,0,0.00,0,0,0
55565,3556.19,0,0,0,0,0.00,0,0,0
55615,3588.52,0,0,0,0,0.00,0,0,0
55665,3503.04,0,0,0,0,0.00,0,0,0
55715,3598.85,0,0,0,0,0.00,0,0,0
55766,3567.18,0,0,0,0,0.00,0,0,0
55816,3608.37,0,0,0,0,0.00,0,0,0
55866,3568.88,0,0,0,0,0.00,0,0,0
55916,3608.37,0,0,0,0,0.00,0,0,0
55966,3565.49,0,0,0,0,0.00,0,0,0
56016,3597.98,0,0,0,0,0.00,0,0,0
56066,3530.24,0,0,0,0,0.00,0,0,0
56116,3597.98,0,0,0,0,0.00,0,0,0
56166,3517.82,0,0,0,0,0.00,0,0,0
56216,3588.52,0,0,0,0,0.00,0,0,0
56266,3547.78,0,0,0,0,0.00,0,0,0
56316,3537.74,0,0,0,0,0.00,0,0,0
56366,3518.65,0,0,0,0,0.00,0,0,0
56416,3557.87,0,0,0,0,0.00,0,0,0
56466,3538.57,0,0,0,0,0.00,0,0,0
56516,3587.66,0,0,0,0,0.00,0,0,0
56566,3557.03,0,0,0,0,0.00,0,0,0
56616,3609.24,0,0,0,0,0.00,0,0,0
56666,3582.52,0,0,0,0,0.00,0,0,0
56716,3618.82,0,0,0,0,0.00,0,0,0
56766,3573.13,0,0,0,0,0.00,0,0,0
56816,3608.37,0,0,0,0,0.00,0,0,0
56866,3581.66,0,0,0,0,0.00,0,0,0
56916,3598.85,0,0,0,0,0.00,0,0,0
56966,3568.88,0,0,0,0,0.00,0,0,0
57016,3618.82,0,0,0,0,0.00,0,0,0
57066,3564.64,0,0,0,0,0.00,0,0,0
57116,3568.03,0,0,0,0,0.00,0,0,0
57166,3624.06,0,0,0,0,0.00,0,0,0
57216,3584.23,0,0,0,0,0.00,0,0,0
57266,3623.19,0,0,0,0,0.00,0,0,0
57316,3573.98,0,0,0,0,0.00,0,0,0
57366,3613.59,0,0,0,0,0.00,0,0,0
57416,3593.67,0,0,0,0,0.00,0,0,0
57466,3624.06,0,0,0,0,0.00,0,0,0
57516,3593.67,0,0,0,0,0.00,0,0,0
57566,3624.06,0,0,0,0,0.00,0,0,0
57616,3581.66,0,0,0,0,0.00,0,0,0
57666,3622.31,0,0,0,0,0.00,0,0,0
57716,3582.52,0,0,0,0,0.00,0,0,0
57766,3612.72,0,0,0,0,0.00,0,0,0
57816,3517.00,0,0,0,0,0.00,0,0,0
57866,3577.39,0,0,0,0,0.00,0,0,0
57916,3557.03,0,0,0,0,0.00,0,0,0
57966,3586.80,0,0,0,0,0.00,0,0,0
58016,3567.18,0,0,0,0,0.00,0,0,0
58066,3598.85,0,0,0,0,0.00,0,0,0
58116,3573.13,0,0,0,0,0.00,0,0,0
58166,3618.82,0,0,0,0,0.00,0,0,0
58216,3489.18,0,0,0,0,0.00,0,0,0
58266,3539.41,0,0,0,0,0.00,0,0,0
58316,3499.77,0,0,0,0,0.00,0,0,0
58366,3538.57,0,0,0,0,0.00,0,0,0
58416,3508.77,0,0,0,0,0.00,0,0,0
58466,3557.87,0,0,0,0,0.00,0,0,0
58516,3528.58,0,0,0,0,0.00,0,0,0
58566,3588.52,0,0,0,0,0.00,0,0,0
58616,3547.78,0,0,0,0,0.00,0,0,0
58667,3578.24,0,0,0,0,0.00,0,0,0
58717,3588.52,0,0,0,0,0.00,0,0,0
58767,3553.66,0,0,0,0,0.00,0,0,0
58817,3602.31,0,0,0,0,0.00,0,0,0
58867,3543.59,0,0,0,0,0.00,0,0,0
58917,3572.28,0,0,0,0,0.00,0,0,0
58967,3541.08,0,0,0,0,0.00,0,0,0
59017,3567.18,0,0,0,0,0.00,0,0,0
59067,3537.74,0,0,0,0,0.00,0,0,0
59117,3588.52,0,0,0,0,0.00,0,0,0
59167,3546.94,0,0,0,0,0.00,0,0,0
59217,3598.85,0,0,0,0,0.00,0,0,0
59267,3557.03,0,0,0,0,0.00,0,0,0
59317,3609.24,0,0,0,0,0.00,0,0,0
59367,3557.87,0,0,0,0,0.00,0,0,0
59417,3588.52,0,0,0,0,0.00,0,0,0
59467,3537.74,0,0,0,0,0.00,0,0,0
59517,3578.24,0,0,0,0,0.00,0,0,0
59567,3547.78,0,0,0,0,0.00,0,0,0
59617,3588.52,0,0,0,0,0.00,0,0,0
59667,3547.78,0,0,0,0,0.00,0,0,0
59717,3579.10,0,0,0,0,0.00,0,0,0
59767,3547.78,0,0,0,0,0.00,0,0,0
59817,3588.52,0,0,0,0,0.00,0,0,0
59867,3537.74,0,0,0,0,0.00,0,0,0
59917,3568.03,0,0,0,0,0.00,0,0,0
59967,3510.41,0,0,0,0,0.00,0,0,0
60017,3518.65,0,0,0,0,0.00,0,0,0
60067,3563.79,0,0,0,0,0.00,0,0,0
60118,3518.65,0,0,0,0,0.00,0,0,0
60168,3568.88,0,0,0,0,0.00,0,0,0
60218,3537.74,0,0,0,0,0.00,0,0,0
60268,3578.24,0,0,0,0,0.00,0,0,0
60318,3547.78,0,0,0,0,0.00,0,0,0
60368,3598.85,0,0,0,0,0.00,0,0,0
60418,3565.49,0,0,0,0,0.00,0,0,0
60468,3608.37,0,0,0,0,0.00,0,0,0
60518,3599.71,0,0,0,0,0.00,0,0,0
60568,3557.87,0,0,0,0,0.00,0,0,0
60618,3539.41,0,0,0,0,0.00,0,0,0
60668,3547.78,0,0,0,0,0.00,0,0,0
60718,3508.77,0,0,0,0,0.00,0,0,0
60768,3557.03,0,0,0,0,0.00,0,0,0
60818,3527.75,0,0,0,0,0.00,0,0,0
60868,3568.03,0,0,0,0,0.00,0,0,0
60918,3547.78,0,0,0,0,0.00,0,0,0
60968,3588.52,0,0,0,0,0.00,0,0,0
61018,3547.78,0,0,0,0,0.00,0,0,0
61068,3568.88,0,0,0,0,0.00,0,0,0
61118,3578.24,0,0,0,0,0.00,0,0,0
61168,3542.75,0,0,0,0,0.00,0,0,0
61218,3573.13,0,0,0,0,0.00,0,0,0
61268,3525.26,0,0,0,0,0.00,0,0,0
61318,3578.24,0,0,0,0,0.00,0,0,0
61368,3548.62,0,0,0,0,0.00,0,0,0
61418,3597.12,0,0,0,0,0.00,0,0,0
61468,3548.62,0,0,0,0,0.00,0,0,0
61518,3578.24,0,0,0,0,0.00,0,0,0
61568,3563.79,0,0,0,0,0.00,0,0,0
61618,3608.37,0,0,0,0,0.00,0,0,0
61668,3582.52,0,0,0,0,0.00,0,0,0
61718,3608.37,0,0,0,0,0.00,0,0,0
61768,3576.54,0,0,0,0,0.00,0,0,0
61818,3608.37,0,0,0,0,0.00,0,0,0
61868,3576.54,0,0,0,0,0.00,0,0,0
61918,3597.98,0,0,0,0,0.00,0,0,0
61968,3575.69,0,0,0,0,0.00,0,0,0
62018,3597.12,0,0,0,0,0.00,0,0,0
62068,3519.47,0,0,0,0,0.00,0,0,0
62118,3576.54,0,0,0,0,0.00,0,0,0
62168,3527.75,0,0,0,0,0.00,0,0,0
62218,3578.24,0,0,0,0,0.00,0,0,0
62268,3537.74,0,0,0,0,0.00,0,0,0
62318,3558.72,0,0,0,0,0.00,0,0,0
62368,3520.30,0,0,0,0,0.00,0,0,0
62418,3539.41,0,0,0,0,0.00,0,0,0
62468,3538.57,0,0,0,0,0.00,0,0,0
62518,3494.87,0,0,0,0,0.00,0,0,0
62568,3527.75,0,0,0,0,0.00,0,0,0
62618,3508.77,0,0,0,0,0.00,0,0,0
62668,3557.87,0,0,0,0,0.00,0,0,0
62718,3537.74,0,0,0,0,0.00,0,0,0
62768,3578.24,0,0,0,0,0.00,0,0,0
62818,3537.74,0,0,0,0,0.00,0,0,0
62868,3557.87,0,0,0,0,0.00,0,0,0
62918,3502.22,0,0,0,0,0.00,0,0,0
62968,3549.46,0,0,0,0,0.00,0,0,0
63019,3529.41,0,0,0,0,0.00,0,0,0
63069,3577.39,0,0,0,0,0.00,0,0,0
63119,3538.57,0,0,0,0,0.00,0,0,0
63169,3578.24,0,0,0,0,0.00,0,0,0
63219,3518.65,0,0,0,0,0.00,0,0,0
63269,3578.24,0,0,0,0,0.00,0,0,0
63319,3536.90,0,0,0,0,0.00,0,0,0
63369,3588.52,0,0,0,0,0.00,0,0,0
63419,3588.52,0,0,0,0,0.00,0,0,0
63469,3533.57,0,0,0,0,0.00,0,0,0
63519,3583.37,0,0,0,0,0.00,0,0,0
63569,3541.91,0,0,0,0,0.00,0,0,0
63619,3608.37,0,0,0,0,0.00,0,0,0
63669,3556.19,0,0,0,0,0.00,0,0,0
63719,3607.50,0,0,0,0,0.00,0,0,0
63769,3572.28,0,0,0,0,0.00,0,0,0
63819,3598.85,0,0,0,0,0.00,0,0,0
63869,3566.33,0,0,0,0,0.00,0,0,0
63919,3586.80,0,0,0,0,0.00,0,0,0
63969,3565.49,0,0,0,0,0.00,0,0,0
64019,3597.98,0,0,0,0,0.00,0,0,0
64069,3576.54,0,0,0,0,0.00,0,0,0
64119,3608.37,0,0,0,0,0.00,0,0,0
64169,3571.43,0,0,0,0,0.00,0,0,0
64219,3607.50,0,0,0,0,0.00,0,0,0
64269,3566.33,0,0,0,0,0.00,0,0,0
64319,3588.52,0,0,0,0,0.00,0,0,0
64369,3557.03,0,0,0,0,0.00,0,0,0
64419,3578.24,0,0,0,0,0.00,0,0,0
64470,3556.19,0,0,0,0,0.00,0,0,0
64520,3597.12,0,0,0,0,0.00,0,0,0
64570,3529.41,0,0,0,0,0.00,0,0,0
64620,3579.10,0,0,0,0,0.00,0,0,0
64670,3537.74,0,0,0,0,0.00,0,0,0
64720,3578.24,0,0,0,0,0.00,0,0,0
64770,3547.78,0,0,0,0,0.00,0,0,0
64820,3588.52,0,0,0,0,0.00,0,0,0
64870,3536.90,0,0,0,0,0.00,0,0,0
64920,3598.85,0,0,0,0,0.00,0,0,0
64970,3549.46,0,0,0,0,0.00,0,0,0
65020,3579.10,0,0,0,0,0.00,0,0,0
65070,3578.24,0,0,0,0,0.00,0,0,0
65120,3542.75,0,0,0,0,0.00,0,0,0
65170,3578.24,0,0,0,0,0.00,0,0,0
65220,3537.74,0,0,0,0,0.00,0,0,0
65270,3579.10,0,0,0,0,0.00,0,0,0
65320,3537.74,0,0,0,0,0.00,0,0,0
65370,3579.10,0,0,0,0,0.00,0,0,0
65420,3547.78,0,0,0,0,0.00,0,0,0
65470,3579.10,0,0,0,0,0.00,0,0,0
65520,3546.94,0,0,0,0,0.00,0,0,0
65570,3598.85,0,0,0,0,0.00,0,0,0
65620,3566.33,0,0,0,0,0.00,0,0,0
65670,3597.12,0,0,0,0,0.00,0,0,0
65720,3538.57,0,0,0,0,0.00,0,0,0
65770,3587.66,0,0,0,0,0.00,0,0,0
65820,3568.88,0,0,0,0,0.00,0,0,0
65870,3598.85,0,0,0,0,0.00,0,0,0
65920,3564.64,0,0,0,0,0.00,0,0,0
65970,3577.39,0,0,0,0,0.00,0,0,0
66020,3548.62,0,0,0,0,0.00,0,0,0
66070,3609.24,0,0,0,0,0.00,0,0,0
66120,3557.03,0,0,0,0,0.00,0,0,0
66170,3608.37,0,0,0,0,0.00,0,0,0
66220,3562.95,0,0,0,0,0.00,0,0,0
66270,3568.88,0,0,0,0,0.00,0,0,0
66320,3547.78,0,0,0,0,0.00,0,0,0
66370,3559.56,0,0,0,0,0.00,0,0,0
66420,3568.88,0,0,0,0,0.00,0,0,0
66470,3542.75,0,0,0,0,0.00,0,0,0
66520,3592.81,0,0,0,0,0.00,0,0,0
66570,3611.85,0,0,0,0,0.00,0,0,0
66620,3597.98,0,0,0,0,0.00,0,0,0
66670,3568.03,0,0,0,0,0.00,0,0,0
66720,3609.24,0,0,0,0,0.00,0,0,0
66770,3573.13,0,0,0,0,0.00,0,0,0
66820,3598.85,0,0,0,0,0.00,0,0,0
66870,3519.47,0,0,0,0,0.00,0,0,0
66920,3549.46,0,0,0,0,0.00,0,0,0
66970,3526.92,0,0,0,0,0.00,0,0,0
67020,3577.39,0,0,0,0,0.00,0,0,0
67070,3529.41,0,0,0,0,0.00,0,0,0
67120,3529.41,0,0,0,0,0.00,0,0,0
67170,3509.59,0,0,0,0,0.00,0,0,0
67220,3568.88,0,0,0,0,0.00,0,0,0
67270,3537.74,0,0,0,0,0.00,0,0,0
67320,3598.85,0,0,0,0,0.00,0,0,0
67371,3557.87,0,0,0,0,0.00,0,0,0
67421,3597.12,0,0,0,0,0.00,0,0,0
67471,3574.83,0,0,0,0,0.00,0,0,0
67521,3627.57,0,0,0,0,0.00,0,0,0
67571,3581.66,0,0,0,0,0.00,0,0,0
67621,3617.07,0,0,0,0,0.00,0,0,0
67671,3591.95,0,0,0,0,0.00,0,0,0
67721,3624.06,0,0,0,0,0.00,0,0,0
67771,3583.37,0,0,0,0,0.00,0,0,0
67821,3618.82,0,0,0,0,0.00,0,0,0
67871,3573.13,0,0,0,0,0.00,0,0,0
67921,3629.32,0,0,0,0,0.00,0,0,0
67971,3568.03,0,0,0,0,0.00,0,0,0
68021,3618.82,0,0,0,0,0.00,0,0,0
68071,3581.66,0,0,0,0,0.00,0,0,0
68121,3632.84,0,0,0,0,0.00,0,0,0
68171,3592.81,0,0,0,0,0.00,0,0,0
68221,3634.60,0,0,0,0,0.00,0,0,0
68271,3593.67,0,0,0,0,0.00,0,0,0
68321,3598.85,0,0,0,0,0.00,0,0,0
68371,3573.98,0,0,0,0,0.00,0,0,0
68421,3558.72,0,0,0,0,0.00,0,0,0
68471,3557.87,0,0,0,0,0.00,0,0,0
68521,3534.40,0,0,0,0,0.00,0,0,0
68571,3591.95,0,0,0,0,0.00,0,0,0
68621,3566.33,0,0,0,0,0.00,0,0,0
68671,3557.03,0,0,0,0,0.00,0,0,0
68721,3529.41,0,0,0,0,0.00,0,0,0
68771,3587.66,0,0,0,0,0.00,0,0,0
68822,3537.74,0,0,0,0,0.00,0,0,0
68872,3598.85,0,0,0,0,0.00,0,0,0
68922,3557.03,0,0,0,0,0.00,0,0,0
68972,3597.12,0,0,0,0,0.00,0,0,0
69022,3567.18,0,0,0,0,0.00,0,0,0
69072,3607.50,0,0,0,0,0.00,0,0,0
69122,3577.39,0,0,0,0,0.00,0,0,0
69172,3598.85,0,0,0,0,0.00,0,0,0
69222,3568.03,0,0,0,0,0.00,0,0,0
69272,3588.52,0,0,0,0,0.00,0,0,0
69322,3563.79,0,0,0,0,0.00,0,0,0
69372,3597.12,0,0,0,0,0.00,0,0,0
69422,3558.72,0,0,0,0,0.00,0,0,0
69472,3597.98,0,0,0,0,0.00,0,0,0
69522,3567.18,0,0,0,0,0.00,0,0,0
69572,3609.24,0,0,0,0,0.00,0,0,0
69622,3568.88,0,0,0,0,0.00,0,0,0
69672,3588.52,0,0,0,0,0.00,0,0,0
69722,3557.03,0,0,0,0,0.00,0,0,0
69772,3597.12,0,0,0,0,0.00,0,0,0
69822,3537.74,0,0,0,0,0.00,0,0,0
69872,3588.52,0,0,0,0,0.00,0,0,0
69922,3557.03,0,0,0,0,0.00,0,0,0
69972,3598.85,0,0,0,0,0.00,0,0,0
70022,3538.57,0,0,0,0,0.00,0,0,0
70072,3517.82,0,0,0,0,0.00,0,0,0
70122,3485.13,0,0,0,0,0.00,0,0,0
70172,3342.99,0,0,0,0,0.00,0,0,0
70222,3217.50,0,0,0,0,0.00,0,0,0
70272,3130.22,0,0,0,0,0.00,0,0,0
70322,2992.22,0,0,0,0,0.00,0,0,0
70372,2903.04,0,0,0,0,0.00,0,0,0
70422,2782.41,0,0,0,0,0.00,0,0,0
70472,2694.45,0,0,0,0,0.00,0,0,0
70522,2611.42,0,0,0,0,0.00,0,0,0
70572,2528.66,0,0,0,0,0.00,0,0,0
70622,2441.80,0,0,0,0,0.00,0,0,0
70672,2355.90,0,0,0,0,0.00,0,0,0
70722,2267.92,0,0,0,0,0.00,0,0,0
70772,2186.27,0,0,0,0,0.00,0,0,0
70822,2099.96,0,0,0,0,0.00,0,0,0
70872,2042.21,0,0,0,0,0.00,0,0,0
70922,1957.97,0,0,0,0,0.00,0,0,0
70972,1931.00,0,0,0,0,0.00,0,0,0
71022,1932.99,0,0,0,0,0.00,0,0,0
71072,1787.20,0,0,0,0,0.00,0,0,0
71122,1749.88,0,0,0,0,0.00,0,0,0
71172,1679.17,0,0,0,0,0.00,0,0,0
71222,1597.61,0,0,0,0,0.00,0,0,0
71272,1528.27,0,0,0,0,0.00,0,0,0
71322,1511.79,0,0,0,0,0.00,0,0,0
71372,1441.75,0,0,0,0,0.00,0,0,0
71422,1425.86,0,0,0,0,0.00,0,0,0
71472,1340.72,0,0,0,0,0.00,0,0,0
71522,1265.93,0,0,0,0,0.00,0,0,0
71572,1253.45,0,0,0,0,0.00,0,0,0
71622,1177.02,0,0,0,0,0.00,0,0,0
71672,1166.50,0,0,0,0,0.00,0,0,0
71723,1166.50,0,0,0,0,0.00,0,0,0
71773,1084.68,0,0,0,0,0.00,0,0,0
71823,1080.85,0,0,0,0,0.00,0,0,0
71873,1004.62,0,0,0,0,0.00,0,0,0
71923,986.78,0,0,0,0,0.00,0,0,0
71973,901.17,0,0,0,0,0.00,0,0,0
72023,901.17,0,0,0,0,0.00,0,0,0
72073,895.26,0,0,0,0,0.00,0,0,0
72123,810.15,0,0,0,0,0.00,0,0,0
72173,810.15,0,0,0,0,0.00,0,0,0
72223,793.48,0,0,0,0,0.00,0,0,0
72273,721.36,0,0,0,0,0.00,0,0,0
72323,721.36,0,0,0,0,0.00,0,0,0
72373,695.25,0,0,0,0,0.00,0,0,0
72423,695.25,0,0,0,0,0.00,0,0,0
72473,613.67,0,0,0,0,0.00,0,0,0
72523,613.67,0,0,0,0,0.00,0,0,0
72573,579.93,0,0,0,0,0.00,0,0,0
72623,579.93,0,0,0,0,0.00,0,0,0
72673,579.93,0,0,0,0,0.00,0,0,0
72723,485.25,0,0,0,0,0.00,0,0,0
72773,485.25,0,0,0,0,0.00,0,0,0
72823,437.05,0,0,0,0,0.00,0,0,0
72873,437.05,0,0,0,0,0.00,0,0,0
72923,437.05,0,0,0,0,0.00,0,0,0
72973,437.05,0,0,0,0,0.00,0,0,0
73023,306.79,0,0,0,0,0.00,0,0,0
73073,306.79,0,0,0,0,0.00,0,0,0
73123,306.79,0,0,0,0,0.00,0,0,0
73174,306.79,0,0,0,0,0.00,0,0,0
73224,0.00,0,0,0,0,0.00,0,0,0
73274,0.00,0,0,0,0,0.00,0,0,0
73324,0.00,0,0,0,0,0.00,0,0,0
73374,182.54,0,0,0,0,0.00,0,0,0
73424,182.54,0,0,0,0,0.00,0,0,0
73474,182.54,0,0,0,0,0.00,0,0,0
73524,182.54,0,0,0,0,0.00,0,0,0
73574,0.00,0,0,0,0,0.00,0,0,0
73624,0.00,0,0,0,0,0.00,0,0,0
73674,0.00,0,0,0,0,0.00,0,0,0
73724,0.00,0,0,0,0,0.00,0,0,0
73774,0.00,0,0,0,0,0.00,0,0,0
73824,0.00,0,0,0,0,0.00,0,0,0
73874,0.00,0,0,0,0,0.00,0,0,0
73924,0.00,0,0,0,0,0.00,0,0,0
73974,0.00,0,0,0,0,0.00,0,0,0
74024,0.00,0,0,0,0,0.00,0,0,0
74074,0.00,0,0,0,0,0.00,0,0,0
74124,0.00,0,0,0,0,0.00,0,0,0
74174,0.00,0,0,0,0,0.00,0,0,0
74224,0.00,0,0,0,0,0.00,0,0,0
74274,0.00,0,0,0,0,0.00,0,0,0
74324,0.00,0,0,0,0,0.00,0,0,0
74374,0.00,0,0,0,0,0.00,0,0,0
74424,0.00,0,0,0,0,0.00,0,0,0
74474,0.00,0,0,0,0,0.00,0,0,0
74524,0.00,0,0,0,0,0.00,0,0,0
74574,0.00,0,0,0,0,0.00,0,0,0
74624,0.00,0,0,0,0,0.00,0,0,0
74674,0.00,0,0,0,0,0.00,0,0,0
74724,0.00,0,0,0,0,0.00,0,0,0
74774,0.00,0,0,0,0,0.00,0,0,0
74824,0.00,0,0,0,0,0.00,0,0,0
74874,0.00,0,0,0,0,0.00,0,0,0
74924,0.00,0,0,0,0,0.00,0,0,0
74974,0.00,0,0,0,0,0.00,0,0,0
75024,0.00,0,0,0,0,0.00,0,0,0
75074,0.00,0,0,0,0,0.00,0,0,0
75124,0.00,0,0,0,0,0.00,0,0,0
75174,0.00,0,0,0,0,0.00,0,0,0
75224,0.00,0,0,0,0,0.00,0,0,0
75274,0.00,0,0,0,0,0.00,0,0,0
75324,0.00,0,0,0,0,0.00,0,0,0
75374,0.00,0,0,0,0,0.00,0,0,0
75424,0.00,0,0,0,0,0.00,0,0,0
75474,0.00,0,0,0,0,0.00,0,0,0
75524,0.00,0,0,0,0,0.00,0,0,0
75574,0.00,0,0,0,0,0.00,0,0,0
75624,0.00,0,0,0,0,0.00,0,0,0
75674,0.00,0,0,0,0,0.00,0,0,0
75724,0.00,0,0,0,0,0.00,0,0,0
75774,0.00,0,0,0,0,0.00,0,0,0
75824,0.00,0,0,0,0,0.00,0,0,0
75874,0.00,0,0,0,0,0.00,0,0,0
75924,0.00,0,0,0,0,0.00,0,0,0
75974,0.00,0,0,0,0,0.00,0,0,0
76024,0.00,0,0,0,0,0.00,0,0,0
76075,0.00,0,0,0,0,0.00,0,0,0
76125,0.00,0,0,0,0,0.00,0,0,0
76175,0.00,0,0,0,0,0.00,0,0,0
76225,0.00,0,0,0,0,0.00,0,0,0
76275,0.00,0,0,0,0,0.00,0,0,0
76325,0.00,0,0,0,0,0.00,0,0,0
76375,0.00,0,0,0,0,0.00,0,0,0
76425,0.00,0,0,0,0,0.00,0,0,0
76475,0.00,0,0,0,0,0.00,0,0,0
76525,0.00,0,0,0,0,0.00,0,0,0
76575,0.00,0,0,0,0,0.00,0,0,0
76625,0.00,0,0,0,0,0.00,0,0,0
76675,0.00,0,0,0,0,0.00,0,0,0
76725,0.00,0,0,0,0,0.00,0,0,0
76775,0.00,0,0,0,0,0.00,0,0,0
76825,0.00,0,0,0,0,0.00,0,0,0
76875,0.00,0,0,0,0,0.00,0,0,0
76925,0.00,0,0,0,0,0.00,0,0,0
76975,0.00,0,0,0,0,0.00,0,0,0
77025,0.00,0,0,0,0,0.00,0,0,0
77075,0.00,0,0,0,0,0.00,0,0,0
77125,0.00,0,0,0,0,0.00,0,0,0
77175,0.00,0,0,0,0,0.00,0,0,0
77225,0.00,0,0,0,0,0.00,0,0,0
77275,0.00,0,0,0,0,0.00,0,0,0
77325,0.00,0,0,0,0,0.00,0,0,0
77375,0.00,0,0,0,0,0.00,0,0,0
77425,0.00,0,0,0,0,0.00,0,0,0
77475,0.00,0,0,0,0,0.00,0,0,0
77526,0.00,0,0,0,0,0.00,0,0,0
77576,0.00,0,0,0,0,0.00,0,0,0
77626,0.00,0,0,0,0,0.00,0,0,0
77676,0.00,0,0,0,0,0.00,0,0,0
77726,0.00,0,0,0,0,0.00,0,0,0
77776,0.00,0,0,0,0,0.00,0,0,0
77826,0.00,0,0,0,0,0.00,0,0,0
77876,0.00,0,0,0,0,0.00,0,0,0
77926,0.00,0,0,0,0,0.00,0,0,0
77976,0.00,0,0,0,0,0.00,0,0,0
78026,0.00,0,0,0,0,0.00,0,0,0
78076,0.00,0,0,0,0,0.00,0,0,0
78126,0.00,0,0,0,0,0.00,0,0,0
78176,0.00,0,0,0,0,0.00,0,0,0
78226,0.00,0,0,0,0,0.00,0,0,0
78276,0.00,0,0,0,0,0.00,0,0,0
78326,0.00,0,0,0,0,0.00,0,0,0
78376,0.00,0,0,0,0,0.00,0,0,0
78426,0.00,0,0,0,0,0.00,0,0,0
78476,0.00,0,0,0,0,0.00,0,0,0
78526,0.00,0,0,0,0,0.00,0,0,0
78576,0.00,0,0,0,0,0.00,0,0,0
78626,0.00,0,0,0,0,0.00,0,0,0
78676,0.00,0,0,0,0,0.00,0,0,0
78726,0.00,0,0,0,0,0.00,0,0,0
78776,0.00,0,0,0,0,0.00,0,0,0
78826,0.00,0,0,0,0,0.00,0,0,0
78876,0.00,0,0,0,0,0.00,0,0,0
78926,0.00,0,0,0,0,0.00,0,0,0
78976,0.00,0,0,0,0,0.00,0,0,0
79026,0.00,0,0,0,0,0.00,0,0,0
79076,0.00,0,0,0,0,0.00,0,0,0
79126,0.00,0,0,0,0,0.00,0,0,0
79176,0.00,0,0,0,0,0.00,0,0,0
79226,0.00,0,0,0,0,0.00,0,0,0
79276,0.00,0,0,0,0,0.00,0,0,0
79326,0.00,0,0,0,0,0.00,0,0,0
79376,0.00,0,0,0,0,0.00,0,0,0
79426,0.00,0,0,0,0,0.00,0,0,0
79476,0.00,0,0,0,0,0.00,0,0,0
79526,0.00,0,0,0,0,0.00,0,0,0
79576,0.00,0,0,0,0,0.00,0,0,0
79626,0.00,0,0,0,0,0.00,0,0,0
79676,0.00,0,0,0,0,0.00,0,0,0
79726,0.00,0,0,0,0,0.00,0,0,0
79776,0.00,0,0,0,0,0.00,0,0,0
79826,0.00,0,0,0,0,0.00,0,0,0
79876,0.00,0,0,0,0,0.00,0,0,0
79926,0.00,0,0,0,0,0.00,0,0,0
79976,0.00,0,0,0,0,0.00,0,0,0
80026,0.00,0,0,0,0,0.00,0,0,0
80076,0.00,0,0,0,0,0.00,0,0,0
80126,0.00,0,0,0,0,0.00,0,0,0
80176,0.00,0,0,0,0,0.00,0,0,0
80226,0.00,0,0,0,0,0.00,0,0,0
80276,0.00,0,0,0,0,0.00,0,0,0
80326,0.00,0,0,0,0,0.00,0,0,0
80376,0.00,0,0,0,0,0.00,0,0,0
80427,0.00,0,0,0,0,0.00,0,0,0
80477,0.00,0,0,0,0,0.00,0,0,0
80527,0.00,0,0,0,0,0.00,0,0,0
80577,0.00,0,0,0,0,0.00,0,0,0
80627,0.00,0,0,0,0,0.00,0,0,0
80677,0.00,0,0,0,0,0.00,0,0,0
80727,0.00,0,0,0,0,0.00,0,0,0
80777,0.00,0,0,0,0,0.00,0,0,0
80827,0.00,0,0,0,0,0.00,0,0,0
80877,0.00,0,0,0,0,0.00,0,0,0
