Microcontroller Governor - No Load
Trial: 9
Date: 4-5-2023
Time: 3:01 PM
Ambient Temp: 84
Head Temp: 202.1

------ Microcontroller Engine Governor - Version: 1.16 ------
-------------------------------------------------------------
PID Gains:  Kp: 0.013  KpAlt: 0.025  Kd: 0.100  KdAlt: 4.000
-------------------------------------------------------------
Set RPM:             3600    |  Min RPM:                 300
                             |
RPM Precision:       20      |  PID Kp Alt Range:        70
                             |
Start Steps:         850     |  Max Steps:               1200
                             |
RPM Calc Interval:   1       |  Num Magnets:             1
                             |
LCD Update Interval: 400     |  Serial Update Interval:  50
-------------------------------------------------------------

Time,RPM,Steps Remaining, PID p, PID p Alt, PID d, RPM Change, P Cmd, P Alt Cmd, D Cmd
1725,0.00,0,0,0,0,0.00,0,0,0
1775,0.00,0,0,0,0,0.00,0,0,0
1825,0.00,0,0,0,0,0.00,0,0,0
1875,0.00,0,0,0,0,0.00,0,0,0
1925,0.00,0,0,0,0,0.00,0,0,0
1975,0.00,0,0,0,0,0.00,0,0,0
2025,0.00,0,0,0,0,0.00,0,0,0
2075,0.00,0,0,0,0,0.00,0,0,0
2125,0.00,0,0,0,0,0.00,0,0,0
2176,0.00,0,0,0,0,0.00,0,0,0
2226,0.00,0,0,0,0,0.00,0,0,0
2276,0.00,0,0,0,0,0.00,0,0,0
2326,0.00,0,0,0,0,0.00,0,0,0
2376,0.00,0,0,0,0,0.00,0,0,0
2426,0.00,0,0,0,0,0.00,0,0,0
2476,0.00,0,0,0,0,0.00,0,0,0
2526,0.00,0,0,0,0,0.00,0,0,0
2576,0.00,0,0,0,0,0.00,0,0,0
2626,0.00,0,0,0,0,0.00,0,0,0
2676,0.00,0,0,0,0,0.00,0,0,0
2726,0.00,0,0,0,0,0.00,0,0,0
2776,0.00,0,0,0,0,0.00,0,0,0
2826,0.00,0,0,0,0,0.00,0,0,0
2876,0.00,0,0,0,0,0.00,0,0,0
2926,0.00,0,0,0,0,0.00,0,0,0
2976,0.00,0,0,0,0,0.00,0,0,0
3026,0.00,0,0,0,0,0.00,0,0,0
3076,0.00,0,0,0,0,0.00,0,0,0
3126,0.00,0,0,0,0,0.00,0,0,0
3176,0.00,0,0,0,0,0.00,0,0,0
3226,0.00,0,0,0,0,0.00,0,0,0
3276,0.00,0,0,0,0,0.00,0,0,0
3326,0.00,0,0,0,0,0.00,0,0,0
3376,0.00,0,0,0,0,0.00,0,0,0
3426,0.00,0,0,0,0,0.00,0,0,0
3476,0.00,0,0,0,0,0.00,0,0,0
3526,0.00,0,0,0,0,0.00,0,0,0
3576,0.00,0,0,0,0,0.00,0,0,0
3627,0.00,0,0,0,0,0.00,0,0,0
3677,0.00,0,0,0,0,0.00,0,0,0
3727,0.00,0,0,0,0,0.00,0,0,0
3777,0.00,0,0,0,0,0.00,0,0,0
3827,0.00,0,0,0,0,0.00,0,0,0
3877,0.00,0,0,0,0,0.00,0,0,0
3927,0.00,0,0,0,0,0.00,0,0,0
3977,0.00,0,0,0,0,0.00,0,0,0
4027,0.00,0,0,0,0,0.00,0,0,0
4077,0.00,0,0,0,0,0.00,0,0,0
4127,0.00,0,0,0,0,0.00,0,0,0
4177,0.00,0,0,0,0,0.00,0,0,0
4227,0.00,0,0,0,0,0.00,0,0,0
4277,0.00,0,0,0,0,0.00,0,0,0
4327,0.00,0,0,0,0,0.00,0,0,0
4377,0.00,0,0,0,0,0.00,0,0,0
4427,0.00,0,0,0,0,0.00,0,0,0
4477,0.00,0,0,0,0,0.00,0,0,0
4527,0.00,0,0,0,0,0.00,0,0,0
4577,0.00,0,0,0,0,0.00,0,0,0
4627,0.00,0,0,0,0,0.00,0,0,0
4677,0.00,0,0,0,0,0.00,0,0,0
4727,0.00,0,0,0,0,0.00,0,0,0
4777,0.00,0,0,0,0,0.00,0,0,0
4827,0.00,0,0,0,0,0.00,0,0,0
4877,0.00,0,0,0,0,0.00,0,0,0
4927,0.00,0,0,0,0,0.00,0,0,0
4977,0.00,0,0,0,0,0.00,0,0,0
5027,0.00,0,0,0,0,0.00,0,0,0
5078,0.00,0,0,0,0,0.00,0,0,0
5128,0.00,0,0,0,0,0.00,0,0,0
5178,0.00,0,0,0,0,0.00,0,0,0
5228,0.00,0,0,0,0,0.00,0,0,0
5278,0.00,0,0,0,0,0.00,0,0,0
5328,0.00,0,0,0,0,0.00,0,0,0
5378,0.00,0,0,0,0,0.00,0,0,0
5428,0.00,0,0,0,0,0.00,0,0,0
5478,0.00,0,0,0,0,0.00,0,0,0
5528,0.00,0,0,0,0,0.00,0,0,0
5578,0.00,0,0,0,0,0.00,0,0,0
5628,0.00,0,0,0,0,0.00,0,0,0
5678,0.00,0,0,0,0,0.00,0,0,0
5728,0.00,0,0,0,0,0.00,0,0,0
5778,0.00,0,0,0,0,0.00,0,0,0
5828,0.00,0,0,0,0,0.00,0,0,0
5878,0.00,0,0,0,0,0.00,0,0,0
5928,0.00,0,0,0,0,0.00,0,0,0
5978,0.00,0,0,0,0,0.00,0,0,0
6028,0.00,0,0,0,0,0.00,0,0,0
6078,0.00,0,0,0,0,0.00,0,0,0
6128,0.00,0,0,0,0,0.00,0,0,0
6178,0.00,0,0,0,0,0.00,0,0,0
6228,0.00,0,0,0,0,0.00,0,0,0
6278,0.00,0,0,0,0,0.00,0,0,0
6328,0.00,0,0,0,0,0.00,0,0,0
6378,0.00,0,0,0,0,0.00,0,0,0
6428,0.00,0,0,0,0,0.00,0,0,0
6478,0.00,0,0,0,0,0.00,0,0,0
6528,0.00,0,0,0,0,0.00,0,0,0
6578,0.00,0,0,0,0,0.00,0,0,0
6628,0.00,0,0,0,0,0.00,0,0,0
6678,0.00,0,0,0,0,0.00,0,0,0
6728,0.00,0,0,0,0,0.00,0,0,0
6778,0.00,0,0,0,0,0.00,0,0,0
6828,0.00,0,0,0,0,0.00,0,0,0
6878,0.00,0,0,0,0,0.00,0,0,0
6928,0.00,0,0,0,0,0.00,0,0,0
6978,0.00,0,0,0,0,0.00,0,0,0
7028,0.00,0,0,0,0,0.00,0,0,0
7078,0.00,0,0,0,0,0.00,0,0,0
7128,0.00,0,0,0,0,0.00,0,0,0
7178,0.00,0,0,0,0,0.00,0,0,0
7228,0.00,0,0,0,0,0.00,0,0,0
7278,0.00,0,0,0,0,0.00,0,0,0
7328,0.00,0,0,0,0,0.00,0,0,0
7378,0.00,0,0,0,0,0.00,0,0,0
7428,0.00,0,0,0,0,0.00,0,0,0
7478,0.00,0,0,0,0,0.00,0,0,0
7528,0.00,0,0,0,0,0.00,0,0,0
7578,0.00,0,0,0,0,0.00,0,0,0
7628,0.00,0,0,0,0,0.00,0,0,0
7678,0.00,0,0,0,0,0.00,0,0,0
7728,0.00,0,0,0,0,0.00,0,0,0
7778,0.00,0,0,0,0,0.00,0,0,0
7828,0.00,0,0,0,0,0.00,0,0,0
7878,0.00,0,0,0,0,0.00,0,0,0
7928,0.00,0,0,0,0,0.00,0,0,0
7979,0.00,0,0,0,0,0.00,0,0,0
8029,0.00,0,0,0,0,0.00,0,0,0
8079,0.00,0,0,0,0,0.00,0,0,0
8129,0.00,0,0,0,0,0.00,0,0,0
8179,0.00,0,0,0,0,0.00,0,0,0
8229,0.00,0,0,0,0,0.00,0,0,0
8279,0.00,0,0,0,0,0.00,0,0,0
8329,0.00,0,0,0,0,0.00,0,0,0
8379,0.00,0,0,0,0,0.00,0,0,0
8429,0.00,0,0,0,0,0.00,0,0,0
8479,0.00,0,0,0,0,0.00,0,0,0
8529,0.00,0,0,0,0,0.00,0,0,0
8579,0.00,0,0,0,0,0.00,0,0,0
8629,0.00,0,0,0,0,0.00,0,0,0
8679,0.00,0,0,0,0,0.00,0,0,0
8729,0.00,0,0,0,0,0.00,0,0,0
8779,0.00,0,0,0,0,0.00,0,0,0
8829,0.00,0,0,0,0,0.00,0,0,0
8879,0.00,0,0,0,0,0.00,0,0,0
8929,0.00,0,0,0,0,0.00,0,0,0
8979,0.00,0,0,0,0,0.00,0,0,0
9029,0.00,0,0,0,0,0.00,0,0,0
9079,0.00,0,0,0,0,0.00,0,0,0
9129,0.00,0,0,0,0,0.00,0,0,0
9179,0.00,0,0,0,0,0.00,0,0,0
9229,0.00,0,0,0,0,0.00,0,0,0
9279,0.00,0,0,0,0,0.00,0,0,0
9329,0.00,0,0,0,0,0.00,0,0,0
9379,0.00,0,0,0,0,0.00,0,0,0
9430,0.00,0,0,0,0,0.00,0,0,0
9480,0.00,0,0,0,0,0.00,0,0,0
9530,0.00,0,0,0,0,0.00,0,0,0
9580,0.00,0,0,0,0,0.00,0,0,0
9630,0.00,0,0,0,0,0.00,0,0,0
9680,0.00,0,0,0,0,0.00,0,0,0
9730,0.00,0,0,0,0,0.00,0,0,0
9780,0.00,0,0,0,0,0.00,0,0,0
9830,0.00,0,0,0,0,0.00,0,0,0
9880,0.00,0,0,0,0,0.00,0,0,0
9930,0.00,0,0,0,0,0.00,0,0,0
9980,0.00,0,0,0,0,0.00,0,0,0
10030,0.00,0,0,0,0,0.00,0,0,0
10080,0.00,0,0,0,0,0.00,0,0,0
10130,0.00,0,0,0,0,0.00,0,0,0
10180,0.00,0,0,0,0,0.00,0,0,0
10230,0.00,0,0,0,0,0.00,0,0,0
10280,0.00,0,0,0,0,0.00,0,0,0
10330,0.00,0,0,0,0,0.00,0,0,0
10380,0.00,0,0,0,0,0.00,0,0,0
10430,inf,0,0,0,0,inf,0,0,0
10480,inf,0,0,0,0,inf,0,0,0
10530,inf,0,0,0,0,inf,0,0,0
10580,inf,0,0,0,0,inf,0,0,0
12211,2822.56,9,10,0,0,inf,10,0,0
12261,4599.82,-2,-12,0,0,376.96,252,0,21460
12311,4916.42,-221,-17,0,-213,-641.70,305,0,21819
12361,4694.84,-148,-14,0,-139,-418.90,350,0,22036
12412,4341.53,-8,-9,0,0,49.57,389,0,22036
12462,4294.30,0,-9,0,0,13.57,416,0,22036
12512,4213.48,-5,-7,0,0,1.18,446,0,22036
12562,4184.10,0,-7,0,0,14.05,467,0,22036
12612,4107.34,-5,-6,0,0,45.49,494,0,22036
12662,4038.77,0,-5,0,0,12.00,510,0,22036
12712,3956.74,0,-4,0,0,25.21,523,0,22036
12762,3928.76,0,-4,0,0,-14.35,535,0,22036
12812,3819.71,0,-2,0,0,26.44,547,1,22039
12862,3737.85,0,-1,0,0,34.78,552,1,22039
12912,3674.67,0,0,0,0,11.74,554,1,22039
12962,3604.04,0,0,-1,0,33.89,554,2,22039
13012,3572.28,0,0,0,0,14.52,554,2,22039
13062,3491.62,0,1,0,0,20.44,556,3,22039
13112,3460.21,0,1,0,0,-21.42,560,3,22039
13162,3418.41,0,2,0,0,27.49,564,3,22039
13212,3335.56,0,3,0,6,198.01,571,4,22058
13262,3337.78,0,3,0,0,-0.74,580,4,22058
13312,3261.58,0,4,0,0,28.62,591,4,22058
13362,3239.74,0,4,0,0,21.84,599,4,22058
13412,3233.46,0,4,0,0,68.33,610,4,22058
13462,3216.12,0,4,0,0,27.12,623,4,22058
13512,3196.93,0,5,0,0,8.20,633,4,22058
13562,3290.92,0,4,0,1,221.14,645,4,22077
13612,3299.60,0,3,0,0,27.81,655,4,22077
13662,3367.76,0,3,0,0,-58.69,664,4,22077
13712,3367.00,0,3,0,0,-31.45,670,4,22077
13762,3328.89,5,3,0,16,395.96,680,4,22116
13812,3439.58,0,2,0,0,31.84,685,4,22116
13862,3449.07,0,1,0,0,32.83,689,4,22116
13912,3512.06,0,1,0,0,-52.65,692,4,22116
13962,3521.13,0,1,0,0,14.11,694,5,22116
14012,3598.85,0,0,1,0,20.35,694,6,22116
14062,3604.90,0,0,0,0,-45.10,694,6,22116
14112,3653.19,0,0,-1,0,-36.99,694,7,22116
14162,3652.30,0,0,-1,0,32.30,695,9,22116
14212,3675.57,0,0,0,0,-48.00,695,9,22116
14262,3676.47,0,0,0,0,34.56,696,10,22116
14312,3709.20,0,-1,0,0,-42.61,697,11,22116
14362,3711.03,0,-1,0,0,35.22,700,11,22116
14412,3758.46,0,-2,0,0,-22.47,704,11,22116
14462,3734.13,0,-1,0,0,1.86,707,11,22116
14512,3773.58,0,-2,0,0,-18.89,712,11,22116
14562,3810.01,0,-2,0,0,-39.27,721,12,22119
14612,3735.06,0,-1,0,0,27.17,726,12,22119
14662,3722.08,0,-1,0,0,14.84,730,12,22119
14712,3663.90,0,0,-1,0,22.51,732,13,22119
14763,3707.36,0,-1,0,0,-43.47,734,14,22119
14813,3625.82,0,0,0,0,22.93,734,16,22119
14863,3662.11,0,0,-1,0,-48.52,734,18,22119
14913,3637.25,0,0,0,0,24.86,734,19,22119
14963,3586.80,0,0,0,0,0.00,734,19,22119
15013,3582.52,0,0,0,0,12.82,734,19,22119
15063,3597.12,0,0,0,0,-47.69,734,19,22119
15113,3564.64,0,0,0,0,23.88,734,19,22119
15163,3587.66,0,0,0,0,9.36,734,19,22119
15213,3575.69,0,0,0,0,24.89,734,19,22119
15263,3567.18,0,0,0,0,-4.24,734,19,22119
15313,3554.50,0,0,1,0,33.16,734,21,22119
15363,3611.85,0,0,0,0,25.72,734,21,22119
15413,3545.26,0,0,1,0,18.53,734,22,22119
15463,3565.49,0,0,0,0,-20.23,734,23,22119
15513,3573.13,0,0,0,0,15.39,734,23,22119
15563,3554.50,0,0,1,0,10.14,734,24,22119
15613,3555.34,0,0,1,0,30.60,734,26,22119
15663,3545.26,0,0,1,0,27.87,734,27,22119
15713,3544.42,0,0,1,0,19.37,734,29,22119
15763,3600.58,0,0,0,0,21.30,734,29,22119
15813,3585.09,0,0,0,0,22.33,734,29,22119
15863,3650.52,0,0,-1,0,-45.62,734,30,22119
15913,3604.90,0,0,0,0,-14.90,734,30,22119
15963,3600.58,0,0,0,0,12.76,734,30,22119
16013,3564.64,0,0,0,0,24.74,734,30,22119
16063,3610.98,0,0,0,0,24.74,734,30,22119
16113,3593.67,0,0,0,0,-39.95,734,30,22119
16163,3556.19,0,0,1,0,14.39,734,31,22119
16214,3617.07,0,-5,0,-5,-812.85,743,31,22125
16264,3649.63,0,0,-1,0,-43.87,754,32,22132
16314,3637.25,0,0,0,0,23.97,754,33,22132
16364,3650.52,0,0,-1,0,-24.71,754,35,22132
16414,3637.25,0,0,0,0,23.97,754,36,22132
16464,3624.06,0,0,0,0,-8.73,754,36,22132
16514,3626.69,0,0,0,0,25.61,754,37,22132
16564,3683.69,0,-1,0,0,-31.39,756,38,22132
16614,3663.90,0,0,-1,0,31.59,757,40,22132
16664,3671.97,0,0,0,0,-23.22,757,42,22132
16714,3663.00,0,0,-1,0,44.36,758,44,22132
16764,3650.52,0,0,-1,0,-12.40,758,46,22132
16814,3638.13,0,0,0,0,12.40,758,47,22132
16864,3626.69,0,0,0,0,11.43,758,48,22132
16914,3555.34,0,0,1,0,18.64,758,49,22132
16964,3600.58,0,0,0,0,40.36,758,49,22132
17014,3596.26,0,0,0,0,30.85,758,49,22132
17064,3632.84,0,0,0,0,-28.80,758,49,22132
17114,3591.09,0,0,0,0,11.40,758,49,22132
17164,3619.69,0,0,0,0,-32.09,758,49,22132
17214,3604.04,0,0,0,0,-42.73,758,49,22132
17264,3662.11,0,0,-1,0,-48.52,758,51,22132
17314,3638.13,0,0,0,0,23.98,758,52,22132
17364,3662.11,0,0,-1,0,-35.42,758,54,22132
17414,3586.80,0,0,0,0,34.54,758,54,22132
17464,3629.32,0,0,0,0,-42.52,758,54,22132
17514,3604.90,0,0,0,0,-22.61,758,54,22132
17564,3598.85,0,0,1,0,19.50,758,55,22132
17614,3585.09,0,0,0,0,34.21,758,55,22132
17664,3599.71,0,0,0,0,34.21,758,55,22132
17714,3585.94,0,0,0,0,34.21,758,55,22132
17764,3566.33,0,0,0,0,11.06,758,55,22132
17814,3556.19,0,0,1,0,19.50,758,57,22132
17864,3610.98,0,0,1,0,19.50,758,57,22132
17914,3542.75,0,0,1,0,14.28,758,59,22132
17964,3600.58,0,0,0,0,9.35,758,59,22132
18014,3531.07,0,0,1,0,25.11,758,61,22132
18064,3587.66,0,0,1,0,21.06,758,62,22132
18114,3573.13,0,0,0,0,16.25,758,62,22132
18164,3575.69,0,0,0,0,-32.94,758,64,22132
18214,3600.58,0,0,0,0,13.59,758,64,22132
18264,3582.52,0,-7,0,-6,-957.58,770,64,22139
18314,3503.85,0,1,0,0,284.02,776,64,22155
18364,3526.92,0,0,0,0,128.94,776,66,22155
18414,3569.73,0,0,0,0,-41.15,776,67,22155
18464,3554.50,0,0,1,0,36.59,776,69,22155
18514,3600.58,0,0,0,0,11.05,776,69,22155
18564,3573.98,0,0,0,0,13.68,776,69,22155
18614,3592.81,0,0,0,0,13.68,776,69,22155
18664,3595.40,0,0,0,0,19.68,776,69,22155
18714,3619.69,0,0,0,0,-35.68,776,69,22155
18764,3605.77,0,0,0,0,-35.68,776,69,22155
18814,3642.54,0,0,-1,0,-27.22,776,70,22155
18864,3585.09,0,0,-1,0,-27.22,776,70,22155
18914,3662.11,0,0,-1,0,-57.21,776,71,22155
18964,3626.69,0,0,0,0,22.94,776,72,22155
19014,3672.87,0,0,0,0,-34.74,776,73,22155
19064,3663.90,0,0,-1,0,28.86,777,75,22155
19115,3686.41,0,-1,0,0,-1.81,780,75,22155
19165,3501.40,0,1,0,0,351.67,785,75,22169
19215,3673.77,0,0,0,0,23.54,794,75,22174
19265,3696.40,0,-1,0,0,-44.99,796,76,22174
19315,3652.30,0,0,-1,0,32.30,797,78,22174
19365,3649.63,0,0,-1,0,-11.51,797,80,22174
19415,3649.63,0,0,-1,0,11.58,797,83,22174
19465,3639.01,0,0,0,0,-2.65,797,84,22174
19515,3603.17,0,0,0,0,-20.87,797,84,22174
19565,3643.43,0,0,-1,0,-39.39,797,85,22174
19615,3626.69,0,0,0,0,25.61,797,86,22174
19665,3619.69,0,0,0,0,25.61,797,86,22174
19715,3592.81,0,0,0,0,-32.20,797,86,22174
19765,3572.28,0,0,0,0,21.40,797,86,22174
19815,3556.19,0,0,1,0,19.50,797,88,22174
19865,3590.23,0,0,0,0,13.67,797,88,22174
19915,3566.33,0,0,0,0,35.11,797,88,22174
19965,3609.24,0,0,0,0,35.11,797,88,22174
20015,3545.26,0,0,1,0,21.07,797,89,22174
20065,3575.69,0,0,0,0,-19.50,797,90,22174
20116,3521.95,0,1,0,0,20.80,798,92,22174
20166,3587.66,0,0,1,0,15.96,798,94,22174
20216,3543.59,0,0,1,0,12.60,798,96,22174
20267,3538.57,0,0,1,0,475.34,808,97,22180
20317,3596.26,0,-4,0,-4,-608.69,815,97,22194
20367,3501.40,0,1,0,0,331.00,822,97,22223
20417,3603.17,0,-1,0,-8,-228.51,824,97,22231
20467,3522.78,0,1,0,0,120.65,826,98,22235
20517,3502.22,0,1,0,0,18.91,828,99,22235
20567,3520.30,0,1,0,0,14.93,830,100,22235
20617,3564.64,0,0,0,0,-32.73,830,102,22235
20667,3573.98,0,0,0,0,13.68,830,103,22235
20717,3560.41,0,0,0,0,25.53,830,103,22235
20767,3554.50,0,0,1,0,22.04,830,105,22235
20817,3565.49,0,0,0,0,-8.46,830,106,22235
20867,3562.95,0,0,0,0,24.71,830,107,22235
20917,3629.32,0,0,0,0,-42.52,830,107,22235
20967,3625.82,0,0,0,0,27.37,830,108,22235
21017,3683.69,0,-1,0,0,-42.03,831,109,22235
21067,3614.46,0,0,0,0,18.63,831,110,22235
21117,3674.67,0,0,0,0,-36.54,831,111,22235
21167,3637.25,0,0,0,0,23.97,831,113,22235
21217,3683.69,0,-1,0,0,-30.50,832,114,22235
21267,3663.90,0,0,-1,0,20.70,833,116,22235
21317,3696.40,0,-1,0,0,-32.50,835,117,22235
21367,3663.90,0,0,-1,0,33.42,836,118,22235
21417,3637.25,0,0,0,0,24.86,837,119,22235
21467,3615.33,0,0,0,0,-36.69,837,119,22235
21517,3631.08,0,0,0,0,-4.39,837,120,22235
21567,3596.26,0,0,-1,0,-34.61,837,121,22235
21617,3610.11,0,0,-1,0,-34.61,837,121,22235
21667,3544.42,0,0,1,0,22.76,837,122,22235
21718,3568.03,0,0,0,0,-41.94,837,123,22235
21768,3564.64,0,0,0,0,21.30,837,124,22235
21818,3544.42,0,0,1,0,20.22,837,125,22235
21868,3520.30,0,1,0,0,24.96,839,126,22235
21918,3579.10,0,0,0,0,-37.19,839,128,22235
21968,3566.33,0,0,0,0,10.20,839,129,22235
22018,3610.11,0,0,0,0,10.20,839,129,22235
22068,3591.95,0,0,0,0,-44.26,839,129,22235
22118,3643.43,0,0,-1,0,-38.53,839,130,22235
22168,3626.69,0,0,0,0,26.50,839,131,22235
22218,3653.19,0,0,-1,0,-37.86,839,132,22235
22268,3653.19,0,0,-1,0,19.68,839,133,22235
22318,3637.25,0,0,0,0,26.65,840,134,22235
22368,3615.33,0,0,-1,0,-28.97,840,135,22235
22418,3662.11,0,0,-1,0,-35.42,840,137,22235
22468,3625.82,0,0,0,0,22.93,840,139,22235
22518,3650.52,0,0,-1,0,-22.95,840,140,22235
22568,3626.69,0,0,0,0,29.17,840,141,22235
22618,3555.34,0,0,1,0,18.64,840,142,22235
22668,3564.64,0,0,0,0,21.30,840,143,22235
22718,3545.26,0,0,1,0,30.42,840,144,22235
22768,3545.26,0,0,1,0,18.53,840,146,22235
22818,3520.30,0,1,0,0,35.04,841,147,22235
22868,3521.13,0,1,0,0,35.06,843,148,22235
22918,3575.69,0,0,0,0,-42.95,843,149,22235
22968,3581.66,0,0,1,0,24.55,843,150,22235
23018,3620.56,0,0,0,0,-25.17,843,150,22235
23068,3572.28,0,0,0,0,19.67,843,150,22235
23118,3639.01,0,0,0,0,-43.61,843,150,22235
23168,3586.80,0,0,0,0,-43.61,843,150,22235
23218,3589.38,0,0,0,0,22.28,843,150,22235
23268,3585.09,0,0,0,0,22.28,843,150,22235
23318,3521.95,0,1,0,0,10.78,844,151,22235
23368,3532.74,0,0,1,0,23.45,845,153,22235
23418,3587.66,0,0,0,0,20.45,845,153,22235
23468,3532.74,0,0,1,0,20.08,845,156,22235
23518,3499.77,0,1,0,0,56.42,846,157,22235
23568,3585.09,0,-1,0,-5,-182.12,847,157,22240
23618,3662.11,0,0,-1,0,-57.21,847,158,22240
23668,3627.57,0,0,0,0,11.44,847,158,22240
23718,3684.60,0,-1,0,0,-34.96,848,160,22240
23768,3614.46,0,0,0,0,7.96,848,161,22240
23818,3661.22,0,0,-1,0,-34.52,848,163,22240
23868,3624.94,0,0,0,0,28.25,848,164,22240
23918,3673.77,0,0,0,0,-47.95,848,165,22240
23968,3641.66,0,0,-1,0,31.21,848,166,22240
24018,3672.87,0,0,0,0,-32.09,849,167,22240
24068,3625.82,0,0,0,0,22.93,849,169,22240
24118,3615.33,0,0,0,0,23.97,849,170,22240
24168,3615.33,0,0,-1,0,-47.40,849,171,22240
24218,3672.87,0,0,0,0,-35.62,849,172,22240
24268,3614.46,0,0,0,0,10.61,849,173,22240
24318,3618.82,0,0,0,0,10.61,849,173,22240
24368,3604.04,0,0,-1,0,-68.76,849,174,22240
24418,3573.13,0,0,0,0,14.53,849,174,22240
24468,3535.23,0,0,1,0,28.56,849,176,22240
24518,3524.44,0,0,0,0,-14.84,850,177,22240
24568,3511.24,0,1,0,0,22.33,852,178,22240
24619,3576.54,0,0,0,0,-45.46,852,180,22240
24669,3501.40,0,1,0,0,20.55,854,181,22240
24719,3563.79,0,0,0,0,-31.06,854,183,22240
24769,3573.13,0,0,0,0,13.67,854,184,22240
24819,3611.85,0,0,0,0,25.72,854,184,22240
24869,3586.80,0,0,0,0,25.72,854,184,22240
24919,3619.69,0,0,0,0,25.72,854,184,22240
24970,3556.19,0,0,1,0,16.94,854,185,22240
25020,3620.56,0,0,0,0,-33.76,854,185,22240
25070,3572.28,0,0,0,0,19.67,854,185,22240
25120,3611.85,0,0,0,0,11.06,854,185,22240
25170,3585.94,0,0,0,0,11.06,854,185,22240
25220,3585.94,0,0,0,0,11.06,854,185,22240
25270,3604.90,0,-5,0,-5,-758.89,863,185,22245
25320,3593.67,0,-5,0,-5,-799.02,872,185,22251
25370,3612.72,0,0,0,0,480.02,882,185,22257
25420,3662.11,0,0,-1,0,-45.91,882,186,22257
25470,3638.13,0,0,0,0,23.98,882,187,22257
25520,3625.82,0,0,0,0,25.60,882,188,22257
25570,3617.94,0,-1,0,0,-125.76,883,189,22257
25620,3662.11,0,0,-1,0,-35.42,883,191,22257
25670,3616.20,0,0,0,0,-10.56,883,191,22257
25720,3605.77,0,0,-1,0,-33.43,883,192,22257
25771,3586.80,0,0,0,0,27.52,883,192,22257
25821,3638.13,0,0,0,0,-41.87,883,192,22257
25871,3615.33,0,0,-1,0,-32.45,883,193,22257
25921,3662.11,0,0,-1,0,-46.78,883,195,22257
25971,3586.80,0,0,-1,0,-46.78,883,195,22257
26021,3624.06,0,0,0,0,-20.89,883,195,22257
26071,3613.59,0,0,-1,0,-41.12,883,196,22257
26121,3610.98,0,0,0,0,13.68,883,196,22257
26171,3604.04,0,0,0,0,-42.52,883,196,22257
26221,3600.58,0,0,0,0,-17.40,883,196,22257
26271,3585.09,0,0,0,0,-17.40,883,196,22257
26321,3609.24,0,0,0,0,-17.40,883,196,22257
26371,3557.03,0,0,1,0,13.55,883,197,22257
26421,3600.58,0,0,0,0,15.38,883,197,22257
26471,3531.07,0,0,1,0,24.27,883,199,22257
26521,3598.85,0,0,1,0,33.80,883,200,22257
26571,3578.24,0,0,0,0,32.73,883,200,22257
26621,3520.30,0,1,0,0,34.20,884,201,22257
26671,3503.04,0,1,0,0,284.84,891,201,22277
26721,3520.30,0,1,0,0,25.80,893,202,22277
26771,3565.49,0,0,0,0,-33.58,893,204,22277
26821,3564.64,0,0,0,0,21.30,893,205,22277
26871,3555.34,0,0,1,0,17.79,893,206,22277
26921,3563.79,0,0,0,0,23.87,893,207,22277
26971,3620.56,0,0,0,0,-38.90,893,207,22277
27021,3596.26,0,0,0,0,-38.90,893,207,22277
27071,3642.54,0,0,-1,0,-37.64,893,208,22277
27121,3638.13,0,0,0,0,24.88,893,209,22277
27171,3662.11,0,0,-1,0,-24.86,893,211,22277
27222,3663.00,0,0,-1,0,20.69,894,213,22277
27272,3688.22,0,-1,0,0,-13.55,896,213,22277
27322,3652.30,0,0,-1,0,18.77,896,215,22277
27372,3698.22,0,-1,0,0,36.83,898,215,22277
27423,3646.09,0,0,-1,0,5.33,905,217,22281
27473,3641.66,0,0,-1,0,31.21,905,218,22281
27523,3637.25,0,0,0,0,15.06,906,219,22281
27573,3601.44,0,0,0,0,15.06,906,219,22281
27623,3601.44,0,0,0,0,15.06,906,219,22281
27673,3531.90,0,0,1,0,13.36,906,221,22281
27723,3586.80,0,0,1,0,31.92,906,222,22281
27773,3576.54,0,0,0,0,-22.88,906,223,22281
27823,3570.58,0,0,0,0,509.94,917,223,22288
27873,3625.82,0,0,0,0,166.85,921,223,22302
27923,3502.22,0,1,0,0,390.85,927,223,22323
27973,3561.25,0,0,0,0,485.15,934,223,22327
28023,3633.72,0,0,0,0,-17.52,945,223,22334
28073,3626.69,0,0,0,0,25.61,945,224,22334
28123,3627.57,0,0,0,0,0.00,945,224,22334
28173,3572.28,0,0,0,0,21.40,945,224,22334
28223,3638.13,0,0,0,0,-41.87,945,224,22334
28273,3582.52,0,0,0,0,-41.87,945,224,22334
28323,3583.37,0,-6,0,-6,-967.32,956,224,22340
28374,3571.43,0,0,0,0,577.95,968,224,22347
28424,3549.46,0,0,1,0,448.41,978,225,22353
28474,3606.64,0,-4,0,-3,-598.47,985,225,22366
28524,3501.40,0,1,0,0,392.68,992,225,22400
28574,3640.78,0,0,-1,0,268.53,998,226,22403
28624,3682.79,0,-1,0,0,-31.38,1008,227,22409
28674,3637.25,0,0,0,0,18.62,1008,228,22409
28724,3683.69,0,-1,0,0,-45.57,1020,228,22418
28774,3652.30,0,0,-1,0,31.39,1021,230,22418
28824,3643.43,0,0,-1,0,-28.97,1021,231,22418
28874,3615.33,0,0,-1,0,-44.80,1021,232,22418
28924,3643.43,0,0,-1,0,-38.53,1021,233,22418
28974,3573.13,0,0,0,0,22.27,1021,233,22418
29024,3629.32,0,0,0,0,-34.79,1021,233,22418
29074,3603.17,0,0,0,0,-13.09,1021,233,22418
29124,3609.24,0,0,0,0,-25.28,1021,233,22418
29174,3592.81,0,0,0,0,-25.28,1021,233,22418
29224,3563.79,0,0,0,0,31.61,1021,233,22418
29274,3556.19,0,0,1,0,19.50,1021,235,22418
29324,3509.59,0,1,0,0,22.31,1022,236,22418
29374,3502.22,0,1,0,0,336.06,1030,236,22441
29424,3536.90,0,0,1,0,156.77,1032,237,22449
29474,3586.80,0,0,1,0,29.56,1032,238,22449
29524,3564.64,0,0,0,0,23.88,1032,239,22449
29574,3541.91,0,0,1,0,8.38,1032,241,22449
29624,3531.07,0,0,1,0,15.03,1033,243,22449
29674,3697.31,0,-1,0,0,48.01,1540,243,34744
29724,3509.59,0,1,0,0,21.48,1541,245,34744
29774,3557.87,0,0,1,0,-48.28,1542,247,34744
29824,3531.07,0,0,1,0,16.70,1542,249,34744
29874,3587.66,0,0,1,0,23.60,1542,250,34744
29924,3521.95,0,1,0,0,11.62,1543,251,34744
29974,3585.94,0,0,1,0,20.23,1543,252,34744
30024,3573.98,0,0,0,0,11.96,1543,253,34744
30074,3629.32,0,0,0,0,-44.24,1543,253,34744
30124,3604.90,0,0,0,0,-27.86,1543,253,34744
30174,3643.43,0,0,-1,0,-38.53,1543,254,34744
30224,3637.25,0,0,0,0,24.86,1543,255,34744
30274,3673.77,0,0,0,0,-36.52,1543,256,34744
30324,3593.67,0,0,0,0,22.92,1543,257,34744
30374,3624.06,0,0,0,0,-51.78,1543,257,34744
30424,3604.90,0,0,0,0,-42.36,1543,257,34744
30474,3652.30,0,0,-1,0,-36.10,1543,258,34744
30524,3626.69,0,0,0,0,12.32,1543,258,34744
30574,3610.98,0,0,0,0,12.32,1543,258,34744
30624,3616.20,0,0,0,0,-44.43,1543,258,34744
30674,3649.63,0,0,-1,0,-23.82,1543,260,34744
30724,3586.80,0,0,0,0,20.31,1543,260,34744
30774,3639.01,0,0,0,0,-44.47,1543,260,34744
30824,3563.79,0,0,0,0,30.74,1543,260,34744
30874,3620.56,0,0,0,0,-36.34,1543,260,34744
30924,3604.90,0,0,0,0,-27.86,1543,260,34744
30974,3643.43,0,0,-1,0,-27.23,1543,261,34744
31024,3615.33,0,0,-1,0,-25.47,1543,262,34744
31074,3629.32,0,0,0,0,-34.79,1543,262,34744
31124,3564.64,0,0,0,0,25.60,1543,262,34744
31174,3611.85,0,0,0,0,23.88,1543,262,34744
31224,3586.80,0,0,0,0,23.88,1543,262,34744
31275,3588.52,0,0,0,0,30.11,1543,262,34744
31325,3575.69,0,0,0,0,25.76,1543,262,34744
31375,3568.03,0,0,0,0,9.36,1543,262,34744
31425,3582.52,0,0,1,0,23.61,1543,263,34744
31475,3601.44,0,0,0,0,-42.42,1543,263,34744
31525,3596.26,0,0,0,0,-42.42,1543,263,34744
31575,3624.06,0,0,0,0,-20.89,1543,263,34744
31625,3578.24,0,0,0,0,38.83,1543,263,34744
31675,3591.95,0,0,0,0,38.83,1543,263,34744
31725,3582.52,0,0,0,0,23.07,1543,263,34744
31775,3648.75,0,0,-1,0,-55.07,1543,264,34744
31825,3593.67,0,0,0,0,-16.56,1543,264,34744
31875,3643.43,0,0,-1,0,-27.23,1543,265,34744
31925,3615.33,0,0,-1,0,-55.47,1543,266,34744
31975,3624.06,0,0,0,0,-10.48,1543,267,34744
32025,3603.17,0,0,0,0,-30.52,1543,267,34744
32075,3629.32,0,0,0,0,-35.65,1543,267,34744
32125,3604.90,0,0,0,0,-21.86,1543,267,34744
32175,3614.46,0,0,-1,0,-43.84,1543,268,34744
32225,3596.26,0,0,-1,0,-43.84,1543,268,34744
32275,3585.09,0,0,0,0,-32.19,1543,268,34744
32325,3573.98,0,0,0,0,14.54,1543,268,34744
32375,3619.69,0,0,0,0,14.54,1543,268,34744
32425,3595.40,0,0,0,0,14.54,1543,268,34744
32475,3620.56,0,0,0,0,-39.76,1543,268,34744
32525,3556.19,0,0,1,0,6.76,1543,269,34744
32575,3588.52,0,0,0,0,6.80,1543,269,34744
32625,3568.03,0,0,0,0,32.55,1543,269,34744
32675,3552.82,0,0,1,0,-20.08,1543,272,34744
32726,3556.19,0,0,1,0,19.50,1543,274,34744
32776,3564.64,0,0,0,0,32.48,1543,274,34744
32826,3536.90,0,0,1,0,460.97,1553,275,34750
32876,3503.04,0,1,0,0,282.93,1559,275,34776
32926,3537.74,0,0,1,0,87.20,1560,276,34776
32976,3534.40,0,0,1,0,36.18,1561,277,34776
33026,3585.94,0,0,1,0,26.34,1561,278,34776
33076,3591.09,0,0,0,0,15.36,1561,278,34776
33126,3653.19,0,0,-1,0,-48.29,1561,279,34776
33176,3649.63,0,0,-1,0,11.58,1561,281,34776
33226,3661.22,0,0,-1,0,-7.14,1562,283,34776
33276,3663.90,0,0,-1,0,18.89,1563,285,34776
33326,3684.60,0,-1,0,0,90.89,1566,286,34784
33376,3615.33,0,-1,0,-2,-157.06,1567,286,34786
33426,3501.40,0,1,0,0,358.61,1572,286,34802
33476,3693.67,0,-1,0,0,-30.67,1580,287,34806
33526,3663.00,0,0,-1,0,33.40,1581,289,34806
33576,3637.25,0,0,0,0,14.17,1582,290,34806
33626,3631.08,0,0,0,0,15.00,1582,291,34806
33676,3610.11,0,0,0,0,15.00,1582,291,34806
33726,3591.95,0,0,0,0,-33.93,1582,291,34806
33776,3578.24,0,0,0,0,-9.36,1582,291,34806
33826,3533.57,0,0,1,0,31.92,1582,293,34806
33878,3557.03,0,0,1,0,-35.90,1583,295,34806
33928,3512.88,0,1,0,0,5.77,1585,295,34806
33978,3496.50,0,1,0,0,471.75,1596,295,34812
34028,3460.21,0,1,0,0,233.46,1601,295,34825
34078,3491.62,0,1,0,0,14.69,1604,295,34825
34128,3544.42,0,0,1,0,-34.01,1605,297,34825
34178,3532.74,0,0,1,0,37.84,1605,298,34825
34228,3565.49,0,0,0,0,-23.57,1605,300,34825
34278,3553.66,0,0,1,0,34.00,1605,302,34825
34328,3545.26,0,0,1,0,26.17,1605,303,34825
34378,3543.59,0,0,1,0,32.95,1605,305,34825
34428,3625.82,0,0,0,0,-44.15,1605,305,34825
34478,3604.90,0,0,0,0,-39.93,1605,305,34825
34528,3639.01,0,0,0,0,-42.75,1605,305,34825
34578,3638.13,0,0,0,0,23.98,1605,306,34825
34628,3660.32,0,0,-1,0,-8.02,1606,308,34825
34678,3652.30,0,0,-1,0,31.39,1607,310,34825
34728,3699.14,0,-1,0,0,-23.57,1609,310,34825
34778,3675.57,0,0,0,0,31.80,1610,311,34825
34828,3637.25,0,0,0,0,15.06,1611,312,34825
34878,3615.33,0,0,-1,0,-50.00,1611,313,34825
34928,3604.04,0,0,0,0,27.37,1611,314,34825
34978,3562.95,0,0,0,0,29.01,1611,314,34825
35028,3556.19,0,0,1,0,19.50,1611,315,34825
35078,3543.59,0,0,1,0,21.90,1611,317,34825
35128,3587.66,0,0,1,0,11.83,1611,318,34825
35178,3565.49,0,0,0,0,11.05,1611,319,34825
35228,3599.71,0,0,0,0,32.55,1611,319,34825
35278,3533.57,0,0,1,0,10.85,1611,321,34825
35328,3576.54,0,0,0,0,-32.95,1611,322,34825
35378,3531.07,0,0,1,0,12.51,1611,325,34825
35428,3542.75,0,0,1,0,-0.84,1611,328,34825
35478,3532.74,0,0,1,0,11.69,1612,330,34825
35528,3587.66,0,0,1,0,30.41,1612,331,34825
35578,3556.19,0,0,1,0,20.35,1612,332,34825
35628,3547.78,0,0,1,0,29.61,1612,333,34825
35678,3604.90,0,0,0,0,24.88,1612,334,34825
35728,3643.43,0,0,-1,0,-28.97,1612,335,34825
35778,3638.13,0,0,0,0,23.98,1612,336,34825
35828,3649.63,0,0,-1,0,-23.82,1612,337,34825
35878,3652.30,0,0,-1,0,32.30,1613,338,34825
35928,3671.97,0,0,0,0,-22.34,1613,340,34825
35978,3641.66,0,0,-1,0,30.31,1613,342,34825
36028,3695.49,0,-1,0,0,-31.59,1615,343,34825
36078,3663.90,0,0,-1,0,34.33,1617,344,34825
36128,3639.01,0,0,0,0,-14.07,1617,345,34825
36178,3626.69,0,0,0,0,34.52,1617,346,34825
36228,3633.72,0,0,0,0,-19.26,1617,346,34825
36278,3615.33,0,0,-1,0,-28.21,1617,347,34825
36328,3586.80,0,0,0,0,-17.51,1617,347,34825
36378,3544.42,0,0,1,0,32.11,1617,349,34825
36428,3586.80,0,0,1,0,43.46,1617,350,34825
36478,3555.34,0,0,1,0,22.90,1617,351,34825
36528,3610.11,0,0,0,0,25.72,1617,351,34825
36578,3603.17,0,0,0,0,-36.51,1617,351,34825
36628,3599.71,0,0,0,0,-36.51,1617,351,34825
36678,3532.74,0,0,1,0,22.61,1617,353,34825
36728,3598.85,0,0,1,0,16.94,1617,354,34825
36779,3594.54,0,0,0,0,28.27,1617,354,34825
36829,3624.06,0,0,0,0,-18.29,1617,354,34825
36879,3565.49,0,0,0,0,11.90,1617,354,34825
36929,3610.11,0,0,0,0,11.90,1617,354,34825
36979,3591.95,0,0,0,0,-35.48,1617,354,34825
37029,3618.82,0,0,0,0,-31.23,1617,354,34825
37079,3581.66,0,0,0,0,-31.23,1617,354,34825
37129,3628.45,0,0,0,0,-45.93,1617,354,34825
37179,3593.67,0,0,0,0,-32.05,1617,354,34825
37229,3633.72,0,0,0,0,-28.82,1617,354,34825
37279,3619.69,0,0,0,0,-94.76,1617,354,34825
37329,3620.56,0,0,0,0,-39.76,1617,354,34825
37379,3591.95,0,0,0,0,-29.61,1617,354,34825
37429,3587.66,0,0,1,0,31.43,1617,355,34825
37479,3586.80,0,0,0,0,19.63,1617,355,34825
37529,3619.69,0,0,0,0,-40.77,1617,355,34825
37579,3616.20,0,0,0,0,-27.86,1617,355,34825
37629,3650.52,0,0,-1,0,-22.95,1617,356,34825
37679,3648.75,0,0,-1,0,13.36,1617,358,34825
37729,3671.97,0,0,0,0,-19.67,1618,359,34825
37779,3652.30,0,0,-1,0,31.39,1619,361,34825
37829,3661.22,0,0,-1,0,-34.52,1619,363,34825
37879,3627.57,0,0,0,0,34.54,1619,364,34825
37929,3614.46,0,0,0,0,1.75,1619,364,34825
37979,3593.67,0,0,0,0,-33.93,1619,364,34825
38029,3643.43,0,0,-1,0,-39.39,1619,365,34825
38079,3604.90,0,0,0,0,-22.69,1619,365,34825
38129,3554.50,0,0,1,0,-0.84,1619,367,34825
38179,3554.50,0,0,1,0,10.98,1619,369,34825
38230,3576.54,0,0,0,0,-20.35,1619,370,34825
38280,3511.24,0,1,0,0,21.50,1620,371,34825
38330,3522.78,0,1,0,0,-52.17,1623,371,34825
38380,3509.59,0,1,0,0,47.44,1625,372,34825
38430,3514.53,0,1,0,0,-32.63,1628,372,34825
38480,3557.03,0,0,1,0,-58.90,1629,373,34825
38530,3551.14,0,0,1,0,376.59,1637,374,34830
38580,3614.46,0,0,0,0,-10.12,1637,374,34830
38630,3615.33,0,0,-1,0,-54.86,1637,375,34830
38680,3671.97,0,0,0,0,77.09,1638,376,34837
38730,3640.78,0,0,-1,0,293.13,1644,377,34840
38780,3650.52,0,0,-1,0,46.79,1656,378,34847
38830,3660.32,0,0,-1,0,2.68,1657,380,34847
38880,3585.94,0,0,0,0,27.48,1657,380,34847
38930,3618.82,0,0,0,0,-40.75,1657,380,34847
38980,3585.09,0,0,0,0,-40.75,1657,380,34847
39030,3639.01,0,0,0,0,-43.61,1657,380,34847
39080,3596.26,0,0,0,0,-43.61,1657,380,34847
39130,3633.72,0,0,0,0,-28.82,1657,380,34847
39180,3626.69,0,0,0,0,25.61,1657,381,34847
39230,3572.28,0,0,0,0,20.54,1657,381,34847
39280,3545.26,0,0,1,0,21.07,1657,383,34847
39330,3555.34,0,0,1,0,41.78,1657,384,34847
39380,3561.25,0,0,0,0,419.64,1666,384,34854
39430,3501.40,0,1,0,0,344.75,1673,384,34886
39480,3545.26,0,0,1,0,20.23,1673,385,34886
39530,3553.66,0,0,1,0,27.15,1673,386,34886
39580,3619.69,0,0,1,0,27.15,1673,386,34886
39630,3592.81,0,0,0,0,-27.83,1673,386,34886
39680,3634.60,0,0,0,0,-38.34,1673,386,34886
39730,3615.33,0,0,-1,0,-52.90,1673,387,34886
39780,3580.81,0,0,0,0,14.95,1673,387,34886
39830,3573.13,0,0,0,0,25.72,1673,387,34886
39880,3576.54,0,0,0,0,-20.35,1673,388,34886
39930,3581.66,0,0,0,0,13.59,1673,388,34886
39980,3590.23,0,0,0,0,-45.03,1673,388,34886
40030,3586.80,0,0,1,0,31.52,1673,389,34886
40080,3615.33,0,0,0,0,-40.77,1673,389,34886
40130,3615.33,0,0,-1,0,-49.01,1673,390,34886
40180,3633.72,0,0,0,0,-28.82,1673,390,34886
40230,3626.69,0,0,0,0,35.42,1673,391,34886
40280,3685.50,0,-1,0,0,-47.38,1674,392,34886
40330,3663.90,0,0,-1,0,31.59,1675,394,34886
40380,3637.25,0,0,0,0,5.30,1675,396,34886
40430,3638.13,0,0,0,0,21.30,1675,397,34886
40480,3602.31,0,0,-1,0,27.66,1675,398,34886
40530,3581.66,0,0,-1,0,-88.72,1675,399,34886
40580,3604.90,0,0,0,0,-57.62,1675,399,34886
40630,3593.67,0,0,0,0,-38.12,1675,399,34886
40680,3629.32,0,0,0,0,-40.81,1675,399,34886
40730,3626.69,0,0,0,0,22.94,1675,400,34886
40780,3614.46,0,0,-1,0,17.76,1675,402,34886
40830,3606.64,0,-1,0,0,-119.67,1676,402,34886
40880,3637.25,0,0,0,0,126.87,1679,402,34896
40930,3604.90,0,0,0,0,-24.54,1679,402,34896
40980,3604.04,0,0,-1,0,-76.80,1679,403,34896
41030,3591.95,0,0,-1,0,-98.91,1679,405,34896
41080,3615.33,0,0,-1,0,-78.75,1679,406,34896
41131,3570.58,0,0,0,0,93.32,1679,408,34896
41181,3553.66,0,0,1,0,3.37,1679,410,34896
41231,3546.10,0,0,1,0,45.85,1679,412,34896
41281,3535.23,0,0,1,0,-19.88,1680,414,34896
41331,3543.59,0,0,1,0,21.90,1680,416,34896
41381,3575.69,0,0,0,0,-30.42,1680,417,34896
41431,3511.24,0,1,0,0,20.67,1681,419,34896
41481,3575.69,0,0,0,0,-42.95,1681,420,34896
41531,3573.98,0,0,0,0,13.68,1681,421,34896
41581,3588.52,0,0,0,0,13.68,1681,421,34896
41631,3585.09,0,0,0,0,18.79,1681,421,34896
41681,3632.84,0,0,0,0,-27.94,1681,421,34896
41731,3615.33,0,0,0,0,-14.06,1681,421,34896
41781,3603.17,0,0,0,0,30.95,1681,422,34896
41831,3585.09,0,0,0,0,30.95,1681,422,34896
41881,3643.43,0,0,-1,0,-38.53,1681,423,34896
41931,3572.28,0,0,0,0,23.98,1681,423,34896
41981,3609.24,0,0,0,0,23.98,1681,423,34896
42031,3592.81,0,0,0,0,-44.24,1681,423,34896
42081,3643.43,0,0,-1,0,-27.23,1681,424,34896
42131,3624.94,0,0,0,0,37.17,1681,425,34896
42181,3609.24,0,0,0,0,37.17,1681,425,34896
42231,3591.95,0,0,0,0,-53.90,1681,425,34896
42281,3642.54,0,0,-1,0,-37.64,1681,426,34896
42331,3604.90,0,0,0,0,-27.08,1681,426,34896
42381,3633.72,0,0,0,0,-28.82,1681,426,34896
42431,3594.54,0,0,0,0,-28.82,1681,426,34896
42481,3647.86,0,0,-1,0,-54.18,1681,427,34896
42531,3615.33,0,0,-1,0,-26.36,1681,428,34896
42582,3590.23,0,0,0,0,29.22,1681,428,34896
42632,3596.26,0,0,0,0,22.20,1681,428,34896
42682,3633.72,0,0,0,0,-19.26,1681,428,34896
42732,3616.20,0,0,0,0,-16.70,1681,428,34896
42782,3643.43,0,0,-1,0,-38.53,1681,429,34896
42832,3615.33,0,0,-1,0,-35.89,1681,430,34896
42882,3632.84,0,0,0,0,-27.94,1681,430,34896
42932,3615.33,0,0,0,0,-32.28,1681,430,34896
42982,3639.01,0,0,0,0,-14.07,1681,431,34896
43032,3566.33,0,0,0,0,38.57,1681,431,34896
43082,3623.19,0,0,0,0,-51.76,1681,431,34896
43132,3585.09,0,0,0,0,-51.76,1681,431,34896
43182,3564.64,0,0,0,0,-31.07,1681,432,34896
43232,3563.79,0,0,0,0,23.87,1681,433,34896
43282,3619.69,0,0,0,0,23.87,1681,433,34896
43332,3592.81,0,0,0,0,-38.23,1681,433,34896
43382,3671.97,0,0,0,0,-56.64,1681,434,34896
43432,3626.69,0,0,0,0,22.05,1681,435,34896
43482,3601.44,0,0,0,0,27.51,1681,435,34896
43532,3582.52,0,0,0,0,-49.21,1681,435,34896
43582,3565.49,0,0,0,0,-10.98,1681,436,34896
43632,3562.10,0,0,0,0,36.75,1681,437,34896
43682,3611.85,0,0,0,0,24.89,1681,437,34896
43732,3614.46,0,0,0,0,-57.38,1681,437,34896
43782,3643.43,0,0,-1,0,-27.23,1681,438,34896
43832,3615.33,0,0,0,0,-8.80,1681,438,34896
43882,3639.01,0,0,0,0,-12.32,1681,439,34896
43932,3616.20,0,0,0,0,-23.61,1681,439,34896
43982,3631.96,0,0,0,0,-15.76,1681,439,34896
44032,3594.54,0,0,0,0,-15.76,1681,439,34896
44082,3619.69,0,0,0,0,-27.78,1681,439,34896
44132,3615.33,0,0,-1,0,-43.02,1681,440,34896
44182,3625.82,0,0,0,0,0.00,1681,441,34896
44232,3615.33,0,0,-1,0,-43.06,1681,442,34896
44282,3632.84,0,0,0,0,-29.67,1681,442,34896
44332,3564.64,0,0,0,0,20.45,1681,442,34896
44382,3610.98,0,0,0,0,20.45,1681,442,34896
44432,3596.26,0,0,0,0,20.45,1681,442,34896
44482,3577.39,0,0,0,0,25.78,1681,442,34896
44532,3595.40,0,0,0,0,11.06,1681,442,34896
44582,3591.95,0,0,0,0,-41.85,1681,442,34896
44632,3564.64,0,0,0,0,23.02,1681,443,34896
44682,3620.56,0,0,0,0,-34.62,1681,443,34896
44732,3555.34,0,0,1,0,18.64,1681,444,34896
44782,3611.85,0,0,0,0,23.86,1681,444,34896
44832,3564.64,0,0,0,0,23.88,1681,444,34896
44882,3611.85,0,0,0,0,25.72,1681,444,34896
44932,3554.50,0,0,1,0,25.45,1681,445,34896
44982,3611.85,0,0,0,0,26.57,1681,445,34896
45032,3591.95,0,0,0,0,-35.65,1681,445,34896
45082,3556.19,0,0,1,0,21.20,1681,446,34896
45132,3543.59,0,0,1,0,32.95,1681,448,34896
45182,3598.85,0,0,1,0,20.34,1681,449,34896
45232,3585.94,0,0,0,0,28.27,1681,449,34896
45282,3611.85,0,0,0,0,23.02,1681,449,34896
45332,3577.39,0,0,0,0,39.68,1681,449,34896
45382,3587.66,0,0,0,0,35.92,1681,449,34896
45432,3585.94,0,0,0,0,8.56,1681,449,34896
45483,3587.66,0,0,1,0,16.93,1681,450,34896
45533,3545.26,0,0,1,0,15.15,1681,451,34896
45583,3548.62,0,0,1,0,450.32,1691,452,34902
45633,3595.40,0,-3,0,-3,-595.46,1697,452,34915
45683,3501.40,0,1,0,0,317.34,1703,452,34944
45733,3614.46,0,-1,0,-8,-228.90,1705,452,34952
45783,3579.10,0,0,0,0,170.90,1707,452,34963
45833,3563.79,0,0,0,0,-17.69,1707,454,34963
45883,3543.59,0,0,1,0,15.13,1707,457,34963
45933,3574.83,0,0,0,0,-18.65,1707,458,34963
45983,3573.13,0,0,0,0,16.25,1707,458,34963
46033,3610.98,0,0,0,0,16.25,1707,458,34963
46083,3573.13,0,0,0,0,26.58,1707,458,34963
46133,3635.48,0,0,0,0,-48.68,1707,458,34963
46183,3613.59,0,0,-1,0,-41.32,1707,459,34963
46233,3633.72,0,0,0,0,-30.55,1707,460,34963
46283,3625.82,0,0,0,0,27.37,1707,461,34963
46333,3604.04,0,0,0,0,32.74,1707,462,34963
46383,3616.20,0,0,0,0,-45.10,1707,462,34963
46433,3596.26,0,0,-1,0,-29.89,1707,463,34963
46483,3586.80,0,0,0,0,16.31,1707,463,34963
46533,3641.66,0,0,-1,0,-38.49,1707,464,34963
46583,3614.46,0,0,0,0,-15.78,1707,464,34963
46633,3661.22,0,0,-1,0,-35.40,1707,466,34963
46683,3638.13,0,0,0,0,24.88,1707,468,34963
46733,3684.60,0,-1,0,0,-46.47,1708,469,34963
46783,3652.30,0,0,-1,0,36.83,1709,471,34963
46833,3595.40,0,0,0,0,30.86,1709,471,34963
46883,3576.54,0,0,0,0,32.70,1709,471,34963
46934,3497.32,0,1,0,0,45.43,1710,472,34963
46984,3544.42,0,0,1,0,21.91,1710,473,34963
47034,3576.54,0,0,0,0,-22.04,1710,474,34963
47084,3566.33,0,0,0,0,34.24,1710,474,34963
47134,3622.31,0,0,0,0,-44.92,1710,474,34963
47184,3593.67,0,0,0,0,-50.49,1710,474,34963
47234,3597.12,0,0,1,0,29.74,1710,475,34963
47284,3533.57,0,0,1,0,32.77,1710,476,34963
47334,3567.18,0,0,0,0,-21.92,1710,477,34963
47384,3563.79,0,0,0,0,35.92,1710,477,34963
47434,3563.79,0,0,0,0,-30.22,1710,478,34963
47484,3555.34,0,0,1,0,31.46,1710,480,34963
47534,3586.80,0,0,1,0,16.84,1710,481,34963
47584,3568.03,0,0,0,0,43.82,1710,481,34963
47634,3564.64,0,0,0,0,-31.90,1710,483,34963
47684,3563.79,0,0,0,0,34.19,1710,484,34963
47734,3559.56,0,0,1,0,21.24,1710,485,34963
47784,3544.42,0,0,1,0,27.00,1710,486,34963
47834,3610.98,0,0,0,0,11.91,1710,486,34963
47884,3577.39,0,0,0,0,32.72,1710,486,34963
47934,3610.98,0,0,0,0,32.72,1710,486,34963
47984,3573.13,0,0,0,0,26.58,1710,486,34963
48034,3619.69,0,0,0,0,26.58,1710,486,34963
48084,3586.80,0,0,0,0,26.58,1710,486,34963
48134,3646.97,0,0,-1,0,-43.80,1710,487,34963
48184,3573.13,0,0,0,0,23.13,1710,487,34963
48234,3629.32,0,0,0,0,-38.23,1710,487,34963
48284,3613.59,0,0,-1,0,-48.15,1710,488,34963
48334,3629.32,0,0,0,0,-33.06,1710,488,34963
48384,3562.95,0,0,0,0,23.86,1710,488,34963
48434,3545.26,0,0,1,0,19.38,1710,489,34963
48484,3544.42,0,0,1,0,34.67,1711,490,34963
48535,3554.50,0,0,1,0,-0.84,1711,492,34963
48585,3555.34,0,0,1,0,9.29,1711,494,34963
48635,3620.56,0,0,0,0,-38.90,1711,494,34963
48685,3618.82,0,0,0,0,-38.90,1711,494,34963
48735,3560.41,0,0,0,0,467.52,1720,494,34968
48785,3595.40,0,-4,0,-4,-651.10,1728,494,34973
48835,3500.58,0,1,0,0,393.50,1735,494,35007
48885,3500.58,0,1,0,0,355.46,1741,494,35024
48935,3629.32,0,0,0,0,345.24,1746,494,35027
48985,3639.89,0,0,0,0,446.19,1756,494,35034
49035,3617.94,0,-4,0,-3,-577.81,1763,494,35037
49085,3628.45,0,0,0,0,438.80,1772,494,35042
49135,3637.25,0,0,0,0,-9.68,1784,494,35050
49185,3615.33,0,0,-1,0,-22.85,1784,495,35050
49235,3672.87,0,0,0,0,-47.05,1784,496,35050
49285,3628.45,0,0,0,0,45.32,1784,496,35050
49335,3572.28,0,0,0,0,14.52,1784,496,35050
49385,3564.64,0,0,0,0,21.30,1784,497,35050
49435,3611.85,0,0,0,0,24.89,1784,497,35050
49485,3593.67,0,0,0,0,-45.95,1784,497,35050
49536,3620.56,0,0,0,0,-28.61,1784,497,35050
49587,3543.59,0,0,1,0,11.76,1784,499,35050
49637,3587.66,0,0,1,0,20.21,1784,500,35050
49687,3573.13,0,0,0,0,26.58,1784,500,35050
49737,3534.40,0,0,1,0,30.24,1784,501,35050
49787,3538.57,0,0,1,0,489.36,1794,502,35056
49837,3501.40,0,1,0,0,313.45,1800,502,35077
49887,3598.85,0,0,1,0,67.91,1800,503,35077
49937,3564.64,0,0,0,0,32.48,1800,503,35077
49987,3610.11,0,0,0,0,3.40,1800,503,35077
50037,3576.54,0,0,0,0,31.83,1800,503,35077
50087,3631.96,0,0,0,0,-30.52,1800,503,35077
50137,3638.13,0,0,0,0,14.17,1800,504,35077
50187,3660.32,0,0,-1,0,-8.91,1800,507,35077
50237,3650.52,0,0,-1,0,38.61,1801,509,35077
50287,3664.79,0,0,-1,0,91.78,1803,510,35077
50337,3640.78,0,0,-1,0,303.48,1809,511,35080
50387,3639.89,0,0,0,0,411.97,1818,511,35087
50437,3627.57,0,0,0,0,570.58,1830,511,35096
50487,3716.55,0,-1,0,0,179.55,1837,511,35132
50537,3659.43,0,0,-1,0,-31.86,1849,512,35141
50587,3641.66,0,0,-1,0,33.01,1849,513,35141
50637,3684.60,0,-1,0,0,-33.19,1851,514,35141
50688,3663.00,0,0,-1,0,33.40,1852,516,35141
50738,3653.19,0,0,-1,0,22.38,1853,517,35141
50788,3637.25,0,0,0,0,24.86,1853,518,35141
50838,3661.22,0,0,-1,0,-8.91,1854,520,35141
50888,3649.63,0,0,-1,0,10.69,1854,523,35141
50938,3610.11,0,0,-1,0,10.69,1854,523,35141
50988,3593.67,0,0,0,0,-42.36,1854,523,35141
51038,3601.44,0,0,0,0,-42.36,1854,523,35141
51088,3586.80,0,0,0,0,-42.36,1854,523,35141
51138,3552.82,0,0,1,0,-9.23,1854,526,35141
51188,3534.40,0,0,1,0,30.24,1854,528,35141
51238,3576.54,0,0,0,0,-31.28,1854,529,35141
51288,3509.59,0,1,0,0,23.14,1855,531,35141
51338,3552.82,0,0,1,0,-20.91,1855,534,35141
51388,3555.34,0,0,1,0,32.31,1855,536,35141
51438,3545.26,0,0,1,0,16.84,1855,537,35141
51488,3581.66,0,-5,0,-6,-882.81,1865,537,35148
51538,3551.14,0,0,1,0,401.43,1873,538,35152
51588,3501.40,0,1,0,0,302.81,1879,538,35177
51638,3585.94,0,0,-1,0,-145.57,1879,539,35177
51688,3600.58,0,0,-1,0,-145.57,1879,539,35177
51738,3521.13,0,1,0,0,30.85,1880,540,35177
51788,3590.23,0,0,1,0,19.33,1880,541,35177
51838,3509.59,0,1,0,0,33.99,1881,543,35177
51888,3555.34,0,0,1,0,-44.11,1882,545,35177
51938,3556.19,0,0,1,0,19.50,1882,547,35177
51988,3599.71,0,0,0,0,21.30,1882,547,35177
52038,3545.26,0,0,1,0,31.28,1882,548,35177
52088,3611.85,0,0,0,0,31.83,1882,548,35177
52139,3564.64,0,0,0,0,17.88,1882,548,35177
52189,3614.46,0,0,0,0,24.85,1882,548,35177
52239,3576.54,0,0,0,0,34.44,1882,548,35177
52289,3621.44,0,0,0,0,-47.46,1882,548,35177
52339,3614.46,0,0,-1,0,-48.15,1882,549,35177
52389,3652.30,0,0,-1,0,-47.40,1882,550,35177
52439,3614.46,0,0,0,0,-7.93,1882,550,35177
52489,3633.72,0,0,0,0,-19.26,1882,551,35177
52539,3615.33,0,0,-1,0,-32.45,1882,552,35177
52589,3616.20,0,0,0,0,25.61,1882,553,35177
52639,3604.90,0,0,0,0,-36.51,1882,553,35177
52689,3662.11,0,0,-1,0,-48.52,1882,555,35177
52739,3585.09,0,0,0,0,34.54,1882,555,35177
52789,3629.32,0,0,0,0,-35.65,1882,555,35177
52839,3554.50,0,0,1,0,28.01,1882,556,35177
52889,3628.45,0,0,0,0,-45.93,1882,556,35177
52939,3603.17,0,0,-1,0,-48.15,1882,557,35177
52989,3567.18,0,0,0,0,-2.54,1882,557,35177
53039,3557.03,0,0,1,0,18.65,1882,559,35177
53089,3600.58,0,0,0,0,23.14,1882,559,35177
53139,3593.67,0,0,0,0,-38.90,1882,559,35177
53189,3642.54,0,0,-1,0,-38.51,1882,561,35177
53239,3593.67,0,0,0,0,-15.68,1882,561,35177
53289,3651.41,0,0,-1,0,-46.51,1882,562,35177
53339,3638.13,0,0,0,0,23.09,1882,563,35177
53389,3606.64,0,0,0,0,23.09,1882,563,35177
53439,3586.80,0,0,0,0,23.09,1882,563,35177
53489,3563.79,0,0,0,0,22.15,1882,563,35177
53539,3566.33,0,0,0,0,10.20,1882,564,35177
53590,3610.98,0,0,0,0,-55.98,1882,564,35177
53640,3596.26,0,0,0,0,-55.98,1882,564,35177
53690,3643.43,0,0,-1,0,-27.23,1882,565,35177
53740,3638.13,0,0,0,0,23.98,1882,566,35177
53790,3549.46,0,0,1,0,103.73,1882,568,35177
53840,3625.82,0,0,0,0,35.40,1884,569,35186
53890,3616.20,0,0,0,0,33.63,1884,570,35186
53940,3580.81,0,0,0,0,-36.34,1884,570,35186
53990,3619.69,0,0,0,0,-36.34,1884,570,35186
54040,3616.20,0,0,0,0,-26.20,1884,570,35186
54090,3623.19,0,0,0,0,-46.65,1884,570,35186
54140,3616.20,0,0,0,0,-52.21,1884,570,35186
54190,3592.81,0,0,0,0,20.28,1884,571,35186
54240,3575.69,0,0,0,0,25.76,1884,571,35186
54290,3552.82,0,0,1,0,-10.91,1884,574,35186
54340,3546.10,0,0,1,0,28.73,1884,576,35186
54390,3563.79,0,0,0,0,-8.45,1884,577,35186
54440,3490.81,0,1,0,0,22.07,1887,577,35186
54490,3566.33,0,0,0,0,-44.38,1888,578,35186
54540,3491.62,0,1,0,0,18.79,1890,579,35186
54590,3533.57,0,0,1,0,-41.14,1892,580,35186
54640,3531.07,0,0,1,0,25.96,1893,582,35186
54690,3597.98,0,0,1,0,22.04,1893,583,35186
54740,3604.90,0,0,0,0,-53.46,1893,583,35186
54790,3614.46,0,0,0,0,-32.34,1893,583,35186
54840,3647.86,0,0,-1,0,14.25,1903,585,35192
54890,3616.20,0,0,0,0,17.73,1903,586,35192
54940,3604.90,0,0,0,0,17.73,1903,586,35192
54990,3624.06,0,0,0,0,-20.03,1903,586,35192
55040,3615.33,0,0,0,0,-31.42,1903,586,35192
55090,3673.77,0,0,0,0,-47.08,1903,587,35192
55140,3641.66,0,0,-1,0,30.31,1903,589,35192
55190,3696.40,0,-1,0,0,-33.40,1905,590,35192
55240,3652.30,0,0,-1,0,43.19,1906,592,35192
55290,3643.43,0,0,-1,0,-27.23,1906,593,35192
55340,3638.13,0,0,0,0,24.88,1906,594,35192
55390,3637.25,0,0,0,0,4.42,1906,595,35192
55440,3616.20,0,-1,0,0,-104.95,1907,595,35192
55490,3661.22,0,0,-1,0,-23.97,1907,597,35192
55540,3603.17,0,0,0,0,-10.56,1907,597,35192
55590,3652.30,0,0,-1,0,-37.84,1907,599,35192
55640,3613.59,0,0,-1,0,-24.61,1907,600,35192
55690,3596.26,0,0,-1,0,-37.82,1907,601,35192
55740,3554.50,0,0,1,0,12.68,1907,602,35192
55790,3600.58,0,0,0,0,23.86,1907,602,35192
55840,3586.80,0,0,0,0,29.15,1907,602,35192
55890,3620.56,0,0,0,0,-33.76,1907,602,35192
55940,3543.59,0,0,1,0,21.05,1907,603,35192
55990,3565.49,0,0,0,0,-21.06,1907,604,35192
56040,3555.34,0,0,1,0,21.19,1907,606,35192
56090,3611.85,0,0,0,0,25.69,1907,606,35192
56140,3568.88,0,0,0,0,41.23,1907,606,35192
56190,3544.42,0,0,1,0,18.52,1907,607,35192
56240,3523.61,0,0,0,0,41.03,1907,608,35192
56290,3491.62,0,1,0,0,22.08,1909,608,35192
56340,3503.04,0,1,0,0,273.40,1916,608,35211
56390,3512.06,0,1,0,0,65.33,1918,608,35211
56440,3553.66,0,0,1,0,-13.42,1918,611,35211
56491,3545.26,0,0,1,0,16.84,1918,613,35211
56541,3557.03,0,0,1,0,-54.81,1920,614,35211
56591,3532.74,0,0,1,0,25.14,1920,616,35211
56641,3575.69,0,0,0,0,-30.42,1920,617,35211
56691,3586.80,0,0,1,0,23.71,1920,618,35211
56741,3641.66,0,0,-1,0,-36.76,1920,619,35211
56791,3649.63,0,0,-1,0,12.47,1920,621,35211
56841,3684.60,0,-1,0,0,-32.30,1922,622,35211
56891,3663.90,0,0,-1,0,31.59,1923,624,35211
56941,3700.05,0,-1,0,0,-24.48,1925,624,35211
56991,3676.47,0,0,0,0,30.89,1926,624,35211
57041,3697.31,0,-1,0,0,86.74,1929,624,35212
57091,3716.55,0,-1,0,0,178.54,1936,624,35250
57141,3636.36,0,0,0,0,25.75,1946,625,35255
57191,3672.87,0,0,0,0,-19.68,1946,626,35255
57241,3649.63,0,0,-1,0,11.58,1946,628,35255
57291,3672.87,0,0,0,0,-36.51,1946,629,35255
57341,3604.90,0,0,0,0,-3.53,1946,629,35255
57391,3652.30,0,0,-1,0,-36.97,1946,630,35255
57441,3638.13,0,0,0,0,22.19,1946,631,35255
57491,3642.54,0,0,-1,0,-28.09,1946,632,35255
57541,3626.69,0,0,0,0,22.94,1946,633,35255
57591,3586.80,0,0,0,0,-11.43,1946,633,35255
57641,3595.40,0,0,0,0,11.12,1946,633,35255
57691,3633.72,0,0,0,0,-29.68,1946,633,35255
57741,3602.31,0,0,-1,0,-48.15,1946,634,35255
57791,3618.82,0,0,-1,0,-48.15,1946,634,35255
57841,3589.38,0,0,0,0,70.13,1946,634,35255
57891,3541.91,0,0,1,0,-9.18,1946,637,35255
57942,3531.90,0,0,1,0,25.13,1947,639,35255
57992,3533.57,0,0,1,0,-41.95,1949,640,35255
58042,3546.10,0,0,1,0,-29.93,1950,641,35255
58092,3537.74,0,0,1,0,485.87,1960,642,35262
58142,3501.40,0,1,0,0,333.94,1967,642,35293
58192,3579.95,0,0,0,0,213.67,1970,642,35305
58242,3588.52,-1,-2,0,-14,-346.14,1973,642,35319
58292,3616.20,0,0,0,0,-1.76,1973,642,35319
58342,3640.78,0,0,-1,0,59.27,1974,643,35319
58392,3501.40,0,1,0,0,337.86,1979,643,35335
58443,3651.41,0,0,-1,0,24.16,1985,644,35339
58493,3684.60,0,-1,0,0,-20.70,1987,645,35339
58543,3674.67,0,0,0,0,36.36,1989,645,35339
58593,3674.67,0,0,0,0,12.65,1991,645,35339
58643,3663.90,0,0,-1,0,19.80,1992,647,35339
58693,3683.69,0,-1,0,0,-20.69,1994,648,35339
58743,3625.82,0,0,0,0,11.43,1994,649,35339
58793,3642.54,0,0,-1,0,-37.64,1994,650,35339
58843,3626.69,0,0,0,0,35.42,1994,651,35339
58893,3609.24,0,0,0,0,35.42,1994,651,35339
58943,3604.04,0,0,0,0,35.42,1994,651,35339
58993,3586.80,0,0,-1,0,-36.74,1994,652,35339
59043,3545.26,0,0,1,0,21.92,1994,653,35339
59094,3564.64,0,0,0,0,-10.98,1994,654,35339
59144,3553.66,0,0,1,0,0.00,1994,657,35339
59194,3589.38,0,0,0,0,17.97,1994,657,35339
59244,3578.24,0,0,0,0,33.60,1994,657,35339
59294,3562.95,0,0,0,0,19.57,1994,657,35339
59344,3556.19,0,0,1,0,19.50,1994,659,35339
59394,3610.11,0,0,1,0,18.65,1994,660,35339
59444,3558.72,0,0,1,0,30.66,1994,661,35339
59494,3565.49,0,0,0,0,-23.57,1994,663,35339
59544,3571.43,0,0,0,0,28.28,1994,663,35339
59594,3599.71,0,0,0,0,32.72,1994,663,35339
59644,3532.74,0,0,1,0,21.77,1994,665,35339
59694,3545.26,0,0,1,0,28.72,1994,666,35339
59744,3501.40,0,1,0,0,314.42,1999,666,35356
59794,3558.72,0,0,1,0,147.73,2001,667,35364
59844,3626.69,0,0,0,0,41.69,2001,669,35364
59894,3614.46,0,-1,0,-8,-215.17,2003,669,35372
59944,3624.94,0,0,0,0,96.22,2005,669,35382
59994,3602.31,0,-2,0,-11,-293.78,2008,669,35393
60044,3619.69,0,0,0,0,-24.39,2008,669,35393
60094,3544.42,0,0,1,0,34.67,2008,670,35393
60144,3598.85,0,0,1,0,16.10,2008,671,35393
60194,3577.39,0,0,0,0,23.19,2008,671,35393
60244,3569.73,0,0,0,0,-41.98,2008,672,35393
60294,3562.95,0,0,0,0,35.90,2008,673,35393
60344,3609.24,0,0,0,0,35.90,2008,673,35393
60394,3545.26,0,0,1,0,18.53,2008,674,35393
60444,3600.58,0,0,0,0,22.16,2008,674,35393
60494,3596.26,0,0,0,0,22.16,2008,674,35393
60544,3573.98,0,0,0,0,8.54,2008,674,35393
60594,3580.81,0,0,1,0,19.48,2008,675,35393
60644,3600.58,0,0,0,0,16.24,2008,675,35393
60694,3531.90,0,0,1,0,11.68,2008,677,35393
60744,3597.98,0,0,1,0,22.04,2008,678,35393
60794,3573.98,0,0,0,0,13.68,2008,678,35393
60844,3629.32,0,0,0,0,-46.81,2008,678,35393
60894,3604.90,0,0,0,0,-28.74,2008,678,35393
60944,3624.06,0,0,0,0,-20.03,2008,678,35393
60994,3602.31,0,0,0,0,-30.54,2008,678,35393
61044,3672.87,0,0,0,0,-46.18,2008,679,35393
61094,3615.33,0,0,0,0,9.67,2008,679,35393
61144,3633.72,0,0,0,0,-28.82,2008,679,35393
61194,3595.40,0,0,0,0,-28.82,2008,679,35393
61244,3624.06,0,0,0,0,-19.16,2008,679,35393
61294,3614.46,0,0,-1,0,-41.97,2008,680,35393
61344,3639.01,0,0,0,0,-12.32,2008,681,35393
61394,3563.79,0,0,0,0,32.47,2008,681,35393
61444,3612.72,0,0,0,0,13.67,2008,681,35393
61494,3604.90,0,0,0,0,-56.33,2008,681,35393
61544,3610.98,0,0,0,0,-22.67,2008,681,35393
61594,3593.67,0,0,0,0,-32.05,2008,681,35393
61644,3643.43,0,0,-1,0,-28.97,2008,682,35393
61694,3604.04,0,0,-1,0,-28.97,2008,682,35393
61744,3642.54,0,0,-1,0,-27.22,2008,684,35393
61794,3573.98,0,0,0,0,20.55,2008,684,35393
61844,3629.32,0,0,0,0,-36.51,2008,684,35393
61894,3577.39,0,0,0,0,26.65,2008,684,35393
61944,3601.44,0,0,0,0,-44.92,2008,684,35393
61995,3586.80,0,0,0,0,-44.92,2008,684,35393
62045,3624.06,0,0,0,0,-20.89,2008,684,35393
62095,3614.46,0,0,0,0,-21.75,2008,684,35393
62145,3672.87,0,0,0,0,-46.18,2008,685,35393
62195,3594.54,0,0,0,0,47.93,2008,685,35393
62245,3628.45,0,0,0,0,-33.05,2008,685,35393
62295,3556.19,0,0,1,0,22.06,2008,686,35393
62345,3578.24,0,0,0,0,-5.97,2008,686,35393
62395,3575.69,0,0,0,0,24.89,2008,686,35393
62445,3598.85,0,0,1,0,21.20,2008,687,35393
62495,3582.52,0,0,0,0,-50.01,2008,687,35393
62545,3576.54,0,0,0,0,-32.11,2008,688,35393
62595,3572.28,0,0,0,0,15.38,2008,689,35393
62645,3589.38,0,0,0,0,28.28,2008,689,35393
62695,3568.88,0,0,0,0,43.84,2008,689,35393
62745,3586.80,0,0,1,0,21.06,2008,690,35393
62795,3578.24,0,0,0,0,30.13,2008,691,35393
62845,3601.44,0,0,0,0,30.13,2008,691,35393
62895,3586.80,0,0,0,0,30.13,2008,691,35393
62945,3623.19,0,0,0,0,-19.15,2008,691,35393
62995,3604.04,0,0,0,0,-19.15,2008,691,35393
63045,3633.72,0,0,0,0,-18.39,2008,692,35393
63095,3604.04,0,0,-1,0,-32.44,2008,693,35393
63145,3611.85,0,0,0,0,23.98,2008,693,35393
63195,3604.90,0,0,0,0,-45.34,2008,693,35393
63245,3639.01,0,0,0,0,-44.47,2008,693,35393
63295,3626.69,0,0,0,0,26.50,2008,694,35393
63345,3638.13,0,0,0,0,-13.19,2008,695,35393
63395,3626.69,0,0,0,0,23.83,2008,696,35393
63446,3643.43,0,0,-1,0,-39.39,2008,697,35393
63496,3613.59,0,0,-1,0,-24.59,2008,698,35393
63546,3649.63,0,0,-1,0,-23.82,2008,700,35393
63596,3586.80,0,0,-1,0,-23.82,2008,700,35393
63646,3629.32,0,0,0,0,-44.24,2008,700,35393
63696,3614.46,0,0,0,0,-23.61,2008,700,35393
63746,3611.85,0,0,0,0,12.77,2008,700,35393
63796,3545.26,0,0,1,0,21.07,2008,701,35393
63846,3611.85,0,0,0,0,11.96,2008,701,35393
63896,3594.54,0,0,0,0,-42.44,2008,701,35393
63946,3574.83,0,0,0,0,-18.65,2008,702,35393
63996,3563.79,0,0,0,0,23.87,2008,702,35393
64046,3574.83,0,0,0,0,-31.25,2008,704,35393
64096,3563.79,0,0,0,0,35.92,2008,704,35393
64146,3544.42,0,0,1,0,-22.47,2009,706,35393
64196,3569.73,0,0,0,0,-41.98,2009,706,35393
64246,3559.56,0,0,1,0,562.45,2020,707,35401
64296,3573.13,0,0,0,0,383.61,2028,707,35406
64346,3501.40,0,1,0,0,359.60,2035,707,35437
64396,3554.50,0,0,1,0,-21.77,2035,709,35437
64446,3566.33,0,0,0,0,34.24,2035,710,35437
64496,3628.45,0,0,0,0,-29.60,2035,710,35437
64546,3615.33,0,0,-1,0,-46.73,2035,711,35437
64596,3619.69,0,0,-1,0,-46.73,2035,711,35437
64646,3614.46,0,0,-1,0,-46.40,2035,712,35437
64696,3621.44,0,0,0,0,-3.49,2035,712,35437
64746,3604.90,0,0,0,0,-32.26,2035,712,35437
64796,3672.87,0,0,0,0,-53.18,2035,712,35437
64846,3594.54,0,0,0,0,37.39,2035,712,35437
64896,3643.43,0,0,-1,0,-26.36,2035,713,35437
64946,3626.69,0,0,0,0,22.94,2035,714,35437
64996,3662.11,0,0,-1,0,-33.66,2035,716,35437
65046,3637.25,0,0,0,0,164.07,2038,716,35448
65096,3591.95,-7,-3,0,-20,-474.92,2043,716,35468
65146,3628.45,0,0,0,0,377.96,2050,716,35471
65196,3628.45,0,0,0,0,454.30,2060,716,35478
65246,3617.94,0,-4,0,-3,-555.53,2066,716,35481
65296,3716.55,0,-1,0,0,176.52,2073,716,35517
65346,3653.19,0,0,-1,0,-36.99,2084,717,35525
65396,3653.19,0,0,-1,0,19.68,2084,719,35525
65446,3662.11,0,0,-1,0,-25.75,2084,721,35525
65496,3675.57,0,0,0,0,20.83,2085,722,35525
65546,3675.57,0,0,0,0,13.56,2087,722,35525
65596,3663.00,0,0,-1,0,46.19,2088,724,35525
65646,3700.05,0,-1,0,0,-25.38,2090,724,35525
65696,3638.13,0,0,0,0,10.62,2090,726,35525
65746,3696.40,0,-1,0,0,-31.61,2091,727,35525
65796,3637.25,0,0,0,0,12.39,2091,729,35525
65846,3652.30,0,0,-1,0,-36.97,2091,731,35525
65896,3560.41,0,0,0,0,102.60,2091,732,35525
65946,3627.57,0,0,0,0,-31.31,2091,732,35525
65996,3604.90,0,0,0,0,-22.74,2091,732,35525
66046,3643.43,0,0,-1,0,-38.53,2091,733,35525
66096,3615.33,0,0,-1,0,-37.66,2091,734,35525
66146,3593.67,0,0,-1,0,-27.22,2091,735,35525
66196,3585.09,0,0,0,0,22.25,2091,735,35525
66246,3648.75,0,0,-1,0,-55.07,2091,736,35525
66296,3562.95,0,0,0,0,23.86,2091,736,35525
66347,3598.85,0,0,0,0,15.39,2091,736,35525
66397,3604.04,0,0,0,0,-40.81,2091,736,35525
66447,3590.23,0,0,0,0,-33.21,2091,736,35525
66497,3580.81,0,0,1,0,33.20,2091,737,35525
66547,3618.82,0,0,1,0,33.20,2091,737,35525
66597,3592.81,0,0,0,0,-19.15,2091,737,35525
66647,3587.66,0,0,1,0,21.18,2091,738,35525
66697,3573.13,0,0,0,0,26.58,2091,738,35525
66747,3577.39,0,0,0,0,-4.26,2091,738,35525
66797,3544.42,0,0,1,0,22.76,2091,739,35525
66847,3578.24,0,0,0,0,-14.45,2091,739,35525
66897,3532.74,0,0,1,0,10.85,2091,742,35525
66947,3585.94,0,0,1,0,8.39,2091,744,35525
66997,3509.59,0,1,0,0,33.16,2092,746,35525
67047,3579.10,0,0,0,0,-58.80,2093,747,35525
67097,3538.57,0,0,1,0,49.09,2093,749,35525
67147,3611.85,0,0,0,0,41.19,2093,749,35525
67197,3573.98,0,0,0,0,14.54,2093,749,35525
67247,3564.64,0,0,0,0,22.16,2093,749,35525
67297,3503.04,0,1,0,0,294.43,2099,749,35552
67347,3580.81,0,-1,0,-7,-206.24,2101,749,35559
67397,3626.69,0,0,0,0,73.36,2103,749,35565
67447,3612.72,0,-2,0,-11,-273.84,2106,749,35576
67497,3612.72,0,-2,0,-14,-367.24,2110,749,35590
67547,3501.40,0,1,0,0,322.20,2115,749,35606
67597,3618.82,0,-1,0,-7,-199.56,2116,749,35613
67647,3604.04,0,0,-1,0,-52.29,2116,750,35613
67697,3601.44,0,0,-1,0,-52.29,2116,750,35613
67747,3572.28,0,0,0,0,14.52,2116,750,35613
67798,3628.45,0,0,0,0,-30.46,2116,750,35613
67848,3562.95,0,0,0,0,27.29,2116,750,35613
67898,3587.66,0,0,1,0,19.51,2116,751,35613
67948,3586.80,0,0,0,0,16.23,2116,751,35613
67998,3620.56,0,0,0,0,-38.05,2116,751,35613
68048,3596.26,0,0,0,0,-38.05,2116,751,35613
68098,3620.56,0,0,0,0,-30.33,2116,751,35613
68148,3544.42,0,0,1,0,29.56,2116,752,35613
68198,3565.49,0,0,0,0,-10.98,2116,753,35613
68248,3553.66,0,0,1,0,34.00,2116,755,35613
68298,3611.85,0,0,0,0,11.06,2116,755,35613
68348,3568.88,0,0,0,0,42.10,2116,755,35613
68398,3563.79,0,0,0,0,-31.06,2116,757,35613
68448,3546.10,0,0,1,0,28.73,2116,759,35613
68498,3600.58,0,0,0,0,38.62,2116,759,35613
68548,3593.67,0,0,0,0,-38.90,2116,759,35613
68598,3577.39,0,0,0,0,0.00,2116,759,35613
68648,3532.74,0,0,1,0,10.01,2116,762,35613
68698,3597.98,0,0,1,0,17.79,2116,763,35613
68748,3594.54,0,0,0,0,28.26,2116,763,35613
68798,3610.98,0,0,0,0,28.26,2116,763,35613
68848,3615.33,0,0,0,0,-55.64,2116,763,35613
68898,3650.52,0,0,-1,0,-23.83,2116,764,35613
68948,3604.90,0,0,0,0,2.63,2116,764,35613
68998,3643.43,0,0,-1,0,-27.23,2116,765,35613
69048,3626.69,0,0,0,0,25.61,2116,766,35613
69098,3683.69,0,-1,0,0,-30.50,2117,767,35613
69148,3625.82,0,0,0,0,11.43,2117,768,35613
69198,3673.77,0,0,0,0,-35.64,2117,769,35613
69248,3663.00,0,0,-1,0,33.40,2118,771,35613
69298,3649.63,0,0,-1,0,1.78,2119,773,35613
69348,3604.90,0,0,0,0,-7.00,2119,773,35613
69398,3652.30,0,0,-1,0,-47.40,2119,774,35613
69448,3615.33,0,0,-1,0,-33.48,2119,775,35613
69498,3662.11,0,0,-1,0,-23.98,2119,777,35613
69548,3689.13,0,-1,0,0,-71.18,2120,778,35613
69598,3650.52,0,0,-1,0,-24.71,2120,780,35613
69648,3604.90,0,0,0,0,-6.99,2120,780,35613
69698,3643.43,0,0,-1,0,-28.10,2120,782,35613
69748,3564.64,0,0,0,0,31.62,2120,782,35613
69798,3588.52,0,0,1,0,19.37,2120,783,35613
69848,3578.24,0,0,0,0,32.73,2120,783,35613
69898,3574.83,0,0,0,0,-42.10,2120,785,35613
69948,3636.36,0,0,0,0,-135.78,2121,786,35613
69998,3585.94,0,0,1,0,29.59,2121,787,35613
70048,3573.13,0,0,0,0,26.58,2121,787,35613
70098,3552.82,0,0,1,0,-20.08,2121,790,35613
70148,3573.13,0,0,0,0,13.67,2121,791,35613
70198,3564.64,0,0,0,0,17.88,2121,791,35613
70248,3554.50,0,0,1,0,33.16,2121,793,35613
70298,3576.54,0,0,0,0,-22.88,2121,794,35613
70348,3591.09,0,0,0,0,-5.08,2121,794,35613
70398,3587.66,0,0,1,0,16.08,2121,795,35613
70448,3555.34,0,0,1,0,32.31,2121,797,35613
70498,3610.11,0,0,1,0,32.31,2121,797,35613
70548,3605.77,0,0,1,0,32.31,2121,797,35613
70598,3643.43,0,0,-1,0,-38.53,2121,798,35613
70648,3624.94,0,0,0,0,38.06,2121,799,35613
70699,3662.11,0,0,-1,0,-23.98,2121,801,35613
70749,3615.33,0,0,-1,0,-8.86,2121,803,35613
70799,3586.80,0,0,0,0,-10.49,2121,803,35613
70849,3580.81,0,0,1,0,28.93,2121,804,35613
70899,3589.38,0,0,0,0,25.57,2121,804,35613
70949,3586.80,0,0,0,0,25.57,2121,804,35613
70999,3510.41,0,1,0,0,23.99,2122,805,35613
71049,3429.36,1,2,0,0,20.51,2126,805,35613
71099,3368.52,0,3,0,0,38.25,2131,805,35613
71149,3301.78,0,3,0,0,15.33,2140,805,35613
71199,3216.12,0,4,0,0,26.42,2152,805,35613
71249,3162.56,0,5,0,0,24.19,2162,805,35613
71299,3086.42,0,6,0,0,172.32,2179,805,35614
71349,3033.98,0,7,0,0,16.04,2193,805,35614
71399,2945.22,0,8,0,1,309.28,2215,805,35618
71449,2887.95,0,9,0,0,34.32,2232,805,35618
71499,2816.37,5,10,0,0,21.31,2260,805,35618
71549,2761.92,0,10,0,0,12.26,2280,805,35618
71599,2708.56,0,11,0,0,19.21,2302,805,35618
71649,2658.16,0,12,0,1,5.66,2326,805,35626
71699,2601.46,6,12,0,-4,-23.25,2364,805,35643
71749,2504.59,16,14,0,6,39.51,2391,805,35658
71799,2444.99,16,15,0,7,44.64,2420,805,35667
71849,2394.64,16,15,0,7,45.98,2450,805,35674
71899,2339.73,18,16,0,6,45.39,2481,805,35681
71949,2285.54,21,17,0,6,46.19,2514,805,35688
71999,2279.98,0,17,0,0,5.56,2531,805,35688
72049,2284.50,0,17,0,-22,-153.21,2567,805,35730
72099,2176.44,8,18,0,8,60.37,2602,805,35745
72150,2134.62,4,19,0,-4,-31.72,2640,805,35759
72200,2074.69,18,19,0,3,27.62,2678,805,35766
72250,2030.59,2,20,0,6,44.09,2698,805,35772
72300,1982.29,12,21,0,5,40.09,2739,805,35778
72350,1932.49,23,21,0,5,40.93,2781,805,35784
72400,1923.82,1,21,0,1,8.67,2802,805,35785
72450,1876.64,22,22,0,0,4.47,2846,805,35790
72500,1830.16,28,23,0,5,46.48,2869,805,35795
72550,1777.46,28,23,0,5,49.58,2915,805,35800
72600,1778.94,23,23,0,0,-1.48,2938,805,35800
72650,1728.91,24,24,0,0,0.20,2986,805,35805
72700,1678.79,29,24,0,5,50.12,3010,805,35810
72750,1675.60,25,25,0,0,3.19,3035,805,35810
72800,1628.84,25,25,0,0,0.35,3085,805,35815
72850,1576.62,31,26,0,5,52.22,3111,805,35820
72900,1578.95,26,26,0,0,-2.32,3137,805,35820
72950,1525.48,26,26,0,0,0.31,3189,805,35825
73000,1475.22,32,27,0,5,50.26,3216,805,35830
73050,1475.22,27,27,0,0,0.00,3243,805,35830
73100,1421.26,33,28,0,5,53.95,3271,805,35835
73150,1423.42,28,28,0,0,-2.16,3299,805,35835
73200,1370.49,28,28,0,0,-0.13,3355,805,35839
73250,1317.18,33,29,0,4,53.31,3384,805,35843
73300,1317.75,29,29,0,0,-0.58,3413,805,35843
73350,1261.46,34,30,0,4,56.30,3443,805,35847
73400,1265.18,30,30,0,0,-3.72,3473,805,35847
73450,1207.15,35,31,0,4,58.04,3504,805,35851
73500,1210.65,31,31,0,0,-3.51,3535,805,35851
73550,1150.84,35,31,0,4,59.82,3566,805,35855
73600,1155.09,31,31,0,0,-4.25,3597,805,35855
73650,1096.25,36,32,0,4,58.84,3629,805,35859
73700,1098.82,32,32,0,0,-2.57,3661,805,35859
73750,1098.82,32,32,0,0,-2.57,3661,805,35859
73800,1045.30,36,33,0,3,53.52,3694,805,35862
73850,1037.06,33,33,0,0,8.24,3727,805,35862
73900,970.25,38,34,0,4,66.81,3761,805,35866
73950,974.91,34,34,0,0,-4.67,3795,805,35866
74000,974.91,34,34,0,0,-4.67,3795,805,35866
74050,913.19,37,34,0,3,61.73,3829,805,35869
74100,909.59,34,34,0,0,3.60,3863,805,35869
74150,843.31,38,35,0,3,66.27,3898,805,35872
74200,843.31,38,35,0,3,66.27,3898,805,35872
74250,840.71,35,35,0,0,2.60,3933,805,35872
74300,762.58,39,36,0,3,78.13,3969,805,35875
74350,762.58,39,36,0,3,78.13,3969,805,35875
74400,765.58,36,36,0,0,-3.00,4005,805,35875
74450,765.58,36,36,0,0,-3.00,4005,805,35875
74500,701.26,40,37,0,3,64.32,4042,805,35878
74550,678.70,38,37,0,1,22.56,4079,805,35879
74600,678.70,38,37,0,1,22.56,4079,805,35879
74650,608.30,40,38,0,2,70.41,4117,805,35881
74700,608.30,40,38,0,2,70.41,4117,805,35881
74750,583.02,39,39,0,0,25.27,4156,805,35881
74800,583.02,39,39,0,0,25.27,4156,805,35881
74850,583.02,39,39,0,0,25.27,4156,805,35881
74900,500.17,42,40,0,2,82.86,4196,805,35883
74950,500.17,42,40,0,2,82.86,4196,805,35883
75000,463.19,41,40,0,1,36.98,4236,805,35884
75051,463.19,41,40,0,1,36.98,4236,805,35884
75101,463.19,41,40,0,1,36.98,4236,805,35884
75151,463.19,41,40,0,1,36.98,4236,805,35884
75201,357.30,44,42,0,2,105.89,4278,805,35886
75251,357.30,44,42,0,2,105.89,4278,805,35886
75301,357.30,44,42,0,2,105.89,4278,805,35886
75351,357.30,44,42,0,2,105.89,4278,805,35886
76190,58.42,-44,42,0,2,105.89,4278,805,35886
76240,58.42,-44,42,0,2,105.89,4278,805,35886
76290,58.42,-44,42,0,2,105.89,4278,805,35886
76340,58.42,-44,42,0,2,105.89,4278,805,35886
76390,58.42,-44,42,0,2,105.89,4278,805,35886
76440,0.00,-44,42,0,2,105.89,4278,805,35886
76490,0.00,-44,42,0,2,105.89,4278,805,35886
76540,0.00,-44,42,0,2,105.89,4278,805,35886
76590,0.00,-44,42,0,2,105.89,4278,805,35886
76640,0.00,-44,42,0,2,105.89,4278,805,35886
76690,0.00,-44,42,0,2,105.89,4278,805,35886
76740,0.00,-44,42,0,2,105.89,4278,805,35886
76790,0.00,-44,42,0,2,105.89,4278,805,35886
76840,0.00,-44,42,0,2,105.89,4278,805,35886
76890,0.00,-44,42,0,2,105.89,4278,805,35886
76940,0.00,-44,42,0,2,105.89,4278,805,35886
76990,0.00,-44,42,0,2,105.89,4278,805,35886
77040,0.00,-44,42,0,2,105.89,4278,805,35886
77090,0.00,-44,42,0,2,105.89,4278,805,35886
77140,0.00,-44,42,0,2,105.89,4278,805,35886
77190,0.00,-44,42,0,2,105.89,4278,805,35886
77240,0.00,-44,42,0,2,105.89,4278,805,35886
77290,0.00,-44,42,0,2,105.89,4278,805,35886
77340,0.00,-44,42,0,2,105.89,4278,805,35886
77390,0.00,-44,42,0,2,105.89,4278,805,35886
77440,0.00,-44,42,0,2,105.89,4278,805,35886
77490,0.00,-44,42,0,2,105.89,4278,805,35886
77540,0.00,-44,42,0,2,105.89,4278,805,35886
77590,0.00,-44,42,0,2,105.89,4278,805,35886
77640,0.00,-44,42,0,2,105.89,4278,805,35886
77690,0.00,-44,42,0,2,105.89,4278,805,35886
77740,0.00,-44,42,0,2,105.89,4278,805,35886
77790,0.00,-44,42,0,2,105.89,4278,805,35886
77840,0.00,-44,42,0,2,105.89,4278,805,35886
77890,0.00,-44,42,0,2,105.89,4278,805,35886
77940,0.00,-44,42,0,2,105.89,4278,805,35886
77990,0.00,-44,42,0,2,105.89,4278,805,35886
78040,0.00,-44,42,0,2,105.89,4278,805,35886
78090,0.00,-44,42,0,2,105.89,4278,805,35886
78140,0.00,-44,42,0,2,105.89,4278,805,35886
78190,0.00,-44,42,0,2,105.89,4278,805,35886
78240,0.00,-44,42,0,2,105.89,4278,805,35886
78290,0.00,-44,42,0,2,105.89,4278,805,35886
78340,0.00,-44,42,0,2,105.89,4278,805,35886
78390,0.00,-44,42,0,2,105.89,4278,805,35886
78440,0.00,-44,42,0,2,105.89,4278,805,35886
78490,0.00,-44,42,0,2,105.89,4278,805,35886
78540,0.00,-44,42,0,2,105.89,4278,805,35886
78590,0.00,-44,42,0,2,105.89,4278,805,35886
78640,0.00,-44,42,0,2,105.89,4278,805,35886
78690,0.00,-44,42,0,2,105.89,4278,805,35886
78740,0.00,-44,42,0,2,105.89,4278,805,35886
78790,0.00,-44,42,0,2,105.89,4278,805,35886
78840,0.00,-44,42,0,2,105.89,4278,805,35886
78891,0.00,-44,42,0,2,105.89,4278,805,35886
78941,0.00,-44,42,0,2,105.89,4278,805,35886
78991,0.00,-44,42,0,2,105.89,4278,805,35886
79041,0.00,-44,42,0,2,105.89,4278,805,35886
79091,0.00,-44,42,0,2,105.89,4278,805,35886
79141,0.00,-44,42,0,2,105.89,4278,805,35886
79191,0.00,-44,42,0,2,105.89,4278,805,35886
79241,0.00,-44,42,0,2,105.89,4278,805,35886
79291,0.00,-44,42,0,2,105.89,4278,805,35886
79341,0.00,-44,42,0,2,105.89,4278,805,35886
79391,0.00,-44,42,0,2,105.89,4278,805,35886
79441,0.00,-44,42,0,2,105.89,4278,805,35886
79491,0.00,-44,42,0,2,105.89,4278,805,35886
79541,0.00,-44,42,0,2,105.89,4278,805,35886
79591,0.00,-44,42,0,2,105.89,4278,805,35886
79641,0.00,-44,42,0,2,105.89,4278,805,35886
79691,0.00,-44,42,0,2,105.89,4278,805,35886
79741,0.00,-44,42,0,2,105.89,4278,805,35886
79791,0.00,-44,42,0,2,105.89,4278,805,35886
79841,0.00,-44,42,0,2,105.89,4278,805,35886
79891,0.00,-44,42,0,2,105.89,4278,805,35886
79941,0.00,-44,42,0,2,105.89,4278,805,35886
79991,0.00,-44,42,0,2,105.89,4278,805,35886
80041,0.00,-44,42,0,2,105.89,4278,805,35886
80091,0.00,-44,42,0,2,105.89,4278,805,35886
80141,0.00,-44,42,0,2,105.89,4278,805,35886
80191,0.00,-44,42,0,2,105.89,4278,805,35886
80241,0.00,-44,42,0,2,105.89,4278,805,35886
80291,0.00,-44,42,0,2,105.89,4278,805,35886
80342,0.00,-44,42,0,2,105.89,4278,805,35886
80392,0.00,-44,42,0,2,105.89,4278,805,35886
