Microcontroller Governor - No Load
Trial: 1
Date: 4-5-2023
Time: 2:38 PM
Ambient Temp: 82
Head Temp: 186.8

------ Microcontroller Engine Governor - Version: 1.16 ------
-------------------------------------------------------------
PID Gains:  Kp: 0.013  KpAlt: 0.025  Kd: 0.100  KdAlt: 4.000
-------------------------------------------------------------
Set RPM:             3600    |  Min RPM:                 300
                             |
RPM Precision:       20      |  PID Kp Alt Range:        70
                             |
Start Steps:         850     |  Max Steps:               1200
                             |
RPM Calc Interval:   1       |  Num Magnets:             1
                             |
LCD Update Interval: 400     |  Serial Update Interval:  50
-------------------------------------------------------------

Time,RPM,Steps Remaining, PID p, PID p Alt, PID d, RPM Change, P Cmd, P Alt Cmd, D Cmd
1727,0.00,0,0,0,0,0.00,0,0,0
1777,0.00,0,0,0,0,0.00,0,0,0
1827,0.00,0,0,0,0,0.00,0,0,0
1878,0.00,0,0,0,0,0.00,0,0,0
1928,0.00,0,0,0,0,0.00,0,0,0
1978,0.00,0,0,0,0,0.00,0,0,0
2028,0.00,0,0,0,0,0.00,0,0,0
2078,0.00,0,0,0,0,0.00,0,0,0
2128,0.00,0,0,0,0,0.00,0,0,0
2178,0.00,0,0,0,0,0.00,0,0,0
2228,0.00,0,0,0,0,0.00,0,0,0
2278,0.00,0,0,0,0,0.00,0,0,0
2328,0.00,0,0,0,0,0.00,0,0,0
2378,0.00,0,0,0,0,0.00,0,0,0
2428,0.00,0,0,0,0,0.00,0,0,0
2478,0.00,0,0,0,0,0.00,0,0,0
2528,0.00,0,0,0,0,0.00,0,0,0
2578,0.00,0,0,0,0,0.00,0,0,0
2628,0.00,0,0,0,0,0.00,0,0,0
2678,0.00,0,0,0,0,0.00,0,0,0
2728,0.00,0,0,0,0,0.00,0,0,0
2778,0.00,0,0,0,0,0.00,0,0,0
2828,0.00,0,0,0,0,0.00,0,0,0
2878,0.00,0,0,0,0,0.00,0,0,0
2928,0.00,0,0,0,0,0.00,0,0,0
2978,0.00,0,0,0,0,0.00,0,0,0
3028,0.00,0,0,0,0,0.00,0,0,0
3078,0.00,0,0,0,0,0.00,0,0,0
3128,0.00,0,0,0,0,0.00,0,0,0
3178,0.00,0,0,0,0,0.00,0,0,0
3228,0.00,0,0,0,0,0.00,0,0,0
3278,0.00,0,0,0,0,0.00,0,0,0
3328,0.00,0,0,0,0,0.00,0,0,0
3378,0.00,0,0,0,0,0.00,0,0,0
3428,0.00,0,0,0,0,0.00,0,0,0
3478,0.00,0,0,0,0,0.00,0,0,0
3528,0.00,0,0,0,0,0.00,0,0,0
3578,0.00,0,0,0,0,0.00,0,0,0
3628,0.00,0,0,0,0,0.00,0,0,0
3678,0.00,0,0,0,0,0.00,0,0,0
3728,0.00,0,0,0,0,0.00,0,0,0
3778,0.00,0,0,0,0,0.00,0,0,0
3828,0.00,0,0,0,0,0.00,0,0,0
3878,0.00,0,0,0,0,0.00,0,0,0
3928,0.00,0,0,0,0,0.00,0,0,0
3978,0.00,0,0,0,0,0.00,0,0,0
4028,0.00,0,0,0,0,0.00,0,0,0
4078,0.00,0,0,0,0,0.00,0,0,0
4128,0.00,0,0,0,0,0.00,0,0,0
4178,0.00,0,0,0,0,0.00,0,0,0
4228,0.00,0,0,0,0,0.00,0,0,0
4278,0.00,0,0,0,0,0.00,0,0,0
4328,0.00,0,0,0,0,0.00,0,0,0
4378,0.00,0,0,0,0,0.00,0,0,0
4428,0.00,0,0,0,0,0.00,0,0,0
4478,0.00,0,0,0,0,0.00,0,0,0
4528,0.00,0,0,0,0,0.00,0,0,0
4578,0.00,0,0,0,0,0.00,0,0,0
4628,0.00,0,0,0,0,0.00,0,0,0
4678,0.00,0,0,0,0,0.00,0,0,0
4728,0.00,0,0,0,0,0.00,0,0,0
4779,0.00,0,0,0,0,0.00,0,0,0
4829,0.00,0,0,0,0,0.00,0,0,0
4879,0.00,0,0,0,0,0.00,0,0,0
4929,0.00,0,0,0,0,0.00,0,0,0
4979,0.00,0,0,0,0,0.00,0,0,0
5029,0.00,0,0,0,0,0.00,0,0,0
5079,0.00,0,0,0,0,0.00,0,0,0
5129,0.00,0,0,0,0,0.00,0,0,0
5179,0.00,0,0,0,0,0.00,0,0,0
5229,0.00,0,0,0,0,0.00,0,0,0
5279,0.00,0,0,0,0,0.00,0,0,0
5329,0.00,0,0,0,0,0.00,0,0,0
5379,0.00,0,0,0,0,0.00,0,0,0
5429,0.00,0,0,0,0,0.00,0,0,0
5479,0.00,0,0,0,0,0.00,0,0,0
5529,0.00,0,0,0,0,0.00,0,0,0
5579,0.00,0,0,0,0,0.00,0,0,0
5629,0.00,0,0,0,0,0.00,0,0,0
5679,0.00,0,0,0,0,0.00,0,0,0
5729,0.00,0,0,0,0,0.00,0,0,0
5779,0.00,0,0,0,0,0.00,0,0,0
5829,0.00,0,0,0,0,0.00,0,0,0
5879,0.00,0,0,0,0,0.00,0,0,0
5929,0.00,0,0,0,0,0.00,0,0,0
5979,0.00,0,0,0,0,0.00,0,0,0
6029,0.00,0,0,0,0,0.00,0,0,0
6079,0.00,0,0,0,0,0.00,0,0,0
6129,0.00,0,0,0,0,0.00,0,0,0
6179,0.00,0,0,0,0,0.00,0,0,0
6230,0.00,0,0,0,0,0.00,0,0,0
6280,0.00,0,0,0,0,0.00,0,0,0
6330,0.00,0,0,0,0,0.00,0,0,0
6380,0.00,0,0,0,0,0.00,0,0,0
6430,0.00,0,0,0,0,0.00,0,0,0
6480,0.00,0,0,0,0,0.00,0,0,0
6530,0.00,0,0,0,0,0.00,0,0,0
6580,0.00,0,0,0,0,0.00,0,0,0
6630,0.00,0,0,0,0,0.00,0,0,0
6680,0.00,0,0,0,0,0.00,0,0,0
6730,0.00,0,0,0,0,0.00,0,0,0
6780,0.00,0,0,0,0,0.00,0,0,0
6830,0.00,0,0,0,0,0.00,0,0,0
6880,0.00,0,0,0,0,0.00,0,0,0
6930,0.00,0,0,0,0,0.00,0,0,0
6980,0.00,0,0,0,0,0.00,0,0,0
7030,0.00,0,0,0,0,0.00,0,0,0
7080,0.00,0,0,0,0,0.00,0,0,0
7130,0.00,0,0,0,0,0.00,0,0,0
7180,0.00,0,0,0,0,0.00,0,0,0
7230,0.00,0,0,0,0,0.00,0,0,0
7280,0.00,0,0,0,0,0.00,0,0,0
7330,0.00,0,0,0,0,0.00,0,0,0
7380,0.00,0,0,0,0,0.00,0,0,0
7430,0.00,0,0,0,0,0.00,0,0,0
7480,0.00,0,0,0,0,0.00,0,0,0
7530,0.00,0,0,0,0,0.00,0,0,0
7580,0.00,0,0,0,0,0.00,0,0,0
7630,0.00,0,0,0,0,0.00,0,0,0
7680,0.00,0,0,0,0,0.00,0,0,0
7730,0.00,0,0,0,0,0.00,0,0,0
7780,0.00,0,0,0,0,0.00,0,0,0
7830,0.00,0,0,0,0,0.00,0,0,0
7880,0.00,0,0,0,0,0.00,0,0,0
7930,0.00,0,0,0,0,0.00,0,0,0
7980,0.00,0,0,0,0,0.00,0,0,0
8030,0.00,0,0,0,0,0.00,0,0,0
8080,0.00,0,0,0,0,0.00,0,0,0
8130,0.00,0,0,0,0,0.00,0,0,0
8180,0.00,0,0,0,0,0.00,0,0,0
8230,0.00,0,0,0,0,0.00,0,0,0
8280,0.00,0,0,0,0,0.00,0,0,0
8330,0.00,0,0,0,0,0.00,0,0,0
8380,0.00,0,0,0,0,0.00,0,0,0
8430,0.00,0,0,0,0,0.00,0,0,0
8480,0.00,0,0,0,0,0.00,0,0,0
8530,0.00,0,0,0,0,0.00,0,0,0
8580,0.00,0,0,0,0,0.00,0,0,0
8630,0.00,0,0,0,0,0.00,0,0,0
8680,0.00,0,0,0,0,0.00,0,0,0
8730,0.00,0,0,0,0,0.00,0,0,0
8780,0.00,0,0,0,0,0.00,0,0,0
8830,0.00,0,0,0,0,0.00,0,0,0
8880,0.00,0,0,0,0,0.00,0,0,0
8930,0.00,0,0,0,0,0.00,0,0,0
8980,0.00,0,0,0,0,0.00,0,0,0
9030,0.00,0,0,0,0,0.00,0,0,0
9080,0.00,0,0,0,0,0.00,0,0,0
9131,0.00,0,0,0,0,0.00,0,0,0
9181,0.00,0,0,0,0,0.00,0,0,0
9231,0.00,0,0,0,0,0.00,0,0,0
9281,0.00,0,0,0,0,0.00,0,0,0
9331,0.00,0,0,0,0,0.00,0,0,0
9381,0.00,0,0,0,0,0.00,0,0,0
9431,0.00,0,0,0,0,0.00,0,0,0
9481,0.00,0,0,0,0,0.00,0,0,0
9531,0.00,0,0,0,0,0.00,0,0,0
9581,0.00,0,0,0,0,0.00,0,0,0
9631,0.00,0,0,0,0,0.00,0,0,0
9681,0.00,0,0,0,0,0.00,0,0,0
9731,0.00,0,0,0,0,0.00,0,0,0
9781,0.00,0,0,0,0,0.00,0,0,0
9831,0.00,0,0,0,0,0.00,0,0,0
9881,0.00,0,0,0,0,0.00,0,0,0
9931,0.00,0,0,0,0,0.00,0,0,0
9981,0.00,0,0,0,0,0.00,0,0,0
10031,0.00,0,0,0,0,0.00,0,0,0
10081,0.00,0,0,0,0,0.00,0,0,0
10131,0.00,0,0,0,0,0.00,0,0,0
10181,0.00,0,0,0,0,0.00,0,0,0
10231,0.00,0,0,0,0,0.00,0,0,0
10281,0.00,0,0,0,0,0.00,0,0,0
10331,0.00,0,0,0,0,0.00,0,0,0
10381,0.00,0,0,0,0,0.00,0,0,0
10431,0.00,0,0,0,0,0.00,0,0,0
10481,0.00,0,0,0,0,0.00,0,0,0
10531,0.00,0,0,0,0,0.00,0,0,0
10582,0.00,0,0,0,0,0.00,0,0,0
10632,0.00,0,0,0,0,0.00,0,0,0
10682,inf,0,0,0,0,inf,0,0,0
10732,inf,0,0,0,0,inf,0,0,0
10782,inf,0,0,0,0,inf,0,0,0
10832,498.59,9,40,0,0,inf,40,0,0
10882,1042.10,0,33,0,-37,-543.51,73,0,37
10932,977.96,26,34,0,4,64.14,107,0,41
10983,977.01,33,34,0,0,0.96,141,0,41
11033,977.01,0,34,0,0,0.96,141,0,41
11083,967.68,0,34,0,0,9.33,175,0,41
11133,1308.22,0,29,0,-29,-340.54,204,0,70
11183,1649.26,-2,25,0,-38,-337.38,258,0,108
11233,1652.89,0,25,0,0,-3.63,283,0,108
11283,1921.35,8,21,0,-1,-13.44,325,0,140
11333,2148.07,11,18,0,-1,-12.54,362,0,171
11383,2331.36,10,16,0,-1,-7.94,394,0,198
11433,2487.56,8,14,0,1,7.86,422,0,225
11483,2618.26,6,12,0,4,23.98,446,0,255
11533,2747.76,0,11,0,0,22.33,467,0,255
11583,2931.41,4,8,0,0,-79.69,493,0,255
11633,3057.48,0,7,0,0,-134.07,508,0,255
11683,3161.89,0,5,0,0,5.34,525,0,255
11734,3366.25,1,3,0,0,-103.96,536,0,255
11784,3459.41,0,1,0,0,-113.44,540,0,255
11834,3390.60,0,2,0,0,400.15,548,0,276
11884,3699.14,0,-1,0,0,34.06,550,1,286
11934,3847.14,-1,-3,0,0,-88.68,563,1,291
11984,3860.01,0,-3,0,0,29.02,571,1,291
12034,3941.15,0,-4,0,0,-38.96,582,1,291
12084,3874.97,0,-3,0,0,39.44,593,1,291
12134,3860.01,0,-3,0,0,-23.69,602,1,291
12184,3807.11,0,-2,0,0,12.60,616,1,297
12234,3800.35,0,-2,0,0,23.25,622,1,297
12284,3849.11,0,-3,0,0,-12.80,631,1,297
12334,3861.00,0,-3,0,0,40.17,640,1,297
12384,3862.00,0,-3,0,0,0.00,649,1,297
12434,3897.12,0,-3,0,0,-37.11,661,1,299
12484,3823.60,0,-2,0,0,23.54,669,1,299
12534,3874.97,0,-3,0,0,-40.61,678,1,299
12584,3862.00,0,-3,0,0,25.02,687,1,299
12634,3836.32,0,-3,0,0,-29.21,695,1,299
12684,3784.06,0,-2,0,0,24.98,704,2,301
12734,3772.64,0,-2,0,0,38.34,710,2,301
12784,3761.28,0,-2,0,0,22.77,717,2,301
12834,3737.85,0,-1,0,0,33.83,722,2,301
12884,3772.64,0,-2,0,0,-25.45,727,2,301
12934,3736.92,0,-1,0,0,22.48,731,2,301
12984,3735.06,0,-1,0,0,-24.03,734,2,301
13034,3663.00,0,0,-1,0,27.94,736,3,301
13084,3711.95,0,-1,0,0,-0.92,738,4,301
13134,3629.32,0,0,0,0,278.96,744,4,303
13184,3698.22,0,-1,0,0,435.15,754,4,309
13234,3636.36,0,0,0,0,25.75,765,5,317
13284,3585.09,0,0,0,0,25.75,765,5,317
13334,3652.30,0,0,-1,0,-47.40,765,6,317
13384,3625.82,0,0,0,0,23.82,765,7,317
13434,3632.84,0,0,0,0,-28.80,765,7,317
13484,3614.46,0,0,-1,0,-28.10,765,8,317
13534,3639.01,0,0,0,0,-12.32,765,9,317
13584,3614.46,0,0,-1,0,-40.47,765,10,317
13634,3643.43,0,0,-1,0,-28.10,765,12,317
13684,3613.59,0,0,-1,0,-33.50,765,13,317
13734,3598.85,0,0,0,0,22.28,765,13,317
13784,3603.17,0,0,0,0,-32.91,765,13,317
13834,3581.66,0,0,0,0,-32.31,765,13,317
13884,3556.19,0,0,1,0,21.20,765,14,317
13934,3577.39,0,0,0,0,-15.29,765,14,317
13984,3555.34,0,0,1,0,21.19,765,16,317
14034,3565.49,0,0,0,0,-10.14,765,17,317
14084,3576.54,0,0,0,0,-25.40,765,18,317
14134,3503.04,0,1,0,0,278.16,770,18,332
14184,3577.39,0,0,0,0,37.94,771,18,332
14234,3562.95,0,0,0,0,24.71,771,19,332
14284,3577.39,0,0,0,0,-37.99,771,21,332
14334,3554.50,0,0,1,0,18.63,771,23,332
14384,3510.41,0,1,0,0,22.32,772,24,332
14434,3521.13,0,1,0,0,25.81,774,25,332
14484,3576.54,0,0,0,0,-34.63,774,27,332
14534,3575.69,0,0,0,0,24.89,774,27,332
14584,3545.26,0,0,1,0,22.77,774,28,332
14635,3555.34,0,0,1,0,21.19,774,30,332
14685,3611.85,0,0,0,0,29.97,774,30,332
14735,3603.17,0,0,0,0,-46.20,774,30,332
14785,3671.97,0,0,0,0,-56.64,774,31,332
14835,3663.90,0,0,-1,0,20.70,775,32,332
14885,3700.05,0,-1,0,0,-24.48,777,32,332
14935,3663.90,0,0,-1,0,31.59,778,34,332
14985,3696.40,0,-1,0,0,-32.50,780,35,332
15035,3663.00,0,0,-1,0,24.31,782,36,332
15085,3653.19,0,0,-1,0,-36.99,782,37,332
15135,3641.66,0,0,-1,0,28.51,782,38,332
15185,3625.82,0,0,0,0,22.04,782,39,332
15235,3627.57,0,0,0,0,71.57,783,39,332
15285,3649.63,0,0,-1,0,-22.07,783,40,332
15335,3617.07,0,-1,0,0,-83.94,784,40,332
15385,3638.13,0,0,0,0,117.51,787,40,342
15435,3503.04,0,1,0,0,304.07,792,40,357
15485,3628.45,0,0,0,0,116.87,794,40,366
15535,3568.03,0,0,0,0,200.81,798,40,379
15585,3556.19,0,0,1,0,8.45,798,41,379
15635,3531.07,0,0,1,0,25.96,799,43,379
15685,3565.49,0,0,0,0,-21.06,799,44,379
15735,3545.26,0,0,1,0,19.38,799,46,379
15785,3574.83,0,0,0,0,-18.65,799,47,379
15835,3575.69,0,0,0,0,24.89,799,47,379
15885,3557.03,0,0,1,0,10.15,799,48,379
15935,3543.59,0,0,1,0,32.95,799,50,379
15985,3534.40,0,0,1,0,28.54,799,51,379
16035,3545.26,0,0,1,0,22.77,800,52,379
16086,3587.66,0,0,1,0,19.50,800,53,379
16136,3585.09,0,0,0,0,17.93,800,53,379
16186,3633.72,0,0,0,0,-27.95,800,53,379
16236,3637.25,0,0,0,0,13.28,800,54,379
16286,3651.41,0,0,-1,0,-13.28,800,56,379
16336,3626.69,0,0,0,0,14.97,800,57,379
16386,3604.90,0,0,0,0,23.83,800,58,379
16436,3586.80,0,0,0,0,23.83,800,58,379
16486,3642.54,0,0,-1,0,-36.78,800,59,379
16536,3604.04,0,0,0,0,-3.50,800,59,379
16586,3662.11,0,0,-1,0,-46.78,800,61,379
16636,3641.66,0,0,-1,0,31.21,800,63,379
16686,3586.80,0,0,-1,0,31.21,800,63,379
16736,3563.79,0,0,0,0,23.01,800,64,379
16786,3554.50,0,0,1,0,10.14,800,65,379
16836,3545.26,0,0,1,0,29.57,800,67,379
16886,3600.58,0,0,0,0,24.00,800,67,379
16936,3581.66,0,0,0,0,25.74,800,67,379
16986,3619.69,0,0,0,0,25.74,800,67,379
17036,3543.59,0,0,1,0,21.05,800,68,379
17086,3602.31,0,0,0,0,17.10,800,68,379
17136,3604.90,0,0,0,0,17.10,800,68,379
17186,3632.84,0,0,0,0,-29.67,800,68,379
17236,3603.17,0,0,0,0,-21.00,800,68,379
17286,3581.66,0,0,0,0,-26.15,800,68,379
17336,3585.09,0,0,0,0,15.33,800,68,379
17386,3647.86,0,0,-1,0,-54.18,800,69,379
17436,3604.04,0,0,-1,0,-24.61,800,70,379
17486,3604.04,0,0,0,0,-20.03,800,70,379
17536,3586.80,0,0,0,0,-20.03,800,70,379
17586,3652.30,0,0,-1,0,-49.13,800,71,379
17636,3592.81,0,0,0,0,-15.69,800,71,379
17686,3643.43,0,0,-1,0,-38.53,800,72,379
17736,3603.17,0,0,-1,0,-25.48,800,73,379
17786,3601.44,0,0,0,0,22.26,800,73,379
17836,3586.80,0,0,0,0,22.26,800,73,379
17886,3587.66,0,0,0,0,22.26,800,73,379
17936,3577.39,0,0,0,0,24.05,800,73,379
17986,3597.98,0,0,1,0,10.99,800,74,379
18036,3591.95,0,0,0,0,-53.49,800,74,379
18086,3628.45,0,0,0,0,-33.05,800,74,379
18136,3614.46,0,0,-1,0,-50.86,800,75,379
18186,3639.01,0,0,0,0,-13.19,800,76,379
18236,3638.13,0,0,0,0,14.17,800,77,379
18286,3639.89,0,0,0,0,-1.77,800,78,379
18336,3640.78,0,0,-1,0,33.89,801,79,379
18386,3653.19,0,0,-1,0,-37.86,801,81,379
18436,3625.82,0,0,0,0,17.61,801,82,379
18486,3586.80,0,0,0,0,-11.43,801,82,379
18536,3577.39,0,0,0,0,32.72,801,82,379
18586,3582.52,0,0,0,0,-45.80,801,82,379
18636,3585.94,0,0,0,0,16.18,801,82,379
18686,3633.72,0,0,0,0,-27.95,801,82,379
18736,3626.69,0,0,0,0,15.85,801,83,379
18786,3652.30,0,0,-1,0,-36.10,801,84,379
18836,3626.69,0,0,0,0,23.83,801,85,379
18886,3642.54,0,0,-1,0,-27.22,801,87,379
18936,3604.04,0,0,-1,0,-22.84,801,88,379
18987,3600.58,0,0,0,0,23.86,801,88,379
19037,3577.39,0,0,0,0,33.59,801,88,379
19087,3629.32,0,0,0,0,-33.06,801,88,379
19137,3546.94,0,0,1,0,34.72,801,89,379
19187,3577.39,0,0,0,0,-12.75,801,89,379
19237,3545.26,0,0,1,0,19.38,801,91,379
19287,3575.69,0,0,0,0,-41.28,801,92,379
19337,3555.34,0,0,1,0,31.46,801,94,379
19387,3554.50,0,0,1,0,-9.24,801,96,379
19437,3544.42,0,0,1,0,25.31,801,97,379
19487,3521.95,0,1,0,0,23.31,802,98,379
19538,3532.74,0,0,1,0,11.69,803,100,379
19588,3545.26,0,0,1,0,29.57,803,101,379
19638,3593.67,0,-4,0,-4,-718.73,811,101,384
19688,3501.40,0,1,0,0,349.69,818,101,406
19738,3593.67,0,0,0,-6,-193.40,819,101,412
19788,3581.66,0,0,-1,0,-123.01,819,103,412
19838,3604.04,0,0,-1,0,-88.68,819,104,412
19888,3544.42,0,0,1,0,42.38,819,106,412
19938,3587.66,0,0,1,0,20.23,819,107,412
19988,3582.52,0,0,1,0,31.47,819,108,412
20038,3600.58,0,0,1,0,31.47,819,108,412
20088,3593.67,0,0,0,0,-43.24,819,108,412
20139,3614.46,0,0,0,0,-44.45,819,108,412
20189,3604.90,0,0,0,0,-50.47,819,108,412
20239,3626.69,0,0,0,0,-2.63,819,109,412
20289,3626.69,0,0,0,0,10.55,819,109,412
20339,3672.87,0,0,0,0,-28.55,819,111,412
20389,3628.45,0,0,0,0,57.06,820,111,412
20439,3625.82,0,0,0,0,131.70,823,111,422
20489,3596.26,0,0,0,0,131.70,823,111,422
20539,3650.52,0,0,-1,0,-19.44,823,112,422
20589,3613.59,0,-1,0,-8,-219.86,824,113,430
20639,3500.58,0,1,0,0,349.52,830,113,447
20690,3646.97,0,0,-1,0,-6.20,836,115,450
20740,3638.13,0,0,0,0,23.98,836,116,450
20790,3641.66,0,0,-1,0,-36.76,836,117,450
20840,3614.46,0,0,-1,0,-31.03,836,118,450
20890,3610.98,0,0,-1,0,-31.03,836,118,450
20940,3564.64,0,0,0,0,26.46,836,118,450
20990,3619.69,0,0,0,0,26.46,836,118,450
21040,3586.80,0,0,0,0,26.46,836,118,450
21090,3639.01,0,0,0,0,-47.06,836,118,450
21140,3603.17,0,0,0,0,-28.82,836,118,450
21190,3609.24,0,0,0,0,-28.82,836,118,450
21240,3585.94,0,0,0,0,-28.82,836,118,450
21291,3546.10,0,0,1,0,29.59,836,119,450
21341,3542.75,0,0,1,0,-10.01,836,121,450
21391,3529.41,0,0,0,0,414.84,844,121,455
21441,3501.40,0,1,0,0,302.81,850,121,472
21491,3579.95,0,0,0,0,177.56,853,121,481
21541,3624.06,0,0,0,0,122.19,855,121,491
21591,3501.40,0,1,0,0,316.36,860,121,507
21641,3597.12,0,0,1,0,120.22,860,122,511
21691,3576.54,0,0,0,0,37.05,860,122,511
21741,3591.95,0,0,0,0,37.05,860,122,511
21791,3586.80,0,0,0,0,16.27,860,122,511
21841,3545.26,0,0,1,0,25.32,860,123,511
21891,3532.74,0,0,1,0,23.45,861,125,511
21941,3564.64,0,0,0,0,-17.70,861,126,511
21991,3556.19,0,0,1,0,18.65,861,128,511
22041,3611.85,0,0,0,0,20.45,861,128,511
22091,3593.67,0,0,0,0,-30.33,861,128,511
22141,3642.54,0,0,-1,0,-26.34,861,129,511
22191,3586.80,0,0,-1,0,-26.34,861,129,511
22241,3653.19,0,0,-1,0,-48.29,861,130,511
22291,3638.13,0,0,0,0,23.98,861,131,511
22341,3698.22,0,-1,0,0,-100.24,862,132,511
22391,3653.19,0,0,-1,0,20.58,862,134,511
22441,3661.22,0,0,-1,0,-12.47,862,137,511
22491,3648.75,0,0,-1,0,19.63,862,140,511
22541,3660.32,0,0,-1,0,-10.69,862,143,511
22591,3653.19,0,0,-1,0,16.98,862,145,511
22641,3604.90,0,0,0,0,23.00,862,146,511
22691,3591.09,0,0,0,0,23.00,862,146,511
22742,3634.60,0,0,0,0,-38.34,862,146,511
22792,3549.46,0,0,1,0,72.86,862,148,511
22842,3557.03,0,0,1,0,-42.50,864,149,511
22892,3515.35,0,1,0,0,14.06,865,150,511
22942,3546.94,0,0,1,0,-43.90,866,151,511
22992,3543.59,0,0,1,0,11.76,867,153,511
23042,3574.83,0,0,0,0,-31.25,867,155,511
23092,3499.77,0,1,0,0,42.15,868,157,511
23142,3548.62,0,0,1,0,-50.48,869,159,511
23192,3533.57,0,0,1,0,34.46,870,160,511
23242,3576.54,0,0,0,0,-32.11,870,161,511
23292,3562.10,0,0,0,0,37.61,870,162,511
23342,3576.54,0,0,0,0,1.71,870,162,511
23392,3563.79,0,0,0,0,34.19,870,163,511
23442,3611.85,0,0,0,0,17.10,870,163,511
23492,3616.20,0,0,0,0,-48.52,870,163,511
23542,3700.96,0,-1,0,0,-138.02,871,164,511
23592,3626.69,0,0,0,0,34.52,871,165,511
23642,3623.19,0,0,0,0,-7.86,871,166,511
23692,3580.81,0,0,0,0,-7.86,871,166,511
23742,3600.58,0,0,0,0,-41.51,871,166,511
23792,3585.09,0,0,0,0,24.04,871,166,511
23842,3611.85,0,0,0,0,24.84,871,166,511
23892,3573.13,0,0,0,0,26.58,871,166,511
23942,3644.31,0,0,-1,0,-51.50,871,167,511
23992,3625.82,0,0,0,0,27.37,871,168,511
24042,3624.06,0,0,0,0,-46.67,871,168,511
24092,3615.33,0,0,-1,0,-41.97,871,169,511
24142,3614.46,0,0,0,0,-5.24,871,169,511
24192,3614.46,0,0,0,0,-41.03,871,169,511
24242,3649.63,0,0,-1,0,-11.51,871,171,511
24292,3641.66,0,0,-1,0,30.31,871,172,511
24342,3650.52,0,0,-1,0,-12.40,871,174,511
24392,3641.66,0,0,-1,0,30.31,871,175,511
24442,3648.75,0,0,-1,0,0.89,871,178,511
24492,3604.90,0,0,0,0,26.43,871,178,511
24542,3638.13,0,0,0,0,-46.17,871,178,511
24592,3596.26,0,0,0,0,-46.17,871,178,511
24642,3631.96,0,0,0,0,-27.92,871,178,511
24692,3604.90,0,0,0,0,-11.35,871,178,511
24742,3593.67,0,0,0,0,-19.16,871,178,511
24792,3521.13,0,1,0,0,24.13,872,179,511
24842,3564.64,0,0,0,0,-19.38,872,180,511
24892,3534.40,0,0,1,0,30.24,872,182,511
24942,3597.98,0,0,1,0,19.50,872,183,511
24992,3556.19,0,0,1,0,33.19,872,184,511
25042,3600.58,0,0,0,0,23.86,872,184,511
25092,3565.49,0,0,0,0,12.76,872,184,511
25142,3602.31,0,0,0,0,11.06,872,184,511
25192,3583.37,0,0,0,0,30.03,872,184,511
25242,3611.85,0,0,0,0,24.83,872,184,511
25292,3593.67,0,0,0,0,-44.11,872,184,511
25342,3619.69,0,0,0,0,-44.11,872,184,511
25392,3629.32,0,0,0,0,-33.06,872,184,511
25442,3605.77,0,-5,0,-5,-801.35,881,184,517
25492,3614.46,0,0,0,0,513.81,892,184,524
25542,3591.09,0,0,0,0,21.30,892,184,524
25592,3612.72,0,0,0,0,21.37,892,184,524
25643,3583.37,0,-6,0,-5,-890.24,903,184,530
25693,3605.77,0,-6,0,-6,-869.75,914,184,537
25743,3594.54,0,-6,0,-6,-846.16,924,184,544
25793,3605.77,0,-6,0,-5,-834.78,934,184,550
25843,3594.54,0,-6,0,-5,-839.23,944,184,556
25893,3614.46,0,0,0,0,467.68,954,184,561
25943,3573.13,0,0,0,0,23.13,954,184,561
25993,3501.40,0,1,0,0,329.04,959,184,578
26043,3606.64,0,-4,0,-2,-430.85,964,184,580
26093,3573.13,0,0,0,0,336.17,971,184,594
26143,3502.22,0,1,0,0,265.68,977,184,609
26193,3544.42,0,0,1,0,33.82,977,186,609
26243,3534.40,0,0,1,0,42.14,978,187,609
26293,3587.66,0,0,1,0,31.28,978,188,609
26343,3564.64,0,0,0,0,21.30,978,189,609
26393,3574.83,0,0,0,0,-18.65,978,190,609
26443,3512.06,0,1,0,0,9.07,980,191,609
26493,3575.69,0,0,0,0,-44.61,980,193,609
26543,3503.04,0,1,0,0,17.26,982,194,609
26593,3576.54,0,0,0,0,-45.46,982,196,609
26643,3565.49,0,0,0,0,0.00,982,197,609
26693,3598.85,0,0,0,0,30.76,982,197,609
26743,3586.80,0,0,0,0,31.67,982,197,609
26793,3639.01,0,0,0,0,-45.34,982,197,609
26843,3572.28,0,0,0,0,14.52,982,197,609
26893,3620.56,0,0,0,0,-38.90,982,197,609
26943,3603.17,0,0,0,0,-30.54,982,197,609
26993,3652.30,0,0,-1,0,-49.13,982,199,609
27043,3626.69,0,0,0,0,26.50,982,200,609
27094,3639.01,0,0,0,0,-11.44,982,200,609
27144,3626.69,0,0,0,0,35.42,982,201,609
27194,3662.11,0,0,-1,0,-23.98,982,203,609
27244,3663.90,0,0,-1,0,20.70,983,205,609
27294,3638.13,0,0,0,0,14.17,984,206,609
27344,3616.20,0,0,0,0,-21.00,984,206,609
27394,3615.33,0,0,0,0,30.06,984,207,609
27444,3580.81,0,0,0,0,-29.47,984,207,609
27494,3578.24,0,0,0,0,-15.30,984,207,609
27544,3568.03,0,0,0,0,32.55,984,207,609
27594,3552.82,0,0,1,0,-16.75,984,209,609
27644,3533.57,0,0,1,0,31.92,984,211,609
27694,3576.54,0,0,0,0,-22.04,984,212,609
27744,3545.26,0,0,1,0,42.40,984,214,609
27794,3557.03,0,0,1,0,-36.73,985,216,609
27844,3502.22,0,1,0,0,18.08,987,217,609
27894,3564.64,0,0,0,0,-33.57,987,219,609
27944,3563.79,0,0,0,0,23.87,987,220,609
27994,3556.19,0,0,1,0,10.15,987,221,609
28044,3565.49,0,0,0,0,-35.24,987,222,609
28094,3560.41,0,0,0,0,424.71,996,222,615
28144,3500.58,0,1,0,0,361.41,1003,222,648
28194,3579.95,0,0,0,0,225.22,1006,222,662
28244,3604.04,0,-2,0,-14,-356.24,1010,222,676
28294,3501.40,0,1,0,0,346.73,1016,222,694
28344,3663.00,0,0,-1,0,33.40,1018,223,701
28394,3569.73,0,0,0,0,247.07,1021,223,716
28444,3624.94,0,0,0,0,38.06,1028,224,720
28494,3619.69,0,0,0,0,38.06,1028,224,720
28544,3629.32,0,0,0,0,-40.81,1028,224,720
28594,3501.40,0,1,0,0,395.72,1035,224,756
28644,3591.09,0,-2,0,-14,-366.45,1039,224,770
28694,3536.07,0,0,1,0,162.16,1042,225,781
28744,3608.37,0,0,1,0,23.66,1042,226,781
28794,3647.86,0,0,-1,-6,-198.00,1043,227,787
28844,3577.39,0,0,0,0,-13.60,1043,227,787
28894,3564.64,0,0,0,0,22.16,1043,228,787
28944,3566.33,0,0,0,0,-44.38,1044,229,787
28994,3491.62,0,1,0,0,13.87,1046,229,787
29044,3481.89,0,1,0,0,29.34,1048,230,787
29094,3469.81,0,1,0,0,31.59,1051,230,787
29144,3546.10,0,0,1,0,-43.88,1053,231,787
29194,3541.91,0,0,1,0,7.54,1053,233,787
29244,3577.39,0,0,0,0,-32.97,1053,234,787
29294,3556.19,0,0,1,0,20.35,1053,236,787
29344,3587.66,0,0,1,0,20.23,1053,237,787
29394,3580.81,0,0,0,0,23.87,1053,237,787
29444,3638.13,0,0,0,0,-44.45,1053,237,787
29494,3604.90,0,0,0,0,-22.74,1053,237,787
29544,3661.22,0,0,-1,0,-35.40,1053,239,787
29594,3653.19,0,0,-1,0,20.58,1053,241,787
29644,3696.40,0,-1,0,0,-44.99,1055,242,787
29694,3675.57,0,0,0,0,31.80,1056,243,787
29744,3683.69,0,-1,0,0,-29.61,1057,244,787
29794,3630.20,0,0,0,0,42.67,1057,245,787
29844,3614.46,0,0,0,0,34.52,1057,246,787
29894,3604.04,0,0,0,0,-26.22,1057,246,787
29944,3629.32,0,0,0,0,-36.51,1057,246,787
29995,3604.90,0,0,-1,0,-29.81,1057,247,787
30045,3620.56,0,0,0,0,-24.30,1057,247,787
30095,3616.20,0,0,0,0,-21.00,1057,247,787
30145,3650.52,0,0,-1,0,-23.83,1057,249,787
30195,3582.52,0,0,-1,0,-23.83,1057,249,787
30245,3639.01,0,0,0,0,-44.47,1057,249,787
30295,3625.82,0,0,0,0,27.37,1057,250,787
30345,3662.11,0,0,-1,0,-23.98,1057,252,787
30395,3585.09,0,0,0,0,31.91,1057,252,787
30445,3619.69,0,0,0,0,31.91,1057,252,787
30495,3544.42,0,0,1,0,29.56,1057,253,787
30545,3576.54,0,0,0,0,-32.95,1057,254,787
30595,3563.79,0,0,0,0,23.87,1057,255,787
30645,3617.94,0,0,0,0,23.87,1057,255,787
30695,3554.50,0,0,1,0,10.14,1057,256,787
30745,3589.38,0,0,0,0,23.87,1057,256,787
30795,3584.23,0,0,0,0,16.25,1057,256,787
30845,3624.06,0,0,0,0,-18.29,1057,256,787
30895,3615.33,0,0,-1,0,-39.60,1057,257,787
30945,3637.25,0,0,0,0,-43.57,1057,257,787
30995,3615.33,0,0,-1,0,-42.21,1057,258,787
31045,3610.98,0,0,-1,0,-42.21,1057,258,787
31095,3596.26,0,0,-1,0,-42.21,1057,258,787
31145,3574.83,0,0,0,0,-28.73,1057,259,787
31195,3536.07,0,0,1,0,28.57,1057,261,787
31245,3575.69,0,0,0,0,-20.34,1057,262,787
31295,3568.03,0,0,0,0,32.55,1057,262,787
31345,3611.85,0,0,0,0,24.89,1057,262,787
31395,3578.24,0,0,0,0,32.73,1057,262,787
31446,3629.32,0,0,0,0,-43.38,1057,262,787
31496,3555.34,0,0,1,0,29.74,1057,263,787
31546,3610.98,0,0,1,0,29.74,1057,263,787
31596,3575.69,0,0,0,0,25.76,1057,263,787
31646,3638.13,0,0,0,0,-41.87,1057,263,787
31696,3555.34,0,0,1,0,36.61,1057,264,787
31746,3587.66,0,0,1,0,9.29,1057,265,787
31796,3582.52,0,0,0,0,11.12,1057,265,787
31846,3578.24,0,0,0,0,-13.61,1057,265,787
31896,3611.85,0,0,0,0,5.11,1057,265,787
31946,3652.30,0,0,-1,0,-48.26,1069,266,794
31996,3594.54,0,0,-1,0,-48.26,1069,266,794
32046,3603.17,0,0,0,0,-38.30,1069,266,794
32096,3602.31,0,0,0,0,459.62,1079,266,799
32146,3563.79,0,0,0,0,29.88,1079,266,799
32196,3617.07,0,-5,0,-5,-819.80,1088,266,805
32246,3538.57,0,0,1,0,457.17,1097,267,810
32296,3503.04,0,1,0,0,283.89,1103,267,836
32346,3501.40,0,1,0,0,75.14,1104,268,836
32396,3556.19,0,0,1,0,-45.77,1105,270,836
32446,3532.74,0,0,1,0,31.06,1105,272,836
32496,3598.85,0,0,1,0,20.35,1105,273,836
32546,3556.19,0,0,1,0,18.65,1105,275,836
32596,3597.12,0,0,1,0,18.65,1105,276,836
32646,3555.34,0,0,1,0,10.99,1105,277,836
32696,3543.59,0,0,1,0,20.21,1105,278,836
32746,3543.59,0,0,1,0,11.76,1106,280,836
32796,3586.80,0,0,1,0,29.57,1106,281,836
32846,3582.52,0,0,1,0,33.14,1106,282,836
32896,3573.98,0,0,0,0,11.10,1106,282,836
32946,3572.28,0,0,0,0,26.57,1106,283,836
32996,3618.82,0,0,0,0,26.57,1106,283,836
33046,3585.94,0,0,0,0,26.57,1106,283,836
33096,3642.54,0,0,-1,0,-37.64,1106,284,836
33146,3573.98,0,0,0,0,21.42,1106,284,836
33196,3624.06,0,0,0,0,-46.67,1106,284,836
33246,3615.33,0,0,-1,0,-50.00,1106,285,836
33296,3661.22,0,0,-1,0,-34.52,1106,287,836
33346,3615.33,0,0,-1,0,-22.95,1106,288,836
33396,3619.69,0,0,-1,0,-22.95,1106,288,836
33446,3586.80,0,0,-1,0,-22.95,1106,288,836
33496,3641.66,0,0,-1,0,-36.76,1106,289,836
33546,3625.82,0,0,0,0,27.37,1106,290,836
33596,3604.90,0,0,0,0,34.51,1106,291,836
33646,3571.43,0,0,0,0,55.26,1106,292,836
33696,3556.19,0,0,1,0,19.50,1106,293,836
33746,3543.59,0,0,1,0,21.90,1106,295,836
33796,3556.19,0,0,1,0,7.60,1106,296,836
33846,3543.59,0,0,1,0,10.07,1106,299,836
33896,3555.34,0,0,1,0,-33.39,1107,301,836
33946,3564.64,0,0,0,0,23.02,1107,302,836
33996,3587.66,0,0,0,0,26.58,1107,302,836
34046,3585.09,0,0,0,0,26.41,1107,302,836
34096,3593.67,0,0,0,0,-35.48,1107,302,836
34146,3604.04,0,-5,0,-5,-795.03,1116,302,842
34196,3582.52,0,-5,0,-5,-776.20,1125,302,847
34246,3651.41,0,0,-1,0,388.45,1134,303,852
34296,3659.43,0,0,-1,0,-32.74,1146,304,860
34347,3638.13,0,0,0,0,12.40,1146,305,860
34397,3661.22,0,0,-1,0,-23.09,1146,307,860
34447,3591.95,0,0,0,0,-37.52,1146,307,860
34497,3587.66,0,0,0,0,25.72,1146,307,860
34547,3586.80,0,0,0,0,12.83,1146,307,860
34597,3589.38,0,0,0,0,20.44,1146,307,860
34647,3589.38,0,0,0,0,25.58,1146,307,860
34697,3582.52,0,-6,0,-6,-937.02,1157,307,867
34747,3539.41,0,0,1,0,425.70,1166,308,873
34797,3522.78,0,1,0,0,217.87,1171,308,888
34847,3567.18,0,0,0,0,-25.27,1171,310,888
34897,3546.10,0,0,1,0,23.63,1171,312,888
34947,3587.66,0,0,1,0,26.95,1171,313,888
34997,3596.26,0,0,0,0,12.83,1171,313,888
35047,3619.69,0,0,0,0,12.83,1171,313,888
35097,3605.77,0,0,0,0,12.83,1171,313,888
35147,3633.72,0,0,0,0,-18.39,1171,314,888
35197,3604.04,0,0,-1,0,-32.44,1171,315,888
35247,3638.13,0,0,0,0,-12.31,1171,316,888
35297,3641.66,0,0,-1,0,31.21,1171,317,888
35347,3685.50,0,-1,0,0,-50.02,1172,318,888
35397,3663.90,0,0,-1,0,32.50,1173,320,888
35447,3606.64,0,-1,0,0,-114.57,1174,320,888
35497,3603.17,0,-1,0,-9,-241.93,1176,320,897
35547,3624.06,0,0,0,0,140.05,1179,320,908
35597,3604.90,0,0,0,0,-32.28,1179,320,908
35647,3614.46,0,0,-1,0,-28.17,1179,321,908
35697,3604.04,0,-1,0,-4,-166.56,1180,322,912
35747,3601.44,0,-1,0,-10,-264.31,1182,322,922
35798,3568.88,0,0,0,0,166.18,1184,322,933
35848,3571.43,0,0,0,0,64.94,1185,322,933
35898,3531.90,0,0,1,0,8.34,1185,324,933
35948,3568.03,0,0,0,0,-41.94,1185,325,933
35998,3531.07,0,0,1,0,21.75,1185,328,933
36048,3589.38,0,0,1,0,21.19,1185,329,933
36098,3532.74,0,0,1,0,32.75,1185,331,933
36148,3576.54,0,0,0,0,-32.95,1185,332,933
36198,3553.66,0,0,1,0,45.19,1185,334,933
36248,3568.88,0,0,0,0,-48.58,1186,335,933
36298,3562.95,0,0,0,0,24.71,1186,336,933
36348,3627.57,0,0,0,0,-31.31,1186,336,933
36398,3591.95,0,0,-1,0,-41.97,1186,337,933
36448,3610.98,0,0,0,0,20.55,1186,337,933
36498,3595.40,0,0,0,0,20.55,1186,337,933
36548,3610.98,0,0,0,0,20.55,1186,337,933
36598,3616.20,0,0,0,0,-31.34,1186,337,933
36648,3642.54,0,0,-1,0,-28.09,1186,338,933
36698,3615.33,0,0,-1,0,-22.85,1186,339,933
36748,3662.11,0,0,-1,0,-46.78,1186,341,933
36798,3604.04,0,0,0,0,3.51,1186,341,933
36848,3611.85,0,0,-1,0,-42.94,1186,342,933
36898,3605.77,0,0,0,0,-43.24,1186,342,933
36948,3623.19,0,0,0,0,-20.02,1186,342,933
36998,3596.26,0,0,0,0,-20.02,1186,342,933
37048,3591.95,0,0,0,0,-40.99,1186,342,933
37098,3545.26,0,0,1,0,32.13,1186,343,933
37148,3597.12,0,0,1,0,17.79,1186,344,933
37198,3594.54,0,0,0,0,23.14,1186,344,933
37248,3640.78,0,0,-1,0,-35.87,1186,345,933
37298,3614.46,0,0,-1,0,-26.36,1186,346,933
37348,3603.17,0,0,0,0,39.89,1186,347,933
37398,3592.81,0,0,0,0,-44.09,1186,347,933
37448,3608.37,0,0,0,0,-44.09,1186,347,933
37498,3604.90,0,0,0,0,-43.38,1186,347,933
37548,3652.30,0,0,-1,0,-36.97,1186,349,933
37598,3573.13,0,0,0,0,21.41,1186,349,933
37648,3607.50,0,0,0,0,21.41,1186,349,933
37698,3583.37,0,0,0,0,27.55,1186,349,933
37748,3553.66,0,0,1,0,33.14,1186,350,933
37798,3544.42,0,0,1,0,19.37,1186,352,933
37848,3586.80,0,0,1,0,18.65,1186,353,933
37898,3556.19,0,0,1,0,18.65,1186,355,933
37948,3611.85,0,0,0,0,24.00,1186,355,933
37998,3587.66,0,0,0,0,24.00,1186,355,933
38048,3606.64,0,0,0,0,24.00,1186,355,933
38098,3604.90,0,0,0,0,-30.48,1186,355,933
38148,3624.06,0,0,0,0,-20.03,1186,355,933
38198,3601.44,0,0,-1,0,-40.24,1186,356,933
38248,3619.69,0,0,-1,0,-40.24,1186,356,933
38298,3604.90,0,0,0,0,-30.48,1186,356,933
38348,3652.30,0,0,-1,0,-37.84,1186,357,933
38398,3615.33,0,0,-1,0,-33.50,1186,358,933
38448,3629.32,0,0,0,0,-2.63,1186,359,933
38498,3625.82,0,0,0,0,34.51,1186,361,933
38548,3671.97,0,0,0,0,-30.31,1186,362,933
38598,3625.82,0,0,0,0,23.82,1186,364,933
38648,3591.95,0,0,0,0,23.82,1186,364,933
38699,3573.13,0,0,0,0,26.58,1186,364,933
38749,3587.66,0,0,1,0,20.35,1186,365,933
38799,3566.33,0,0,0,0,11.91,1186,365,933
38849,3578.24,0,0,0,0,-15.30,1186,365,933
38899,3576.54,0,0,0,0,24.04,1186,365,933
38949,3532.74,0,0,1,0,-0.83,1186,368,933
38999,3541.91,0,0,1,0,16.81,1186,370,933
39049,3575.69,0,0,0,0,-32.10,1186,372,933
39099,3562.95,0,0,0,0,25.57,1186,372,933
39149,3597.98,0,0,1,0,11.83,1186,373,933
39199,3545.26,0,0,1,0,19.38,1186,374,933
39249,3551.14,0,0,1,0,409.78,1194,375,938
39299,3584.23,0,-5,0,-4,-753.06,1203,375,943
39349,3555.34,0,0,1,0,22.05,1203,377,943
39399,3611.85,0,0,0,0,-2.55,1203,377,943
39449,3593.67,0,0,0,0,-52.64,1203,377,943
39499,3590.23,0,0,0,0,28.23,1203,377,943
39549,3572.28,0,0,0,0,23.12,1203,378,943
39599,3535.23,0,0,1,0,27.71,1203,379,943
39649,3531.07,0,0,1,0,22.59,1203,382,943
39699,3587.66,0,0,1,0,18.66,1203,383,943
39749,3575.69,0,0,0,0,25.76,1203,383,943
39799,3600.58,0,0,0,0,25.76,1203,383,943
39849,3591.95,0,0,0,0,-33.76,1203,383,943
39899,3653.19,0,0,-1,0,-48.29,1203,384,943
39949,3637.25,0,0,0,0,24.86,1203,385,943
39999,3652.30,0,0,-1,0,-47.40,1203,386,943
40049,3627.57,0,0,0,0,9.68,1203,386,943
40099,3662.11,0,0,-1,0,-35.42,1203,388,943
40150,3636.36,0,0,0,0,25.75,1203,389,943
40200,3620.56,0,0,0,0,-24.30,1203,389,943
40250,3614.46,0,0,-1,0,-50.86,1203,390,943
40300,3642.54,0,0,-1,0,-27.22,1203,391,943
40350,3638.13,0,0,0,0,17.73,1203,392,943
40400,3596.26,0,0,0,0,9.68,1203,392,943
40450,3586.80,0,0,0,0,16.31,1203,392,943
40500,3620.56,0,0,0,0,-35.48,1203,392,943
40550,3586.80,0,0,0,0,43.17,1203,392,943
40600,3629.32,0,0,0,0,-42.52,1203,392,943
40650,3546.94,0,0,1,0,36.44,1203,393,943
40700,3610.98,0,0,0,0,33.35,1203,393,943
40750,3576.54,0,0,0,0,24.90,1203,393,943
40800,3587.66,0,0,1,0,12.69,1203,394,943
40850,3586.80,0,0,0,0,15.38,1203,394,943
40900,3664.79,0,0,-1,-1,-153.56,1204,395,944
40950,3586.80,0,0,0,0,87.40,1204,395,944
41000,3647.86,0,0,-1,0,-53.32,1204,396,944
41050,3604.04,0,0,0,0,-14.02,1204,396,944
41100,3589.38,0,0,0,0,23.98,1204,396,944
41150,3585.94,0,0,0,0,15.39,1204,396,944
41200,3633.72,0,0,0,0,-28.82,1204,396,944
41250,3564.64,0,0,0,0,29.04,1204,396,944
41300,3579.10,0,0,0,0,6.85,1204,396,944
41350,3572.28,0,0,0,0,26.57,1204,397,944
41400,3618.82,0,0,0,0,26.57,1204,397,944
41450,3545.26,0,0,1,0,18.53,1204,398,944
41500,3587.66,0,0,1,0,18.65,1204,399,944
41550,3572.28,0,0,0,0,17.10,1204,399,944
41600,3586.80,0,0,1,0,15.03,1204,401,944
41650,3562.95,0,0,0,0,24.71,1204,402,944
41700,3681.88,-3,-1,0,-7,-208.86,1206,402,951
41750,3573.98,0,0,0,0,24.00,1206,403,951
41800,3574.83,0,0,0,0,-18.65,1206,404,951
41850,3573.13,0,0,0,0,24.85,1206,405,951
41900,3639.01,0,0,0,0,-43.61,1206,405,951
41950,3604.90,0,0,0,0,-20.87,1206,405,951
42000,3629.32,0,0,0,0,-42.52,1206,405,951
42050,3556.19,0,0,1,0,11.84,1206,406,951
42100,3602.31,0,0,0,0,13.67,1206,406,951
42150,3596.26,0,0,0,0,25.77,1206,406,951
42200,3596.26,0,0,0,0,-33.06,1206,406,951
42250,3586.80,0,0,0,0,16.31,1206,406,951
42300,3633.72,0,0,0,0,-30.55,1206,406,951
42350,3596.26,0,0,0,0,-30.55,1206,406,951
42400,3618.82,0,0,0,0,-30.43,1206,406,951
42450,3616.20,0,0,0,0,-34.79,1206,406,951
42500,3612.72,0,0,0,0,-15.76,1206,406,951
42550,3586.80,0,0,0,0,-15.76,1206,406,951
42600,3620.56,0,0,0,0,-38.05,1206,406,951
42650,3596.26,0,0,0,0,-38.05,1206,406,951
42700,3601.44,0,0,0,0,-31.31,1206,406,951
42750,3577.39,0,0,0,0,34.46,1206,406,951
42800,3639.89,0,0,0,0,-57.38,1206,406,951
42850,3604.04,0,0,0,0,-21.74,1206,406,951
42900,3650.52,0,0,-1,0,-35.19,1206,408,951
42950,3577.39,0,0,0,0,28.38,1206,408,951
43000,3643.43,0,0,-1,0,-38.53,1206,409,951
43051,3616.20,0,0,0,0,-15.78,1206,409,951
43101,3633.72,0,0,0,0,-17.52,1206,409,951
43151,3615.33,0,0,-1,0,-43.08,1206,410,951
43201,3649.63,0,0,-1,0,-23.82,1206,412,951
43251,3638.13,0,0,0,0,23.98,1206,413,951
43301,3672.87,0,0,0,0,-23.23,1206,415,951
43351,3625.82,0,0,0,0,23.82,1206,417,951
43401,3619.69,0,0,0,0,0.00,1206,417,951
43451,3616.20,0,0,0,0,-34.79,1206,417,951
43501,3586.80,0,0,0,0,-17.52,1206,417,951
43551,3577.39,0,0,0,0,23.19,1206,417,951
43601,3597.98,0,0,1,0,31.46,1206,418,951
43651,3567.18,0,0,0,0,10.21,1206,418,951
43701,3579.10,0,0,0,0,-15.31,1206,418,951
43751,3572.28,0,0,0,0,17.10,1206,418,951
43801,3554.50,0,0,1,0,22.04,1206,419,951
43851,3555.34,0,0,1,0,32.31,1206,421,951
43901,3575.69,0,0,0,0,-42.12,1206,422,951
43951,3589.38,0,0,0,0,12.74,1206,422,951
44001,3573.13,0,0,0,0,355.63,1213,422,966
44051,3503.04,0,1,0,0,284.84,1219,422,992
44101,3591.09,0,-1,0,-6,-195.73,1220,423,998
44151,3647.86,0,0,-1,0,104.02,1222,424,1009
44201,3502.22,0,1,0,0,388.83,1228,424,1029
44251,3604.90,0,-5,0,-3,-568.13,1235,424,1032
44301,3577.39,0,0,0,0,172.61,1237,424,1043
44351,3602.31,0,-1,0,-10,-264.78,1239,424,1053
44401,3590.23,0,-1,0,-11,-278.97,1241,424,1064
44451,3591.09,0,-1,0,-11,-271.34,1243,424,1075
44502,3558.72,0,0,1,0,128.60,1245,425,1083
44552,3536.90,0,0,1,0,109.19,1246,427,1083
44602,3490.81,0,1,0,0,19.61,1249,427,1083
44652,3524.44,0,0,0,0,-24.67,1250,428,1083
44702,3511.24,0,1,0,0,34.02,1252,429,1083
44752,3502.22,0,1,0,0,-3.27,1254,430,1083
44802,3503.85,0,1,0,0,20.58,1256,430,1083
44852,3492.43,0,1,0,0,0.00,1258,430,1083
44902,3480.28,0,1,0,0,21.94,1261,430,1083
44952,3545.26,0,0,1,0,-39.77,1262,431,1083
45002,3471.42,0,1,0,0,31.62,1265,431,1083
45052,3469.81,0,1,0,0,-0.80,1267,431,1083
45102,3501.40,0,1,0,0,335.90,1276,431,1107
45152,3439.58,0,2,0,0,28.63,1280,431,1107
45202,3492.43,0,1,0,0,-33.02,1283,431,1107
45252,3480.28,0,1,0,0,42.50,1286,431,1107
45302,3503.04,0,1,0,0,-42.83,1289,431,1107
45352,3500.58,0,1,0,0,87.08,1292,431,1107
45402,3524.44,0,0,0,0,-64.23,1294,431,1107
45452,3521.95,0,1,0,0,22.47,1296,432,1107
45502,3576.54,0,0,0,0,-31.28,1296,433,1107
45552,3564.64,0,0,0,0,34.21,1296,434,1107
45602,3543.59,0,0,1,0,-12.51,1296,437,1107
45652,3568.03,0,0,0,0,-51.03,1297,437,1107
45702,3548.62,0,0,1,0,474.99,1307,438,1113
45752,3582.52,0,0,0,-6,-186.03,1308,438,1119
45802,3582.52,0,0,0,0,-84.94,1308,439,1119
45852,3597.12,0,0,1,0,12.64,1308,440,1119
45902,3596.26,0,0,0,0,22.29,1308,440,1119
45952,3585.09,0,0,0,0,-29.56,1308,440,1119
46002,3596.26,0,0,0,0,23.83,1308,440,1119
46052,3651.41,0,0,-1,0,-47.38,1308,441,1119
46102,3625.82,0,0,0,0,34.51,1308,442,1119
46152,3664.79,0,0,-1,0,-74.56,1308,443,1119
46202,3618.82,0,0,0,0,-54.87,1308,443,1119
46252,3616.20,0,0,0,0,-43.22,1308,443,1119
46302,3615.33,0,0,0,0,-34.04,1308,443,1119
46352,3582.52,0,0,0,0,-12.24,1308,443,1119
46402,3585.94,0,0,1,0,22.95,1308,444,1119
46452,3639.01,0,0,0,0,-42.75,1308,444,1119
46502,3580.81,0,0,0,0,-42.75,1308,444,1119
46552,3639.89,0,0,0,0,-38.45,1308,444,1119
46602,3615.33,0,0,-1,0,-31.58,1308,445,1119
46652,3662.11,0,0,-1,0,-45.04,1308,446,1119
46702,3651.41,0,0,-1,0,36.81,1309,447,1119
46752,3501.40,0,1,0,0,354.64,1314,447,1133
46802,3697.31,0,-1,0,0,-23.54,1323,447,1137
46852,3652.30,0,0,-1,0,34.11,1325,448,1137
46902,3639.01,0,0,0,0,-12.32,1325,449,1137
46952,3616.20,0,0,0,0,-28.05,1325,449,1137
47002,3554.50,0,0,1,0,0.00,1325,451,1137
47052,3554.50,0,0,1,0,11.83,1325,453,1137
47104,3554.50,0,0,1,0,0.00,1325,455,1137
47154,3545.26,0,0,1,0,23.62,1325,456,1137
47204,3556.19,0,0,1,0,29.76,1325,457,1137
47254,3593.67,0,-6,0,-6,-914.18,1336,457,1144
47304,3550.30,0,0,1,0,441.19,1346,458,1150
47354,3512.88,0,1,0,0,324.42,1353,458,1179
47404,3568.88,0,0,0,0,211.36,1356,458,1191
47454,3601.44,0,0,0,0,211.36,1356,458,1191
47504,3567.18,0,0,0,0,33.39,1356,458,1191
47554,3564.64,0,0,0,0,21.30,1356,458,1191
47604,3510.41,0,1,0,0,26.49,1357,460,1191
47654,3557.03,0,0,1,0,-35.08,1358,462,1191
47704,3544.42,0,0,1,0,25.31,1358,463,1191
47754,3599.71,0,0,1,0,32.28,1358,464,1191
47804,3593.67,0,0,0,0,-51.76,1358,464,1191
47854,3589.38,0,0,0,0,10.21,1358,464,1191
47904,3521.95,0,1,0,0,12.45,1359,465,1191
47954,3574.83,0,0,0,0,-40.43,1359,466,1191
48004,3573.13,0,0,0,0,24.85,1359,467,1191
48054,3611.85,0,0,0,0,28.28,1359,467,1191
48104,3604.90,0,0,0,0,-35.48,1359,467,1191
48154,3603.17,0,0,-1,0,-45.62,1359,468,1191
48204,3581.66,0,0,0,0,24.07,1359,468,1191
48254,3629.32,0,0,0,0,-33.93,1359,468,1191
48304,3602.31,0,0,0,0,-28.74,1359,468,1191
48354,3643.43,0,0,-1,0,-38.53,1359,469,1191
48404,3582.52,0,0,-1,0,-38.53,1359,469,1191
48454,3639.01,0,0,0,0,-43.61,1359,469,1191
48504,3604.04,0,0,0,0,-31.39,1359,469,1191
48555,3565.49,0,0,0,0,28.19,1359,469,1191
48605,3594.54,0,-1,0,0,-115.50,1360,469,1191
48655,3633.72,0,0,0,0,-27.95,1360,469,1191
48705,3604.04,0,0,0,0,-23.61,1360,469,1191
48755,3615.33,0,0,0,0,22.94,1360,470,1191
48805,3615.33,0,0,0,0,-28.82,1360,470,1191
48855,3604.90,0,0,0,0,30.95,1360,471,1191
48905,3593.67,0,0,0,0,-39.93,1360,471,1191
48955,3622.31,0,0,0,0,-18.28,1360,472,1191
49005,3592.81,0,0,0,0,-20.88,1360,472,1191
49055,3653.19,0,0,-1,0,-38.73,1360,474,1191
49105,3582.52,0,0,-1,0,-38.73,1360,474,1191
49155,3639.01,0,0,0,0,-47.06,1360,474,1191
49205,3615.33,0,0,-1,0,-40.47,1360,475,1191
49255,3610.98,0,0,0,0,24.85,1360,475,1191
49305,3592.81,0,0,0,0,-43.38,1360,475,1191
49355,3639.01,0,0,0,0,-46.20,1360,475,1191
49405,3564.64,0,0,0,0,22.16,1360,475,1191
49455,3611.85,0,0,0,0,24.00,1360,475,1191
49505,3544.42,0,0,1,0,22.76,1360,476,1191
49555,3598.85,0,0,1,0,20.34,1360,477,1191
49605,3582.52,0,0,0,0,28.27,1360,477,1191
49655,3581.66,0,0,0,0,28.27,1360,477,1191
49705,3568.03,0,0,0,0,8.51,1360,478,1191
49755,3589.38,0,0,0,0,33.39,1360,478,1191
49805,3554.50,0,0,1,0,24.60,1360,479,1191
49855,3577.39,0,0,0,0,-3.41,1360,479,1191
49905,3545.26,0,0,1,0,32.13,1360,480,1191
49955,3541.91,0,0,1,0,13.43,1360,482,1191
50006,3544.42,0,0,1,0,34.67,1361,483,1191
50056,3599.71,0,0,0,0,14.53,1361,483,1191
50106,3604.04,0,0,0,0,-39.09,1361,483,1191
50156,3595.40,0,0,0,0,-27.92,1361,483,1191
50206,3594.54,0,0,0,0,30.76,1361,483,1191
50256,3643.43,0,0,-1,0,-28.10,1361,484,1191
50306,3624.94,0,0,0,0,38.06,1361,485,1191
50356,3649.63,0,0,-1,0,-22.07,1361,486,1191
50406,3649.63,0,0,-1,0,10.69,1361,489,1191
50456,3626.69,0,0,0,0,-0.88,1361,490,1191
50506,3613.59,0,0,-1,0,-29.84,1361,491,1191
50556,3672.87,0,0,0,0,-34.74,1361,492,1191
50606,3616.20,0,0,0,0,-2.65,1361,492,1191
50656,3662.11,0,0,-1,0,-35.42,1361,494,1191
50706,3585.94,0,0,0,0,32.78,1361,494,1191
50756,3619.69,0,0,0,0,32.78,1361,494,1191
50806,3614.46,0,0,0,0,-33.06,1361,494,1191
50856,3614.46,0,0,0,0,-16.62,1361,494,1191
50906,3604.04,0,0,0,0,-25.35,1361,494,1191
50956,3599.71,0,0,0,0,29.02,1361,494,1191
51006,3543.59,0,0,1,0,34.66,1361,495,1191
51056,3576.54,0,0,0,0,-32.11,1361,496,1191
51106,3566.33,0,0,0,0,34.24,1361,496,1191
51156,3576.54,0,0,0,0,-22.04,1361,497,1191
51206,3577.39,0,0,0,0,23.19,1361,497,1191
51256,3629.32,0,0,0,0,-33.06,1361,497,1191
51306,3615.33,0,0,0,0,-32.28,1361,497,1191
51356,3604.04,0,0,-1,0,-33.42,1361,498,1191
51406,3577.39,0,0,0,0,87.40,1362,499,1192
51456,3628.45,0,0,0,0,-32.19,1362,499,1192
51506,3604.04,0,0,0,0,-29.61,1362,499,1192
51556,3598.85,0,0,1,0,16.95,1362,500,1192
51606,3571.43,0,0,0,0,50.01,1362,500,1192
51656,3587.66,0,0,1,0,21.92,1362,501,1192
51706,3600.58,0,0,0,0,23.87,1362,501,1192
51756,3571.43,0,0,0,0,498.02,1373,501,1198
51806,3606.64,0,-1,0,-12,-297.99,1376,501,1210
51856,3545.26,0,0,1,0,107.93,1377,503,1216
51906,3585.94,0,0,1,0,29.73,1377,504,1216
51956,3564.64,0,0,0,0,27.32,1377,504,1216
52006,3557.87,0,0,1,0,-33.44,1377,506,1216
52056,3531.07,0,0,1,0,27.65,1377,508,1216
52106,3576.54,0,0,0,0,-32.95,1377,509,1216
52156,3562.95,0,0,0,0,24.71,1377,510,1216
52206,3546.10,0,0,1,0,22.78,1377,511,1216
52256,3543.59,0,0,1,0,21.90,1377,513,1216
52306,3545.26,0,0,1,0,-46.31,1378,515,1216
52356,3520.30,0,1,0,0,36.73,1380,516,1216
52406,3575.69,0,0,0,0,-43.78,1380,518,1216
52456,3543.59,0,0,1,0,22.75,1380,520,1216
52506,3600.58,0,0,0,0,14.52,1380,520,1216
52556,3556.19,0,0,1,0,26.33,1380,521,1216
52606,3608.37,0,0,0,0,71.06,1380,521,1216
52656,3564.64,0,0,0,0,21.30,1380,522,1216
52706,3572.28,0,0,0,0,10.24,1380,522,1216
52756,3585.09,0,0,0,0,5.10,1380,522,1216
52806,3629.32,0,0,0,0,-35.65,1380,522,1216
52856,3603.17,0,0,-1,0,-49.01,1380,523,1216
52907,3591.95,0,0,-1,0,-49.01,1380,523,1216
52957,3586.80,0,0,0,0,17.12,1380,523,1216
53007,3634.60,0,0,0,0,-38.34,1380,523,1216
53057,3625.82,0,0,0,0,26.49,1380,524,1216
53107,3673.77,0,0,0,0,-35.64,1380,525,1216
53157,3640.78,0,0,-1,0,31.19,1380,527,1216
53207,3614.46,0,0,0,0,19.34,1380,527,1216
53257,3604.04,0,0,0,0,-42.73,1380,527,1216
53307,3629.32,0,0,0,0,-44.24,1380,527,1216
53357,3592.81,0,0,0,0,-12.22,1380,527,1216
53407,3640.78,0,0,-1,0,-25.45,1380,529,1216
53457,3626.69,0,0,0,0,14.97,1380,530,1216
53507,3672.87,0,0,0,0,-34.74,1380,531,1216
53557,3614.46,0,0,0,0,10.61,1380,532,1216
53607,3662.11,0,0,-1,0,-24.86,1380,534,1216
53657,3615.33,0,0,-1,0,-7.97,1380,536,1216
53707,3619.69,0,0,-1,0,-7.97,1380,536,1216
53757,3604.04,0,0,0,0,-29.61,1380,536,1216
53807,3631.08,0,0,0,0,-16.62,1380,536,1216
53857,3604.04,0,0,0,0,-16.62,1380,536,1216
53907,3585.09,0,0,0,0,-26.17,1380,536,1216
53957,3567.18,0,0,0,0,33.39,1380,536,1216
54007,3600.58,0,0,0,0,25.57,1380,536,1216
54057,3564.64,0,0,0,0,24.74,1380,536,1216
54107,3574.83,0,0,0,0,-17.80,1380,537,1216
54157,3555.34,0,0,1,0,30.60,1380,539,1216
54207,3556.19,0,0,1,0,8.45,1380,540,1216
54257,3546.10,0,0,1,0,28.73,1380,542,1216
54307,3531.07,0,0,1,0,3.33,1380,544,1216
54358,3542.75,0,0,1,0,14.28,1381,546,1216
54408,3600.58,0,0,0,0,9.35,1381,546,1216
54458,3593.67,0,0,0,0,-45.80,1381,546,1216
54508,3610.11,0,0,1,0,22.06,1381,547,1216
54558,3611.85,0,0,0,0,32.72,1381,547,1216
54608,3634.60,0,0,0,0,-40.93,1393,547,1223
54658,3638.13,0,0,0,0,-38.42,1393,547,1223
54708,3593.67,0,-5,0,-5,-702.19,1401,547,1229
54758,3626.69,0,0,0,0,396.91,1410,547,1234
54808,3659.43,0,0,-1,0,-32.74,1421,548,1242
54858,3641.66,0,0,-1,0,30.31,1421,550,1242
54908,3625.82,0,0,0,0,24.71,1422,551,1242
54958,3603.17,0,0,0,0,-31.42,1422,551,1242
55008,3573.98,0,0,0,0,41.35,1422,552,1242
55058,3586.80,0,0,0,0,41.35,1422,552,1242
55108,3624.06,0,0,0,0,-19.16,1422,552,1242
55158,3596.26,0,0,0,0,-19.16,1422,552,1242
55208,3611.85,0,0,0,0,28.36,1422,552,1242
55258,3596.26,0,0,0,0,28.36,1422,552,1242
55308,3564.64,0,0,0,0,29.90,1422,552,1242
55358,3573.13,0,0,0,0,25.72,1422,553,1242
55408,3592.81,0,0,0,0,25.72,1422,553,1242
55458,3596.26,0,0,0,0,25.72,1422,553,1242
55508,3564.64,0,0,0,0,23.88,1422,553,1242
55558,3562.10,0,0,0,0,392.55,1431,553,1248
55608,3562.95,0,0,0,0,35.90,1431,554,1248
55658,3557.03,0,0,1,0,-46.62,1432,556,1248
55708,3556.19,0,0,1,0,14.39,1432,558,1248
55758,3589.38,0,0,0,0,7.65,1432,558,1248
55808,3585.09,0,0,0,0,7.65,1432,558,1248
55858,3616.20,0,0,0,0,-35.70,1432,558,1248
55908,3593.67,0,0,0,0,-21.76,1432,558,1248
55958,3597.12,0,0,1,0,20.35,1432,559,1248
56008,3580.81,0,0,0,0,-51.76,1432,559,1248
56058,3609.24,0,0,0,0,-44.13,1432,559,1248
56108,3591.95,0,0,0,0,-50.93,1432,559,1248
56158,3653.19,0,0,-1,0,-48.29,1432,560,1248
56208,3573.98,0,0,0,0,20.55,1432,560,1248
56258,3610.98,0,0,0,0,20.55,1432,560,1248
56308,3615.33,0,0,0,0,-43.59,1432,560,1248
56358,3639.01,0,0,0,0,-12.32,1432,561,1248
56408,3572.28,0,0,0,0,23.12,1432,561,1248
56458,3629.32,0,0,0,0,-42.52,1432,561,1248
56508,3593.67,0,0,0,0,-41.67,1432,561,1248
56558,3630.20,0,0,0,0,-34.81,1432,561,1248
56608,3614.46,0,0,-1,0,-49.01,1432,562,1248
56658,3616.20,0,0,0,0,30.05,1432,563,1248
56708,3604.90,0,0,0,0,-18.30,1432,563,1248
56758,3586.80,0,0,-1,0,-46.51,1432,564,1248
56808,3577.39,0,0,0,0,35.33,1432,564,1248
56858,3601.44,0,0,0,0,35.33,1432,564,1248
56908,3586.80,0,0,0,0,35.33,1432,564,1248
56958,3624.06,0,0,0,0,-19.16,1432,564,1248
57008,3554.50,0,0,1,0,28.01,1432,565,1248
57058,3621.44,0,0,0,0,-53.41,1432,565,1248
57108,3594.54,0,0,0,0,-53.41,1432,565,1248
57158,3610.11,0,0,0,0,-53.41,1432,565,1248
57208,3596.26,0,0,0,0,-53.41,1432,565,1248
57259,3585.94,0,0,1,0,18.65,1432,566,1248
57309,3582.52,0,0,0,0,22.15,1432,566,1248
57359,3575.69,0,0,0,0,-19.50,1432,567,1248
57409,3554.50,0,0,1,0,23.74,1432,568,1248
57459,3565.49,0,0,0,0,-5.92,1432,569,1248
57509,3562.95,0,0,0,0,35.90,1432,570,1248
57559,3618.82,0,0,0,0,35.90,1432,570,1248
57609,3585.09,0,0,0,0,35.90,1432,570,1248
57659,3610.11,0,0,1,0,19.49,1432,571,1248
57709,3593.67,0,0,0,0,-47.53,1432,571,1248
57759,3643.43,0,0,-1,0,-28.97,1432,572,1248
57809,3627.57,0,0,0,0,34.54,1432,573,1248
57859,3624.94,0,0,0,0,16.72,1432,574,1248
57909,3604.90,0,0,0,0,-20.02,1432,574,1248
57959,3586.80,0,0,0,0,-26.18,1432,574,1248
58009,3562.95,0,0,0,0,27.29,1432,574,1248
58059,3628.45,0,0,0,0,-36.49,1432,574,1248
58109,3604.04,0,0,0,0,-32.26,1432,574,1248
58159,3653.19,0,0,-1,0,-36.99,1432,575,1248
58209,3626.69,0,0,0,0,23.83,1432,576,1248
58259,3633.72,0,0,0,0,-27.95,1432,576,1248
58309,3586.80,0,0,0,0,-27.95,1432,576,1248
58359,3610.98,0,0,0,0,-27.95,1432,576,1248
58409,3593.67,0,0,0,0,-37.39,1432,576,1248
58459,3632.84,0,0,0,0,-28.80,1432,576,1248
58509,3603.17,0,0,0,0,-19.25,1432,576,1248
58559,3643.43,0,0,-1,0,-38.53,1432,577,1248
58609,3604.90,0,0,0,0,-6.12,1432,577,1248
58659,3654.97,0,0,-1,0,-91.18,1432,578,1248
58710,3603.17,0,0,0,0,-17.43,1432,578,1248
58760,3611.85,0,0,0,0,17.02,1432,578,1248
58810,3591.95,0,0,0,0,-33.76,1432,578,1248
58860,3620.56,0,0,0,0,-33.76,1432,578,1248
58910,3591.95,0,0,0,0,-28.74,1432,578,1248
58960,3618.82,0,0,0,0,-28.74,1432,578,1248
59010,3615.33,0,0,-1,0,-41.10,1432,579,1248
59060,3593.67,0,0,0,0,-20.15,1432,579,1248
59110,3585.94,0,0,0,0,25.64,1432,579,1248
59160,3633.72,0,0,0,0,-30.55,1432,579,1248
59210,3613.59,0,0,-1,0,-32.45,1432,580,1248
59260,3653.19,0,0,-1,0,-36.99,1432,581,1248
59310,3628.45,0,0,0,0,44.42,1432,581,1248
59360,3610.98,0,0,0,0,2.63,1432,581,1248
59410,3576.54,0,0,0,0,34.44,1432,581,1248
59460,3589.38,0,0,0,0,23.88,1432,581,1248
59510,3532.74,0,0,1,0,11.69,1432,583,1248
59560,3598.85,0,0,1,0,39.01,1432,584,1248
59610,3573.98,0,0,0,0,13.68,1432,584,1248
59660,3586.80,0,0,1,0,33.19,1432,585,1248
59710,3575.69,0,0,0,0,36.16,1432,585,1248
59760,3597.98,0,0,1,0,22.89,1432,586,1248
59810,3577.39,0,0,0,0,31.85,1432,586,1248
59860,3601.44,0,0,0,0,12.76,1432,586,1248
59910,3586.80,0,0,0,0,25.76,1432,586,1248
59960,3592.81,0,0,0,0,25.76,1432,586,1248
60010,3584.23,0,0,0,0,13.72,1432,586,1248
60060,3572.28,0,0,0,0,13.66,1432,586,1248
60110,3498.95,0,1,0,0,32.12,1433,588,1248
60160,3520.30,0,1,0,0,14.10,1434,589,1248
60210,3500.58,0,1,0,0,304.59,1440,589,1273
60260,3569.73,0,0,0,0,123.94,1442,589,1279
60310,3571.43,0,0,0,0,62.29,1442,590,1279
60360,3554.50,0,0,1,0,19.48,1442,592,1279
60410,3545.26,0,0,1,0,27.87,1442,593,1279
60460,3532.74,0,0,1,0,22.61,1442,595,1279
60510,3574.83,0,0,0,0,-29.57,1442,596,1279
60560,3573.13,0,0,0,0,14.53,1442,596,1279
60610,3648.75,0,0,-1,0,-56.79,1442,597,1279
60660,3626.69,0,0,0,0,25.61,1442,598,1279
60710,3662.11,0,0,-1,0,-47.65,1442,599,1279
60760,3653.19,0,0,-1,0,20.58,1442,600,1279
60810,3683.69,0,-1,0,0,-23.37,1443,602,1279
60860,3663.90,0,0,-1,0,27.05,1444,604,1279
60910,3663.90,0,0,-1,0,17.99,1446,605,1279
60960,3660.32,0,0,-1,0,151.62,1448,607,1290
61010,3770.74,-1,-2,0,0,-54.19,1457,607,1325
61060,3648.75,0,0,-1,0,15.15,1458,609,1325
61110,3653.19,0,0,-1,0,20.58,1458,610,1325
61160,3684.60,0,-1,0,0,-47.35,1459,611,1325
61210,3675.57,0,0,0,0,32.71,1460,612,1325
61260,3695.49,0,-1,0,0,-34.28,1461,614,1325
61310,3689.13,0,-1,0,0,9.10,1464,614,1325
61360,3672.87,0,0,0,0,-19.68,1464,615,1325
61410,3604.90,0,0,0,0,9.68,1464,615,1325
61460,3661.22,0,0,-1,0,-33.65,1464,616,1325
61510,3604.90,0,0,0,0,31.01,1464,616,1325
61560,3653.19,0,0,-1,0,-49.15,1464,617,1325
61611,3615.33,0,0,-1,0,-26.36,1464,618,1325
61661,3633.72,0,0,0,0,-18.39,1464,618,1325
61711,3615.33,0,0,-1,0,-34.19,1464,619,1325
61761,3625.82,0,0,0,0,0.88,1464,620,1325
61811,3614.46,0,0,-1,0,-39.39,1464,621,1325
61861,3650.52,0,0,-1,0,-24.71,1464,623,1325
61911,3637.25,0,0,0,0,12.39,1464,624,1325
61961,3613.59,0,0,-1,0,42.01,1465,625,1325
62011,3604.04,0,0,0,0,-31.40,1465,625,1325
62061,3601.44,0,0,0,0,24.91,1465,625,1325
62111,3604.90,0,0,0,0,-19.16,1465,625,1325
62161,3649.63,0,0,-1,0,-24.70,1465,627,1325
62211,3616.20,0,0,0,0,2.63,1465,627,1325
62261,3615.33,0,0,0,0,-18.40,1465,627,1325
62311,3577.39,0,0,0,0,24.05,1465,627,1325
62361,3553.66,0,0,1,0,-8.40,1465,629,1325
62411,3509.59,0,1,0,0,27.31,1466,630,1325
62461,3563.79,0,0,0,0,-31.06,1466,632,1325
62511,3532.74,0,0,1,0,20.08,1466,635,1325
62561,3565.49,0,0,0,0,-32.75,1466,636,1325
62611,3562.95,0,0,0,0,24.71,1466,637,1325
62661,3565.49,0,0,0,0,-34.41,1466,639,1325
62711,3572.28,0,0,0,0,26.57,1466,640,1325
62761,3618.82,0,0,0,0,26.57,1466,640,1325
62811,3562.95,0,0,0,0,29.01,1466,640,1325
62861,3618.82,0,0,0,0,29.01,1466,640,1325
62911,3591.95,0,0,0,0,-27.95,1466,640,1325
62961,3597.12,0,0,1,0,33.17,1466,641,1325
63011,3564.64,0,0,0,0,23.88,1466,641,1325
63062,3601.44,0,0,0,0,23.88,1466,641,1325
63112,3556.19,0,0,1,0,22.06,1466,642,1325
63162,3598.85,0,0,0,0,25.72,1466,642,1325
63212,3576.54,0,0,0,0,35.31,1466,642,1325
63262,3627.57,0,0,0,0,-31.31,1466,642,1325
63312,3604.04,0,0,0,0,-32.26,1466,642,1325
63362,3577.39,0,0,0,0,27.51,1466,642,1325
63412,3576.54,0,0,0,0,-21.19,1466,643,1325
63462,3549.46,0,0,1,0,460.17,1476,644,1331
63512,3567.18,0,0,0,0,256.42,1481,644,1361
63562,3501.40,0,1,0,0,355.63,1487,644,1379
63612,3604.04,0,-2,0,-13,-336.16,1490,644,1392
63662,3502.22,0,1,0,0,333.12,1496,644,1409
63712,3601.44,0,-1,0,-6,-197.83,1497,644,1415
63762,3596.26,0,-1,0,-6,-197.83,1497,644,1415
63812,3650.52,0,0,-1,0,-27.33,1497,645,1415
63862,3624.94,0,0,0,0,113.84,1498,646,1421
63912,3514.53,0,1,0,0,326.70,1504,646,1437
63962,3652.30,0,0,-1,0,379.96,1510,647,1441
64012,3675.57,0,0,0,0,283.26,1516,647,1444
64062,3660.32,0,0,-1,0,-32.75,1527,648,1452
64112,3577.39,0,0,0,0,26.65,1527,648,1452
64162,3629.32,0,0,0,0,-44.24,1527,648,1452
64212,3613.59,0,0,0,0,-32.26,1527,648,1452
64262,3662.11,0,0,-1,0,-35.42,1527,650,1452
64312,3663.90,0,0,-1,0,-5.36,1527,653,1452
64362,3672.87,0,0,0,0,-21.46,1528,654,1452
64412,3605.77,0,0,0,0,35.62,1528,654,1452
64462,3583.37,0,0,0,0,-18.29,1528,654,1452
64512,3531.07,0,0,1,0,24.27,1528,657,1452
64562,3587.66,0,0,1,0,21.06,1528,658,1452
64612,3575.69,0,0,0,0,24.89,1528,658,1452
64662,3591.09,0,0,0,0,-46.63,1528,658,1452
64712,3611.85,0,0,0,0,29.84,1528,658,1452
64762,3571.43,0,0,0,0,496.92,1539,658,1458
64812,3604.90,0,-5,0,-4,-757.46,1548,658,1463
64862,3579.95,0,0,0,0,157.90,1550,658,1474
64912,3558.72,0,0,1,0,146.81,1552,659,1482
64962,3492.43,0,1,0,0,26.22,1554,659,1482
65012,3558.72,0,0,1,0,-32.63,1554,661,1482
65062,3554.50,0,0,1,0,22.04,1554,663,1482
65112,3521.95,0,1,0,0,44.38,1555,663,1482
65162,3544.42,0,0,1,0,15.98,1555,664,1482
65212,3597.98,0,0,1,0,21.19,1555,665,1482
65262,3581.66,0,0,0,0,25.71,1555,665,1482
65312,3610.98,0,0,0,0,25.71,1555,665,1482
65362,3586.80,0,0,0,0,25.71,1555,665,1482
65412,3629.32,0,0,0,0,-33.93,1555,665,1482
65462,3596.26,0,0,0,0,-33.93,1555,665,1482
65512,3631.96,0,0,0,0,-28.79,1555,666,1482
65562,3604.04,0,0,0,0,-20.12,1555,666,1482
65612,3610.98,0,0,0,0,-20.12,1555,666,1482
65662,3542.75,0,0,1,0,12.60,1555,668,1482
65712,3600.58,0,0,0,0,23.87,1555,668,1482
65762,3586.80,0,0,0,0,23.87,1555,668,1482
65812,3600.58,0,0,0,0,24.90,1555,668,1482
65862,3596.26,0,0,0,0,33.39,1555,668,1482
65912,3585.94,0,0,0,0,-29.56,1555,668,1482
65963,3577.39,0,0,0,0,23.19,1555,668,1482
66013,3633.72,0,0,0,0,-28.82,1555,668,1482
66063,3563.79,0,0,0,0,31.61,1555,668,1482
66113,3619.69,0,0,0,0,31.61,1555,668,1482
66163,3577.39,0,0,0,0,33.59,1555,668,1482
66213,3566.33,0,0,0,0,11.06,1555,668,1482
66263,3573.13,0,0,0,0,14.53,1555,669,1482
66313,3592.81,0,0,0,0,14.53,1555,669,1482
66363,3567.18,0,0,0,0,33.39,1555,669,1482
66413,3598.85,0,0,0,0,22.16,1555,669,1482
66463,3592.81,0,0,0,0,-50.91,1555,669,1482
66513,3618.82,0,0,0,0,-50.91,1555,669,1482
66563,3604.90,0,0,0,0,-47.06,1555,669,1482
66613,3596.26,0,0,-1,0,-45.62,1555,670,1482
66663,3595.40,0,0,0,0,23.13,1555,670,1482
66713,3652.30,0,0,-1,0,-48.26,1555,671,1482
66763,3637.25,0,0,0,0,23.97,1555,672,1482
66813,3624.94,0,0,0,0,-8.74,1555,672,1482
66863,3596.26,0,0,0,0,-8.74,1555,672,1482
66913,3642.54,0,0,-1,0,-26.34,1555,673,1482
66963,3563.79,0,0,0,0,22.15,1555,673,1482
67013,3576.54,0,0,0,0,-21.19,1555,674,1482
67063,3585.94,0,0,0,0,14.44,1555,674,1482
67113,3600.58,0,0,0,0,14.44,1555,674,1482
67163,3583.37,0,0,0,0,14.44,1555,674,1482
67213,3562.95,0,0,0,0,23.86,1555,674,1482
67263,3556.19,0,0,1,0,19.50,1555,676,1482
67313,3600.58,0,0,0,0,24.85,1555,676,1482
67363,3605.77,0,0,0,0,-35.65,1555,676,1482
67414,3643.43,0,0,-1,0,-29.84,1555,678,1482
67464,3626.69,0,0,0,0,35.42,1555,679,1482
67514,3633.72,0,0,0,0,-28.82,1555,679,1482
67564,3614.46,0,0,-1,0,-41.97,1555,680,1482
67614,3637.25,0,0,0,0,-40.99,1555,680,1482
67664,3625.82,0,0,0,0,16.73,1555,681,1482
67714,3639.01,0,0,0,0,-13.19,1555,681,1482
67764,3594.54,0,0,0,0,15.82,1555,681,1482
67814,3647.86,0,0,-1,0,-51.60,1555,682,1482
67864,3616.20,0,0,0,0,-27.08,1555,682,1482
67914,3643.43,0,0,-1,0,-28.10,1555,684,1482
67964,3630.20,0,0,0,0,41.77,1555,684,1482
68014,3627.57,0,0,0,0,-1.75,1555,685,1482
68064,3601.44,0,0,-1,0,-41.97,1555,686,1482
68114,3629.32,0,0,0,0,-42.52,1555,686,1482
68164,3553.66,0,0,1,0,29.71,1555,687,1482
68214,3587.66,0,0,1,0,34.00,1555,688,1482
68264,3564.64,0,0,0,0,25.60,1555,688,1482
68314,3564.64,0,0,0,0,-33.57,1555,690,1482
68364,3549.46,0,0,1,0,61.52,1556,691,1482
68414,3598.85,0,0,1,0,30.41,1556,692,1482
68464,3533.57,0,0,1,0,33.61,1556,693,1482
68514,3575.69,0,0,0,0,-42.12,1556,694,1482
68564,3576.54,0,0,0,0,-26.24,1556,695,1482
68614,3549.46,0,0,1,0,460.17,1566,696,1488
68664,3572.28,0,0,0,0,18.82,1567,696,1488
68714,3555.34,0,0,1,0,31.46,1567,698,1488
68764,3606.64,0,1,0,0,59.60,1568,699,1488
68814,3564.64,0,0,0,0,22.16,1568,700,1488
68864,3567.18,0,0,0,0,5.95,1568,700,1488
68914,3580.81,0,0,1,0,23.60,1568,701,1488
68964,3619.69,0,0,1,0,23.60,1568,701,1488
69014,3604.04,0,0,1,0,23.60,1568,701,1488
69064,3652.30,0,0,-1,0,-36.97,1568,703,1488
69114,3636.36,0,0,0,0,26.64,1568,704,1488
69164,3663.00,0,0,-1,0,-24.88,1568,706,1488
69214,3616.20,0,0,0,0,5.30,1568,707,1488
69264,3662.11,0,0,-1,0,-35.42,1568,709,1488
69314,3604.90,0,0,0,0,-6.14,1568,709,1488
69364,3593.67,0,0,0,0,19.39,1568,710,1488
69414,3553.66,0,0,1,0,37.43,1568,711,1488
69464,3544.42,0,0,1,0,27.00,1568,712,1488
69514,3554.50,0,0,1,0,22.04,1568,714,1488
69564,3600.58,0,0,0,0,26.58,1568,714,1488
69614,3576.54,0,0,0,0,24.90,1568,714,1488
69664,3628.45,0,0,0,0,-33.05,1568,714,1488
69714,3572.28,0,0,0,0,19.67,1568,714,1488
69764,3589.38,0,0,0,0,12.76,1568,714,1488
69814,3565.49,0,0,0,0,12.76,1568,714,1488
69864,3599.71,0,0,0,0,12.76,1568,714,1488
69914,3592.81,0,0,0,0,-43.24,1568,714,1488
69964,3631.96,0,0,0,0,-27.06,1568,714,1488
70014,3604.04,0,0,0,0,-21.87,1568,714,1488
70064,3600.58,0,0,0,0,19.59,1568,714,1488
70114,3586.80,0,0,0,0,19.59,1568,714,1488
70164,3623.19,0,0,0,0,-50.06,1568,714,1488
70214,3586.80,0,0,0,0,-50.06,1568,714,1488
70264,3633.72,0,0,0,0,-28.82,1568,714,1488
70315,3593.67,0,0,0,0,-13.09,1568,714,1488
70365,3641.66,0,0,-1,0,-37.62,1568,715,1488
70415,3615.33,0,0,-1,0,-35.25,1568,716,1488
70465,3541.91,0,0,1,0,17.65,1568,718,1488
70515,3459.41,0,1,0,0,33.02,1571,718,1488
70565,3379.14,0,2,0,0,28.40,1577,718,1488
70615,3329.63,0,3,0,0,18.58,1583,718,1488
70665,3241.14,0,4,0,1,364.63,1594,718,1490
70715,3170.58,0,5,0,0,17.52,1608,718,1490
70765,3109.45,0,6,0,0,25.34,1620,718,1490
70815,3019.93,0,7,0,0,148.64,1640,718,1490
70865,2970.89,0,8,0,0,31.52,1655,718,1490
70915,2896.87,2,9,0,0,127.93,1680,718,1490
70965,2844.68,0,9,0,0,6.49,1698,718,1490
71015,2781.90,0,10,0,0,20.79,1718,718,1490
71065,2810.04,4,10,0,0,10.57,1751,718,1529
71115,2595.16,18,13,0,15,83.42,1775,718,1566
71166,2580.87,14,13,0,13,75.41,1800,718,1589
71216,2531.22,0,13,0,3,21.10,1826,718,1596
71266,2465.89,2,14,0,7,42.47,1854,718,1606
71316,2409.64,2,15,0,7,47.36,1883,718,1614
71366,2354.79,4,16,0,7,45.60,1914,718,1622
71416,2302.03,4,16,0,6,43.92,1946,718,1629
71467,2248.20,9,17,0,7,46.78,1979,718,1637
71517,2196.51,13,18,0,6,43.96,2014,718,1644
71567,2142.55,19,18,0,6,45.95,2050,718,1651
71617,2109.70,0,19,0,4,32.85,2069,718,1655
71667,2140.11,0,18,0,-10,-76.55,2106,718,1671
71717,1992.56,15,20,0,6,48.81,2146,718,1690
71767,2028.95,0,20,0,-5,-36.39,2166,718,1695
71817,2049.18,0,20,0,-25,-181.65,2208,718,1739
71867,1868.69,25,22,0,9,76.33,2251,718,1761
71917,1898.97,19,22,0,-3,-30.28,2273,718,1764
71967,1832.17,22,22,0,0,2.69,2317,718,1771
72017,1783.80,28,23,0,5,48.37,2340,718,1776
72067,1734.91,29,24,0,5,44.03,2387,718,1781
72117,1730.10,24,24,0,0,4.80,2411,718,1781
72167,1680.30,24,24,0,0,-1.50,2459,718,1786
72217,1629.20,30,25,0,5,51.10,2484,718,1791
72267,1627.25,25,25,0,0,1.94,2509,718,1791
72317,1575.46,26,26,0,0,3.15,2561,718,1796
72367,1523.93,31,26,0,5,51.54,2587,718,1801
72417,1525.63,26,26,0,0,-1.70,2613,718,1801
72467,1472.46,32,27,0,5,53.17,2640,718,1806
72517,1470.88,27,27,0,0,1.59,2667,718,1806
72567,1420.59,28,28,0,0,-3.09,2723,718,1811
72617,1363.39,34,29,0,5,57.20,2752,718,1816
72667,1364.01,29,29,0,0,-0.62,2781,718,1816
72717,1308.67,33,29,0,4,55.34,2810,718,1820
72767,1310.73,29,29,0,0,-2.06,2839,718,1820
72817,1253.34,34,30,0,4,57.39,2869,718,1824
72867,1257.12,30,30,0,0,-3.78,2899,718,1824
72918,1197.13,35,31,0,4,60.00,2930,718,1828
72968,1199.14,31,31,0,0,-2.01,2961,718,1828
73018,1139.13,35,31,0,4,60.01,2992,718,1832
73068,1143.47,31,31,0,0,-4.34,3023,718,1832
73118,1081.86,36,32,0,4,61.61,3055,718,1836
73168,1083.50,32,32,0,0,-1.64,3087,718,1836
73218,1029.16,36,33,0,3,54.34,3120,718,1839
73268,1029.16,36,33,0,3,54.34,3120,718,1839
73318,1018.95,33,33,0,0,10.21,3153,718,1839
73368,953.29,38,34,0,4,65.66,3187,718,1843
73418,955.47,34,34,0,0,-2.19,3221,718,1843
73468,887.31,39,35,0,4,68.16,3256,718,1847
73518,887.31,39,35,0,4,68.16,3256,718,1847
73568,888.52,35,35,0,0,-1.21,3291,718,1847
73618,807.80,40,36,0,4,80.72,3327,718,1851
73668,807.80,40,36,0,4,80.72,3327,718,1851
73718,815.66,36,36,0,0,-7.86,3363,718,1851
73768,754.98,39,36,0,3,60.68,3399,718,1854
73818,754.98,39,36,0,3,60.68,3399,718,1854
73868,734.47,38,37,0,1,20.52,3436,718,1855
73918,734.47,38,37,0,1,20.52,3436,718,1855
73968,668.39,40,38,0,2,66.08,3474,718,1857
74018,668.39,40,38,0,2,66.08,3474,718,1857
74068,645.38,38,38,0,0,23.01,3512,718,1857
74118,645.38,38,38,0,0,23.01,3512,718,1857
74168,570.54,41,39,0,2,74.85,3551,718,1859
74218,570.54,41,39,0,2,74.85,3551,718,1859
74268,541.15,40,39,0,1,29.39,3590,718,1860
74318,541.15,40,39,0,1,29.39,3590,718,1860
74368,541.15,40,39,0,1,29.39,3590,718,1860
74418,452.80,42,40,0,2,88.34,3630,718,1862
74468,452.80,42,40,0,2,88.34,3630,718,1862
74518,452.80,42,40,0,2,88.34,3630,718,1862
74568,406.83,42,41,0,1,45.97,3671,718,1863
74618,406.83,42,41,0,1,45.97,3671,718,1863
74668,406.83,42,41,0,1,45.97,3671,718,1863
74718,406.83,42,41,0,1,45.97,3671,718,1863
75547,116.95,-42,41,0,1,45.97,3671,718,1863
75597,116.95,-42,41,0,1,45.97,3671,718,1863
75648,116.95,-42,41,0,1,45.97,3671,718,1863
75698,116.95,-42,41,0,1,45.97,3671,718,1863
75748,116.95,-42,41,0,1,45.97,3671,718,1863
75798,0.00,-42,41,0,1,45.97,3671,718,1863
75848,0.00,-42,41,0,1,45.97,3671,718,1863
75898,0.00,-42,41,0,1,45.97,3671,718,1863
75948,0.00,-42,41,0,1,45.97,3671,718,1863
75998,0.00,-42,41,0,1,45.97,3671,718,1863
76048,0.00,-42,41,0,1,45.97,3671,718,1863
76098,0.00,-42,41,0,1,45.97,3671,718,1863
76148,0.00,-42,41,0,1,45.97,3671,718,1863
76198,0.00,-42,41,0,1,45.97,3671,718,1863
76248,0.00,-42,41,0,1,45.97,3671,718,1863
76298,0.00,-42,41,0,1,45.97,3671,718,1863
76348,0.00,-42,41,0,1,45.97,3671,718,1863
76398,0.00,-42,41,0,1,45.97,3671,718,1863
76448,0.00,-42,41,0,1,45.97,3671,718,1863
76498,0.00,-42,41,0,1,45.97,3671,718,1863
76548,0.00,-42,41,0,1,45.97,3671,718,1863
76598,0.00,-42,41,0,1,45.97,3671,718,1863
76648,0.00,-42,41,0,1,45.97,3671,718,1863
76698,0.00,-42,41,0,1,45.97,3671,718,1863
76748,0.00,-42,41,0,1,45.97,3671,718,1863
76798,0.00,-42,41,0,1,45.97,3671,718,1863
76848,0.00,-42,41,0,1,45.97,3671,718,1863
76898,0.00,-42,41,0,1,45.97,3671,718,1863
76948,0.00,-42,41,0,1,45.97,3671,718,1863
76998,0.00,-42,41,0,1,45.97,3671,718,1863
77048,0.00,-42,41,0,1,45.97,3671,718,1863
77099,0.00,-42,41,0,1,45.97,3671,718,1863
77149,0.00,-42,41,0,1,45.97,3671,718,1863
77199,0.00,-42,41,0,1,45.97,3671,718,1863
77249,0.00,-42,41,0,1,45.97,3671,718,1863
77299,0.00,-42,41,0,1,45.97,3671,718,1863
77349,0.00,-42,41,0,1,45.97,3671,718,1863
77399,0.00,-42,41,0,1,45.97,3671,718,1863
77449,0.00,-42,41,0,1,45.97,3671,718,1863
77499,0.00,-42,41,0,1,45.97,3671,718,1863
77549,0.00,-42,41,0,1,45.97,3671,718,1863
77599,0.00,-42,41,0,1,45.97,3671,718,1863
77649,0.00,-42,41,0,1,45.97,3671,718,1863
77699,0.00,-42,41,0,1,45.97,3671,718,1863
77749,0.00,-42,41,0,1,45.97,3671,718,1863
77799,0.00,-42,41,0,1,45.97,3671,718,1863
77849,0.00,-42,41,0,1,45.97,3671,718,1863
77899,0.00,-42,41,0,1,45.97,3671,718,1863
77949,0.00,-42,41,0,1,45.97,3671,718,1863
77999,0.00,-42,41,0,1,45.97,3671,718,1863
78049,0.00,-42,41,0,1,45.97,3671,718,1863
78099,0.00,-42,41,0,1,45.97,3671,718,1863
78149,0.00,-42,41,0,1,45.97,3671,718,1863
78199,0.00,-42,41,0,1,45.97,3671,718,1863
78249,0.00,-42,41,0,1,45.97,3671,718,1863
78299,0.00,-42,41,0,1,45.97,3671,718,1863
78349,0.00,-42,41,0,1,45.97,3671,718,1863
78399,0.00,-42,41,0,1,45.97,3671,718,1863
78449,0.00,-42,41,0,1,45.97,3671,718,1863
78499,0.00,-42,41,0,1,45.97,3671,718,1863
78550,0.00,-42,41,0,1,45.97,3671,718,1863
78600,0.00,-42,41,0,1,45.97,3671,718,1863
78650,0.00,-42,41,0,1,45.97,3671,718,1863
78700,0.00,-42,41,0,1,45.97,3671,718,1863
78750,0.00,-42,41,0,1,45.97,3671,718,1863
78800,0.00,-42,41,0,1,45.97,3671,718,1863
78850,0.00,-42,41,0,1,45.97,3671,718,1863
78900,0.00,-42,41,0,1,45.97,3671,718,1863
78950,0.00,-42,41,0,1,45.97,3671,718,1863
79000,0.00,-42,41,0,1,45.97,3671,718,1863
79050,0.00,-42,41,0,1,45.97,3671,718,1863
79100,0.00,-42,41,0,1,45.97,3671,718,1863
79150,0.00,-42,41,0,1,45.97,3671,718,1863
79200,0.00,-42,41,0,1,45.97,3671,718,1863
79250,0.00,-42,41,0,1,45.97,3671,718,1863
79300,0.00,-42,41,0,1,45.97,3671,718,1863
79350,0.00,-42,41,0,1,45.97,3671,718,1863
79400,0.00,-42,41,0,1,45.97,3671,718,1863
79450,0.00,-42,41,0,1,45.97,3671,718,1863
79500,0.00,-42,41,0,1,45.97,3671,718,1863
79550,0.00,-42,41,0,1,45.97,3671,718,1863
79600,0.00,-42,41,0,1,45.97,3671,718,1863
79650,0.00,-42,41,0,1,45.97,3671,718,1863
79700,0.00,-42,41,0,1,45.97,3671,718,1863
79750,0.00,-42,41,0,1,45.97,3671,718,1863
79800,0.00,-42,41,0,1,45.97,3671,718,1863
79850,0.00,-42,41,0,1,45.97,3671,718,1863
79900,0.00,-42,41,0,1,45.97,3671,718,1863
79950,0.00,-42,41,0,1,45.97,3671,718,1863
80000,0.00,-42,41,0,1,45.97,3671,718,1863
80050,0.00,-42,41,0,1,45.97,3671,718,1863
80100,0.00,-42,41,0,1,45.97,3671,718,1863
80150,0.00,-42,41,0,1,45.97,3671,718,1863
80200,0.00,-42,41,0,1,45.97,3671,718,1863
80250,0.00,-42,41,0,1,45.97,3671,718,1863
80300,0.00,-42,41,0,1,45.97,3671,718,1863
80350,0.00,-42,41,0,1,45.97,3671,718,1863
80400,0.00,-42,41,0,1,45.97,3671,718,1863
