Microcontroller Governor - No Load
Trial: 7
Date: 4-5-2023
Time: 2:57 PM
Ambient Temp: 83
Head Temp: 196.3

------ Microcontroller Engine Governor - Version: 1.16 ------
-------------------------------------------------------------
PID Gains:  Kp: 0.013  KpAlt: 0.025  Kd: 0.100  KdAlt: 4.000
-------------------------------------------------------------
Set RPM:             3600    |  Min RPM:                 300
                             |
RPM Precision:       20      |  PID Kp Alt Range:        70
                             |
Start Steps:         850     |  Max Steps:               1200
                             |
RPM Calc Interval:   1       |  Num Magnets:             1
                             |
LCD Update Interval: 400     |  Serial Update Interval:  50
-------------------------------------------------------------

Time,RPM,Steps Remaining, PID p, PID p Alt, PID d, RPM Change, P Cmd, P Alt Cmd, D Cmd
1722,0.00,0,0,0,0,0.00,0,0,0
1772,0.00,0,0,0,0,0.00,0,0,0
1822,0.00,0,0,0,0,0.00,0,0,0
1872,0.00,0,0,0,0,0.00,0,0,0
1922,0.00,0,0,0,0,0.00,0,0,0
1972,0.00,0,0,0,0,0.00,0,0,0
2022,0.00,0,0,0,0,0.00,0,0,0
2072,0.00,0,0,0,0,0.00,0,0,0
2122,0.00,0,0,0,0,0.00,0,0,0
2172,0.00,0,0,0,0,0.00,0,0,0
2222,0.00,0,0,0,0,0.00,0,0,0
2272,0.00,0,0,0,0,0.00,0,0,0
2322,0.00,0,0,0,0,0.00,0,0,0
2372,0.00,0,0,0,0,0.00,0,0,0
2422,0.00,0,0,0,0,0.00,0,0,0
2472,0.00,0,0,0,0,0.00,0,0,0
2522,0.00,0,0,0,0,0.00,0,0,0
2572,0.00,0,0,0,0,0.00,0,0,0
2622,0.00,0,0,0,0,0.00,0,0,0
2672,0.00,0,0,0,0,0.00,0,0,0
2722,0.00,0,0,0,0,0.00,0,0,0
2772,0.00,0,0,0,0,0.00,0,0,0
2822,0.00,0,0,0,0,0.00,0,0,0
2872,0.00,0,0,0,0,0.00,0,0,0
2922,0.00,0,0,0,0,0.00,0,0,0
2972,0.00,0,0,0,0,0.00,0,0,0
3022,0.00,0,0,0,0,0.00,0,0,0
3072,0.00,0,0,0,0,0.00,0,0,0
3122,0.00,0,0,0,0,0.00,0,0,0
3172,0.00,0,0,0,0,0.00,0,0,0
3222,0.00,0,0,0,0,0.00,0,0,0
3272,0.00,0,0,0,0,0.00,0,0,0
3322,0.00,0,0,0,0,0.00,0,0,0
3372,0.00,0,0,0,0,0.00,0,0,0
3422,0.00,0,0,0,0,0.00,0,0,0
3472,0.00,0,0,0,0,0.00,0,0,0
3522,0.00,0,0,0,0,0.00,0,0,0
3572,0.00,0,0,0,0,0.00,0,0,0
3622,0.00,0,0,0,0,0.00,0,0,0
3672,0.00,0,0,0,0,0.00,0,0,0
3722,0.00,0,0,0,0,0.00,0,0,0
3772,0.00,0,0,0,0,0.00,0,0,0
3822,0.00,0,0,0,0,0.00,0,0,0
3872,0.00,0,0,0,0,0.00,0,0,0
3922,0.00,0,0,0,0,0.00,0,0,0
3972,0.00,0,0,0,0,0.00,0,0,0
4022,0.00,0,0,0,0,0.00,0,0,0
4072,0.00,0,0,0,0,0.00,0,0,0
4122,0.00,0,0,0,0,0.00,0,0,0
4172,0.00,0,0,0,0,0.00,0,0,0
4222,0.00,0,0,0,0,0.00,0,0,0
4272,0.00,0,0,0,0,0.00,0,0,0
4322,0.00,0,0,0,0,0.00,0,0,0
4372,0.00,0,0,0,0,0.00,0,0,0
4422,0.00,0,0,0,0,0.00,0,0,0
4472,0.00,0,0,0,0,0.00,0,0,0
4523,0.00,0,0,0,0,0.00,0,0,0
4573,0.00,0,0,0,0,0.00,0,0,0
4623,0.00,0,0,0,0,0.00,0,0,0
4673,0.00,0,0,0,0,0.00,0,0,0
4723,0.00,0,0,0,0,0.00,0,0,0
4773,0.00,0,0,0,0,0.00,0,0,0
4823,0.00,0,0,0,0,0.00,0,0,0
4873,0.00,0,0,0,0,0.00,0,0,0
4923,0.00,0,0,0,0,0.00,0,0,0
4973,0.00,0,0,0,0,0.00,0,0,0
5023,0.00,0,0,0,0,0.00,0,0,0
5073,0.00,0,0,0,0,0.00,0,0,0
5123,0.00,0,0,0,0,0.00,0,0,0
5173,0.00,0,0,0,0,0.00,0,0,0
5223,0.00,0,0,0,0,0.00,0,0,0
5273,0.00,0,0,0,0,0.00,0,0,0
5323,0.00,0,0,0,0,0.00,0,0,0
5373,0.00,0,0,0,0,0.00,0,0,0
5423,0.00,0,0,0,0,0.00,0,0,0
5473,0.00,0,0,0,0,0.00,0,0,0
5523,0.00,0,0,0,0,0.00,0,0,0
5573,0.00,0,0,0,0,0.00,0,0,0
5623,0.00,0,0,0,0,0.00,0,0,0
5673,0.00,0,0,0,0,0.00,0,0,0
5723,0.00,0,0,0,0,0.00,0,0,0
5773,0.00,0,0,0,0,0.00,0,0,0
5823,0.00,0,0,0,0,0.00,0,0,0
5873,0.00,0,0,0,0,0.00,0,0,0
5923,0.00,0,0,0,0,0.00,0,0,0
5974,0.00,0,0,0,0,0.00,0,0,0
6024,0.00,0,0,0,0,0.00,0,0,0
6074,0.00,0,0,0,0,0.00,0,0,0
6124,0.00,0,0,0,0,0.00,0,0,0
6174,0.00,0,0,0,0,0.00,0,0,0
6224,0.00,0,0,0,0,0.00,0,0,0
6274,0.00,0,0,0,0,0.00,0,0,0
6324,0.00,0,0,0,0,0.00,0,0,0
6374,0.00,0,0,0,0,0.00,0,0,0
6424,0.00,0,0,0,0,0.00,0,0,0
6474,0.00,0,0,0,0,0.00,0,0,0
6524,0.00,0,0,0,0,0.00,0,0,0
6574,0.00,0,0,0,0,0.00,0,0,0
6624,0.00,0,0,0,0,0.00,0,0,0
6674,0.00,0,0,0,0,0.00,0,0,0
6724,0.00,0,0,0,0,0.00,0,0,0
6774,0.00,0,0,0,0,0.00,0,0,0
6824,0.00,0,0,0,0,0.00,0,0,0
6874,0.00,0,0,0,0,0.00,0,0,0
6924,0.00,0,0,0,0,0.00,0,0,0
6974,0.00,0,0,0,0,0.00,0,0,0
7024,0.00,0,0,0,0,0.00,0,0,0
7074,0.00,0,0,0,0,0.00,0,0,0
7124,0.00,0,0,0,0,0.00,0,0,0
7174,0.00,0,0,0,0,0.00,0,0,0
7224,0.00,0,0,0,0,0.00,0,0,0
7274,0.00,0,0,0,0,0.00,0,0,0
7324,0.00,0,0,0,0,0.00,0,0,0
7374,0.00,0,0,0,0,0.00,0,0,0
7424,0.00,0,0,0,0,0.00,0,0,0
7474,0.00,0,0,0,0,0.00,0,0,0
7524,0.00,0,0,0,0,0.00,0,0,0
7574,0.00,0,0,0,0,0.00,0,0,0
7624,0.00,0,0,0,0,0.00,0,0,0
7674,0.00,0,0,0,0,0.00,0,0,0
7724,0.00,0,0,0,0,0.00,0,0,0
7774,0.00,0,0,0,0,0.00,0,0,0
7824,0.00,0,0,0,0,0.00,0,0,0
7874,0.00,0,0,0,0,0.00,0,0,0
7924,0.00,0,0,0,0,0.00,0,0,0
7974,0.00,0,0,0,0,0.00,0,0,0
8024,0.00,0,0,0,0,0.00,0,0,0
8074,0.00,0,0,0,0,0.00,0,0,0
8124,0.00,0,0,0,0,0.00,0,0,0
8174,0.00,0,0,0,0,0.00,0,0,0
8224,0.00,0,0,0,0,0.00,0,0,0
8274,0.00,0,0,0,0,0.00,0,0,0
8324,0.00,0,0,0,0,0.00,0,0,0
8374,0.00,0,0,0,0,0.00,0,0,0
8424,0.00,0,0,0,0,0.00,0,0,0
8474,0.00,0,0,0,0,0.00,0,0,0
8524,0.00,0,0,0,0,0.00,0,0,0
8574,0.00,0,0,0,0,0.00,0,0,0
8624,0.00,0,0,0,0,0.00,0,0,0
8674,0.00,0,0,0,0,0.00,0,0,0
8724,0.00,0,0,0,0,0.00,0,0,0
8774,0.00,0,0,0,0,0.00,0,0,0
8824,0.00,0,0,0,0,0.00,0,0,0
8875,0.00,0,0,0,0,0.00,0,0,0
8925,0.00,0,0,0,0,0.00,0,0,0
8975,0.00,0,0,0,0,0.00,0,0,0
9025,0.00,0,0,0,0,0.00,0,0,0
9075,0.00,0,0,0,0,0.00,0,0,0
9125,0.00,0,0,0,0,0.00,0,0,0
9175,0.00,0,0,0,0,0.00,0,0,0
9225,0.00,0,0,0,0,0.00,0,0,0
9275,0.00,0,0,0,0,0.00,0,0,0
9325,0.00,0,0,0,0,0.00,0,0,0
9375,0.00,0,0,0,0,0.00,0,0,0
9425,0.00,0,0,0,0,0.00,0,0,0
9475,0.00,0,0,0,0,0.00,0,0,0
9525,0.00,0,0,0,0,0.00,0,0,0
9575,0.00,0,0,0,0,0.00,0,0,0
9625,0.00,0,0,0,0,0.00,0,0,0
9675,0.00,0,0,0,0,0.00,0,0,0
9725,0.00,0,0,0,0,0.00,0,0,0
9775,0.00,0,0,0,0,0.00,0,0,0
9825,0.00,0,0,0,0,0.00,0,0,0
9875,0.00,0,0,0,0,0.00,0,0,0
9925,0.00,0,0,0,0,0.00,0,0,0
9975,0.00,0,0,0,0,0.00,0,0,0
10025,0.00,0,0,0,0,0.00,0,0,0
10075,0.00,0,0,0,0,0.00,0,0,0
10125,0.00,0,0,0,0,0.00,0,0,0
10175,0.00,0,0,0,0,0.00,0,0,0
10225,0.00,0,0,0,0,0.00,0,0,0
10275,0.00,0,0,0,0,0.00,0,0,0
10326,0.00,0,0,0,0,0.00,0,0,0
10376,inf,0,0,0,0,inf,0,0,0
10426,inf,0,0,0,0,inf,0,0,0
10476,443.77,36,41,0,0,inf,41,0,0
10526,443.77,0,41,0,0,inf,41,0,0
10576,443.77,0,41,0,0,inf,41,0,0
10626,559.74,0,39,0,-4,-115.97,80,0,4
10676,790.81,3,36,0,-12,-231.06,116,0,16
10726,790.81,0,36,0,-12,-231.06,116,0,16
10776,760.11,0,36,0,1,30.70,152,0,17
10826,1052.41,0,33,0,-20,-292.30,185,0,37
10876,1054.63,4,33,0,0,-2.22,218,0,37
10926,1453.63,0,27,0,-38,-399.00,245,0,75
10976,1726.92,0,24,0,-29,-254.89,296,0,105
11026,1739.13,0,24,0,-1,-12.21,320,0,106
11076,1987.81,4,20,0,0,-4.73,361,0,137
11126,2180.55,5,18,0,-2,-15.42,397,0,165
11176,2364.44,6,16,0,0,2.24,429,0,193
11226,2515.09,5,14,0,3,22.12,456,0,224
11276,2648.31,0,12,0,2,12.21,480,0,251
11326,2894.64,6,9,0,0,-120.45,509,0,251
11376,3015.68,0,7,0,0,-129.96,525,0,251
11426,3126.95,2,6,0,0,6.53,544,0,251
11476,3243.24,0,4,0,0,16.92,552,0,251
11526,3457.02,0,1,0,0,100.01,558,1,266
11576,3531.90,0,0,1,0,24.28,559,3,266
11626,3680.98,0,-1,0,0,-79.54,560,3,266
11676,3735.99,0,-1,0,0,6.52,562,4,266
11726,3860.01,-2,-3,0,0,14.96,572,4,266
11776,3969.30,0,-4,0,0,-54.90,584,4,266
11826,3902.19,0,-3,0,0,106.37,596,4,266
11876,4067.25,0,-6,0,0,-59.76,613,4,267
11926,4036.60,0,-5,0,0,-42.99,635,5,543
11976,4008.55,0,-5,0,0,30.22,650,5,543
12026,3968.25,0,-4,0,0,-1.05,663,5,543
12076,4010.70,-1,-5,0,0,-46.64,682,5,545
12126,3953.61,0,-4,0,0,28.34,695,5,545
12176,3968.25,0,-4,0,0,0.00,708,5,545
12226,3928.76,-2,-4,0,0,-40.73,723,5,545
12276,3874.97,0,-3,0,0,25.19,732,5,545
12326,3888.02,0,-3,0,0,-27.02,741,5,545
12376,3861.00,0,-3,0,0,27.02,750,5,545
12426,3862.00,0,-3,0,0,-25.68,759,5,545
12476,3845.17,-1,-3,0,0,-10.81,771,5,546
12526,3772.64,0,-2,0,0,25.79,777,5,546
12576,3723.01,0,-1,0,0,24.18,781,5,546
12626,3711.95,0,-1,0,0,11.06,784,5,546
12676,3674.67,0,0,0,0,35.45,786,5,546
12726,3627.57,0,0,0,0,10.56,786,6,546
12776,3661.22,0,0,-1,0,-23.97,786,8,546
12826,3616.20,0,0,0,0,-8.81,786,8,546
12876,3642.54,0,0,-1,0,-27.22,786,10,546
12926,3573.98,0,0,0,0,12.82,786,10,546
12976,3589.38,0,0,0,0,27.29,786,10,546
13026,3572.28,0,0,0,0,17.96,786,10,546
13076,3598.85,0,0,0,0,12.77,786,10,546
13126,3521.95,0,1,0,0,21.63,787,11,546
13176,3491.62,0,1,0,0,17.97,789,12,546
13227,3503.85,0,1,0,0,20.58,791,12,546
13277,3546.10,0,0,1,0,-52.85,792,13,546
13327,3520.30,0,1,0,0,36.73,794,14,546
13377,3513.70,0,1,0,0,-12.30,797,14,546
13427,3481.09,0,1,0,0,30.97,800,14,546
13477,3494.06,0,1,0,0,33.69,801,14,546
13527,3328.89,6,3,0,16,402.45,809,14,581
13577,3478.66,0,1,0,0,13.77,811,15,593
13627,3534.40,0,0,1,0,-31.37,813,16,593
13677,3531.07,0,0,1,0,15.03,814,18,593
13727,3587.66,0,0,1,0,14.28,814,20,593
13777,3521.95,0,1,0,0,19.96,815,22,593
13827,3574.83,0,0,0,0,-42.10,815,24,593
13877,3490.00,0,1,0,0,89.10,817,24,593
13927,3567.18,0,0,0,0,-45.23,818,25,593
13977,3573.13,0,0,0,0,13.67,818,26,593
14027,3620.56,0,0,0,0,-38.05,818,26,593
14077,3614.46,0,0,-1,0,-41.10,818,27,593
14127,3662.11,0,0,-1,0,-35.42,818,29,593
14177,3651.41,0,0,-1,0,32.28,819,31,593
14227,3697.31,0,-1,0,0,-34.31,821,32,593
14277,3625.82,0,0,0,0,34.51,821,34,593
14327,3695.49,0,-1,0,0,-42.30,822,35,593
14377,3687.32,0,-1,0,0,20.05,824,36,593
14427,3698.22,0,-1,0,0,-9.10,827,36,593
14477,3626.69,0,0,0,0,22.05,827,38,593
14527,3650.52,0,0,-1,0,-23.83,827,40,593
14577,3604.90,0,0,0,0,20.32,827,40,593
14627,3619.69,0,0,0,0,20.32,827,40,593
14678,3613.59,0,0,-1,0,-39.36,827,41,593
14728,3639.01,0,0,0,0,-42.75,827,41,593
14778,3603.17,0,0,-1,0,-42.85,827,42,593
14828,3638.13,0,0,0,0,-12.31,827,43,593
14878,3563.79,0,0,0,0,31.61,827,43,593
14928,3587.66,0,0,1,0,14.19,827,45,593
14978,3572.28,0,0,0,0,26.57,827,46,593
15028,3532.74,0,0,1,0,20.92,827,48,593
15078,3531.90,0,0,1,0,16.71,828,50,593
15128,3574.83,0,0,0,0,-29.57,828,51,593
15178,3556.19,0,0,1,0,19.50,828,53,593
15228,3597.98,0,0,1,0,10.14,828,54,593
15278,3556.19,0,0,1,0,20.35,828,55,593
15328,3575.69,0,0,0,0,-30.42,828,56,593
15378,3522.78,0,1,0,0,19.13,829,58,593
15428,3587.66,0,0,1,0,21.07,829,59,593
15478,3573.13,0,0,0,0,17.10,829,59,593
15528,3610.11,0,0,1,0,10.99,829,60,593
15578,3582.52,0,0,0,0,-45.95,829,60,593
15628,3587.66,0,0,1,0,19.50,829,61,593
15678,3604.90,0,0,0,0,-41.49,829,61,593
15728,3595.40,0,0,-1,0,-42.07,829,62,593
15778,3522.78,0,1,0,0,21.64,830,63,593
15828,3575.69,0,0,0,0,-44.61,830,65,593
15878,3600.58,0,0,0,0,11.89,830,65,593
15928,3604.90,0,-4,0,-4,-635.07,837,65,608
15978,3636.36,0,0,0,0,15.05,845,66,613
16028,3661.22,0,0,-1,0,-8.03,845,68,613
16078,3652.30,0,0,-1,0,31.39,846,70,613
16128,3700.05,0,-1,0,0,-25.38,848,70,613
16178,3676.47,0,0,0,0,9.03,849,71,613
16228,3710.12,0,-1,0,0,-22.80,852,71,613
16278,3745.32,0,-1,0,0,-82.31,854,72,613
16328,3661.22,0,0,-1,0,-8.91,855,74,613
16378,3641.66,0,0,-1,0,30.31,855,76,613
16428,3662.11,0,0,-1,0,-37.17,855,78,613
16478,3595.40,0,0,-1,0,20.45,855,79,613
16528,3619.69,0,0,0,0,-26.04,855,79,613
16578,3555.34,0,0,1,0,27.17,855,80,613
16628,3610.11,0,0,0,0,25.72,855,80,613
16678,3556.19,0,0,1,0,17.79,855,81,613
16728,3620.56,0,0,0,0,-38.90,855,81,613
16778,3545.26,0,0,1,0,32.13,855,82,613
16828,3587.66,0,0,1,0,27.88,855,83,613
16878,3531.07,0,0,1,0,23.43,855,85,613
16928,3565.49,0,0,0,0,-32.75,855,86,613
16978,3545.26,0,0,1,0,42.40,855,88,613
17028,3545.26,0,0,1,0,-35.67,856,90,613
17079,3536.07,0,0,1,0,31.96,856,91,613
17128,3531.07,0,0,1,0,23.43,856,93,613
17178,3595.40,0,-4,0,-4,-630.31,864,93,618
17228,3584.23,0,-4,0,-3,-601.21,871,93,631
17278,3501.40,0,1,0,0,386.62,878,93,662
17328,3579.10,0,0,0,0,204.00,881,93,675
17378,3623.19,0,0,0,0,-44.09,881,93,675
17428,3604.90,0,0,0,0,-39.18,881,93,675
17478,3661.22,0,0,-1,0,-32.77,881,95,675
17528,3637.25,0,0,0,0,178.58,884,95,687
17579,3639.89,0,0,0,0,337.83,890,95,691
17629,3652.30,0,0,-1,0,-47.40,900,96,699
17679,3648.75,0,0,-1,0,12.47,900,98,699
17729,3638.13,0,0,0,0,-0.88,900,99,699
17779,3577.39,0,0,0,0,26.65,900,99,699
17829,3620.56,0,0,0,0,-35.48,900,99,699
17880,3546.10,0,0,1,0,16.85,900,100,699
17930,3576.54,0,0,0,0,-32.95,900,101,699
17980,3532.74,0,0,1,0,8.34,900,103,699
18030,3529.41,0,0,0,0,390.11,909,103,704
18080,3503.85,0,1,0,0,264.99,914,103,719
18130,3573.98,0,0,0,0,96.19,914,104,719
18180,3604.90,0,0,0,0,-60.33,914,104,719
18230,3577.39,0,0,0,0,30.11,914,104,719
18280,3632.84,0,0,0,0,-29.67,914,104,719
18330,3625.82,0,0,0,0,28.26,914,105,719
18380,3663.00,0,0,-1,0,-43.31,914,107,719
18430,3638.13,0,0,0,0,137.36,916,108,728
18480,3674.67,0,0,0,0,330.67,923,108,732
18530,3640.78,0,0,-1,0,323.28,929,109,735
18580,3616.20,0,-5,0,-5,-751.97,938,109,741
18631,3642.54,0,0,-1,0,-24.60,948,110,747
18681,3616.20,0,0,-1,0,-33.50,948,111,747
18731,3619.69,0,0,-1,0,-33.50,948,111,747
18781,3604.04,0,0,0,0,-33.91,948,111,747
18831,3573.13,0,0,0,0,12.81,948,111,747
18881,3564.64,0,0,0,0,23.02,948,112,747
18931,3610.98,0,0,0,0,23.02,948,112,747
18981,3586.80,0,0,0,0,23.02,948,112,747
19031,3556.19,0,0,1,0,12.69,948,113,747
19081,3603.17,0,-2,0,-14,-356.22,952,113,761
19131,3501.40,0,1,0,0,334.92,958,113,778
19181,3557.87,0,0,1,0,163.29,960,114,786
19231,3522.78,0,1,0,0,38.47,961,114,786
19281,3565.49,0,0,0,0,-24.41,961,115,786
19331,3501.40,0,1,0,0,18.90,963,116,786
19381,3557.03,0,0,1,0,-35.90,964,118,786
19431,3532.74,0,0,1,0,20.08,964,121,786
19481,3535.23,0,0,1,0,-43.61,966,122,786
19531,3545.26,0,0,1,0,21.07,967,123,786
19581,3611.85,0,0,0,0,9.36,967,123,786
19631,3576.54,0,0,0,0,24.90,967,123,786
19681,3629.32,0,0,0,0,-33.06,967,123,786
19731,3616.20,0,0,0,0,-21.87,967,123,786
19781,3586.80,0,0,0,0,-19.28,967,123,786
19831,3582.52,0,0,0,0,-55.10,967,123,786
19881,3590.23,0,0,0,0,34.44,967,123,786
19931,3577.39,0,0,0,0,34.46,967,123,786
19981,3620.56,0,0,0,0,-38.05,967,123,786
20031,3596.26,0,0,0,0,-38.05,967,123,786
20081,3633.72,0,0,0,0,-28.82,967,123,786
20131,3624.94,0,0,0,0,37.17,967,124,786
20182,3652.30,0,0,-1,0,-36.10,967,125,786
20232,3637.25,0,0,0,0,24.86,967,126,786
20282,3616.20,0,0,0,0,33.63,967,127,786
20332,3615.33,0,0,-1,0,-32.42,967,128,786
20382,3604.90,0,0,0,0,31.84,967,129,786
20432,3544.42,0,0,1,0,29.56,967,130,786
20482,3611.85,0,0,0,0,25.71,967,130,786
20532,3573.13,0,0,0,0,17.96,967,130,786
20582,3629.32,0,0,0,0,-34.79,967,130,786
20632,3624.94,0,0,0,0,17.61,967,131,786
20682,3639.01,0,0,0,0,-1.76,967,132,786
20732,3629.32,0,0,0,0,57.99,968,132,786
20782,3650.52,0,0,-1,0,-23.83,968,134,786
20832,3604.90,0,0,0,0,-4.37,968,134,786
20882,3643.43,0,0,-1,0,-27.23,968,135,786
20932,3626.69,0,0,0,0,25.61,968,136,786
20982,3545.26,0,0,1,0,27.02,968,137,786
21032,3545.26,0,0,1,0,29.57,968,139,786
21082,3568.03,0,0,0,0,5.10,968,139,786
21132,3562.95,0,0,0,0,25.57,968,140,786
21182,3589.38,0,0,0,0,24.89,968,140,786
21232,3577.39,0,0,0,0,23.19,968,140,786
21282,3601.44,0,0,0,0,23.19,968,140,786
21332,3567.18,0,0,0,0,33.39,968,140,786
21382,3524.44,0,0,0,0,-3.31,969,141,786
21432,3509.59,0,1,0,0,23.98,971,142,786
21482,3576.54,0,0,0,0,-33.79,971,144,786
21532,3579.95,0,0,0,0,101.93,973,144,793
21582,3638.13,0,0,0,0,-41.87,973,144,793
21632,3573.98,0,0,0,0,12.82,973,144,793
21682,3629.32,0,0,0,0,-38.23,973,144,793
21732,3616.20,0,0,0,0,-13.09,973,144,793
21782,3662.11,0,0,-1,0,-35.42,973,146,793
21832,3630.20,0,0,0,0,43.57,973,146,793
21882,3662.11,0,0,-1,0,-46.78,973,148,793
21932,3649.63,0,0,-1,0,11.58,973,151,793
21982,3615.33,0,0,0,0,31.13,973,152,793
22032,3604.90,0,0,0,0,-39.07,973,152,793
22082,3642.54,0,0,-1,0,-27.22,973,154,793
22132,3626.69,0,0,0,0,34.52,973,155,793
22182,3604.04,0,0,0,0,-11.43,973,155,793
22232,3585.09,0,0,0,0,24.94,973,155,793
22282,3556.19,0,0,1,0,7.60,973,156,793
22332,3566.33,0,0,0,0,11.06,973,157,793
22382,3612.72,0,0,0,0,17.10,973,157,793
22432,3581.66,0,0,0,0,-30.33,973,157,793
22482,3576.54,0,0,0,0,-32.95,973,158,793
22532,3600.58,0,0,0,0,13.59,973,158,793
22582,3582.52,0,-6,0,-6,-898.21,984,158,800
22632,3604.90,0,-5,0,-5,-813.58,994,158,806
22682,3540.24,0,0,1,0,387.49,1002,159,810
22732,3516.17,0,1,0,0,287.07,1007,159,826
22782,3590.23,0,-2,0,-11,-291.87,1010,159,837
22832,3501.40,0,1,0,0,321.23,1015,159,853
22882,3607.50,0,0,0,0,66.81,1016,159,862
22932,3593.67,0,0,0,0,-110.48,1016,159,862
22982,3581.66,0,0,-1,0,-86.40,1016,161,862
23032,3638.13,0,0,0,0,3.53,1016,162,862
23083,3562.95,0,0,0,0,107.23,1016,163,862
23133,3546.94,0,0,1,0,75.38,1016,165,862
23183,3596.26,0,0,-1,0,-101.81,1016,166,862
23233,3585.94,0,0,1,0,27.86,1016,167,862
23283,3573.98,0,0,0,0,16.25,1016,168,862
23333,3557.03,0,0,1,0,21.21,1016,169,862
23383,3532.74,0,0,1,0,24.29,1016,171,862
23433,3564.64,0,0,0,0,-19.38,1016,172,862
23483,3557.03,0,0,1,0,17.80,1016,174,862
23533,3480.28,0,1,0,0,84.36,1017,174,862
23583,3545.26,0,0,1,0,28.72,1017,175,862
23633,3521.95,0,1,0,0,22.47,1018,176,862
23683,3521.95,0,1,0,0,35.08,1020,177,862
23733,3503.04,0,1,0,0,0.00,1022,177,862
23783,3509.59,0,1,0,0,24.81,1024,178,862
23833,3576.54,0,0,0,0,-45.46,1024,180,862
23883,3581.66,0,0,1,0,25.40,1024,181,862
23933,3622.31,0,0,0,0,-44.92,1024,181,862
23983,3615.33,0,0,-1,0,-32.45,1024,182,862
24033,3643.43,0,0,-1,0,-38.53,1024,183,862
24083,3624.94,0,0,0,0,18.49,1024,184,862
24133,3672.87,0,0,0,0,-23.23,1024,186,862
24183,3663.00,0,0,-1,0,21.59,1025,188,862
24233,3695.49,0,-1,0,0,-30.70,1026,189,862
24283,3641.66,0,0,-1,0,30.31,1026,191,862
24333,3639.01,0,0,0,0,-0.88,1026,192,862
24383,3596.26,0,0,0,0,12.32,1026,192,862
24433,3597.12,0,0,1,0,18.53,1026,193,862
24483,3592.81,0,0,0,0,-49.21,1026,193,862
24534,3620.56,0,0,0,0,-38.90,1026,193,862
24584,3614.46,0,0,0,0,-47.92,1026,193,862
24634,3604.90,0,0,0,0,-17.50,1026,193,862
24684,3604.90,0,0,0,0,-52.21,1026,193,862
24734,3661.22,0,0,-1,0,-36.28,1026,195,862
24784,3586.80,0,0,0,0,30.13,1026,195,862
24834,3599.71,0,0,0,0,19.59,1026,195,862
24884,3591.95,0,0,0,0,-49.21,1026,195,862
24934,3609.24,0,0,0,0,-49.21,1026,195,862
24984,3604.04,0,0,0,0,-43.59,1026,195,862
25034,3633.72,0,0,0,0,-29.68,1026,196,862
25084,3546.94,0,0,1,0,38.15,1026,197,862
25134,3568.88,0,0,0,0,-59.29,1027,198,862
25184,3563.79,0,0,0,0,23.87,1027,199,862
25234,3565.49,0,0,0,0,-34.41,1027,201,862
25284,3562.95,0,0,0,0,24.71,1027,202,862
25334,3557.03,0,0,1,0,18.65,1027,203,862
25384,3565.49,0,0,0,0,11.05,1027,204,862
25434,3611.85,0,0,0,0,24.05,1027,204,862
25484,3564.64,0,0,0,0,17.02,1027,204,862
25534,3579.10,0,0,0,0,-6.82,1027,204,862
25584,3600.58,0,0,0,0,15.31,1027,204,862
25634,3592.81,0,-7,0,-6,-974.34,1039,204,869
25684,3581.66,0,-6,0,-6,-915.08,1050,204,876
25734,3593.67,0,-5,0,-5,-800.82,1059,204,881
25784,3501.40,0,1,0,0,323.18,1064,204,897
25834,3640.78,0,0,-1,0,322.24,1069,205,900
25884,3650.52,0,0,-1,0,34.98,1081,206,908
25934,3631.96,0,0,0,0,-27.06,1081,206,908
25984,3626.69,0,0,0,0,35.42,1081,207,908
26034,3683.69,0,-1,0,0,-34.95,1082,209,908
26084,3652.30,0,0,-1,0,31.39,1083,211,908
26134,3684.60,0,-1,0,0,-21.59,1085,212,908
26184,3663.90,0,0,-1,0,9.87,1085,214,908
26234,3625.82,0,0,0,0,25.60,1086,215,908
26284,3626.69,0,0,0,0,25.61,1086,216,908
26334,3661.22,0,0,-1,0,-23.97,1086,218,908
26384,3606.64,0,-1,0,0,-107.05,1087,218,908
26434,3633.72,0,0,0,0,-28.82,1087,218,908
26484,3604.04,0,0,-1,0,-30.70,1087,219,908
26534,3567.18,0,0,0,0,-4.24,1087,219,908
26584,3510.41,0,1,0,0,26.49,1088,220,908
26634,3533.57,0,0,1,0,-11.62,1089,222,908
26684,3502.22,0,1,0,0,11.49,1092,222,908
26734,3546.10,0,0,1,0,-35.69,1093,224,908
26784,3568.88,0,0,0,0,-73.19,1094,224,908
26834,3540.24,0,0,1,0,376.21,1102,225,913
26884,3503.04,0,1,0,0,275.30,1107,225,928
26934,3564.64,0,0,0,0,23.88,1107,226,930
26984,3520.30,0,1,0,0,13.27,1108,228,930
27034,3509.59,0,1,0,0,25.64,1110,229,930
27084,3555.34,0,0,1,0,-44.93,1111,231,930
27134,3554.50,0,0,1,0,15.23,1111,232,930
27184,3543.59,0,0,1,0,15.13,1111,234,930
27234,3544.42,0,0,1,0,23.61,1112,235,930
27284,3541.91,0,0,1,0,-9.18,1112,237,930
27334,3521.13,0,1,0,0,34.22,1114,238,930
27384,3588.52,0,0,1,0,21.91,1114,239,930
27435,3573.13,0,0,0,0,26.58,1114,239,930
27485,3611.85,0,0,0,0,12.82,1114,239,930
27535,3586.80,0,0,0,0,12.82,1114,239,930
27585,3576.54,0,0,0,0,-30.44,1114,240,930
27635,3563.79,0,0,0,0,35.06,1114,241,930
27685,3610.98,0,0,0,0,35.06,1114,241,930
27735,3593.67,0,0,0,0,-40.81,1114,241,930
27785,3620.56,0,0,0,0,-33.76,1114,241,930
27835,3625.82,0,0,0,0,15.84,1114,242,930
27885,3604.04,0,0,0,0,22.93,1114,243,930
27935,3616.20,0,0,0,0,-32.20,1114,243,930
27985,3614.46,0,0,-1,0,-36.99,1114,244,930
28035,3604.90,0,0,0,0,-38.90,1114,244,930
28085,3647.86,0,0,-1,0,-54.18,1114,245,930
28135,3626.69,0,0,0,0,25.61,1114,246,930
28185,3614.46,0,0,0,0,41.77,1114,246,930
28235,3604.90,0,0,0,0,-41.03,1114,246,930
28285,3652.30,0,0,-1,0,-36.10,1114,247,930
28335,3630.20,0,0,0,0,43.57,1114,247,930
28385,3690.94,0,-1,0,0,-141.49,1115,248,930
28435,3625.82,0,0,0,0,36.29,1115,249,930
28485,3653.19,0,0,-1,0,-36.99,1115,250,930
28535,3605.77,0,0,0,0,-13.14,1115,250,930
28585,3662.11,0,0,-1,0,-46.78,1115,252,930
28635,3641.66,0,0,-1,0,32.11,1115,254,930
28685,3671.97,0,0,0,0,-19.67,1116,255,930
28735,3641.66,0,0,-1,0,32.11,1116,256,930
28785,3686.41,0,-1,0,0,-34.11,1118,257,930
28835,3614.46,0,0,0,0,28.44,1118,258,930
28886,3661.22,0,0,-1,0,-35.40,1118,260,930
28936,3585.94,0,0,-1,0,-35.40,1118,260,930
28986,3542.75,0,0,1,0,-10.84,1118,263,930
29036,3521.95,0,1,0,0,33.39,1120,264,930
29086,3512.88,0,1,0,0,-31.79,1123,264,930
29136,3509.59,0,1,0,0,25.64,1125,265,930
29186,3566.33,0,0,0,0,-33.60,1125,267,930
29236,3556.19,0,0,1,0,19.50,1125,269,930
29286,3589.38,0,0,0,0,24.85,1125,269,930
29336,3522.78,0,1,0,0,22.48,1126,270,930
29386,3574.83,0,0,0,0,-42.93,1126,272,930
29436,3564.64,0,0,0,0,22.16,1126,273,930
29486,3600.58,0,0,0,0,14.53,1126,273,930
29536,3585.09,0,0,0,0,32.55,1126,273,930
29586,3633.72,0,0,0,0,-40.05,1126,273,930
29636,3626.69,0,0,0,0,12.32,1126,273,930
29686,3661.22,0,0,-1,0,-23.97,1126,275,930
29736,3626.69,0,0,0,0,23.83,1126,276,930
29786,3673.77,0,0,0,0,-35.64,1126,277,930
29836,3649.63,0,0,-1,0,12.47,1126,279,930
29886,3625.82,0,0,0,0,25.60,1127,280,930
29936,3603.17,0,0,0,0,-29.68,1127,280,930
29986,3663.00,0,0,-1,0,-37.19,1127,282,930
30036,3595.40,0,0,0,0,31.04,1127,282,930
30086,3628.45,0,0,0,0,-41.65,1127,282,930
30136,3625.82,0,0,0,0,27.37,1127,283,930
30186,3614.46,0,0,0,0,33.63,1127,284,930
30236,3573.98,0,0,0,0,15.39,1127,284,930
30286,3612.72,0,0,0,0,17.10,1127,284,930
30336,3596.26,0,0,0,0,17.10,1127,284,930
30386,3622.31,0,0,0,0,-18.28,1127,284,930
30436,3614.46,0,0,0,0,-41.69,1127,284,930
30486,3595.40,0,0,-1,0,-27.20,1127,285,930
30536,3591.95,0,0,0,0,-54.33,1127,285,930
30586,3643.43,0,0,-1,0,-39.39,1127,287,930
30636,3582.52,0,0,-1,0,-39.39,1127,287,930
30686,3629.32,0,0,0,0,-34.79,1127,287,930
30736,3613.59,0,0,-1,0,-31.58,1127,288,930
30786,3517.00,0,1,0,0,66.37,1128,288,930
30836,3521.95,0,1,0,0,35.92,1129,290,930
30886,3597.12,0,0,1,0,10.99,1129,291,930
30936,3520.30,0,1,0,0,22.45,1130,293,930
30987,3555.34,0,0,1,0,-44.93,1131,295,930
31037,3513.70,0,1,0,0,15.71,1132,295,930
31087,3486.75,0,1,0,0,442.01,1143,295,936
31137,3504.67,0,1,0,0,108.91,1146,295,936
31187,3509.59,0,1,0,0,26.48,1148,296,936
31237,3564.64,0,0,0,0,-15.18,1148,298,936
31287,3564.64,0,0,0,0,22.16,1148,299,936
31337,3619.69,0,0,0,0,22.16,1148,299,936
31387,3605.77,0,0,0,0,22.16,1148,299,936
31437,3604.04,0,0,-1,0,-38.55,1148,300,936
31488,3595.40,0,0,0,0,30.91,1148,300,936
31538,3652.30,0,0,-1,0,-47.40,1148,301,936
31588,3614.46,0,0,-1,0,-23.74,1148,302,936
31638,3652.30,0,0,-1,0,-37.84,1148,304,936
31688,3626.69,0,0,0,0,25.61,1148,305,936
31738,3662.11,0,0,-1,0,-47.65,1148,306,936
31788,3652.30,0,0,-1,0,35.01,1149,307,936
31838,3648.75,0,0,-1,0,18.73,1150,309,936
31888,3624.94,0,0,0,0,28.25,1150,310,936
31938,3662.11,0,0,-1,0,-32.78,1150,311,936
31988,3649.63,0,0,-1,0,154.58,1153,312,947
32038,3638.13,0,0,0,0,37.44,1161,312,951
32088,3593.67,0,0,0,0,12.31,1161,312,951
32138,3500.58,0,1,0,0,393.50,1168,312,973
32188,3501.40,0,1,0,0,393.69,1174,312,993
32238,3568.88,0,0,0,0,211.36,1178,312,1006
32288,3494.87,0,1,0,0,119.58,1180,312,1006
32338,3525.26,0,0,0,0,-44.99,1182,312,1006
32388,3470.62,0,1,0,0,42.27,1185,312,1006
32438,3480.28,0,1,0,0,-49.35,1189,312,1006
32488,3419.19,0,2,0,0,29.88,1194,312,1006
32538,3409.09,0,2,0,0,-10.04,1200,312,1006
32588,3418.41,0,2,0,0,-20.91,1204,312,1006
32638,3309.80,10,3,0,21,534.39,1217,312,1056
32688,3429.36,0,2,0,0,-10.94,1223,312,1056
32738,3428.57,0,2,0,0,31.64,1228,312,1056
32788,3470.62,0,1,0,0,-42.04,1233,312,1056
32838,3480.28,0,1,0,0,23.58,1236,312,1056
32888,3544.42,0,0,1,0,-29.90,1237,313,1056
32939,3501.40,0,1,0,0,11.48,1240,313,1056
32989,3562.95,0,0,0,0,-31.87,1240,315,1056
33039,3581.66,0,0,0,0,0.00,1240,315,1056
33089,3646.97,0,0,-1,0,-50.71,1240,316,1056
33139,3641.66,0,0,-1,0,30.31,1240,317,1056
33189,3695.49,0,-1,0,0,-32.49,1242,318,1056
33239,3675.57,0,0,0,0,31.80,1243,319,1056
33289,3695.49,0,-1,0,0,-45.86,1244,321,1056
33339,3663.90,0,0,-1,0,32.50,1245,323,1056
33389,3671.97,0,0,0,0,-30.31,1245,324,1056
33439,3663.90,0,0,-1,0,19.80,1246,326,1056
33489,3699.14,0,-1,0,0,-23.57,1248,326,1056
33539,3663.90,0,0,-1,0,44.38,1249,328,1056
33589,3675.57,0,0,0,0,-0.90,1250,328,1056
33639,3663.00,0,0,-1,0,34.31,1251,330,1056
33689,3664.79,0,0,-1,0,9.88,1252,331,1056
33739,3652.30,0,0,-1,0,31.39,1253,333,1056
33789,3637.25,0,0,0,0,3.53,1254,334,1056
33839,3626.69,0,0,0,0,26.50,1254,335,1056
33889,3639.01,0,0,0,0,-0.88,1254,336,1056
33939,3614.46,0,0,-1,0,-28.96,1254,337,1056
33989,3611.85,0,0,0,0,12.86,1254,337,1056
34039,3585.09,0,0,0,0,12.86,1254,337,1056
34089,3565.49,0,0,0,0,-10.98,1254,338,1056
34139,3502.22,0,1,0,0,18.08,1256,339,1056
34189,3557.03,0,0,1,0,-36.73,1257,341,1056
34239,3543.59,0,0,1,0,14.29,1257,343,1056
34289,3512.06,0,1,0,0,9.90,1259,344,1056
34339,3521.95,0,1,0,0,12.45,1261,345,1056
34390,3576.54,0,0,0,0,-43.80,1261,347,1056
34440,3599.71,0,0,1,0,-0.84,1261,349,1056
34490,3620.56,0,0,0,0,-33.76,1261,349,1056
34540,3594.54,0,0,0,0,-41.67,1261,349,1056
34590,3589.38,0,0,0,0,20.45,1261,349,1056
34640,3576.54,0,0,0,0,35.31,1261,349,1056
34690,3587.66,0,0,1,0,22.75,1261,350,1056
34740,3586.80,0,0,0,0,16.23,1261,350,1056
34790,3653.19,0,0,-1,0,-38.73,1261,351,1056
34840,3626.69,0,0,0,0,33.63,1261,352,1056
34890,3593.67,0,0,0,0,10.56,1261,352,1056
34940,3577.39,0,0,0,0,23.19,1261,352,1056
34990,3648.75,0,0,-1,0,-55.07,1261,353,1056
35040,3624.94,0,0,0,0,17.61,1261,354,1056
35090,3629.32,0,0,0,0,-42.52,1261,354,1056
35140,3603.17,0,0,-1,0,-41.97,1261,355,1056
35190,3642.54,0,0,-1,0,-28.96,1261,357,1056
35240,3626.69,0,0,0,0,26.50,1261,358,1056
35290,3673.77,0,0,0,0,-24.13,1261,360,1056
35340,3651.41,0,0,-1,0,33.19,1262,362,1056
35390,3649.63,0,0,-1,0,-12.39,1262,364,1056
35440,3603.17,0,0,0,0,2.63,1262,364,1056
35490,3650.52,0,0,-1,0,-23.83,1262,366,1056
35540,3577.39,0,0,0,0,27.51,1262,366,1056
35590,3642.54,0,0,-1,0,-39.37,1262,367,1056
35640,3615.33,0,0,0,0,-16.66,1262,367,1056
35690,3596.26,0,0,-1,0,-32.53,1262,368,1056
35740,3585.94,0,0,0,0,23.98,1262,368,1056
35790,3591.95,0,0,0,0,23.98,1262,368,1056
35840,3585.09,0,0,0,0,23.98,1262,368,1056
35890,3610.98,0,0,0,0,24.05,1262,368,1056
35940,3592.81,0,0,0,0,-41.67,1262,368,1056
35990,3598.85,0,0,1,0,13.53,1262,369,1056
36040,3532.74,0,0,1,0,10.85,1262,371,1056
36090,3576.54,0,0,0,0,-32.95,1262,372,1056
36140,3541.91,0,0,1,0,12.59,1262,375,1056
36190,3587.66,0,0,1,0,23.43,1262,377,1056
36240,3554.50,0,0,1,0,22.04,1262,379,1056
36290,3542.75,0,0,1,0,1.67,1262,381,1056
36340,3545.26,0,0,1,0,18.53,1262,383,1056
36390,3501.40,0,1,0,0,18.90,1264,383,1056
36440,3500.58,0,1,0,0,300.73,1271,383,1076
36490,3546.10,0,0,1,0,24.48,1271,384,1076
36540,3569.73,0,0,0,0,-43.64,1271,385,1076
36590,3543.59,0,0,1,0,32.10,1271,387,1076
36640,3599.71,0,0,0,0,25.72,1271,387,1076
36690,3585.09,0,0,0,0,25.72,1271,387,1076
36740,3623.19,0,0,0,0,-18.29,1271,387,1076
36790,3604.04,0,0,0,0,-29.61,1271,387,1076
36840,3593.67,0,0,0,0,22.94,1271,388,1076
36890,3604.90,0,0,0,0,22.94,1271,388,1076
36940,3604.04,0,0,-1,0,-39.41,1271,389,1076
36990,3586.80,0,0,0,0,32.61,1271,389,1076
37040,3623.19,0,0,0,0,-18.29,1271,389,1076
37090,3604.90,0,0,0,0,-39.30,1271,389,1076
37140,3642.54,0,0,-1,0,-37.64,1271,390,1076
37190,3628.45,0,0,0,0,43.52,1271,390,1076
37240,3661.22,0,0,-1,0,-31.01,1271,391,1076
37291,3639.89,0,0,0,0,73.90,1272,391,1076
37341,3685.50,0,-1,0,0,-43.84,1273,393,1076
37391,3652.30,0,0,-1,0,91.15,1274,394,1076
37441,3674.67,0,0,0,0,243.83,1280,394,1079
37491,3594.54,0,-6,0,-5,-816.19,1290,394,1086
37541,3603.17,0,0,0,0,551.58,1302,394,1093
37591,3556.19,0,0,1,0,16.94,1302,395,1093
37641,3601.44,0,-2,0,-14,-373.29,1306,395,1107
37691,3590.23,0,-2,0,-14,-363.83,1310,395,1121
37741,3612.72,0,-2,0,-13,-322.97,1314,395,1134
37791,3601.44,0,-2,0,-14,-356.14,1318,395,1148
37841,3501.40,0,1,0,0,333.94,1324,395,1165
37891,3546.94,0,0,1,0,270.83,1327,396,1177
37941,3545.26,0,0,1,0,-49.57,1328,397,1177
37991,3541.91,0,0,1,0,15.12,1329,399,1177
38041,3587.66,0,0,1,0,20.22,1329,400,1177
38091,3576.54,0,0,0,0,25.77,1329,400,1177
38141,3576.54,0,0,0,0,-43.80,1329,402,1177
38191,3564.64,0,0,0,0,23.02,1329,403,1177
38241,3565.49,0,0,0,0,-34.41,1329,405,1177
38291,3553.66,0,0,1,0,45.19,1329,407,1177
38341,3598.85,0,0,1,0,32.30,1329,408,1177
38391,3596.26,0,0,0,0,26.57,1329,408,1177
38441,3583.37,0,0,0,0,26.57,1329,408,1177
38491,3586.80,0,0,0,0,10.24,1329,408,1177
38541,3629.32,0,0,0,0,-47.66,1329,408,1177
38591,3564.64,0,0,0,0,17.02,1329,408,1177
38641,3629.32,0,0,0,0,-37.37,1329,408,1177
38691,3615.33,0,0,0,0,-40.16,1329,408,1177
38742,3650.52,0,0,-1,0,-23.83,1329,410,1177
38792,3593.67,0,0,0,0,-6.99,1329,410,1177
38842,3652.30,0,0,-1,0,-37.84,1329,411,1177
38892,3575.69,0,0,0,0,25.76,1329,411,1177
38942,3642.54,0,0,-1,0,-37.64,1329,412,1177
38992,3641.66,0,0,-1,0,30.31,1329,413,1177
39042,3616.20,0,0,0,0,29.17,1329,414,1177
39092,3596.26,0,0,0,0,29.17,1329,414,1177
39142,3610.98,0,0,0,0,29.17,1329,414,1177
39192,3593.67,0,0,0,0,-20.89,1329,414,1177
39242,3574.83,0,0,0,0,-18.65,1329,415,1177
39292,3577.39,0,0,0,0,23.19,1329,416,1177
39342,3564.64,0,0,0,0,20.45,1329,416,1177
39392,3566.33,0,0,0,0,10.20,1329,417,1177
39442,3610.98,0,0,0,0,24.04,1329,417,1177
39492,3554.50,0,0,1,0,19.48,1329,418,1177
39542,3600.58,0,0,0,0,10.20,1329,418,1177
39592,3593.67,0,0,0,0,-35.48,1329,418,1177
39642,3633.72,0,0,0,0,-19.26,1329,418,1177
39692,3604.04,0,0,0,0,-19.26,1329,418,1177
39742,3633.72,0,0,0,0,-28.82,1329,418,1177
39792,3572.28,0,0,0,0,18.82,1329,418,1177
39842,3610.11,0,0,0,0,14.54,1329,418,1177
39892,3564.64,0,0,0,0,28.18,1329,418,1177
39942,3555.34,0,0,1,0,-44.11,1330,420,1177
39992,3555.34,0,0,1,0,31.46,1330,422,1177
40042,3610.11,0,0,0,0,20.45,1330,422,1177
40092,3604.90,0,0,0,0,-39.00,1330,422,1177
40142,3610.98,0,0,0,0,-39.00,1330,422,1177
40192,3616.20,0,0,0,0,-44.47,1330,422,1177
40242,3649.63,0,0,-1,0,-13.27,1330,424,1177
40292,3653.19,0,0,-1,0,18.78,1330,426,1177
40342,3660.32,0,0,-1,0,-8.02,1331,428,1177
40392,3625.82,0,0,0,0,23.82,1331,430,1177
40442,3660.32,0,0,-1,0,-10.69,1331,433,1177
40492,3576.54,0,0,0,0,40.53,1331,433,1177
40542,3588.52,0,0,1,0,23.60,1331,434,1177
40592,3573.13,0,0,0,0,16.25,1331,434,1177
40642,3586.80,0,0,1,0,19.50,1331,435,1177
40692,3586.80,0,0,0,0,11.97,1331,435,1177
40742,3610.98,0,0,0,0,11.97,1331,435,1177
40792,3592.81,0,0,0,0,-45.80,1331,435,1177
40842,3629.32,0,0,0,0,-33.06,1331,435,1177
40892,3610.98,0,0,0,0,-33.06,1331,435,1177
40942,3632.84,0,0,0,0,-27.94,1331,435,1177
40992,3604.90,0,0,0,0,-28.74,1331,435,1177
41042,3563.79,0,0,0,0,29.02,1331,435,1177
41092,3572.28,0,0,0,0,15.38,1331,436,1177
41142,3562.95,0,0,0,0,23.86,1331,436,1177
41192,3556.19,0,0,1,0,18.65,1331,438,1177
41242,3563.79,0,0,0,0,32.47,1331,438,1177
41292,3561.25,0,0,0,0,464.51,1341,438,1183
41342,3573.13,0,0,0,0,413.05,1350,438,1188
41392,3617.94,0,-4,0,-4,-655.72,1357,438,1203
41442,3579.95,0,0,0,0,155.11,1359,438,1213
41492,3636.36,0,0,0,0,94.98,1361,438,1222
41542,3568.03,0,0,0,0,185.72,1363,438,1234
41592,3612.72,0,-1,0,-10,-263.17,1365,438,1244
41643,3601.44,0,-2,0,-14,-357.89,1369,438,1258
41693,3591.09,-4,-3,0,-17,-410.48,1374,438,1275
41743,3617.94,0,-4,0,-3,-562.70,1380,438,1278
41793,3617.07,0,-4,0,-4,-673.00,1387,438,1282
41843,3617.07,0,-5,0,-5,-769.59,1396,438,1287
41893,3605.77,0,-6,0,-5,-873.19,1406,438,1293
41943,3604.90,0,-6,0,-6,-924.13,1417,438,1300
41993,3651.41,0,0,-1,0,274.26,1424,439,1303
42043,3571.43,0,0,0,0,440.34,1433,439,1308
42093,3606.64,0,-4,0,-4,-641.04,1441,439,1313
42143,3501.40,0,1,0,0,391.67,1448,439,1347
42193,3501.40,0,1,0,0,354.64,1454,439,1364
42243,3501.40,0,1,0,0,379.58,1459,439,1382
42293,3591.95,0,0,-1,0,10.74,1459,441,1386
42343,3568.03,0,0,0,0,41.21,1459,442,1386
42393,3599.71,0,0,0,0,21.28,1459,442,1386
42443,3532.74,0,0,1,0,21.77,1459,444,1386
42493,3597.12,0,0,1,0,22.82,1459,445,1386
42543,3564.64,0,0,0,0,22.16,1459,446,1386
42593,3577.39,0,0,0,0,-5.96,1459,446,1386
42643,3562.95,0,0,0,0,24.71,1459,447,1386
42693,3600.58,0,0,0,0,25.57,1459,447,1386
42743,3556.19,0,0,1,0,9.30,1459,448,1386
42793,3598.85,0,0,0,0,12.82,1459,448,1386
42843,3573.98,0,0,0,0,16.25,1459,448,1386
42893,3578.24,0,0,0,0,-15.30,1459,448,1386
42943,3562.95,0,0,0,0,24.71,1459,449,1386
42993,3588.52,0,0,0,0,32.73,1459,449,1386
43043,3567.18,0,0,0,0,9.36,1459,449,1386
43094,3600.58,0,0,0,0,26.58,1459,449,1386
43144,3596.26,0,0,0,0,26.58,1459,449,1386
43194,3611.85,0,0,0,0,11.92,1459,449,1386
43244,3582.52,0,0,0,0,-34.62,1459,449,1386
43294,3610.98,0,0,0,0,-34.62,1459,449,1386
43344,3585.09,0,0,0,0,-34.62,1459,449,1386
43394,3562.95,0,0,0,0,23.86,1459,449,1386
43444,3531.07,0,0,1,0,11.68,1459,452,1386
43494,3597.98,0,0,1,0,20.35,1459,453,1386
43544,3591.09,0,0,0,0,25.71,1459,453,1386
43594,3610.98,0,0,0,0,25.71,1459,453,1386
43644,3603.17,0,0,0,0,-44.47,1459,453,1386
43694,3633.72,0,0,0,0,-18.39,1459,454,1386
43744,3593.67,0,0,0,0,-22.74,1459,454,1386
43794,3576.54,0,0,0,0,-20.35,1459,455,1386
43844,3581.66,0,0,1,0,24.56,1459,456,1386
43894,3642.54,0,0,-1,0,-37.64,1459,457,1386
43944,3577.39,0,0,0,0,27.51,1459,457,1386
43994,3582.52,0,0,0,0,-55.45,1459,457,1386
44044,3544.42,0,0,1,0,21.06,1459,459,1386
44094,3611.85,0,0,0,0,16.24,1459,459,1386
44144,3596.26,0,0,0,0,16.24,1459,459,1386
44194,3633.72,0,0,0,0,-18.39,1459,459,1386
44244,3638.13,0,0,0,0,14.17,1459,460,1386
44294,3661.22,0,0,-1,0,-24.85,1459,462,1386
44344,3595.40,0,0,0,0,31.01,1459,462,1386
44394,3633.72,0,0,0,0,-17.52,1459,462,1386
44444,3626.69,0,0,0,0,10.55,1459,462,1386
44494,3662.11,0,0,-1,0,-23.98,1459,464,1386
44544,3653.19,0,0,-1,0,19.68,1459,466,1386
44594,3672.87,0,0,0,0,-24.12,1459,468,1386
44644,3651.41,0,0,-1,0,33.19,1460,470,1386
44694,3578.24,0,0,0,0,37.96,1460,470,1386
44744,3585.09,0,0,0,0,12.76,1460,470,1386
44794,3562.95,0,0,0,0,30.73,1460,470,1386
44844,3543.59,0,0,1,0,10.07,1460,473,1386
44894,3587.66,0,0,1,0,19.38,1460,474,1386
44944,3563.79,0,0,0,0,35.92,1460,474,1386
44994,3610.98,0,0,0,0,35.92,1460,474,1386
45044,3593.67,0,0,0,0,-35.48,1460,474,1386
45094,3633.72,0,0,0,0,-30.55,1460,474,1386
45144,3604.04,0,0,0,0,-22.74,1460,474,1386
45194,3589.38,0,0,0,0,19.68,1460,474,1386
45244,3582.52,0,0,0,0,26.43,1460,474,1386
45294,3610.11,0,0,0,0,26.43,1460,474,1386
45344,3592.81,0,0,-1,0,-114.44,1460,476,1386
45394,3610.11,0,0,0,0,-35.63,1460,476,1386
45444,3573.13,0,0,0,0,17.10,1460,476,1386
45494,3610.98,0,0,0,0,17.10,1460,476,1386
45544,3586.80,0,0,0,0,33.59,1460,476,1386
45594,3600.58,0,0,0,0,17.02,1460,476,1386
45644,3594.54,0,0,0,0,-42.52,1460,476,1386
45694,3586.80,0,0,-1,0,-47.12,1460,477,1386
45744,3671.07,0,0,0,-5,-179.45,1461,477,1391
45794,3571.43,0,0,0,0,563.08,1472,477,1399
45844,3628.45,0,0,0,0,468.79,1483,477,1406
45894,3537.74,0,0,1,0,542.79,1494,478,1414
45944,3501.40,0,1,0,0,375.57,1502,478,1439
45995,3536.07,0,0,1,0,196.20,1504,479,1450
46045,3513.70,0,1,0,0,-0.82,1506,480,1450
46095,3491.62,0,1,0,0,29.51,1509,480,1450
46145,3485.94,0,1,0,0,-18.53,1512,480,1450
46195,3428.57,0,2,0,0,30.84,1516,480,1450
46245,3470.62,0,1,0,0,-31.83,1520,480,1450
46295,3399.05,0,2,0,0,30.31,1526,480,1450
46345,3470.62,0,1,0,0,-42.04,1531,480,1450
46395,3492.43,0,1,0,0,-45.74,1533,480,1450
46445,3481.89,0,1,0,0,188.28,1537,480,1469
46495,3545.26,0,0,1,0,-51.20,1539,481,1469
46545,3546.94,0,0,1,0,19.40,1540,482,1469
46595,3531.90,0,0,1,0,15.03,1540,484,1469
46645,3531.90,0,0,1,0,25.13,1541,486,1469
46695,3598.85,0,0,1,0,32.30,1541,487,1469
46745,3593.67,0,0,0,0,-39.76,1541,487,1469
46795,3639.01,0,0,0,0,-43.61,1541,487,1469
46845,3638.13,0,0,0,0,23.09,1541,488,1469
46895,3625.82,0,0,0,0,25.60,1541,489,1469
46945,3628.45,0,0,0,0,4.39,1541,489,1469
46995,3695.49,0,-1,0,0,-45.86,1542,491,1469
47045,3663.90,0,0,-1,0,33.42,1543,493,1469
47095,3709.20,0,-1,0,0,-45.30,1545,494,1469
47145,3698.22,0,-1,0,0,36.83,1548,494,1469
47195,3663.90,0,0,-1,0,240.32,1552,495,1471
47245,3501.40,0,1,0,0,389.65,1557,495,1489
47295,3685.50,0,-1,0,0,23.70,1567,495,1494
47345,3693.67,0,-1,0,0,-22.60,1569,495,1494
47395,3663.90,0,0,-1,0,20.70,1570,497,1494
47446,3711.95,0,-1,0,0,-36.38,1572,497,1494
47496,3652.30,0,0,-1,0,35.01,1574,498,1494
47546,3626.69,0,0,0,0,13.20,1575,498,1494
47596,3592.81,0,0,0,0,-28.82,1575,498,1494
47646,3565.49,0,0,0,0,-0.85,1575,498,1494
47696,3556.19,0,0,1,0,8.45,1575,500,1494
47746,3599.71,0,0,1,0,29.74,1575,501,1494
47796,3585.09,0,0,0,0,28.28,1575,501,1494
47846,3565.49,0,0,0,0,-21.06,1575,502,1494
47896,3510.41,0,1,0,0,33.17,1576,504,1494
47946,3503.85,0,1,0,0,19.75,1577,504,1494
47996,3511.24,0,1,0,0,22.33,1579,505,1494
48046,3520.30,0,1,0,0,34.20,1580,506,1494
48096,3520.30,0,1,0,0,25.80,1583,507,1494
48146,3525.26,0,0,0,0,35.14,1584,507,1494
48196,3576.54,0,0,0,0,-32.11,1584,508,1494
48246,3566.33,0,0,0,0,10.20,1584,509,1494
48296,3601.44,0,0,0,0,10.20,1584,509,1494
48346,3616.20,0,0,0,0,-42.52,1584,509,1494
48396,3593.67,0,0,0,0,22.94,1584,510,1494
48446,3572.28,0,0,0,0,19.67,1584,510,1494
48496,3600.58,0,0,0,0,19.67,1584,510,1494
48546,3488.37,0,1,0,0,88.17,1585,510,1494
48596,3623.19,0,0,0,0,-53.46,1585,510,1500
48646,3591.09,0,0,0,0,-53.46,1585,510,1500
48696,3653.19,0,0,-1,0,-49.15,1585,511,1500
48746,3626.69,0,0,0,0,26.50,1585,512,1500
48796,3685.50,0,-1,0,0,-35.87,1586,514,1500
48846,3663.90,0,0,-1,0,33.42,1587,516,1500
48896,3700.05,0,-1,0,0,-24.48,1589,516,1500
48946,3637.25,0,0,0,0,15.95,1589,517,1500
48996,3673.77,0,0,0,0,-37.41,1589,518,1500
49046,3604.90,0,0,0,0,0.88,1589,518,1500
49096,3619.69,0,0,0,0,-27.06,1589,518,1500
49146,3582.52,0,0,0,0,49.11,1589,518,1500
49196,3630.20,0,0,0,0,-46.83,1589,518,1500
49246,3604.90,0,0,0,0,-39.05,1589,518,1500
49296,3629.32,0,0,0,0,-29.61,1589,518,1500
49346,3596.26,0,0,0,0,-29.61,1589,518,1500
49396,3573.98,0,0,0,0,18.83,1589,518,1500
49446,3582.52,0,0,1,0,17.79,1589,519,1500
49496,3553.66,0,0,1,0,31.43,1589,520,1500
49546,3556.19,0,0,1,0,18.65,1589,522,1500
49596,3565.49,0,0,0,0,-1.69,1589,522,1500
49646,3564.64,0,0,0,0,23.88,1589,523,1500
49696,3611.85,0,0,0,0,35.31,1589,523,1500
49746,3564.64,0,0,0,0,26.46,1589,523,1500
49796,3620.56,0,0,0,0,-33.76,1589,523,1500
49846,3577.39,0,0,0,0,24.05,1589,523,1500
49896,3629.32,0,0,0,0,-42.52,1589,523,1500
49946,3625.82,0,0,0,0,25.60,1589,524,1500
49996,3589.38,0,0,0,0,26.63,1589,524,1500
50046,3577.39,0,0,0,0,33.59,1589,524,1500
50096,3610.11,0,0,0,0,-44.92,1589,524,1500
50146,3604.04,0,0,0,0,-36.49,1589,524,1500
50196,3642.54,0,0,-1,0,-36.78,1589,525,1500
50246,3638.13,0,0,0,0,23.09,1589,526,1500
50296,3626.69,0,0,0,0,26.50,1589,527,1500
50347,3625.82,0,0,0,0,17.61,1589,528,1500
50397,3662.11,0,0,-1,0,-23.98,1589,530,1500
50447,3595.40,0,0,-1,0,21.33,1589,531,1500
50497,3631.96,0,0,0,0,-27.06,1589,531,1500
50547,3626.69,0,0,0,0,25.61,1589,532,1500
50597,3673.77,0,0,0,0,-33.88,1589,533,1500
50647,3615.33,0,0,-1,0,-15.98,1589,535,1500
50697,3615.33,0,0,-1,0,-48.57,1589,536,1500
50747,3604.90,0,0,0,0,-46.72,1589,536,1500
50797,3586.80,0,0,0,0,-32.34,1589,536,1500
50847,3555.34,0,0,1,0,22.90,1589,537,1500
50897,3588.52,0,0,0,0,31.77,1589,537,1500
50947,3564.64,0,0,0,0,21.30,1589,538,1500
50997,3580.81,0,0,0,0,20.82,1589,539,1500
51047,3555.34,0,0,1,0,32.31,1589,541,1500
51097,3546.10,0,0,1,0,-25.80,1590,543,1500
51147,3531.90,0,0,1,0,24.28,1591,545,1500
51197,3597.98,0,0,1,0,18.65,1591,546,1500
51247,3575.69,0,0,0,0,25.76,1591,546,1500
51297,3576.54,0,0,0,0,-34.63,1591,548,1500
51347,3543.59,0,0,1,0,34.66,1591,549,1500
51397,3544.42,0,0,1,0,-27.42,1593,550,1500
51447,3541.91,0,0,1,0,15.12,1594,552,1500
51497,3600.58,0,0,0,0,23.86,1594,552,1500
51547,3543.59,0,0,1,0,10.92,1594,554,1500
51597,3587.66,0,0,1,0,31.26,1594,555,1500
51647,3596.26,0,0,0,0,15.38,1594,555,1500
51697,3642.54,0,0,-1,0,-26.34,1594,556,1500
51747,3641.66,0,0,-1,0,30.31,1594,557,1500
51798,3651.41,0,0,-1,0,-34.34,1594,558,1500
51848,3625.82,0,0,0,0,35.40,1594,559,1500
51898,3696.40,0,-1,0,0,-44.10,1595,560,1500
51948,3675.57,0,0,0,0,31.80,1596,561,1500
51998,3653.19,0,0,-1,0,22.38,1597,562,1500
52048,3653.19,0,0,-1,0,20.58,1597,563,1500
52098,3663.90,0,0,-1,0,10.77,1598,564,1500
52148,3653.19,0,0,-1,0,18.78,1598,566,1500
52198,3683.69,0,-1,0,0,-30.50,1600,567,1500
52248,3649.63,0,0,-1,0,10.69,1600,570,1500
52298,3697.31,0,-1,0,0,-46.79,1602,571,1500
52348,3650.52,0,0,-1,0,34.98,1603,573,1500
52398,3633.72,0,0,0,0,-28.82,1603,573,1500
52448,3586.80,0,0,0,0,-28.82,1603,573,1500
52498,3630.20,0,0,0,0,-44.26,1603,573,1500
52548,3596.26,0,0,0,0,-44.26,1603,573,1500
52598,3692.76,0,-1,0,0,-150.01,1604,574,1500
52648,3596.26,0,-1,0,0,-150.01,1604,574,1500
52698,3591.09,0,0,0,0,-32.19,1604,574,1500
52748,3545.26,0,0,1,0,18.53,1604,576,1500
52798,3563.79,0,0,0,0,-7.60,1604,577,1500
52848,3481.09,0,1,0,0,32.62,1607,577,1500
52898,3557.03,0,0,1,0,-53.18,1608,578,1500
52948,3511.24,0,1,0,0,23.17,1610,579,1500
52998,3557.03,0,0,1,0,-35.08,1611,581,1500
53048,3532.74,0,0,1,0,36.99,1611,582,1500
53098,3587.66,0,0,1,0,12.59,1611,584,1500
53148,3581.66,0,0,1,0,34.84,1611,585,1500
53198,3581.66,0,0,1,0,34.84,1611,585,1500
53248,3577.39,0,0,0,0,34.46,1611,585,1500
53298,3586.80,0,0,1,0,12.68,1611,586,1500
53348,3593.67,0,0,0,0,23.86,1611,586,1500
53398,3642.54,0,0,-1,0,-30.70,1611,587,1500
53448,3638.13,0,0,0,0,13.28,1611,588,1500
53498,3616.20,0,0,0,0,33.63,1611,589,1500
53548,3616.20,0,0,0,0,-34.79,1611,589,1500
53598,3625.82,0,0,0,0,1.75,1611,589,1500
53648,3615.33,0,0,-1,0,-36.97,1611,590,1500
53698,3625.82,0,0,0,0,4.39,1611,590,1500
53748,3615.33,0,0,-1,0,-38.51,1611,591,1500
53798,3607.50,0,0,-1,0,-38.51,1611,591,1500
53848,3605.77,0,0,0,0,-41.67,1611,591,1500
53898,3624.06,0,0,0,0,-9.61,1611,592,1500
53948,3603.17,0,0,0,0,-48.78,1611,592,1500
53998,3639.01,0,0,0,0,-42.75,1611,592,1500
54048,3626.69,0,0,0,0,25.61,1611,593,1500
54098,3596.26,0,0,0,0,-10.55,1611,593,1500
54148,3604.90,0,0,0,0,18.87,1611,593,1500
54198,3650.52,0,0,-1,0,-35.19,1611,595,1500
54248,3604.04,0,0,0,0,-16.65,1611,595,1500
54298,3619.69,0,0,0,0,-16.65,1611,595,1500
54348,3604.90,0,0,0,0,-29.66,1611,595,1500
54398,3627.57,0,0,0,0,-0.88,1611,596,1500
54448,3586.80,0,0,0,0,-0.88,1611,596,1500
54498,3611.85,0,0,0,0,17.11,1611,596,1500
54548,3533.57,0,0,1,0,33.61,1611,597,1500
54598,3599.71,0,0,1,0,8.45,1611,598,1500
54648,3586.80,0,0,0,0,27.43,1611,598,1500
54699,3599.71,0,0,0,0,18.83,1611,598,1500
54749,3562.95,0,0,0,0,29.01,1611,598,1500
54799,3611.85,0,0,0,0,24.89,1611,598,1500
54849,3604.90,0,0,0,0,-52.21,1611,598,1500
54899,3611.85,0,0,0,0,19.58,1611,598,1500
54949,3577.39,0,0,0,0,33.59,1611,598,1500
54999,3644.31,0,0,-1,0,-51.50,1611,599,1500
55049,3567.18,0,0,0,0,33.39,1611,599,1500
55099,3630.20,0,0,0,0,-34.81,1611,599,1500
55149,3546.94,0,0,1,0,34.72,1611,600,1500
55199,3611.85,0,0,0,0,21.30,1611,600,1500
55249,3604.90,0,0,0,0,-34.62,1611,600,1500
55299,3556.19,0,0,1,0,17.79,1611,601,1500
55349,3503.85,0,1,0,0,286.90,1616,601,1516
55399,3591.95,0,-2,0,-12,-305.71,1619,601,1528
55449,3501.40,0,1,0,0,346.73,1625,601,1546
55499,3606.64,0,-3,0,-2,-416.46,1629,601,1548
55549,3501.40,0,1,0,0,339.83,1636,601,1579
55599,3536.90,0,0,1,0,157.68,1638,602,1587
55649,3524.44,0,0,0,0,-26.30,1639,602,1587
55699,3509.59,0,1,0,0,35.67,1641,603,1587
55749,3564.64,0,0,0,0,-31.07,1641,604,1587
55799,3554.50,0,0,1,0,33.16,1641,606,1587
55849,3590.23,0,0,0,0,15.39,1641,606,1587
55899,3586.80,0,0,0,0,17.96,1641,606,1587
55949,3652.30,0,0,-1,0,-46.53,1641,607,1587
55999,3649.63,0,0,-1,0,11.58,1641,609,1587
56049,3683.69,0,-1,0,0,-31.39,1643,610,1587
56099,3663.00,0,0,-1,0,32.49,1644,612,1587
56150,3695.49,0,-1,0,0,-43.19,1646,613,1587
56200,3648.75,0,0,-1,0,17.84,1646,616,1587
56250,3660.32,0,0,-1,0,-10.69,1646,618,1587
56300,3614.46,0,0,-1,0,-55.55,1646,619,1587
56350,3661.22,0,0,-1,0,104.79,1649,620,1596
56400,3617.94,0,-4,0,-3,-544.31,1655,620,1599
56450,3716.55,0,-1,0,0,174.50,1662,620,1634
56500,3591.09,0,-2,0,-14,-350.83,1665,620,1648
56550,3579.10,0,0,0,0,169.03,1668,620,1661
56600,3521.95,0,1,0,0,80.35,1670,620,1661
56650,3559.56,0,0,1,0,56.64,1671,621,1661
56700,3511.24,0,1,0,0,34.02,1673,622,1661
56750,3557.03,0,0,1,0,-36.73,1674,624,1661
56800,3504.67,0,1,0,0,18.94,1676,624,1661
56850,3522.78,0,1,0,0,-42.50,1679,624,1661
56900,3493.25,0,1,0,0,31.19,1681,624,1661
56950,3470.62,0,1,0,0,-20.75,1684,624,1661
57000,3469.81,0,1,0,0,32.41,1687,624,1661
57050,3470.62,0,1,0,0,12.90,1689,624,1661
57100,3503.04,0,1,0,0,-53.97,1691,624,1661
57150,3490.81,0,1,0,0,142.91,1695,624,1671
57200,3523.61,0,0,0,0,-27.10,1697,624,1671
57250,3449.86,0,1,0,0,19.95,1700,624,1671
57300,3524.44,0,0,0,0,-53.02,1702,624,1671
57350,3511.24,0,1,0,0,34.02,1704,625,1671
57400,3543.59,0,0,1,0,-10.85,1704,628,1671
57450,3558.72,0,0,1,0,63.59,1705,629,1671
57500,3628.45,0,0,0,0,-45.93,1705,629,1671
57550,3625.82,0,0,0,0,22.04,1705,630,1671
57600,3615.33,0,0,-1,0,-23.82,1705,631,1671
57650,3625.82,0,0,0,0,12.31,1705,631,1671
57700,3660.32,0,0,-1,0,-10.69,1705,634,1671
57750,3663.90,0,0,-1,0,19.80,1706,636,1671
57800,3699.14,0,-1,0,0,-11.82,1709,636,1671
57850,3637.25,0,0,0,0,15.06,1710,637,1671
57900,3661.22,0,0,-1,0,-23.97,1710,639,1671
57950,3592.81,0,0,0,0,15.84,1710,640,1671
58000,3651.41,0,0,-1,0,-35.21,1710,641,1671
58050,3626.69,0,0,0,0,12.32,1710,641,1671
58100,3685.50,0,-1,0,0,-47.38,1711,642,1671
58150,3639.89,0,0,0,0,32.98,1711,643,1671
58200,3620.56,0,0,0,0,-25.17,1711,643,1671
58250,3586.80,0,0,0,0,-25.17,1711,643,1671
58300,3591.95,0,0,0,0,-47.80,1711,643,1671
58350,3586.80,0,0,0,0,22.23,1711,643,1671
58400,3610.11,0,0,0,0,-41.65,1711,643,1671
58450,3616.20,0,0,0,0,-39.09,1711,643,1671
58500,3583.37,0,0,0,0,-16.64,1711,643,1671
58550,3573.13,0,0,0,0,17.10,1711,643,1671
58600,3601.44,0,0,0,0,-49.18,1711,643,1671
58650,3591.95,0,0,0,0,-49.18,1711,643,1671
58700,3589.38,0,0,0,0,27.51,1711,643,1671
58750,3575.69,0,0,0,0,25.76,1711,643,1671
58800,3576.54,0,0,0,0,-22.04,1711,644,1671
58850,3572.28,0,0,0,0,27.43,1711,644,1671
58900,3555.34,0,0,1,0,22.05,1711,645,1671
58950,3556.19,0,0,1,0,18.65,1711,647,1671
59000,3611.85,0,0,0,0,23.13,1711,647,1671
59051,3595.40,0,0,0,0,-35.48,1711,647,1671
59101,3639.01,0,0,0,0,-52.21,1711,647,1671
59151,3615.33,0,0,-1,0,-57.04,1711,648,1671
59201,3620.56,0,0,0,0,-32.91,1711,648,1671
59251,3585.94,0,0,0,0,-32.91,1711,648,1671
59301,3611.85,0,0,0,0,24.71,1711,648,1671
59351,3604.90,0,0,0,0,-42.50,1711,648,1671
59401,3661.22,0,0,-1,0,-34.52,1711,650,1671
59451,3602.31,0,0,-1,0,20.44,1711,651,1671
59501,3631.96,0,0,0,0,-27.92,1711,651,1671
59551,3614.46,0,0,-1,0,-41.97,1711,652,1671
59601,3601.44,0,0,-1,0,-41.97,1711,652,1671
59651,3593.67,0,0,0,0,-44.94,1711,652,1671
59701,3614.46,0,0,0,0,-40.05,1711,652,1671
59751,3604.04,0,0,0,0,-20.88,1711,652,1671
59801,3594.54,0,0,-1,0,-36.74,1711,653,1671
59851,3546.10,0,0,1,0,20.23,1711,654,1671
59901,3575.69,0,0,0,0,-44.61,1711,656,1671
59951,3502.22,0,1,0,0,19.74,1713,657,1671
60001,3563.79,0,0,0,0,-31.06,1713,659,1671
60051,3573.98,0,0,0,0,11.96,1713,660,1671
60101,3582.52,0,0,0,0,11.96,1713,660,1671
60151,3575.69,0,0,0,0,24.89,1713,660,1671
60201,3609.24,0,0,0,0,24.89,1713,660,1671
60251,3545.26,0,0,1,0,19.38,1713,661,1671
60301,3598.85,0,0,1,0,19.51,1713,662,1671
60351,3596.26,0,0,0,0,29.12,1713,662,1671
60401,3642.54,0,0,-1,0,-37.64,1713,663,1671
60451,3637.25,0,0,0,0,15.06,1713,664,1671
60502,3639.01,0,0,0,0,-12.32,1713,665,1671
60552,3573.13,0,0,0,0,22.27,1713,665,1671
60602,3600.58,0,0,0,0,12.82,1713,665,1671
60652,3595.40,0,0,0,0,-45.10,1713,665,1671
60702,3633.72,0,0,0,0,-28.82,1713,665,1671
60752,3624.94,0,0,0,0,28.25,1713,666,1671
60802,3672.87,0,0,0,0,-31.21,1713,667,1671
60852,3663.00,0,0,-1,0,21.59,1714,669,1671
60902,3660.32,0,0,-1,0,2.68,1715,671,1671
60952,3653.19,0,0,-1,0,19.68,1715,673,1671
61002,3661.22,0,0,-1,0,-23.97,1715,675,1671
61052,3641.66,0,0,-1,0,30.31,1715,677,1671
61102,3593.67,0,0,0,0,16.84,1715,678,1671
61152,3572.28,0,0,0,0,19.67,1715,678,1671
61202,3598.85,0,0,0,0,11.06,1715,678,1671
61252,3592.81,0,0,0,0,-47.69,1715,678,1671
61302,3601.44,0,0,0,0,-47.69,1715,678,1671
61352,3564.64,0,0,0,0,23.02,1715,678,1671
61402,3546.10,0,0,1,0,29.59,1715,679,1671
61452,3534.40,0,0,1,0,29.39,1715,681,1671
61502,3586.80,0,0,1,0,9.29,1715,682,1671
61552,3543.59,0,0,1,0,11.76,1715,684,1671
61602,3536.07,0,0,1,0,-45.26,1717,685,1671
61654,3520.30,0,1,0,0,24.12,1719,686,1671
61704,3553.66,0,0,1,0,-22.59,1719,689,1671
61754,3580.81,0,0,0,0,26.74,1719,689,1671
61804,3571.43,0,0,0,0,468.43,1729,689,1677
61854,3626.69,0,0,0,0,401.23,1738,689,1683
61904,3659.43,0,0,-1,0,-31.86,1749,690,1691
61954,3652.30,0,0,-1,0,32.30,1750,692,1691
62004,3683.69,0,-1,0,0,-32.28,1752,693,1691
62054,3640.78,0,0,-1,0,31.19,1752,695,1691
62104,3653.19,0,0,-1,0,-37.86,1752,696,1691
62154,3652.30,0,0,-1,0,33.20,1753,697,1691
62204,3671.97,0,0,0,0,-19.67,1754,698,1691
62254,3574.83,0,0,0,0,97.14,1754,699,1691
62304,3648.75,0,0,-1,0,0.89,1756,701,1697
62354,3626.69,0,0,0,0,35.42,1756,702,1697
62404,3673.77,0,0,0,0,-48.83,1756,703,1697
62454,3640.78,0,0,-1,0,31.19,1756,705,1697
62504,3643.43,0,0,-1,0,-38.53,1756,706,1697
62554,3615.33,0,0,-1,0,-34.36,1756,707,1697
62604,3633.72,0,0,0,0,-18.39,1756,708,1697
62654,3604.90,0,0,0,0,-21.87,1756,708,1697
62704,3604.90,0,0,-1,0,-42.07,1756,709,1697
62754,3605.77,0,0,-1,0,-42.07,1756,709,1697
62804,3596.26,0,0,-1,0,-40.32,1756,710,1697
62854,3596.26,0,0,0,0,22.28,1756,710,1697
62904,3580.81,0,0,0,0,-40.99,1756,710,1697
62954,3573.13,0,0,0,0,26.58,1756,710,1697
63004,3611.85,0,0,0,0,26.57,1756,710,1697
63054,3555.34,0,0,1,0,17.79,1756,711,1697
63104,3610.11,0,0,0,0,35.92,1756,711,1697
63154,3556.19,0,0,1,0,10.15,1756,712,1697
63204,3600.58,0,0,0,0,11.96,1756,712,1697
63254,3531.90,0,0,1,0,23.44,1756,714,1697
63304,3588.52,0,0,1,0,21.06,1756,715,1697
63354,3572.28,0,0,0,0,15.38,1756,716,1697
63404,3600.58,0,0,0,0,27.43,1756,716,1697
63454,3596.26,0,0,0,0,33.39,1756,716,1697
63504,3643.43,0,0,-1,0,-40.26,1756,717,1697
63554,3605.77,0,0,0,0,-18.29,1756,717,1697
63604,3642.54,0,0,-1,0,-26.34,1756,718,1697
63654,3573.98,0,0,0,0,20.55,1756,718,1697
63704,3619.69,0,0,0,0,20.55,1756,718,1697
63754,3586.80,0,0,0,0,20.55,1756,718,1697
63804,3598.85,0,0,1,0,27.87,1756,719,1697
63854,3585.94,0,0,0,0,28.27,1756,719,1697
63904,3630.20,0,0,0,0,-44.26,1756,719,1697
63954,3562.95,0,0,0,0,18.72,1756,719,1697
64004,3573.13,0,0,0,0,26.58,1756,719,1697
64054,3628.45,0,0,0,0,456.52,1766,719,1704
64104,3560.41,0,0,0,0,521.22,1777,719,1712
64154,3626.69,0,0,0,0,373.31,1786,719,1717
64204,3605.77,0,-6,0,-5,-837.40,1796,719,1724
64254,3593.67,0,-7,0,-6,-946.16,1807,719,1731
64304,3604.90,0,-7,0,-7,-1011.54,1819,719,1739
64354,3617.94,0,-5,0,-4,-653.91,1827,719,1754
64404,3593.67,0,-5,0,-4,-739.51,1836,719,1758
64454,3639.89,0,0,0,0,411.97,1845,719,1763
64504,3583.37,0,-6,0,-6,-900.35,1856,719,1771
64555,3614.46,0,0,0,0,480.74,1867,719,1778
64605,3673.77,0,0,0,0,-47.08,1867,720,1778
64655,3649.63,0,0,-1,0,12.47,1867,722,1778
64705,3699.14,0,-1,0,0,-3.65,1869,723,1778
64755,3625.82,0,0,0,0,26.49,1870,724,1778
64805,3686.41,0,-1,0,0,-48.28,1871,725,1778
64855,3641.66,0,0,-1,0,30.31,1871,727,1778
64905,3639.01,0,0,0,0,-1.76,1871,728,1778
64955,3638.13,0,0,0,0,23.09,1871,729,1778
65005,3616.20,0,0,0,0,23.09,1871,730,1778
65055,3586.80,0,0,0,0,23.09,1871,730,1778
65105,3629.32,0,0,0,0,-46.81,1871,730,1778
65155,3604.04,0,0,0,0,-46.81,1871,730,1778
65205,3585.94,0,0,0,0,-26.17,1871,730,1778
65255,3572.28,0,0,0,0,17.96,1871,730,1778
65305,3557.03,0,0,1,0,19.51,1871,731,1778
65355,3544.42,0,0,1,0,32.11,1871,733,1778
65405,3589.38,0,0,0,0,34.18,1871,733,1778
65455,3576.54,0,0,0,0,24.04,1871,733,1778
65505,3623.19,0,0,0,0,-44.94,1871,733,1778
65555,3595.40,0,0,0,0,-44.94,1871,733,1778
65605,3653.19,0,0,-1,0,-49.15,1871,734,1778
65655,3582.52,0,0,-1,0,-49.15,1871,734,1778
65705,3648.75,0,0,-1,0,-52.49,1871,735,1778
65755,3625.82,0,0,0,0,27.37,1871,736,1778
65805,3652.30,0,0,-1,0,-38.71,1871,738,1778
65855,3580.81,0,0,-1,0,-38.71,1871,738,1778
65905,3618.82,0,0,-1,0,-38.71,1871,738,1778
65955,3545.26,0,0,1,0,21.92,1871,739,1778
66006,3563.79,0,0,0,0,-31.06,1871,741,1778
66056,3556.19,0,0,1,0,19.50,1871,743,1778
66106,3565.49,0,0,0,0,8.50,1871,743,1778
66156,3564.64,0,0,0,0,22.16,1871,744,1778
66206,3620.56,0,0,0,0,-33.76,1871,744,1778
66257,3556.19,0,0,1,0,15.24,1871,745,1778
66307,3546.10,0,0,1,0,16.85,1871,746,1778
66357,3595.40,0,-4,0,-4,-737.95,1879,746,1783
66407,3501.40,0,1,0,0,371.57,1887,746,1806
66457,3578.24,0,0,0,0,81.18,1888,747,1813
66507,3572.28,0,0,0,0,19.67,1888,748,1813
66557,3618.82,0,0,0,0,19.67,1888,748,1813
66607,3615.33,0,0,-1,0,-45.38,1888,749,1813
66657,3614.46,0,0,-1,0,-50.36,1888,750,1813
66707,3593.67,0,0,-1,0,-50.36,1888,750,1813
66757,3595.40,0,0,0,0,-46.22,1888,750,1813
66807,3596.26,0,0,0,0,33.30,1888,750,1813
66857,3633.72,0,0,0,0,-27.08,1888,750,1813
66907,3615.33,0,0,-1,0,-45.69,1888,751,1813
66957,3572.28,0,0,0,0,9.38,1888,751,1813
67007,3595.40,0,0,1,0,13.56,1888,752,1813
67057,3642.54,0,0,-1,0,-31.57,1888,753,1813
67107,3627.57,0,0,0,0,16.75,1888,754,1813
67158,3662.11,0,0,-1,0,-27.51,1888,756,1813
67208,3606.64,0,-1,0,0,-128.00,1889,756,1813
67258,3648.75,0,0,-1,0,127.69,1892,757,1823
67308,3652.30,0,0,-1,0,292.99,1898,758,1826
67358,3687.32,0,-1,0,0,20.97,1911,758,1834
67408,3723.01,0,-1,0,0,-36.60,1914,758,1834
67458,3663.00,0,0,-1,0,24.31,1916,759,1834
67508,3648.75,0,0,-1,0,15.15,1917,761,1834
67558,3596.26,0,0,0,0,27.31,1917,761,1834
67608,3610.98,0,0,0,0,27.31,1917,761,1834
67658,3573.98,0,0,0,0,14.54,1917,761,1834
67708,3600.58,0,0,0,0,23.88,1917,761,1834
67758,3572.28,0,0,0,0,19.67,1917,761,1834
67808,3610.98,0,0,0,0,19.67,1917,761,1834
67858,3604.90,0,0,0,0,-42.52,1917,761,1834
67908,3556.19,0,0,1,0,21.20,1917,762,1834
67958,3564.64,0,0,0,0,21.30,1917,763,1834
68008,3576.54,0,0,0,0,-18.66,1917,764,1834
68058,3598.85,0,0,1,0,25.40,1917,765,1834
68108,3583.37,0,-6,0,-6,-886.92,1928,765,1841
68158,3601.44,0,0,0,0,468.33,1938,765,1848
68208,3555.34,0,0,1,0,37.47,1938,766,1848
68258,3562.10,0,0,0,0,367.69,1946,766,1853
68308,3501.40,0,1,0,0,326.11,1952,766,1880
68358,3546.10,0,0,1,0,197.35,1954,767,1890
68408,3509.59,0,1,0,0,25.64,1956,768,1890
68458,3577.39,0,0,0,0,-55.44,1957,769,1890
68508,3521.95,0,1,0,0,41.84,1958,770,1890
68558,3587.66,0,0,1,0,12.69,1958,771,1890
68608,3544.42,0,0,1,0,22.76,1958,772,1890
68658,3598.85,0,0,1,0,20.34,1958,773,1890
68708,3596.26,0,0,0,0,27.42,1958,773,1890
68758,3619.69,0,0,0,0,27.42,1958,773,1890
68808,3604.04,0,0,0,0,-41.87,1958,773,1890
68858,3650.52,0,0,-1,0,-23.83,1958,775,1890
68908,3604.90,0,0,0,0,2.63,1958,775,1890
68958,3661.22,0,0,-1,0,-35.40,1958,777,1890
69008,3638.13,0,0,0,0,22.19,1958,779,1890
69058,3695.49,0,-1,0,0,-42.30,1959,780,1890
69108,3615.33,0,0,0,0,30.94,1959,781,1890
69158,3642.54,0,0,-1,0,-28.96,1959,783,1890
69208,3638.13,0,0,0,0,23.98,1959,784,1890
69258,3627.57,0,0,0,0,2.63,1959,784,1890
69308,3615.33,0,0,0,0,-29.68,1959,784,1890
69358,3616.20,0,0,0,0,41.67,1959,785,1890
69408,3604.90,0,0,0,0,-41.65,1959,785,1890
69458,3662.11,0,0,-1,0,-41.54,1959,787,1890
69508,3637.25,0,0,0,0,27.55,1959,788,1890
69558,3626.69,0,0,0,0,38.10,1959,790,1890
69608,3604.90,0,0,0,0,-36.67,1959,790,1890
69658,3588.52,0,0,0,0,6.80,1959,790,1890
69708,3594.54,0,0,0,0,22.18,1959,790,1890
69758,3631.96,0,0,0,0,-28.79,1959,790,1890
69808,3603.17,0,0,-1,0,-41.93,1959,791,1890
69858,3586.80,0,0,1,0,21.20,1959,792,1890
69908,3596.26,0,0,0,0,11.97,1959,792,1890
69958,3622.31,0,0,0,0,-17.41,1959,792,1890
70008,3604.04,0,0,0,0,-29.61,1959,792,1890
70059,3586.80,0,0,0,0,-34.09,1959,792,1890
70109,3572.28,0,0,0,0,17.10,1959,792,1890
70159,3597.12,0,0,1,0,34.89,1959,793,1890
70209,3586.80,0,0,1,0,34.89,1959,793,1890
70259,3600.58,0,0,0,0,25.76,1959,793,1890
70309,3605.77,0,0,0,0,25.76,1959,793,1890
70359,3594.54,0,0,-1,0,-35.89,1959,794,1890
70409,3524.44,0,0,0,0,41.05,1959,794,1890
70459,3460.21,0,1,0,0,20.07,1962,794,1890
70509,3377.62,0,2,0,0,31.47,1968,794,1890
70559,3298.88,1,3,0,0,18.97,1977,794,1890
70609,3243.24,0,4,0,0,28.29,1985,794,1890
70659,3161.89,0,5,0,0,26.21,1999,794,1890
70709,3109.45,0,6,0,0,25.34,2011,794,1890
70759,3029.69,0,7,0,1,330.52,2031,794,1912
70809,2979.15,0,8,0,0,13.67,2046,794,1912
70859,2974.42,0,8,0,0,138.90,2071,794,1965
70909,2830.72,0,10,0,0,35.70,2090,794,1965
70959,2755.33,9,10,0,0,25.54,2120,794,1965
71009,2708.56,4,11,0,0,13.27,2142,794,1965
71059,2651.58,2,12,0,2,12.24,2166,794,1975
71109,2598.75,0,13,0,2,14.03,2191,794,1984
71159,2546.26,0,13,0,1,8.24,2217,794,1992
71209,2488.80,0,14,0,1,10.37,2245,794,2001
71259,2432.30,0,15,0,2,13.88,2274,794,2009
71309,2385.88,0,15,0,0,3.42,2304,794,2015
71359,2331.00,0,16,0,0,0.36,2336,794,2023
71409,2279.98,1,17,0,0,1.39,2370,794,2030
71459,2226.51,4,17,0,0,0.33,2404,794,2038
71510,2172.02,11,18,0,0,4.10,2440,794,2045
71560,2124.34,18,19,0,0,3.01,2478,794,2051
71610,2076.70,3,19,0,6,47.65,2497,794,2057
71660,2025.38,11,20,0,5,44.72,2536,794,2062
71710,1976.28,22,21,0,5,42.29,2577,794,2067
71760,1969.80,0,21,0,0,6.49,2598,794,2067
71810,1921.11,11,21,0,0,5.18,2640,794,2072
71860,1875.23,27,22,0,5,45.87,2662,794,2077
71910,1825.71,28,23,0,5,44.62,2707,794,2082
71960,1819.95,23,23,0,0,5.76,2730,794,2082
72010,1770.75,23,23,0,0,4.40,2776,794,2087
72060,1724.14,29,24,0,5,46.61,2800,794,2092
72110,1671.68,30,25,0,5,52.26,2849,794,2097
72160,1672.80,25,25,0,0,-1.12,2874,794,2097
72210,1621.27,30,25,0,5,51.53,2899,794,2102
72260,1571.67,31,26,0,5,52.06,2950,794,2107
72310,1571.34,26,26,0,0,0.33,2976,794,2107
72360,1519.45,32,27,0,5,51.89,3003,794,2112
72410,1518.83,27,27,0,0,0.62,3030,794,2112
72460,1545.12,12,26,0,-14,-144.16,3084,794,2136
72510,1414.69,40,28,0,12,130.42,3112,794,2148
72560,1417.64,28,28,0,0,-2.94,3140,794,2148
72610,1363.14,33,29,0,4,54.49,3169,794,2152
72660,1363.76,29,29,0,0,-0.62,3198,794,2152
72710,1310.39,33,29,0,4,53.37,3227,794,2156
72760,1310.73,29,29,0,0,-0.34,3256,794,2156
72810,1254.60,34,30,0,4,56.13,3286,794,2160
72860,1225.19,32,30,0,2,29.41,3316,794,2162
72910,1197.51,33,31,0,2,27.68,3347,794,2164
72960,1197.80,31,31,0,0,-0.29,3378,794,2164
73010,1178.23,32,31,0,1,19.57,3409,794,2165
73060,1147.32,33,31,0,2,30.91,3440,794,2167
73110,1086.80,36,32,0,4,60.52,3472,794,2171
73160,1089.40,32,32,0,0,-2.60,3504,794,2171
73210,1035.48,36,33,0,3,53.92,3537,794,2174
73260,1025.29,33,33,0,0,10.19,3570,794,2174
73310,959.20,38,34,0,4,66.09,3604,794,2178
73360,959.20,38,34,0,4,66.09,3604,794,2178
73410,964.32,34,34,0,0,-5.12,3638,794,2178
73460,899.87,38,35,0,3,64.45,3673,794,2181
73510,897.77,35,35,0,0,2.10,3708,794,2181
73560,897.77,35,35,0,0,2.10,3708,794,2181
73610,826.63,39,36,0,3,71.15,3744,794,2184
73660,828.68,36,36,0,0,-2.06,3780,794,2184
73710,828.68,36,36,0,0,-2.06,3780,794,2184
73760,761.81,39,36,0,3,66.88,3816,794,2187
73810,751.13,37,37,0,0,10.68,3853,794,2187
73860,751.13,37,37,0,0,10.68,3853,794,2187
73910,685.21,40,37,0,3,65.91,3890,794,2190
73960,685.21,40,37,0,3,65.91,3890,794,2190
74010,663.13,38,38,0,0,22.08,3928,794,2190
74060,663.13,38,38,0,0,22.08,3928,794,2190
74110,589.48,41,39,0,2,73.65,3967,794,2192
74160,589.48,41,39,0,2,73.65,3967,794,2192
74210,563.15,39,39,0,0,26.34,4006,794,2192
74260,563.15,39,39,0,0,26.34,4006,794,2192
74310,563.15,39,39,0,0,26.34,4006,794,2192
74360,477.14,42,40,0,2,86.00,4046,794,2194
74411,477.14,42,40,0,2,86.00,4046,794,2194
74461,436.07,42,41,0,1,41.07,4087,794,2195
74511,436.07,42,41,0,1,41.07,4087,794,2195
74561,436.07,42,41,0,1,41.07,4087,794,2195
74611,436.07,42,41,0,1,41.07,4087,794,2195
74661,317.84,44,42,0,2,118.23,4129,794,2197
74711,317.84,44,42,0,2,118.23,4129,794,2197
74761,317.84,44,42,0,2,118.23,4129,794,2197
74811,317.84,44,42,0,2,118.23,4129,794,2197
75669,58.53,-44,42,0,2,118.23,4129,794,2197
75719,58.53,-44,42,0,2,118.23,4129,794,2197
75769,58.53,-44,42,0,2,118.23,4129,794,2197
75819,58.53,-44,42,0,2,118.23,4129,794,2197
75869,58.53,-44,42,0,2,118.23,4129,794,2197
75919,0.00,-44,42,0,2,118.23,4129,794,2197
75969,0.00,-44,42,0,2,118.23,4129,794,2197
76019,0.00,-44,42,0,2,118.23,4129,794,2197
76069,0.00,-44,42,0,2,118.23,4129,794,2197
76119,0.00,-44,42,0,2,118.23,4129,794,2197
76169,0.00,-44,42,0,2,118.23,4129,794,2197
76219,0.00,-44,42,0,2,118.23,4129,794,2197
76269,0.00,-44,42,0,2,118.23,4129,794,2197
76319,0.00,-44,42,0,2,118.23,4129,794,2197
76369,0.00,-44,42,0,2,118.23,4129,794,2197
76419,0.00,-44,42,0,2,118.23,4129,794,2197
76469,0.00,-44,42,0,2,118.23,4129,794,2197
76519,0.00,-44,42,0,2,118.23,4129,794,2197
76569,0.00,-44,42,0,2,118.23,4129,794,2197
76619,0.00,-44,42,0,2,118.23,4129,794,2197
76669,0.00,-44,42,0,2,118.23,4129,794,2197
76719,0.00,-44,42,0,2,118.23,4129,794,2197
76769,0.00,-44,42,0,2,118.23,4129,794,2197
76819,0.00,-44,42,0,2,118.23,4129,794,2197
76869,0.00,-44,42,0,2,118.23,4129,794,2197
76919,0.00,-44,42,0,2,118.23,4129,794,2197
76969,0.00,-44,42,0,2,118.23,4129,794,2197
77019,0.00,-44,42,0,2,118.23,4129,794,2197
77069,0.00,-44,42,0,2,118.23,4129,794,2197
77119,0.00,-44,42,0,2,118.23,4129,794,2197
77169,0.00,-44,42,0,2,118.23,4129,794,2197
77219,0.00,-44,42,0,2,118.23,4129,794,2197
77270,0.00,-44,42,0,2,118.23,4129,794,2197
77320,0.00,-44,42,0,2,118.23,4129,794,2197
77370,0.00,-44,42,0,2,118.23,4129,794,2197
77420,0.00,-44,42,0,2,118.23,4129,794,2197
77470,0.00,-44,42,0,2,118.23,4129,794,2197
77520,0.00,-44,42,0,2,118.23,4129,794,2197
77570,0.00,-44,42,0,2,118.23,4129,794,2197
77620,0.00,-44,42,0,2,118.23,4129,794,2197
77670,0.00,-44,42,0,2,118.23,4129,794,2197
77720,0.00,-44,42,0,2,118.23,4129,794,2197
77770,0.00,-44,42,0,2,118.23,4129,794,2197
77820,0.00,-44,42,0,2,118.23,4129,794,2197
77870,0.00,-44,42,0,2,118.23,4129,794,2197
77920,0.00,-44,42,0,2,118.23,4129,794,2197
77970,0.00,-44,42,0,2,118.23,4129,794,2197
78020,0.00,-44,42,0,2,118.23,4129,794,2197
78070,0.00,-44,42,0,2,118.23,4129,794,2197
78120,0.00,-44,42,0,2,118.23,4129,794,2197
78170,0.00,-44,42,0,2,118.23,4129,794,2197
78220,0.00,-44,42,0,2,118.23,4129,794,2197
78270,0.00,-44,42,0,2,118.23,4129,794,2197
78320,0.00,-44,42,0,2,118.23,4129,794,2197
78370,0.00,-44,42,0,2,118.23,4129,794,2197
78420,0.00,-44,42,0,2,118.23,4129,794,2197
78470,0.00,-44,42,0,2,118.23,4129,794,2197
78520,0.00,-44,42,0,2,118.23,4129,794,2197
78570,0.00,-44,42,0,2,118.23,4129,794,2197
78620,0.00,-44,42,0,2,118.23,4129,794,2197
78670,0.00,-44,42,0,2,118.23,4129,794,2197
78720,0.00,-44,42,0,2,118.23,4129,794,2197
78770,0.00,-44,42,0,2,118.23,4129,794,2197
78820,0.00,-44,42,0,2,118.23,4129,794,2197
78870,0.00,-44,42,0,2,118.23,4129,794,2197
78920,0.00,-44,42,0,2,118.23,4129,794,2197
78970,0.00,-44,42,0,2,118.23,4129,794,2197
79020,0.00,-44,42,0,2,118.23,4129,794,2197
79070,0.00,-44,42,0,2,118.23,4129,794,2197
79120,0.00,-44,42,0,2,118.23,4129,794,2197
79170,0.00,-44,42,0,2,118.23,4129,794,2197
79220,0.00,-44,42,0,2,118.23,4129,794,2197
79270,0.00,-44,42,0,2,118.23,4129,794,2197
79320,0.00,-44,42,0,2,118.23,4129,794,2197
79370,0.00,-44,42,0,2,118.23,4129,794,2197
79420,0.00,-44,42,0,2,118.23,4129,794,2197
79470,0.00,-44,42,0,2,118.23,4129,794,2197
79520,0.00,-44,42,0,2,118.23,4129,794,2197
79570,0.00,-44,42,0,2,118.23,4129,794,2197
79620,0.00,-44,42,0,2,118.23,4129,794,2197
79670,0.00,-44,42,0,2,118.23,4129,794,2197
79720,0.00,-44,42,0,2,118.23,4129,794,2197
79770,0.00,-44,42,0,2,118.23,4129,794,2197
79820,0.00,-44,42,0,2,118.23,4129,794,2197
79870,0.00,-44,42,0,2,118.23,4129,794,2197
79920,0.00,-44,42,0,2,118.23,4129,794,2197
79970,0.00,-44,42,0,2,118.23,4129,794,2197
80020,0.00,-44,42,0,2,118.23,4129,794,2197
80070,0.00,-44,42,0,2,118.23,4129,794,2197
80120,0.00,-44,42,0,2,118.23,4129,794,2197
80171,0.00,-44,42,0,2,118.23,4129,794,2197
80221,0.00,-44,42,0,2,118.23,4129,794,2197
