Microcontroller Governor - No Load
Trial: 6
Date: 4-5-2023
Time: 2:54 PM
Ambient Temp: 83
Head Temp: 200.4

------ Microcontroller Engine Governor - Version: 1.16 ------
-------------------------------------------------------------
PID Gains:  Kp: 0.013  KpAlt: 0.025  Kd: 0.100  KdAlt: 4.000
-------------------------------------------------------------
Set RPM:             3600    |  Min RPM:                 300
                             |
RPM Precision:       20      |  PID Kp Alt Range:        70
                             |
Start Steps:         850     |  Max Steps:               1200
                             |
RPM Calc Interval:   1       |  Num Magnets:             1
                             |
LCD Update Interval: 400     |  Serial Update Interval:  50
-------------------------------------------------------------

Time,RPM,Steps Remaining, PID p, PID p Alt, PID d, RPM Change, P Cmd, P Alt Cmd, D Cmd
1731,0.00,0,0,0,0,0.00,0,0,0
1781,0.00,0,0,0,0,0.00,0,0,0
1831,0.00,0,0,0,0,0.00,0,0,0
1881,0.00,0,0,0,0,0.00,0,0,0
1931,0.00,0,0,0,0,0.00,0,0,0
1981,0.00,0,0,0,0,0.00,0,0,0
2031,0.00,0,0,0,0,0.00,0,0,0
2081,0.00,0,0,0,0,0.00,0,0,0
2131,0.00,0,0,0,0,0.00,0,0,0
2181,0.00,0,0,0,0,0.00,0,0,0
2231,0.00,0,0,0,0,0.00,0,0,0
2281,0.00,0,0,0,0,0.00,0,0,0
2331,0.00,0,0,0,0,0.00,0,0,0
2381,0.00,0,0,0,0,0.00,0,0,0
2432,0.00,0,0,0,0,0.00,0,0,0
2482,0.00,0,0,0,0,0.00,0,0,0
2532,0.00,0,0,0,0,0.00,0,0,0
2582,0.00,0,0,0,0,0.00,0,0,0
2632,0.00,0,0,0,0,0.00,0,0,0
2682,0.00,0,0,0,0,0.00,0,0,0
2732,0.00,0,0,0,0,0.00,0,0,0
2782,0.00,0,0,0,0,0.00,0,0,0
2832,0.00,0,0,0,0,0.00,0,0,0
2882,0.00,0,0,0,0,0.00,0,0,0
2932,0.00,0,0,0,0,0.00,0,0,0
2982,0.00,0,0,0,0,0.00,0,0,0
3032,0.00,0,0,0,0,0.00,0,0,0
3082,0.00,0,0,0,0,0.00,0,0,0
3132,0.00,0,0,0,0,0.00,0,0,0
3182,0.00,0,0,0,0,0.00,0,0,0
3232,0.00,0,0,0,0,0.00,0,0,0
3282,0.00,0,0,0,0,0.00,0,0,0
3332,0.00,0,0,0,0,0.00,0,0,0
3382,0.00,0,0,0,0,0.00,0,0,0
3432,0.00,0,0,0,0,0.00,0,0,0
3482,0.00,0,0,0,0,0.00,0,0,0
3532,0.00,0,0,0,0,0.00,0,0,0
3582,0.00,0,0,0,0,0.00,0,0,0
3632,0.00,0,0,0,0,0.00,0,0,0
3682,0.00,0,0,0,0,0.00,0,0,0
3732,0.00,0,0,0,0,0.00,0,0,0
3782,0.00,0,0,0,0,0.00,0,0,0
3832,0.00,0,0,0,0,0.00,0,0,0
3883,0.00,0,0,0,0,0.00,0,0,0
3933,0.00,0,0,0,0,0.00,0,0,0
3983,0.00,0,0,0,0,0.00,0,0,0
4033,0.00,0,0,0,0,0.00,0,0,0
4083,0.00,0,0,0,0,0.00,0,0,0
4133,0.00,0,0,0,0,0.00,0,0,0
4183,0.00,0,0,0,0,0.00,0,0,0
4233,0.00,0,0,0,0,0.00,0,0,0
4283,0.00,0,0,0,0,0.00,0,0,0
4333,0.00,0,0,0,0,0.00,0,0,0
4383,0.00,0,0,0,0,0.00,0,0,0
4433,0.00,0,0,0,0,0.00,0,0,0
4483,0.00,0,0,0,0,0.00,0,0,0
4533,0.00,0,0,0,0,0.00,0,0,0
4583,0.00,0,0,0,0,0.00,0,0,0
4633,0.00,0,0,0,0,0.00,0,0,0
4683,0.00,0,0,0,0,0.00,0,0,0
4733,0.00,0,0,0,0,0.00,0,0,0
4783,0.00,0,0,0,0,0.00,0,0,0
4833,0.00,0,0,0,0,0.00,0,0,0
4883,0.00,0,0,0,0,0.00,0,0,0
4933,0.00,0,0,0,0,0.00,0,0,0
4983,0.00,0,0,0,0,0.00,0,0,0
5033,0.00,0,0,0,0,0.00,0,0,0
5083,0.00,0,0,0,0,0.00,0,0,0
5133,0.00,0,0,0,0,0.00,0,0,0
5183,0.00,0,0,0,0,0.00,0,0,0
5233,0.00,0,0,0,0,0.00,0,0,0
5283,0.00,0,0,0,0,0.00,0,0,0
5334,0.00,0,0,0,0,0.00,0,0,0
5384,0.00,0,0,0,0,0.00,0,0,0
5434,0.00,0,0,0,0,0.00,0,0,0
5484,0.00,0,0,0,0,0.00,0,0,0
5534,0.00,0,0,0,0,0.00,0,0,0
5584,0.00,0,0,0,0,0.00,0,0,0
5634,0.00,0,0,0,0,0.00,0,0,0
5684,0.00,0,0,0,0,0.00,0,0,0
5734,0.00,0,0,0,0,0.00,0,0,0
5784,0.00,0,0,0,0,0.00,0,0,0
5834,0.00,0,0,0,0,0.00,0,0,0
5884,0.00,0,0,0,0,0.00,0,0,0
5934,0.00,0,0,0,0,0.00,0,0,0
5984,0.00,0,0,0,0,0.00,0,0,0
6034,0.00,0,0,0,0,0.00,0,0,0
6084,0.00,0,0,0,0,0.00,0,0,0
6134,0.00,0,0,0,0,0.00,0,0,0
6184,0.00,0,0,0,0,0.00,0,0,0
6234,0.00,0,0,0,0,0.00,0,0,0
6284,0.00,0,0,0,0,0.00,0,0,0
6334,0.00,0,0,0,0,0.00,0,0,0
6384,0.00,0,0,0,0,0.00,0,0,0
6434,0.00,0,0,0,0,0.00,0,0,0
6484,0.00,0,0,0,0,0.00,0,0,0
6534,0.00,0,0,0,0,0.00,0,0,0
6584,0.00,0,0,0,0,0.00,0,0,0
6634,0.00,0,0,0,0,0.00,0,0,0
6684,0.00,0,0,0,0,0.00,0,0,0
6734,0.00,0,0,0,0,0.00,0,0,0
6784,0.00,0,0,0,0,0.00,0,0,0
6834,0.00,0,0,0,0,0.00,0,0,0
6884,0.00,0,0,0,0,0.00,0,0,0
6934,0.00,0,0,0,0,0.00,0,0,0
6984,0.00,0,0,0,0,0.00,0,0,0
7034,0.00,0,0,0,0,0.00,0,0,0
7084,0.00,0,0,0,0,0.00,0,0,0
7134,0.00,0,0,0,0,0.00,0,0,0
7184,0.00,0,0,0,0,0.00,0,0,0
7234,0.00,0,0,0,0,0.00,0,0,0
7284,0.00,0,0,0,0,0.00,0,0,0
7334,0.00,0,0,0,0,0.00,0,0,0
7384,0.00,0,0,0,0,0.00,0,0,0
7434,0.00,0,0,0,0,0.00,0,0,0
7484,0.00,0,0,0,0,0.00,0,0,0
7534,0.00,0,0,0,0,0.00,0,0,0
7584,0.00,0,0,0,0,0.00,0,0,0
7634,0.00,0,0,0,0,0.00,0,0,0
7684,0.00,0,0,0,0,0.00,0,0,0
7734,0.00,0,0,0,0,0.00,0,0,0
7784,0.00,0,0,0,0,0.00,0,0,0
7834,0.00,0,0,0,0,0.00,0,0,0
7884,0.00,0,0,0,0,0.00,0,0,0
7934,0.00,0,0,0,0,0.00,0,0,0
7984,0.00,0,0,0,0,0.00,0,0,0
8034,0.00,0,0,0,0,0.00,0,0,0
8084,0.00,0,0,0,0,0.00,0,0,0
8134,0.00,0,0,0,0,0.00,0,0,0
8184,0.00,0,0,0,0,0.00,0,0,0
8235,0.00,0,0,0,0,0.00,0,0,0
8285,0.00,0,0,0,0,0.00,0,0,0
8335,0.00,0,0,0,0,0.00,0,0,0
8385,0.00,0,0,0,0,0.00,0,0,0
8435,0.00,0,0,0,0,0.00,0,0,0
8485,0.00,0,0,0,0,0.00,0,0,0
8535,0.00,0,0,0,0,0.00,0,0,0
8585,0.00,0,0,0,0,0.00,0,0,0
8635,0.00,0,0,0,0,0.00,0,0,0
8685,0.00,0,0,0,0,0.00,0,0,0
8735,0.00,0,0,0,0,0.00,0,0,0
8785,0.00,0,0,0,0,0.00,0,0,0
8835,0.00,0,0,0,0,0.00,0,0,0
8885,0.00,0,0,0,0,0.00,0,0,0
8935,0.00,0,0,0,0,0.00,0,0,0
8985,0.00,0,0,0,0,0.00,0,0,0
9035,0.00,0,0,0,0,0.00,0,0,0
9085,0.00,0,0,0,0,0.00,0,0,0
9135,0.00,0,0,0,0,0.00,0,0,0
9185,0.00,0,0,0,0,0.00,0,0,0
9235,0.00,0,0,0,0,0.00,0,0,0
9285,0.00,0,0,0,0,0.00,0,0,0
9335,0.00,0,0,0,0,0.00,0,0,0
9385,0.00,0,0,0,0,0.00,0,0,0
9435,0.00,0,0,0,0,0.00,0,0,0
9485,0.00,0,0,0,0,0.00,0,0,0
9535,0.00,0,0,0,0,0.00,0,0,0
9585,0.00,0,0,0,0,0.00,0,0,0
9635,0.00,0,0,0,0,0.00,0,0,0
9686,0.00,0,0,0,0,0.00,0,0,0
9736,0.00,0,0,0,0,0.00,0,0,0
9786,0.00,0,0,0,0,0.00,0,0,0
9836,0.00,0,0,0,0,0.00,0,0,0
9886,0.00,0,0,0,0,0.00,0,0,0
9936,0.00,0,0,0,0,0.00,0,0,0
9986,0.00,0,0,0,0,0.00,0,0,0
10036,0.00,0,0,0,0,0.00,0,0,0
10086,0.00,0,0,0,0,0.00,0,0,0
10136,0.00,0,0,0,0,0.00,0,0,0
10186,0.00,0,0,0,0,0.00,0,0,0
10236,0.00,0,0,0,0,0.00,0,0,0
10286,0.00,0,0,0,0,0.00,0,0,0
10336,0.00,0,0,0,0,0.00,0,0,0
10386,0.00,0,0,0,0,0.00,0,0,0
10436,0.00,0,0,0,0,0.00,0,0,0
10486,0.00,0,0,0,0,0.00,0,0,0
10536,0.00,0,0,0,0,0.00,0,0,0
10586,0.00,0,0,0,0,0.00,0,0,0
10636,0.00,0,0,0,0,0.00,0,0,0
10686,inf,0,0,0,0,inf,0,0,0
10736,inf,0,0,0,0,inf,0,0,0
10786,478.35,27,40,0,0,inf,40,0,0
10836,985.61,0,33,0,-33,-507.26,73,0,33
10886,985.61,0,33,0,-33,-507.26,73,0,33
10936,916.48,2,34,0,4,69.13,107,0,37
10986,917.66,13,34,0,0,-1.18,141,0,37
11036,898.96,32,35,0,1,18.70,176,0,38
11086,1236.20,0,30,0,-28,-337.24,206,0,66
11136,1240.59,24,30,0,0,-4.40,236,0,66
11186,1524.24,0,26,0,-29,-283.64,262,0,95
11236,1542.73,0,26,0,-1,-18.50,288,0,96
11286,1844.34,7,22,0,-2,-19.30,333,0,132
11336,2089.43,12,19,0,-1,-11.58,371,0,166
11386,2293.58,12,16,0,-1,-12.56,404,0,196
11436,2520.58,-1,14,0,-18,-109.01,433,0,232
11486,2611.88,7,12,0,3,19.24,457,0,254
11536,2728.76,0,11,0,0,21.51,479,0,254
11586,2969.71,6,8,0,0,-124.49,505,0,254
11636,3082.61,0,6,0,0,-122.28,519,0,254
11686,3179.31,0,5,0,0,15.57,535,0,254
11736,3280.12,0,4,0,0,7.91,543,0,254
11786,3477.86,0,1,0,0,145.33,549,0,271
11836,3543.59,0,0,1,0,15.13,550,2,271
11886,3700.96,0,-1,0,0,-96.06,551,2,271
11936,3737.85,0,-1,0,0,23.43,555,2,271
11986,3783.10,0,-2,0,0,25.94,567,2,275
12036,3848.13,0,-3,0,0,-24.52,575,2,275
12086,3860.01,0,-3,0,0,14.96,584,2,275
12136,3952.57,0,-4,0,0,-64.54,595,2,275
12187,3956.74,-3,-4,0,0,-42.33,611,2,275
12237,3942.18,0,-4,0,0,25.02,623,2,275
12288,3926.70,0,-4,0,0,28.99,635,2,275
12338,3873.97,0,-3,0,0,13.05,644,2,275
12388,3927.73,-1,-4,0,0,25.88,660,2,276
12438,3901.17,0,-3,0,0,13.23,671,2,276
12488,3875.97,0,-3,0,0,38.44,681,2,276
12538,3901.17,0,-3,0,0,-27.20,691,2,276
12588,3898.13,-1,-3,0,0,-11.11,704,2,278
12638,3875.97,0,-3,0,0,25.20,713,2,278
12688,3913.38,0,-4,0,0,-38.42,724,2,278
12738,3874.97,0,-3,0,0,38.42,734,2,278
12788,3836.32,-2,-3,0,0,25.68,746,2,278
12838,3810.98,0,-2,0,0,38.14,754,2,278
12888,3760.34,0,-2,0,0,0.94,760,2,278
12938,3734.13,0,-1,0,0,15.87,764,2,278
12988,3663.90,0,0,-1,0,22.51,766,3,278
13038,3671.97,0,0,0,0,-8.07,767,4,278
13088,3652.30,0,0,-1,0,24.17,767,5,278
13138,3661.22,0,0,-1,0,-31.01,767,6,278
13188,3586.80,0,0,0,0,30.13,767,6,278
13238,3623.19,0,0,0,0,-47.50,767,6,278
13288,3545.26,0,0,1,0,28.72,767,7,278
13338,3554.50,0,0,1,0,-10.08,767,9,278
13388,3543.59,0,0,1,0,21.90,767,11,278
13438,3564.64,0,0,0,0,-20.22,767,12,278
13488,3554.50,0,0,1,0,34.01,767,13,278
13538,3578.24,0,0,0,0,-14.45,767,13,278
13588,3591.95,0,0,0,0,2.56,767,13,278
13638,3589.38,0,0,0,0,32.70,767,13,278
13688,3543.59,0,0,1,0,23.60,767,14,278
13739,3600.58,0,0,0,0,11.06,767,14,278
13789,3596.26,0,0,0,0,25.74,767,14,278
13839,3592.81,0,0,0,0,-38.34,767,14,278
13889,3545.26,0,0,1,0,17.68,767,15,278
13939,3588.52,0,0,0,0,7.66,767,15,278
13989,3585.94,0,0,0,0,8.56,767,15,278
14039,3631.96,0,0,0,0,-27.06,767,15,278
14089,3604.04,0,0,-1,0,-29.84,767,16,278
14139,3610.11,0,0,-1,0,-29.84,767,16,278
14189,3586.80,0,0,-1,0,-29.84,767,16,278
14239,3535.23,0,0,1,0,29.40,767,17,278
14289,3591.95,0,0,0,0,28.28,767,18,278
14339,3610.11,0,0,0,0,28.28,767,18,278
14389,3604.90,0,0,0,0,-47.06,767,18,278
14439,3639.01,0,0,0,0,-45.34,767,18,278
14489,3615.33,0,0,-1,0,-30.71,767,19,278
14539,3662.11,0,0,-1,0,-23.98,767,21,278
14589,3605.77,0,0,0,0,31.03,767,21,278
14639,3652.30,0,0,-1,0,-35.23,767,22,278
14689,3637.25,0,0,0,0,24.86,767,23,278
14739,3652.30,0,0,-1,0,-47.40,767,24,278
14789,3626.69,0,0,0,0,35.42,767,25,278
14839,3649.63,0,0,-1,0,-8.86,767,27,278
14889,3573.98,0,0,0,0,20.55,767,27,278
14939,3610.11,0,0,0,0,20.55,767,27,278
14989,3604.90,0,0,0,0,-36.51,767,27,278
15039,3614.46,0,0,0,0,-23.54,767,27,278
15089,3604.04,0,0,0,0,-42.52,767,27,278
15139,3639.01,0,0,0,0,-45.34,767,27,278
15190,3596.26,0,0,0,0,-45.34,767,27,278
15240,3610.98,0,0,0,0,-45.34,767,27,278
15290,3596.26,0,0,0,0,-45.34,767,27,278
15340,3642.54,0,0,-1,0,-37.64,767,28,278
15390,3573.13,0,0,0,0,21.41,767,28,278
15440,3568.03,0,0,0,0,7.66,767,28,278
15490,3563.79,0,0,0,0,23.87,767,29,278
15540,3600.58,0,0,0,0,11.91,767,29,278
15590,3567.18,0,0,0,0,11.06,767,29,278
15640,3610.98,0,0,0,0,32.55,767,29,278
15690,3543.59,0,0,1,0,12.60,767,31,278
15740,3553.66,0,0,1,0,-19.26,767,33,278
15791,3546.10,0,0,1,0,21.93,767,34,278
15841,3575.69,0,0,0,0,-30.42,767,35,278
15891,3564.64,0,0,0,0,21.30,767,36,278
15941,3623.19,0,0,0,0,-46.65,767,36,278
15991,3564.64,0,0,0,0,23.88,767,36,278
16041,3549.46,0,0,1,0,466.61,777,37,284
16091,3502.22,0,1,0,0,264.73,783,37,302
16141,3556.19,0,0,1,0,22.06,783,38,302
16191,3577.39,0,0,0,0,-16.98,783,38,302
16241,3573.13,0,0,0,0,24.85,783,39,302
16291,3564.64,0,0,0,0,17.88,783,39,302
16342,3555.34,0,0,1,0,21.19,783,41,302
16392,3600.58,0,0,0,0,15.38,783,41,302
16442,3593.67,0,0,0,0,-37.39,783,41,302
16492,3632.84,0,0,0,0,-28.80,783,42,302
16542,3562.95,0,0,0,0,23.86,783,42,302
16592,3618.82,0,0,0,0,23.86,783,42,302
16642,3543.59,0,0,1,0,11.76,783,44,302
16692,3597.98,0,0,1,0,17.70,783,45,302
16742,3555.34,0,0,1,0,31.46,783,47,302
16792,3600.58,0,0,0,0,21.30,783,47,302
16842,3586.80,0,0,0,0,27.45,783,47,302
16892,3598.85,0,0,1,0,16.83,783,48,302
16942,3573.98,0,0,0,0,24.87,783,48,302
16992,3632.84,0,0,0,0,-27.94,783,48,302
17042,3586.80,0,0,0,0,-27.94,783,48,302
17092,3653.19,0,0,-1,0,-36.12,783,49,302
17142,3593.67,0,0,0,0,-7.87,783,49,302
17192,3643.43,0,0,-1,0,-38.53,783,50,302
17242,3638.13,0,0,0,0,12.40,783,51,302
17292,3649.63,0,0,-1,0,-12.39,783,53,302
17342,3626.69,0,0,0,0,16.74,783,54,302
17392,3661.22,0,0,-1,0,-24.85,783,56,302
17442,3641.66,0,0,-1,0,31.21,783,58,302
17492,3672.87,0,0,0,0,-61.02,783,59,302
17542,3641.66,0,0,-1,0,33.01,783,60,302
17592,3671.97,0,0,0,0,-23.22,783,62,302
17642,3594.54,0,0,0,0,33.84,783,62,302
17692,3632.84,0,0,0,0,-27.94,783,62,302
17742,3614.46,0,0,-1,0,-30.70,783,63,302
17792,3595.40,0,0,0,0,-19.26,783,63,302
17842,3577.39,0,0,0,0,32.72,783,63,302
17892,3589.38,0,0,1,0,12.68,783,64,302
17942,3567.18,0,0,0,0,33.39,783,64,302
17992,3554.50,0,0,1,0,-20.93,783,66,302
18042,3532.74,0,0,1,0,25.98,783,68,302
18092,3587.66,0,0,1,0,32.31,783,69,302
18142,3572.28,0,0,0,0,17.96,783,69,302
18192,3568.03,0,0,0,0,4.25,783,69,302
18242,3533.57,0,0,1,0,31.92,783,71,302
18292,3706.45,-4,-1,0,-10,-251.02,785,71,312
18342,3586.80,0,0,0,0,129.06,785,71,312
18392,3619.69,0,0,0,0,129.06,785,71,312
18442,3586.80,0,0,0,0,129.06,785,71,312
18492,3643.43,0,0,-1,0,-39.39,785,72,312
18542,3603.17,0,0,0,0,-25.34,785,72,312
18592,3624.06,0,0,0,0,-19.16,785,72,312
18642,3604.04,0,0,0,0,-32.26,785,72,312
18692,3622.31,0,0,0,0,-19.14,785,72,312
18742,3577.39,0,0,0,0,35.33,785,72,312
18792,3623.19,0,0,0,0,-46.65,785,72,312
18842,3596.26,0,0,0,0,-46.65,785,72,312
18892,3631.96,0,0,0,0,-27.06,785,72,312
18942,3616.20,0,0,0,0,-21.76,785,72,312
18992,3596.26,0,0,0,0,-21.04,785,72,312
19042,3595.40,0,0,0,0,21.43,785,72,312
19092,3569.73,0,0,0,0,26.53,785,72,312
19142,3544.42,0,0,1,0,32.11,785,74,312
19192,3600.58,0,0,0,0,25.71,785,74,312
19243,3593.67,0,0,0,0,-37.35,785,74,312
19293,3641.66,0,0,-1,0,-37.62,785,76,312
19343,3626.69,0,0,0,0,16.74,785,77,312
19393,3604.90,0,0,0,0,22.94,785,78,312
19443,3604.90,0,0,0,0,22.94,785,78,312
19493,3586.80,0,0,0,0,-26.18,785,78,312
19543,3573.13,0,0,0,0,24.85,785,79,312
19593,3587.66,0,0,1,0,21.07,785,80,312
19643,3575.69,0,0,0,0,24.89,785,80,312
19693,3576.54,0,0,0,0,-22.88,785,82,312
19743,3572.28,0,0,0,0,17.10,785,82,312
19793,3618.82,0,0,0,0,17.10,785,82,312
19843,3585.09,0,0,0,0,17.10,785,82,312
19893,3621.44,0,0,0,0,-16.54,785,82,312
19943,3604.04,0,0,-1,0,-33.32,785,83,312
19993,3545.26,0,0,1,0,21.92,785,84,312
20043,3556.19,0,0,1,0,19.50,785,86,312
20093,3542.75,0,0,1,0,10.91,785,88,312
20143,3567.18,0,0,0,0,-55.95,786,88,312
20193,3501.40,0,1,0,0,359.60,793,88,345
20243,3501.40,0,1,0,0,331.00,798,88,360
20293,3502.22,0,1,0,0,394.90,803,88,377
20343,3652.30,0,0,-1,0,22.37,810,89,380
20393,3684.60,0,-1,0,0,-20.70,812,90,380
20443,3653.19,0,0,-1,0,18.78,812,92,380
20493,3643.43,0,0,-1,0,-27.23,812,93,380
20543,3604.04,0,0,-1,0,-34.17,812,94,380
20593,3642.54,0,0,-1,0,-27.22,812,96,380
20643,3577.39,0,0,0,0,24.05,812,96,380
20694,3591.95,0,0,0,0,15.39,812,96,380
20744,3532.74,0,0,1,0,22.61,812,98,380
20794,3585.94,0,0,1,0,28.73,812,99,380
20844,3545.26,0,0,1,0,32.13,812,100,380
20894,3520.30,0,1,0,0,10.77,813,101,380
20944,3502.22,0,1,0,0,390.85,821,101,405
20994,3501.40,0,1,0,0,331.98,827,101,422
21044,3522.78,0,1,0,0,-5.78,829,101,422
21094,3510.41,0,1,0,0,23.99,831,102,422
21144,3523.61,0,0,0,0,-19.75,832,102,422
21194,3521.13,0,1,0,0,14.11,834,103,422
21244,3509.59,0,1,0,0,23.14,835,105,422
21294,3510.41,0,1,0,0,36.52,837,106,422
21344,3585.94,0,0,1,0,31.93,837,107,422
21394,3573.98,0,0,0,0,13.68,837,108,422
21444,3583.37,0,0,0,0,13.68,837,108,422
21494,3582.52,0,0,1,0,25.50,837,109,422
21544,3600.58,0,0,1,0,25.50,837,109,422
21594,3541.91,0,0,1,0,14.28,837,111,422
21644,3611.85,0,0,0,0,24.71,837,111,422
21694,3577.39,0,0,0,0,32.72,837,111,422
21744,3611.85,0,0,0,0,23.19,837,111,422
21794,3614.46,0,0,-1,0,-35.06,837,112,422
21844,3685.50,0,-1,0,0,-48.26,838,113,422
21894,3638.13,0,0,0,0,22.19,838,115,422
21944,3685.50,0,-1,0,0,-34.09,839,116,422
21994,3663.90,0,0,-1,0,33.42,840,118,422
22044,3662.11,0,0,-1,0,-24.86,840,120,422
22094,3653.19,0,0,-1,0,18.78,840,122,422
22144,3614.46,0,0,0,0,18.51,840,123,422
22194,3616.20,0,0,0,0,-39.09,840,123,422
22244,3615.33,0,0,-1,0,-28.11,840,124,422
22294,3586.80,0,0,-1,0,-28.11,840,124,422
22344,3573.98,0,0,0,0,18.83,840,124,422
22394,3586.80,0,0,0,0,7.65,840,124,422
22444,3632.84,0,0,0,0,-27.07,840,124,422
22494,3586.80,0,0,0,0,-27.07,840,124,422
22544,3651.41,0,0,-1,0,-47.38,840,126,422
22594,3572.28,0,0,0,0,23.98,840,126,422
22644,3599.71,0,0,0,0,33.41,840,126,422
22694,3582.52,0,0,0,0,33.38,840,126,422
22744,3633.72,0,0,0,0,-27.95,840,126,422
22794,3562.95,0,0,0,0,32.45,840,126,422
22844,3576.54,0,0,0,0,-44.63,840,128,422
22894,3575.69,0,0,0,0,24.89,840,128,422
22944,3619.69,0,0,0,0,24.89,840,128,422
22994,3604.04,0,0,0,0,-37.37,840,128,422
23044,3586.80,0,0,1,0,23.74,840,129,422
23094,3564.64,0,0,0,0,23.88,840,129,422
23144,3610.11,0,0,0,0,23.88,840,129,422
23194,3593.67,0,0,0,0,-55.53,840,129,422
23244,3653.19,0,0,-1,0,-39.60,840,131,422
23294,3638.13,0,0,0,0,12.40,840,132,422
23344,3604.90,0,0,0,0,11.51,840,133,422
23394,3586.80,0,0,0,0,11.51,840,133,422
23444,3589.38,0,0,0,0,29.23,840,133,422
23494,3564.64,0,0,0,0,24.74,840,133,422
23544,3575.69,0,0,0,0,-19.50,840,134,422
23595,3564.64,0,0,0,0,23.02,840,134,422
23645,3600.58,0,0,0,0,26.44,840,134,422
23695,3572.28,0,0,0,0,11.09,840,134,422
23745,3599.71,0,0,0,0,24.91,840,134,422
23795,3566.33,0,0,0,0,34.24,840,134,422
23845,3577.39,0,0,0,0,-54.61,841,135,422
23895,3585.94,0,0,1,0,36.31,841,136,422
23945,3572.28,0,0,0,0,390.73,849,136,426
23995,3501.40,0,1,0,0,345.74,856,136,458
24045,3500.58,0,1,0,0,319.13,860,136,473
24095,3601.44,0,-1,0,-9,-247.18,862,136,482
24145,3590.23,0,-2,0,-12,-302.31,865,136,494
24195,3624.06,0,0,0,0,128.75,867,136,506
24245,3604.04,0,0,-1,0,-55.18,867,137,506
24295,3601.44,0,0,0,0,18.89,867,137,506
24345,3595.40,0,0,0,0,-31.37,867,137,506
24395,3619.69,0,0,0,0,-31.37,867,137,506
24445,3615.33,0,0,0,0,-39.32,867,137,506
24495,3660.32,0,0,-1,0,80.33,868,139,512
24545,3596.26,0,0,0,0,30.12,868,139,512
24595,3625.82,0,0,0,0,29.16,868,140,512
24645,3604.04,0,-1,0,-3,-162.64,870,140,515
24695,3590.23,0,-1,0,-9,-242.40,872,140,524
24745,3581.66,0,-1,0,-8,-225.63,874,140,532
24795,3638.13,0,0,0,0,42.85,875,140,533
24845,3614.46,0,0,-1,0,-58.88,875,141,533
24895,3662.11,0,0,-1,0,-24.86,875,142,533
24945,3625.82,0,0,0,0,188.07,878,142,545
24995,3501.40,0,1,0,0,394.70,884,142,567
25046,3660.32,0,0,-1,0,-31.87,892,143,571
25096,3626.69,0,0,0,0,35.42,892,144,571
25146,3606.64,0,0,0,0,35.42,892,144,571
25196,3586.80,0,0,0,0,35.42,892,144,571
25246,3601.44,0,0,0,0,35.42,892,144,571
25296,3596.26,0,0,0,0,30.01,892,144,571
25346,3592.81,0,0,0,0,-26.93,892,144,571
25396,3595.40,0,-4,0,-4,-674.52,900,144,575
25446,3584.23,0,-4,0,-4,-600.24,907,144,590
25496,3501.40,0,1,0,0,321.23,913,144,618
25546,3501.40,0,1,0,0,342.78,918,144,632
25596,3579.10,0,0,0,0,190.69,921,144,643
25646,3591.09,0,-1,0,-10,-252.18,923,144,653
25696,3631.08,0,0,0,0,-30.51,923,144,653
25746,3563.79,0,0,0,0,23.01,923,144,653
25796,3639.01,0,0,0,0,-51.35,923,144,653
25846,3626.69,0,0,0,0,31.84,923,145,653
25896,3615.33,0,0,-1,0,-26.49,923,146,653
25946,3602.31,0,-1,0,-5,-183.02,924,146,658
25996,3601.44,0,-1,0,-5,-183.02,924,146,658
26046,3593.67,0,0,0,0,-39.83,924,146,658
26096,3604.04,0,0,0,0,-31.26,924,146,658
26146,3604.04,0,0,0,0,-52.96,924,146,658
26196,3643.43,0,0,-1,0,-24.61,924,148,658
26246,3636.36,0,0,0,0,81.11,925,148,660
26296,3616.20,0,0,0,0,29.38,925,149,660
26346,3571.43,0,0,0,0,52.64,925,150,660
26396,3623.19,0,0,0,0,-44.09,925,150,660
26446,3555.34,0,0,1,0,23.75,925,151,660
26496,3609.24,0,0,1,0,23.75,925,151,660
26546,3616.20,0,0,0,0,-39.97,925,151,660
26596,3662.11,0,0,-1,0,-45.04,925,153,660
26646,3594.54,0,0,0,0,30.15,925,153,660
26696,3637.25,0,0,0,0,-42.71,925,153,660
26746,3615.33,0,0,-1,0,-50.07,925,154,660
26796,3629.32,0,0,0,0,-34.79,925,154,660
26846,3625.82,0,0,0,0,22.93,925,155,660
26896,3623.19,0,0,0,0,-10.47,925,155,660
26946,3615.33,0,0,-1,0,-39.43,925,156,660
26996,3663.00,0,0,-1,0,21.59,926,157,660
27046,3502.22,0,1,0,0,378.77,931,157,678
27096,3673.77,0,0,0,0,463.02,939,157,682
27146,3718.39,0,-1,0,0,180.75,946,157,720
27196,3639.89,0,0,0,0,33.88,958,157,729
27246,3672.87,0,0,0,0,-34.74,958,158,729
27296,3641.66,0,0,-1,0,31.21,958,159,729
27346,3633.72,0,0,0,0,-27.95,958,159,729
27396,3626.69,0,0,0,0,25.61,958,160,729
27446,3627.57,0,0,0,0,-40.77,958,160,729
27496,3562.95,0,0,0,0,23.86,958,160,729
27546,3587.66,0,0,1,0,22.89,958,161,729
27596,3573.98,0,0,0,0,15.39,958,161,729
27646,3610.11,0,0,0,0,35.92,958,161,729
27696,3604.04,0,0,0,0,-44.11,958,161,729
27746,3567.18,0,0,0,0,11.92,958,161,729
27796,3593.67,0,-4,0,-5,-733.42,966,161,735
27846,3551.14,0,0,1,0,390.01,974,162,739
27896,3503.04,0,1,0,0,301.17,980,162,756
27947,3546.94,0,0,1,0,186.26,982,163,764
27997,3573.13,0,0,0,0,21.41,983,163,764
28047,3562.95,0,0,0,0,27.29,983,164,764
28097,3588.52,0,0,0,0,29.05,983,164,764
28147,3586.80,0,0,0,0,21.33,983,164,764
28197,3633.72,0,0,0,0,-32.28,983,164,764
28247,3626.69,0,0,0,0,36.31,983,165,764
28297,3639.01,0,0,0,0,0.88,983,166,764
28347,3583.37,0,0,0,0,0.88,983,166,764
28397,3629.32,0,0,0,0,-39.95,983,166,764
28447,3603.17,0,0,0,0,-18.36,983,166,764
28497,3589.38,0,0,0,0,23.92,983,166,764
28547,3577.39,0,0,0,0,40.55,983,166,764
28597,3630.20,0,0,0,0,-45.12,983,166,764
28647,3625.82,0,0,0,0,16.73,983,167,764
28697,3673.77,0,0,0,0,-43.57,983,168,764
28747,3581.66,0,0,0,0,-0.88,983,168,764
28797,3623.19,0,0,0,0,-47.50,983,168,764
28847,3555.34,0,0,1,0,36.61,983,169,764
28897,3531.07,0,0,1,0,3.33,983,171,764
28947,3531.07,0,0,1,0,25.96,984,173,764
28997,3565.49,0,0,0,0,-21.90,984,174,764
29047,3513.70,0,1,0,0,9.08,986,175,764
29097,3585.94,0,0,1,0,14.29,986,177,764
29147,3596.26,0,0,0,0,17.91,986,177,764
29197,3632.84,0,0,0,0,-27.07,986,177,764
29247,3616.20,0,0,0,0,-11.35,986,177,764
29297,3604.90,0,0,-1,0,-37.88,986,178,764
29347,3586.80,0,0,0,0,28.36,986,178,764
29398,3643.43,0,0,-1,0,-39.39,986,179,764
29448,3615.33,0,0,-1,0,-44.80,986,180,764
29498,3611.85,0,0,0,0,19.68,986,180,764
29548,3604.90,0,0,0,0,-44.11,986,180,764
29598,3642.54,0,0,-1,0,-27.22,986,182,764
29648,3614.46,0,0,0,0,-14.90,986,182,764
29698,3662.11,0,0,-1,0,-35.42,986,184,764
29748,3585.94,0,0,-1,0,21.33,986,185,764
29798,3611.85,0,0,0,0,10.24,986,185,764
29848,3586.80,0,0,0,0,10.24,986,185,764
29898,3587.66,0,0,1,0,24.46,986,186,764
29948,3572.28,0,0,0,0,15.38,986,187,764
29998,3617.94,0,0,1,0,81.60,986,188,764
30048,3572.28,0,0,0,0,27.43,986,188,764
30098,3639.01,0,0,0,0,-47.06,986,188,764
30148,3626.69,0,0,0,0,25.61,986,189,764
30198,3620.56,0,0,0,0,-28.61,986,189,764
30248,3614.46,0,0,-1,0,-41.10,986,190,764
30298,3633.72,0,0,0,0,-30.55,986,190,764
30348,3612.72,0,0,-1,0,-42.85,986,191,764
30398,3594.54,0,0,-1,0,-36.92,986,192,764
30448,3585.09,0,0,0,0,26.51,986,192,764
30498,3571.43,0,0,0,0,24.83,986,192,764
30548,3585.94,0,0,1,0,16.08,986,193,764
30598,3631.96,0,0,0,0,-26.19,986,193,764
30648,3626.69,0,0,0,0,25.61,986,194,764
30698,3662.11,0,0,-1,0,-35.42,986,196,764
30748,3641.66,0,0,-1,0,30.31,986,198,764
30798,3683.69,0,-1,0,0,-34.95,987,200,764
30848,3641.66,0,0,-1,0,30.31,987,202,764
30898,3626.69,0,0,0,0,22.05,987,204,764
30948,3604.04,0,0,0,0,-29.68,987,204,764
30998,3565.49,0,0,0,0,-0.85,987,204,764
31048,3556.19,0,0,1,0,19.50,987,206,764
31098,3589.38,0,0,0,0,12.82,987,206,764
31148,3521.13,0,1,0,0,24.13,988,207,764
31198,3532.74,0,0,1,0,0.00,988,210,764
31248,3503.85,0,1,0,0,20.58,990,210,764
31298,3556.19,0,0,1,0,-35.06,991,212,764
31348,3490.81,0,1,0,0,14.68,993,212,764
31398,3568.88,0,0,0,0,-59.29,994,213,764
31448,3573.98,0,0,0,0,13.68,994,214,764
31498,3619.69,0,0,0,0,13.68,994,214,764
31548,3616.20,0,0,0,0,-39.28,994,214,764
31598,3673.77,0,0,0,0,-47.08,994,215,764
31648,3596.26,0,0,0,0,34.76,994,215,764
31698,3643.43,0,0,-1,0,-28.97,994,216,764
31748,3612.72,0,0,-1,0,-28.97,994,216,764
31798,3649.63,0,0,-1,0,-22.07,994,217,764
31848,3648.75,0,0,-1,0,12.47,994,220,764
31898,3652.30,0,0,-1,0,-46.53,994,221,764
31948,3593.67,0,0,0,0,-3.50,994,221,764
31998,3639.89,0,0,0,0,-34.99,994,221,764
32048,3615.33,0,0,-1,0,-40.45,994,222,764
32098,3623.19,0,0,0,0,-45.80,994,222,764
32148,3615.33,0,0,-1,0,-40.24,994,223,764
32198,3649.63,0,0,-1,0,-23.82,994,225,764
32248,3616.20,0,0,0,0,-10.56,994,225,764
32299,3639.01,0,0,0,0,-12.32,994,226,764
32349,3638.13,0,0,0,0,11.51,994,227,764
32399,3647.86,0,0,-1,0,-9.73,994,229,764
32449,3641.66,0,0,-1,0,31.21,994,231,764
32499,3615.33,0,0,0,0,20.22,994,231,764
32549,3557.87,0,0,1,0,43.57,994,232,764
32599,3565.49,0,0,0,0,-21.06,994,233,764
32649,3532.74,0,0,1,0,32.75,994,235,764
32699,3577.39,0,0,0,0,-32.97,994,236,764
32749,3562.10,0,0,0,0,37.61,994,237,764
32799,3536.07,0,0,1,0,36.21,994,238,764
32849,3595.40,0,0,-1,0,-120.69,994,239,764
32899,3609.24,0,0,0,0,-38.32,994,239,764
32949,3534.40,0,0,1,0,31.93,994,240,764
32999,3585.94,0,0,1,0,20.23,994,241,764
33049,3556.19,0,0,1,0,18.65,994,243,764
33099,3597.12,0,0,1,0,7.60,994,244,764
33149,3584.23,0,0,0,0,26.54,994,244,764
33199,3578.24,0,0,0,0,35.34,994,244,764
33249,3594.54,0,-6,0,-6,-911.34,1005,244,772
33299,3585.09,0,-4,0,-4,-607.38,1012,244,787
33349,3663.00,0,0,-1,0,317.89,1019,245,800
33399,3670.17,0,0,0,0,-8.06,1030,246,808
33449,3663.90,0,0,-1,0,19.80,1031,248,808
33499,3724.86,0,-1,0,0,-49.29,1033,248,808
33549,3711.03,0,-1,0,0,11.97,1036,248,808
33599,3747.19,0,-1,0,0,-36.16,1039,248,808
33649,3736.92,0,-1,0,0,21.54,1043,248,808
33699,3760.34,0,-2,0,0,-24.35,1048,248,808
33750,3735.99,0,-1,0,0,23.41,1052,248,808
33800,3760.34,0,-2,0,0,-25.28,1057,248,808
33850,3686.41,0,-1,0,0,24.62,1060,248,808
33900,3695.49,0,-1,0,0,116.45,1063,249,819
33950,3898.13,-8,-3,0,-6,-181.58,1073,249,863
34000,3675.57,0,0,0,0,21.74,1075,249,863
34050,3711.03,0,-1,0,0,-6.42,1078,249,863
34100,3637.25,0,0,0,0,25.76,1079,250,863
34150,3661.22,0,0,-1,0,-23.09,1079,252,863
34200,3594.54,0,0,0,0,30.13,1079,252,863
34250,3633.72,0,0,0,0,-28.82,1079,252,863
34300,3563.79,0,0,0,0,18.73,1079,252,863
34350,3610.11,0,0,1,0,21.20,1079,253,863
34400,3545.26,0,0,1,0,32.13,1079,254,863
34450,3564.64,0,0,0,0,-31.07,1079,256,863
34500,3491.62,0,1,0,0,30.33,1081,257,863
34550,3510.41,0,1,0,0,23.15,1082,258,863
34600,3573.13,0,0,0,0,332.10,1089,258,868
34650,3503.04,0,1,0,0,249.78,1094,258,883
34700,3481.09,0,1,0,0,-14.48,1097,258,883
34750,3460.21,0,1,0,0,30.60,1100,258,883
34800,3449.86,0,1,0,0,-30.67,1105,258,883
34850,3459.41,0,1,0,0,23.29,1109,258,883
34900,3524.44,0,0,0,0,-44.16,1111,258,883
34950,3499.77,0,1,0,0,33.80,1113,259,883
35000,3481.09,0,1,0,0,28.51,1115,260,883
35050,3503.04,0,1,0,0,-32.42,1117,260,883
35100,3310.53,9,3,0,20,478.31,1126,260,923
35150,3511.24,0,1,0,0,42.42,1127,262,936
35200,3511.24,0,1,0,0,33.19,1129,263,936
35250,3527.75,0,0,0,0,-7.45,1130,264,936
35300,3521.95,0,1,0,0,34.23,1132,265,936
35350,3585.94,0,0,1,0,21.20,1132,266,936
35400,3556.19,0,0,1,0,9.30,1132,267,936
35450,3623.19,0,0,0,0,-58.55,1132,267,936
35500,3616.20,0,0,0,0,-51.35,1132,267,936
35550,3643.43,0,0,-1,0,-40.26,1132,268,936
35600,3638.13,0,0,0,0,23.98,1132,269,936
35650,3685.50,0,-1,0,0,-33.20,1134,270,936
35700,3675.57,0,0,0,0,35.46,1135,270,936
35750,3683.69,0,-1,0,0,-30.50,1136,271,936
35800,3663.00,0,0,-1,0,20.69,1137,273,936
35850,3700.05,0,-1,0,0,-24.48,1139,273,936
35900,3652.30,0,0,-1,0,41.37,1140,274,936
35950,3614.46,0,0,-1,0,20.56,1140,275,936
36000,3604.90,0,0,0,0,-27.83,1140,275,936
36050,3663.90,0,0,-1,0,27.05,1141,276,936
36100,3501.40,0,1,0,0,366.57,1146,276,954
36150,3608.37,0,-2,0,0,-136.81,1148,277,956
36200,3501.40,0,1,0,0,325.13,1153,277,973
36250,3501.40,0,1,0,0,341.80,1158,277,988
36300,3568.88,0,0,0,0,248.89,1161,277,1001
36350,3579.10,0,0,0,0,177.48,1165,277,1014
36400,3503.04,0,1,0,0,121.03,1167,277,1016
36450,3514.53,0,1,0,0,-32.63,1170,277,1016
36500,3481.09,0,1,0,0,31.79,1173,277,1016
36550,3459.41,0,1,0,0,1.60,1176,277,1016
36600,3449.86,0,1,0,0,9.55,1180,277,1016
36651,3472.22,0,1,0,0,-22.36,1183,277,1016
36701,3449.86,0,1,0,0,19.95,1187,277,1016
36751,3512.06,0,1,0,0,-30.97,1190,277,1016
36801,3490.81,0,1,0,0,-2.44,1192,277,1016
36851,3388.30,0,2,0,0,362.64,1199,277,1034
36901,3535.23,0,0,1,0,-22.35,1200,279,1044
36951,3470.62,0,1,0,0,24.26,1203,279,1044
37001,3459.41,0,1,0,0,-39.44,1207,279,1044
37051,3470.62,0,1,0,0,30.79,1211,279,1044
37101,3460.21,0,1,0,0,20.07,1214,279,1044
37151,3480.28,0,1,0,0,21.12,1217,279,1044
37201,3524.44,0,0,0,0,-32.82,1219,279,1044
37252,3504.67,0,1,0,0,18.11,1222,279,1044
37302,3568.03,0,0,0,0,-47.73,1223,280,1044
37352,3565.49,0,0,0,0,-24.41,1223,281,1044
37402,3560.41,0,0,0,0,461.04,1233,281,1051
37452,3501.40,0,1,0,0,388.64,1241,281,1076
37502,3595.40,0,-4,0,-2,-469.50,1247,281,1078
37552,3628.45,0,0,0,0,294.15,1254,281,1091
37602,3624.94,0,0,0,0,142.96,1257,281,1101
37652,3651.41,0,0,-1,0,282.50,1263,282,1104
37702,3593.67,0,-5,0,-5,-778.90,1272,282,1111
37752,3624.94,0,0,0,0,38.06,1282,283,1116
37803,3629.32,0,0,0,0,-42.52,1282,283,1116
37853,3615.33,0,0,-1,0,-41.97,1282,284,1116
37903,3623.19,0,0,0,0,-18.29,1282,284,1116
37953,3545.26,0,0,1,0,18.53,1282,285,1116
38003,3600.58,0,0,0,0,7.65,1282,285,1116
38053,3567.18,0,0,0,0,0.85,1282,285,1116
38103,3560.41,0,0,0,0,426.83,1291,285,1122
38153,3614.46,0,-1,0,-7,-206.21,1293,285,1129
38203,3569.73,0,0,0,0,107.64,1295,285,1134
38253,3604.90,0,0,0,0,-78.38,1295,286,1134
38303,3586.80,0,0,0,0,34.32,1295,286,1134
38353,3623.19,0,0,0,0,-22.61,1295,286,1134
38403,3553.66,0,0,1,0,46.05,1295,287,1134
38453,3629.32,0,0,0,0,-48.52,1295,287,1134
38503,3614.46,0,0,-1,0,-49.25,1295,288,1134
38553,3633.72,0,0,0,0,-18.39,1295,288,1134
38603,3625.82,0,0,0,0,19.38,1295,289,1134
38653,3687.32,0,-1,0,0,8.18,1297,289,1134
38703,3663.90,0,0,-1,0,268.98,1303,290,1137
38753,3685.50,0,-1,0,0,26.45,1311,290,1140
38803,3675.57,0,0,0,0,23.57,1313,290,1140
38853,3640.78,0,0,-1,0,31.19,1313,292,1140
38903,3661.22,0,0,-1,0,-24.85,1313,294,1140
38953,3625.82,0,0,0,0,23.82,1313,296,1140
39003,3639.01,0,0,0,0,-53.92,1313,296,1140
39053,3626.69,0,0,0,0,25.61,1313,297,1140
39103,3661.22,0,0,-1,0,-19.55,1313,299,1140
39153,3626.69,0,0,0,0,23.83,1313,300,1140
39203,3610.98,0,0,0,0,23.83,1313,300,1140
39254,3577.39,0,0,0,0,24.05,1313,300,1140
39304,3601.44,0,0,0,0,24.05,1313,300,1140
39354,3596.26,0,0,0,0,24.05,1313,300,1140
39404,3564.64,0,0,0,0,31.62,1313,300,1140
39454,3581.66,0,0,1,0,10.98,1313,301,1140
39504,3577.39,0,0,0,0,0.00,1313,301,1140
39554,3556.19,0,0,1,0,21.20,1313,302,1140
39604,3564.64,0,0,0,0,-8.45,1313,303,1140
39654,3545.26,0,0,1,0,31.28,1313,305,1140
39704,3542.75,0,0,1,0,-9.18,1313,307,1140
39754,3546.10,0,0,1,0,-39.79,1314,308,1140
39804,3540.24,0,0,1,0,387.49,1322,309,1145
39854,3544.42,0,0,1,0,112.33,1325,311,1156
39904,3534.40,0,0,1,0,30.24,1326,312,1156
39954,3597.12,0,0,1,0,18.65,1326,313,1156
40004,3585.09,0,0,0,0,17.17,1326,313,1156
40054,3557.03,0,0,1,0,15.25,1326,314,1156
40104,3562.95,0,0,0,0,26.43,1326,315,1156
40154,3543.59,0,0,1,0,29.54,1326,316,1156
40204,3554.50,0,0,1,0,22.04,1326,318,1156
40254,3618.82,0,0,1,0,22.04,1326,318,1156
40304,3596.26,0,0,1,0,22.04,1326,318,1156
40354,3597.12,0,0,1,0,35.75,1326,319,1156
40404,3591.95,0,0,0,0,-48.52,1326,319,1156
40454,3599.71,0,0,0,0,-48.52,1326,319,1156
40504,3603.17,0,0,0,0,-39.02,1326,319,1156
40554,3662.11,0,0,-1,0,-46.78,1326,320,1156
40604,3596.26,0,0,-1,0,-46.78,1326,320,1156
40654,3652.30,0,0,-1,0,-36.10,1326,321,1156
40704,3577.39,0,0,0,0,38.81,1326,321,1156
40754,3639.01,0,0,0,0,-42.75,1326,321,1156
40804,3626.69,0,0,0,0,16.74,1326,322,1156
40854,3672.87,0,0,0,0,-35.62,1326,323,1156
40904,3648.75,0,0,-1,0,12.47,1326,326,1156
40954,3673.77,0,0,0,0,-35.64,1326,327,1156
41004,3625.82,0,0,0,0,23.82,1326,329,1156
41054,3620.56,0,0,0,0,-38.05,1326,329,1156
41104,3577.39,0,0,0,0,24.05,1326,329,1156
41154,3638.13,0,0,0,0,-41.87,1326,329,1156
41204,3624.94,0,0,0,0,28.25,1326,330,1156
41254,3662.11,0,0,-1,0,-46.78,1326,332,1156
41304,3646.09,0,0,-1,0,-85.68,1326,333,1156
41354,3622.31,0,0,0,0,-6.98,1326,333,1156
41404,3604.90,0,0,0,0,-32.26,1326,333,1156
41454,3662.11,0,0,-1,0,-45.91,1326,334,1156
41504,3585.09,0,0,0,0,32.78,1326,334,1156
41554,3609.24,0,0,0,0,32.78,1326,334,1156
41604,3532.74,0,0,1,0,22.61,1326,336,1156
41654,3536.07,0,0,1,0,-27.30,1327,338,1156
41704,3562.10,0,0,0,0,-12.64,1328,339,1156
41754,3600.58,0,0,0,0,20.45,1328,339,1156
41804,3531.90,0,0,1,0,24.28,1328,341,1156
41854,3585.94,0,0,1,0,10.07,1328,343,1156
41904,3585.94,0,0,1,0,29.76,1328,344,1156
41954,3617.94,0,0,1,0,29.76,1328,344,1156
42004,3626.69,0,0,0,0,15.85,1328,345,1156
42054,3661.22,0,0,-1,0,-23.97,1328,347,1156
42104,3641.66,0,0,-1,0,-36.76,1328,349,1156
42155,3661.22,0,0,-1,0,-36.28,1328,351,1156
42205,3630.20,0,0,0,0,42.67,1328,351,1156
42255,3629.32,0,0,0,0,-37.37,1328,351,1156
42305,3615.33,0,0,-1,0,-57.04,1328,352,1156
42355,3620.56,0,0,0,0,-33.76,1328,352,1156
42405,3562.95,0,0,0,0,29.01,1328,352,1156
42455,3618.82,0,0,0,0,29.01,1328,352,1156
42505,3546.10,0,0,1,0,20.23,1328,353,1156
42555,3600.58,0,0,0,0,22.16,1328,353,1156
42605,3595.40,0,0,0,0,25.74,1328,353,1156
42655,3629.32,0,0,0,0,-35.65,1328,353,1156
42705,3616.20,0,0,0,0,-23.61,1328,353,1156
42755,3629.32,0,0,0,0,-43.38,1328,353,1156
42805,3591.95,0,0,0,0,-23.49,1328,353,1156
42855,3638.13,0,0,0,0,-44.45,1328,353,1156
42905,3605.77,0,0,0,0,-22.74,1328,353,1156
42955,3652.30,0,0,-1,0,-36.97,1328,354,1156
43005,3585.94,0,0,-1,0,-36.97,1328,354,1156
43055,3629.32,0,0,0,0,-35.65,1328,354,1156
43105,3566.33,0,0,0,0,35.11,1328,354,1156
43155,3611.85,0,0,0,0,14.53,1328,354,1156
43205,3604.04,0,0,0,0,-53.07,1328,354,1156
43255,3596.26,0,0,0,0,-27.92,1328,354,1156
43305,3594.54,0,0,0,0,-41.67,1328,354,1156
43355,3643.43,0,0,-1,0,-27.23,1328,355,1156
43405,3568.03,0,0,0,0,36.01,1328,355,1156
43455,3578.24,0,0,0,0,-15.30,1328,355,1156
43505,3571.43,0,0,0,0,27.42,1328,356,1156
43555,3591.09,0,0,0,0,27.42,1328,356,1156
43606,3586.80,0,0,0,0,17.11,1328,356,1156
43656,3622.31,0,0,0,0,-16.54,1328,356,1156
43706,3556.19,0,0,1,0,20.35,1328,357,1156
43756,3611.85,0,0,0,0,23.86,1328,357,1156
43806,3604.90,0,0,0,0,-34.62,1328,357,1156
43856,3643.43,0,0,-1,0,-28.10,1328,359,1156
43906,3615.33,0,0,0,0,-14.90,1328,359,1156
43956,3605.77,0,0,-1,0,-35.19,1328,360,1156
44006,3567.18,0,0,0,0,10.21,1328,360,1156
44056,3610.11,0,0,0,0,10.21,1328,360,1156
44106,3533.57,0,0,1,0,21.78,1328,362,1156
44156,3563.79,0,0,0,0,-21.88,1328,364,1156
44206,3556.19,0,0,1,0,18.65,1328,366,1156
44256,3587.66,0,0,1,0,19.50,1328,367,1156
44306,3575.69,0,0,0,0,24.89,1328,367,1156
44356,3643.43,0,0,-1,0,-38.53,1328,368,1156
44406,3615.33,0,0,-1,0,-26.36,1328,369,1156
44456,3632.84,0,0,0,0,-16.64,1328,369,1156
44506,3628.45,0,0,0,0,32.77,1328,370,1156
44556,3639.01,0,0,0,0,-44.47,1328,370,1156
44606,3625.82,0,0,0,0,27.37,1328,371,1156
44656,3672.87,0,0,0,0,-35.62,1328,372,1156
44706,3626.69,0,0,0,0,35.42,1328,373,1156
44756,3583.37,0,0,0,0,35.42,1328,373,1156
44806,3577.39,0,0,0,0,34.46,1328,373,1156
44856,3554.50,0,0,1,0,19.48,1328,374,1156
44906,3494.87,0,1,0,0,79.96,1329,375,1156
44956,3611.85,0,0,0,0,86.94,1329,376,1159
45006,3586.80,0,0,0,0,86.94,1329,376,1159
45056,3643.43,0,0,-1,0,-38.53,1329,377,1159
45106,3637.25,0,0,0,0,24.86,1329,378,1159
45156,3673.77,0,0,0,0,-35.64,1329,379,1159
45206,3595.40,0,0,0,0,37.41,1329,379,1159
45256,3619.69,0,0,0,0,37.41,1329,379,1159
45306,3543.59,0,0,1,0,21.05,1329,380,1159
45356,3587.66,0,0,1,0,12.60,1329,382,1159
45407,3513.70,0,1,0,0,7.42,1331,383,1159
45457,3568.03,0,0,0,0,-53.50,1332,383,1159
45507,3576.54,0,0,0,0,-45.46,1332,384,1159
45557,3571.43,0,0,0,0,439.27,1341,384,1165
45607,3573.13,0,0,0,0,383.61,1349,384,1170
45657,3501.40,0,1,0,0,384.61,1356,384,1203
45707,3570.58,0,0,0,0,76.39,1356,386,1205
45757,3544.42,0,0,1,0,28.71,1356,388,1205
45807,3611.85,0,0,0,0,23.12,1356,388,1205
45857,3564.64,0,0,0,0,31.62,1356,388,1205
45907,3620.56,0,0,0,0,-39.76,1356,388,1205
45957,3615.33,0,0,-1,0,-46.44,1356,389,1205
46007,3578.24,0,0,0,0,-6.82,1356,389,1205
46057,3520.30,0,1,0,0,14.10,1357,390,1205
46107,3598.85,0,0,1,0,22.77,1357,391,1205
46157,3585.09,0,0,0,0,26.57,1357,391,1205
46208,3653.19,0,0,-1,0,-36.99,1357,392,1205
46258,3624.94,0,0,0,0,25.58,1357,393,1205
46308,3588.52,0,0,0,0,26.65,1357,393,1205
46358,3591.95,0,0,0,0,-38.90,1357,393,1205
46408,3601.44,0,0,0,0,38.83,1357,393,1205
46458,3591.95,0,0,0,0,33.41,1357,393,1205
46508,3629.32,0,0,0,0,-33.93,1357,393,1205
46558,3603.17,0,0,0,0,-46.97,1357,393,1205
46608,3586.80,0,0,0,0,-35.84,1357,393,1205
46658,3594.54,0,0,0,0,16.22,1357,393,1205
46708,3653.19,0,0,-1,0,-48.29,1357,394,1205
46758,3604.90,0,0,0,0,-6.99,1357,394,1205
46808,3642.54,0,0,-1,0,-37.64,1357,395,1205
46858,3626.69,0,0,0,0,26.50,1357,396,1205
46908,3615.33,0,0,0,0,25.75,1357,397,1205
46958,3594.54,0,0,0,0,25.75,1357,397,1205
47008,3633.72,0,0,0,0,-28.82,1357,397,1205
47058,3553.66,0,0,1,0,28.00,1357,398,1205
47108,3618.82,0,0,1,0,28.00,1357,398,1205
47158,3604.90,0,0,0,0,-41.03,1357,398,1205
47208,3610.98,0,0,0,0,19.69,1357,398,1205
47258,3616.20,0,0,0,0,-33.06,1357,398,1205
47308,3662.11,0,0,-1,0,-35.42,1357,400,1205
47358,3626.69,0,0,0,0,36.31,1357,401,1205
47408,3630.20,0,0,0,0,-44.26,1357,401,1205
47458,3625.82,0,0,0,0,17.61,1357,402,1205
47508,3616.20,0,0,0,0,22.05,1357,403,1205
47558,3626.69,0,0,0,0,16.74,1357,404,1205
47608,3632.84,0,0,0,0,-18.38,1357,405,1205
47659,3553.66,0,0,1,0,40.01,1357,406,1205
47709,3598.85,0,0,1,0,10.14,1357,407,1205
47759,3615.33,0,0,0,0,28.27,1357,407,1205
47809,3564.64,0,0,0,0,30.76,1357,407,1205
47859,3562.95,0,0,0,0,24.71,1357,408,1205
47909,3591.95,0,0,0,0,24.71,1357,408,1205
47959,3583.37,0,0,0,0,24.71,1357,408,1205
48009,3633.72,0,0,0,0,-29.68,1357,408,1205
48059,3614.46,0,0,0,0,-21.87,1357,408,1205
48109,3562.95,0,0,0,0,23.86,1357,408,1205
48159,3637.25,0,0,0,0,-126.01,1358,409,1205
48209,3567.18,0,0,0,0,5.95,1358,409,1205
48259,3553.66,0,0,1,0,34.00,1358,411,1205
48309,3566.33,0,0,0,0,-44.38,1359,412,1205
48359,3563.79,0,0,0,0,33.33,1359,413,1205
48409,3619.69,0,0,0,0,33.33,1359,413,1205
48459,3605.77,0,0,0,0,-33.93,1359,413,1205
48509,3613.59,0,0,-1,0,-42.09,1359,414,1205
48559,3605.77,0,0,0,0,15.40,1359,414,1205
48609,3609.24,0,0,0,0,15.40,1359,414,1205
48659,3573.98,0,0,0,0,7.68,1359,414,1205
48709,3639.01,0,0,0,0,-44.47,1359,414,1205
48759,3625.82,0,0,0,0,27.37,1359,415,1205
48809,3610.98,0,0,0,0,27.37,1359,415,1205
48859,3555.34,0,0,1,0,12.69,1359,416,1205
48909,3611.85,0,0,0,0,14.52,1359,416,1205
48959,3546.94,0,0,1,0,19.40,1359,417,1205
49009,3623.19,0,0,0,0,-49.21,1359,417,1205
49059,3593.67,0,0,0,0,-40.81,1359,417,1205
49110,3542.75,0,0,1,0,2.51,1359,419,1205
49160,3555.34,0,0,1,0,12.69,1360,420,1205
49210,3556.19,0,0,1,0,16.09,1360,421,1205
49260,3554.50,0,0,1,0,22.04,1360,423,1205
49310,3611.85,0,0,0,0,11.06,1360,423,1205
49360,3693.67,-5,-1,0,-7,-202.86,1362,423,1212
49410,3652.30,0,0,-1,0,-49.13,1362,424,1212
49460,3638.13,0,0,0,0,23.98,1362,425,1212
49510,3614.46,0,0,0,0,41.77,1362,425,1212
49560,3616.20,0,0,0,0,-33.93,1362,425,1212
49610,3673.77,0,0,0,0,-35.64,1362,426,1212
49660,3593.67,0,0,0,0,9.68,1362,426,1212
49710,3639.01,0,0,0,0,-43.61,1362,426,1212
49760,3605.77,0,0,0,0,-21.87,1362,426,1212
49810,3610.11,0,0,0,0,-14.80,1362,426,1212
49860,3604.90,0,0,0,0,-45.95,1362,426,1212
49910,3598.85,0,0,1,0,20.34,1362,427,1212
49960,3555.34,0,0,1,0,22.90,1362,428,1212
50010,3588.52,0,0,0,0,14.54,1362,428,1212
50060,3573.13,0,0,0,0,26.58,1362,428,1212
50110,3565.49,0,0,0,0,-11.83,1362,429,1212
50160,3567.18,0,0,0,0,31.67,1362,430,1212
50210,3589.38,0,0,0,0,24.72,1362,430,1212
50260,3586.80,0,0,0,0,24.72,1362,430,1212
50310,3604.04,0,0,0,0,-42.52,1362,430,1212
50360,3624.06,0,0,0,0,38.94,1372,431,1218
50410,3619.69,0,0,0,0,38.94,1372,431,1218
50460,3615.33,0,0,-1,0,-37.64,1372,432,1218
50510,3610.11,0,0,-1,0,-37.64,1372,432,1218
50560,3620.56,0,0,0,0,-23.44,1372,432,1218
50610,3594.54,0,-6,0,-6,-850.83,1382,432,1226
50660,3593.67,0,-7,0,-6,-936.01,1394,432,1233
50710,3582.52,0,-6,0,-6,-921.73,1405,432,1240
50760,3627.57,0,0,0,0,465.20,1415,432,1247
50810,3593.67,0,-7,0,-6,-976.81,1427,432,1255
50860,3593.67,0,-6,0,-6,-920.85,1438,432,1262
50910,3500.58,0,1,0,0,322.05,1443,432,1279
50960,3500.58,0,1,0,0,356.45,1448,432,1294
51010,3501.40,0,1,0,0,353.65,1453,432,1310
51060,3501.40,0,1,0,0,380.59,1458,432,1328
51110,3501.40,0,1,0,0,355.63,1463,432,1345
51160,3590.23,0,-2,0,-12,-309.29,1466,432,1357
51210,3577.39,0,0,0,0,26.65,1466,432,1357
51260,3525.26,0,0,0,0,4.15,1466,433,1357
51310,3499.77,0,1,0,0,35.47,1468,434,1357
51360,3502.22,0,1,0,0,9.02,1470,435,1357
51410,3490.81,0,1,0,0,22.07,1473,435,1357
51460,3493.25,0,1,0,0,-44.18,1476,435,1357
51510,3470.62,0,1,0,0,30.79,1479,435,1357
51560,3449.86,0,1,0,0,-21.29,1483,435,1357
51610,3459.41,0,1,0,0,22.48,1487,435,1357
51660,3469.81,0,1,0,0,31.59,1489,435,1357
51710,3503.85,0,1,0,0,97.59,1493,435,1357
51760,3520.30,0,1,0,0,25.80,1495,436,1357
51810,3522.78,0,1,0,0,39.32,1497,436,1357
51860,3520.30,0,1,0,0,25.80,1499,437,1357
51910,3531.07,0,0,1,0,2.50,1499,439,1357
51960,3520.30,0,1,0,0,24.12,1501,440,1357
52011,3554.50,0,0,1,0,-20.93,1501,442,1357
52061,3554.50,0,0,1,0,22.04,1501,444,1357
52111,3623.19,0,0,0,0,-50.91,1501,444,1357
52161,3616.20,0,0,0,0,-50.49,1501,444,1357
52211,3672.87,0,0,0,0,-46.18,1501,445,1357
52261,3663.00,0,0,-1,0,21.59,1502,447,1357
52311,3711.95,0,-1,0,0,-36.38,1504,447,1357
52361,3700.96,0,-1,0,0,34.10,1507,447,1357
52411,3722.08,0,-1,0,0,-22.95,1510,447,1357
52461,3699.14,0,-1,0,0,22.95,1513,447,1357
52511,3746.25,0,-1,0,0,-21.40,1516,447,1357
52561,3685.50,0,-1,0,0,12.72,1524,447,1360
52611,3674.67,0,0,0,0,25.38,1525,447,1360
52661,3676.47,0,0,0,0,-0.90,1526,447,1360
52711,3615.33,0,0,0,0,1.75,1526,447,1360
52761,3643.43,0,0,-1,0,-27.23,1526,448,1360
52811,3586.80,0,0,-1,0,-27.23,1526,448,1360
52861,3652.30,0,0,-1,0,-49.13,1526,449,1360
52911,3649.63,0,0,-1,0,12.47,1526,451,1360
52961,3683.69,0,-1,0,0,-34.06,1527,453,1360
53011,3606.64,0,0,0,0,-84.48,1527,453,1360
53061,3639.01,0,0,0,0,-44.47,1527,453,1360
53111,3554.50,0,0,1,0,31.44,1527,454,1360
53161,3601.44,0,0,1,0,31.44,1527,454,1360
53211,3586.80,0,0,1,0,31.44,1527,454,1360
53261,3574.83,0,0,0,0,-40.43,1527,455,1360
53311,3573.13,0,0,0,0,26.58,1527,455,1360
53361,3592.81,0,0,0,0,-49.18,1527,455,1360
53411,3586.80,0,0,0,0,23.94,1527,455,1360
53462,3583.37,0,0,0,0,-51.33,1527,455,1360
53512,3582.52,0,0,1,0,24.65,1527,456,1360
53562,3629.32,0,0,0,0,-42.52,1527,456,1360
53612,3593.67,0,0,0,0,-42.54,1527,456,1360
53662,3642.54,0,0,-1,0,-39.37,1527,457,1360
53712,3591.95,0,0,0,0,-14.90,1527,457,1360
53762,3620.56,0,0,0,0,-26.89,1527,457,1360
53812,3575.69,0,0,0,0,28.35,1527,457,1360
53862,3638.13,0,0,0,0,-44.45,1527,457,1360
53912,3586.80,0,0,0,0,-44.45,1527,457,1360
53962,3630.20,0,0,0,0,-47.69,1527,457,1360
54012,3544.42,0,0,1,0,28.71,1527,458,1360
54062,3520.30,0,1,0,0,33.36,1528,459,1360
54112,3535.23,0,0,1,0,153.89,1532,460,1383
54162,3505.49,0,1,0,0,23.92,1534,460,1383
54212,3624.94,0,0,0,-7,-210.42,1536,460,1390
54262,3503.85,0,1,0,0,19.75,1538,460,1390
54312,3534.40,0,0,1,0,-14.10,1539,462,1390
54362,3545.26,0,0,1,0,21.92,1540,463,1390
54412,3611.85,0,0,0,0,23.99,1540,463,1390
54462,3596.26,0,0,0,0,23.99,1540,463,1390
54512,3662.11,0,0,-1,0,-57.21,1540,464,1390
54562,3585.94,0,0,-1,0,-57.21,1540,464,1390
54612,3649.63,0,0,-1,0,-44.73,1540,465,1390
54662,3590.23,0,0,-1,0,-44.73,1540,465,1390
54712,3663.00,0,0,-1,0,-58.10,1540,466,1390
54762,3647.86,0,0,-1,0,13.36,1540,468,1390
54812,3649.63,0,0,-1,0,1.78,1541,470,1390
54862,3626.69,0,0,0,0,34.52,1541,471,1390
54912,3695.49,0,-1,0,0,-42.30,1542,472,1390
54962,3624.94,0,0,0,0,36.28,1542,474,1390
55012,3635.48,0,0,0,0,-48.68,1542,474,1390
55062,3625.82,0,0,0,0,27.37,1542,475,1390
55112,3632.84,0,0,0,0,-17.51,1542,476,1390
55162,3586.80,0,0,0,0,-17.51,1542,476,1390
55212,3624.06,0,0,0,0,-19.16,1542,476,1390
55262,3543.59,0,0,1,0,33.80,1542,477,1390
55312,3610.11,0,0,0,0,23.88,1542,477,1390
55362,3604.90,0,0,0,0,23.88,1542,477,1390
55412,3612.72,0,0,0,0,-20.04,1542,477,1390
55462,3593.67,0,0,0,0,-23.49,1542,477,1390
55512,3610.98,0,0,0,0,-23.49,1542,477,1390
55562,3604.90,0,0,0,0,-47.92,1542,477,1390
55612,3633.72,0,0,0,0,-19.26,1542,477,1390
55662,3583.37,0,0,0,0,11.41,1542,477,1390
55712,3629.32,0,0,0,0,-33.06,1542,477,1390
55762,3626.69,0,0,0,0,15.85,1542,478,1390
55812,3639.89,0,0,0,0,-1.77,1542,479,1390
55862,3596.26,0,0,-1,0,-17.75,1542,480,1390
55912,3643.43,0,0,-1,0,-38.53,1542,481,1390
55962,3576.54,0,0,0,0,26.63,1542,481,1390
56012,3629.32,0,0,0,0,-33.06,1542,481,1390
56062,3613.59,0,0,-1,0,-30.71,1542,482,1390
56112,3578.24,0,0,0,0,-15.30,1542,482,1390
56162,3564.64,0,0,0,0,23.02,1542,483,1390
56212,3522.78,0,1,0,0,44.40,1543,483,1390
56262,3563.79,0,0,0,0,29.88,1543,483,1390
56312,3600.58,0,0,0,0,24.74,1543,483,1390
56363,3586.80,0,0,0,0,25.74,1543,483,1390
56413,3587.66,0,0,0,0,27.32,1543,483,1390
56463,3577.39,0,0,0,0,23.19,1543,483,1390
56513,3611.85,0,0,0,0,34.44,1543,483,1390
56563,3596.26,0,0,0,0,34.44,1543,483,1390
56613,3535.23,0,0,1,0,61.03,1543,484,1390
56663,3557.03,0,0,1,0,22.92,1543,486,1390
56713,3611.85,0,0,0,0,25.72,1543,486,1390
56763,3596.26,0,0,0,0,25.72,1543,486,1390
56813,3633.72,0,0,0,0,-30.55,1543,486,1390
56863,3625.82,0,0,0,0,22.04,1543,487,1390
56913,3616.20,0,0,0,0,34.52,1543,488,1390
56963,3564.64,0,0,0,0,25.60,1543,488,1390
57013,3601.44,0,0,0,0,25.60,1543,488,1390
57063,3577.39,0,0,0,0,35.33,1543,488,1390
57113,3555.34,0,0,1,0,17.79,1543,489,1390
57163,3556.19,0,0,1,0,7.60,1543,491,1390
57213,3532.74,0,0,1,0,31.90,1543,492,1390
57263,3542.75,0,0,1,0,14.28,1544,494,1390
57313,3587.66,0,0,1,0,31.26,1544,495,1390
57363,3531.90,0,0,1,0,11.68,1544,498,1390
57413,3588.52,0,0,1,0,21.06,1544,499,1390
57463,3586.80,0,0,0,0,11.13,1544,499,1390
57513,3622.31,0,0,0,0,-49.18,1544,499,1390
57563,3617.07,0,0,0,0,-40.81,1544,499,1390
57613,3624.06,0,0,0,0,-8.73,1544,500,1390
57663,3614.46,0,0,-1,0,-58.51,1544,501,1390
57713,3662.11,0,0,-1,0,-35.42,1544,503,1390
57763,3625.82,0,0,0,0,11.43,1544,504,1390
57814,3662.11,0,0,-1,0,-23.98,1544,506,1390
57864,3664.79,0,0,-1,0,7.18,1544,508,1390
57914,3671.97,0,0,0,0,-8.07,1545,509,1390
57964,3638.13,0,0,0,0,23.09,1545,510,1390
58014,3638.13,0,0,0,0,2.65,1546,511,1390
58064,3604.90,0,0,0,0,-11.35,1546,511,1390
58114,3643.43,0,0,-1,0,-27.23,1546,512,1390
58164,3615.33,0,0,0,0,-15.78,1546,512,1390
58214,3633.72,0,0,0,0,-18.39,1546,513,1390
58264,3568.03,0,0,0,0,33.41,1546,513,1390
58314,3587.66,0,0,1,0,34.45,1546,514,1390
58364,3556.19,0,0,1,0,22.06,1546,515,1390
58414,3532.74,0,0,1,0,31.06,1546,516,1390
58464,3491.62,0,1,0,0,22.08,1549,516,1390
58514,3557.03,0,0,1,0,-57.26,1550,518,1390
58564,3552.82,0,0,1,0,5.90,1550,520,1390
58614,3600.58,0,0,0,0,26.43,1550,520,1390
58664,3596.26,0,0,0,0,26.43,1550,520,1390
58714,3573.13,0,0,0,0,21.41,1550,520,1390
58764,3587.66,0,0,1,0,19.47,1550,521,1390
58814,3526.92,0,0,0,0,512.94,1560,521,1397
58864,3501.40,0,1,0,0,374.57,1567,521,1429
58914,3502.22,0,1,0,0,367.75,1572,521,1447
58964,3640.78,0,0,-1,0,280.79,1577,522,1449
59014,3628.45,0,0,0,0,439.90,1587,522,1455
59064,3663.00,0,0,-1,0,244.26,1592,523,1458
59114,3626.69,0,0,0,0,0.88,1602,523,1465
59164,3616.20,0,0,0,0,-37.37,1602,523,1465
59214,3662.11,0,0,-1,0,-36.29,1602,524,1465
59264,3649.63,0,0,-1,0,11.58,1602,527,1465
59314,3648.75,0,0,-1,0,3.55,1603,529,1465
59364,3641.66,0,0,-1,0,31.21,1603,530,1465
59414,3649.63,0,0,-1,0,-23.82,1603,532,1465
59464,3615.33,0,0,0,0,-12.26,1603,532,1465
59514,3661.22,0,0,-1,0,-35.40,1603,534,1465
59564,3586.80,0,0,0,0,31.01,1603,534,1465
59614,3629.32,0,0,0,0,-44.24,1603,534,1465
59664,3614.46,0,0,0,0,-22.61,1603,534,1465
59714,3624.06,0,0,0,0,-19.16,1603,534,1465
59764,3586.80,0,0,0,0,-19.16,1603,534,1465
59814,3582.52,0,0,0,0,-47.80,1603,534,1465
59864,3520.30,0,1,0,0,25.80,1604,536,1465
59914,3563.79,0,0,0,0,-31.06,1604,538,1465
59964,3546.10,0,0,1,0,39.84,1604,540,1465
60014,3509.59,0,1,0,0,33.16,1605,541,1465
60064,3584.23,0,-3,0,-4,-640.91,1612,541,1470
60114,3501.40,0,1,0,0,369.57,1619,541,1500
60164,3502.22,0,1,0,0,340.98,1624,541,1516
60214,3604.90,0,0,0,0,64.66,1625,541,1523
60264,3649.63,0,0,-1,0,80.78,1626,542,1527
60314,3640.78,0,0,-1,0,276.70,1632,543,1530
60364,3639.89,0,0,0,0,456.23,1642,543,1536
60414,3618.82,0,-7,0,-6,-973.11,1654,543,1544
60464,3642.54,0,0,-1,0,-41.97,1654,544,1544
60514,3716.55,0,-1,0,0,177.53,1661,544,1580
60564,3636.36,0,0,0,0,24.85,1672,545,1588
60614,3660.32,0,0,-1,0,-18.66,1672,547,1588
60664,3638.13,0,0,0,0,23.09,1672,549,1588
60715,3683.69,0,-1,0,0,-34.95,1673,551,1588
60765,3652.30,0,0,-1,0,31.39,1674,553,1588
60815,3707.36,0,-1,0,0,-43.47,1676,554,1588
60865,3652.30,0,0,-1,0,32.30,1677,556,1588
60915,3683.69,0,-1,0,0,-32.28,1679,557,1588
60965,3641.66,0,0,-1,0,31.21,1679,559,1588
61015,3648.75,0,0,-1,0,0.89,1679,562,1588
61065,3585.09,0,0,0,0,27.31,1679,562,1588
61115,3628.45,0,0,0,0,-32.19,1679,562,1588
61165,3546.94,0,0,1,0,33.87,1679,563,1588
61215,3557.03,0,0,1,0,-44.97,1681,564,1588
61265,3556.19,0,0,1,0,9.30,1681,566,1588
61315,3531.90,0,0,1,0,22.60,1681,568,1588
61365,3543.59,0,0,1,0,12.60,1682,570,1588
61415,3531.07,0,0,1,0,25.11,1682,572,1588
61465,3607.50,0,1,0,0,29.49,1684,572,1588
61515,3565.49,0,0,0,0,-21.06,1684,573,1588
61565,3554.50,0,0,1,0,22.89,1684,575,1588
61615,3555.34,0,0,1,0,22.05,1684,576,1588
61665,3595.40,0,-4,0,-4,-627.70,1692,576,1593
61715,3595.40,0,-3,0,-3,-582.52,1698,576,1607
61765,3617.94,0,-4,0,-4,-611.37,1705,576,1621
61815,3628.45,0,0,0,0,396.24,1713,576,1625
61865,3687.32,0,-1,0,0,21.88,1727,576,1633
61915,3746.25,0,-1,0,0,-47.12,1730,576,1633
61965,3700.05,0,-1,0,0,23.88,1733,576,1633
62015,3698.22,0,-1,0,0,11.89,1736,576,1633
62065,3686.41,0,-1,0,0,37.52,1738,576,1633
62115,3695.49,0,-1,0,0,-31.59,1740,577,1633
62166,3687.32,0,-1,0,0,36.62,1743,577,1633
62216,3723.01,0,-1,0,0,-24.78,1746,577,1633
62266,3684.60,0,-1,0,0,39.33,1749,577,1633
62316,3747.19,0,-1,0,0,-35.24,1753,577,1633
62366,3710.12,0,-1,0,0,12.89,1756,577,1633
62416,3684.60,0,-1,0,0,28.27,1763,577,1635
62466,3674.67,0,0,0,0,12.65,1765,577,1635
62516,3663.00,0,0,-1,0,37.96,1766,578,1635
62566,3683.69,0,-1,0,0,-23.37,1767,580,1635
62616,3637.25,0,0,0,0,23.97,1767,582,1635
62666,3638.13,0,0,0,0,11.51,1767,584,1635
62716,3554.50,0,0,1,0,32.30,1767,585,1635
62766,3552.82,0,0,1,0,-10.91,1767,588,1635
62816,3545.26,0,0,1,0,19.38,1767,590,1635
62866,3552.82,0,0,1,0,-7.56,1767,592,1635
62917,3557.03,0,0,1,0,19.51,1767,594,1635
62967,3577.39,0,0,0,0,-12.75,1767,594,1635
63017,3573.13,0,0,0,0,24.85,1767,595,1635
63067,3585.94,0,0,0,0,24.85,1767,595,1635
63117,3501.40,0,1,0,0,340.81,1774,595,1656
63167,3557.87,0,0,1,0,210.02,1777,596,1668
63217,3572.28,0,0,0,0,18.82,1778,596,1668
63267,3562.95,0,0,0,0,34.18,1778,597,1668
63318,3600.58,0,0,0,0,17.89,1778,597,1668
63368,3596.26,0,0,0,0,17.89,1778,597,1668
63418,3632.84,0,0,0,0,-26.20,1778,597,1668
63468,3615.33,0,0,0,0,-18.42,1778,597,1668
63518,3588.52,0,0,0,0,30.06,1778,597,1668
63568,3575.69,0,0,0,0,34.42,1778,597,1668
63618,3565.49,0,0,0,0,-17.71,1778,598,1668
63668,3555.34,0,0,1,0,21.19,1778,600,1668
63718,3611.85,0,0,0,0,25.71,1778,600,1668
63768,3567.18,0,0,0,0,10.21,1778,600,1668
63818,3601.44,0,0,0,0,10.21,1778,600,1668
63868,3554.50,0,0,1,0,19.48,1778,601,1668
63918,3623.19,0,0,0,0,-50.91,1778,601,1668
63968,3614.46,0,0,-1,0,-60.23,1778,602,1668
64018,3639.01,0,0,0,0,-12.32,1778,603,1668
64068,3614.46,0,0,0,0,15.82,1778,603,1668
64118,3662.11,0,0,-1,0,-35.42,1778,605,1668
64168,3626.69,0,0,0,0,23.83,1778,606,1668
64218,3618.82,0,0,0,0,23.83,1778,606,1668
64268,3603.17,0,0,0,0,-34.81,1778,606,1668
64318,3626.69,0,0,0,0,76.10,1779,607,1670
64368,3614.46,0,0,-1,0,-28.10,1779,608,1670
64418,3662.11,0,0,-1,0,-36.29,1779,610,1670
64468,3586.80,0,0,-1,0,-36.29,1779,610,1670
64518,3611.85,0,0,0,0,10.25,1779,610,1670
64568,3604.90,0,0,0,0,-44.24,1779,610,1670
64618,3595.40,0,0,0,0,-26.18,1779,610,1670
64668,3577.39,0,0,0,0,35.33,1779,610,1670
64718,3610.11,0,0,0,0,35.33,1779,610,1670
64768,3604.04,0,0,0,0,-31.42,1779,610,1670
64818,3639.01,0,0,0,0,-43.61,1779,610,1670
64868,3637.25,0,0,0,0,13.28,1779,611,1670
64918,3614.46,0,0,-1,0,30.30,1779,612,1670
64968,3585.94,0,0,-1,0,30.30,1779,612,1670
65018,3583.37,0,0,-1,0,30.30,1779,612,1670
65068,3573.98,0,0,0,0,24.87,1779,612,1670
65118,3601.44,0,0,0,0,24.87,1779,612,1670
65168,3605.77,0,0,0,0,24.87,1779,612,1670
65218,3614.46,0,0,0,0,-27.07,1779,612,1670
65268,3577.39,0,0,0,0,25.78,1779,612,1670
65318,3574.83,0,0,0,0,-31.25,1779,614,1670
65368,3557.03,0,0,1,0,17.80,1779,616,1670
65418,3598.85,0,0,1,0,22.06,1779,617,1670
65468,3563.79,0,0,0,0,25.58,1779,617,1670
65518,3618.82,0,0,0,0,25.58,1779,617,1670
65568,3604.90,0,0,0,0,-28.82,1779,617,1670
65618,3596.26,0,0,0,0,-15.66,1779,617,1670
65668,3605.77,0,0,0,0,-15.66,1779,617,1670
65718,3596.26,0,0,0,0,-33.24,1779,617,1670
65768,3542.75,0,0,1,0,11.75,1779,620,1670
65818,3611.85,0,0,0,0,24.71,1779,620,1670
65868,3531.90,0,0,1,0,22.60,1779,622,1670
65918,3576.54,0,0,0,0,-44.63,1779,624,1670
65968,3577.39,0,0,0,0,24.05,1779,624,1670
66018,3576.54,0,0,0,0,-33.79,1779,626,1670
66068,3564.64,0,0,0,0,23.02,1779,627,1670
66118,3629.32,0,0,0,0,-33.06,1779,627,1670
66168,3626.69,0,0,0,0,25.61,1779,628,1670
66219,3662.11,0,0,-1,0,-35.42,1779,630,1670
66269,3648.75,0,0,-1,0,13.36,1779,632,1670
66319,3642.54,0,0,-1,0,-36.78,1779,633,1670
66369,3638.13,0,0,0,0,23.98,1779,634,1670
66419,3683.69,0,-1,0,0,-34.06,1780,636,1670
66469,3663.90,0,0,-1,0,19.80,1781,638,1670
66519,3662.11,0,0,-1,0,-34.54,1781,639,1670
66569,3648.75,0,0,-1,0,12.47,1781,642,1670
66619,3649.63,0,0,-1,0,-12.39,1781,644,1670
66669,3636.36,0,0,0,0,25.75,1781,645,1670
66719,3694.58,0,-1,0,0,-87.95,1782,646,1670
66769,3630.20,0,0,0,0,42.67,1782,646,1670
66819,3624.06,0,0,0,0,-19.16,1782,646,1670
66869,3555.34,0,0,1,0,26.32,1782,647,1670
66919,3531.90,0,0,1,0,14.19,1782,649,1670
66969,3531.90,0,0,1,0,25.13,1783,651,1670
67019,3543.59,0,0,1,0,0.84,1783,653,1670
67069,3531.90,0,0,1,0,24.28,1784,655,1670
67119,3643.43,0,0,-1,0,-149.37,1785,656,1670
67169,3573.13,0,0,0,0,26.58,1785,656,1670
67219,3586.80,0,0,1,0,8.45,1785,657,1670
67269,3556.19,0,0,1,0,20.35,1785,659,1670
67319,3600.58,0,0,0,0,23.86,1785,659,1670
67369,3585.94,0,0,0,0,25.74,1785,659,1670
67419,3573.98,0,0,0,0,22.28,1785,659,1670
67469,3580.81,0,0,1,0,19.48,1785,660,1670
67519,3699.14,-2,-1,0,-3,-160.57,1786,661,1673
67569,3593.67,0,0,0,0,-13.09,1786,661,1673
67619,3589.38,0,0,0,0,29.25,1786,661,1673
67670,3581.66,0,0,0,0,27.28,1786,661,1673
67720,3591.95,0,0,0,0,27.28,1786,661,1673
67770,3596.26,0,0,0,0,19.67,1786,661,1673
67820,3662.11,0,0,-1,0,-57.21,1786,662,1673
67870,3586.80,0,0,0,0,33.66,1786,662,1673
67920,3613.59,0,0,0,0,31.85,1786,662,1673
67970,3593.67,0,0,0,0,-34.79,1786,662,1673
68020,3611.85,0,0,0,0,11.96,1786,662,1673
68070,3604.90,0,0,0,0,-43.38,1786,662,1673
68120,3596.26,0,0,0,0,-27.06,1786,662,1673
68170,3566.33,0,0,0,0,9.35,1786,663,1673
68220,3588.52,0,0,0,0,15.39,1786,663,1673
68270,3598.85,0,0,0,0,25.57,1786,663,1673
68320,3593.67,0,-5,0,-5,-744.81,1795,663,1678
68370,3636.36,0,0,0,0,15.05,1805,664,1683
68420,3672.87,0,0,0,0,-34.74,1805,665,1683
68470,3652.30,0,0,-1,0,31.39,1806,667,1683
68520,3684.60,0,-1,0,0,-47.35,1807,668,1683
68570,3637.25,0,0,0,0,23.97,1807,670,1683
68620,3661.22,0,0,-1,0,-35.40,1807,672,1683
68670,3625.82,0,0,0,0,35.40,1807,673,1683
68720,3650.52,0,0,-1,0,-24.71,1807,675,1683
68770,3572.28,0,0,0,0,23.98,1807,675,1683
68820,3622.31,0,0,0,0,-44.92,1807,675,1683
68870,3604.90,0,0,0,0,-49.63,1807,675,1683
68920,3601.44,0,0,0,0,-25.30,1807,675,1683
68970,3586.80,0,0,0,0,27.46,1807,675,1683
69020,3562.95,0,0,0,0,30.73,1807,675,1683
69070,3545.26,0,0,1,0,30.42,1807,677,1683
69120,3556.19,0,0,1,0,8.45,1807,678,1683
69170,3521.13,0,1,0,0,31.69,1808,680,1683
69220,3521.13,0,1,0,0,11.61,1809,681,1683
69270,3501.40,0,1,0,0,362.59,1817,681,1706
69320,3579.95,0,0,0,0,213.67,1820,681,1719
69370,3601.44,0,-1,0,-12,-296.90,1822,681,1731
69420,3590.23,0,-2,0,-13,-321.83,1825,681,1744
69470,3611.85,0,0,0,0,21.45,1825,681,1744
69520,3594.54,0,0,0,0,21.45,1825,681,1744
69570,3650.52,0,0,-1,0,-26.46,1825,682,1744
69620,3639.89,0,0,0,0,81.27,1826,682,1744
69670,3502.22,0,1,0,0,326.27,1830,682,1760
69720,3639.01,0,0,0,0,365.26,1836,682,1763
69770,3652.30,0,0,-1,0,267.22,1842,683,1766
69820,3682.79,0,-1,0,0,-33.15,1854,684,1773
69870,3652.30,0,0,-1,0,31.39,1855,686,1773
69920,3648.75,0,0,-1,0,3.55,1856,688,1773
69970,3639.89,0,0,0,0,32.08,1856,689,1773
70020,3639.01,0,0,0,0,-12.32,1856,690,1773
70070,3636.36,0,0,0,0,14.16,1856,691,1773
70120,3649.63,0,0,-1,0,-11.51,1856,693,1773
70170,3641.66,0,0,-1,0,32.11,1856,694,1773
70220,3603.17,0,0,0,0,28.46,1856,695,1773
70270,3591.95,0,0,0,0,-33.93,1856,695,1773
70320,3609.24,0,0,0,0,-33.93,1856,695,1773
70370,3535.23,0,0,1,0,38.75,1856,696,1773
70420,3460.21,0,1,0,0,20.88,1859,696,1773
70470,3408.32,0,2,0,0,20.26,1863,696,1773
70520,3323.73,1,3,0,11,273.39,1871,696,1785
70571,3252.39,0,4,0,0,20.58,1882,696,1785
70621,3161.89,3,5,0,0,27.56,1896,696,1785
70671,3110.74,0,6,0,0,33.25,1907,696,1785
70721,3034.59,2,7,0,0,25.38,1927,696,1785
70771,2979.74,0,8,0,0,16.07,1942,696,1785
70821,2887.95,6,9,0,0,37.74,1967,696,1785
70871,2837.15,0,9,0,0,35.86,1985,696,1785
70921,2775.21,0,10,0,0,41.16,2005,696,1785
70971,2709.05,10,11,0,0,13.27,2037,696,1785
71021,2651.58,9,12,0,3,18.88,2061,696,1795
71071,2599.20,5,13,0,3,19.51,2086,696,1803
71121,2551.02,0,13,0,0,3.04,2112,696,1810
71171,2453.39,2,14,0,2,14.53,2140,696,1825
71221,2438.63,13,15,0,14,85.77,2168,696,1850
71271,2388.92,0,15,0,-6,-43.70,2199,696,1870
71321,2331.73,10,16,0,8,53.39,2230,696,1878
71371,2297.09,0,16,0,-5,-35.33,2263,696,1893
71421,2231.15,10,17,0,1,9.00,2297,696,1902
71471,2179.92,16,18,0,0,-0.32,2333,696,1909
71521,2129.47,2,19,0,7,50.44,2352,696,1916
71571,2098.78,3,19,0,1,8.85,2390,696,1920
71621,2031.14,17,20,0,5,40.68,2429,696,1928
71671,2022.38,0,20,0,1,8.76,2449,696,1929
71721,2000.27,0,20,0,-6,-45.36,2490,696,1943
71771,1925.79,16,21,0,0,0.49,2532,696,1952
71821,1877.11,28,22,0,6,48.68,2554,696,1958
71871,1828.60,28,23,0,5,48.75,2599,696,1963
71921,1823.93,23,23,0,0,4.67,2622,696,1963
71971,1776.62,23,23,0,0,1.69,2668,696,1968
72022,1726.52,29,24,0,5,50.10,2692,696,1973
72072,1677.29,29,24,0,5,49.83,2740,696,1978
72122,1675.42,25,25,0,0,1.87,2765,696,1978
72172,1626.72,30,25,0,5,48.69,2790,696,1983
72222,1572.99,31,26,0,5,54.09,2841,696,1988
72272,1576.62,26,26,0,0,-3.64,2867,696,1988
72322,1523.46,31,26,0,5,53.16,2893,696,1993
72372,1524.08,26,26,0,0,-0.62,2919,696,1993
72422,1473.04,27,27,0,0,-3.61,2973,696,1998
72472,1418.57,33,28,0,5,54.47,3001,696,2003
72522,1419.38,28,28,0,0,-0.81,3029,696,2003
72572,1363.39,34,29,0,5,55.99,3058,696,2008
72622,1367.61,29,29,0,0,-4.23,3087,696,2008
72672,1310.04,34,29,0,5,57.57,3116,696,2013
72722,1312.80,29,29,0,0,-2.75,3145,696,2013
72772,1256.60,34,30,0,4,56.20,3175,696,2017
72822,1258.60,30,30,0,0,-2.00,3205,696,2017
72872,1201.06,35,31,0,4,57.54,3236,696,2021
72922,1205.88,31,31,0,0,-4.83,3267,696,2021
72972,1143.12,35,31,0,4,62.77,3298,696,2025
73022,1148.55,31,31,0,0,-5.43,3329,696,2025
73072,1088.93,36,32,0,4,59.62,3361,696,2029
73122,1090.43,32,32,0,0,-1.50,3393,696,2029
73172,1036.56,36,33,0,3,53.88,3426,696,2032
73222,1027.19,33,33,0,0,9.37,3459,696,2032
73272,960.92,38,34,0,4,66.26,3493,696,2036
73322,960.92,38,34,0,4,66.26,3493,696,2036
73372,964.82,34,34,0,0,-3.89,3527,696,2036
73422,899.23,38,35,0,3,65.59,3562,696,2039
73472,900.20,35,35,0,0,-0.97,3597,696,2039
73522,900.20,35,35,0,0,-0.97,3597,696,2039
73572,821.24,40,36,0,4,78.96,3633,696,2043
73622,829.32,36,36,0,0,-8.08,3669,696,2043
73672,829.32,36,36,0,0,-8.08,3669,696,2043
73722,767.58,39,36,0,3,61.75,3705,696,2046
73772,750.11,37,37,0,0,17.47,3742,696,2046
73822,750.11,37,37,0,0,17.47,3742,696,2046
73872,684.28,39,37,0,2,65.84,3779,696,2048
73922,684.28,39,37,0,2,65.84,3779,696,2048
73972,662.72,38,38,0,0,21.56,3817,696,2048
74022,662.72,38,38,0,0,21.56,3817,696,2048
74072,589.04,41,39,0,2,73.68,3856,696,2050
74122,589.04,41,39,0,2,73.68,3856,696,2050
74172,561.63,40,39,0,1,27.41,3895,696,2051
74222,561.63,40,39,0,1,27.41,3895,696,2051
74272,561.63,40,39,0,1,27.41,3895,696,2051
74322,475.83,42,40,0,2,85.80,3935,696,2053
74372,475.83,42,40,0,2,85.80,3935,696,2053
74422,434.73,42,41,0,1,41.10,3976,696,2054
74472,434.73,42,41,0,1,41.10,3976,696,2054
74522,434.73,42,41,0,1,41.10,3976,696,2054
74572,434.73,42,41,0,1,41.10,3976,696,2054
74622,317.29,44,42,0,2,117.45,4018,696,2056
74672,317.29,44,42,0,2,117.45,4018,696,2056
74722,317.29,44,42,0,2,117.45,4018,696,2056
74772,317.29,44,42,0,2,117.45,4018,696,2056
75636,58.42,-44,42,0,2,117.45,4018,696,2056
75686,58.42,-44,42,0,2,117.45,4018,696,2056
75736,58.42,-44,42,0,2,117.45,4018,696,2056
75786,58.42,-44,42,0,2,117.45,4018,696,2056
75836,58.42,-44,42,0,2,117.45,4018,696,2056
75886,0.00,-44,42,0,2,117.45,4018,696,2056
75936,0.00,-44,42,0,2,117.45,4018,696,2056
75986,0.00,-44,42,0,2,117.45,4018,696,2056
76036,0.00,-44,42,0,2,117.45,4018,696,2056
76086,0.00,-44,42,0,2,117.45,4018,696,2056
76136,0.00,-44,42,0,2,117.45,4018,696,2056
76186,0.00,-44,42,0,2,117.45,4018,696,2056
76236,0.00,-44,42,0,2,117.45,4018,696,2056
76286,0.00,-44,42,0,2,117.45,4018,696,2056
76336,0.00,-44,42,0,2,117.45,4018,696,2056
76386,0.00,-44,42,0,2,117.45,4018,696,2056
76436,0.00,-44,42,0,2,117.45,4018,696,2056
76486,0.00,-44,42,0,2,117.45,4018,696,2056
76536,0.00,-44,42,0,2,117.45,4018,696,2056
76587,0.00,-44,42,0,2,117.45,4018,696,2056
76637,0.00,-44,42,0,2,117.45,4018,696,2056
76687,0.00,-44,42,0,2,117.45,4018,696,2056
76737,0.00,-44,42,0,2,117.45,4018,696,2056
76787,0.00,-44,42,0,2,117.45,4018,696,2056
76837,0.00,-44,42,0,2,117.45,4018,696,2056
76887,0.00,-44,42,0,2,117.45,4018,696,2056
76937,0.00,-44,42,0,2,117.45,4018,696,2056
76987,0.00,-44,42,0,2,117.45,4018,696,2056
77037,0.00,-44,42,0,2,117.45,4018,696,2056
77087,0.00,-44,42,0,2,117.45,4018,696,2056
77137,0.00,-44,42,0,2,117.45,4018,696,2056
77187,0.00,-44,42,0,2,117.45,4018,696,2056
77237,0.00,-44,42,0,2,117.45,4018,696,2056
77287,0.00,-44,42,0,2,117.45,4018,696,2056
77337,0.00,-44,42,0,2,117.45,4018,696,2056
77387,0.00,-44,42,0,2,117.45,4018,696,2056
77437,0.00,-44,42,0,2,117.45,4018,696,2056
77487,0.00,-44,42,0,2,117.45,4018,696,2056
77537,0.00,-44,42,0,2,117.45,4018,696,2056
77587,0.00,-44,42,0,2,117.45,4018,696,2056
77637,0.00,-44,42,0,2,117.45,4018,696,2056
77687,0.00,-44,42,0,2,117.45,4018,696,2056
77737,0.00,-44,42,0,2,117.45,4018,696,2056
77787,0.00,-44,42,0,2,117.45,4018,696,2056
77837,0.00,-44,42,0,2,117.45,4018,696,2056
77887,0.00,-44,42,0,2,117.45,4018,696,2056
77937,0.00,-44,42,0,2,117.45,4018,696,2056
77987,0.00,-44,42,0,2,117.45,4018,696,2056
78038,0.00,-44,42,0,2,117.45,4018,696,2056
78088,0.00,-44,42,0,2,117.45,4018,696,2056
78138,0.00,-44,42,0,2,117.45,4018,696,2056
78188,0.00,-44,42,0,2,117.45,4018,696,2056
78238,0.00,-44,42,0,2,117.45,4018,696,2056
78288,0.00,-44,42,0,2,117.45,4018,696,2056
78338,0.00,-44,42,0,2,117.45,4018,696,2056
78388,0.00,-44,42,0,2,117.45,4018,696,2056
78438,0.00,-44,42,0,2,117.45,4018,696,2056
78488,0.00,-44,42,0,2,117.45,4018,696,2056
78538,0.00,-44,42,0,2,117.45,4018,696,2056
78588,0.00,-44,42,0,2,117.45,4018,696,2056
78638,0.00,-44,42,0,2,117.45,4018,696,2056
78688,0.00,-44,42,0,2,117.45,4018,696,2056
78738,0.00,-44,42,0,2,117.45,4018,696,2056
78788,0.00,-44,42,0,2,117.45,4018,696,2056
78838,0.00,-44,42,0,2,117.45,4018,696,2056
78888,0.00,-44,42,0,2,117.45,4018,696,2056
78938,0.00,-44,42,0,2,117.45,4018,696,2056
78988,0.00,-44,42,0,2,117.45,4018,696,2056
79038,0.00,-44,42,0,2,117.45,4018,696,2056
79088,0.00,-44,42,0,2,117.45,4018,696,2056
79138,0.00,-44,42,0,2,117.45,4018,696,2056
79188,0.00,-44,42,0,2,117.45,4018,696,2056
79238,0.00,-44,42,0,2,117.45,4018,696,2056
79288,0.00,-44,42,0,2,117.45,4018,696,2056
79338,0.00,-44,42,0,2,117.45,4018,696,2056
79388,0.00,-44,42,0,2,117.45,4018,696,2056
79438,0.00,-44,42,0,2,117.45,4018,696,2056
79488,0.00,-44,42,0,2,117.45,4018,696,2056
79538,0.00,-44,42,0,2,117.45,4018,696,2056
79588,0.00,-44,42,0,2,117.45,4018,696,2056
79638,0.00,-44,42,0,2,117.45,4018,696,2056
79688,0.00,-44,42,0,2,117.45,4018,696,2056
79738,0.00,-44,42,0,2,117.45,4018,696,2056
79788,0.00,-44,42,0,2,117.45,4018,696,2056
79838,0.00,-44,42,0,2,117.45,4018,696,2056
79888,0.00,-44,42,0,2,117.45,4018,696,2056
79938,0.00,-44,42,0,2,117.45,4018,696,2056
79988,0.00,-44,42,0,2,117.45,4018,696,2056
80038,0.00,-44,42,0,2,117.45,4018,696,2056
80088,0.00,-44,42,0,2,117.45,4018,696,2056
80138,0.00,-44,42,0,2,117.45,4018,696,2056
80188,0.00,-44,42,0,2,117.45,4018,696,2056
80238,0.00,-44,42,0,2,117.45,4018,696,2056
