------ Microcontroller Engine Governor - Version: 1.13 ------
-------------------------------------------------------------
PID Gains:        Kp: 0.010000   Ki: 0.005000   Kd: 3.000000
-------------------------------------------------------------
Set RPM:             3600    |  Min RPM:                300
                             |
RPM Precision        2       |  PID I Precision:         202
                             |
Start Steps:         900     |  Max Steps:               1200
                             |
RPM Calc Interval:   1       |  Num Magnets:             1
                             |
LCD Update Interval: 400     |  Serial Update Interval:  50
-------------------------------------------------------------

Time,RPM,Steps Remaining, PID p, PID i, PID d
1810,0.00,0,0,0,0
1860,0.00,0,0,0,0
1910,0.00,0,0,0,0
1960,0.00,0,0,0,0
2010,0.00,0,0,0,0
2060,0.00,0,0,0,0
2110,0.00,0,0,0,0
2160,0.00,0,0,0,0
2210,0.00,0,0,0,0
2260,0.00,0,0,0,0
2310,0.00,0,0,0,0
2360,0.00,0,0,0,0
2410,0.00,0,0,0,0
2460,0.00,0,0,0,0
2510,0.00,0,0,0,0
2560,0.00,0,0,0,0
2610,0.00,0,0,0,0
2660,0.00,0,0,0,0
2710,0.00,0,0,0,0
2760,0.00,0,0,0,0
2810,0.00,0,0,0,0
2860,0.00,0,0,0,0
2910,0.00,0,0,0,0
2960,0.00,0,0,0,0
3010,0.00,0,0,0,0
3060,0.00,0,0,0,0
3110,0.00,0,0,0,0
3160,0.00,0,0,0,0
3210,0.00,0,0,0,0
3260,0.00,0,0,0,0
3310,0.00,0,0,0,0
3360,0.00,0,0,0,0
3410,0.00,0,0,0,0
3460,0.00,0,0,0,0
3510,0.00,0,0,0,0
3560,0.00,0,0,0,0
3610,0.00,0,0,0,0
3660,0.00,0,0,0,0
3710,0.00,0,0,0,0
3760,0.00,0,0,0,0
3810,0.00,0,0,0,0
3860,0.00,0,0,0,0
3910,0.00,0,0,0,0
3960,0.00,0,0,0,0
4011,0.00,0,0,0,0
4061,0.00,0,0,0,0
4111,0.00,0,0,0,0
4161,0.00,0,0,0,0
4211,0.00,0,0,0,0
4261,0.00,0,0,0,0
4311,0.00,0,0,0,0
4361,0.00,0,0,0,0
4411,0.00,0,0,0,0
4461,0.00,0,0,0,0
4511,0.00,0,0,0,0
4561,0.00,0,0,0,0
4611,0.00,0,0,0,0
4661,0.00,0,0,0,0
4711,0.00,0,0,0,0
4761,0.00,0,0,0,0
4811,0.00,0,0,0,0
4861,0.00,0,0,0,0
4911,0.00,0,0,0,0
4961,0.00,0,0,0,0
5011,0.00,0,0,0,0
5061,0.00,0,0,0,0
5111,0.00,0,0,0,0
5161,0.00,0,0,0,0
5211,0.00,0,0,0,0
5261,0.00,0,0,0,0
5311,0.00,0,0,0,0
5361,0.00,0,0,0,0
5411,0.00,0,0,0,0
5462,0.00,0,0,0,0
5512,0.00,0,0,0,0
5562,0.00,0,0,0,0
5612,0.00,0,0,0,0
5662,0.00,0,0,0,0
5712,0.00,0,0,0,0
5762,0.00,0,0,0,0
5812,0.00,0,0,0,0
5862,0.00,0,0,0,0
5912,0.00,0,0,0,0
5962,0.00,0,0,0,0
6012,0.00,0,0,0,0
6062,0.00,0,0,0,0
6112,0.00,0,0,0,0
6162,0.00,0,0,0,0
6212,0.00,0,0,0,0
6262,0.00,0,0,0,0
6312,0.00,0,0,0,0
6362,0.00,0,0,0,0
6412,0.00,0,0,0,0
6462,0.00,0,0,0,0
6512,0.00,0,0,0,0
6562,0.00,0,0,0,0
6612,0.00,0,0,0,0
6662,0.00,0,0,0,0
6712,0.00,0,0,0,0
6762,0.00,0,0,0,0
6812,0.00,0,0,0,0
6862,0.00,0,0,0,0
6912,0.00,0,0,0,0
6962,0.00,0,0,0,0
7012,0.00,0,0,0,0
7062,0.00,0,0,0,0
7112,0.00,0,0,0,0
7162,0.00,0,0,0,0
7212,0.00,0,0,0,0
7262,0.00,0,0,0,0
7312,0.00,0,0,0,0
7362,0.00,0,0,0,0
7412,0.00,0,0,0,0
7462,0.00,0,0,0,0
7512,0.00,0,0,0,0
7562,0.00,0,0,0,0
7612,0.00,0,0,0,0
7662,0.00,0,0,0,0
7712,0.00,0,0,0,0
7762,0.00,0,0,0,0
7812,0.00,0,0,0,0
7862,0.00,0,0,0,0
7912,0.00,0,0,0,0
7962,0.00,0,0,0,0
8012,0.00,0,0,0,0
8062,0.00,0,0,0,0
8112,0.00,0,0,0,0
8162,0.00,0,0,0,0
8212,0.00,0,0,0,0
8262,0.00,0,0,0,0
8312,0.00,0,0,0,0
8363,0.00,0,0,0,0
8413,0.00,0,0,0,0
8463,0.00,0,0,0,0
8513,0.00,0,0,0,0
8563,0.00,0,0,0,0
8613,0.00,0,0,0,0
8663,0.00,0,0,0,0
8713,0.00,0,0,0,0
8763,0.00,0,0,0,0
8813,0.00,0,0,0,0
8863,0.00,0,0,0,0
8913,0.00,0,0,0,0
8963,0.00,0,0,0,0
9013,0.00,0,0,0,0
9063,0.00,0,0,0,0
9113,0.00,0,0,0,0
9163,0.00,0,0,0,0
9213,0.00,0,0,0,0
9263,0.00,0,0,0,0
9313,0.00,0,0,0,0
9363,0.00,0,0,0,0
9413,0.00,0,0,0,0
9463,0.00,0,0,0,0
9513,0.00,0,0,0,0
9563,0.00,0,0,0,0
9613,0.00,0,0,0,0
9663,0.00,0,0,0,0
9713,0.00,0,0,0,0
9763,0.00,0,0,0,0
9814,0.00,0,0,0,0
9864,0.00,0,0,0,0
9914,0.00,0,0,0,0
9964,0.00,0,0,0,0
10014,0.00,0,0,0,0
10064,0.00,0,0,0,0
10114,0.00,0,0,0,0
10164,0.00,0,0,0,0
10214,0.00,0,0,0,0
10264,0.00,0,0,0,0
10314,0.00,0,0,0,0
10364,0.00,0,0,0,0
10414,0.00,0,0,0,0
10464,0.00,0,0,0,0
10514,0.00,0,0,0,0
10564,0.00,0,0,0,0
10614,0.00,0,0,0,0
10664,0.00,0,0,0,0
10714,0.00,0,0,0,0
10764,0.00,0,0,0,0
10814,0.00,0,0,0,0
10864,0.00,0,0,0,0
10914,0.00,0,0,0,0
10964,0.00,0,0,0,0
11014,0.00,0,0,0,0
11064,0.00,0,0,0,0
11114,0.00,0,0,0,0
11164,0.00,0,0,0,0
11214,0.00,0,0,0,0
11264,0.00,0,0,0,0
11314,0.00,0,0,0,0
11364,0.00,0,0,0,0
11414,0.00,0,0,0,0
11464,0.00,0,0,0,0
11514,0.00,0,0,0,0
11564,0.00,0,0,0,0
11614,0.00,0,0,0,0
11664,0.00,0,0,0,0
11714,0.00,0,0,0,0
11764,0.00,0,0,0,0
11814,0.00,0,0,0,0
11864,0.00,0,0,0,0
11914,0.00,0,0,0,0
11964,0.00,0,0,0,0
12014,0.00,0,0,0,0
12064,0.00,0,0,0,0
12114,0.00,0,0,0,0
12164,0.00,0,0,0,0
12214,0.00,0,0,0,0
12264,0.00,0,0,0,0
12314,0.00,0,0,0,0
12364,0.00,0,0,0,0
12414,0.00,0,0,0,0
12464,0.00,0,0,0,0
12514,0.00,0,0,0,0
12564,0.00,0,0,0,0
12614,0.00,0,0,0,0
12664,0.00,0,0,0,0
12715,0.00,0,0,0,0
12765,0.00,0,0,0,0
12815,0.00,0,0,0,0
12865,0.00,0,0,0,0
12915,0.00,0,0,0,0
12965,0.00,0,0,0,0
13015,0.00,0,0,0,0
13065,0.00,0,0,0,0
13115,0.00,0,0,0,0
13165,0.00,0,0,0,0
13215,0.00,0,0,0,0
13265,0.00,0,0,0,0
13315,0.00,0,0,0,0
13365,0.00,0,0,0,0
13415,0.00,0,0,0,0
13465,0.00,0,0,0,0
13515,inf,0,0,0,0
13565,inf,0,0,0,0
13615,548.53,18,30,0,0
13665,548.53,0,30,0,0
13715,623.47,11,29,0,-2
13765,623.47,0,29,0,-2
13815,590.04,16,30,0,0
13865,955.96,8,26,0,-17
13915,955.96,0,26,0,-17
13965,942.45,0,26,0,0
14015,1297.02,0,23,0,-23
14065,1548.79,0,20,0,-19
14115,1546.55,3,20,0,0
14166,1736.92,0,18,0,-16
14216,1907.18,0,16,0,-16
14266,2078.71,0,15,0,-17
14316,2212.06,0,13,0,-14
14366,2218.61,0,13,0,0
14416,2341.19,0,12,0,0
14466,2448.18,0,11,0,0
14516,2638.52,-3,9,0,-14
14566,2724.80,0,8,0,-13
14616,2826.46,0,7,0,-15
14666,2906.98,5,6,0,1
14716,3062.47,-1,5,0,-18
14766,3163.22,-6,4,0,-13
14816,3225.81,0,3,0,-13
14866,3247.46,0,3,0,2
14916,3357.21,0,2,0,-6
14966,3351.96,1,2,0,1
15016,3382.19,0,2,0,1
15066,3468.21,0,1,0,0
15116,3488.37,0,1,0,0
15166,3545.26,0,0,0,0
15216,3564.64,0,0,0,0
15266,3640.78,0,0,0,0
15316,3645.20,0,0,0,0
15366,3646.09,0,0,0,0
15416,3645.20,0,0,0,0
15466,3695.49,0,0,0,0
15516,3676.47,0,0,0,0
15566,3704.62,0,-1,0,0
15616,3699.14,0,0,0,0
15666,3729.49,0,-1,0,0
15716,3790.75,0,-1,0,0
15766,3783.10,0,-1,0,0
15816,3821.66,0,-2,0,0
15866,3811.94,0,-2,0,0
15916,3850.10,0,-2,0,0
15966,3835.34,-1,-2,0,0
16016,3813.88,0,-2,0,0
16066,3835.34,0,-2,0,0
16116,3780.24,0,-1,0,0
16166,3791.71,0,-1,0,0
16216,3740.65,0,-1,0,0
16266,3745.32,0,-1,0,0
16316,3688.22,0,0,0,0
16366,3655.86,0,0,0,0
16416,3635.48,0,0,0,0
16466,3607.50,0,0,0,0
16516,3620.56,0,0,0,0
16566,3617.07,0,0,0,0
16616,3583.37,0,0,0,0
16666,3586.80,0,0,0,0
16716,3557.03,0,0,0,0
16766,3574.83,0,0,0,0
16816,3629.32,0,0,0,0
16866,3574.83,0,0,0,0
16916,3554.50,0,0,0,0
16966,3611.85,0,0,0,0
17016,3597.98,0,0,0,0
17067,3634.60,0,0,0,0
17117,3617.07,0,0,0,0
17167,3626.69,0,0,0,0
17217,3626.69,0,0,0,0
17267,3680.98,0,0,0,0
17317,3739.72,0,-1,0,0
17367,3636.36,0,0,0,0
17417,3665.69,0,0,0,0
17467,3664.79,0,0,0,0
17517,3646.97,0,0,0,0
17567,3635.48,0,0,0,0
17617,3645.20,0,0,0,0
17667,3646.09,0,0,0,0
17717,3694.58,0,0,0,0
17767,3664.79,0,0,0,0
17817,3685.50,0,0,0,0
17867,3669.28,0,0,0,0
17917,3704.62,0,-1,0,0
17967,3679.18,0,0,0,0
18017,3704.62,0,-1,0,0
18067,3679.18,0,0,0,0
18117,3684.60,0,0,0,0
18167,3679.18,0,0,0,0
18217,3684.60,0,0,0,0
18267,3675.57,0,0,0,0
18317,3699.14,0,0,0,0
18367,3801.32,-2,-2,-1,0
18417,3663.90,-6,0,-8,0
18467,3564.64,-61,0,-63,0
18518,3787.88,-496,-1,-498,0
18569,3367.00,15,2,0,14
18619,3633.72,0,0,0,0
18669,3395.97,0,2,0,0
18719,3329.63,0,2,0,0
18769,3243.24,2,3,0,5
18819,3188.10,0,4,0,5
18869,3190.13,0,4,0,-5
18919,3121.75,5,4,0,4
18969,3110.10,0,4,0,1
19019,3191.49,0,4,0,-7
19069,3179.99,7,4,0,5
19119,3216.81,0,3,0,4
19169,3310.53,-9,2,0,-19
19219,3306.15,5,2,0,7
19269,3325.94,0,2,0,6
19319,3349.71,0,2,0,-3
19369,3365.49,0,2,0,1
19419,3427.00,0,1,0,0
19469,3441.95,0,1,0,0
19519,3512.88,0,0,0,0
19569,3519.47,0,0,0,0
19619,3582.52,0,0,0,0
19670,3564.64,0,0,0,0
19720,3631.08,0,0,0,0
19770,3625.82,0,0,0,0
19820,3675.57,0,0,0,0
19870,3665.69,0,0,0,0
19920,3684.60,0,0,0,0
19970,3654.97,0,0,0,0
20020,3684.60,0,0,0,0
20070,3679.18,0,0,0,0
20120,3684.60,0,0,0,0
20170,3665.69,0,0,0,0
20220,3713.79,0,-1,0,0
20270,3699.14,0,0,0,0
20320,3738.78,0,-1,0,0
20370,3720.24,0,-1,0,0
20420,3724.86,0,-1,0,0
20470,3679.18,0,0,0,0
20520,3655.86,0,0,0,0
20570,3714.71,0,-1,0,0
20620,3699.14,0,0,0,0
20670,3704.62,0,-1,0,0
20720,3699.14,0,0,0,0
20770,3709.20,0,-1,0,0
20820,3679.18,0,0,0,0
20870,3694.58,0,0,0,0
20920,3679.18,0,0,0,0
20970,3715.63,0,-1,0,0
21020,3689.13,0,0,0,0
21070,3713.79,0,-1,0,0
21120,3680.08,0,0,0,0
21170,3715.63,0,-1,0,0
21220,3636.36,0,0,0,0
21270,3674.67,0,0,0,0
21320,3674.67,0,0,0,0
21370,3635.48,0,0,0,0
21420,3617.07,0,0,0,0
21470,3607.50,0,0,0,0
21520,3646.09,0,0,0,0
21570,3617.07,0,0,0,0
21620,3621.44,0,0,0,0
21670,3626.69,0,0,0,0
21720,3621.44,0,0,0,0
21770,3598.85,0,0,0,0
21820,3597.98,0,0,0,0
21870,3569.73,0,0,0,0
21920,3611.85,0,0,0,0
21970,3565.49,0,0,0,0
22020,3621.44,0,0,0,0
22070,3617.07,0,0,0,0
22120,3635.48,0,0,0,0
22170,3617.07,0,0,0,0
22220,3646.09,0,0,0,0
22270,3626.69,0,0,0,0
22320,3636.36,0,0,0,0
22370,3597.98,0,0,0,0
22420,3634.60,0,0,0,0
22470,3626.69,0,0,0,0
22520,3624.94,0,0,0,0
22571,3617.07,0,0,0,0
22621,3597.98,0,0,0,0
22671,3573.98,0,0,0,0
22721,3555.34,0,0,0,0
22771,3547.78,0,0,0,0
22821,3584.23,0,0,0,0
22871,3579.10,0,0,0,0
22921,3620.56,0,0,0,0
22971,3546.10,0,0,0,0
23021,3574.83,0,0,0,0
23071,3545.26,0,0,0,0
23121,3551.98,0,0,0,0
23171,3606.64,0,0,0,0
23221,3597.98,0,0,0,0
23271,3617.07,0,0,0,0
23321,3597.12,0,0,0,0
23371,3635.48,0,0,0,0
23421,3586.80,0,0,0,0
23471,3611.85,0,0,0,0
23521,3588.52,0,0,0,0
23571,3572.28,0,0,0,0
23621,3569.73,0,0,0,0
23671,3603.17,0,0,0,0
23721,3598.85,0,0,0,0
23771,3583.37,0,0,0,0
23821,3563.79,0,0,0,0
23871,3612.72,0,0,0,0
23921,3586.80,0,0,0,0
23971,3557.03,0,0,0,0
24022,3617.07,0,0,0,0
24072,3635.48,0,0,0,0
24122,3617.07,0,0,0,0
24172,3674.67,0,0,0,0
24222,3597.98,0,0,0,0
24272,3645.20,0,0,0,0
24322,3597.12,0,0,0,0
24372,3655.86,0,0,0,0
24422,3635.48,0,0,0,0
24472,3654.97,0,0,0,0
24522,3674.67,0,0,0,0
24572,3637.25,0,0,0,0
24622,3674.67,0,0,0,0
24672,3645.20,0,0,0,0
24722,3640.78,0,0,0,0
24772,3619.69,0,0,0,0
24822,3646.09,0,0,0,0
24872,3645.20,0,0,0,0
24922,3625.82,0,0,0,0
24972,3625.82,0,0,0,0
25022,3626.69,0,0,0,0
25072,3605.77,0,0,0,0
25122,3646.09,0,0,0,0
25172,3626.69,0,0,0,0
25222,3654.97,0,0,0,0
25272,3655.86,0,0,0,0
25322,3646.09,0,0,0,0
25372,3636.36,0,0,0,0
25422,3645.20,0,0,0,0
25472,3627.57,0,0,0,0
25522,3665.69,0,0,0,0
25572,3644.31,0,0,0,0
25622,3664.79,0,0,0,0
25672,3646.09,0,0,0,0
25722,3675.57,0,0,0,0
25772,3655.86,0,0,0,0
25822,3694.58,0,0,0,0
25872,3669.28,0,0,0,0
25922,3714.71,0,-1,0,0
25972,3626.69,0,0,0,0
26022,3664.79,0,0,0,0
26072,3646.09,0,0,0,0
26122,3635.48,0,0,0,0
26172,3626.69,0,0,0,0
26222,3636.36,0,0,0,0
26272,3664.79,0,0,0,0
26322,3626.69,0,0,0,0
26372,3646.09,0,0,0,0
26422,3646.09,0,0,0,0
26472,3626.69,0,0,0,0
26522,3607.50,0,0,0,0
26572,3624.94,0,0,0,0
26622,3597.98,0,0,0,0
26672,3597.98,0,0,0,0
26722,3587.66,0,0,0,0
26772,3630.20,0,0,0,0
26822,3597.98,0,0,0,0
26872,3611.85,0,0,0,0
26923,3573.98,0,0,0,0
26973,3563.79,0,0,0,0
27023,3565.49,0,0,0,0
27073,3612.72,0,0,0,0
27123,3554.50,0,0,0,0
27173,3584.23,0,0,0,0
27223,3603.17,0,0,0,0
27273,3551.98,0,0,0,0
27323,3573.13,0,0,0,0
27373,3559.56,0,0,0,0
27423,3593.67,0,0,0,0
27473,3577.39,0,0,0,0
27523,3583.37,0,0,0,0
27573,3569.73,0,0,0,0
27623,3602.31,0,0,0,0
27673,3546.10,0,0,0,0
27723,3592.81,0,0,0,0
27773,3579.10,0,0,0,0
27823,3592.81,0,0,0,0
27873,3570.58,0,0,0,0
27923,3564.64,0,0,0,0
27973,3565.49,0,0,0,0
28023,3611.85,0,0,0,0
28073,3570.58,0,0,0,0
28123,3582.52,0,0,0,0
28173,3569.73,0,0,0,0
28223,3584.23,0,0,0,0
28273,3579.10,0,0,0,0
28323,3611.85,0,0,0,0
28374,3536.90,0,0,0,0
28424,3528.58,0,0,0,0
28474,3519.47,0,0,0,0
28524,3556.19,0,0,0,0
28574,3536.90,0,0,0,0
28624,3519.47,0,0,0,0
28674,3546.94,0,0,0,0
28724,3554.50,0,0,0,0
28774,3579.95,0,0,0,0
28824,3590.23,0,0,0,0
28874,3645.20,0,0,0,0
28924,3597.98,0,0,0,0
28974,3626.69,0,0,0,0
29024,3615.33,0,0,0,0
29074,3654.97,0,0,0,0
29124,3665.69,0,0,0,0
29174,3655.86,0,0,0,0
29224,3674.67,0,0,0,0
29274,3654.97,0,0,0,0
29324,3684.60,0,0,0,0
29374,3654.97,0,0,0,0
29424,3674.67,0,0,0,0
29474,3665.69,0,0,0,0
29524,3664.79,0,0,0,0
29574,3664.79,0,0,0,0
29624,3686.41,0,0,0,0
29674,3689.13,0,0,0,0
29724,3715.63,0,-1,0,0
29774,3689.13,0,0,0,0
29824,3723.93,0,-1,0,0
29874,3679.18,0,0,0,0
29924,3704.62,0,-1,0,0
29974,3665.69,0,0,0,0
30024,3657.64,0,0,0,0
30074,3664.79,0,0,0,0
30124,3636.36,0,0,0,0
30174,3675.57,0,0,0,0
30224,3627.57,0,0,0,0
30274,3664.79,0,0,0,0
30324,3636.36,0,0,0,0
30374,3611.85,0,0,0,0
30424,3584.23,0,0,0,0
30474,3565.49,0,0,0,0
30524,3573.13,0,0,0,0
30574,3593.67,0,0,0,0
30624,3585.09,0,0,0,0
30674,3631.08,0,0,0,0
30724,3596.26,0,0,0,0
30774,3617.07,0,0,0,0
30824,3603.17,0,0,0,0
30874,3611.85,0,0,0,0
30924,3597.98,0,0,0,0
30974,3645.20,0,0,0,0
31024,3586.80,0,0,0,0
31074,3629.32,0,0,0,0
31124,3607.50,0,0,0,0
31174,3635.48,0,0,0,0
31224,3608.37,0,0,0,0
31275,3645.20,0,0,0,0
31325,3607.50,0,0,0,0
31375,3628.45,0,0,0,0
31425,3607.50,0,0,0,0
31475,3597.98,0,0,0,0
31525,3589.38,0,0,0,0
31575,3601.44,0,0,0,0
31625,3591.95,0,0,0,0
31675,3620.56,0,0,0,0
31725,3598.85,0,0,0,0
31775,3646.09,0,0,0,0
31825,3626.69,0,0,0,0
31875,3674.67,0,0,0,0
31925,3646.09,0,0,0,0
31975,3674.67,0,0,0,0
32025,3646.09,0,0,0,0
32075,3644.31,0,0,0,0
32125,3635.48,0,0,0,0
32175,3645.20,0,0,0,0
32225,3563.79,0,0,0,0
32275,3592.81,0,0,0,0
32325,3579.10,0,0,0,0
32375,3621.44,0,0,0,0
32425,3607.50,0,0,0,0
32475,3625.82,0,0,0,0
32525,3597.98,0,0,0,0
32575,3625.82,0,0,0,0
32625,3626.69,0,0,0,0
32675,3665.69,0,0,0,0
32726,3605.77,0,0,0,0
32776,3635.48,0,0,0,0
32826,3625.82,0,0,0,0
32876,3645.20,0,0,0,0
32926,3564.64,0,0,0,0
32976,3602.31,0,0,0,0
33026,3597.98,0,0,0,0
33076,3574.83,0,0,0,0
33126,3568.88,0,0,0,0
33176,3583.37,0,0,0,0
33226,3555.34,0,0,0,0
33276,3556.19,0,0,0,0
33326,3555.34,0,0,0,0
33376,3592.81,0,0,0,0
33426,3579.10,0,0,0,0
33476,3611.85,0,0,0,0
33526,3573.13,0,0,0,0
33576,3591.09,0,0,0,0
33626,3583.37,0,0,0,0
33676,3640.78,0,0,0,0
33726,3573.13,0,0,0,0
33776,3603.17,0,0,0,0
33826,3589.38,0,0,0,0
33876,3621.44,0,0,0,0
33926,3605.77,0,0,0,0
33976,3600.58,0,0,0,0
34026,3586.80,0,0,0,0
34076,3610.98,0,0,0,0
34126,3587.66,0,0,0,0
34176,3611.85,0,0,0,0
34226,3597.98,0,0,0,0
34276,3628.45,0,0,0,0
34326,3607.50,0,0,0,0
34376,3592.81,0,0,0,0
34426,3597.98,0,0,0,0
34476,3610.11,0,0,0,0
34526,3612.72,0,0,0,0
34576,3631.08,0,0,0,0
34626,3617.07,0,0,0,0
34676,3624.94,0,0,0,0
34726,3616.20,0,0,0,0
34776,3654.97,0,0,0,0
34826,3654.97,0,0,0,0
34876,3694.58,0,0,0,0
34926,3679.18,0,0,0,0
34976,3724.86,0,-1,0,0
35026,3718.39,0,-1,0,0
35076,3769.79,0,-1,0,0
35126,3738.78,0,-1,0,0
35176,3728.56,0,-1,0,0
35226,3710.12,0,-1,0,0
35276,3736.92,0,-1,0,0
35326,3728.56,0,-1,0,0
35376,3689.13,0,0,0,0
35426,3674.67,0,0,0,0
35476,3655.86,0,0,0,0
35526,3675.57,0,0,0,0
35576,3646.09,0,0,0,0
35627,3665.69,0,0,0,0
35677,3636.36,0,0,0,0
35727,3646.09,0,0,0,0
35777,3597.98,0,0,0,0
35827,3645.20,0,0,0,0
35877,3563.79,0,0,0,0
35927,3611.85,0,0,0,0
35977,3588.52,0,0,0,0
36027,3621.44,0,0,0,0
36077,3640.78,0,0,0,0
36127,3610.98,0,0,0,0
36177,3587.66,0,0,0,0
36227,3566.33,0,0,0,0
36277,3563.79,0,0,0,0
36327,3593.67,0,0,0,0
36377,3569.73,0,0,0,0
36427,3573.98,0,0,0,0
36477,3581.66,0,0,0,0
36527,3537.74,0,0,0,0
36577,3555.34,0,0,0,0
36627,3534.40,0,0,0,0
36677,3556.19,0,0,0,0
36727,3519.47,0,0,0,0
36777,3555.34,0,0,0,0
36827,3536.90,0,0,0,0
36877,3550.30,0,0,0,0
36927,3537.74,0,0,0,0
36977,3517.82,0,0,0,0
37027,3482.70,0,1,0,0
37078,3503.85,0,0,0,0
37128,3482.70,0,1,0,0
37178,3512.88,0,0,0,0
37228,3519.47,0,0,0,0
37278,3567.18,0,0,0,0
37328,3529.41,0,0,0,0
37378,3546.10,0,0,0,0
37428,3528.58,0,0,0,0
37478,3510.41,0,0,0,0
37528,3556.19,0,0,0,0
37578,3536.90,0,0,0,0
37628,3593.67,0,0,0,0
37678,3563.79,0,0,0,0
37728,3592.81,0,0,0,0
37778,3579.10,0,0,0,0
37828,3602.31,0,0,0,0
37878,3587.66,0,0,0,0
37928,3635.48,0,0,0,0
37978,3597.12,0,0,0,0
38028,3610.11,0,0,0,0
38078,3586.80,0,0,0,0
38128,3619.69,0,0,0,0
38178,3597.98,0,0,0,0
38228,3626.69,0,0,0,0
38278,3588.52,0,0,0,0
38328,3621.44,0,0,0,0
38378,3588.52,0,0,0,0
38428,3638.13,0,0,0,0
38478,3617.07,0,0,0,0
38528,3631.96,0,0,0,0
38578,3585.09,0,0,0,0
38628,3631.08,0,0,0,0
38678,3583.37,0,0,0,0
38728,3603.17,0,0,0,0
38778,3597.98,0,0,0,0
38828,3621.44,0,0,0,0
38878,3597.12,0,0,0,0
38928,3611.85,0,0,0,0
38978,3587.66,0,0,0,0
39028,3603.17,0,0,0,0
39078,3588.52,0,0,0,0
39128,3621.44,0,0,0,0
39178,3569.73,0,0,0,0
39228,3573.98,0,0,0,0
39278,3546.94,0,0,0,0
39328,3591.95,0,0,0,0
39378,3596.26,0,0,0,0
39428,3630.20,0,0,0,0
39478,3554.50,0,0,0,0
39528,3583.37,0,0,0,0
39578,3569.73,0,0,0,0
39628,3554.50,0,0,0,0
39678,3546.94,0,0,0,0
39728,3582.52,0,0,0,0
39778,3577.39,0,0,0,0
39828,3592.81,0,0,0,0
39878,3597.98,0,0,0,0
39928,3621.44,0,0,0,0
39979,3565.49,0,0,0,0
40029,3621.44,0,0,0,0
40079,3565.49,0,0,0,0
40129,3629.32,0,0,0,0
40179,3570.58,0,0,0,0
40229,3573.13,0,0,0,0
40279,3630.20,0,0,0,0
40329,3616.20,0,0,0,0
40379,3644.31,0,0,0,0
40429,3626.69,0,0,0,0
40479,3654.97,0,0,0,0
40529,3689.13,0,0,0,0
40579,3675.57,0,0,0,0
40629,3694.58,0,0,0,0
40679,3679.18,0,0,0,0
40729,3684.60,0,0,0,0
40779,3679.18,0,0,0,0
40829,3696.40,0,0,0,0
40879,3665.69,0,0,0,0
40929,3665.69,0,0,0,0
40979,3654.97,0,0,0,0
41029,3715.63,0,-1,0,0
41079,3699.14,0,0,0,0
41129,3674.67,0,0,0,0
41179,3664.79,0,0,0,0
41229,3715.63,0,-1,0,0
41279,3689.13,0,0,0,0
41329,3645.20,0,0,0,0
41379,3684.60,0,0,0,0
41430,3674.67,0,0,0,0
41480,3645.20,0,0,0,0
41530,3625.82,0,0,0,0
41580,3645.20,0,0,0,0
41630,3626.69,0,0,0,0
41680,3629.32,0,0,0,0
41730,3607.50,0,0,0,0
41780,3579.10,0,0,0,0
41830,3554.50,0,0,0,0
41880,3563.79,0,0,0,0
41930,3527.75,0,0,0,0
41980,3593.67,0,0,0,0
42030,3573.98,0,0,0,0
42080,3669.28,0,0,0,0
42130,3613.59,0,0,0,0
42180,3601.44,0,-1,0,0
42230,3631.96,0,0,0,0
42280,3655.86,0,0,0,0
42330,3654.97,0,0,0,0
42380,3749.06,0,-1,0,0
42430,3626.69,0,0,0,0
42480,3676.47,0,0,0,0
42530,3668.38,0,0,0,0
42580,3714.71,0,-1,0,0
42630,3709.20,0,-1,0,0
42680,3738.78,0,-1,0,0
42730,3674.67,0,0,0,0
42780,3714.71,0,-1,0,0
42830,3699.14,0,0,0,0
42880,3740.65,0,-1,0,0
42930,3629.32,0,0,0,0
42980,3710.12,0,-1,0,0
43030,3689.13,0,0,0,0
43080,3700.05,0,-1,0,0
43130,3714.71,0,-1,0,0
43180,3654.97,0,0,0,0
43230,3665.69,0,0,0,0
43280,3644.31,0,0,0,0
43330,3610.11,0,0,0,0
43380,3597.98,0,0,0,0
43430,3597.98,0,0,0,0
43480,3569.73,0,0,0,0
43530,3593.67,0,0,0,0
43580,3563.79,0,0,0,0
43630,3574.83,0,0,0,0
43680,3556.19,0,0,0,0
43730,3587.66,0,0,0,0
43780,3555.34,0,0,0,0
43830,3546.94,0,0,0,0
43880,3546.94,0,0,0,0
43930,3546.10,0,0,0,0
43980,3565.49,0,0,0,0
44030,3527.75,0,0,0,0
44080,3564.64,0,0,0,0
44130,3537.74,0,0,0,0
44180,3530.24,0,0,0,0
44230,3469.81,0,1,0,0
44280,3539.41,0,0,0,0
44331,3509.59,0,0,0,0
44381,3546.10,0,0,0,0
44431,3518.65,0,0,0,0
44481,3573.98,0,0,0,0
44531,3521.13,0,0,0,0
44581,3565.49,0,0,0,0
44631,3546.10,0,0,0,0
44681,3538.57,0,0,0,0
44731,3591.95,0,0,0,0
44781,3581.66,0,0,0,0
44831,3600.58,0,-1,0,0
44881,3591.09,0,0,0,0
44931,3630.20,0,0,0,0
44981,3598.85,0,0,0,0
45031,3646.09,0,0,0,0
45081,3621.44,0,0,0,0
45131,3626.69,0,0,0,0
45181,3674.67,0,0,0,0
45231,3655.86,0,0,0,0
45281,3674.67,0,0,0,0
45331,3654.08,0,0,0,0
45381,3664.79,0,0,0,0
45431,3635.48,0,0,0,0
45481,3654.97,0,0,0,0
45531,3636.36,0,0,0,0
45581,3664.79,0,0,0,0
45631,3654.97,0,0,0,0
45681,3654.97,0,0,0,0
45731,3636.36,0,0,0,0
45782,3694.58,0,0,0,0
45832,3674.67,0,0,0,0
45882,3704.62,0,-1,0,0
45932,3674.67,0,0,0,0
45982,3704.62,0,-1,0,0
46032,3665.69,0,0,0,0
46082,3706.45,0,-1,0,0
46132,3689.13,0,0,0,0
46182,3674.67,0,0,0,0
46232,3704.62,0,-1,0,0
46282,3679.18,0,0,0,0
46332,3674.67,0,0,0,0
46382,3636.36,0,0,0,0
46432,3634.60,0,0,0,0
46482,3626.69,0,0,0,0
46532,3644.31,0,0,0,0
46582,3626.69,0,0,0,0
46632,3635.48,0,0,0,0
46682,3617.07,0,0,0,0
46732,3611.85,0,0,0,0
46782,3586.80,0,0,0,0
46832,3611.85,0,0,0,0
46882,3579.10,0,0,0,0
46932,3602.31,0,0,0,0
46982,3573.13,0,0,0,0
47032,3611.85,0,0,0,0
47082,3597.12,0,0,0,0
47132,3621.44,0,0,0,0
47182,3597.12,0,0,0,0
47232,3636.36,0,0,0,0
47282,3573.98,0,0,0,0
47332,3593.67,0,0,0,0
47382,3579.95,0,0,0,0
47432,3621.44,0,0,0,0
47482,3546.10,0,0,0,0
47532,3556.19,0,0,0,0
47582,3546.10,0,0,0,0
47632,3511.24,0,0,0,0
47682,3551.98,0,0,0,0
47732,3511.24,0,0,0,0
47782,3532.74,0,0,0,0
47832,3491.62,0,1,0,0
47882,3536.90,0,0,0,0
47932,3491.62,0,1,0,0
47982,3554.50,0,0,0,0
48032,3527.75,0,0,0,0
48082,3574.83,0,0,0,0
48132,3554.50,0,0,0,0
48182,3583.37,0,0,0,0
48232,3554.50,0,0,0,0
48282,3602.31,0,0,0,0
48332,3569.73,0,0,0,0
48382,3592.81,0,0,0,0
48432,3578.24,0,0,0,0
48482,3621.44,0,0,0,0
48532,3606.64,0,0,0,0
48582,3599.71,0,0,0,0
48632,3607.50,0,0,0,0
48683,3654.97,0,0,0,0
48733,3624.94,0,0,0,0
48783,3674.67,0,0,0,0
48833,3636.36,0,0,0,0
48883,3676.47,0,0,0,0
48933,3598.85,0,0,0,0
48983,3610.98,0,0,0,0
49033,3588.52,0,0,0,0
49083,3610.11,0,0,0,0
49133,3596.26,0,0,0,0
49183,3646.09,0,0,0,0
49233,3588.52,0,0,0,0
49283,3630.20,0,0,0,0
49333,3588.52,0,0,0,0
49383,3624.94,0,0,0,0
49433,3597.12,0,0,0,0
49483,3628.45,0,0,0,0
49533,3588.52,0,0,0,0
49583,3591.09,0,0,0,0
49633,3579.10,0,0,0,0
49683,3621.44,0,0,0,0
49733,3573.13,0,0,0,0
49783,3604.90,0,0,0,0
49833,3577.39,0,0,0,0
49883,3574.83,0,0,0,0
49933,3563.79,0,0,0,0
49983,3621.44,0,0,0,0
50033,3587.66,0,0,0,0
50083,3566.33,0,0,0,0
50134,3555.34,0,0,0,0
50184,3588.52,0,0,0,0
50234,3546.94,0,0,0,0
50284,3563.79,0,0,0,0
50334,3569.73,0,0,0,0
50384,3561.25,0,0,0,0
50434,3612.72,0,0,0,0
50484,3597.12,0,0,0,0
50534,3619.69,0,0,0,0
50584,3596.26,0,0,0,0
50634,3625.82,0,0,0,0
50684,3626.69,0,0,0,0
50734,3684.60,0,0,0,0
50784,3674.67,0,0,0,0
50834,3679.18,0,0,0,0
50884,3715.63,0,-1,0,0
50934,3698.22,0,0,0,0
50984,3740.65,0,-1,0,0
51034,3719.32,0,-1,0,0
51084,3705.53,0,-1,0,0
51134,3654.08,0,0,0,0
51184,3705.53,0,-1,0,0
51234,3644.31,0,0,0,0
51284,3695.49,0,0,0,0
51334,3665.69,0,0,0,0
51384,3655.86,0,0,0,0
51434,3645.20,0,0,0,0
51484,3655.86,0,0,0,0
51534,3625.82,0,0,0,0
51584,3664.79,0,0,0,0
51634,3607.50,0,0,0,0
51684,3655.86,0,0,0,0
51734,3626.69,0,0,0,0
51784,3617.07,0,0,0,0
51834,3607.50,0,0,0,0
51884,3630.20,0,0,0,0
51934,3579.10,0,0,0,0
51984,3622.31,0,0,0,0
52034,3597.98,0,0,0,0
52084,3646.09,0,0,0,0
52134,3626.69,0,0,0,0
52184,3635.48,0,0,0,0
52234,3570.58,0,0,0,0
52284,3617.07,0,0,0,0
52334,3592.81,0,0,0,0
52384,3591.95,0,0,0,0
52434,3570.58,0,0,0,0
52484,3607.50,0,0,0,0
52534,3588.52,0,0,0,0
52584,3625.82,0,0,0,0
52634,3617.07,0,0,0,0
52684,3621.44,0,0,0,0
52734,3573.98,0,0,0,0
52784,3602.31,0,0,0,0
52834,3564.64,0,0,0,0
52884,3583.37,0,0,0,0
52934,3577.39,0,0,0,0
52984,3611.85,0,0,0,0
53035,3587.66,0,0,0,0
53085,3611.85,0,0,0,0
53135,3569.73,0,0,0,0
53185,3602.31,0,0,0,0
53235,3579.10,0,0,0,0
53285,3601.44,0,0,0,0
53335,3578.24,0,0,0,0
53385,3546.94,0,0,0,0
53435,3537.74,0,0,0,0
53485,3526.92,0,0,0,0
53535,3500.58,0,0,0,0
53585,3556.19,0,0,0,0
53635,3518.65,0,0,0,0
53685,3573.13,0,0,0,0
53735,3565.49,0,0,0,0
53785,3583.37,0,0,0,0
53835,3555.34,0,0,0,0
53885,3546.10,0,0,0,0
53935,3565.49,0,0,0,0
53985,3610.98,0,0,0,0
54035,3608.37,0,0,0,0
54085,3588.52,0,0,0,0
54135,3608.37,0,0,0,0
54185,3616.20,0,0,0,0
54235,3653.19,0,0,0,0
54285,3649.63,0,0,0,0
54335,3760.34,0,-1,0,0
54385,3617.07,0,0,0,0
54435,3607.50,0,0,0,0
54486,3636.36,0,0,0,0
54536,3617.07,0,0,0,0
54586,3611.85,0,0,0,0
54636,3607.50,0,0,0,0
54686,3593.67,0,0,0,0
54736,3563.79,0,0,0,0
54786,3584.23,0,0,0,0
54836,3584.23,0,0,0,0
54886,3660.32,0,0,0,0
54936,3619.69,0,0,0,0
54986,3573.13,0,0,0,0
55036,3631.96,0,0,0,0
55086,3612.72,0,0,0,0
55136,3654.97,0,0,0,0
55186,3621.44,0,0,0,0
55236,3646.09,0,0,0,0
55286,3646.09,0,0,0,0
55336,3626.69,0,0,0,0
55386,3640.78,0,0,0,0
55436,3598.85,0,0,0,0
55486,3635.48,0,0,0,0
55536,3627.57,0,0,0,0
55586,3655.86,0,0,0,0
55636,3646.09,0,0,0,0
55686,3684.60,0,0,0,0
55736,3606.64,0,0,0,0
55786,3664.79,0,0,0,0
55836,3600.58,0,0,0,0
55886,3655.86,0,0,0,0
55936,3626.69,0,0,0,0
55986,3642.54,0,0,0,0
56036,3616.20,0,0,0,0
56086,3645.20,0,0,0,0
56136,3577.39,0,0,0,0
56186,3635.48,0,0,0,0
56236,3639.01,0,0,0,0
56286,3655.86,0,0,0,0
56336,3644.31,0,0,0,0
56386,3626.69,0,0,0,0
56436,3615.33,0,0,0,0
56486,3626.69,0,0,0,0
56536,3607.50,0,0,0,0
56586,3653.19,0,0,0,0
56636,3638.13,0,0,0,0
56686,3674.67,0,0,0,0
56736,3645.20,0,0,0,0
56786,3665.69,0,0,0,0
56836,3655.86,0,0,0,0
56886,3675.57,0,0,0,0
56936,3655.86,0,0,0,0
56986,3655.86,0,0,0,0
57036,3645.20,0,0,0,0
57086,3684.60,0,0,0,0
57136,3648.75,0,0,0,0
57186,3674.67,0,0,0,0
57236,3694.58,0,0,0,0
57286,3664.79,0,0,0,0
57336,3685.50,0,0,0,0
57387,3627.57,0,0,0,0
57437,3619.69,0,0,0,0
57487,3625.82,0,0,0,0
57537,3684.60,0,0,0,0
57587,3664.79,0,0,0,0
57637,3704.62,0,-1,0,0
57687,3689.13,0,0,0,0
57737,3725.78,0,-1,0,0
57787,3689.13,0,0,0,0
57837,3674.67,0,0,0,0
57887,3607.50,0,0,0,0
57937,3615.33,0,0,0,0
57987,3617.07,0,0,0,0
58037,3654.97,0,0,0,0
58087,3636.36,0,0,0,0
58137,3675.57,0,0,0,0
58187,3636.36,0,0,0,0
58237,3684.60,0,0,0,0
58287,3646.09,0,0,0,0
58337,3664.79,0,0,0,0
58387,3646.09,0,0,0,0
58437,3645.20,0,0,0,0
58487,3655.86,0,0,0,0
58537,3605.77,0,0,0,0
58587,3654.97,0,0,0,0
58637,3635.48,0,0,0,0
58687,3655.86,0,0,0,0
58737,3617.07,0,0,0,0
58787,3654.97,0,0,0,0
58838,3617.07,0,0,0,0
58888,3616.20,0,0,0,0
58938,3607.50,0,0,0,0
58988,3644.31,0,0,0,0
59038,3597.98,0,0,0,0
59088,3626.69,0,0,0,0
59138,3588.52,0,0,0,0
59188,3640.78,0,0,0,0
59238,3616.20,0,0,0,0
59288,3622.31,0,0,0,0
59338,3607.50,0,0,0,0
59388,3654.97,0,0,0,0
59438,3617.07,0,0,0,0
59488,3664.79,0,0,0,0
59538,3597.12,0,0,0,0
59588,3620.56,0,0,0,0
59638,3607.50,0,0,0,0
59688,3622.31,0,0,0,0
59738,3588.52,0,0,0,0
59788,3631.08,0,0,0,0
59838,3564.64,0,0,0,0
59888,3592.81,0,0,0,0
59938,3563.79,0,0,0,0
59988,3565.49,0,0,0,0
60038,3527.75,0,0,0,0
60088,3592.81,0,0,0,0
60138,3563.79,0,0,0,0
60188,3611.85,0,0,0,0
60238,3597.98,0,0,0,0
60288,3614.46,0,0,0,0
60338,3622.31,0,0,0,0
60388,3616.20,0,0,0,0
60438,3586.80,0,0,0,0
60488,3601.44,0,0,0,0
60538,3597.98,0,0,0,0
60588,3588.52,0,0,0,0
60638,3607.50,0,0,0,0
60688,3583.37,0,0,0,0
60738,3617.07,0,0,0,0
60788,3597.98,0,0,0,0
60838,3602.31,0,0,0,0
60888,3600.58,0,-1,0,0
60938,3596.26,0,0,0,0
60988,3586.80,0,0,0,0
61038,3631.08,0,0,0,0
61088,3549.46,0,0,0,0
61138,3573.98,0,0,0,0
61188,3554.50,0,0,0,0
61238,3621.44,0,0,0,0
61288,3577.39,0,0,0,0
61338,3630.20,0,0,0,0
61388,3568.88,0,0,0,0
61438,3631.96,0,0,0,0
61488,3592.81,0,0,0,0
61538,3619.69,0,0,0,0
61588,3597.12,0,0,0,0
61638,3607.50,0,0,0,0
61688,3588.52,0,0,0,0
61739,3611.85,0,0,0,0
61789,3578.24,0,0,0,0
61839,3611.85,0,0,0,0
61889,3592.81,0,0,0,0
61939,3620.56,0,0,0,0
61989,3607.50,0,0,0,0
62039,3624.94,0,0,0,0
62089,3617.07,0,0,0,0
62139,3617.07,0,0,0,0
62189,3617.07,0,0,0,0
62239,3645.20,0,0,0,0
62289,3567.18,0,0,0,0
62339,3610.98,0,0,0,0
62389,3597.98,0,0,0,0
62439,3626.69,0,0,0,0
62489,3588.52,0,0,0,0
62539,3626.69,0,0,0,0
62589,3597.12,0,0,0,0
62639,3563.79,0,0,0,0
62689,3577.39,0,0,0,0
62739,3621.44,0,0,0,0
62789,3573.98,0,0,0,0
62839,3573.13,0,0,0,0
62889,3556.19,0,0,0,0
62939,3602.31,0,0,0,0
62989,3588.52,0,0,0,0
63039,3601.44,0,0,0,0
63089,3600.58,0,0,0,0
63139,3597.98,0,0,0,0
63190,3586.80,0,0,0,0
63240,3620.56,0,0,0,0
63290,3555.34,0,0,0,0
63340,3611.85,0,0,0,0
63390,3573.98,0,0,0,0
63440,3611.85,0,0,0,0
63490,3601.44,0,0,0,0
63540,3635.48,0,0,0,0
63590,3606.64,0,0,0,0
63640,3597.98,0,0,0,0
63690,3588.52,0,0,0,0
63740,3602.31,0,0,0,0
63790,3589.38,0,0,0,0
63840,3626.69,0,0,0,0
63890,3594.54,0,0,0,0
63940,3607.50,0,0,0,0
63990,3598.85,0,0,0,0
64040,3610.98,0,0,0,0
64090,3588.52,0,0,0,0
64140,3644.31,0,0,0,0
64190,3624.94,0,0,0,0
64240,3636.36,0,0,0,0
64290,3592.81,0,0,0,0
64340,3639.89,0,0,0,0
64390,3555.34,0,0,0,0
64440,3612.72,0,0,0,0
64490,3608.37,0,0,0,0
64540,3593.67,0,0,0,0
64590,3579.10,0,0,0,0
64640,3640.78,0,0,0,0
64690,3585.09,0,0,0,0
64740,3636.36,0,0,0,0
64790,3606.64,0,0,0,0
64840,3650.52,0,0,0,0
64890,3607.50,0,0,0,0
64940,3615.33,0,0,0,0
64990,3596.26,0,0,0,0
65040,3620.56,0,0,0,0
65090,3597.98,0,0,0,0
65140,3611.85,0,0,0,0
65190,3598.85,0,0,0,0
65240,3639.89,0,0,0,0
65290,3606.64,0,0,0,0
65340,3646.09,0,0,0,0
65390,3607.50,0,0,0,0
65440,3636.36,0,0,0,0
65490,3607.50,0,0,0,0
65540,3654.97,0,0,0,0
65590,3636.36,0,0,0,0
65640,3597.98,0,0,0,0
65690,3536.07,0,0,0,0
65740,3564.64,0,0,0,0
65790,3556.19,0,0,0,0
65840,3593.67,0,0,0,0
65890,3537.74,0,0,0,0
65940,3555.34,0,0,0,0
65990,3536.07,0,0,0,0
66040,3584.23,0,0,0,0
66091,3563.79,0,0,0,0
66141,3591.95,0,0,0,0
66191,3555.34,0,0,0,0
66241,3603.17,0,0,0,0
66291,3577.39,0,0,0,0
66341,3573.13,0,0,0,0
66391,3573.98,0,0,0,0
66441,3630.20,0,0,0,0
66491,3607.50,0,0,0,0
66541,3631.08,0,0,0,0
66591,3607.50,0,0,0,0
66641,3622.31,0,0,0,0
66691,3607.50,0,0,0,0
66741,3654.97,0,0,0,0
66791,3617.07,0,0,0,0
66841,3607.50,0,0,0,0
66891,3597.12,0,0,0,0
66941,3636.36,0,0,0,0
66991,3617.07,0,0,0,0
67041,3665.69,0,0,0,0
67091,3636.36,0,0,0,0
67141,3665.69,0,0,0,0
67191,3588.52,0,0,0,0
67241,3579.10,0,0,0,0
67291,3579.10,0,0,0,0
67341,3631.08,0,0,0,0
67391,3588.52,0,0,0,0
67441,3602.31,0,0,0,0
67491,3597.98,0,0,0,0
67542,3606.64,0,0,0,0
67592,3617.07,0,0,0,0
67642,3597.98,0,0,0,0
67692,3597.98,0,0,0,0
67742,3645.20,0,0,0,0
67792,3597.12,0,0,0,0
67842,3654.97,0,0,0,0
67892,3635.48,0,0,0,0
67942,3630.20,0,0,0,0
67992,3626.69,0,0,0,0
68042,3665.69,0,0,0,0
68092,3655.86,0,0,0,0
68142,3686.41,0,0,0,0
68192,3627.57,0,0,0,0
68242,3674.67,0,0,0,0
68292,3654.97,0,0,0,0
68342,3686.41,0,0,0,0
68392,3588.52,0,0,0,0
68442,3635.48,0,0,0,0
68492,3634.60,0,0,0,0
68542,3626.69,0,0,0,0
68592,3615.33,0,0,0,0
68642,3620.56,0,0,0,0
68692,3597.98,0,0,0,0
68742,3604.04,0,0,0,0
68792,3586.80,0,0,0,0
68842,3573.13,0,0,0,0
68892,3565.49,0,0,0,0
68942,3603.17,0,0,0,0
68992,3588.52,0,0,0,0
69042,3611.85,0,0,0,0
69092,3597.98,0,0,0,0
69142,3630.20,0,0,0,0
69192,3636.36,0,0,0,0
69242,3674.67,0,0,0,0
69292,3646.09,0,0,0,0
69342,3646.09,0,0,0,0
69392,3636.36,0,0,0,0
69442,3665.69,0,0,0,0
69492,3625.82,0,0,0,0
69542,3678.27,0,0,0,0
69592,3597.12,0,0,0,0
69642,3644.31,0,0,0,0
69692,3617.07,0,0,0,0
69742,3621.44,0,0,0,0
69792,3585.09,0,0,0,0
69842,3640.78,0,0,0,0
69892,3636.36,0,0,0,0
69942,3613.59,0,0,0,0
69992,3626.69,0,0,0,0
70042,3624.94,0,0,0,0
70092,3597.98,0,0,0,0
70142,3636.36,0,0,0,0
70192,3607.50,0,0,0,0
70242,3645.20,0,0,0,0
70292,3626.69,0,0,0,0
70342,3646.09,0,0,0,0
70392,3627.57,0,0,0,0
70443,3655.86,0,0,0,0
70493,3625.82,0,0,0,0
70543,3639.89,0,0,0,0
70593,3615.33,0,0,0,0
70643,3617.07,0,0,0,0
70693,3626.69,0,0,0,0
70743,3618.82,0,0,0,0
70793,3625.82,0,0,0,0
70843,3617.07,0,0,0,0
70893,3664.79,0,0,0,0
70943,3617.07,0,0,0,0
70993,3645.20,0,0,0,0
71043,3617.07,0,0,0,0
71093,3636.36,0,0,0,0
71143,3552.82,0,0,0,0
71193,3621.44,0,0,0,0
71243,3607.50,0,0,0,0
71293,3592.81,0,0,0,0
71343,3573.98,0,0,0,0
71393,3621.44,0,0,0,0
71443,3607.50,0,0,0,0
71493,3634.60,0,0,0,0
71543,3607.50,0,0,0,0
71593,3626.69,0,0,0,0
71643,3606.64,0,0,0,0
71693,3645.20,0,0,0,0
71743,3626.69,0,0,0,0
71793,3608.37,0,0,0,0
71843,3597.98,0,0,0,0
71894,3621.44,0,0,0,0
71944,3573.98,0,0,0,0
71994,3621.44,0,0,0,0
72044,3597.98,0,0,0,0
72094,3620.56,0,0,0,0
72144,3588.52,0,0,0,0
72194,3621.44,0,0,0,0
72244,3585.09,0,0,0,0
72294,3620.56,0,0,0,0
72344,3606.64,0,0,0,0
72394,3617.07,0,0,0,0
72444,3607.50,0,0,0,0
72494,3602.31,0,0,0,0
72544,3579.10,0,0,0,0
72594,3611.85,0,0,0,0
72644,3569.73,0,0,0,0
72694,3563.79,0,0,0,0
72744,3564.64,0,0,0,0
72794,3603.17,0,0,0,0
72844,3588.52,0,0,0,0
72894,3621.44,0,0,0,0
72944,3579.10,0,0,0,0
72994,3631.08,0,0,0,0
73044,3607.50,0,0,0,0
73094,3645.20,0,0,0,0
73144,3627.57,0,0,0,0
73194,3664.79,0,0,0,0
73244,3634.60,0,0,0,0
73294,3655.86,0,0,0,0
73344,3625.82,0,0,0,0
73394,3665.69,0,0,0,0
73444,3626.69,0,0,0,0
73494,3654.97,0,0,0,0
73544,3636.36,0,0,0,0
73594,3621.44,0,0,0,0
73644,3617.07,0,0,0,0
73694,3639.89,0,0,0,0
73744,3583.37,0,0,0,0
73794,3583.37,0,0,0,0
73844,3568.88,0,0,0,0
73894,3583.37,0,0,0,0
73944,3560.41,0,0,0,0
73994,3602.31,0,0,0,0
74044,3577.39,0,0,0,0
74094,3631.08,0,0,0,0
74144,3587.66,0,0,0,0
74194,3620.56,0,0,0,0
74244,3607.50,0,0,0,0
74294,3621.44,0,0,0,0
74344,3589.38,0,0,0,0
74394,3593.67,0,0,0,0
74444,3546.10,0,0,0,0
74494,3611.85,0,0,0,0
74544,3583.37,0,0,0,0
74594,3561.25,0,0,0,0
74644,3583.37,0,0,0,0
74694,3546.94,0,0,0,0
74744,3575.69,0,0,0,0
74795,3548.62,0,0,0,0
74845,3575.69,0,0,0,0
74895,3555.34,0,0,0,0
74945,3584.23,0,0,0,0
74995,3556.19,0,0,0,0
75045,3620.56,0,0,0,0
75095,3563.79,0,0,0,0
75145,3602.31,0,0,0,0
75195,3582.52,0,0,0,0
75245,3574.83,0,0,0,0
75295,3563.79,0,0,0,0
75345,3556.19,0,0,0,0
75395,3555.34,0,0,0,0
75445,3612.72,0,0,0,0
75495,3588.52,0,0,0,0
75545,3634.60,0,0,0,0
75595,3619.69,0,0,0,0
75645,3636.36,0,0,0,0
75695,3606.64,0,0,0,0
75745,3603.17,0,0,0,0
75795,3597.98,0,0,0,0
75845,3622.31,0,0,0,0
75895,3597.12,0,0,0,0
75945,3619.69,0,0,0,0
75995,3600.58,0,0,0,0
76045,3591.95,0,0,0,0
76095,3573.98,0,0,0,0
76145,3622.31,0,0,0,0
76195,3617.07,0,0,0,0
76246,3655.86,0,0,0,0
76296,3597.98,0,0,0,0
76346,3624.94,0,0,0,0
76396,3630.20,0,0,0,0
76446,3664.79,0,0,0,0
76496,3617.07,0,0,0,0
76546,3655.86,0,0,0,0
76596,3626.69,0,0,0,0
76646,3654.97,0,0,0,0
76696,3636.36,0,0,0,0
76746,3644.31,0,0,0,0
76796,3579.10,0,0,0,0
76846,3664.79,0,0,0,0
76896,3646.09,0,0,0,0
76946,3625.82,0,0,0,0
76996,3624.94,0,0,0,0
77046,3675.57,0,0,0,0
77096,3607.50,0,0,0,0
77146,3654.97,0,0,0,0
77196,3606.64,0,0,0,0
77246,3636.36,0,0,0,0
77296,3597.98,0,0,0,0
77346,3631.08,0,0,0,0
77396,3616.20,0,0,0,0
77446,3654.97,0,0,0,0
77496,3578.24,0,0,0,0
77546,3630.20,0,0,0,0
77596,3617.07,0,0,0,0
77646,3598.85,0,0,0,0
77696,3579.10,0,0,0,0
77746,3621.44,0,0,0,0
77796,3606.64,0,0,0,0
77846,3596.26,0,0,0,0
77896,3596.26,0,0,0,0
77946,3610.98,0,0,0,0
77996,3586.80,0,0,0,0
78046,3603.17,0,0,0,0
78096,3546.94,0,0,0,0
78146,3591.09,0,0,0,0
78196,3546.94,0,0,0,0
78246,3611.85,0,0,0,0
78296,3586.80,0,0,0,0
78346,3601.44,0,0,0,0
78396,3582.52,0,0,0,0
78446,3573.13,0,0,0,0
78496,3546.94,0,0,0,0
78546,3573.13,0,0,0,0
78596,3537.74,0,0,0,0
78646,3573.98,0,0,0,0
78696,3565.49,0,0,0,0
78746,3593.67,0,0,0,0
78796,3537.74,0,0,0,0
78846,3591.95,0,0,0,0
78896,3564.64,0,0,0,0
78946,3621.44,0,0,0,0
78996,3546.94,0,0,0,0
79046,3601.44,0,0,0,0
79096,3596.26,0,0,0,0
79147,3600.58,0,0,0,0
79197,3537.74,0,0,0,0
79247,3582.52,0,0,0,0
79297,3556.19,0,0,0,0
79347,3564.64,0,0,0,0
79397,3556.19,0,0,0,0
79447,3565.49,0,0,0,0
79497,3584.23,0,0,0,0
79547,3573.98,0,0,0,0
79597,3573.13,0,0,0,0
79647,3565.49,0,0,0,0
79697,3602.31,0,0,0,0
79747,3579.10,0,0,0,0
79797,3621.44,0,0,0,0
79847,3536.90,0,0,0,0
79897,3565.49,0,0,0,0
79947,3555.34,0,0,0,0
79997,3573.98,0,0,0,0
80047,3545.26,0,0,0,0
80097,3573.13,0,0,0,0
80147,3537.74,0,0,0,0
80197,3603.17,0,0,0,0
80247,3598.85,0,0,0,0
80297,3621.44,0,0,0,0
80347,3588.52,0,0,0,0
80397,3630.20,0,0,0,0
80447,3588.52,0,0,0,0
80497,3621.44,0,0,0,0
80547,3606.64,0,0,0,0
80598,3619.69,0,0,0,0
80648,3607.50,0,0,0,0
80698,3611.85,0,0,0,0
80748,3607.50,0,0,0,0
80798,3602.31,0,0,0,0
80848,3573.98,0,0,0,0
80898,3631.08,0,0,0,0
80948,3573.98,0,0,0,0
80998,3640.78,0,0,0,0
81048,3597.98,0,0,0,0
81098,3635.48,0,0,0,0
81148,3605.77,0,0,0,0
81198,3610.98,0,0,0,0
81248,3607.50,0,0,0,0
81298,3611.85,0,0,0,0
81348,3607.50,0,0,0,0
81398,3601.44,0,0,0,0
81448,3563.79,0,0,0,0
81498,3621.44,0,0,0,0
81548,3597.12,0,0,0,0
81598,3584.23,0,0,0,0
81648,3563.79,0,0,0,0
81698,3620.56,0,0,0,0
81748,3607.50,0,0,0,0
81798,3597.98,0,0,0,0
81848,3555.34,0,0,0,0
81898,3602.31,0,0,0,0
81948,3588.52,0,0,0,0
81998,3611.85,0,0,0,0
82048,3598.85,0,0,0,0
82098,3630.20,0,0,0,0
82148,3597.12,0,0,0,0
82198,3611.85,0,0,0,0
82248,3589.38,0,0,0,0
82298,3611.85,0,0,0,0
82348,3563.79,0,0,0,0
82398,3630.20,0,0,0,0
82448,3648.75,0,0,0,0
82498,3631.08,0,0,0,0
82548,3598.85,0,0,0,0
82598,3602.31,0,0,0,0
82648,3597.98,0,0,0,0
82698,3654.97,0,0,0,0
82748,3617.07,0,0,0,0
82798,3630.20,0,0,0,0
82848,3582.52,0,0,0,0
82898,3621.44,0,0,0,0
82948,3606.64,0,0,0,0
82998,3645.20,0,0,0,0
83048,3627.57,0,0,0,0
83098,3655.86,0,0,0,0
83148,3617.94,0,0,0,0
83198,3665.69,0,0,0,0
83248,3647.86,0,0,0,0
83298,3684.60,0,0,0,0
83348,3607.50,0,0,0,0
83398,3636.36,0,0,0,0
83448,3626.69,0,0,0,0
83499,3665.69,0,0,0,0
83549,3597.98,0,0,0,0
83599,3645.20,0,0,0,0
83649,3591.09,0,0,0,0
83699,3593.67,0,0,0,0
83749,3597.98,0,0,0,0
83799,3631.08,0,0,0,0
83849,3605.77,0,0,0,0
83899,3645.20,0,0,0,0
83949,3617.07,0,0,0,0
83999,3674.67,0,0,0,0
84049,3522.78,0,0,0,0
84099,3617.07,0,0,0,0
84149,3607.50,0,0,0,0
84199,3603.17,0,0,0,0
84249,3588.52,0,0,0,0
84299,3625.82,0,0,0,0
84349,3616.20,0,0,0,0
84399,3607.50,0,0,0,0
84449,3607.50,0,0,0,0
84499,3636.36,0,0,0,0
84549,3606.64,0,0,0,0
84599,3628.45,0,0,0,0
84649,3597.98,0,0,0,0
84699,3636.36,0,0,0,0
84749,3598.85,0,0,0,0
84799,3646.09,0,0,0,0
84849,3579.10,0,0,0,0
84899,3621.44,0,0,0,0
84950,3607.50,0,0,0,0
85000,3646.09,0,0,0,0
85050,3626.69,0,0,0,0
85100,3645.20,0,0,0,0
85150,3617.07,0,0,0,0
85200,3664.79,0,0,0,0
85250,3654.97,0,0,0,0
85300,3626.69,0,0,0,0
85350,3616.20,0,0,0,0
85400,3631.08,0,0,0,0
85450,3617.07,0,0,0,0
85500,3630.20,0,0,0,0
85550,3624.94,0,0,0,0
85600,3626.69,0,0,0,0
85650,3606.64,0,0,0,0
85700,3664.79,0,0,0,0
85750,3625.82,0,0,0,0
85800,3655.86,0,0,0,0
85850,3627.57,0,0,0,0
85900,3619.69,0,0,0,0
85950,3596.26,0,0,0,0
86000,3617.07,0,0,0,0
86050,3617.07,0,0,0,0
86100,3674.67,0,0,0,0
86150,3617.94,0,0,0,0
86200,3654.97,0,0,0,0
86250,3640.78,0,0,0,0
86300,3639.89,0,0,0,0
86350,3584.23,0,0,0,0
86400,3594.54,0,0,0,0
86450,3589.38,0,0,0,0
86500,3636.36,0,0,0,0
86550,3628.45,0,0,0,0
86600,3597.98,0,0,0,0
86650,3631.08,0,0,0,0
86700,3630.20,0,0,0,0
86750,3600.58,0,-1,0,0
86800,3581.66,0,0,0,0
86850,3581.66,0,0,0,0
86900,3674.67,0,0,0,0
86950,3601.44,0,-1,0,0
87000,3641.66,0,0,0,0
87050,3611.85,0,0,0,0
87100,3640.78,0,0,0,0
87150,3573.13,0,0,0,0
87200,3600.58,0,-1,0,0
87250,3583.37,0,0,0,0
87300,3651.41,0,0,0,0
87350,3607.50,0,0,0,0
87400,3611.85,0,0,0,0
87450,3578.24,0,0,0,0
87500,3565.49,0,0,0,0
87550,3555.34,0,0,0,0
87600,3610.98,0,0,0,0
87650,3607.50,0,0,0,0
87700,3625.82,0,0,0,0
87750,3606.64,0,0,0,0
87800,3622.31,0,0,0,0
87851,3617.07,0,0,0,0
87901,3645.20,0,0,0,0
87951,3607.50,0,0,0,0
88001,3636.36,0,0,0,0
88051,3555.34,0,0,0,0
88101,3615.33,0,0,0,0
88151,3588.52,0,0,0,0
88201,3592.81,0,0,0,0
88251,3588.52,0,0,0,0
88301,3620.56,0,0,0,0
88351,3565.49,0,0,0,0
88401,3621.44,0,0,0,0
88451,3588.52,0,0,0,0
88501,3585.09,0,0,0,0
88551,3573.13,0,0,0,0
88601,3610.98,0,0,0,0
88651,3587.66,0,0,0,0
88701,3621.44,0,0,0,0
88751,3573.13,0,0,0,0
88801,3621.44,0,0,0,0
88851,3582.52,0,0,0,0
88901,3646.09,0,0,0,0
88951,3607.50,0,0,0,0
89001,3631.08,0,0,0,0
89051,3587.66,0,0,0,0
89101,3592.81,0,0,0,0
89151,3588.52,0,0,0,0
89201,3603.17,0,0,0,0
89251,3564.64,0,0,0,0
89302,3575.69,0,0,0,0
89352,3577.39,0,0,0,0
89402,3611.85,0,0,0,0
89452,3573.98,0,0,0,0
89502,3630.20,0,0,0,0
89552,3583.37,0,0,0,0
89602,3602.31,0,0,0,0
89652,3597.98,0,0,0,0
89702,3605.77,0,0,0,0
89752,3607.50,0,0,0,0
89802,3596.26,0,0,0,0
89852,3546.94,0,0,0,0
89902,3573.98,0,0,0,0
89952,3556.19,0,0,0,0
90002,3602.31,0,0,0,0
90052,3598.85,0,0,0,0
90102,3585.94,0,0,0,0
90152,3565.49,0,0,0,0
90202,3593.67,0,0,0,0
90252,3536.90,0,0,0,0
90302,3565.49,0,0,0,0
90352,3546.94,0,0,0,0
90402,3583.37,0,0,0,0
90452,3556.19,0,0,0,0
90502,3549.46,0,0,0,0
90552,3573.13,0,0,0,0
90602,3543.59,0,0,0,0
90652,3554.50,0,0,0,0
90702,3536.07,0,0,0,0
90752,3592.81,0,0,0,0
90802,3527.75,0,0,0,0
90852,3584.23,0,0,0,0
90902,3555.34,0,0,0,0
90952,3584.23,0,0,0,0
91002,3569.73,0,0,0,0
91052,3591.95,0,0,0,0
91102,3527.75,0,0,0,0
91152,3584.23,0,0,0,0
91202,3565.49,0,0,0,0
91252,3582.52,0,0,0,0
91302,3562.95,0,0,0,0
91352,3563.79,0,0,0,0
91402,3546.94,0,0,0,0
91452,3610.11,0,0,0,0
91502,3596.26,0,0,0,0
91552,3593.67,0,0,0,0
91602,3569.73,0,0,0,0
91652,3582.52,0,0,0,0
91702,3556.19,0,0,0,0
91752,3573.98,0,0,0,0
91802,3563.79,0,0,0,0
91852,3612.72,0,0,0,0
91902,3585.09,0,0,0,0
91952,3578.24,0,0,0,0
92002,3588.52,0,0,0,0
92052,3561.25,0,0,0,0
92102,3601.44,0,0,0,0
92152,3586.80,0,0,0,0
92203,3604.90,0,0,0,0
92253,3605.77,0,0,0,0
92303,3646.09,0,0,0,0
92353,3620.56,0,0,0,0
92403,3639.01,0,0,0,0
92453,3591.95,0,0,0,0
92503,3631.96,0,0,0,0
92553,3597.98,0,0,0,0
92603,3611.85,0,0,0,0
92653,3597.98,0,0,0,0
92703,3636.36,0,0,0,0
92753,3593.67,0,0,0,0
92803,3629.32,0,0,0,0
92853,3586.80,0,0,0,0
92903,3621.44,0,0,0,0
92953,3572.28,0,0,0,0
93003,3610.98,0,0,0,0
93053,3587.66,0,0,0,0
93103,3619.69,0,0,0,0
93153,3568.88,0,0,0,0
93203,3600.58,0,0,0,0
93253,3565.49,0,0,0,0
93303,3612.72,0,0,0,0
93353,3597.98,0,0,0,0
93403,3626.69,0,0,0,0
93453,3615.33,0,0,0,0
93503,3607.50,0,0,0,0
93553,3597.98,0,0,0,0
93603,3612.72,0,0,0,0
93654,3588.52,0,0,0,0
93704,3574.83,0,0,0,0
93754,3563.79,0,0,0,0
93804,3573.13,0,0,0,0
93854,3564.64,0,0,0,0
93904,3583.37,0,0,0,0
93954,3573.13,0,0,0,0
94004,3591.95,0,0,0,0
94054,3518.65,0,0,0,0
94104,3556.19,0,0,0,0
94154,3546.10,0,0,0,0
94204,3564.64,0,0,0,0
94254,3556.19,0,0,0,0
94304,3583.37,0,0,0,0
94354,3546.10,0,0,0,0
94404,3546.94,0,0,0,0
94454,3536.90,0,0,0,0
94504,3564.64,0,0,0,0
94554,3518.65,0,0,0,0
94604,3509.59,0,0,0,0
94654,3563.79,0,0,0,0
94704,3526.92,0,0,0,0
94754,3592.81,0,0,0,0
94804,3570.58,0,0,0,0
94854,3591.95,0,0,0,0
94904,3588.52,0,0,0,0
94954,3616.20,0,0,0,0
95004,3607.50,0,0,0,0
95054,3654.97,0,0,0,0
95104,3617.07,0,0,0,0
95154,3654.97,0,0,0,0
95204,3646.09,0,0,0,0
95254,3636.36,0,0,0,0
95304,3617.94,0,0,0,0
95354,3658.54,0,0,0,0
95404,3639.01,0,0,0,0
95454,3636.36,0,0,0,0
95504,3646.09,0,0,0,0
95554,3635.48,0,0,0,0
95604,3664.79,0,0,0,0
95654,3655.86,0,0,0,0
95704,3686.41,0,0,0,0
95754,3723.01,0,-1,0,0
95804,3664.79,0,0,0,0
95854,3655.86,0,0,0,0
95904,3665.69,0,0,0,0
95954,3626.69,0,0,0,0
96004,3674.67,0,0,0,0
96054,3665.69,0,0,0,0
96104,3694.58,0,0,0,0
96154,3657.64,0,0,0,0
96204,3684.60,0,0,0,0
96254,3664.79,0,0,0,0
96304,3704.62,0,-1,0,0
96354,3679.18,0,0,0,0
96404,3684.60,0,0,0,0
96454,3654.97,0,0,0,0
96504,3655.86,0,0,0,0
96555,3645.20,0,0,0,0
96605,3665.69,0,0,0,0
96655,3655.86,0,0,0,0
96705,3645.20,0,0,0,0
96755,3655.86,0,0,0,0
96805,3646.09,0,0,0,0
96855,3694.58,0,0,0,0
96905,3624.94,0,0,0,0
96955,3648.75,0,0,0,0
97005,3607.50,0,0,0,0
97055,3645.20,0,0,0,0
97105,3617.07,0,0,0,0
97155,3626.69,0,0,0,0
97205,3616.20,0,0,0,0
97255,3645.20,0,0,0,0
97305,3616.20,0,0,0,0
97355,3623.19,0,0,0,0
97405,3608.37,0,0,0,0
97455,3603.17,0,0,0,0
97505,3563.79,0,0,0,0
97555,3621.44,0,0,0,0
97605,3605.77,0,0,0,0
97655,3610.98,0,0,0,0
97705,3589.38,0,0,0,0
97755,3528.58,0,0,0,0
97805,3582.52,0,0,0,0
97855,3620.56,0,0,0,0
97905,3577.39,0,0,0,0
97955,3630.20,0,0,0,0
98006,3588.52,0,0,0,0
98056,3631.08,0,0,0,0
98106,3588.52,0,0,0,0
98156,3556.19,0,0,0,0
98206,3556.19,0,0,0,0
98256,3536.90,0,0,0,0
98306,3546.10,0,0,0,0
98356,3601.44,0,-1,0,0
98406,3551.98,0,0,0,0
98456,3563.79,0,0,0,0
98506,3621.44,0,0,0,0
98556,3605.77,0,0,0,0
98606,3660.32,0,0,0,0
98656,3636.36,0,0,0,0
98706,3684.60,0,0,0,0
98756,3749.06,0,-1,0,0
98806,3645.20,0,0,0,0
98856,3645.20,0,0,0,0
98906,3636.36,0,0,0,0
98956,3674.67,0,0,0,0
99006,3655.86,0,0,0,0
99056,3646.09,0,0,0,0
99106,3617.07,0,0,0,0
99156,3635.48,0,0,0,0
99206,3616.20,0,0,0,0
99256,3630.20,0,0,0,0
99306,3597.98,0,0,0,0
99356,3645.20,0,0,0,0
99406,3587.66,0,0,0,0
99456,3646.09,0,0,0,0
99506,3626.69,0,0,0,0
99556,3655.86,0,0,0,0
99606,3636.36,0,0,0,0
99656,3655.86,0,0,0,0
99706,3646.09,0,0,0,0
99756,3674.67,0,0,0,0
99806,3654.97,0,0,0,0
99856,3664.79,0,0,0,0
99906,3606.64,0,0,0,0
99956,3645.20,0,0,0,0
100006,3627.57,0,0,0,0
100056,3664.79,0,0,0,0
100106,3625.82,0,0,0,0
100156,3625.82,0,0,0,0
100206,3597.98,0,0,0,0
100256,3640.78,0,0,0,0
100306,3626.69,0,0,0,0
100356,3636.36,0,0,0,0
100406,3597.98,0,0,0,0
100456,3600.58,0,0,0,0
100506,3586.80,0,0,0,0
100556,3611.85,0,0,0,0
100606,3588.52,0,0,0,0
100656,3602.31,0,0,0,0
100706,3555.34,0,0,0,0
100756,3591.95,0,0,0,0
100806,3565.49,0,0,0,0
100856,3573.13,0,0,0,0
100907,3556.19,0,0,0,0
100957,3546.94,0,0,0,0
101007,3546.94,0,0,0,0
101057,3593.67,0,0,0,0
101107,3546.10,0,0,0,0
101157,3602.31,0,0,0,0
101207,3526.92,0,0,0,0
101257,3574.83,0,0,0,0
101307,3563.79,0,0,0,0
101357,3565.49,0,0,0,0
101407,3554.50,0,0,0,0
101457,3555.34,0,0,0,0
101507,3554.50,0,0,0,0
101557,3542.75,0,0,0,0
101607,3546.94,0,0,0,0
101657,3556.19,0,0,0,0
101707,3602.31,0,0,0,0
101757,3563.79,0,0,0,0
101807,3613.59,0,0,0,0
101857,3578.24,0,0,0,0
101907,3593.67,0,0,0,0
101957,3565.49,0,0,0,0
102007,3573.13,0,0,0,0
102057,3565.49,0,0,0,0
102107,3611.85,0,0,0,0
102157,3579.10,0,0,0,0
102207,3548.62,0,0,0,0
102257,3556.19,0,0,0,0
102307,3573.13,0,0,0,0
102358,3564.64,0,0,0,0
102408,3611.85,0,0,0,0
102458,3607.50,0,0,0,0
102508,3653.19,0,0,0,0
102558,3617.07,0,0,0,0
102608,3588.52,0,0,0,0
102658,3578.24,0,0,0,0
102708,3620.56,0,0,0,0
102758,3546.10,0,0,0,0
102808,3603.17,0,0,0,0
102858,3588.52,0,0,0,0
102908,3621.44,0,0,0,0
102958,3555.34,0,0,0,0
103008,3605.77,0,0,0,0
103058,3579.10,0,0,0,0
103108,3601.44,0,0,0,0
103158,3587.66,0,0,0,0
103208,3582.52,0,0,0,0
103258,3565.49,0,0,0,0
103308,3611.85,0,0,0,0
103358,3546.10,0,0,0,0
103408,3626.69,0,0,0,0
103458,3565.49,0,0,0,0
103508,3546.10,0,0,0,0
103558,3538.57,0,0,0,0
103608,3546.94,0,0,0,0
103658,3573.13,0,0,0,0
103708,3542.75,0,0,0,0
103758,3573.13,0,0,0,0
103808,3565.49,0,0,0,0
103858,3611.85,0,0,0,0
103908,3545.26,0,0,0,0
103958,3592.81,0,0,0,0
104008,3577.39,0,0,0,0
104058,3610.98,0,0,0,0
104108,3598.85,0,0,0,0
104158,3645.20,0,0,0,0
104208,3636.36,0,0,0,0
104258,3646.09,0,0,0,0
104308,3635.48,0,0,0,0
104358,3608.37,0,0,0,0
104408,3617.07,0,0,0,0
104458,3646.09,0,0,0,0
104508,3636.36,0,0,0,0
104558,3664.79,0,0,0,0
104608,3646.09,0,0,0,0
104658,3645.20,0,0,0,0
104708,3631.96,0,0,0,0
104758,3629.32,0,0,0,0
104808,3645.20,0,0,0,0
104858,3626.69,0,0,0,0
104908,3637.25,0,0,0,0
104958,3635.48,0,0,0,0
105008,3654.97,0,0,0,0
105058,3655.86,0,0,0,0
105108,3676.47,0,0,0,0
105158,3676.47,0,0,0,0
105208,3713.79,0,-1,0,0
105259,3646.09,0,0,0,0
105309,3686.41,0,0,0,0
105359,3626.69,0,0,0,0
105409,3664.79,0,0,0,0
105459,3635.48,0,0,0,0
105509,3655.86,0,0,0,0
105559,3627.57,0,0,0,0
105609,3676.47,0,0,0,0
105659,3626.69,0,0,0,0
105709,3631.08,0,0,0,0
105759,3596.26,0,0,0,0
105809,3626.69,0,0,0,0
105859,3626.69,0,0,0,0
105909,3645.20,0,0,0,0
105959,3617.07,0,0,0,0
106009,3645.20,0,0,0,0
106059,3626.69,0,0,0,0
106109,3654.97,0,0,0,0
106159,3586.80,0,0,0,0
106209,3636.36,0,0,0,0
106259,3617.07,0,0,0,0
106309,3654.97,0,0,0,0
106359,3636.36,0,0,0,0
106409,3645.20,0,0,0,0
106459,3636.36,0,0,0,0
106509,3617.07,0,0,0,0
106559,3626.69,0,0,0,0
106609,3635.48,0,0,0,0
106659,3617.07,0,0,0,0
106710,3607.50,0,0,0,0
106760,3592.81,0,0,0,0
106810,3629.32,0,0,0,0
106860,3646.09,0,0,0,0
106910,3636.36,0,0,0,0
106960,3674.67,0,0,0,0
107010,3655.86,0,0,0,0
107060,3670.17,0,0,0,0
107110,3635.48,0,0,0,0
107160,3675.57,0,0,0,0
107210,3617.07,0,0,0,0
107260,3624.94,0,0,0,0
107310,3597.98,0,0,0,0
107360,3636.36,0,0,0,0
107410,3627.57,0,0,0,0
107460,3655.86,0,0,0,0
107510,3635.48,0,0,0,0
107560,3664.79,0,0,0,0
107610,3606.64,0,0,0,0
107660,3626.69,0,0,0,0
107710,3607.50,0,0,0,0
107760,3617.07,0,0,0,0
107810,3615.33,0,0,0,0
107860,3607.50,0,0,0,0
107910,3597.98,0,0,0,0
107960,3617.07,0,0,0,0
108010,3585.09,0,0,0,0
108060,3630.20,0,0,0,0
108110,3573.98,0,0,0,0
108160,3621.44,0,0,0,0
108210,3616.20,0,0,0,0
108260,3611.85,0,0,0,0
108310,3597.12,0,0,0,0
108360,3573.13,0,0,0,0
108410,3577.39,0,0,0,0
108460,3611.85,0,0,0,0
108510,3565.49,0,0,0,0
108560,3584.23,0,0,0,0
108610,3573.13,0,0,0,0
108660,3601.44,0,0,0,0
108710,3597.12,0,0,0,0
108760,3620.56,0,0,0,0
108810,3617.07,0,0,0,0
108860,3626.69,0,0,0,0
108910,3597.12,0,0,0,0
108960,3563.79,0,0,0,0
109010,3574.83,0,0,0,0
109060,3693.67,0,0,0,0
109110,3588.52,0,0,0,0
109160,3645.20,0,0,0,0
109210,3617.94,0,0,0,0
109260,3591.95,0,0,0,0
109310,3578.24,0,0,0,0
109360,3611.85,0,0,0,0
109410,3605.77,0,0,0,0
109460,3624.06,0,0,0,0
109510,3607.50,0,0,0,0
109560,3621.44,0,0,0,0
109611,3588.52,0,0,0,0
109661,3635.48,0,0,0,0
109711,3626.69,0,0,0,0
109761,3664.79,0,0,0,0
109811,3607.50,0,0,0,0
109861,3610.98,0,0,0,0
109911,3597.98,0,0,0,0
109961,3622.31,0,0,0,0
110011,3597.12,0,0,0,0
110061,3664.79,0,0,0,0
110111,3588.52,0,0,0,0
110161,3654.97,0,0,0,0
110211,3635.48,0,0,0,0
110261,3677.37,0,0,0,0
110311,3646.09,0,0,0,0
110361,3635.48,0,0,0,0
110411,3627.57,0,0,0,0
110461,3674.67,0,0,0,0
110511,3655.86,0,0,0,0
110561,3665.69,0,0,0,0
110611,3636.36,0,0,0,0
110661,3664.79,0,0,0,0
110711,3646.09,0,0,0,0
110761,3645.20,0,0,0,0
110811,3569.73,0,0,0,0
110861,3621.44,0,0,0,0
110911,3607.50,0,0,0,0
110961,3625.82,0,0,0,0
111011,3606.64,0,0,0,0
111062,3625.82,0,0,0,0
111112,3617.07,0,0,0,0
111162,3617.07,0,0,0,0
111212,3607.50,0,0,0,0
111262,3635.48,0,0,0,0
111312,3627.57,0,0,0,0
111362,3674.67,0,0,0,0
111412,3626.69,0,0,0,0
111462,3654.97,0,0,0,0
111512,3646.09,0,0,0,0
111562,3664.79,0,0,0,0
111612,3601.44,0,-1,0,0
111662,3641.66,0,0,0,0
111712,3645.20,0,0,0,0
111762,3626.69,0,0,0,0
111812,3634.60,0,0,0,0
111862,3617.07,0,0,0,0
111912,3635.48,0,0,0,0
111962,3636.36,0,0,0,0
112012,3646.09,0,0,0,0
112062,3605.77,0,0,0,0
112112,3626.69,0,0,0,0
112162,3563.79,0,0,0,0
112212,3611.85,0,0,0,0
112262,3586.80,0,0,0,0
112312,3639.01,0,0,0,0
112362,3617.07,0,0,0,0
112412,3631.08,0,0,0,0
112462,3616.20,0,0,0,0
112512,3610.11,0,0,0,0
112562,3586.80,0,0,0,0
112612,3602.31,0,0,0,0
112662,3588.52,0,0,0,0
112712,3584.23,0,0,0,0
112762,3579.10,0,0,0,0
112812,3597.12,0,0,0,0
112862,3631.08,0,0,0,0
112912,3585.09,0,0,0,0
112962,3596.26,0,0,0,0
113012,3631.08,0,0,0,0
113062,3617.07,0,0,0,0
113112,3573.13,0,0,0,0
113162,3621.44,0,0,0,0
113212,3591.95,0,0,0,0
113262,3588.52,0,0,0,0
113312,3560.41,0,0,0,0
113362,3554.50,0,0,0,0
113412,3546.10,0,0,0,0
113462,3565.49,0,0,0,0
113512,3554.50,0,0,0,0
113562,3537.74,0,0,0,0
113612,3528.58,0,0,0,0
113662,3591.95,0,0,0,0
113712,3565.49,0,0,0,0
113762,3584.23,0,0,0,0
113812,3577.39,0,0,0,0
113862,3565.49,0,0,0,0
113912,3545.26,0,0,0,0
113963,3584.23,0,0,0,0
114013,3554.50,0,0,0,0
114063,3602.31,0,0,0,0
114113,3569.73,0,0,0,0
114163,3611.85,0,0,0,0
114213,3588.52,0,0,0,0
114263,3602.31,0,0,0,0
114313,3537.74,0,0,0,0
114363,3583.37,0,0,0,0
114413,3578.24,0,0,0,0
114463,3556.19,0,0,0,0
114513,3536.07,0,0,0,0
114563,3574.83,0,0,0,0
114613,3574.83,0,0,0,0
114663,3546.94,0,0,0,0
114713,3577.39,0,0,0,0
114763,3557.03,0,0,0,0
114813,3536.90,0,0,0,0
114863,3536.90,0,0,0,0
114913,3574.83,0,0,0,0
114963,3545.26,0,0,0,0
115013,3574.83,0,0,0,0
115063,3573.13,0,0,0,0
115113,3568.88,0,0,0,0
115163,3519.47,0,0,0,0
115213,3563.79,0,0,0,0
115263,3556.19,0,0,0,0
115313,3573.13,0,0,0,0
115363,3565.49,0,0,0,0
115414,3582.52,0,0,0,0
115464,3583.37,0,0,0,0
115514,3686.41,0,0,0,0
115564,3606.64,0,0,0,0
115614,3597.98,0,0,0,0
115664,3555.34,0,0,0,0
115714,3547.78,0,0,0,0
115764,3555.34,0,0,0,0
115814,3564.64,0,0,0,0
115864,3511.24,0,0,0,0
115914,3634.60,0,0,0,0
115964,3556.19,0,0,0,0
116014,3602.31,0,0,0,0
116064,3611.85,0,0,0,0
116114,3607.50,0,0,0,0
116164,3634.60,0,0,0,0
116214,3636.36,0,0,0,0
116264,3631.08,0,0,-2,0
116314,3441.95,0,1,0,0
116364,3636.36,0,0,0,0
116414,3664.79,0,0,0,0
116464,3617.07,0,0,0,0
116514,3645.20,0,0,0,0
116564,3607.50,0,0,0,0
116614,3591.95,0,0,0,0
116664,3583.37,0,0,0,0
116714,3595.40,0,0,0,0
116764,3588.52,0,0,0,0
116814,3603.17,0,0,0,0
116864,3601.44,0,0,0,0
116914,3560.41,0,0,0,0
116964,3570.58,0,0,0,0
117014,3572.28,0,0,0,0
117064,3565.49,0,0,0,0
117114,3564.64,0,0,0,0
117164,3582.52,0,0,0,0
117214,3556.19,0,0,0,0
117264,3591.95,0,0,0,0
117314,3573.13,0,0,0,0
117364,3631.08,0,0,0,0
117414,3565.49,0,0,0,0
117464,3611.85,0,0,0,0
117514,3588.52,0,0,0,0
117564,3593.67,0,0,0,0
117614,3577.39,0,0,0,0
117664,3620.56,0,0,0,0
117714,3607.50,0,0,0,0
117764,3601.44,0,0,0,0
117814,3578.24,0,0,0,0
117864,3593.67,0,0,0,0
117914,3563.79,0,0,0,0
117964,3555.34,0,0,0,0
118014,3536.90,0,0,0,0
118064,3566.33,0,0,0,0
118114,3536.07,0,0,0,0
118164,3584.23,0,0,0,0
118214,3554.50,0,0,0,0
118264,3563.79,0,0,0,0
118315,3556.19,0,0,0,0
118365,3555.34,0,0,0,0
118415,3536.90,0,0,0,0
118465,3574.83,0,0,0,0
118515,3574.83,0,0,0,0
118565,3545.26,0,0,0,0
118615,3518.65,0,0,0,0
118665,3501.40,0,0,0,0
118715,3547.78,0,0,0,0
118765,3465.00,0,1,0,0
118815,3408.32,0,1,0,0
118865,3391.36,0,2,0,0
118915,3369.27,0,2,0,-1
118965,3399.05,0,2,1,0
119015,3382.95,0,2,0,0
119065,3354.20,0,2,0,2
119115,3290.19,2,3,0,3
119165,3280.12,0,3,0,4
119215,3357.96,0,2,0,10
119265,3294.53,0,3,0,2
119315,3414.52,0,1,0,0
119365,3358.71,3,2,0,3
119415,3351.21,0,2,0,2
119465,3476.25,0,1,2,0
119515,3450.66,6,1,16,0
119565,3695.49,0,0,0,0
119615,3577.39,0,0,0,0
119665,3704.62,0,-1,0,0
119715,3699.14,0,0,0,0
119766,3801.32,0,-2,-1,0
119816,3878.98,-1,-2,0,0
119866,3780.24,0,-1,0,0
119916,4147.08,-69,-5,0,-73
119966,4017.14,0,-4,0,1
120016,4046.40,0,-4,0,3
120066,4093.89,-2,-4,0,-7
120116,4084.97,0,-4,0,4
120166,4005.34,0,-4,0,4
120216,4004.27,0,-4,0,5
120266,4031.17,45,-4,0,54
120316,4029.01,41,-4,0,57
120366,4277.16,-48,-6,0,-45
120416,4288.16,-50,-6,0,-55
120466,4314.06,-6,-7,0,-5
120516,4029.01,42,-4,0,59
120566,4286.94,0,-6,0,6
120616,4472.27,-47,-8,0,-43
120666,4642.53,-80,-10,0,-82
120716,4286.94,0,-6,0,6
120766,4619.65,-84,-10,0,-76
120816,4316.55,50,-7,0,68
120866,4697.78,-105,-10,0,-102
120916,4613.96,-77,-10,0,-69
120966,4286.94,0,-6,0,0
121016,4728.88,-105,-11,0,-101
121066,4612.55,-76,-10,0,-68
121116,4615.38,-80,-10,0,-82
121166,4484.31,-1,-8,0,1
121216,4317.79,53,-7,0,63
121266,4643.96,-15,-10,0,-6
121316,4316.55,46,-7,0,64
121366,4761.90,-31,-11,0,-29
121416,4615.38,-79,-10,0,-75
121466,4643.96,-6,-10,0,0
121516,4615.38,-72,-10,0,-75
121566,4613.96,0,-10,0,6
121616,4314.06,45,-7,0,59
121666,4643.96,-12,-10,0,-7
121716,4642.53,-7,-10,0,0
121766,4599.82,0,-9,0,-5
121816,4615.38,-75,-10,0,-75
121866,4643.96,-8,-10,0,-6
121916,4642.53,-5,-10,0,0
121966,4643.96,-14,-10,0,-7
122016,4706.62,-26,-11,0,-16
122066,4613.96,-74,-10,0,-75
122116,4314.06,58,-7,0,71
122166,4643.96,-12,-10,0,-6
122216,4315.31,67,-7,0,75
122266,4643.96,0,-10,0,0
122316,4511.28,-1,-9,0,-1
122366,4491.02,-3,-8,0,0
122416,4430.01,0,-8,0,3
122466,4315.31,50,-7,0,66
122516,4671.44,-93,-10,0,-88
122566,4317.79,47,-7,0,68
122616,4612.55,-68,-10,0,-68
122667,4315.31,51,-7,0,63
122717,4315.31,52,-7,0,60
122767,4316.55,52,-7,0,70
122817,4604.05,-62,-10,0,-60
122867,4314.06,59,-7,0,70
122917,4595.59,0,-9,0,10
122967,4556.50,0,-9,0,-1
123017,4612.55,-65,-10,0,-63
123067,4645.40,-4,-10,0,0
123117,4588.56,-14,-9,0,-8
123167,4314.06,40,-7,0,60
123217,4314.06,61,-7,0,76
123267,4645.40,-10,-10,0,-7
123317,4312.82,56,-7,0,66
123367,4642.53,-15,-10,0,-6
123417,4646.84,-6,-10,0,-8
123467,4615.38,-69,-10,0,-69
123517,4656.94,-11,-10,0,-9
123567,4642.53,-5,-10,0,0
123617,4423.47,-28,-8,0,-21
123667,4901.96,-58,-13,0,-59
123717,4613.96,-68,-10,0,-68
123767,4642.53,-2,-10,0,0
123817,4535.83,0,-9,0,5
123867,4612.55,-64,-10,0,-68
123917,4613.96,-67,-10,0,-68
123967,4646.84,-9,-10,0,-7
124017,4315.31,60,-7,0,70
124067,4285.71,29,-6,0,48
124118,4613.96,-67,-10,0,-68
124168,4613.96,-66,-10,0,-63
124218,4315.31,59,-7,0,70
124268,4645.40,-15,-10,0,-7
124318,4643.96,-4,-10,0,-7
124368,4613.96,-70,-10,0,-69
124418,4642.53,-4,-10,0,0
124468,4646.84,-16,-10,0,-10
124518,4642.53,-9,-10,0,0
124568,4615.38,-73,-10,0,-75
124618,4613.96,-69,-10,0,-69
124668,4594.18,0,-9,0,5
124718,4645.40,-13,-10,0,-7
124768,4314.06,127,-7,0,136
124818,4619.65,-10,-10,0,-1
124868,4562.04,0,-9,0,4
124918,4447.08,0,-8,0,4
124968,4334.01,0,-7,0,7
125018,4246.89,0,-6,0,7
125068,4135.65,0,-5,0,5
125118,4052.96,0,-4,0,3
125168,3972.46,0,-3,0,3
125218,3844.18,-1,-2,0,0
125268,3782.15,0,-1,0,0
125318,3690.04,0,0,0,0
125368,3608.37,0,0,0,0
125418,3518.65,0,0,0,0
125468,3441.95,0,1,0,0
125518,3391.36,0,2,0,0
125568,3291.64,0,3,0,7
125618,3218.19,0,3,0,3
125668,3169.24,0,4,0,1
125718,3067.48,5,5,0,11
125768,2992.22,8,6,0,3
125818,2938.30,0,6,0,3
125868,2883.51,0,7,0,3
125918,2783.96,10,8,0,6
125968,2728.76,3,8,0,6
126018,2675.70,0,9,0,6
126068,2623.29,0,9,0,5
126118,2556.24,9,10,0,0
126168,2502.92,8,10,0,0
126218,2450.98,8,11,0,0
126268,2396.93,9,12,0,0
126318,2343.75,10,12,0,0
126368,2298.15,0,13,0,5
126418,2331.00,0,12,0,-14
126468,2191.06,2,14,0,5
126518,2141.63,5,14,0,4
126568,2089.14,13,15,0,4
126618,2080.44,0,15,0,0
126668,2033.07,9,15,0,0
126718,1980.72,16,16,0,0
126768,1931.25,20,16,0,4
126818,1883.24,21,17,0,4
126868,1878.76,17,17,0,0
126918,1826.82,17,17,0,0
126968,1776.62,22,18,0,4
127019,1724.53,22,18,0,4
127069,1724.73,18,18,0,0
127119,1674.48,19,19,0,0
127169,1620.57,23,19,0,4
127219,1620.57,19,19,0,0
127269,1567.73,20,20,0,0
127319,1515.15,23,20,0,3
127369,1516.38,20,20,0,0
127419,1461.56,25,21,0,4
127469,1406.87,24,21,0,3
127519,1407.66,21,21,0,0
127569,1352.81,25,22,0,3
127619,1354.28,22,22,0,0
127669,1297.80,26,23,0,3
127719,1300.28,22,22,0,0
127769,1241.72,26,23,0,3
127819,1244.30,23,23,0,0
127869,1183.34,27,24,0,3
127919,1188.02,24,24,0,0
127969,1125.53,27,24,0,3
128019,1128.92,24,24,0,0
128069,1071.58,28,25,0,3
128119,1068.22,25,25,0,0
128169,1012.56,27,25,0,2
128219,1012.56,27,25,0,2
128269,1001.80,25,25,0,0
128319,934.23,29,26,0,3
128369,936.21,26,26,0,0
128419,936.21,26,26,0,0
