------ Microcontroller Engine Governor - Version: 1.16 ------
-------------------------------------------------------------
PID Gains:   Kp: 0.013000   KpAlt: 0.025000   Kd: 1.000000
-------------------------------------------------------------
Set RPM:             3600    |  Min RPM:                300
                             |
RPM Precision       10       |  PID I Precision:         70
                             |
Start Steps:         850     |  Max Steps:               1200
                             |
RPM Calc Interval:   1       |  Num Magnets:             1
                             |
LCD Update Interval: 400     |  Serial Update Interval:  50
-------------------------------------------------------------

Time,RPM,Steps Remaining, PID p, PID pAlt, PID d, RPM Change, P Cmd, P Alt Cmd, D Cmd
1753,0.00,0,0,0,0,0.00,0,0,0
1803,0.00,0,0,0,0,0.00,0,0,0
1853,0.00,0,0,0,0,0.00,0,0,0
1903,0.00,0,0,0,0,0.00,0,0,0
1953,0.00,0,0,0,0,0.00,0,0,0
2003,0.00,0,0,0,0,0.00,0,0,0
2053,0.00,0,0,0,0,0.00,0,0,0
2103,0.00,0,0,0,0,0.00,0,0,0
2153,0.00,0,0,0,0,0.00,0,0,0
2203,0.00,0,0,0,0,0.00,0,0,0
2253,0.00,0,0,0,0,0.00,0,0,0
2304,0.00,0,0,0,0,0.00,0,0,0
2354,0.00,0,0,0,0,0.00,0,0,0
2404,0.00,0,0,0,0,0.00,0,0,0
2454,0.00,0,0,0,0,0.00,0,0,0
2504,0.00,0,0,0,0,0.00,0,0,0
2554,0.00,0,0,0,0,0.00,0,0,0
2604,0.00,0,0,0,0,0.00,0,0,0
2654,0.00,0,0,0,0,0.00,0,0,0
2704,0.00,0,0,0,0,0.00,0,0,0
2754,0.00,0,0,0,0,0.00,0,0,0
2804,0.00,0,0,0,0,0.00,0,0,0
2854,0.00,0,0,0,0,0.00,0,0,0
2904,0.00,0,0,0,0,0.00,0,0,0
2954,0.00,0,0,0,0,0.00,0,0,0
3004,0.00,0,0,0,0,0.00,0,0,0
3054,0.00,0,0,0,0,0.00,0,0,0
3104,0.00,0,0,0,0,0.00,0,0,0
3154,0.00,0,0,0,0,0.00,0,0,0
3204,0.00,0,0,0,0,0.00,0,0,0
3254,0.00,0,0,0,0,0.00,0,0,0
3304,0.00,0,0,0,0,0.00,0,0,0
3354,0.00,0,0,0,0,0.00,0,0,0
3404,0.00,0,0,0,0,0.00,0,0,0
3454,0.00,0,0,0,0,0.00,0,0,0
3504,0.00,0,0,0,0,0.00,0,0,0
3554,0.00,0,0,0,0,0.00,0,0,0
3604,0.00,0,0,0,0,0.00,0,0,0
3654,0.00,0,0,0,0,0.00,0,0,0
3704,0.00,0,0,0,0,0.00,0,0,0
3755,0.00,0,0,0,0,0.00,0,0,0
3805,0.00,0,0,0,0,0.00,0,0,0
3855,0.00,0,0,0,0,0.00,0,0,0
3905,0.00,0,0,0,0,0.00,0,0,0
3955,0.00,0,0,0,0,0.00,0,0,0
4005,0.00,0,0,0,0,0.00,0,0,0
4055,0.00,0,0,0,0,0.00,0,0,0
4105,0.00,0,0,0,0,0.00,0,0,0
4155,0.00,0,0,0,0,0.00,0,0,0
4205,0.00,0,0,0,0,0.00,0,0,0
4255,0.00,0,0,0,0,0.00,0,0,0
4305,0.00,0,0,0,0,0.00,0,0,0
4355,0.00,0,0,0,0,0.00,0,0,0
4405,0.00,0,0,0,0,0.00,0,0,0
4455,0.00,0,0,0,0,0.00,0,0,0
4505,0.00,0,0,0,0,0.00,0,0,0
4555,0.00,0,0,0,0,0.00,0,0,0
4605,0.00,0,0,0,0,0.00,0,0,0
4655,0.00,0,0,0,0,0.00,0,0,0
4705,0.00,0,0,0,0,0.00,0,0,0
4755,0.00,0,0,0,0,0.00,0,0,0
4805,0.00,0,0,0,0,0.00,0,0,0
4855,0.00,0,0,0,0,0.00,0,0,0
4905,0.00,0,0,0,0,0.00,0,0,0
4955,0.00,0,0,0,0,0.00,0,0,0
5005,0.00,0,0,0,0,0.00,0,0,0
5055,0.00,0,0,0,0,0.00,0,0,0
5105,0.00,0,0,0,0,0.00,0,0,0
5155,0.00,0,0,0,0,0.00,0,0,0
5206,0.00,0,0,0,0,0.00,0,0,0
5256,0.00,0,0,0,0,0.00,0,0,0
5306,0.00,0,0,0,0,0.00,0,0,0
5356,0.00,0,0,0,0,0.00,0,0,0
5406,0.00,0,0,0,0,0.00,0,0,0
5456,0.00,0,0,0,0,0.00,0,0,0
5506,0.00,0,0,0,0,0.00,0,0,0
5556,0.00,0,0,0,0,0.00,0,0,0
5606,0.00,0,0,0,0,0.00,0,0,0
5656,0.00,0,0,0,0,0.00,0,0,0
5706,0.00,0,0,0,0,0.00,0,0,0
5756,0.00,0,0,0,0,0.00,0,0,0
5806,0.00,0,0,0,0,0.00,0,0,0
5856,0.00,0,0,0,0,0.00,0,0,0
5906,0.00,0,0,0,0,0.00,0,0,0
5956,0.00,0,0,0,0,0.00,0,0,0
6006,0.00,0,0,0,0,0.00,0,0,0
6056,0.00,0,0,0,0,0.00,0,0,0
6106,0.00,0,0,0,0,0.00,0,0,0
6156,0.00,0,0,0,0,0.00,0,0,0
6206,0.00,0,0,0,0,0.00,0,0,0
6256,0.00,0,0,0,0,0.00,0,0,0
6306,0.00,0,0,0,0,0.00,0,0,0
6356,0.00,0,0,0,0,0.00,0,0,0
6406,0.00,0,0,0,0,0.00,0,0,0
6456,0.00,0,0,0,0,0.00,0,0,0
6506,0.00,0,0,0,0,0.00,0,0,0
6556,0.00,0,0,0,0,0.00,0,0,0
6606,inf,0,0,0,0,inf,0,0,0
6656,inf,0,0,0,0,inf,0,0,0
6706,inf,0,0,0,0,inf,0,0,0
6756,inf,0,0,0,0,inf,0,0,0
8448,0.00,0,0,0,0,inf,0,0,0
8498,0.00,0,0,0,0,inf,0,0,0
8548,0.00,0,0,0,0,inf,0,0,0
8598,0.00,0,0,0,0,inf,0,0,0
8648,0.00,0,0,0,0,inf,0,0,0
8698,0.00,0,0,0,0,inf,0,0,0
8748,0.00,0,0,0,0,inf,0,0,0
8798,0.00,0,0,0,0,inf,0,0,0
8848,0.00,0,0,0,0,inf,0,0,0
8898,0.00,0,0,0,0,inf,0,0,0
8948,0.00,0,0,0,0,inf,0,0,0
8998,0.00,0,0,0,0,inf,0,0,0
9048,0.00,0,0,0,0,inf,0,0,0
9098,0.00,0,0,0,0,inf,0,0,0
9148,0.00,0,0,0,0,inf,0,0,0
9198,0.00,0,0,0,0,inf,0,0,0
9248,0.00,0,0,0,0,inf,0,0,0
9298,0.00,0,0,0,0,inf,0,0,0
9348,0.00,0,0,0,0,inf,0,0,0
9398,0.00,0,0,0,0,inf,0,0,0
9448,0.00,0,0,0,0,inf,0,0,0
9498,0.00,0,0,0,0,inf,0,0,0
9548,0.00,0,0,0,0,inf,0,0,0
9598,0.00,0,0,0,0,inf,0,0,0
9648,0.00,0,0,0,0,inf,0,0,0
9698,0.00,0,0,0,0,inf,0,0,0
9748,0.00,0,0,0,0,inf,0,0,0
9798,0.00,0,0,0,0,inf,0,0,0
9848,0.00,0,0,0,0,inf,0,0,0
9899,0.00,0,0,0,0,inf,0,0,0
9949,0.00,0,0,0,0,inf,0,0,0
9999,0.00,0,0,0,0,inf,0,0,0
10049,0.00,0,0,0,0,inf,0,0,0
10099,0.00,0,0,0,0,inf,0,0,0
10149,0.00,0,0,0,0,inf,0,0,0
10199,0.00,0,0,0,0,inf,0,0,0
10249,0.00,0,0,0,0,inf,0,0,0
10299,0.00,0,0,0,0,inf,0,0,0
10349,0.00,0,0,0,0,inf,0,0,0
10399,0.00,0,0,0,0,inf,0,0,0
10449,0.00,0,0,0,0,inf,0,0,0
10499,0.00,0,0,0,0,inf,0,0,0
10549,0.00,0,0,0,0,inf,0,0,0
10599,0.00,0,0,0,0,inf,0,0,0
10649,0.00,0,0,0,0,inf,0,0,0
10699,0.00,0,0,0,0,inf,0,0,0
10749,0.00,0,0,0,0,inf,0,0,0
10799,0.00,0,0,0,0,inf,0,0,0
10849,0.00,0,0,0,0,inf,0,0,0
10899,0.00,0,0,0,0,inf,0,0,0
10949,0.00,0,0,0,0,inf,0,0,0
10999,0.00,0,0,0,0,inf,0,0,0
11049,0.00,0,0,0,0,inf,0,0,0
11099,13.31,0,0,0,0,inf,0,0,0
11149,13.31,0,0,0,0,inf,0,0,0
11199,13.31,0,0,0,0,inf,0,0,0
11249,563.91,0,39,0,0,-550.60,39,0,0
11299,653.40,33,38,0,0,-89.49,77,0,0
11350,653.40,0,38,0,0,-89.49,77,0,0
11400,1044.13,0,33,0,-6,-390.74,110,0,6
11450,1041.74,0,33,0,0,2.39,143,0,6
11500,1413.49,23,28,0,0,-18.15,199,0,14
11550,1675.42,0,25,0,-7,-261.92,224,0,21
11600,1949.32,10,21,0,-8,-264.11,269,0,29
11650,1961.55,0,21,0,0,-12.24,290,0,29
11700,2194.91,2,18,0,0,-17.21,326,0,36
11750,2389.30,0,15,0,0,1.90,356,0,43
11800,2578.65,0,13,0,0,14.71,382,0,51
11850,2916.59,0,8,0,-8,-164.29,411,0,68
11900,3046.92,0,7,0,-7,-142.20,427,0,75
11950,3176.62,0,5,0,0,7.42,444,0,82
12000,3428.57,0,2,0,-5,-128.97,452,0,94
12050,3507.13,-1,1,-3,0,4.93,456,5,94
12100,3666.59,0,0,-1,0,-70.33,456,6,94
12150,3733.20,0,-1,0,0,16.80,458,7,94
12200,3867.97,-2,-3,0,-5,-76.26,465,7,109
12250,3908.29,0,-4,0,0,8.16,476,7,112
12300,3997.87,0,-5,0,-3,-49.46,489,7,119
12350,4025.76,-20,-5,0,-18,-258.81,505,7,171
12400,3766.01,-13,-2,0,-19,458.16,519,7,209
12450,4093.89,0,-6,0,-5,-77.82,534,7,229
12500,3893.07,-2,-3,0,0,-8.07,547,7,230
12550,3820.68,0,-2,0,0,36.35,555,7,230
12600,3770.74,0,-2,0,0,13.32,561,7,230
12650,3711.95,0,-1,0,0,41.80,564,7,230
12700,3706.45,0,-1,0,0,-7.31,567,10,230
12750,3663.90,0,0,-1,0,29.77,568,15,230
12800,3706.45,0,-1,0,0,-50.59,570,16,230
12850,3639.89,0,0,0,0,44.71,571,19,230
12900,3660.32,0,0,-1,0,-49.34,571,21,230
12950,3610.98,0,0,0,0,49.34,571,22,230
13000,3639.89,0,0,0,0,-18.45,571,23,230
13050,3600.58,0,0,-1,0,-37.68,571,24,230
13100,3597.98,0,0,0,-1,33.76,571,24,231
13150,3542.75,0,0,1,-1,42.34,571,25,232
13200,3584.23,0,0,0,0,-27.20,571,26,232
13250,3532.74,0,0,1,0,38.69,571,28,233
13300,3583.37,0,0,0,0,-39.79,571,29,234
13350,3541.91,0,0,1,0,31.22,571,31,235
13400,3585.94,0,0,0,0,-53.21,571,32,235
13450,3542.75,0,0,1,0,30.38,571,34,236
13500,3576.54,0,0,0,0,-33.79,571,35,236
13550,3551.98,0,0,1,-1,34.82,571,37,237
13600,3596.26,0,0,1,0,36.63,571,38,237
13650,3568.03,0,0,0,0,38.61,571,39,237
13700,3605.77,0,0,0,0,39.47,571,39,237
13750,3587.66,0,0,0,-1,27.67,571,39,238
13800,3617.94,0,0,0,0,-30.29,571,39,239
13850,3578.24,0,0,0,-1,39.70,571,39,241
13900,3611.85,0,0,0,0,-33.60,571,39,243
13950,3577.39,0,0,0,-2,41.43,571,39,246
14000,3611.85,0,0,0,0,-33.60,571,39,248
14050,3558.72,0,0,1,0,49.65,571,40,249
14100,3564.64,0,0,0,0,-43.51,572,42,249
14150,3522.78,0,1,-1,0,50.35,574,44,249
14200,3556.19,0,0,1,0,-32.58,574,46,249
14251,3556.19,0,0,1,0,-42.48,575,49,249
14301,3350.46,0,3,0,0,604.20,587,49,318
14351,3572.28,0,0,0,-6,151.65,588,50,324
14401,3534.40,0,0,1,0,73.97,589,54,324
14451,3596.26,0,0,1,0,29.68,589,55,324
14501,3560.41,0,0,0,0,43.63,589,56,324
14551,3604.90,0,0,0,0,29.22,589,56,324
14601,3578.24,0,0,0,-1,37.08,589,56,325
14651,3631.96,0,0,0,0,-44.30,589,56,327
14701,3591.09,0,0,-1,0,-54.91,589,57,329
14751,3617.94,0,0,0,0,-30.29,589,57,330
14801,3588.52,0,0,0,-2,39.93,589,57,333
14851,3631.96,0,0,0,0,-33.98,589,57,333
14901,3597.12,0,0,0,0,-45.16,589,57,335
14951,3632.84,0,0,0,0,-45.18,589,57,337
15001,3578.24,0,0,0,-1,32.73,589,57,340
15051,3618.82,0,0,0,0,-41.43,589,57,341
15101,3587.66,0,0,0,-1,30.29,589,57,343
15151,3632.84,0,0,0,0,-55.45,589,57,345
15201,3568.03,0,0,0,-1,42.95,589,57,348
15251,3604.90,0,0,0,0,30.77,589,57,348
15301,3542.75,0,0,1,-1,41.48,589,58,349
15351,3576.54,0,0,0,0,-35.46,589,59,349
15401,3543.59,0,0,1,0,33.80,589,61,349
15451,3574.83,0,0,0,0,-40.43,589,62,349
15501,3534.40,0,0,1,0,31.08,589,64,349
15551,3562.95,0,0,0,0,-40.16,590,65,349
15601,3521.95,0,1,-1,0,40.99,592,67,349
15651,3564.64,0,0,0,0,-51.76,593,69,349
15702,3524.44,0,0,-1,0,47.84,594,71,349
15752,3567.18,0,0,0,0,-52.66,595,74,349
15802,3532.74,0,0,1,0,30.21,596,76,349
15852,3574.83,0,0,0,0,-31.25,596,77,349
15902,3543.59,0,0,1,-1,41.50,596,79,350
15952,3597.12,0,0,1,0,44.22,596,80,350
16002,3585.94,0,0,0,0,-38.17,596,81,350
16052,3546.10,0,0,1,-11,408.55,604,82,426
16102,3546.94,0,0,1,-9,352.20,610,83,483
16152,3546.10,0,0,1,-7,310.93,615,84,520
16202,3546.94,0,0,1,-7,297.24,620,85,555
16252,3546.94,0,0,1,-10,344.11,625,86,593
16302,3545.26,0,0,1,-12,433.52,631,87,642
16352,3545.26,0,0,1,-7,292.04,634,89,668
16402,3546.94,0,0,1,-9,344.11,639,90,706
16452,3545.26,0,0,1,-11,459.01,646,91,760
16502,3546.94,0,0,1,-11,404.59,653,92,822
16552,3852.08,-17,-3,0,-15,-237.62,662,92,881
16602,3773.58,0,-2,0,0,-306.98,665,92,881
16652,3547.78,0,0,1,-12,402.71,672,93,959
16702,3546.94,0,0,1,-10,395.24,679,94,1008
16752,3546.94,0,0,1,-8,325.03,685,95,1062
16802,3573.98,0,0,0,-6,134.30,688,95,1068
16852,3505.49,0,1,-3,0,49.01,689,100,1068
16902,3511.24,0,1,-2,0,-34.99,692,104,1068
16952,3457.02,0,1,0,0,53.40,695,106,1068
17002,3480.28,0,1,0,0,-20.07,698,109,1068
17052,3433.28,0,2,0,0,38.94,703,109,1068
17102,3473.03,0,1,0,0,-39.75,707,109,1068
17152,3423.88,1,2,0,0,48.35,712,109,1068
17202,3423.88,0,2,0,0,48.35,715,109,1068
17252,3476.25,0,1,0,0,65.67,718,110,1068
17302,3442.74,0,2,0,0,39.16,723,110,1068
17352,3490.00,0,1,0,0,-38.55,726,110,1068
17402,3451.45,0,1,0,0,47.50,729,110,1068
17452,3491.62,0,1,0,0,-30.61,732,110,1068
17502,3457.81,0,1,0,0,51.78,735,112,1068
17552,3509.59,0,1,-2,0,-42.99,738,116,1068
17602,3469.81,0,1,0,0,30.77,741,119,1068
17652,3466.60,0,1,0,0,42.99,743,121,1068
17702,3500.58,0,1,-3,0,170.49,747,125,1074
17752,3477.86,0,1,0,0,21.91,750,125,1074
17802,3530.24,0,0,1,0,-43.49,752,128,1074
17852,3497.32,0,1,0,0,31.26,754,129,1074
17902,3539.41,0,0,1,0,-44.53,755,131,1074
17952,3495.69,0,1,0,0,42.88,757,135,1074
18002,3539.41,0,0,1,0,-51.84,758,137,1074
18052,3514.53,0,1,-2,0,45.04,760,143,1074
18102,3547.78,0,0,1,0,-41.47,761,148,1074
18152,3579.10,0,0,0,0,-89.10,763,150,1074
18202,3565.49,0,0,0,0,-49.31,764,153,1074
18252,3522.78,0,1,-1,0,48.65,766,155,1074
18302,3531.90,0,0,1,0,48.90,766,156,1074
18352,3723.01,0,-1,0,0,-11.97,772,156,1088
18402,3531.90,0,0,1,0,35.28,772,158,1090
18452,3586.80,0,0,0,0,-44.89,772,159,1090
18502,3556.19,0,0,1,0,35.77,772,161,1091
18552,3554.50,0,0,1,0,10.14,772,162,1091
18603,3550.30,0,0,1,0,51.14,772,163,1091
18653,3614.46,0,0,0,0,-45.58,772,163,1091
18703,3586.80,0,0,0,-1,31.14,772,163,1093
18753,3631.96,0,0,0,0,-44.30,772,163,1095
18803,3600.58,0,0,-1,0,-53.38,772,164,1095
18853,3652.30,0,0,-1,0,-43.06,772,166,1095
18903,3610.11,0,0,0,0,43.97,772,167,1095
18953,3639.89,0,0,0,0,-28.92,772,168,1095
19003,3606.64,0,0,0,0,-32.31,772,168,1095
19053,3643.43,0,0,-1,0,-37.66,772,170,1095
19103,3610.98,0,0,0,0,36.88,772,171,1095
19153,3648.75,0,0,-1,0,-36.90,772,173,1095
19203,3610.98,0,0,0,0,43.99,772,174,1095
19253,3643.43,0,0,-1,0,-39.39,772,176,1095
19303,3598.85,0,0,-1,0,-51.67,772,177,1095
19353,3631.96,0,0,0,0,-34.84,772,177,1095
19403,3600.58,0,0,-1,0,-36.81,772,178,1095
19453,3635.48,0,0,0,0,73.72,773,179,1095
19503,3545.26,0,0,1,-6,262.81,776,180,1123
19553,3621.44,0,0,0,0,37.99,776,182,1123
19603,3586.80,0,0,0,-4,90.57,777,184,1128
19653,3619.69,0,0,0,0,66.72,778,187,1129
19703,3583.37,0,0,0,-7,146.11,780,187,1136
19753,3604.04,0,-1,0,0,-239.73,782,187,1136
19803,3553.66,0,0,1,-5,157.37,784,188,1141
19853,3565.49,0,0,0,0,-8.46,784,189,1141
19903,3526.09,0,0,-1,0,25.88,785,192,1141
19953,3557.03,0,0,1,0,-32.59,785,195,1141
20003,3477.86,0,1,0,0,38.32,788,199,1141
20054,3509.59,0,1,-2,0,-39.78,791,204,1141
20104,3477.86,0,1,0,0,41.62,794,206,1141
20154,3509.59,0,1,-2,0,-34.15,796,209,1141
20204,3471.42,0,1,0,0,27.53,799,209,1141
20254,3520.30,0,1,-1,0,-47.27,802,211,1141
20304,3483.51,0,1,0,0,37.62,805,212,1141
20354,3495.69,0,1,0,0,42.88,806,213,1141
20404,3535.23,0,0,1,-5,250.73,812,214,1157
20454,3512.06,0,1,-2,0,55.12,814,216,1157
20504,3552.82,0,0,1,0,-31.69,815,219,1157
20554,3522.78,0,1,-1,0,49.50,817,221,1157
20604,3566.33,0,0,0,0,-12.67,817,223,1157
20654,3532.74,0,0,1,0,42.95,817,225,1157
20704,3583.37,0,0,0,0,-31.40,817,226,1158
20754,3551.98,0,0,1,-1,34.82,817,228,1159
20804,3597.12,0,0,1,0,37.20,817,229,1159
20854,3551.14,0,0,1,-1,35.66,817,231,1160
20904,3585.94,0,0,0,0,-37.33,817,232,1160
20954,3553.66,0,0,1,-1,32.28,817,234,1161
21004,3596.26,0,0,1,0,35.51,817,235,1161
21054,3568.03,0,0,0,0,36.01,817,235,1161
21104,3615.33,0,0,0,0,-48.99,817,235,1161
21154,3568.03,0,0,0,0,39.47,817,235,1162
21204,3622.31,0,0,0,0,-54.28,817,235,1164
21254,3577.39,0,0,0,-1,40.55,817,235,1166
21304,3607.50,0,0,0,-1,37.94,817,235,1167
21354,3556.19,0,0,1,0,39.21,817,236,1167
21404,3617.07,0,0,0,0,-58.35,817,237,1167
21454,3578.24,0,0,0,-2,42.32,817,237,1171
21504,3618.82,0,0,0,0,-43.13,817,237,1172
21554,3568.03,0,0,0,-1,48.17,817,237,1174
21604,3604.90,0,0,0,0,29.91,817,237,1174
21654,3577.39,0,0,0,-1,37.94,817,237,1175
21704,3596.26,0,0,0,-1,48.15,817,237,1176
21754,3564.64,0,0,0,0,30.76,817,237,1176
21804,3585.09,0,0,0,0,-17.90,817,237,1176
21854,3573.13,0,0,0,0,-31.22,817,238,1177
21904,3546.94,0,0,1,-11,405.63,826,239,1258
21954,3547.78,0,0,1,-10,388.20,833,240,1320
22004,3546.10,0,0,1,-7,299.07,839,241,1359
22054,3563.79,0,0,0,-5,139.91,842,241,1364
22104,3531.90,0,0,1,0,43.78,842,243,1364
22154,3556.19,0,0,1,0,-14.28,842,245,1364
22204,3516.17,0,1,-2,0,35.80,844,249,1364
22254,3556.19,0,0,1,0,-41.66,845,253,1364
22304,3506.31,0,1,-3,0,43.14,847,260,1364
22354,3569.73,0,0,0,0,-65.06,848,264,1364
22404,3504.67,0,1,-3,0,41.43,850,270,1364
22454,3530.24,0,0,1,0,-34.55,851,272,1364
22504,3485.94,0,1,0,0,43.47,853,276,1364
22554,3539.41,0,0,1,0,-54.28,854,278,1364
22604,3496.50,0,1,0,0,32.91,856,282,1364
22654,3538.57,0,0,1,0,-42.07,857,284,1364
22704,3540.24,0,0,1,0,-46.99,858,285,1364
22754,3499.77,0,1,0,0,142.78,861,286,1364
22804,3528.58,0,0,-1,0,-23.91,862,291,1364
22854,3504.67,0,1,-3,0,35.57,864,295,1364
22904,3538.57,0,0,1,0,-41.25,865,297,1364
22955,3494.87,0,1,0,0,35.37,867,298,1364
23005,3549.46,0,0,1,0,-45.60,868,303,1364
23055,3513.70,0,1,-2,0,43.33,870,308,1364
23105,3566.33,0,0,0,0,-42.73,870,309,1364
23155,3531.90,0,0,1,0,33.58,870,311,1364
23205,3546.94,0,0,1,0,-32.41,871,315,1364
23255,3506.31,0,1,-3,0,38.95,873,321,1364
23305,3529.41,0,0,-1,0,-25.56,874,326,1364
23355,3504.67,-1,1,-3,0,33.90,876,330,1364
23405,3515.35,0,1,-2,0,29.07,877,333,1364
23455,3546.94,0,0,1,-11,405.63,886,334,1447
23505,3516.17,0,1,-2,-2,277.45,892,336,1461
23555,3563.79,0,0,0,0,-10.97,893,339,1461
23605,3533.57,0,0,1,0,31.07,893,341,1461
23655,3565.49,0,0,0,0,-33.58,893,342,1461
23705,3522.78,0,1,-1,0,43.55,895,345,1461
23755,3563.79,0,0,0,0,-31.89,895,346,1461
23805,3512.06,0,1,-2,0,50.04,897,349,1461
23855,3546.10,0,0,1,0,-30.75,898,353,1461
23905,3506.31,0,1,-3,0,38.95,900,359,1461
23955,3539.41,0,0,1,0,-35.55,901,364,1461
24005,3504.67,0,1,-3,0,43.94,903,371,1461
24055,3528.58,0,0,-1,0,-23.91,904,376,1461
24105,3486.75,0,1,0,0,41.83,906,380,1461
24155,3496.50,0,1,0,0,44.57,907,381,1461
24205,3667.48,0,0,-1,0,44.47,913,382,1475
24255,3475.44,0,1,0,0,74.86,916,383,1475
24305,3541.08,0,0,1,0,-59.18,917,385,1475
24355,3495.69,0,1,0,0,53.77,919,386,1475
24406,3540.24,0,0,1,0,-35.57,920,391,1475
24456,3504.67,0,1,-3,0,43.94,922,398,1475
24506,3547.78,0,0,1,0,-43.10,923,403,1475
24556,3514.53,0,1,-2,0,31.57,925,408,1475
24606,3578.24,0,0,0,0,-54.64,925,410,1475
24656,3531.90,0,0,1,0,44.63,925,412,1475
24706,3565.49,0,0,0,0,-40.22,925,414,1475
24756,3533.57,0,0,1,0,48.09,926,416,1475
24806,3595.40,0,0,1,0,31.25,926,417,1475
24856,3560.41,0,0,0,0,45.36,926,418,1475
24906,3604.90,0,0,0,0,36.85,926,418,1475
24956,3567.18,0,0,0,-1,47.28,926,418,1476
25006,3604.04,0,0,0,0,26.63,926,418,1476
25056,3585.94,0,0,0,-1,30.26,926,418,1477
25106,3618.82,0,0,0,0,-30.30,926,418,1478
25156,3587.66,-1,0,0,-2,40.79,926,418,1481
25206,3624.06,0,0,0,0,-26.08,926,418,1481
25256,3588.52,0,0,0,-2,50.49,926,418,1484
25306,3644.31,0,0,-1,0,-36.81,926,419,1484
25356,3610.98,0,0,0,0,50.24,926,420,1484
25406,3649.63,0,0,-1,0,-38.66,926,422,1484
25456,3599.71,0,0,-1,0,-36.94,926,423,1484
25506,3649.63,0,0,-1,0,-49.92,926,425,1484
25556,3591.09,0,0,-1,0,-49.71,926,426,1484
25606,3642.54,0,0,-1,0,-53.17,926,428,1486
25656,3596.26,0,0,0,0,-39.17,926,428,1486
25706,3624.06,0,0,0,0,-26.08,926,428,1486
25756,3587.66,0,0,0,-2,40.79,926,428,1489
25806,3631.96,0,0,0,0,-43.44,926,428,1491
25856,3568.03,0,0,0,0,33.41,926,428,1493
25906,3595.40,0,0,1,0,36.66,926,429,1493
25956,3556.19,0,0,1,0,39.21,926,430,1493
26006,3573.13,0,0,0,0,-31.22,926,431,1494
26056,3576.54,0,0,0,0,-37.13,926,432,1494
26106,3711.95,0,-1,0,0,-2.75,932,432,1513
26156,3568.88,0,0,0,-4,114.81,935,434,1517
26206,3541.91,0,0,1,0,32.07,935,436,1517
26256,3576.54,0,0,0,0,-24.56,935,437,1517
26306,3525.26,0,0,-1,0,30.92,935,440,1517
26356,3585.94,0,0,0,0,-54.04,935,441,1517
26406,3542.75,0,0,1,-1,40.62,935,443,1519
26456,3586.80,0,0,0,0,-42.38,935,444,1519
26506,3550.30,0,0,1,0,54.61,935,446,1520
26556,3596.26,0,0,1,0,48.78,935,447,1520
26606,3577.39,0,0,0,-1,37.94,935,447,1521
26656,3617.94,0,0,0,0,-30.29,935,447,1522
26706,3578.24,0,0,0,-2,54.60,935,447,1524
26756,3615.33,0,0,0,0,-38.79,935,447,1524
26806,3577.39,0,0,0,-2,51.06,935,447,1527
26856,3626.69,0,0,0,0,-50.15,935,447,1527
26906,3588.52,0,0,0,-1,32.92,935,447,1530
26956,3624.06,0,0,0,0,-26.94,935,447,1530
27006,3598.85,0,0,0,0,-26.05,935,447,1530
27056,3627.57,0,0,0,0,-39.05,935,447,1531
27106,3585.94,0,0,0,-2,46.90,935,447,1533
27156,3616.20,0,0,0,0,-27.68,935,447,1534
27206,3576.54,0,0,0,-1,42.28,935,447,1536
27256,3617.07,0,0,0,0,-39.68,935,447,1537
27307,3576.54,0,0,0,-1,41.41,935,447,1539
27357,3606.64,0,0,0,-1,37.07,935,447,1540
27407,3534.40,0,0,1,0,38.73,935,448,1540
27457,3585.09,0,0,0,0,-50.68,935,449,1540
27507,3533.57,0,0,1,0,40.41,935,451,1540
27557,3575.69,0,0,0,0,-43.78,935,452,1540
27607,3552.82,0,0,1,-1,33.12,935,454,1541
27657,3586.80,0,0,0,0,-44.89,935,455,1541
27707,3557.87,0,0,1,0,35.80,935,457,1542
27757,3585.09,0,0,0,0,-27.21,935,458,1542
27807,3551.98,0,0,1,0,50.33,935,460,1543
27857,3597.12,0,0,1,0,44.22,935,461,1543
27907,3586.80,0,0,0,0,-28.93,935,462,1543
27957,3546.94,0,0,1,-11,404.59,943,463,1622
28007,3547.78,0,0,1,-10,384.07,950,464,1683
28057,3546.94,0,0,1,-8,319.04,955,465,1723
28107,3546.10,0,0,1,-7,272.64,959,466,1754
28157,3545.26,0,0,1,-7,281.27,962,467,1784
28207,3596.26,0,-2,0,0,-338.79,966,467,1784
28257,3517.00,0,1,-2,0,34.98,967,471,1784
28307,3528.58,0,0,-1,0,-24.73,968,476,1784
28357,3486.75,0,1,0,0,41.83,970,480,1784
28407,3519.47,0,1,-2,0,-32.72,972,483,1784
28457,3476.25,0,1,0,0,33.35,975,485,1784
28507,3498.95,0,1,0,0,-34.75,978,486,1784
28557,3461.01,0,1,0,0,28.99,981,486,1784
28607,3500.58,0,1,-3,0,-38.78,984,489,1784
28657,3460.21,0,1,0,0,39.56,987,489,1784
28707,3452.24,0,1,0,0,36.94,989,489,1784
28758,3483.51,0,1,0,0,79.43,992,489,1784
28808,3451.45,0,1,0,0,38.55,995,489,1784
28858,3491.62,0,1,0,0,-48.88,999,489,1784
28908,3460.21,0,1,0,0,38.74,1002,489,1784
28958,3508.77,0,1,-2,0,-42.17,1005,493,1784
29008,3476.25,0,1,0,0,43.23,1008,495,1784
29058,3528.58,0,0,-1,0,-41.83,1009,497,1784
29108,3493.25,0,1,0,0,27.05,1012,498,1784
29158,3520.30,0,1,-1,0,-33.55,1015,501,1784
29208,3528.58,0,0,-1,0,-32.08,1016,502,1784
29258,3573.98,0,0,0,-5,129.72,1021,502,1802
29308,3534.40,0,0,1,0,-1.66,1022,506,1802
29358,3513.70,0,1,-2,0,38.27,1024,512,1802
29408,3565.49,0,0,0,0,-51.78,1025,514,1802
29458,3609.24,0,1,0,0,32.09,1026,515,1802
29508,3575.69,0,0,0,0,-32.10,1026,516,1802
29558,3542.75,0,0,1,0,32.94,1026,518,1802
29608,3586.80,0,0,0,0,-44.89,1026,519,1802
29658,3551.98,0,0,1,0,31.40,1026,521,1803
29708,3604.04,0,0,1,-1,33.97,1026,522,1804
29758,3557.87,0,0,1,0,37.52,1026,524,1804
29808,3584.23,0,0,0,0,-16.20,1026,524,1804
29858,3559.56,0,0,1,0,34.97,1026,526,1805
29908,3594.54,0,0,0,0,38.59,1026,526,1805
29958,3568.88,0,0,0,0,35.16,1026,526,1805
30008,3629.32,0,0,0,0,-51.93,1026,526,1806
30058,3577.39,0,0,0,-2,44.92,1026,526,1810
30108,3621.44,0,0,0,0,-33.78,1026,526,1812
30158,3578.24,0,0,0,-1,37.08,1026,526,1813
30208,3615.33,0,0,0,0,-46.45,1026,526,1813
30258,3658.54,0,0,-1,0,-110.76,1026,528,1814
30308,3628.45,0,0,0,0,-39.93,1026,528,1815
30358,3578.24,0,0,0,-1,33.60,1026,528,1818
30408,3622.31,0,0,0,0,-44.07,1026,528,1820
30458,3568.03,0,0,0,0,39.47,1026,528,1821
30508,3594.54,0,0,1,0,44.47,1026,529,1821
30558,3563.79,0,0,0,0,33.33,1026,530,1821
30608,3585.09,0,0,0,0,-20.45,1026,530,1821
30658,3561.25,0,0,0,0,22.12,1026,531,1822
30708,3575.69,0,0,0,0,-27.91,1026,532,1822
30758,3575.69,0,0,0,0,-27.91,1026,533,1822
30808,3546.94,0,0,1,-11,401.47,1035,534,1904
30858,3584.23,0,0,0,-8,158.29,1036,535,1912
30908,3540.24,0,0,1,-2,109.39,1037,537,1914
30958,3546.94,0,0,1,0,-38.99,1038,541,1914
31008,3507.13,0,1,-3,0,38.13,1040,547,1914
31058,3528.58,0,0,-1,0,-23.91,1041,552,1914
31108,3485.94,0,1,0,0,52.63,1043,556,1914
31158,3529.41,0,0,-1,0,-34.54,1044,558,1914
31208,3476.25,0,1,0,0,54.83,1046,559,1914
31258,3509.59,0,1,-2,0,-42.19,1049,563,1914
31308,3477.05,0,1,0,0,33.36,1052,565,1914
31358,3490.00,0,1,0,0,-22.59,1055,567,1914
31408,3481.09,0,1,0,0,-22.47,1057,567,1914
31458,3450.66,0,1,0,0,239.38,1063,569,1924
31508,3519.47,0,1,-2,0,-46.45,1066,574,1924
31558,3497.32,0,1,0,0,32.09,1068,575,1924
31608,3529.41,0,0,-1,0,-24.74,1069,580,1924
31659,3495.69,0,1,0,0,43.72,1071,581,1924
31709,3548.62,0,0,1,0,-52.93,1072,583,1924
31759,3504.67,0,1,-3,0,43.10,1074,590,1924
31809,3558.72,0,0,1,0,-54.05,1075,595,1924
31859,3522.78,0,1,-1,0,39.32,1077,597,1924
31909,3576.54,0,0,0,0,-33.79,1077,598,1924
31959,3531.90,0,0,1,-1,54.90,1077,600,1925
32009,3576.54,0,0,0,0,-34.63,1077,601,1925
32059,3542.75,0,0,1,0,33.79,1077,603,1925
32109,3575.69,0,0,0,0,-42.95,1077,604,1925
32159,3532.74,0,0,1,-1,53.21,1077,606,1926
32209,3586.80,0,0,0,0,-44.89,1077,607,1926
32259,3593.67,0,0,1,-1,47.40,1077,608,1927
32309,3556.19,0,0,1,-7,216.45,1081,609,1934
32359,3604.04,0,-1,0,0,-249.47,1083,609,1934
32409,3568.88,0,0,0,-4,120.25,1085,611,1938
32459,3598.85,0,0,0,0,-77.13,1085,612,1938
32509,3577.39,0,0,0,-1,36.20,1085,612,1939
32559,3584.23,0,0,0,0,-7.69,1085,612,1939
32609,3573.13,0,0,0,0,19.68,1085,612,1939
32659,3618.82,0,0,0,0,-52.48,1085,612,1940
32709,3576.54,0,0,0,0,31.83,1085,612,1942
32759,3606.64,0,0,1,0,46.18,1085,613,1942
32809,3568.03,0,0,0,0,37.74,1085,613,1942
32859,3593.67,0,0,0,0,44.49,1085,613,1942
32909,3574.83,0,0,0,0,30.07,1085,613,1942
32959,3616.20,0,0,0,0,-41.37,1085,613,1942
33009,3587.66,0,0,0,-1,29.41,1085,613,1944
33059,3628.45,0,0,0,0,-41.65,1085,613,1945
33110,3578.24,0,0,0,-1,31.86,1085,613,1948
33160,3615.33,0,0,0,0,-31.96,1085,613,1948
33210,3568.03,0,0,0,-1,49.04,1085,613,1950
33260,3596.26,0,0,1,0,47.05,1085,614,1950
33310,3542.75,0,0,1,0,33.79,1085,616,1950
33360,3576.54,0,0,0,0,-33.79,1085,617,1950
33410,3542.75,0,0,1,-1,43.19,1085,619,1951
33460,3583.37,0,0,0,0,-41.46,1085,620,1952
33510,3542.75,0,0,1,0,30.38,1085,622,1953
33560,3585.94,0,0,0,0,-33.97,1085,623,1953
33610,3562.10,0,0,0,0,24.70,1085,624,1953
33660,3605.77,0,0,0,0,28.20,1085,624,1953
33710,3577.39,0,0,0,-1,37.07,1085,624,1954
33760,3585.94,0,0,0,0,-27.22,1085,625,1954
33810,3552.82,0,0,1,0,30.55,1085,627,1955
33860,3585.94,0,0,0,0,-29.76,1085,628,1955
33910,3565.49,0,0,0,0,30.77,1085,629,1955
33960,3604.90,0,0,0,0,25.62,1085,629,1955
34010,3564.64,0,0,0,0,29.90,1085,629,1955
34060,3565.49,0,0,0,0,-9.30,1085,630,1955
34110,3542.75,0,0,1,0,30.38,1086,632,1955
34160,3593.67,0,0,1,-1,32.27,1086,633,1956
34210,3576.54,0,0,0,0,-24.56,1086,634,1956
34260,3547.78,0,0,1,-11,399.59,1095,635,2034
34310,3688.22,0,-1,2,0,113.10,1101,637,2075
34360,3568.88,0,0,0,-4,114.81,1102,640,2083
34410,3621.44,0,0,0,0,22.88,1102,642,2083
34460,3579.95,0,0,0,-3,77.69,1102,644,2088
34510,3631.96,0,0,0,0,21.23,1102,645,2088
34560,3597.12,0,-1,0,-1,-208.88,1104,647,2090
34610,3606.64,0,0,1,0,40.15,1104,648,2090
34660,3567.18,0,0,0,-1,44.66,1104,649,2091
34710,3615.33,0,0,0,0,-37.94,1104,649,2091
34760,3578.24,0,0,0,-2,47.57,1104,649,2094
34810,3617.94,0,0,0,0,-34.57,1104,649,2095
34860,3578.24,0,0,0,-2,47.57,1104,649,2098
34910,3621.44,0,0,0,0,-32.92,1104,649,2100
34960,3576.54,0,0,0,0,30.97,1104,649,2101
35010,3606.64,0,0,1,0,43.61,1104,650,2101
35060,3573.13,0,0,0,0,21.41,1104,650,2101
35110,3605.77,0,0,0,0,35.14,1104,650,2101
35160,3577.39,0,0,0,-1,38.81,1104,650,2102
35210,3608.37,0,0,0,-1,37.05,1104,650,2103
35260,3576.54,0,0,0,0,27.50,1104,650,2103
35310,3584.23,0,0,0,0,-17.05,1104,650,2103
35360,3556.19,0,0,1,0,37.49,1104,652,2104
35410,3596.26,0,0,1,0,33.11,1104,653,2104
35460,3542.75,0,0,1,0,32.94,1104,655,2104
35510,3584.23,0,0,0,0,-42.32,1104,656,2105
35560,3547.78,0,0,1,0,46.76,1104,658,2106
35610,3585.94,0,0,0,0,-28.07,1104,659,2106
35660,3553.66,0,0,1,0,28.00,1104,661,2107
35710,3575.69,0,0,0,0,-41.28,1104,662,2107
35760,3542.75,0,0,1,-1,43.19,1104,664,2108
35810,3594.54,0,0,1,0,42.68,1104,665,2108
35860,3576.54,0,0,0,0,26.63,1104,665,2108
35910,3647.86,0,0,-1,0,-102.60,1104,667,2108
35960,3588.52,0,0,0,-1,33.80,1104,667,2109
36011,3607.50,0,0,0,-1,27.66,1104,667,2110
36061,3576.54,0,0,0,0,26.63,1104,667,2110
36111,3597.98,0,0,0,-1,38.79,1104,667,2111
36161,3568.03,0,0,0,0,37.74,1104,667,2111
36211,3597.98,0,0,0,-1,46.43,1104,667,2112
36261,3563.79,0,0,0,0,31.61,1104,667,2112
36311,3576.54,0,0,0,0,-19.51,1104,668,2112
36361,3552.82,0,0,1,0,33.12,1104,670,2112
36411,3597.12,0,0,1,0,32.25,1104,671,2112
36461,3565.49,0,0,0,0,28.19,1104,671,2112
36511,3585.94,0,0,0,0,-33.97,1104,672,2112
36561,3593.67,0,0,1,-1,37.33,1104,673,2113
36611,3546.10,0,0,1,-13,463.52,1113,674,2188
36661,3609.24,0,-1,2,0,-188.55,1115,676,2188
36711,3536.90,0,0,1,-2,102.99,1116,678,2190
36761,3615.33,0,0,0,0,-20.79,1116,678,2190
36811,3588.52,0,0,0,-1,26.81,1116,678,2192
36861,3624.94,0,0,0,0,-32.99,1116,678,2192
36911,3588.52,0,0,0,-2,42.57,1116,678,2196
36961,3627.57,0,0,0,0,-43.34,1116,678,2197
37011,3588.52,0,0,0,-2,45.20,1116,678,2200
37061,3607.50,0,0,0,-1,39.68,1116,678,2201
37111,3568.03,0,0,0,-1,43.82,1116,678,2202
37161,3604.90,0,0,0,0,24.96,1116,678,2202
37211,3575.69,0,0,0,0,32.69,1116,678,2202
37261,3593.67,0,0,0,0,28.19,1116,678,2202
37311,3568.88,0,0,0,0,34.29,1116,678,2202
37361,3606.64,0,0,1,0,45.32,1116,679,2202
37411,3577.39,0,0,0,0,27.51,1116,679,2202
37462,3621.44,0,0,0,0,-43.19,1116,679,2204
37512,3588.52,0,0,0,-2,39.93,1116,679,2207
37562,3622.31,0,0,0,0,-44.07,1116,679,2209
37612,3577.39,0,0,0,-1,40.55,1116,679,2211
37662,3556.19,0,0,1,0,10.99,1116,680,2212
37712,3515.35,0,1,-2,0,39.15,1117,684,2212
37762,3557.03,0,0,1,0,-33.42,1117,687,2212
37812,3516.17,0,1,-2,0,29.09,1119,692,2212
37862,3566.33,0,0,0,0,-51.81,1120,695,2212
37912,3521.95,0,1,-1,0,44.38,1122,698,2212
37962,3536.07,0,0,1,0,-19.89,1123,702,2212
38012,3482.70,0,1,0,0,37.60,1126,703,2212
38062,3530.24,0,0,1,0,-45.11,1127,705,2212
38112,3529.41,0,0,-1,0,-39.42,1128,706,2212
38162,3546.94,0,0,1,-11,400.43,1138,707,2297
38212,3534.40,0,0,1,-3,176.63,1142,708,2311
38262,3506.31,0,1,-3,0,36.44,1144,715,2311
38312,3556.19,0,0,1,0,-47.42,1145,719,2311
38362,3531.90,0,0,1,0,35.28,1146,722,2311
38412,3575.69,0,0,0,0,-52.08,1146,723,2311
38462,3542.75,0,0,1,-1,43.19,1146,725,2312
38512,3581.66,0,0,0,0,-28.00,1146,726,2313
38562,3552.82,0,0,1,-1,32.27,1146,728,2314
38612,3594.54,0,0,0,0,34.23,1146,728,2314
38662,3557.03,0,0,1,0,37.51,1146,729,2314
38712,3596.26,0,0,1,0,39.21,1146,730,2314
38762,3550.30,0,0,1,0,45.10,1146,732,2314
38812,3592.81,0,0,1,-1,32.27,1146,733,2315
38862,3549.46,0,0,1,0,44.22,1146,734,2315
38912,3597.12,0,0,1,0,29.71,1146,735,2315
38962,3574.83,0,0,0,0,30.07,1146,735,2315
39012,3606.64,0,0,0,-1,37.08,1146,735,2316
39062,3586.80,0,0,0,-1,28.53,1146,735,2317
39112,3627.57,0,0,0,0,-39.05,1146,735,2318
39162,3586.80,0,0,0,-1,34.64,1146,735,2321
39212,3621.44,0,0,0,0,-32.92,1146,735,2323
39262,3587.66,0,0,0,-2,45.18,1146,735,2325
39312,3631.96,0,0,0,0,-43.44,1146,735,2327
39362,3578.24,0,0,0,-2,53.72,1146,735,2331
39412,3617.07,0,0,0,0,-29.41,1146,735,2332
39462,3534.40,0,0,1,0,41.28,1146,736,2333
39512,3592.81,0,0,1,-1,42.36,1146,737,2334
39562,3549.46,0,0,1,0,45.94,1146,739,2334
39612,3581.66,0,0,0,0,-38.08,1146,740,2335
39662,3557.03,0,0,1,0,36.64,1146,741,2335
39712,3585.94,0,0,0,0,-33.12,1146,742,2335
39762,3583.37,0,0,0,0,-34.76,1146,743,2336
39812,3546.94,0,0,1,-11,401.47,1154,744,2410
39862,3587.66,0,0,0,-1,35.53,1154,745,2411
39912,3556.19,0,0,1,0,40.07,1154,747,2412
39962,3553.66,0,0,1,0,-11.75,1154,749,2413
40012,3533.57,0,0,1,0,30.22,1155,752,2413
40062,3584.23,0,0,0,0,-51.49,1155,753,2413
40112,3532.74,0,0,1,0,31.90,1155,755,2413
40162,3585.94,0,0,0,0,-53.21,1155,756,2413
40212,3531.90,0,0,1,0,31.89,1155,758,2414
40262,3557.03,0,0,1,0,-14.28,1155,760,2414
40312,3532.74,0,0,1,0,32.75,1155,762,2414
40363,3575.69,0,0,0,0,-52.08,1155,763,2414
40413,3543.59,0,0,1,0,30.40,1155,765,2414
40463,3591.95,0,0,1,-1,40.64,1155,766,2415
40513,3533.57,0,0,1,0,41.26,1155,768,2415
40563,3594.54,0,0,1,0,39.79,1155,769,2415
40613,3557.87,0,0,1,0,36.66,1155,771,2415
40663,3596.26,0,0,1,0,36.66,1155,772,2415
40713,3575.69,0,0,0,0,29.22,1155,772,2415
40763,3617.07,0,0,0,0,-40.53,1155,772,2416
40813,3576.54,0,0,0,-1,35.31,1155,772,2419
40863,3628.45,0,0,0,0,-50.20,1155,772,2420
40913,3586.80,0,0,0,-1,38.14,1155,772,2421
40963,3628.45,0,0,0,0,-39.93,1155,772,2422
41013,3597.98,0,0,0,0,-39.17,1155,772,2422
41063,3643.43,0,0,-1,0,-55.77,1155,773,2424
41113,3610.98,0,0,0,0,41.32,1155,774,2424
41163,3624.06,0,0,0,0,-26.08,1155,774,2424
41213,3586.80,0,0,0,-1,31.14,1155,774,2426
41263,3621.44,0,0,0,0,-33.78,1155,774,2428
41313,3578.24,0,0,0,-2,50.20,1155,774,2431
41363,3639.01,0,0,0,0,-50.49,1155,774,2432
41413,3577.39,0,0,0,-1,33.59,1155,774,2435
41463,3605.77,0,0,0,0,34.28,1155,774,2435
41513,3566.33,0,0,0,0,38.57,1155,774,2435
41563,3593.67,0,0,0,0,32.59,1155,774,2435
41613,3563.79,0,0,0,0,19.58,1155,774,2435
41663,3585.94,0,0,0,0,-31.44,1155,775,2435
41713,3583.37,0,0,0,0,-44.80,1155,776,2436
41763,3351.21,0,3,0,0,597.20,1166,776,2499
41814,3545.26,0,0,1,-7,267.65,1168,778,2523
41864,3543.59,0,0,1,-4,182.20,1170,779,2527
41914,3562.10,0,0,0,0,19.56,1170,780,2527
41964,3521.95,0,1,-1,0,41.84,1172,782,2527
42014,3567.18,0,0,0,0,-38.60,1172,783,2527
42064,3522.78,0,1,-1,0,54.61,1173,785,2527
42114,3545.26,0,0,1,0,-29.09,1174,789,2527
42164,3504.67,0,1,-3,0,32.23,1176,795,2527
42214,3547.78,0,0,1,0,-43.92,1177,800,2527
42264,3494.87,0,1,0,0,54.58,1179,801,2527
42314,3511.24,0,1,-2,0,-34.99,1182,805,2527
42364,3477.05,0,1,0,0,42.42,1185,807,2527
42414,3529.41,0,0,-1,0,-41.85,1187,810,2527
42465,3497.32,0,1,0,0,22.16,1190,812,2527
42515,3486.75,0,1,0,0,40.17,1191,813,2527
42565,3351.21,0,3,0,0,599.28,1203,813,2598
42615,3501.40,0,1,-3,0,197.74,1205,820,2598
42665,3556.19,0,0,1,0,-42.48,1206,824,2598
42715,3514.53,0,1,-2,0,44.19,1208,829,2598
42765,3556.19,0,0,1,0,-40.84,1209,833,2598
42815,3522.78,0,1,-1,0,43.55,1211,836,2598
42865,3545.26,0,0,1,0,-31.56,1212,840,2598
42915,3514.53,0,1,-2,0,30.73,1214,845,2598
42966,3556.19,0,0,1,0,-43.31,1215,848,2598
43016,3515.35,0,1,-2,0,29.91,1217,853,2598
43066,3556.19,0,0,1,0,-41.66,1218,857,2598
43116,3523.61,0,0,-1,0,42.73,1219,860,2598
43166,3567.18,0,0,0,0,-43.57,1219,861,2598
43216,3532.74,0,0,1,0,44.65,1219,863,2598
43266,3583.37,0,0,0,0,-41.46,1219,864,2599
43316,3551.98,0,0,1,0,31.40,1219,866,2600
43366,3596.26,0,0,1,0,46.80,1219,867,2600
43416,3553.66,0,0,1,-1,31.43,1219,869,2601
43466,3593.67,0,0,0,0,23.01,1219,869,2601
43516,3574.83,0,0,0,0,-25.38,1219,870,2601
43566,3547.78,0,0,1,-11,400.63,1227,871,2674
43616,3579.95,0,0,0,-3,64.36,1227,873,2677
43666,3541.91,0,0,1,-1,47.46,1227,875,2678
43716,3596.26,0,0,1,0,44.97,1227,876,2678
43766,3523.61,0,0,-1,0,45.27,1227,878,2678
43816,3562.10,0,0,0,0,-40.15,1228,879,2678
43866,3523.61,0,0,-1,0,52.93,1228,881,2678
43916,3549.46,0,0,1,0,-44.78,1229,886,2678
43966,3524.44,0,0,-1,0,30.91,1230,890,2678
44016,3526.92,0,0,-1,0,-14.04,1231,893,2678
44066,3495.69,0,1,0,0,43.72,1233,894,2678
44116,3549.46,0,0,1,0,-44.78,1234,899,2678
44166,3485.94,0,1,0,0,49.29,1236,902,2678
44216,3547.78,0,0,1,0,-43.10,1237,907,2678
44266,3505.49,-1,1,-3,0,33.08,1239,914,2678
44316,3485.13,0,1,0,0,47.61,1240,915,2678
44366,3700.05,0,-1,0,0,8.23,1247,915,2694
44416,3507.13,0,1,-3,0,124.83,1250,918,2694
44466,3562.95,0,0,0,0,-40.99,1251,920,2694
44516,3513.70,0,1,-2,0,51.78,1252,923,2694
44566,3556.19,0,0,1,0,-32.58,1252,925,2694
44616,3512.88,0,1,-2,0,53.45,1254,929,2694
44666,3565.49,0,0,0,0,-40.22,1254,931,2694
44716,3534.40,0,0,1,0,41.28,1254,933,2694
44766,3592.81,0,0,1,-1,41.48,1254,934,2695
44816,3550.30,0,0,1,-3,102.01,1255,936,2698
44866,3596.26,0,0,1,0,36.66,1255,937,2698
44916,3567.18,0,0,0,0,39.45,1255,938,2698
44966,3605.77,0,0,0,0,28.35,1255,938,2698
45016,3576.54,0,0,0,0,27.50,1255,938,2698
45066,3616.20,0,0,0,0,-41.37,1255,938,2698
45116,3578.24,0,0,0,-2,50.20,1255,938,2701
45166,3615.33,0,0,0,0,-48.15,1255,938,2701
45216,3552.82,0,0,1,-4,151.80,1257,939,2705
45266,3604.90,0,0,1,0,40.97,1257,940,2705
45316,3560.41,0,0,0,0,42.76,1257,940,2705
45366,3604.90,0,0,0,0,35.99,1257,940,2705
45416,3567.18,0,0,0,-1,49.02,1257,940,2706
45466,3593.67,0,0,0,0,26.48,1257,940,2706
45516,3558.72,0,0,1,0,47.05,1257,942,2706
45566,3615.33,0,0,0,0,-39.64,1257,942,2706
45616,3577.39,0,0,0,-1,39.68,1257,942,2708
45666,3617.94,0,0,0,0,-41.41,1257,942,2709
45716,3578.24,0,0,0,-1,39.70,1257,942,2711
45766,3617.94,0,0,0,0,-41.41,1257,942,2712
45816,3568.88,0,0,0,0,38.62,1257,942,2713
45867,3604.90,0,0,0,0,41.90,1257,942,2713
45917,3604.90,0,0,0,0,35.17,1257,942,2713
45967,3546.94,0,0,1,-11,403.55,1266,943,2785
46017,3555.34,0,0,1,-15,493.24,1274,944,2862
46067,3546.94,0,0,1,-11,401.47,1282,945,2932
46117,3547.78,0,0,1,-9,332.20,1288,946,2973
46167,3533.57,0,0,1,-3,182.06,1291,947,2976
46217,3546.10,0,0,1,0,-32.40,1292,951,2976
46267,3488.37,0,1,0,0,41.04,1294,952,2976
46317,3519.47,0,1,-2,0,-31.91,1296,955,2976
46367,3473.83,0,1,0,0,47.30,1299,956,2976
46417,3511.24,0,1,-2,0,-34.18,1302,960,2976
46467,3461.01,0,1,0,0,28.99,1305,960,2976
46517,3499.77,0,1,0,0,-37.96,1308,960,2976
46567,3451.45,0,1,0,0,38.55,1311,960,2976
46617,3461.01,0,1,0,0,27.37,1313,960,2976
46667,3503.04,0,1,-3,0,236.68,1319,963,2987
46717,3477.05,0,1,0,0,36.65,1322,965,2987
46767,3539.41,0,0,1,0,-53.47,1323,967,2987
46817,3505.49,0,1,-3,0,34.75,1325,971,2987
46867,3549.46,0,0,1,0,-44.78,1326,976,2987
46917,3442.74,0,2,0,0,38.35,1330,976,2987
46967,3510.41,0,1,-2,0,-49.41,1333,978,2987
47017,3476.25,0,1,0,0,43.23,1336,980,2987
47067,3499.77,0,1,0,0,-47.52,1339,980,2987
47117,3510.41,0,1,-2,0,-44.61,1341,982,2987
47167,3573.98,0,0,0,-5,131.55,1347,982,3007
47217,3541.08,0,0,1,0,-37.22,1349,988,3007
47267,3512.88,0,1,-2,0,50.06,1351,990,3007
47318,3563.79,0,0,0,0,-30.22,1351,991,3007
47368,3543.59,0,0,1,0,31.25,1351,993,3007
47418,3604.90,0,0,1,0,35.80,1351,994,3007
47468,3564.64,0,0,0,0,29.90,1351,994,3007
47518,3625.82,0,0,0,0,-50.98,1351,994,3007
47568,3588.52,0,0,0,-1,32.05,1351,994,3010
47618,3531.07,0,0,1,-1,57.44,1351,995,3013
47668,3597.98,0,0,0,0,65.61,1352,995,3014
47718,3643.43,0,0,-1,0,-35.06,1352,996,3014
47768,3610.98,0,0,0,0,42.21,1352,997,3014
47818,3650.52,0,0,-1,0,-39.55,1352,999,3014
47868,3610.98,0,0,0,0,38.66,1352,1000,3014
47918,3640.78,0,0,-1,0,-50.54,1352,1002,3014
47968,3597.98,0,0,0,0,-42.61,1352,1002,3014
48018,3640.78,0,0,-1,0,-42.79,1352,1003,3014
48068,3588.52,0,0,0,-1,36.42,1352,1003,3015
48118,3632.84,0,0,0,0,-46.04,1352,1003,3017
48168,3585.94,0,0,0,-2,46.90,1352,1003,3019
48218,3631.96,0,0,0,0,-44.30,1352,1003,3021
48268,3597.98,0,0,0,0,-39.17,1352,1003,3021
48318,3624.06,0,0,0,0,-26.08,1352,1003,3021
48368,3565.49,0,0,0,0,31.64,1352,1003,3022
48418,3604.90,0,0,0,0,24.04,1352,1003,3022
48468,3567.18,0,0,0,0,38.59,1352,1003,3022
48518,3615.33,0,0,0,0,-38.79,1352,1003,3022
48568,3576.54,0,0,0,-1,41.41,1352,1003,3024
48618,3617.94,0,0,0,0,-39.70,1352,1003,3025
48668,3574.83,0,0,0,0,33.54,1352,1003,3026
48718,3617.94,0,0,0,0,-51.61,1352,1003,3027
48768,3577.39,0,0,0,-1,32.72,1352,1003,3030
48818,3608.37,0,0,0,-1,35.31,1352,1003,3031
48868,3576.54,0,0,0,0,29.23,1352,1003,3031
48918,3604.90,0,0,0,0,33.41,1352,1003,3031
48968,3562.10,0,0,0,0,23.84,1352,1004,3031
49018,3575.69,0,0,0,0,-22.87,1352,1005,3031
49068,3542.75,0,0,1,0,33.79,1352,1007,3031
49118,3597.12,0,0,1,0,32.07,1352,1008,3031
49168,3542.75,0,0,1,-1,43.19,1352,1010,3032
49218,3585.94,0,0,0,0,-53.21,1352,1011,3032
49268,3557.03,0,0,1,0,36.64,1352,1013,3033
49318,3566.33,0,0,0,0,-14.36,1352,1014,3033
49368,3532.74,0,0,1,0,43.80,1352,1016,3033
49418,3583.37,0,0,0,0,-41.46,1352,1017,3034
49468,3562.10,0,0,0,0,23.84,1352,1018,3034
49518,3604.90,0,0,0,0,29.04,1352,1018,3034
49568,3534.40,0,0,1,0,25.16,1352,1020,3034
49618,3546.94,0,0,1,-11,403.55,1361,1021,3113
49668,3645.20,0,0,-1,0,74.12,1365,1022,3125
49718,3524.44,0,0,-1,0,31.75,1365,1025,3127
49768,3576.54,0,0,0,0,-38.80,1365,1026,3127
49818,3542.75,0,0,1,0,33.79,1365,1028,3127
49868,3586.80,0,0,0,0,-44.89,1365,1029,3127
49918,3541.91,0,0,1,0,31.22,1365,1031,3128
49968,3565.49,0,0,0,0,-50.96,1366,1034,3128
50018,3523.61,0,0,-1,0,41.88,1366,1036,3128
50068,3565.49,0,0,0,0,-33.58,1366,1037,3128
50118,3541.91,0,0,1,-1,44.89,1366,1039,3129
50168,3594.54,0,0,0,0,25.56,1366,1039,3129
50219,3568.88,0,0,0,0,34.29,1366,1039,3129
50269,3607.50,0,0,0,-1,37.05,1366,1039,3130
50319,3568.03,0,0,0,0,37.74,1366,1039,3130
50369,3632.84,0,0,0,0,-54.60,1366,1039,3132
50419,3578.24,0,0,0,-2,43.19,1366,1039,3136
50469,3628.45,0,0,0,0,-40.79,1366,1039,3137
50519,3598.85,0,0,0,0,-32.11,1366,1039,3137
50569,3624.06,0,0,0,0,-27.80,1366,1039,3137
50619,3597.12,0,0,0,0,-38.30,1366,1039,3137
50669,3628.45,0,0,0,0,-39.93,1366,1039,3138
50719,3587.66,0,0,0,-1,37.28,1366,1039,3139
50769,3607.50,0,0,0,-1,34.46,1366,1039,3140
50819,3586.80,0,0,0,-1,29.40,1366,1039,3141
50869,3624.06,0,0,0,0,-25.22,1366,1039,3141
50919,3578.24,0,0,0,-1,37.96,1366,1039,3142
50969,3617.94,0,0,0,0,-39.70,1366,1039,3143
51019,3588.52,0,0,0,-1,29.43,1366,1039,3145
51069,3628.45,0,0,0,0,-40.79,1366,1039,3146
51119,3598.85,0,0,0,0,-32.97,1366,1039,3146
51169,3632.84,0,0,0,0,-35.72,1366,1039,3146
51219,3587.66,0,0,0,-2,44.30,1366,1039,3150
51269,3616.20,0,0,0,0,-30.26,1366,1039,3150
51319,3577.39,0,0,0,-1,40.55,1366,1039,3152
51369,3608.37,0,0,0,-1,36.18,1366,1039,3153
51419,3568.03,0,0,0,-1,46.43,1366,1039,3154
51469,3585.94,0,0,0,0,-31.44,1366,1040,3154
51519,3543.59,0,0,1,-1,39.79,1366,1042,3156
51569,3574.83,0,0,0,0,-31.25,1366,1043,3156
51619,3543.59,0,0,1,0,31.25,1366,1045,3156
51670,3574.83,0,0,0,0,-21.17,1366,1046,3156
51720,3543.59,0,0,1,0,31.25,1366,1048,3156
51770,3543.59,0,0,1,0,28.69,1366,1049,3156
51820,3547.78,0,0,1,-11,402.71,1375,1050,3236
51870,3547.78,0,0,1,-11,397.52,1382,1051,3300
51920,3546.10,0,0,1,-8,331.87,1388,1052,3340
51970,3545.26,0,0,1,-6,227.37,1392,1053,3346
52020,3534.40,0,0,1,0,-3.33,1392,1055,3346
52070,3495.69,0,1,0,0,44.55,1394,1056,3346
52120,3528.58,0,0,-1,0,-31.26,1395,1058,3346
52170,3507.13,0,1,-3,0,23.94,1397,1062,3346
52220,3540.24,0,0,1,0,-44.55,1398,1064,3346
52270,3506.31,0,1,-3,0,38.95,1400,1070,3346
52320,3528.58,0,0,-1,0,-32.89,1401,1072,3346
52370,3495.69,0,1,0,0,43.72,1403,1073,3346
52420,3539.41,0,0,1,0,-44.53,1404,1075,3346
52470,3506.31,0,1,-3,0,33.93,1406,1079,3346
52520,3538.57,0,0,1,0,-32.26,1407,1084,3346
52570,3536.07,0,0,1,0,-25.65,1408,1087,3346
52620,3509.59,0,1,-2,0,163.28,1411,1090,3346
52670,3538.57,0,0,1,0,-42.07,1412,1092,3346
52720,3503.85,0,1,-3,0,44.76,1414,1099,3346
52770,3548.62,0,0,1,0,-43.94,1415,1104,3346
52820,3504.67,0,1,-3,0,43.94,1417,1108,3346
52870,3536.07,0,0,1,0,-20.72,1418,1112,3346
52920,3486.75,0,1,0,0,41.83,1420,1116,3346
52970,3539.41,0,0,1,0,-43.72,1421,1118,3346
53020,3495.69,0,1,0,0,44.55,1423,1119,3346
53070,3549.46,0,0,1,0,-44.78,1424,1124,3346
53120,3515.35,0,1,-2,0,30.75,1426,1129,3346
53170,3555.34,0,0,1,0,-39.17,1427,1133,3346
53220,3546.94,0,0,1,0,-29.11,1428,1136,3346
53270,3351.21,0,3,0,0,597.20,1440,1136,3414
53320,3566.33,0,0,0,-7,188.36,1442,1137,3421
53370,3536.07,0,0,1,-1,81.88,1443,1138,3422
53420,3575.69,0,0,0,0,-43.78,1443,1140,3422
53470,3541.91,0,0,1,-1,44.89,1443,1142,3423
53520,3576.54,0,0,0,0,-28.76,1443,1143,3423
53570,3556.19,0,0,1,0,40.93,1443,1145,3423
53620,3585.94,0,0,0,0,-38.17,1443,1146,3423
53670,3552.82,0,0,1,-1,33.12,1443,1148,3424
53720,3604.90,0,0,1,0,48.81,1443,1149,3424
53770,3566.33,0,0,0,-1,48.99,1443,1149,3425
53820,3607.50,0,0,0,-1,46.38,1443,1149,3426
53870,3584.23,0,0,0,0,19.81,1443,1149,3426
53920,3629.32,0,0,0,0,-52.79,1443,1149,3427
53970,3588.52,0,0,0,-1,32.05,1443,1149,3430
54020,3629.32,0,0,0,0,-42.52,1443,1149,3431
54070,3588.52,0,0,0,-1,27.68,1443,1149,3432
54120,3627.57,0,0,0,0,-39.91,1443,1149,3433
54170,3597.12,0,0,0,0,-32.11,1443,1149,3433
54220,3632.84,0,0,0,0,-34.86,1443,1149,3433
54270,3599.71,0,0,-1,0,-43.74,1443,1150,3433
54320,3640.78,0,0,-1,0,-41.06,1443,1152,3433
54370,3608.37,0,0,0,0,-28.05,1443,1152,3433
54420,3650.52,0,0,-1,0,-29.08,1443,1154,3433
54470,3617.94,0,0,0,0,21.07,1443,1154,3433
54520,3641.66,0,0,-1,0,-43.68,1443,1155,3433
54571,3600.58,0,0,-1,0,-49.92,1443,1156,3433
54621,3640.78,0,0,-1,0,-41.93,1443,1158,3433
54671,3585.94,0,0,0,-2,49.54,1443,1158,3435
54721,3622.31,0,0,0,0,-33.80,1443,1158,3437
54771,3577.39,0,0,0,-2,44.92,1443,1158,3441
54821,3593.67,0,0,0,0,37.74,1443,1158,3441
54871,3557.87,0,0,1,0,36.66,1443,1160,3441
54921,3595.40,0,0,0,0,29.04,1443,1160,3441
54971,3548.62,0,0,1,0,47.64,1443,1162,3441
55021,3513.70,0,1,-2,0,28.21,1444,1165,3442
55071,3496.50,0,1,0,0,22.97,1447,1167,3442
55121,3548.62,0,0,1,0,-52.11,1448,1169,3442
55171,3504.67,0,1,-3,0,34.73,1450,1173,3442
55221,3558.72,0,0,1,0,-52.41,1451,1178,3442
55271,3514.53,0,1,-2,0,41.66,1453,1183,3442
55321,3523.61,0,0,-1,0,36.80,1453,1184,3442
55371,3547.78,0,0,1,-11,400.63,1462,1185,3519
55421,3351.21,0,3,0,0,544.90,1471,1185,3566
55471,3583.37,0,0,0,-6,131.34,1472,1185,3572
55521,3551.98,0,0,1,0,48.60,1472,1187,3572
55571,3584.23,0,0,0,0,-25.51,1472,1188,3572
55621,3549.46,0,0,1,0,42.50,1472,1190,3573
55671,3585.09,0,0,0,0,-32.27,1472,1191,3573
55721,3543.59,0,0,1,-1,40.64,1472,1193,3574
55771,3583.37,0,0,0,0,-29.71,1472,1194,3575
55821,3533.57,0,0,1,0,38.71,1472,1196,3576
55871,3574.83,0,0,0,0,-41.26,1472,1197,3576
55921,3543.59,0,0,1,0,31.25,1472,1199,3576
55971,3585.09,0,0,0,0,-34.79,1472,1200,3576
56022,3557.87,0,0,1,0,34.08,1472,1202,3577
56072,3606.64,0,0,1,0,38.37,1472,1203,3577
56122,3564.64,0,0,0,0,29.04,1472,1203,3577
56172,3585.94,0,0,0,0,-37.33,1472,1204,3577
56222,3531.90,0,0,1,0,52.32,1472,1206,3578
56272,3586.80,0,0,0,0,-44.89,1472,1207,3578
56322,3553.66,0,0,1,-1,32.28,1472,1209,3579
56372,3591.95,0,0,1,-1,34.00,1472,1210,3580
56422,3568.03,0,0,0,0,36.01,1472,1210,3580
56472,3604.90,0,0,0,0,29.90,1472,1210,3580
56522,3567.18,0,0,0,0,38.59,1472,1211,3580
56572,3606.64,0,0,0,-1,46.41,1472,1211,3581
56622,3574.83,0,0,0,0,30.07,1472,1211,3581
56672,3610.11,0,0,0,0,-31.86,1472,1211,3583
56722,3576.54,0,0,0,0,31.83,1472,1211,3584
56772,3617.94,0,0,0,0,-31.14,1472,1211,3585
56822,3597.12,0,0,0,0,-47.66,1472,1211,3586
56872,3637.25,0,0,0,0,-49.59,1472,1211,3587
56922,3608.37,0,0,0,0,-37.57,1472,1211,3587
56972,3641.66,0,0,-1,0,-43.68,1472,1212,3587
57022,3588.52,0,0,0,-2,36.42,1472,1212,3589
57072,3632.84,0,0,0,0,-33.99,1472,1212,3589
57122,3586.80,0,0,0,-1,38.14,1472,1212,3590
57172,3632.84,0,0,0,0,-45.18,1472,1212,3592
57222,3577.39,-1,0,0,-2,47.55,1472,1212,3594
57272,3622.31,0,0,0,0,-44.07,1472,1212,3596
57322,3568.03,-1,0,0,-2,54.28,1472,1212,3600
57372,3606.64,0,0,0,-1,47.28,1472,1212,3601
57422,3556.19,0,0,1,0,38.35,1472,1213,3601
57472,3564.64,0,0,0,0,29.04,1472,1213,3601
57522,3824.58,0,-2,0,-7,-117.21,1479,1213,3623
57572,3755.63,0,-2,0,0,-53.76,1485,1213,3650
57622,3606.64,0,-2,0,0,-413.92,1489,1213,3650
57672,3566.33,0,0,0,-7,203.46,1493,1213,3657
57722,3614.46,0,0,0,0,98.41,1495,1213,3657
57772,3573.98,0,0,0,-6,131.55,1497,1213,3663
57822,3629.32,0,0,0,0,-55.34,1497,1213,3664
57872,3578.24,0,0,0,-1,42.32,1497,1213,3667
57922,3608.37,0,0,0,-1,38.75,1497,1213,3668
57972,3576.54,0,0,0,0,32.70,1497,1213,3668
58022,3627.57,0,0,0,0,-43.34,1497,1213,3669
58072,3588.52,0,0,0,-2,37.30,1497,1213,3673
58122,3618.82,0,0,0,0,-42.28,1497,1213,3674
58172,3578.24,0,0,0,-1,39.70,1497,1213,3676
58222,3618.82,0,0,0,0,-31.16,1497,1213,3677
58272,3578.24,0,0,0,-1,37.08,1497,1213,3678
58322,3621.44,0,0,0,0,-44.05,1497,1213,3680
58372,3578.24,0,0,0,-1,39.70,1497,1213,3682
58422,3611.85,0,0,0,0,-35.31,1497,1213,3684
58472,3568.03,0,0,0,-1,49.91,1497,1213,3686
58522,3608.37,0,0,0,-1,43.82,1497,1213,3687
58572,3568.03,0,0,0,-1,48.17,1497,1213,3688
58622,3604.04,0,0,0,0,35.14,1497,1213,3688
58672,3553.66,0,0,1,-1,33.14,1497,1215,3689
58722,3564.64,0,0,0,0,-21.05,1497,1216,3689
58772,3533.57,0,0,1,0,37.86,1498,1218,3689
58822,3573.13,0,0,0,0,-51.18,1499,1219,3689
58872,3514.53,0,1,-2,0,42.50,1500,1223,3689
58923,3535.23,0,0,1,0,-22.35,1501,1226,3689
58973,3514.53,0,1,-2,0,22.37,1503,1231,3689
59023,3565.49,0,0,0,0,-50.14,1504,1234,3689
59073,3514.53,0,1,-2,0,40.82,1506,1239,3689
59123,3546.94,0,0,1,0,-32.41,1507,1243,3689
59173,3505.49,-1,1,-3,0,39.77,1509,1249,3689
59223,3503.85,0,1,-3,0,47.28,1510,1253,3689
59273,3536.07,0,0,1,-4,229.94,1515,1254,3703
59323,3456.22,0,1,0,0,89.88,1517,1258,3703
59373,3539.41,0,0,1,0,-34.73,1518,1262,3703
59423,3476.25,0,1,0,0,43.23,1521,1264,3703
59473,3510.41,0,1,-2,0,-33.36,1524,1268,3703
59523,3466.60,0,1,0,0,42.99,1527,1270,3703
59573,3509.59,0,1,-2,0,-32.54,1530,1274,3703
59623,3488.37,0,1,0,0,40.21,1532,1275,3703
59673,3528.58,0,0,-1,0,-33.71,1533,1277,3703
59723,3487.56,0,1,0,0,41.85,1535,1278,3703
59773,3537.74,0,0,1,0,-32.24,1536,1283,3703
59823,3530.24,0,0,1,0,-30.48,1537,1284,3703
59873,3499.77,0,1,0,0,163.24,1540,1285,3703
59923,3557.03,0,0,1,0,-38.38,1541,1289,3703
59973,3523.61,0,0,-1,0,36.80,1542,1292,3703
60023,3546.94,0,0,1,0,-23.33,1542,1294,3703
60073,3504.67,0,1,-3,0,31.39,1544,1300,3703
60123,3550.30,0,0,1,0,-45.62,1545,1305,3703
60173,3497.32,0,1,0,0,41.25,1547,1306,3703
60223,3550.30,0,0,1,0,-56.24,1548,1308,3703
60273,3526.09,0,0,-1,0,28.41,1549,1312,3703
60323,3545.26,0,0,1,0,-21.65,1549,1314,3703
60374,3523.61,0,0,-1,0,33.42,1550,1318,3703
60424,3564.64,0,0,0,0,-31.90,1550,1319,3703
60474,3533.57,0,0,1,0,42.12,1550,1321,3703
60524,3573.98,0,0,0,0,-40.41,1550,1322,3703
60574,3544.42,0,0,1,0,30.41,1550,1324,3703
60624,3583.37,0,0,0,0,-39.79,1550,1325,3704
60674,3585.94,0,0,0,0,-38.17,1550,1326,3704
60724,3733.20,0,-1,0,0,-27.67,1556,1326,3719
60774,3545.26,0,0,1,-7,284.20,1560,1327,3756
60824,3546.10,0,0,1,-7,283.36,1564,1328,3789
60874,3617.07,0,0,0,0,177.51,1568,1328,3789
60924,3566.33,0,0,0,-8,217.72,1572,1328,3797
60974,3617.94,0,0,0,0,142.40,1576,1328,3797
61024,3577.39,0,0,0,-2,43.17,1576,1328,3801
61074,3605.77,0,0,0,0,19.73,1576,1328,3801
61124,3577.39,0,0,0,-1,33.59,1576,1328,3802
61174,3625.82,0,0,0,0,-48.42,1576,1328,3802
61224,3566.33,0,0,0,0,29.93,1576,1328,3804
61274,3593.67,0,0,0,0,35.99,1576,1328,3804
61324,3557.87,0,0,1,0,36.66,1576,1330,3804
61374,3581.66,0,0,0,0,14.60,1576,1331,3804
61424,3542.75,0,0,1,-1,43.19,1576,1333,3805
61474,3566.33,0,0,0,0,-24.42,1576,1334,3805
61524,3533.57,0,0,1,0,31.92,1576,1336,3805
61574,3574.83,0,0,0,0,-41.26,1576,1337,3805
61624,3522.78,0,1,-1,0,41.86,1577,1339,3805
61674,3575.69,0,0,0,0,-42.95,1577,1340,3805
61724,3542.75,0,0,1,-1,43.19,1577,1342,3806
61774,3586.80,0,0,0,0,-44.89,1577,1343,3806
61824,3556.19,0,0,1,0,37.49,1577,1345,3807
61874,3604.90,0,0,0,0,28.19,1577,1345,3807
61924,3577.39,0,0,0,-1,37.07,1577,1345,3808
61974,3618.82,0,0,0,0,-32.87,1577,1345,3809
62024,3577.39,0,0,0,0,28.38,1577,1345,3810
62074,3617.94,0,0,0,0,-52.46,1577,1345,3811
62124,3578.24,0,0,0,-2,49.33,1577,1345,3814
62174,3627.57,0,0,0,0,-39.91,1577,1345,3815
62224,3587.66,0,0,0,-1,37.28,1577,1345,3816
62274,3597.98,0,0,0,-1,45.78,1577,1345,3817
62324,3568.88,0,0,0,0,35.16,1577,1345,3817
62374,3595.40,0,0,0,0,27.47,1577,1345,3817
62424,3564.64,0,0,0,0,29.90,1577,1345,3817
62474,3596.26,0,0,1,0,35.80,1577,1346,3817
62524,3549.46,0,0,1,0,44.22,1577,1347,3817
62574,3596.26,0,0,1,0,34.06,1577,1348,3817
62624,3597.12,0,0,1,0,41.76,1577,1349,3817
62674,3546.94,0,0,1,-11,403.55,1586,1350,3884
62724,3547.78,0,0,1,-10,372.77,1593,1351,3942
62774,3542.75,0,0,1,0,27.83,1593,1353,3942
62824,3574.83,0,0,0,0,-27.06,1593,1354,3942
62874,3533.57,0,0,1,0,37.86,1593,1356,3942
62924,3574.83,0,0,0,0,-40.43,1593,1357,3942
62974,3542.75,0,0,1,-1,41.48,1593,1359,3943
63024,3595.40,0,0,1,0,47.67,1593,1360,3943
63074,3567.18,0,0,0,0,37.72,1593,1360,3943
63124,3604.90,0,0,0,0,35.12,1593,1360,3943
63174,3568.03,0,0,0,-1,46.43,1593,1360,3944
63224,3576.54,0,0,0,0,-17.82,1593,1361,3944
63275,3542.75,0,0,1,0,33.79,1593,1363,3944
63325,3585.94,0,0,0,0,-38.17,1593,1364,3944
63375,3548.62,0,0,1,0,45.06,1593,1366,3945
63425,3596.26,0,0,1,0,32.25,1593,1367,3945
63475,3568.03,0,0,0,0,37.74,1593,1367,3945
63525,3618.82,0,0,0,0,-40.57,1593,1367,3946
63575,3588.52,0,0,0,-1,29.43,1593,1367,3948
63625,3611.85,0,0,0,0,-33.60,1593,1367,3950
63675,3578.24,0,0,0,-1,39.70,1593,1367,3952
63725,3628.45,0,0,0,0,-40.79,1593,1367,3953
63775,3577.39,0,0,0,0,31.85,1593,1367,3953
63825,3607.50,0,0,0,-1,43.82,1593,1367,3954
63875,3567.18,0,0,0,0,37.72,1593,1367,3954
63925,3604.04,0,0,0,0,34.28,1593,1367,3954
63975,3576.54,0,0,0,0,27.50,1593,1367,3954
64025,3615.33,0,0,0,0,-39.64,1593,1367,3954
64075,3557.87,0,0,1,0,39.25,1593,1368,3955
64125,3593.67,0,0,0,0,27.33,1593,1368,3955
64175,3553.66,0,0,1,0,29.71,1593,1369,3955
64225,3583.37,0,0,0,0,-29.71,1593,1370,3956
64275,3551.98,0,0,1,-1,31.40,1593,1372,3958
64325,3586.80,0,0,0,0,-44.05,1593,1373,3958
64375,3533.57,0,0,1,0,39.56,1593,1375,3959
64425,3524.44,0,0,-1,0,36.82,1593,1376,3959
64475,3546.94,0,0,1,-11,402.51,1602,1377,4037
64525,3544.42,0,0,1,-4,162.03,1603,1379,4041
64575,3608.37,0,0,0,0,-17.68,1603,1379,4041
64625,3556.19,0,0,1,0,40.07,1603,1380,4041
64675,3585.94,0,0,0,0,-42.36,1603,1381,4041
64726,3551.98,0,0,1,0,32.25,1603,1383,4042
64776,3592.81,0,0,1,-1,33.97,1603,1384,4043
64826,3551.98,0,0,1,-1,34.82,1603,1386,4044
64876,3573.13,0,0,0,0,-30.38,1603,1387,4045
64926,3532.74,0,0,1,0,43.80,1603,1389,4045
64976,3577.39,0,0,0,0,-35.48,1603,1390,4045
65026,3542.75,0,0,1,0,32.94,1603,1392,4045
65076,3562.95,0,0,0,0,-30.21,1603,1393,4046
65126,3535.23,0,0,1,0,20.95,1603,1396,4046
65176,3573.98,0,0,0,0,-40.41,1603,1397,4046
65226,3522.78,0,1,-1,0,54.61,1604,1399,4046
65276,3567.18,0,0,0,0,-42.75,1604,1401,4046
65326,3542.75,0,0,1,0,33.79,1604,1403,4046
65376,3577.39,0,0,0,0,-34.64,1604,1404,4046
65426,3551.98,0,0,1,-1,34.82,1604,1406,4047
65476,3585.09,0,0,0,0,-28.90,1604,1407,4047
65526,3542.75,0,0,1,0,30.38,1604,1409,4048
65576,3596.26,0,0,1,0,45.92,1604,1410,4048
65626,3594.54,0,0,0,0,35.01,1604,1410,4048
65676,3546.94,0,0,1,-11,403.55,1613,1411,4124
65726,3546.10,0,0,1,-13,512.34,1621,1412,4200
65776,3546.94,0,0,1,-11,399.39,1629,1413,4270
65826,3546.94,0,0,1,-12,417.12,1636,1414,4320
65876,3547.78,0,0,1,-11,383.04,1643,1415,4378
65926,3545.26,0,0,1,-7,274.45,1648,1416,4415
65976,3535.23,0,0,1,0,41.30,1648,1417,4415
66026,3526.09,0,0,-1,0,-17.32,1649,1421,4415
66076,3460.21,0,1,0,0,40.38,1652,1424,4415
66126,3473.03,0,1,0,0,-40.53,1656,1424,4415
66176,3432.49,0,2,0,0,49.40,1661,1424,4415
66226,3473.03,0,1,0,0,-30.29,1665,1424,4415
66276,3432.49,0,2,0,0,49.40,1670,1424,4415
66326,3452.24,0,1,0,0,28.84,1672,1424,4415
66376,3614.46,0,0,0,0,93.82,1679,1424,4431
66426,3452.24,0,1,0,0,31.27,1683,1424,4431
66476,3501.40,0,1,-3,0,-41.19,1686,1427,4431
66526,3476.25,0,1,0,0,32.53,1689,1429,4431
66576,3521.13,0,1,-1,0,-43.27,1692,1432,4431
66626,3485.94,0,1,0,0,52.63,1694,1433,4431
66676,3519.47,0,1,-2,0,-41.62,1696,1436,4431
66726,3486.75,0,1,0,0,43.49,1698,1437,4431
66776,3519.47,0,1,-2,0,-22.16,1700,1440,4431
66826,3432.49,0,2,0,0,36.52,1703,1440,4431
66876,3289.47,1,4,0,10,204.59,1712,1440,4450
66926,3161.89,0,5,0,2,41.19,1726,1440,4456
66976,3083.25,0,6,0,1,26.85,1738,1440,4459
67026,2939.45,2,8,0,2,45.63,1760,1440,4465
67076,2841.99,0,9,0,2,57.13,1778,1440,4468
67126,2755.33,0,10,0,2,53.66,1798,1440,4471
67176,2663.83,15,12,0,7,173.32,1832,1440,4501
67226,2549.72,6,13,0,1,25.83,1858,1440,4506
67276,2463.46,6,14,0,1,25.75,1886,1440,4509
67326,2379.82,6,15,0,0,20.18,1916,1440,4511
67376,2293.93,10,16,0,0,21.96,1948,1440,4513
67426,2209.78,16,18,0,0,16.07,1983,1440,4515
67476,2147.77,0,18,0,2,62.02,2001,1440,4517
67526,2064.98,4,19,0,2,62.38,2039,1440,4519
67576,1983.60,14,21,0,1,61.11,2080,1440,4520
67627,1965.41,0,21,0,0,18.19,2101,1440,4520
67677,1887.50,8,22,0,0,14.60,2145,1440,4522
67727,1823.04,0,23,0,1,64.46,2168,1440,4523
67777,1745.81,11,24,0,1,62.07,2215,1440,4524
67827,1730.90,0,24,0,0,14.91,2239,1440,4524
67877,1652.53,18,25,0,0,16.18,2289,1440,4525
67927,1590.33,18,26,0,1,62.20,2315,1440,4526
67977,1576.29,26,26,0,0,14.04,2341,1440,4526
68027,1500.75,27,27,0,0,10.89,2395,1440,4527
68077,1434.31,29,28,0,1,66.44,2423,1440,4528
68127,1424.91,28,28,0,0,9.40,2451,1440,4528
68177,1357.59,30,29,0,1,67.32,2480,1440,4529
68227,1347.22,29,29,0,0,10.36,2509,1440,4529
68277,1281.28,31,30,0,1,65.94,2539,1440,4530
68327,1270.97,30,30,0,0,10.31,2569,1440,4530
68377,1202.50,32,31,0,1,68.47,2600,1440,4531
68427,1193.51,31,31,0,0,8.99,2631,1440,4531
68477,1123.51,33,32,0,1,70.00,2663,1440,4532
68527,1117.82,32,32,0,0,5.69,2695,1440,4532
68577,1049.17,34,33,0,1,68.65,2728,1440,4533
68627,1038.06,33,33,0,0,11.11,2761,1440,4533
68677,1038.06,33,33,0,0,11.11,2761,1440,4533
68727,949.37,35,34,0,1,88.70,2795,1440,4534
68777,978.73,34,34,0,0,-29.36,2829,1440,4534
68827,890.90,36,35,0,1,87.83,2864,1440,4535
68877,890.90,36,35,0,1,87.83,2864,1440,4535
68927,847.65,35,35,0,0,43.25,2899,1440,4535
68977,821.56,36,36,0,0,26.09,2935,1440,4535
69027,821.56,36,36,0,0,26.09,2935,1440,4535
69078,775.07,36,36,0,0,46.48,2971,1440,4535
69128,714.83,37,37,0,0,60.24,3008,1440,4535
69178,714.83,37,37,0,0,60.24,3008,1440,4535
69228,683.50,37,37,0,0,31.33,3045,1440,4535
69278,683.50,37,37,0,0,31.33,3045,1440,4535
69328,610.35,38,38,0,0,73.14,3083,1440,4535
69378,610.35,38,38,0,0,73.14,3083,1440,4535
69428,578.39,39,39,0,0,31.96,3122,1440,4535
69478,578.39,39,39,0,0,31.96,3122,1440,4535
69528,493.78,40,40,0,0,84.61,3162,1440,4535
69578,493.78,40,40,0,0,84.61,3162,1440,4535
69628,493.78,40,40,0,0,84.61,3162,1440,4535
69678,451.45,40,40,0,0,42.32,3202,1440,4535
69728,451.45,40,40,0,0,42.32,3202,1440,4535
69778,451.45,40,40,0,0,42.32,3202,1440,4535
69828,451.45,40,40,0,0,42.32,3202,1440,4535
69878,344.16,42,42,0,0,107.30,3244,1440,4535
69928,344.16,42,42,0,0,107.30,3244,1440,4535
69978,344.16,42,42,0,0,107.30,3244,1440,4535
70028,344.16,42,42,0,0,107.30,3244,1440,4535
70861,58.32,-42,42,0,0,107.30,3244,1440,4535
70912,58.32,-42,42,0,0,107.30,3244,1440,4535
70962,58.32,-42,42,0,0,107.30,3244,1440,4535
71012,58.32,-42,42,0,0,107.30,3244,1440,4535
71062,58.32,-42,42,0,0,107.30,3244,1440,4535
71112,0.00,-42,42,0,0,107.30,3244,1440,4535
71162,0.00,-42,42,0,0,107.30,3244,1440,4535
71212,0.00,-42,42,0,0,107.30,3244,1440,4535
71262,0.00,-42,42,0,0,107.30,3244,1440,4535
71312,0.00,-42,42,0,0,107.30,3244,1440,4535
71362,0.00,-42,42,0,0,107.30,3244,1440,4535
71412,0.00,-42,42,0,0,107.30,3244,1440,4535
71462,0.00,-42,42,0,0,107.30,3244,1440,4535
71512,0.00,-42,42,0,0,107.30,3244,1440,4535
71562,0.00,-42,42,0,0,107.30,3244,1440,4535
71612,0.00,-42,42,0,0,107.30,3244,1440,4535
71662,0.00,-42,42,0,0,107.30,3244,1440,4535
71712,0.00,-42,42,0,0,107.30,3244,1440,4535
71762,0.00,-42,42,0,0,107.30,3244,1440,4535
71812,0.00,-42,42,0,0,107.30,3244,1440,4535
71862,0.00,-42,42,0,0,107.30,3244,1440,4535
71912,0.00,-42,42,0,0,107.30,3244,1440,4535
71962,0.00,-42,42,0,0,107.30,3244,1440,4535
72012,0.00,-42,42,0,0,107.30,3244,1440,4535
72062,0.00,-42,42,0,0,107.30,3244,1440,4535
72112,0.00,-42,42,0,0,107.30,3244,1440,4535
72162,0.00,-42,42,0,0,107.30,3244,1440,4535
72212,0.00,-42,42,0,0,107.30,3244,1440,4535
72262,0.00,-42,42,0,0,107.30,3244,1440,4535
72312,0.00,-42,42,0,0,107.30,3244,1440,4535
72363,0.00,-42,42,0,0,107.30,3244,1440,4535
72413,0.00,-42,42,0,0,107.30,3244,1440,4535
72463,0.00,-42,42,0,0,107.30,3244,1440,4535
72513,0.00,-42,42,0,0,107.30,3244,1440,4535
72563,0.00,-42,42,0,0,107.30,3244,1440,4535
72613,0.00,-42,42,0,0,107.30,3244,1440,4535
72663,0.00,-42,42,0,0,107.30,3244,1440,4535
72713,0.00,-42,42,0,0,107.30,3244,1440,4535
72763,0.00,-42,42,0,0,107.30,3244,1440,4535
72813,0.00,-42,42,0,0,107.30,3244,1440,4535
72863,0.00,-42,42,0,0,107.30,3244,1440,4535
72913,0.00,-42,42,0,0,107.30,3244,1440,4535
72963,0.00,-42,42,0,0,107.30,3244,1440,4535
73013,0.00,-42,42,0,0,107.30,3244,1440,4535
73063,0.00,-42,42,0,0,107.30,3244,1440,4535
73113,0.00,-42,42,0,0,107.30,3244,1440,4535
73163,0.00,-42,42,0,0,107.30,3244,1440,4535
73213,0.00,-42,42,0,0,107.30,3244,1440,4535
73263,0.00,-42,42,0,0,107.30,3244,1440,4535
73313,0.00,-42,42,0,0,107.30,3244,1440,4535
73363,0.00,-42,42,0,0,107.30,3244,1440,4535
73413,0.00,-42,42,0,0,107.30,3244,1440,4535
73463,0.00,-42,42,0,0,107.30,3244,1440,4535
73513,0.00,-42,42,0,0,107.30,3244,1440,4535
73563,0.00,-42,42,0,0,107.30,3244,1440,4535
73613,0.00,-42,42,0,0,107.30,3244,1440,4535
73663,0.00,-42,42,0,0,107.30,3244,1440,4535
73713,0.00,-42,42,0,0,107.30,3244,1440,4535
73763,0.00,-42,42,0,0,107.30,3244,1440,4535
73814,0.00,-42,42,0,0,107.30,3244,1440,4535
73864,0.00,-42,42,0,0,107.30,3244,1440,4535
73914,0.00,-42,42,0,0,107.30,3244,1440,4535
73964,0.00,-42,42,0,0,107.30,3244,1440,4535
74014,0.00,-42,42,0,0,107.30,3244,1440,4535
74064,0.00,-42,42,0,0,107.30,3244,1440,4535
74114,0.00,-42,42,0,0,107.30,3244,1440,4535
74164,0.00,-42,42,0,0,107.30,3244,1440,4535
74214,0.00,-42,42,0,0,107.30,3244,1440,4535
74264,0.00,-42,42,0,0,107.30,3244,1440,4535
74314,0.00,-42,42,0,0,107.30,3244,1440,4535
74364,0.00,-42,42,0,0,107.30,3244,1440,4535
74414,0.00,-42,42,0,0,107.30,3244,1440,4535
74464,0.00,-42,42,0,0,107.30,3244,1440,4535
74514,0.00,-42,42,0,0,107.30,3244,1440,4535
74564,0.00,-42,42,0,0,107.30,3244,1440,4535
74614,0.00,-42,42,0,0,107.30,3244,1440,4535
74664,0.00,-42,42,0,0,107.30,3244,1440,4535
74714,0.00,-42,42,0,0,107.30,3244,1440,4535
74764,0.00,-42,42,0,0,107.30,3244,1440,4535
74814,0.00,-42,42,0,0,107.30,3244,1440,4535
74864,0.00,-42,42,0,0,107.30,3244,1440,4535
74914,0.00,-42,42,0,0,107.30,3244,1440,4535
74964,0.00,-42,42,0,0,107.30,3244,1440,4535
75014,0.00,-42,42,0,0,107.30,3244,1440,4535
75064,0.00,-42,42,0,0,107.30,3244,1440,4535
75114,0.00,-42,42,0,0,107.30,3244,1440,4535
75164,0.00,-42,42,0,0,107.30,3244,1440,4535
75214,0.00,-42,42,0,0,107.30,3244,1440,4535
75264,0.00,-42,42,0,0,107.30,3244,1440,4535
75314,0.00,-42,42,0,0,107.30,3244,1440,4535
75364,0.00,-42,42,0,0,107.30,3244,1440,4535
75414,0.00,-42,42,0,0,107.30,3244,1440,4535
75464,0.00,-42,42,0,0,107.30,3244,1440,4535
75514,0.00,-42,42,0,0,107.30,3244,1440,4535
75564,0.00,-42,42,0,0,107.30,3244,1440,4535
75614,0.00,-42,42,0,0,107.30,3244,1440,4535
75664,0.00,-42,42,0,0,107.30,3244,1440,4535
75714,0.00,-42,42,0,0,107.30,3244,1440,4535
75764,0.00,-42,42,0,0,107.30,3244,1440,4535
75814,0.00,-42,42,0,0,107.30,3244,1440,4535
75864,0.00,-42,42,0,0,107.30,3244,1440,4535
75914,0.00,-42,42,0,0,107.30,3244,1440,4535
75964,0.00,-42,42,0,0,107.30,3244,1440,4535
76014,0.00,-42,42,0,0,107.30,3244,1440,4535
76064,0.00,-42,42,0,0,107.30,3244,1440,4535
76114,0.00,-42,42,0,0,107.30,3244,1440,4535
76164,0.00,-42,42,0,0,107.30,3244,1440,4535
76214,0.00,-42,42,0,0,107.30,3244,1440,4535
76264,0.00,-42,42,0,0,107.30,3244,1440,4535
76314,0.00,-42,42,0,0,107.30,3244,1440,4535
76364,0.00,-42,42,0,0,107.30,3244,1440,4535
76414,0.00,-42,42,0,0,107.30,3244,1440,4535
76464,0.00,-42,42,0,0,107.30,3244,1440,4535
76514,0.00,-42,42,0,0,107.30,3244,1440,4535
76564,0.00,-42,42,0,0,107.30,3244,1440,4535
76614,0.00,-42,42,0,0,107.30,3244,1440,4535
76664,0.00,-42,42,0,0,107.30,3244,1440,4535
76715,0.00,-42,42,0,0,107.30,3244,1440,4535
76765,0.00,-42,42,0,0,107.30,3244,1440,4535
76815,0.00,-42,42,0,0,107.30,3244,1440,4535
76865,0.00,-42,42,0,0,107.30,3244,1440,4535
76915,0.00,-42,42,0,0,107.30,3244,1440,4535
76965,0.00,-42,42,0,0,107.30,3244,1440,4535
77015,0.00,-42,42,0,0,107.30,3244,1440,4535
77065,0.00,-42,42,0,0,107.30,3244,1440,4535
77115,0.00,-42,42,0,0,107.30,3244,1440,4535
77165,0.00,-42,42,0,0,107.30,3244,1440,4535
77215,0.00,-42,42,0,0,107.30,3244,1440,4535
77265,0.00,-42,42,0,0,107.30,3244,1440,4535
77315,0.00,-42,42,0,0,107.30,3244,1440,4535
77365,0.00,-42,42,0,0,107.30,3244,1440,4535
77415,0.00,-42,42,0,0,107.30,3244,1440,4535
77465,0.00,-42,42,0,0,107.30,3244,1440,4535
77515,0.00,-42,42,0,0,107.30,3244,1440,4535
77565,0.00,-42,42,0,0,107.30,3244,1440,4535
77615,0.00,-42,42,0,0,107.30,3244,1440,4535
77665,0.00,-42,42,0,0,107.30,3244,1440,4535
77715,0.00,-42,42,0,0,107.30,3244,1440,4535
77765,0.00,-42,42,0,0,107.30,3244,1440,4535
77815,0.00,-42,42,0,0,107.30,3244,1440,4535
77865,0.00,-42,42,0,0,107.30,3244,1440,4535
77915,0.00,-42,42,0,0,107.30,3244,1440,4535
77965,0.00,-42,42,0,0,107.30,3244,1440,4535
78015,0.00,-42,42,0,0,107.30,3244,1440,4535
78065,0.00,-42,42,0,0,107.30,3244,1440,4535
78115,0.00,-42,42,0,0,107.30,3244,1440,4535
78166,0.00,-42,42,0,0,107.30,3244,1440,4535
78216,0.00,-42,42,0,0,107.30,3244,1440,4535
78266,0.00,-42,42,0,0,107.30,3244,1440,4535
78316,0.00,-42,42,0,0,107.30,3244,1440,4535
78366,0.00,-42,42,0,0,107.30,3244,1440,4535
78416,0.00,-42,42,0,0,107.30,3244,1440,4535
78466,0.00,-42,42,0,0,107.30,3244,1440,4535
78516,0.00,-42,42,0,0,107.30,3244,1440,4535
78566,0.00,-42,42,0,0,107.30,3244,1440,4535
78616,0.00,-42,42,0,0,107.30,3244,1440,4535
78666,0.00,-42,42,0,0,107.30,3244,1440,4535
78716,0.00,-42,42,0,0,107.30,3244,1440,4535
78766,0.00,-42,42,0,0,107.30,3244,1440,4535
78816,0.00,-42,42,0,0,107.30,3244,1440,4535
78866,0.00,-42,42,0,0,107.30,3244,1440,4535
78916,0.00,-42,42,0,0,107.30,3244,1440,4535
78966,0.00,-42,42,0,0,107.30,3244,1440,4535
79016,0.00,-42,42,0,0,107.30,3244,1440,4535
79066,0.00,-42,42,0,0,107.30,3244,1440,4535
79116,0.00,-42,42,0,0,107.30,3244,1440,4535
79166,0.00,-42,42,0,0,107.30,3244,1440,4535
79216,0.00,-42,42,0,0,107.30,3244,1440,4535
79266,0.00,-42,42,0,0,107.30,3244,1440,4535
79316,0.00,-42,42,0,0,107.30,3244,1440,4535
79366,0.00,-42,42,0,0,107.30,3244,1440,4535
79416,0.00,-42,42,0,0,107.30,3244,1440,4535
79466,0.00,-42,42,0,0,107.30,3244,1440,4535
79516,0.00,-42,42,0,0,107.30,3244,1440,4535
79566,0.00,-42,42,0,0,107.30,3244,1440,4535
79616,0.00,-42,42,0,0,107.30,3244,1440,4535
79666,0.00,-42,42,0,0,107.30,3244,1440,4535
79716,0.00,-42,42,0,0,107.30,3244,1440,4535
79766,0.00,-42,42,0,0,107.30,3244,1440,4535
79816,0.00,-42,42,0,0,107.30,3244,1440,4535
79866,0.00,-42,42,0,0,107.30,3244,1440,4535
79916,0.00,-42,42,0,0,107.30,3244,1440,4535
79966,0.00,-42,42,0,0,107.30,3244,1440,4535
80016,0.00,-42,42,0,0,107.30,3244,1440,4535
80066,0.00,-42,42,0,0,107.30,3244,1440,4535
80116,0.00,-42,42,0,0,107.30,3244,1440,4535
80166,0.00,-42,42,0,0,107.30,3244,1440,4535
80216,0.00,-42,42,0,0,107.30,3244,1440,4535
80266,0.00,-42,42,0,0,107.30,3244,1440,4535
80316,0.00,-42,42,0,0,107.30,3244,1440,4535
80366,0.00,-42,42,0,0,107.30,3244,1440,4535
80416,0.00,-42,42,0,0,107.30,3244,1440,4535
80466,0.00,-42,42,0,0,107.30,3244,1440,4535
80516,0.00,-42,42,0,0,107.30,3244,1440,4535
80566,0.00,-42,42,0,0,107.30,3244,1440,4535
80616,0.00,-42,42,0,0,107.30,3244,1440,4535
80666,0.00,-42,42,0,0,107.30,3244,1440,4535
80716,0.00,-42,42,0,0,107.30,3244,1440,4535
80766,0.00,-42,42,0,0,107.30,3244,1440,4535
80816,0.00,-42,42,0,0,107.30,3244,1440,4535
80866,0.00,-42,42,0,0,107.30,3244,1440,4535
80916,0.00,-42,42,0,0,107.30,3244,1440,4535
80966,0.00,-42,42,0,0,107.30,3244,1440,4535
81016,0.00,-42,42,0,0,107.30,3244,1440,4535
81067,0.00,-42,42,0,0,107.30,3244,1440,4535
81117,0.00,-42,42,0,0,107.30,3244,1440,4535
81167,0.00,-42,42,0,0,107.30,3244,1440,4535
81217,0.00,-42,42,0,0,107.30,3244,1440,4535
81267,0.00,-42,42,0,0,107.30,3244,1440,4535
81317,0.00,-42,42,0,0,107.30,3244,1440,4535
81367,0.00,-42,42,0,0,107.30,3244,1440,4535
81417,0.00,-42,42,0,0,107.30,3244,1440,4535
81467,0.00,-42,42,0,0,107.30,3244,1440,4535
81517,0.00,-42,42,0,0,107.30,3244,1440,4535
81567,0.00,-42,42,0,0,107.30,3244,1440,4535
81617,0.00,-42,42,0,0,107.30,3244,1440,4535
81667,0.00,-42,42,0,0,107.30,3244,1440,4535
81717,0.00,-42,42,0,0,107.30,3244,1440,4535
81767,0.00,-42,42,0,0,107.30,3244,1440,4535
81817,0.00,-42,42,0,0,107.30,3244,1440,4535
81867,0.00,-42,42,0,0,107.30,3244,1440,4535
81917,0.00,-42,42,0,0,107.30,3244,1440,4535
81967,0.00,-42,42,0,0,107.30,3244,1440,4535
82017,0.00,-42,42,0,0,107.30,3244,1440,4535
82067,0.00,-42,42,0,0,107.30,3244,1440,4535
82117,0.00,-42,42,0,0,107.30,3244,1440,4535
82167,0.00,-42,42,0,0,107.30,3244,1440,4535
82217,0.00,-42,42,0,0,107.30,3244,1440,4535
82267,0.00,-42,42,0,0,107.30,3244,1440,4535
82317,0.00,-42,42,0,0,107.30,3244,1440,4535
82367,0.00,-42,42,0,0,107.30,3244,1440,4535
82417,0.00,-42,42,0,0,107.30,3244,1440,4535
82467,0.00,-42,42,0,0,107.30,3244,1440,4535
82518,0.00,-42,42,0,0,107.30,3244,1440,4535
82568,0.00,-42,42,0,0,107.30,3244,1440,4535
82618,0.00,-42,42,0,0,107.30,3244,1440,4535
82668,0.00,-42,42,0,0,107.30,3244,1440,4535
82718,0.00,-42,42,0,0,107.30,3244,1440,4535
82768,0.00,-42,42,0,0,107.30,3244,1440,4535
82818,0.00,-42,42,0,0,107.30,3244,1440,4535
82868,0.00,-42,42,0,0,107.30,3244,1440,4535
82918,0.00,-42,42,0,0,107.30,3244,1440,4535
82968,0.00,-42,42,0,0,107.30,3244,1440,4535
83018,0.00,-42,42,0,0,107.30,3244,1440,4535
83068,0.00,-42,42,0,0,107.30,3244,1440,4535
83118,0.00,-42,42,0,0,107.30,3244,1440,4535
83168,0.00,-42,42,0,0,107.30,3244,1440,4535
83218,0.00,-42,42,0,0,107.30,3244,1440,4535
83268,0.00,-42,42,0,0,107.30,3244,1440,4535
83318,0.00,-42,42,0,0,107.30,3244,1440,4535
83368,0.00,-42,42,0,0,107.30,3244,1440,4535
83418,0.00,-42,42,0,0,107.30,3244,1440,4535
83468,0.00,-42,42,0,0,107.30,3244,1440,4535
83518,0.00,-42,42,0,0,107.30,3244,1440,4535
83568,0.00,-42,42,0,0,107.30,3244,1440,4535
83618,0.00,-42,42,0,0,107.30,3244,1440,4535
83668,0.00,-42,42,0,0,107.30,3244,1440,4535
83718,0.00,-42,42,0,0,107.30,3244,1440,4535
83768,0.00,-42,42,0,0,107.30,3244,1440,4535
83818,0.00,-42,42,0,0,107.30,3244,1440,4535
83868,0.00,-42,42,0,0,107.30,3244,1440,4535
83918,0.00,-42,42,0,0,107.30,3244,1440,4535
83968,0.00,-42,42,0,0,107.30,3244,1440,4535
84018,0.00,-42,42,0,0,107.30,3244,1440,4535
84068,0.00,-42,42,0,0,107.30,3244,1440,4535
84118,0.00,-42,42,0,0,107.30,3244,1440,4535
84168,0.00,-42,42,0,0,107.30,3244,1440,4535
84218,0.00,-42,42,0,0,107.30,3244,1440,4535
84268,0.00,-42,42,0,0,107.30,3244,1440,4535
84318,0.00,-42,42,0,0,107.30,3244,1440,4535
84368,0.00,-42,42,0,0,107.30,3244,1440,4535
84418,0.00,-42,42,0,0,107.30,3244,1440,4535
84468,0.00,-42,42,0,0,107.30,3244,1440,4535
84518,0.00,-42,42,0,0,107.30,3244,1440,4535
84568,0.00,-42,42,0,0,107.30,3244,1440,4535
84618,0.00,-42,42,0,0,107.30,3244,1440,4535
84668,0.00,-42,42,0,0,107.30,3244,1440,4535
84718,0.00,-42,42,0,0,107.30,3244,1440,4535
84768,0.00,-42,42,0,0,107.30,3244,1440,4535
84818,0.00,-42,42,0,0,107.30,3244,1440,4535
84868,0.00,-42,42,0,0,107.30,3244,1440,4535
84918,0.00,-42,42,0,0,107.30,3244,1440,4535
84968,0.00,-42,42,0,0,107.30,3244,1440,4535
85018,0.00,-42,42,0,0,107.30,3244,1440,4535
85068,0.00,-42,42,0,0,107.30,3244,1440,4535
85118,0.00,-42,42,0,0,107.30,3244,1440,4535
85168,0.00,-42,42,0,0,107.30,3244,1440,4535
85218,0.00,-42,42,0,0,107.30,3244,1440,4535
85268,0.00,-42,42,0,0,107.30,3244,1440,4535
85318,0.00,-42,42,0,0,107.30,3244,1440,4535
85368,0.00,-42,42,0,0,107.30,3244,1440,4535
85419,0.00,-42,42,0,0,107.30,3244,1440,4535
85469,0.00,-42,42,0,0,107.30,3244,1440,4535
85519,0.00,-42,42,0,0,107.30,3244,1440,4535
85569,0.00,-42,42,0,0,107.30,3244,1440,4535
85619,0.00,-42,42,0,0,107.30,3244,1440,4535
85669,0.00,-42,42,0,0,107.30,3244,1440,4535
85719,0.00,-42,42,0,0,107.30,3244,1440,4535
85769,0.00,-42,42,0,0,107.30,3244,1440,4535
85819,0.00,-42,42,0,0,107.30,3244,1440,4535
85869,0.00,-42,42,0,0,107.30,3244,1440,4535
85919,0.00,-42,42,0,0,107.30,3244,1440,4535
