------ Microcontroller Engine Governor - Version: 1.16 ------
-------------------------------------------------------------
PID Gains:        Kp: 0.013000   KpAlt: 0.025000   Kd: 1.000000
-------------------------------------------------------------
Set RPM:             3600    |  Min RPM:                300
                             |
RPM Precision        10       |  PID I Precision:         70
                             |
Start Steps:         850     |  Max Steps:               1200
                             |
RPM Calc Interval:   1       |  Num Magnets:             1
                             |
LCD Update Interval: 400     |  Serial Update Interval:  50
-------------------------------------------------------------

Time,RPM,Steps Remaining, PID p, PID pAlt, PID d, RPM Change, P Cmd, P Alt Cmd, D Cmd
1641,0.00,0,0,0,0,0.00,0,0,0
1691,0.00,0,0,0,0,0.00,0,0,0
1741,0.00,0,0,0,0,0.00,0,0,0
1792,0.00,0,0,0,0,0.00,0,0,0
1842,0.00,0,0,0,0,0.00,0,0,0
1892,0.00,0,0,0,0,0.00,0,0,0
1942,0.00,0,0,0,0,0.00,0,0,0
1992,0.00,0,0,0,0,0.00,0,0,0
2042,0.00,0,0,0,0,0.00,0,0,0
2092,0.00,0,0,0,0,0.00,0,0,0
2142,0.00,0,0,0,0,0.00,0,0,0
2192,0.00,0,0,0,0,0.00,0,0,0
2242,0.00,0,0,0,0,0.00,0,0,0
2292,0.00,0,0,0,0,0.00,0,0,0
2342,0.00,0,0,0,0,0.00,0,0,0
2392,0.00,0,0,0,0,0.00,0,0,0
2442,0.00,0,0,0,0,0.00,0,0,0
2492,0.00,0,0,0,0,0.00,0,0,0
2542,0.00,0,0,0,0,0.00,0,0,0
2592,0.00,0,0,0,0,0.00,0,0,0
2642,0.00,0,0,0,0,0.00,0,0,0
2692,0.00,0,0,0,0,0.00,0,0,0
2742,0.00,0,0,0,0,0.00,0,0,0
2792,0.00,0,0,0,0,0.00,0,0,0
2842,0.00,0,0,0,0,0.00,0,0,0
2892,0.00,0,0,0,0,0.00,0,0,0
2942,0.00,0,0,0,0,0.00,0,0,0
2992,0.00,0,0,0,0,0.00,0,0,0
3042,0.00,0,0,0,0,0.00,0,0,0
3092,0.00,0,0,0,0,0.00,0,0,0
3142,0.00,0,0,0,0,0.00,0,0,0
3192,0.00,0,0,0,0,0.00,0,0,0
3243,0.00,0,0,0,0,0.00,0,0,0
3293,0.00,0,0,0,0,0.00,0,0,0
3343,0.00,0,0,0,0,0.00,0,0,0
3393,0.00,0,0,0,0,0.00,0,0,0
3443,0.00,0,0,0,0,0.00,0,0,0
3493,0.00,0,0,0,0,0.00,0,0,0
3543,0.00,0,0,0,0,0.00,0,0,0
3593,0.00,0,0,0,0,0.00,0,0,0
3643,0.00,0,0,0,0,0.00,0,0,0
3693,0.00,0,0,0,0,0.00,0,0,0
3743,0.00,0,0,0,0,0.00,0,0,0
3793,0.00,0,0,0,0,0.00,0,0,0
3843,0.00,0,0,0,0,0.00,0,0,0
3893,0.00,0,0,0,0,0.00,0,0,0
3943,0.00,0,0,0,0,0.00,0,0,0
3993,0.00,0,0,0,0,0.00,0,0,0
4043,0.00,0,0,0,0,0.00,0,0,0
4093,0.00,0,0,0,0,0.00,0,0,0
4143,0.00,0,0,0,0,0.00,0,0,0
4193,0.00,0,0,0,0,0.00,0,0,0
4243,0.00,0,0,0,0,0.00,0,0,0
4293,0.00,0,0,0,0,0.00,0,0,0
4343,0.00,0,0,0,0,0.00,0,0,0
4393,0.00,0,0,0,0,0.00,0,0,0
4443,0.00,0,0,0,0,0.00,0,0,0
4493,0.00,0,0,0,0,0.00,0,0,0
4543,0.00,0,0,0,0,0.00,0,0,0
4593,0.00,0,0,0,0,0.00,0,0,0
4643,0.00,0,0,0,0,0.00,0,0,0
4694,0.00,0,0,0,0,0.00,0,0,0
4744,0.00,0,0,0,0,0.00,0,0,0
4794,0.00,0,0,0,0,0.00,0,0,0
4844,0.00,0,0,0,0,0.00,0,0,0
4894,0.00,0,0,0,0,0.00,0,0,0
4944,0.00,0,0,0,0,0.00,0,0,0
4994,0.00,0,0,0,0,0.00,0,0,0
5044,0.00,0,0,0,0,0.00,0,0,0
5094,0.00,0,0,0,0,0.00,0,0,0
5144,0.00,0,0,0,0,0.00,0,0,0
5194,0.00,0,0,0,0,0.00,0,0,0
5244,0.00,0,0,0,0,0.00,0,0,0
5294,0.00,0,0,0,0,0.00,0,0,0
5344,0.00,0,0,0,0,0.00,0,0,0
5394,0.00,0,0,0,0,0.00,0,0,0
5444,0.00,0,0,0,0,0.00,0,0,0
5494,0.00,0,0,0,0,0.00,0,0,0
5544,0.00,0,0,0,0,0.00,0,0,0
5594,0.00,0,0,0,0,0.00,0,0,0
5644,0.00,0,0,0,0,0.00,0,0,0
5694,0.00,0,0,0,0,0.00,0,0,0
5744,0.00,0,0,0,0,0.00,0,0,0
5794,0.00,0,0,0,0,0.00,0,0,0
5844,0.00,0,0,0,0,0.00,0,0,0
5894,0.00,0,0,0,0,0.00,0,0,0
5944,0.00,0,0,0,0,0.00,0,0,0
5994,0.00,0,0,0,0,0.00,0,0,0
6044,0.00,0,0,0,0,0.00,0,0,0
6094,0.00,0,0,0,0,0.00,0,0,0
6144,0.00,0,0,0,0,0.00,0,0,0
6194,0.00,0,0,0,0,0.00,0,0,0
6244,0.00,0,0,0,0,0.00,0,0,0
6294,0.00,0,0,0,0,0.00,0,0,0
6344,0.00,0,0,0,0,0.00,0,0,0
6394,0.00,0,0,0,0,0.00,0,0,0
6444,0.00,0,0,0,0,0.00,0,0,0
6494,0.00,0,0,0,0,0.00,0,0,0
6544,0.00,0,0,0,0,0.00,0,0,0
6594,0.00,0,0,0,0,0.00,0,0,0
6644,0.00,0,0,0,0,0.00,0,0,0
6694,0.00,0,0,0,0,0.00,0,0,0
6744,0.00,0,0,0,0,0.00,0,0,0
6794,0.00,0,0,0,0,0.00,0,0,0
6844,0.00,0,0,0,0,0.00,0,0,0
6894,0.00,0,0,0,0,0.00,0,0,0
6944,0.00,0,0,0,0,0.00,0,0,0
6994,0.00,0,0,0,0,0.00,0,0,0
7044,0.00,0,0,0,0,0.00,0,0,0
7094,0.00,0,0,0,0,0.00,0,0,0
7144,0.00,0,0,0,0,0.00,0,0,0
7194,0.00,0,0,0,0,0.00,0,0,0
7244,0.00,0,0,0,0,0.00,0,0,0
7294,0.00,0,0,0,0,0.00,0,0,0
7344,0.00,0,0,0,0,0.00,0,0,0
7394,0.00,0,0,0,0,0.00,0,0,0
7444,0.00,0,0,0,0,0.00,0,0,0
7494,0.00,0,0,0,0,0.00,0,0,0
7544,0.00,0,0,0,0,0.00,0,0,0
7595,0.00,0,0,0,0,0.00,0,0,0
7645,0.00,0,0,0,0,0.00,0,0,0
7695,0.00,0,0,0,0,0.00,0,0,0
7745,0.00,0,0,0,0,0.00,0,0,0
7795,0.00,0,0,0,0,0.00,0,0,0
7845,0.00,0,0,0,0,0.00,0,0,0
7895,0.00,0,0,0,0,0.00,0,0,0
7945,0.00,0,0,0,0,0.00,0,0,0
7995,0.00,0,0,0,0,0.00,0,0,0
8045,0.00,0,0,0,0,0.00,0,0,0
8095,0.00,0,0,0,0,0.00,0,0,0
8145,0.00,0,0,0,0,0.00,0,0,0
8195,0.00,0,0,0,0,0.00,0,0,0
8245,0.00,0,0,0,0,0.00,0,0,0
8295,0.00,0,0,0,0,0.00,0,0,0
8345,0.00,0,0,0,0,0.00,0,0,0
8395,0.00,0,0,0,0,0.00,0,0,0
8445,0.00,0,0,0,0,0.00,0,0,0
8495,0.00,0,0,0,0,0.00,0,0,0
8545,0.00,0,0,0,0,0.00,0,0,0
8595,0.00,0,0,0,0,0.00,0,0,0
8645,0.00,0,0,0,0,0.00,0,0,0
8695,0.00,0,0,0,0,0.00,0,0,0
8745,0.00,0,0,0,0,0.00,0,0,0
8795,0.00,0,0,0,0,0.00,0,0,0
8845,0.00,0,0,0,0,0.00,0,0,0
8895,0.00,0,0,0,0,0.00,0,0,0
8945,0.00,0,0,0,0,0.00,0,0,0
8995,0.00,0,0,0,0,0.00,0,0,0
9046,0.00,0,0,0,0,0.00,0,0,0
9096,0.00,0,0,0,0,0.00,0,0,0
9146,0.00,0,0,0,0,0.00,0,0,0
9196,0.00,0,0,0,0,0.00,0,0,0
9246,0.00,0,0,0,0,0.00,0,0,0
9296,0.00,0,0,0,0,0.00,0,0,0
9346,0.00,0,0,0,0,0.00,0,0,0
9396,0.00,0,0,0,0,0.00,0,0,0
9446,0.00,0,0,0,0,0.00,0,0,0
9496,0.00,0,0,0,0,0.00,0,0,0
9546,0.00,0,0,0,0,0.00,0,0,0
9596,0.00,0,0,0,0,0.00,0,0,0
9646,0.00,0,0,0,0,0.00,0,0,0
9696,0.00,0,0,0,0,0.00,0,0,0
9746,0.00,0,0,0,0,0.00,0,0,0
9796,0.00,0,0,0,0,0.00,0,0,0
9846,0.00,0,0,0,0,0.00,0,0,0
9896,0.00,0,0,0,0,0.00,0,0,0
9946,0.00,0,0,0,0,0.00,0,0,0
9996,0.00,0,0,0,0,0.00,0,0,0
10046,0.00,0,0,0,0,0.00,0,0,0
10096,0.00,0,0,0,0,0.00,0,0,0
10146,0.00,0,0,0,0,0.00,0,0,0
10196,0.00,0,0,0,0,0.00,0,0,0
10246,0.00,0,0,0,0,0.00,0,0,0
10296,0.00,0,0,0,0,0.00,0,0,0
10346,0.00,0,0,0,0,0.00,0,0,0
10396,0.00,0,0,0,0,0.00,0,0,0
10446,0.00,0,0,0,0,0.00,0,0,0
10496,0.00,0,0,0,0,0.00,0,0,0
10546,0.00,0,0,0,0,0.00,0,0,0
10596,0.00,0,0,0,0,0.00,0,0,0
10646,0.00,0,0,0,0,0.00,0,0,0
10696,0.00,0,0,0,0,0.00,0,0,0
10746,0.00,0,0,0,0,0.00,0,0,0
10796,0.00,0,0,0,0,0.00,0,0,0
10846,0.00,0,0,0,0,0.00,0,0,0
10896,0.00,0,0,0,0,0.00,0,0,0
10946,0.00,0,0,0,0,0.00,0,0,0
10996,0.00,0,0,0,0,0.00,0,0,0
11046,0.00,0,0,0,0,0.00,0,0,0
11096,0.00,0,0,0,0,0.00,0,0,0
11146,0.00,0,0,0,0,0.00,0,0,0
11196,0.00,0,0,0,0,0.00,0,0,0
11246,0.00,0,0,0,0,0.00,0,0,0
11296,0.00,0,0,0,0,0.00,0,0,0
11346,0.00,0,0,0,0,0.00,0,0,0
11396,0.00,0,0,0,0,0.00,0,0,0
11446,0.00,0,0,0,0,0.00,0,0,0
11496,0.00,0,0,0,0,0.00,0,0,0
11546,0.00,0,0,0,0,0.00,0,0,0
11596,0.00,0,0,0,0,0.00,0,0,0
11646,0.00,0,0,0,0,0.00,0,0,0
11696,0.00,0,0,0,0,0.00,0,0,0
11746,0.00,0,0,0,0,0.00,0,0,0
11796,0.00,0,0,0,0,0.00,0,0,0
11846,0.00,0,0,0,0,0.00,0,0,0
11896,0.00,0,0,0,0,0.00,0,0,0
11947,0.00,0,0,0,0,0.00,0,0,0
11997,0.00,0,0,0,0,0.00,0,0,0
12047,0.00,0,0,0,0,0.00,0,0,0
12097,0.00,0,0,0,0,0.00,0,0,0
12147,0.00,0,0,0,0,0.00,0,0,0
12197,0.00,0,0,0,0,0.00,0,0,0
12247,0.00,0,0,0,0,0.00,0,0,0
12297,0.00,0,0,0,0,0.00,0,0,0
12347,0.00,0,0,0,0,0.00,0,0,0
12397,0.00,0,0,0,0,0.00,0,0,0
12447,0.00,0,0,0,0,0.00,0,0,0
12497,0.00,0,0,0,0,0.00,0,0,0
12547,0.00,0,0,0,0,0.00,0,0,0
12597,0.00,0,0,0,0,0.00,0,0,0
12647,0.00,0,0,0,0,0.00,0,0,0
12697,0.00,0,0,0,0,0.00,0,0,0
12747,0.00,0,0,0,0,0.00,0,0,0
12797,0.00,0,0,0,0,0.00,0,0,0
12847,0.00,0,0,0,0,0.00,0,0,0
12897,0.00,0,0,0,0,0.00,0,0,0
12947,0.00,0,0,0,0,0.00,0,0,0
12997,0.00,0,0,0,0,0.00,0,0,0
13047,0.00,0,0,0,0,0.00,0,0,0
13097,0.00,0,0,0,0,0.00,0,0,0
13147,0.00,0,0,0,0,0.00,0,0,0
13197,0.00,0,0,0,0,0.00,0,0,0
13247,0.00,0,0,0,0,0.00,0,0,0
13297,0.00,0,0,0,0,0.00,0,0,0
13347,0.00,0,0,0,0,0.00,0,0,0
13398,0.00,0,0,0,0,0.00,0,0,0
13448,0.00,0,0,0,0,0.00,0,0,0
13498,0.00,0,0,0,0,0.00,0,0,0
13548,0.00,0,0,0,0,0.00,0,0,0
13598,0.00,0,0,0,0,0.00,0,0,0
13648,0.00,0,0,0,0,0.00,0,0,0
13698,0.00,0,0,0,0,0.00,0,0,0
13748,0.00,0,0,0,0,0.00,0,0,0
13798,0.00,0,0,0,0,0.00,0,0,0
13848,0.00,0,0,0,0,0.00,0,0,0
13898,0.00,0,0,0,0,0.00,0,0,0
13948,0.00,0,0,0,0,0.00,0,0,0
13998,0.00,0,0,0,0,0.00,0,0,0
14048,0.00,0,0,0,0,0.00,0,0,0
14098,0.00,0,0,0,0,0.00,0,0,0
14148,0.00,0,0,0,0,0.00,0,0,0
14198,0.00,0,0,0,0,0.00,0,0,0
14248,0.00,0,0,0,0,0.00,0,0,0
14298,0.00,0,0,0,0,0.00,0,0,0
14348,0.00,0,0,0,0,0.00,0,0,0
14398,0.00,0,0,0,0,0.00,0,0,0
14448,0.00,0,0,0,0,0.00,0,0,0
14498,0.00,0,0,0,0,0.00,0,0,0
14548,0.00,0,0,0,0,0.00,0,0,0
14598,0.00,0,0,0,0,0.00,0,0,0
14648,0.00,0,0,0,0,0.00,0,0,0
14698,0.00,0,0,0,0,0.00,0,0,0
14748,0.00,0,0,0,0,0.00,0,0,0
14798,0.00,0,0,0,0,0.00,0,0,0
14848,0.00,0,0,0,0,0.00,0,0,0
14898,0.00,0,0,0,0,0.00,0,0,0
14948,0.00,0,0,0,0,0.00,0,0,0
14998,0.00,0,0,0,0,0.00,0,0,0
15048,0.00,0,0,0,0,0.00,0,0,0
15098,0.00,0,0,0,0,0.00,0,0,0
15148,0.00,0,0,0,0,0.00,0,0,0
15198,0.00,0,0,0,0,0.00,0,0,0
15248,0.00,0,0,0,0,0.00,0,0,0
15298,0.00,0,0,0,0,0.00,0,0,0
15348,inf,0,0,0,0,inf,0,0,0
15398,inf,0,0,0,0,inf,0,0,0
15448,inf,0,0,0,0,inf,0,0,0
15498,inf,0,0,0,0,inf,0,0,0
15548,325.56,0,42,0,0,inf,42,0,0
15598,650.96,28,38,0,-3,-325.40,80,0,3
15648,650.96,0,38,0,-3,-325.40,80,0,3
15698,713.06,13,37,0,0,-62.11,117,0,3
15748,1118.74,6,32,0,-7,-405.67,149,0,10
15798,1125.45,16,32,0,0,-6.72,181,0,10
15848,1482.07,0,27,0,-8,-356.62,208,0,18
15898,1743.98,17,24,0,-6,-239.32,259,0,24
15948,1764.71,6,23,0,0,-20.72,282,0,24
15998,2027.85,12,20,0,0,-17.39,322,0,32
16048,2260.40,13,17,0,0,-18.92,356,0,39
16098,2455.39,9,14,0,0,3.62,384,0,47
16148,2638.06,3,12,0,1,23.40,408,0,57
16198,2807.94,0,10,0,0,14.80,428,0,65
16248,3103.66,0,6,0,-7,-137.48,450,0,79
16299,3225.11,3,4,0,0,10.44,464,0,86
16349,3316.38,0,3,0,0,5.14,470,0,91
16399,3526.92,0,0,-1,0,-97.57,474,1,95
16449,3600.58,0,0,0,0,-114.36,475,3,95
16499,3745.32,0,-1,0,0,-79.63,477,6,95
16549,3885.00,-6,-3,0,-4,-68.21,485,6,103
16599,3766.01,-4,-2,0,-5,242.55,494,6,127
16649,4251.70,-33,-8,0,-34,-485.70,511,6,197
16699,4016.06,0,-5,0,0,92.40,526,6,209
16749,4035.51,-2,-5,0,-1,-19.45,546,6,231
16799,4004.27,0,-5,0,-1,-20.21,560,6,232
16849,3954.65,0,-4,0,0,51.76,573,6,234
16899,4193.46,-33,-7,0,-28,-426.51,591,6,278
16949,3967.20,0,-4,0,0,13.69,603,6,281
16999,3960.92,0,-4,0,-3,-55.69,614,6,284
17049,3901.17,0,-3,0,0,-8.10,624,6,284
17099,3758.46,-26,-2,0,-26,6.60,635,6,383
17149,3921.57,-8,-4,0,-10,-154.62,645,6,411
17199,3757.52,-6,-2,0,-11,118.45,651,6,434
17249,3654.97,0,0,-1,0,35.97,653,9,445
17299,3654.08,0,0,-1,0,-19.48,654,12,445
17349,3591.09,0,0,0,0,0.00,654,12,445
17399,3562.95,0,0,0,0,-2.54,654,12,446
17449,3507.95,0,1,-2,0,43.19,656,17,446
17499,3524.44,0,0,-1,0,-44.16,657,19,446
17549,3455.42,0,1,0,0,47.61,660,22,446
17599,3494.06,0,1,0,0,-38.64,663,22,446
17649,3485.94,0,1,0,0,-49.51,666,22,446
17699,3449.07,0,1,0,0,261.05,674,22,467
17750,3430.92,0,2,0,-1,-44.92,680,22,468
17800,3401.36,0,2,0,0,28.78,686,22,469
17850,3441.16,0,2,0,-1,-42.11,692,22,471
17900,3414.52,0,2,0,0,43.29,697,22,472
17950,3477.05,0,1,0,0,-43.77,701,22,473
18000,3483.51,0,1,0,0,-36.03,703,22,473
18050,3610.11,0,0,0,0,100.01,710,22,493
18100,3522.78,0,1,-1,0,-48.95,713,26,493
18150,3490.81,0,1,0,0,41.93,715,27,493
18200,3553.66,0,0,1,0,-54.71,716,29,493
18250,3518.65,0,1,-2,0,29.97,718,34,493
18300,3570.58,0,0,0,0,-42.83,718,35,493
18350,3540.24,0,0,1,0,50.85,718,37,493
18400,3598.85,0,0,1,0,37.51,718,38,493
18450,3565.49,0,0,0,0,31.64,718,38,493
18500,3611.85,0,0,0,0,-51.44,718,38,494
18550,3581.66,0,0,0,-1,31.05,718,38,496
18600,3623.19,0,0,0,0,-50.91,718,38,497
18650,3581.66,0,0,0,-1,35.41,718,38,500
18700,3609.24,0,0,0,0,40.36,718,38,500
18750,3563.79,0,0,0,0,35.92,718,38,500
18800,3610.11,0,0,0,0,-38.68,718,38,501
18850,3591.09,0,0,0,0,-41.51,718,38,502
18900,3620.56,0,0,0,0,-38.05,718,38,503
18950,3570.58,0,0,0,-2,51.74,718,38,506
19000,3623.19,0,0,0,0,-51.76,718,38,507
19050,3570.58,0,0,0,-2,45.62,718,38,511
19100,3605.77,0,0,0,-2,55.24,718,38,513
19150,3568.03,0,0,0,0,39.47,718,38,513
19200,3587.66,0,0,0,0,-28.10,718,39,514
19250,3556.19,0,0,1,0,31.47,718,41,515
19300,3600.58,0,0,1,0,45.04,718,42,515
19350,3557.87,0,0,1,0,40.11,718,43,515
19400,3589.38,0,0,0,0,-37.40,718,44,515
19450,3547.78,0,0,1,-1,38.17,718,46,517
19500,3557.87,0,0,1,0,38.39,718,47,517
19550,3546.10,0,0,1,0,254.26,723,48,546
19600,3551.98,0,0,1,0,181.22,725,49,557
19650,3591.95,0,0,0,0,-94.61,725,50,557
19700,3536.90,0,0,1,0,26.04,725,52,557
19750,3569.73,0,0,0,0,-36.16,725,53,557
19800,3536.90,0,0,1,0,43.05,725,55,557
19850,3587.66,0,0,0,0,-50.76,725,56,558
19900,3537.74,0,0,1,0,37.95,725,58,559
19950,3579.10,0,0,0,0,-41.36,725,59,559
20000,3547.78,0,0,1,-1,41.60,725,61,560
20050,3565.49,0,0,0,0,-18.55,725,62,561
20100,3537.74,0,0,1,0,41.36,725,64,561
20150,3576.54,0,0,0,0,-39.64,725,65,562
20200,3547.78,0,0,1,0,31.32,725,67,562
20250,3568.88,0,0,0,0,-21.94,725,68,562
20300,3537.74,0,0,1,0,41.36,725,70,562
20350,3589.38,0,0,0,0,-41.60,725,71,562
20400,3538.57,0,0,1,0,37.11,725,73,563
20450,3579.95,0,0,0,0,-43.05,725,74,563
20500,3546.10,0,0,1,0,33.85,725,76,563
20550,3589.38,0,0,0,0,-39.92,725,77,563
20600,3566.33,0,0,0,0,30.79,725,77,563
20651,3610.11,0,0,0,0,-50.55,725,78,563
20701,3581.66,0,0,0,-1,40.65,725,78,565
20751,3633.72,0,0,0,0,-41.77,725,78,565
20801,3594.54,0,0,-1,0,-57.60,725,79,567
20851,3626.69,0,0,0,0,-24.39,725,79,567
20901,3593.67,0,0,-1,0,-49.71,725,80,567
20951,3632.84,0,0,0,0,-38.30,725,81,567
21001,3595.40,0,0,-1,0,-50.57,725,82,567
21051,3641.66,0,0,-1,0,-50.57,725,83,567
21101,3590.23,0,0,0,0,-25.11,725,83,567
21151,3611.85,0,0,0,0,-29.33,725,83,568
21201,3580.81,0,0,0,-1,31.04,725,83,570
21251,3611.85,0,0,0,0,-41.27,725,83,571
21301,3559.56,0,0,1,0,41.01,725,84,572
21351,3588.52,0,0,0,0,-23.03,725,84,572
21401,3608.37,0,0,1,-1,30.64,725,85,573
21451,3541.91,0,0,1,0,430.54,733,86,636
21501,3546.94,0,0,1,0,391.10,740,87,684
21551,3546.94,0,0,1,0,357.28,746,88,719
21601,3612.72,0,0,0,0,5.23,746,88,719
21651,3571.43,0,0,0,-1,44.77,746,88,721
21701,3625.82,0,0,0,0,-44.15,746,88,723
21751,3582.52,0,0,0,-2,44.18,746,88,725
21801,3633.72,0,0,0,0,-5.27,746,88,725
21851,3583.37,0,0,0,-4,80.53,746,90,731
21901,3626.69,0,0,0,0,-43.32,746,90,733
21951,3567.18,0,0,0,0,38.59,746,90,733
22001,3590.23,0,0,1,0,28.88,746,91,733
22051,3547.78,0,0,1,0,51.07,746,93,733
22102,3579.95,0,0,0,0,-43.05,746,94,733
22152,3546.94,0,0,1,0,33.01,746,96,733
22202,3579.95,0,0,0,0,-33.85,746,97,733
22252,3546.10,0,0,1,0,23.63,746,99,733
22302,3591.09,0,0,1,0,27.03,746,100,733
22352,3556.19,0,0,1,0,24.62,746,102,733
22402,3560.41,0,0,0,0,-14.31,746,103,733
22452,3526.92,0,0,-1,0,33.49,746,105,733
22502,3560.41,0,0,0,0,-40.93,747,108,733
22552,3526.09,0,0,-1,0,45.34,747,110,733
22602,3569.73,0,0,0,0,-33.66,747,111,733
22652,3556.19,0,0,1,0,15.24,747,113,733
22702,3600.58,0,0,1,0,35.77,747,114,733
22752,3549.46,0,0,1,0,51.12,747,116,733
22802,3589.38,0,0,0,0,-29.81,747,117,733
22852,3566.33,0,0,0,0,29.06,747,118,734
22902,3598.85,0,0,0,0,34.26,747,118,734
22952,3564.64,0,0,0,0,34.21,747,118,734
23002,3621.44,0,0,0,0,-50.01,747,118,735
23052,3606.64,0,0,0,0,-5.99,747,118,737
23102,3620.56,0,0,0,0,-38.90,747,118,738
23152,3590.23,0,0,0,0,-30.18,747,118,739
23202,3632.84,0,0,0,0,-40.03,747,118,739
23252,3602.31,0,0,0,0,-36.44,747,118,741
23302,3635.48,0,0,0,0,-33.18,747,118,741
23352,3604.04,0,0,-1,0,-33.32,747,119,741
23402,3644.31,0,0,-1,0,-39.41,747,121,741
23452,3706.45,0,-1,0,0,-150.26,748,122,741
23502,3643.43,0,0,-1,0,-38.53,748,124,741
23552,3592.81,0,0,0,0,-18.32,748,124,741
23602,3605.77,0,0,0,-2,52.06,748,124,743
23652,3572.28,0,0,0,0,26.57,748,124,743
23702,3600.58,0,0,0,-1,50.59,748,124,744
23752,3565.49,0,0,0,0,33.36,748,124,744
23802,3609.24,0,0,0,0,27.43,748,124,744
23852,3598.85,0,0,0,0,43.75,748,124,744
23902,3546.94,0,0,1,0,330.03,754,125,787
23952,3546.10,0,0,1,0,272.64,758,126,815
24002,3535.23,0,0,1,0,210.08,760,127,827
24052,3568.03,0,0,0,0,11.92,760,128,827
24102,3517.82,0,1,-2,0,51.91,762,131,827
24152,3544.42,0,0,1,0,-47.10,763,133,827
24202,3508.77,0,1,-2,0,33.98,765,136,827
24252,3445.11,0,2,0,0,54.66,768,137,827
24302,3471.42,0,1,0,0,38.17,770,140,827
24352,3523.61,0,0,-1,0,-42.52,771,142,827
24402,3491.62,0,1,0,0,31.99,773,143,827
24452,3534.40,0,0,1,0,-53.32,774,145,827
24502,3499.77,0,1,0,0,33.80,776,146,827
24552,3481.09,0,1,0,0,45.01,777,147,827
24602,3546.10,0,0,1,0,406.47,786,148,897
24652,3498.95,0,1,0,0,215.76,791,148,912
24702,3560.41,0,0,0,0,-48.35,792,151,912
24752,3526.09,0,0,-1,0,39.39,793,154,912
24802,3579.95,0,0,0,0,-50.54,793,156,912
24852,3557.03,0,0,1,-1,32.34,793,158,913
24902,3570.58,0,0,0,0,-20.28,793,159,913
24952,3546.10,0,0,1,0,33.85,793,161,913
25003,3597.98,0,0,1,-1,38.11,793,162,914
25053,3557.03,0,0,1,0,33.20,793,164,914
25103,3609.24,0,0,0,0,30.76,793,164,914
25153,3571.43,0,0,0,-1,46.52,793,164,915
25203,3622.31,0,0,0,0,-41.51,793,164,916
25253,3591.09,0,0,0,0,-30.49,793,164,916
25303,3631.08,0,0,0,0,-39.13,793,164,916
25353,3604.90,0,0,-1,0,-50.57,793,165,916
25403,3643.43,0,0,-1,0,-38.53,793,167,916
25453,3613.59,0,0,0,0,39.60,793,168,916
25503,3644.31,0,0,-1,0,-28.99,793,170,916
25553,3615.33,0,0,0,0,27.22,793,171,916
25603,3622.31,0,0,0,0,-6.98,793,172,916
25653,3602.31,0,0,0,0,-34.03,793,172,916
25703,3652.30,0,0,-1,0,-48.26,793,174,916
25753,3600.58,0,0,0,0,-12.21,793,174,916
25803,3624.06,0,0,0,0,-32.11,793,174,916
25853,3592.81,0,0,0,0,-42.59,793,174,917
25903,3640.78,0,0,-1,0,-47.96,793,176,917
25953,3603.17,0,0,-1,0,-41.95,793,177,917
26003,3626.69,0,0,0,0,-21.79,793,178,917
26053,3591.09,0,0,0,0,-25.24,793,178,917
26103,3626.69,0,0,0,0,-25.25,793,178,917
26153,3592.81,0,0,0,0,-31.22,793,178,917
26203,3639.89,0,0,0,0,-47.94,793,178,917
26253,3594.54,0,0,-1,0,-60.29,793,179,917
26303,3601.44,0,0,0,-1,31.93,793,179,918
26353,3570.58,0,0,0,-2,49.11,793,179,920
26403,3610.98,0,0,0,0,-39.55,793,179,921
26454,3569.73,0,0,0,-1,42.99,793,179,923
26504,3617.07,0,0,0,0,-44.79,793,179,925
26554,3557.03,0,0,1,0,27.20,793,180,927
26604,3579.10,0,0,0,0,-22.07,793,181,927
26654,3537.74,0,0,1,0,41.36,793,183,927
26704,3589.38,0,0,0,0,-42.44,793,184,927
26754,3547.78,0,0,1,0,50.21,793,186,928
26804,3600.58,0,0,1,0,51.14,793,187,928
26854,3561.25,0,0,0,-1,48.85,793,188,929
26904,3616.20,0,0,0,0,-44.77,793,188,931
26954,3580.81,0,0,0,-1,31.04,793,188,933
27004,3615.33,0,0,0,0,-22.51,793,188,933
27054,3558.72,0,0,1,0,43.59,793,189,934
27104,3598.85,0,0,0,0,40.21,793,189,934
27154,3576.54,0,0,0,0,30.97,793,189,934
27204,3561.25,0,0,0,0,-1.69,793,190,936
27254,3536.90,0,0,1,0,34.53,793,192,936
27304,3597.98,0,0,1,-1,36.44,793,193,937
27354,3502.22,-1,1,-3,0,26.36,794,198,937
27405,3550.30,0,0,1,0,-40.70,795,202,937
27456,3519.47,0,1,-2,0,40.09,797,207,937
27506,3557.03,0,0,1,0,16.10,798,208,937
27556,3567.18,0,0,0,0,-45.23,799,209,937
27606,3350.46,0,3,0,0,601.07,810,209,1001
27656,3557.03,0,0,1,0,-38.38,812,212,1016
27706,3525.26,0,0,-1,0,36.83,813,215,1016
27756,3559.56,0,0,1,0,-32.64,813,217,1016
27806,3517.82,0,1,-2,0,51.91,815,221,1016
27856,3560.41,0,0,0,0,-42.58,816,224,1016
27906,3519.47,0,1,-2,0,33.34,818,229,1016
27956,3570.58,0,0,0,0,-42.00,818,231,1016
28006,3509.59,0,1,-2,0,32.32,819,235,1016
28056,3549.46,0,0,1,0,-41.50,820,239,1016
28106,3507.95,0,1,-2,0,45.71,822,245,1016
28156,3559.56,0,0,1,0,-51.61,823,249,1016
28206,3517.00,0,1,-2,0,51.88,825,253,1016
28256,3561.25,0,0,0,0,-35.16,825,254,1016
28306,3536.07,0,0,1,0,44.74,825,256,1016
28356,3590.23,0,0,1,0,26.33,825,257,1016
28406,3591.09,0,0,1,0,39.94,825,258,1016
28456,3547.78,0,0,1,0,404.79,834,259,1075
28506,3546.10,0,0,1,0,489.41,842,260,1135
28556,3582.52,0,0,0,-2,183.49,845,260,1147
28606,3631.96,0,0,0,0,131.21,848,260,1159
28656,3546.10,0,0,1,0,287.28,853,261,1186
28706,3554.50,0,0,1,0,315.47,857,262,1212
28756,3546.10,0,0,1,0,460.31,864,263,1252
28806,3767.90,-22,-2,0,-36,180.51,873,263,1342
28856,3546.10,0,0,1,0,397.12,881,264,1410
28906,3768.84,-9,-2,0,-8,-221.91,892,265,1469
28956,3679.18,0,-1,1,0,-33.98,893,268,1469
29006,3645.20,0,0,-1,0,30.37,893,270,1469
29056,3690.94,0,-1,2,0,-45.74,895,275,1469
29106,3643.43,0,0,-1,0,47.52,896,279,1469
29156,3686.41,0,-1,2,0,-51.81,897,282,1469
29206,3635.48,0,0,0,0,50.93,898,284,1469
29256,3675.57,0,0,1,0,-40.09,898,286,1469
29306,3635.48,0,0,0,0,32.00,898,288,1469
29356,3689.13,0,-1,2,0,-35.94,900,292,1469
29406,3646.09,0,0,-1,0,21.40,900,295,1469
29456,3689.13,0,-1,2,0,-43.04,901,299,1469
29506,3652.30,0,0,-1,0,47.75,902,301,1469
29556,3711.03,0,-1,0,0,-49.82,904,302,1469
29606,3671.97,0,0,1,0,28.08,905,304,1469
29656,3679.18,0,-1,1,0,-17.96,907,306,1469
29706,3635.48,0,0,0,0,32.00,907,308,1469
29756,3664.79,0,0,-1,0,-28.43,907,310,1469
29806,3635.48,0,0,0,0,30.21,907,311,1469
29856,3675.57,0,0,1,0,-50.63,907,313,1469
29906,3624.94,0,0,0,0,45.23,907,314,1469
29956,3678.27,0,-1,1,0,56.79,909,315,1474
30006,3629.32,0,0,0,0,77.12,910,315,1474
30056,3545.26,0,0,1,0,298.92,914,316,1498
30107,3758.46,-8,-2,0,-7,-212.36,923,317,1549
30157,3625.82,0,0,0,0,38.98,923,318,1549
30208,3654.08,0,0,-1,0,-38.75,923,320,1549
30258,3604.90,0,0,-1,0,-22.86,923,321,1549
30308,3615.33,0,0,0,0,-20.79,923,322,1549
30358,3580.81,0,0,0,-1,31.04,923,322,1551
30408,3611.85,0,0,0,0,-41.27,923,322,1552
30458,3571.43,0,0,0,-1,39.55,923,322,1554
30508,3598.85,0,0,0,0,42.06,923,322,1554
30558,3555.34,0,0,1,0,25.46,923,324,1554
30608,3590.23,0,0,1,0,35.56,923,325,1554
30659,3546.10,0,0,1,0,34.71,923,327,1554
30709,3581.66,0,0,0,0,-45.59,923,328,1554
30759,3580.81,0,0,0,0,-37.22,923,329,1554
30809,3547.78,0,0,1,0,402.71,932,330,1625
30859,3593.67,0,0,1,0,-124.97,932,332,1625
30909,3546.10,0,0,1,-1,40.70,932,334,1626
30959,3599.71,0,0,1,0,37.49,932,335,1626
31009,3565.49,0,0,0,0,29.05,932,336,1626
31059,3609.24,0,0,0,0,28.32,932,336,1626
31109,3571.43,0,0,0,-1,43.03,932,336,1627
31159,3632.84,0,0,0,0,-51.18,932,336,1628
31209,3581.66,0,0,0,-2,45.03,932,336,1632
31259,3578.24,0,0,0,0,-21.21,932,337,1632
31309,3536.90,0,0,1,0,41.34,932,339,1632
31360,3579.95,0,0,0,0,-42.22,932,340,1632
31410,3526.92,0,0,-1,0,53.03,932,342,1632
31460,3570.58,0,0,0,0,-34.51,932,343,1632
31510,3536.07,0,0,1,0,43.88,932,345,1632
31560,3579.95,0,0,0,0,-43.88,932,346,1632
31610,3536.07,0,0,1,0,43.88,932,348,1632
31660,3590.23,0,0,1,0,36.63,932,349,1632
31710,3555.34,0,0,1,-1,33.17,932,350,1633
31760,3580.81,0,0,0,0,-22.93,932,351,1633
31810,3536.07,0,0,1,0,33.66,932,353,1633
31860,3590.23,0,0,1,0,36.42,932,354,1633
31910,3566.33,0,0,0,0,23.90,932,355,1633
31960,3618.82,0,0,0,0,-44.84,932,355,1633
32010,3590.23,0,0,0,0,-36.18,932,355,1634
32060,3615.33,0,0,0,0,-23.37,932,355,1634
32110,3574.83,0,0,0,0,27.47,932,355,1635
32160,3610.98,0,0,0,0,-39.55,932,355,1636
32210,3569.73,0,0,0,-1,42.12,932,355,1638
32260,3619.69,0,0,0,0,-44.01,932,355,1638
32310,3581.66,0,0,0,-1,30.18,932,355,1640
32360,3632.84,0,0,0,0,-52.03,932,355,1641
32410,3590.23,0,0,0,0,-26.12,932,355,1641
32460,3641.66,0,0,-1,0,-49.71,932,356,1641
32510,3604.90,0,0,-1,0,-37.68,932,357,1641
32560,3642.54,0,0,-1,0,-27.22,932,359,1641
32610,3594.54,0,0,-1,0,-35.94,932,360,1641
32660,3624.94,0,0,0,0,-32.13,932,360,1641
32710,3582.52,0,0,0,-2,39.80,932,360,1644
32760,3609.24,0,0,0,0,35.14,932,360,1644
32811,3556.19,0,0,1,0,42.66,932,361,1644
32861,3591.09,0,0,1,0,43.32,932,362,1644
32911,3557.87,0,0,1,0,32.36,932,364,1644
32961,3579.95,0,0,0,0,-22.08,932,365,1644
33011,3549.46,0,0,1,0,50.26,932,367,1644
33061,3597.12,0,0,1,-1,31.49,932,368,1645
33111,3597.98,0,0,0,0,34.18,932,368,1645
33161,3539.41,0,0,1,0,258.06,936,369,1661
33211,3590.23,0,-1,0,-10,-252.03,938,369,1671
33261,3541.08,0,0,1,-2,98.82,939,370,1674
33311,3549.46,0,0,1,0,-17.55,939,372,1674
33361,3508.77,0,1,-2,0,45.73,940,376,1674
33411,3569.73,0,0,0,0,-50.25,941,379,1674
33461,3517.82,0,1,-2,0,33.31,943,384,1674
33511,3549.46,0,0,1,0,-41.50,944,388,1674
33561,3518.65,0,1,-2,0,21.59,946,393,1674
33611,3549.46,0,0,1,0,-40.68,947,397,1674
33661,3507.95,0,1,-2,0,51.61,949,402,1674
33711,3532.74,0,0,1,0,-32.15,950,407,1674
33761,3490.00,0,1,0,0,42.74,952,408,1674
33811,3512.88,0,1,-2,0,-13.11,954,411,1674
33861,3513.70,0,1,-2,0,-29.38,956,413,1674
33911,3547.78,0,0,1,0,399.59,966,414,1749
33961,3606.64,0,0,0,-11,-281.73,969,414,1771
34011,3500.58,0,1,-3,0,43.84,971,418,1771
34061,3553.66,0,0,1,0,-53.89,972,420,1771
34111,3526.92,0,0,-1,0,33.49,973,423,1771
34161,3559.56,0,0,1,0,-31.81,973,425,1771
34211,3525.26,0,0,-1,0,36.83,973,427,1771
34262,3538.57,0,0,1,0,-29.80,974,431,1771
34312,3518.65,0,1,-2,0,32.49,976,436,1771
34362,3583.37,0,0,0,0,-103.09,977,437,1771
34412,3517.82,0,1,-2,0,41.74,979,442,1771
34462,3561.25,0,0,0,0,-42.60,980,445,1771
34512,3526.92,0,0,-1,0,42.81,980,447,1771
34562,3569.73,0,0,0,0,-41.98,980,448,1771
34612,3526.09,0,0,-1,0,43.64,980,450,1771
34663,3550.30,0,0,1,0,-32.47,981,454,1771
34713,3527.75,0,0,-1,0,32.66,981,456,1771
34763,3520.30,0,1,-1,0,36.73,982,458,1771
34813,3731.34,0,-1,0,-2,-23.06,988,458,1790
34863,3516.17,0,1,-2,0,182.96,992,463,1803
34913,3558.72,0,0,1,0,-20.15,992,465,1803
34963,3526.92,0,0,-1,0,44.51,992,467,1803
35013,3561.25,0,0,0,0,-33.50,992,469,1803
35063,3537.74,0,0,1,0,31.99,992,471,1803
35113,3579.10,0,0,0,0,-42.20,992,472,1803
35163,3546.94,0,0,1,-1,42.44,992,474,1804
35213,3589.38,0,0,0,0,-39.92,992,475,1804
35263,3546.94,0,0,1,-1,39.86,992,477,1806
35313,3568.88,0,0,0,0,-31.14,992,478,1806
35363,3536.90,0,0,1,0,42.20,992,480,1806
35414,3580.81,0,0,0,0,-52.23,992,481,1806
35464,3547.78,0,0,1,0,32.18,992,483,1806
35514,3588.52,0,0,0,0,-36.54,992,484,1806
35564,3550.30,0,0,1,0,45.96,992,486,1807
35614,3600.58,0,0,1,0,41.01,992,487,1807
35664,3572.28,0,0,0,0,26.57,992,487,1807
35714,3590.23,0,0,0,-1,28.45,992,487,1808
35764,3573.98,0,0,0,0,24.00,992,487,1808
35814,3622.31,0,0,0,0,-52.58,992,487,1809
35864,3582.52,0,0,0,-2,48.56,992,487,1812
35914,3624.94,0,0,0,0,-32.99,992,487,1812
35964,3581.66,0,0,0,-1,40.65,992,487,1814
36014,3624.94,0,0,0,0,-42.42,992,487,1816
36064,3580.81,0,0,0,-1,35.39,992,487,1819
36114,3610.11,0,0,0,0,-28.45,992,487,1820
36164,3557.87,0,0,1,0,34.08,992,488,1821
36214,3590.23,0,0,1,0,36.63,992,489,1821
36264,3547.78,0,0,1,0,42.46,992,491,1821
36314,3556.19,0,0,1,0,34.91,992,492,1821
36364,3546.94,0,0,1,0,406.67,1000,493,1881
36414,3547.78,0,0,1,0,361.53,1007,494,1930
36464,3546.10,0,0,1,0,305.98,1012,495,1961
36514,3546.94,0,0,1,0,361.35,1018,496,1990
36564,3547.78,0,0,1,0,439.46,1025,497,2027
36614,3546.94,0,0,1,0,609.34,1035,498,2097
36665,3769.79,-9,-2,0,-8,-223.69,1044,499,2150
36715,3664.79,0,0,-1,0,-29.31,1044,501,2150
36765,3645.20,0,0,-1,0,40.30,1045,504,2150
36815,3675.57,0,0,1,0,-40.09,1045,506,2150
36865,3635.48,0,0,0,0,40.09,1045,507,2150
36915,3675.57,0,0,1,0,-49.75,1045,509,2150
36965,3635.48,0,0,0,0,29.31,1045,510,2150
37015,3664.79,0,0,-1,0,-29.31,1045,512,2150
37065,3624.94,0,0,0,0,50.63,1045,513,2150
37115,3689.13,0,-1,2,0,-43.93,1046,517,2150
37165,3655.86,0,0,-1,0,33.27,1047,521,2150
37215,3700.05,0,-1,0,0,-33.46,1049,524,2150
37265,3650.52,0,0,-1,0,49.53,1050,526,2150
37315,3690.04,0,-1,2,0,-44.84,1052,531,2150
37365,3635.48,0,0,0,0,40.09,1052,532,2150
37415,3679.18,0,-1,1,0,-33.09,1053,535,2150
37465,3645.20,0,0,-1,0,41.21,1054,538,2150
37515,3686.41,0,-1,2,0,-51.81,1056,542,2150
37565,3642.54,0,0,-1,0,35.73,1057,545,2150
37615,3665.69,0,0,-1,0,-43.38,1057,547,2150
37665,3624.94,0,0,0,0,46.13,1057,548,2150
37715,3664.79,0,0,-1,0,-26.67,1057,550,2150
37765,3622.31,0,0,0,0,141.80,1059,551,2163
37815,3668.38,0,0,-1,0,-16.08,1059,553,2163
37865,3546.10,0,0,1,0,269.72,1062,554,2184
37915,3546.94,0,0,1,0,433.95,1067,555,2219
37965,3767.90,-17,-2,0,-32,180.51,1076,555,2301
38016,3540.24,0,0,1,0,225.76,1092,556,2467
38066,3746.25,-6,-1,0,-7,-200.99,1096,557,2495
38116,3570.58,0,0,0,-2,64.90,1096,557,2497
38166,3579.10,0,0,0,0,-21.22,1096,558,2497
38216,3528.58,0,0,-1,0,30.14,1096,561,2497
38267,3550.30,0,0,1,0,-32.47,1097,565,2497
38317,3549.46,0,0,1,0,-34.11,1098,568,2497
38367,3643.43,0,0,-1,0,61.19,1103,569,2513
38417,3556.19,0,0,1,0,42.66,1104,570,2513
38467,3508.77,0,1,-2,0,42.36,1106,575,2513
38517,3551.14,0,0,1,0,-32.49,1107,579,2513
38567,3519.47,0,1,-2,0,40.09,1108,583,2513
38617,3472.22,0,1,0,0,45.60,1110,586,2513
38667,3455.42,0,1,0,0,41.89,1114,586,2513
38717,3512.88,0,1,-2,0,-42.27,1117,590,2513
38767,3480.28,0,1,0,0,35.07,1120,592,2513
38817,3535.23,0,0,1,0,-43.61,1121,594,2513
38867,3487.56,0,1,0,0,35.22,1124,595,2513
38917,3491.62,0,1,0,0,21.26,1126,597,2513
38967,3671.97,0,0,1,0,35.39,1131,598,2531
39017,3510.41,0,1,-2,0,91.89,1134,600,2531
39067,3570.58,0,0,0,0,-51.93,1135,603,2531
39117,3537.74,0,0,1,-1,49.92,1135,605,2532
39168,3589.38,0,0,0,0,-52.47,1135,606,2532
39218,3610.98,0,0,0,0,-74.08,1135,608,2533
39268,3610.98,0,0,0,0,-52.26,1135,609,2533
39318,3581.66,0,0,0,-2,52.06,1135,609,2536
39368,3624.06,0,0,0,0,-32.97,1135,609,2536
39418,3592.81,0,0,0,0,-31.19,1135,609,2537
39468,3636.36,0,0,0,0,-54.70,1135,609,2539
39518,3574.83,0,0,0,0,32.67,1135,609,2539
39568,3620.56,0,0,0,0,-38.90,1135,609,2540
39618,3639.89,0,0,0,0,-68.46,1135,609,2541
39668,3624.94,0,0,0,0,-32.99,1135,609,2541
39718,3591.95,0,0,0,0,-34.86,1135,609,2541
39768,3641.66,0,0,-1,0,-49.71,1135,610,2541
39818,3605.77,0,0,-1,0,-44.80,1135,611,2541
39868,3643.43,0,0,-1,0,-37.66,1135,613,2541
39918,3615.33,0,0,0,0,28.99,1135,614,2541
39968,3664.79,0,0,-1,0,-49.46,1135,616,2541
40018,3624.94,0,0,0,0,39.85,1135,617,2541
40068,3642.54,0,0,-1,0,-29.83,1135,618,2541
40118,3570.58,0,0,0,-1,39.53,1135,618,2542
40168,3608.37,0,0,0,0,39.47,1135,618,2542
40218,3579.95,0,0,0,-1,40.61,1135,618,2543
40268,3631.08,0,0,0,0,-39.13,1135,618,2543
40318,3580.81,0,0,0,-1,35.39,1135,618,2546
40368,3600.58,0,0,0,-1,36.28,1135,618,2547
40418,3563.79,0,0,0,0,35.06,1135,618,2547
40468,3609.24,0,0,0,0,33.55,1135,618,2547
40518,3557.03,0,0,1,0,40.09,1135,619,2547
40568,3588.52,0,0,0,0,-28.95,1135,620,2547
40619,3546.94,0,0,1,0,30.45,1135,622,2548
40669,3590.23,0,0,1,0,40.78,1135,623,2548
40719,3546.10,0,0,1,0,34.71,1135,625,2548
40769,3580.81,0,0,0,0,-33.87,1135,626,2548
40819,3549.46,0,0,1,0,41.64,1135,628,2548
40869,3610.11,0,0,0,0,-53.92,1135,629,2548
40919,3559.56,0,0,1,0,42.74,1135,630,2549
40969,3619.69,0,0,0,0,-51.66,1135,630,2549
41019,3581.66,0,0,0,-2,51.18,1135,630,2552
41069,3616.20,0,0,0,0,-33.68,1135,630,2554
41119,3581.66,0,0,0,-2,40.65,1135,630,2557
41169,3601.44,0,0,0,-1,38.05,1135,630,2558
41219,3555.34,0,0,1,0,43.50,1135,631,2558
41269,3610.11,0,0,0,0,-48.01,1135,631,2559
41319,3581.66,0,0,0,-1,30.18,1135,631,2561
41369,3622.31,0,0,0,0,-41.51,1135,631,2562
41419,3571.43,0,0,0,-2,45.64,1135,631,2566
41469,3612.72,0,0,0,0,-32.76,1135,631,2567
41519,3571.43,0,0,0,-1,39.55,1135,631,2569
41569,3598.85,0,0,0,0,40.32,1135,631,2569
41619,3566.33,0,0,0,0,23.90,1135,632,2569
41669,3598.85,0,0,0,0,22.19,1135,632,2569
41719,3568.88,0,0,0,0,38.62,1135,632,2569
41769,3598.85,0,0,0,0,42.06,1135,632,2569
41819,3564.64,0,0,0,0,35.07,1135,633,2569
41869,3607.50,0,0,0,0,41.21,1135,633,2569
41919,3567.18,0,0,0,0,42.06,1135,633,2569
41969,3578.24,0,0,0,0,-5.97,1135,633,2569
42019,3570.58,0,0,0,0,-26.15,1135,634,2569
42070,3546.94,0,0,1,0,400.43,1144,635,2639
42120,3546.10,0,0,1,0,311.93,1150,636,2683
42170,3546.10,0,0,1,0,188.03,1153,637,2695
42220,3573.13,0,0,0,0,26.58,1153,638,2695
42270,3547.78,0,0,1,0,29.61,1153,640,2695
42320,3591.09,0,0,1,0,30.38,1153,641,2695
42370,3537.74,0,0,1,-1,43.07,1153,643,2696
42420,3585.94,0,0,0,0,-48.21,1153,644,2697
42470,3541.08,0,0,1,0,56.05,1153,646,2698
42520,3556.19,0,0,1,0,-35.89,1154,649,2698
42570,3526.09,0,0,-1,0,35.16,1154,651,2698
42620,3580.81,0,0,0,0,-53.06,1154,653,2698
42670,3536.07,0,0,1,0,43.88,1154,655,2698
42720,3570.58,0,0,0,0,-30.34,1154,656,2698
42770,3537.74,0,0,1,0,31.14,1154,658,2698
42820,3520.30,0,1,-1,0,17.44,1155,660,2698
42870,3549.46,0,0,1,0,41.64,1155,661,2698
42920,3597.12,0,0,1,-1,30.64,1155,662,2699
42970,3558.72,0,0,1,0,41.86,1155,664,2699
43020,3609.24,0,0,0,0,25.72,1155,664,2699
43070,3581.66,0,0,0,-1,37.16,1155,664,2700
43120,3597.98,0,0,0,0,41.17,1155,664,2700
43170,3576.54,0,0,0,0,32.70,1155,664,2700
43220,3557.03,0,0,1,0,14.40,1155,665,2702
43270,3581.66,0,0,0,-2,44.15,1155,666,2704
43320,3615.33,0,0,0,0,-23.37,1155,666,2704
43370,3582.52,0,0,0,-2,39.80,1155,666,2707
43420,3616.20,0,0,0,0,-25.11,1155,666,2707
43470,3582.52,0,0,0,-1,29.33,1155,666,2709
43520,3623.19,0,0,0,0,-43.24,1155,666,2710
43570,3582.52,0,0,0,-1,39.80,1155,666,2712
43620,3619.69,0,0,0,0,-34.61,1155,666,2712
43670,3582.52,-1,0,0,-2,39.80,1155,666,2715
43720,3619.69,0,0,0,0,-34.61,1155,666,2715
43770,3584.23,0,0,0,0,17.21,1155,666,2716
43820,3576.54,0,0,0,0,30.10,1155,666,2716
43870,3546.94,0,0,1,0,340.08,1161,667,2764
43920,3547.78,0,0,1,0,364.59,1167,668,2798
43970,3546.94,0,0,1,0,328.03,1172,669,2831
44020,3546.94,0,0,1,0,326.03,1177,670,2861
44070,3546.10,0,0,1,0,268.75,1181,671,2886
44120,3539.41,0,0,1,0,169.79,1183,672,2896
44170,3569.73,0,0,0,0,-43.64,1183,673,2896
44220,3518.65,0,1,-2,0,32.49,1184,677,2896
44270,3539.41,0,0,1,0,-29.81,1185,681,2896
44320,3470.62,0,1,0,0,43.91,1188,683,2896
44370,3484.32,0,1,0,0,-19.32,1191,686,2896
44420,3455.42,0,1,0,0,38.64,1194,686,2896
44470,3490.00,0,1,0,0,23.71,1197,688,2896
44520,3455.42,0,1,0,0,38.64,1200,688,2896
44571,3505.49,-1,1,-3,0,-30.86,1203,694,2896
44621,3513.70,0,1,-2,0,-37.46,1205,696,2896
44672,3649.63,0,0,-1,0,53.15,1211,697,2915
44722,3527.75,0,0,-1,0,20.02,1212,699,2915
44772,3475.44,0,1,0,0,30.05,1215,702,2915
44822,3523.61,0,0,-1,0,-42.52,1217,705,2915
44872,3490.00,0,1,0,0,45.24,1219,706,2915
44922,3524.44,0,0,-1,0,-44.16,1221,709,2915
44972,3489.18,0,1,0,0,44.39,1223,710,2915
45022,3503.85,0,1,-3,0,-12.23,1225,714,2915
45072,3480.28,0,1,0,0,33.43,1228,716,2915
45122,3523.61,0,0,-1,0,-42.52,1230,719,2915
45172,3490.00,0,1,0,0,24.53,1233,721,2915
45222,3490.81,0,1,0,0,33.63,1234,722,2915
45272,3711.03,0,-1,0,0,-131.08,1239,722,2926
45322,3502.22,0,1,-3,0,26.36,1241,726,2926
45372,3514.53,0,1,-2,0,-13.13,1243,732,2926
45422,3489.18,0,1,0,0,44.39,1245,733,2926
45472,3549.46,0,0,1,0,-41.50,1246,737,2926
45522,3517.82,0,1,-2,0,36.68,1248,743,2926
45572,3571.43,0,0,0,0,-52.78,1249,746,2926
45622,3529.41,0,0,-1,0,30.15,1249,749,2926
45672,3531.07,0,0,1,0,-4.98,1249,751,2926
45722,3490.81,0,1,0,0,41.93,1251,752,2926
45772,3553.66,0,0,1,0,-53.89,1252,754,2926
45822,3518.65,0,1,-2,0,40.07,1254,759,2926
45872,3517.82,0,1,-2,0,39.21,1255,762,2926
45922,3784.06,0,-2,0,-4,-79.44,1262,762,2947
45972,3658.54,0,0,-1,0,44.25,1266,763,2970
46022,3617.07,0,0,0,0,123.58,1269,763,2982
46072,3585.94,0,0,0,-4,164.99,1271,763,2998
46123,3630.20,0,0,0,0,110.44,1273,763,3008
46173,3583.37,0,0,0,-1,203.55,1277,763,3022
46223,3628.45,0,0,0,0,161.35,1281,763,3036
46273,3546.10,0,0,1,0,300.05,1286,764,3065
46323,3546.10,0,0,1,0,338.90,1291,765,3095
46373,3547.78,0,0,1,0,410.01,1297,766,3129
46423,3546.94,0,0,1,0,439.24,1305,767,3179
46473,3572.28,0,0,0,-2,178.66,1306,768,3189
46523,3616.20,0,0,0,0,70.21,1308,770,3195
46573,3568.03,0,0,0,-4,115.66,1310,774,3203
46623,3585.09,0,0,0,0,22.42,1310,775,3203
46673,3556.19,0,0,1,0,34.91,1310,777,3204
46723,3590.23,0,0,1,0,20.38,1310,778,3204
46773,3547.78,0,0,1,0,43.32,1310,780,3204
46823,3600.58,0,0,1,0,34.05,1310,781,3204
46873,3516.17,0,1,-2,0,80.95,1311,783,3204
46923,3604.90,0,0,1,-3,95.97,1311,785,3207
46973,3546.10,0,0,1,0,33.85,1311,787,3207
47023,3587.66,0,0,0,0,-42.40,1311,788,3208
47073,3546.94,0,0,1,0,29.60,1311,790,3209
47123,3577.39,0,0,0,0,-32.13,1311,791,3210
47173,3546.10,0,0,1,0,34.71,1311,793,3210
47223,3570.58,0,0,0,0,-33.68,1311,794,3210
47273,3517.82,0,1,-2,0,61.27,1312,797,3210
47323,3550.30,0,0,1,0,-25.03,1312,799,3210
47373,3508.77,0,1,-2,0,35.65,1314,805,3210
47423,3549.46,0,0,1,0,-39.04,1315,809,3210
47473,3517.82,0,1,-2,0,33.31,1317,814,3210
47523,3549.46,0,0,1,0,-30.81,1318,818,3210
47574,3540.24,0,0,1,0,-24.07,1319,821,3210
47624,3547.78,0,0,1,0,399.59,1328,822,3282
47674,3541.91,0,0,1,0,191.29,1332,823,3297
47724,3516.17,0,1,-2,0,48.46,1334,828,3297
47774,3569.73,0,0,0,0,-42.81,1334,830,3297
47824,3526.09,0,0,-1,0,43.64,1334,832,3297
47874,3570.58,0,0,0,0,-32.84,1334,834,3297
47924,3546.10,0,0,1,0,33.85,1334,836,3297
47974,3591.09,0,0,1,0,34.71,1334,837,3297
48024,3558.72,0,0,1,0,41.86,1334,839,3297
48074,3598.85,0,0,1,0,41.84,1334,840,3297
48124,3565.49,0,0,0,0,31.64,1334,840,3297
48174,3598.85,0,0,0,0,32.69,1334,840,3297
48224,3565.49,0,0,0,0,34.23,1334,840,3297
48274,3597.98,0,0,0,0,29.06,1334,840,3297
48324,3557.87,0,0,1,-1,29.78,1334,841,3298
48374,3590.23,0,0,1,0,28.88,1334,842,3298
48424,3566.33,0,0,0,0,34.24,1334,843,3298
48474,3607.50,0,0,0,0,24.00,1334,843,3298
48524,3557.03,0,0,1,0,40.09,1334,844,3298
48574,3598.85,0,0,0,0,26.62,1334,844,3298
48624,3565.49,0,0,0,0,32.50,1334,844,3298
48674,3608.37,0,0,0,0,32.70,1334,844,3298
48724,3580.81,0,0,0,-1,38.88,1334,844,3299
48774,3604.90,0,0,0,-2,46.81,1334,844,3301
48824,3567.18,0,0,0,0,42.06,1334,844,3301
48874,3551.14,0,0,1,0,-24.21,1334,846,3301
48924,3518.65,0,1,-2,0,40.91,1336,851,3301
48974,3550.30,0,0,1,0,-42.34,1337,855,3301
49024,3553.66,0,0,1,0,-48.17,1338,859,3301
49074,3531.90,0,0,1,-2,145.47,1341,861,3313
49124,3579.10,0,0,0,0,-41.36,1341,863,3313
49174,3546.94,0,0,1,0,37.29,1341,865,3313
49224,3599.71,0,0,1,0,40.13,1341,866,3313
49274,3566.33,0,0,0,0,32.51,1341,867,3313
49324,3597.12,0,0,1,-1,42.40,1341,868,3314
49374,3558.72,0,0,1,0,42.72,1341,870,3314
49424,3590.23,0,0,1,0,31.98,1341,871,3314
49474,3556.19,0,0,1,0,34.05,1341,873,3314
49524,3598.85,0,0,0,0,32.55,1341,873,3314
49574,3568.03,0,0,0,0,41.21,1341,874,3314
49624,3616.20,0,0,0,0,-45.62,1341,874,3316
49674,3561.25,0,0,0,-1,51.46,1341,874,3318
49724,3605.77,0,0,0,-2,54.97,1341,874,3320
49774,3569.73,0,0,0,-1,40.38,1341,874,3321
49824,3610.98,0,0,0,0,-39.55,1341,874,3322
49874,3569.73,0,0,0,-1,42.99,1341,874,3324
49924,3609.24,0,0,0,0,39.49,1341,874,3324
49974,3568.88,0,0,0,0,39.49,1341,874,3324
50024,3601.44,0,0,0,-1,40.38,1341,874,3325
50074,3557.87,0,0,1,0,40.97,1341,875,3325
50124,3579.10,0,0,0,0,-39.69,1341,876,3325
50174,3557.87,0,0,1,0,20.37,1341,878,3325
50224,3597.12,0,0,0,0,21.33,1341,878,3325
50274,3557.03,0,0,1,0,33.20,1341,880,3325
50324,3579.95,0,0,0,0,-33.85,1341,881,3325
50374,3546.10,0,0,1,0,33.85,1341,883,3325
50424,3600.58,0,0,1,0,51.14,1341,884,3325
50475,3547.78,0,0,1,0,42.46,1341,886,3325
50525,3580.81,0,0,0,0,-35.55,1341,887,3325
50575,3558.72,0,0,1,0,41.86,1341,889,3325
50625,3608.37,0,0,0,0,26.58,1341,889,3325
50675,3570.58,-1,0,0,-2,49.11,1341,889,3327
50725,3604.90,0,0,0,-2,57.90,1341,889,3329
50775,3597.98,0,0,0,0,29.22,1341,889,3329
50825,3546.10,0,0,1,0,461.38,1350,890,3392
50875,3546.94,0,0,1,0,401.47,1357,891,3446
50925,3556.19,0,0,1,0,429.99,1365,892,3499
50975,3547.78,0,0,1,0,400.63,1372,893,3552
51025,3814.85,-18,-2,0,-17,-267.08,1385,894,3638
51075,3671.97,0,0,1,0,47.35,1386,896,3638
51125,3742.51,0,-1,0,0,-70.54,1388,897,3638
51175,3703.70,0,-1,0,0,40.68,1391,900,3638
51225,3759.40,0,-2,0,0,-52.03,1396,900,3638
51275,3729.49,0,-1,0,0,30.85,1400,900,3638
51325,3770.74,0,-2,0,0,-39.40,1405,900,3638
51375,3751.88,0,-1,0,0,31.23,1409,900,3638
51425,3793.63,0,-2,0,0,-52.98,1414,900,3638
51475,3753.75,0,-1,0,0,24.58,1418,900,3638
51525,3757.52,-38,-2,0,-38,9.44,1431,900,3769
51575,3765.06,-11,-2,0,-13,116.93,1436,901,3795
51625,3546.94,0,0,1,0,349.17,1439,903,3811
51675,3984.06,-25,-4,0,-29,-438.80,1448,904,3869
51725,3560.41,0,0,0,0,284.76,1451,905,3882
51775,3874.97,-12,-3,0,-20,-328.03,1457,906,3924
51825,3650.52,0,0,-1,0,92.93,1458,908,3924
51875,3643.43,0,0,-1,0,-8.83,1458,910,3924
51926,3591.95,0,0,0,0,-13.15,1458,910,3924
51976,3590.23,0,0,0,-1,40.42,1458,910,3925
52026,3546.94,0,0,1,0,32.16,1458,912,3925
52076,3559.56,0,0,1,0,-40.91,1459,915,3925
52126,3498.13,0,1,0,0,46.29,1461,919,3925
52176,3524.44,0,0,-1,0,-33.63,1462,921,3925
52226,3488.37,0,1,0,0,34.41,1465,922,3925
52276,3512.88,0,1,-2,0,-42.27,1468,926,3925
52326,3472.22,0,1,0,0,41.48,1471,928,3925
52376,3503.04,0,1,-3,0,-37.23,1474,931,3925
52426,3494.06,0,1,0,0,-35.45,1476,931,3925
52476,3639.89,0,0,0,0,64.73,1483,931,3945
52526,3494.87,0,1,0,0,-16.21,1486,931,3945
52576,3465.00,0,1,0,0,38.03,1489,934,3945
52626,3513.70,0,1,-2,0,-39.87,1492,939,3945
52676,3445.90,0,2,0,0,28.74,1496,939,3945
52726,3485.13,0,1,0,0,-38.44,1499,939,3945
52776,3445.90,0,2,0,0,48.16,1503,939,3945
52826,3494.87,0,1,0,0,-48.98,1507,939,3945
52876,3512.88,0,1,-2,0,-60.64,1509,941,3945
52926,3517.82,0,1,-2,0,185.88,1515,943,3961
52976,3540.24,0,0,1,0,-30.65,1517,949,3961
53026,3519.47,0,1,-2,0,33.34,1519,955,3961
53076,3580.81,0,0,0,0,-54.71,1519,956,3961
53126,3546.10,0,0,1,0,34.71,1519,958,3961
53176,3600.58,0,0,1,0,33.85,1519,959,3961
53226,3536.07,0,0,1,0,43.88,1519,961,3961
53276,3588.52,0,0,0,0,-38.22,1519,962,3961
53326,3566.33,0,0,0,0,29.93,1519,963,3962
53376,3598.85,0,0,0,0,7.66,1519,963,3962
53426,3572.28,0,0,0,0,26.57,1519,963,3962
53476,3620.56,0,0,0,0,-39.76,1519,963,3963
53526,3590.23,0,0,0,0,-39.68,1519,963,3965
53576,3624.94,0,0,0,0,-32.99,1519,963,3965
53626,3591.95,0,0,0,0,-39.87,1519,963,3967
53676,3634.60,0,0,0,0,-32.30,1519,963,3967
53726,3581.66,0,0,0,-2,43.28,1519,963,3971
53776,3624.06,0,0,0,0,-32.97,1519,963,3971
53826,3581.66,0,0,0,-2,40.65,1519,963,3974
53876,3590.23,0,0,1,0,43.32,1519,964,3974
53926,3565.49,0,0,0,0,33.36,1519,964,3974
53976,3587.66,0,0,0,0,-19.63,1519,964,3974
54026,3557.03,0,0,1,0,29.77,1519,965,3974
54076,3610.98,0,0,0,0,-52.26,1519,966,3974
54126,3557.03,0,0,1,0,40.09,1519,968,3975
54176,3608.37,0,0,0,0,30.01,1519,968,3975
54226,3575.69,0,0,0,0,33.55,1519,968,3975
54276,3623.19,0,0,0,0,-43.24,1519,968,3976
54326,3579.95,0,0,0,-2,43.24,1519,968,3979
54376,3623.19,0,0,0,0,-43.24,1519,968,3980
54426,3580.81,0,0,0,-2,52.03,1519,968,3983
54476,3632.84,0,0,0,0,-40.89,1519,968,3983
54526,3602.31,0,0,0,0,-33.11,1519,968,3983
54576,3634.60,0,0,0,0,-31.43,1519,968,3983
54626,3591.95,0,0,0,0,-46.97,1519,968,3985
54676,3632.84,0,0,0,0,-40.89,1519,968,3985
54726,3569.73,0,0,0,-1,46.47,1519,968,3988
54776,3612.72,0,0,0,0,-41.29,1519,968,3989
54827,3559.56,0,0,1,0,41.01,1519,969,3990
54877,3600.58,0,0,1,0,41.86,1519,970,3990
54927,3566.33,0,0,0,0,34.24,1519,971,3990
54977,3579.95,0,0,0,0,-23.76,1519,972,3990
55027,3546.10,0,0,1,0,24.48,1519,974,3990
55077,3591.09,0,0,1,0,34.71,1519,975,3990
55127,3580.81,0,0,0,0,-40.57,1519,976,3990
55177,3654.08,0,0,-1,0,50.54,1523,977,4005
55227,3579.95,0,0,0,-5,123.75,1525,977,4020
55277,3553.66,0,0,1,-2,89.77,1526,982,4022
55327,3588.52,0,0,0,0,-31.49,1526,983,4022
55377,3538.57,0,0,1,0,36.26,1526,985,4023
55427,3579.10,0,0,0,0,-38.86,1526,986,4023
55477,3547.78,0,0,1,-1,41.60,1526,988,4024
55527,3589.38,0,0,0,0,-31.50,1526,989,4024
55577,3560.41,0,0,0,0,46.23,1526,990,4025
55627,3588.52,0,0,0,0,-21.33,1526,990,4025
55677,3566.33,0,0,0,0,20.47,1526,991,4026
55727,3598.85,0,0,0,0,32.50,1526,991,4026
55777,3690.04,0,-1,2,-7,-200.85,1528,993,4033
55827,3554.50,0,0,1,0,16.08,1528,994,4035
55877,3510.41,0,1,-2,0,37.36,1529,998,4035
55927,3571.43,0,0,0,0,-53.60,1530,1000,4035
55977,3518.65,0,1,-2,0,31.65,1531,1004,4035
56027,3571.43,0,0,0,0,-45.34,1531,1005,4035
56077,3546.94,0,0,1,0,21.94,1531,1007,4035
56127,3579.10,0,0,0,0,-30.48,1531,1008,4035
56177,3579.95,0,0,0,0,-28.82,1531,1010,4035
56227,3585.94,0,0,0,0,-38.17,1531,1011,4036
56278,3557.87,0,0,1,0,17.81,1531,1013,4037
56328,3586.80,0,0,0,0,-31.46,1531,1014,4038
56378,3556.19,0,0,1,-1,30.61,1531,1016,4040
56428,3590.23,0,0,1,0,35.77,1531,1017,4040
56478,3573.98,0,0,0,0,25.73,1531,1017,4040
56528,3599.71,0,0,0,0,29.23,1531,1017,4040
56578,3610.11,0,0,0,0,-33.57,1531,1017,4040
56628,3546.94,0,0,1,0,329.03,1537,1018,4075
56678,3546.10,0,0,1,0,315.90,1542,1019,4106
56728,3546.94,0,0,1,0,336.05,1547,1020,4136
56778,3546.10,0,0,1,0,278.48,1551,1021,4164
56828,3541.91,0,0,1,0,232.62,1554,1022,4177
56878,3556.19,0,0,1,0,35.77,1555,1023,4177
56928,3508.77,0,1,-2,0,40.68,1557,1028,4177
56978,3550.30,0,0,1,0,-31.65,1558,1032,4177
57028,3517.82,0,1,-2,0,32.47,1560,1037,4177
57078,3540.24,0,0,1,0,-31.47,1561,1041,4177
57128,3509.59,0,1,-2,0,33.16,1563,1047,4177
57178,3533.57,0,0,1,0,-42.76,1564,1049,4177
57228,3490.81,0,1,0,0,33.63,1566,1050,4177
57278,3525.26,0,0,-1,0,-36.08,1567,1052,4177
57328,3471.42,0,1,0,0,42.28,1570,1054,4177
57378,3516.17,0,1,-2,0,-39.12,1573,1057,4177
57428,3503.85,0,1,-3,0,-30.83,1575,1060,4177
57478,3454.63,0,1,0,0,219.14,1579,1061,4201
57528,3512.88,0,1,-2,0,-41.46,1582,1065,4201
57578,3490.00,0,1,0,0,23.71,1585,1067,4201
57628,3523.61,0,0,-1,0,-33.61,1587,1070,4201
57678,3490.81,0,1,0,0,33.63,1589,1071,4201
57728,3534.40,0,0,1,0,-47.65,1591,1073,4201
57778,3482.70,0,1,0,0,31.00,1594,1075,4201
57828,3504.67,0,1,-3,0,-33.25,1597,1080,4201
57878,3464.20,0,1,0,0,39.65,1600,1083,4201
57928,3455.42,0,1,0,0,47.61,1602,1086,4201
57978,3499.77,0,1,0,0,210.35,1608,1086,4217
58028,3474.64,0,1,0,0,27.58,1611,1089,4217
58078,3523.61,0,0,-1,0,-52.19,1613,1092,4217
58128,3491.62,0,1,0,0,31.99,1615,1093,4217
58178,3533.57,0,0,1,0,-42.76,1616,1095,4217
58228,3482.70,0,1,0,0,40.91,1618,1096,4217
58278,3533.57,0,0,1,0,-46.01,1620,1098,4217
58328,3417.63,0,2,0,0,39.38,1624,1098,4217
58378,3427.00,0,2,0,0,38.80,1627,1098,4217
58428,3679.18,0,-1,1,0,28.19,1635,1099,4238
58478,3469.81,0,1,0,0,70.43,1638,1100,4238
58528,3534.40,0,0,1,0,-58.16,1639,1102,4238
58578,3517.82,0,1,-2,0,35.84,1641,1105,4238
58628,3560.41,0,0,0,0,-32.66,1641,1107,4238
58678,3546.10,0,0,1,0,33.85,1641,1109,4238
58728,3600.58,0,0,1,0,41.62,1641,1110,4238
58778,3575.69,0,0,0,0,24.89,1641,1111,4238
58828,3632.84,0,0,0,0,-52.03,1641,1111,4239
58878,3601.44,0,0,0,0,-36.58,1641,1111,4239
58928,3644.31,0,0,-1,0,-43.74,1641,1112,4239
58978,3604.04,0,0,-1,0,-39.41,1641,1113,4239
59028,3661.22,0,0,-1,0,-56.31,1641,1115,4239
59078,3634.60,0,0,0,0,30.19,1641,1116,4239
59128,3665.69,0,0,-1,0,-39.87,1641,1118,4239
59179,3615.33,0,0,0,0,49.46,1641,1119,4239
59229,3665.69,0,0,-1,0,-39.87,1641,1121,4239
59279,3635.48,0,0,0,0,30.21,1641,1122,4239
59329,3654.08,0,0,-1,0,-28.26,1641,1124,4239
59379,3604.90,0,0,-1,0,-36.81,1641,1125,4239
59429,3656.75,0,0,-1,0,8.04,1641,1127,4239
59479,3625.82,0,0,0,0,22.93,1641,1128,4239
59529,3664.79,0,0,-1,0,-39.85,1641,1130,4239
59579,3615.33,0,0,0,0,47.68,1641,1131,4239
59629,3757.52,-19509,-2,0,-19521,9.44,2158,1132,63000
59679,3608.37,0,-1,0,0,-124.12,2159,1132,63000
59729,3617.07,0,0,0,0,100.40,2161,1133,63006
59779,3579.95,0,0,0,-7,148.61,2163,1133,63023
59829,3516.17,0,1,-2,0,38.33,2164,1136,63024
59879,3465.00,0,1,0,0,38.03,2167,1139,63024
59929,3492.43,0,1,0,0,-37.01,2170,1142,63024
59979,3455.42,0,1,0,0,28.90,2173,1142,63024
60029,3486.75,0,1,0,0,-50.32,2177,1142,63024
60079,3445.90,0,2,0,0,31.15,2182,1142,63024
60129,3477.05,0,1,0,0,-31.15,2186,1142,63024
60179,3486.75,0,1,0,0,-46.38,2189,1142,63024
60229,3669.28,0,0,-1,-3,-165.42,2195,1146,63055
60279,3487.56,0,1,0,0,-47.98,2199,1146,63055
60329,3455.42,0,1,0,0,31.33,2203,1146,63055
60379,3503.04,0,1,-3,0,-38.83,2206,1149,63055
60429,3473.83,0,1,0,0,30.02,2209,1152,63055
60479,3513.70,0,1,-2,0,-43.09,2212,1156,63055
60529,3482.70,0,1,0,0,40.91,2214,1157,63055
60579,3513.70,0,1,-2,0,-33.43,2217,1161,63055
60630,3481.09,0,1,0,0,35.09,2220,1163,63055
60680,3486.75,0,1,0,0,35.20,2222,1164,63055
60730,3535.23,0,0,1,0,231.72,2228,1165,63073
60780,3510.41,0,1,-2,0,31.50,2230,1168,63073
60830,3561.25,0,0,0,0,-46.73,2231,1171,63073
60880,3516.17,0,1,-2,0,44.23,2233,1175,63073
60930,3580.81,0,0,0,0,-44.74,2233,1176,63073
60980,3548.62,0,0,1,0,41.62,2233,1178,63073
61030,3560.41,0,0,0,0,-32.66,2233,1179,63073
61080,3527.75,0,0,-1,0,41.13,2233,1181,63073
61130,3579.10,0,0,0,0,-31.32,2233,1182,63073
61180,3536.90,0,0,1,-1,52.47,2233,1184,63074
61230,3581.66,0,0,0,0,-53.91,2233,1185,63074
61280,3550.30,0,0,1,0,39.94,2233,1187,63074
61330,3606.64,0,0,1,-1,28.07,2233,1188,63075
61380,3565.49,0,0,0,0,33.36,2233,1189,63075
61430,3598.85,0,0,0,0,45.36,2233,1189,63075
61480,3572.28,0,0,0,-1,37.83,2233,1190,63076
61530,3619.69,0,0,0,0,-43.15,2233,1190,63076
61580,3581.66,0,0,0,-2,45.03,2233,1190,63080
61630,3610.11,0,0,0,0,-38.68,2233,1190,63081
61680,3570.58,0,0,0,-1,42.14,2233,1190,63083
61730,3591.09,0,0,1,0,38.99,2233,1191,63083
61780,3559.56,0,0,1,0,41.01,2233,1193,63083
61830,3597.98,0,0,0,0,29.94,2233,1193,63083
61880,3569.73,0,0,0,-1,41.25,2233,1194,63084
61930,3609.24,0,0,0,0,21.53,2233,1194,63084
61980,3585.09,0,0,0,0,23.29,2233,1194,63084
62030,3624.06,0,0,0,0,-32.11,2233,1194,63084
62080,3632.84,0,0,0,0,-47.75,2233,1194,63085
62130,3547.78,0,0,1,0,399.59,2242,1195,63155
62181,3703.70,-2,-1,0,-2,-157.60,2253,1196,63225
62231,3652.30,0,0,-1,0,-46.53,2253,1198,63225
62281,3603.17,0,0,-1,0,-55.45,2253,1199,63225
62331,3644.31,0,0,-1,0,-42.01,2253,1200,63225
62381,3615.33,0,0,0,0,45.89,2253,1201,63225
62431,3654.08,0,0,-1,0,-38.75,2253,1203,63225
62481,3616.20,0,0,0,0,37.88,2253,1204,63225
62531,3654.97,0,0,-1,0,-39.64,2253,1206,63225
62581,3615.33,0,0,0,0,39.64,2253,1207,63225
62631,3663.00,0,0,-1,0,-57.23,2253,1209,63225
62681,3625.82,0,0,0,0,38.98,2253,1210,63225
62731,3633.72,0,0,0,0,-31.42,2253,1210,63225
62781,3591.95,0,0,0,0,-30.58,2253,1210,63225
62831,3632.84,0,0,0,0,-40.89,2253,1210,63225
62881,3581.66,0,0,0,-2,54.70,2253,1210,63229
62931,3610.98,0,0,0,0,-53.10,2253,1211,63229
62981,3558.72,0,0,1,0,42.72,2253,1212,63230
63031,3608.37,0,0,0,0,39.47,2253,1212,63230
63081,3581.66,0,0,0,-1,28.45,2253,1212,63231
63131,3602.31,0,0,0,-1,46.47,2253,1212,63232
63181,3573.98,0,0,0,0,23.14,2253,1212,63232
63232,3612.72,0,0,0,0,-41.29,2253,1212,63233
63282,3571.43,0,0,0,-1,41.29,2253,1212,63235
63332,3599.71,0,0,1,0,44.47,2253,1213,63235
63382,3549.46,0,0,1,0,40.78,2253,1215,63235
63432,3588.52,0,0,0,0,-33.17,2253,1216,63236
63482,3546.10,0,0,1,-1,41.56,2253,1218,63238
63532,3548.62,0,0,1,0,42.48,2253,1219,63238
63582,3786.92,0,-2,0,-2,-80.47,2260,1219,63256
63632,3668.38,0,0,-1,0,32.58,2264,1220,63279
63682,3617.94,0,0,0,0,120.84,2267,1220,63291
63732,3592.81,0,-2,0,-13,-328.31,2270,1220,63304
63782,3546.10,0,0,1,0,255.22,2274,1221,63327
63832,3546.10,0,0,1,0,308.95,2278,1222,63350
63882,3657.64,0,0,-1,0,3.57,2278,1224,63350
63932,3613.59,0,0,0,0,158.10,2281,1227,63360
63982,3546.94,0,0,1,0,356.26,2286,1228,63392
64032,3735.99,-6,-1,0,-6,-189.89,2296,1229,63452
64082,3615.33,0,0,0,0,37.86,2296,1230,63452
64132,3664.79,0,0,-1,0,-38.98,2296,1232,63452
64182,3624.94,0,0,0,0,40.75,2296,1233,63452
64232,3664.79,0,0,-1,0,-38.98,2296,1235,63452
64282,3614.46,0,0,0,0,39.62,2296,1236,63452
64332,3654.08,0,0,-1,0,-38.75,2296,1238,63452
64382,3614.46,0,0,0,0,50.34,2296,1239,63452
64432,3661.22,0,0,-1,0,-56.31,2296,1241,63452
64482,3614.46,0,0,0,0,50.34,2296,1242,63452
64532,3653.19,0,0,-1,0,-48.29,2296,1244,63452
64582,3604.90,0,0,-1,0,-40.51,2296,1245,63452
64632,3634.60,0,0,0,0,-33.16,2296,1245,63452
64683,3563.79,0,0,0,0,35.06,2296,1245,63452
64733,3597.98,0,0,0,0,30.10,2296,1245,63452
64783,3580.81,0,0,0,-1,38.88,2296,1245,63453
64833,3590.23,0,0,1,0,46.18,2296,1246,63453
64883,3551.14,0,0,1,0,49.44,2296,1248,63453
64933,3610.11,0,0,0,0,-53.08,2296,1249,63453
64983,3558.72,0,0,1,0,43.59,2296,1250,63454
65033,3579.10,0,0,0,0,-11.92,2296,1250,63454
65083,3575.69,0,0,0,0,24.89,2296,1250,63454
65133,3622.31,0,0,0,0,-41.51,2296,1250,63455
65183,3581.66,0,0,0,-2,40.65,2296,1250,63458
65233,3641.66,0,0,-1,0,-50.57,2296,1251,63458
65283,3591.09,0,0,0,0,-29.53,2296,1251,63458
65333,3624.94,0,0,0,0,-43.28,2296,1251,63460
65383,3569.73,0,0,0,-1,47.34,2296,1251,63463
65433,3609.24,0,0,0,0,37.72,2296,1251,63463
65483,3566.33,0,0,0,0,31.65,2296,1251,63463
65533,3608.37,0,0,0,0,38.57,2296,1251,63463
65583,3598.85,0,0,0,0,38.64,2296,1251,63463
65633,3546.94,0,0,1,0,366.45,2303,1252,63511
65683,3546.10,0,0,1,0,280.43,2307,1253,63541
65733,3562.95,0,0,0,0,211.59,2310,1253,63554
65783,3590.23,0,0,1,-7,-199.23,2311,1254,63561
65833,3559.56,0,0,1,-2,65.38,2311,1256,63563
65883,3589.38,0,0,0,0,-32.34,2311,1257,63563
65933,3547.78,0,0,1,-1,37.31,2311,1258,63564
65983,3568.88,0,0,0,0,-21.10,2311,1259,63564
66033,3536.90,0,0,1,0,31.98,2311,1261,63564
66083,3570.58,0,0,0,0,-33.68,2311,1262,63564
66134,3536.07,0,0,1,0,34.51,2311,1264,63564
66184,3580.81,0,0,0,0,-34.71,2311,1265,63564
66234,3557.03,0,0,1,0,33.20,2311,1267,63564
66284,3597.98,0,0,0,0,21.33,2311,1267,63564
66334,3549.46,0,0,1,0,49.39,2311,1269,63564
66384,3589.38,0,0,0,0,-51.64,2311,1270,63564
66434,3557.03,0,0,1,-1,29.77,2311,1272,63566
66484,3579.10,0,0,0,0,-28.80,2311,1273,63566
66534,3557.03,0,0,1,-1,32.34,2311,1275,63567
66584,3608.37,0,0,0,0,26.46,2311,1275,63567
66634,3573.98,0,0,0,0,24.87,2311,1275,63567
66684,3604.04,0,0,1,0,-148.58,2311,1277,63567
66734,3583.37,0,0,0,0,25.87,2311,1277,63567
66784,3622.31,0,0,0,0,-40.65,2311,1277,63568
66834,3581.66,0,0,0,-1,34.54,2311,1277,63569
66884,3597.12,0,0,0,0,29.91,2311,1277,63569
66934,3557.03,0,0,1,0,42.68,2311,1279,63569
66984,3588.52,0,0,0,0,-21.33,2311,1279,63569
67034,3566.33,0,0,0,0,22.18,2311,1279,63569
67084,3618.82,0,0,0,0,-49.09,2311,1279,63569
67134,3579.95,0,0,0,-1,36.25,2311,1279,63572
67184,3604.90,0,0,0,-2,45.03,2311,1279,63574
67234,3581.66,0,0,0,-1,28.45,2311,1279,63575
67284,3610.11,0,0,0,0,-35.28,2311,1279,63575
67334,3582.52,0,0,0,-1,38.05,2311,1279,63577
67384,3609.24,0,0,0,0,20.67,2311,1279,63577
67434,3573.98,0,0,0,0,24.00,2311,1279,63577
67484,3609.24,0,0,0,0,29.94,2311,1279,63577
67534,3588.52,0,0,0,0,-28.11,2311,1279,63577
67584,3546.94,0,0,1,0,400.43,2320,1280,63647
67634,3598.85,0,-1,0,0,-145.69,2321,1281,63647
67684,3557.87,0,0,1,-3,112.30,2322,1283,63654
67734,3602.31,0,0,0,0,-39.61,2322,1283,63654
67784,3566.33,0,0,0,0,40.30,2322,1283,63654
67834,3598.85,0,0,0,0,32.44,2322,1283,63654
67884,3555.34,0,0,1,0,52.16,2322,1284,63654
67934,3579.95,0,0,0,0,-51.37,2322,1285,63654
67984,3537.74,0,0,1,0,40.51,2322,1287,63654
68034,3579.95,0,0,0,0,-43.88,2322,1288,63654
68084,3540.24,0,0,1,0,49.99,2322,1290,63654
68134,3587.66,0,0,0,0,-41.56,2322,1291,63655
68184,3536.07,0,0,1,0,40.47,2322,1293,63656
68234,3580.81,0,0,0,0,-34.71,2322,1294,63656
68284,3536.90,0,0,1,0,33.68,2322,1296,63656
68334,3591.09,0,0,1,0,33.00,2322,1297,63656
68384,3567.18,0,0,0,0,21.33,2322,1297,63656
68434,3609.24,0,0,0,0,28.36,2322,1297,63656
68484,3583.37,0,0,0,0,25.87,2322,1297,63656
68534,3620.56,0,0,0,0,-38.90,2322,1297,63657
68584,3590.23,0,0,0,0,-46.04,2322,1297,63658
68634,3627.57,0,0,0,0,-25.26,2322,1297,63658
68684,3579.10,0,0,0,0,25.80,2322,1297,63660
68734,3622.31,0,0,0,0,-40.65,2322,1297,63661
68784,3568.03,0,0,0,0,33.41,2322,1297,63662
68834,3611.85,0,0,0,0,-40.42,2322,1297,63663
68884,3569.73,0,0,0,-1,42.12,2322,1297,63665
68934,3598.85,0,0,0,0,36.87,2322,1297,63665
68984,3559.56,0,0,1,0,47.94,2322,1298,63665
69035,3609.24,0,0,0,0,33.35,2322,1298,63665
69085,3563.79,0,0,0,0,35.06,2322,1298,63665
69135,3607.50,0,0,0,0,30.77,2322,1298,63665
69185,3577.39,0,0,0,0,31.85,2322,1298,63665
69235,3579.95,0,0,0,0,-22.92,2322,1299,63665
69285,3565.49,0,0,0,0,24.75,2322,1300,63665
69335,3598.85,0,0,0,0,30.76,2322,1300,63665
69385,3573.98,0,0,0,0,24.00,2322,1300,63665
69435,3598.85,0,0,0,0,41.19,2322,1300,63665
69485,3570.58,0,0,0,0,38.66,2322,1300,63665
69535,3622.31,0,0,0,0,-50.89,2322,1300,63666
69585,3595.40,0,0,0,-2,50.03,2322,1300,63668
69635,3546.94,0,0,1,0,397.32,2331,1301,63728
69685,3545.26,0,0,1,0,294.00,2334,1303,63746
69735,3545.26,0,0,1,0,277.37,2338,1304,63771
69785,3604.04,0,-2,0,-13,-338.48,2341,1304,63784
69835,3546.94,0,0,1,0,220.96,2345,1305,63798
69885,3571.43,0,0,0,-1,47.39,2346,1307,63799
69935,3527.75,0,0,-1,0,42.83,2347,1309,63799
69985,3561.25,0,0,0,0,-45.90,2348,1311,63799
70035,3517.82,0,1,-2,0,39.21,2350,1315,63799
70085,3549.46,0,0,1,0,-39.86,2351,1319,63799
70135,3508.77,0,1,-2,0,34.81,2353,1325,63799
70185,3539.41,0,0,1,0,-29.81,2354,1329,63799
70235,3507.95,0,1,-2,0,43.19,2356,1334,63799
70285,3561.25,0,0,0,0,-45.08,2357,1336,63799
70335,3477.05,0,1,0,0,43.25,2360,1339,63799
70385,3514.53,0,1,-2,0,-27.78,2363,1342,63799
70435,3471.42,0,1,0,0,52.19,2365,1343,63799
70486,3464.20,0,1,0,0,35.56,2367,1343,63799
70536,3502.22,0,1,-3,0,202.40,2373,1346,63816
70586,3461.01,0,1,0,0,50.23,2376,1348,63816
70636,3436.43,0,2,0,0,15.02,2380,1350,63816
70686,3316.38,5,3,0,8,143.03,2386,1350,63825
70736,3454.63,0,1,0,0,-36.22,2389,1350,63825
70786,3434.07,0,2,0,0,32.54,2394,1350,63826
70836,3505.49,-1,1,-3,0,-59.59,2398,1353,63826
70886,3494.06,0,1,0,0,-32.26,2400,1353,63826
70936,3578.24,0,0,0,-5,126.37,2405,1353,63849
70986,3550.30,0,0,1,0,-25.86,2406,1357,63849
71036,3525.26,0,0,-1,0,41.92,2407,1360,63849
71086,3579.95,0,0,0,0,-45.55,2407,1361,63849
71136,3566.33,0,0,0,-3,80.64,2408,1362,63854
71186,3619.69,0,0,0,0,-44.01,2408,1362,63854
71236,3591.95,0,0,0,0,-36.37,2408,1362,63855
71286,3644.31,0,0,-1,0,-42.01,2408,1363,63855
71336,3615.33,0,0,0,0,38.75,2408,1364,63855
71386,3652.30,0,0,-1,0,-51.72,2408,1365,63855
71436,3602.31,0,0,0,0,-30.58,2408,1365,63855
71486,3654.97,0,0,-1,0,-39.64,2408,1367,63855
71536,3624.06,0,0,0,0,51.51,2408,1368,63855
71586,3643.43,0,0,-1,0,-19.37,2408,1370,63855
71636,3604.90,0,0,-1,0,-63.11,2408,1371,63855
71686,3641.66,0,0,-1,0,-47.99,2408,1372,63855
71736,3615.33,0,0,0,0,43.21,2408,1373,63855
71786,3664.79,0,0,-1,0,-47.72,2408,1375,63855
71836,3632.84,0,0,0,0,40.03,2408,1376,63855
71886,3668.38,0,0,-1,0,-15.19,2408,1379,63855
71936,3546.10,0,0,1,0,293.16,2412,1380,63877
71986,3677.37,0,-1,1,0,82.97,2415,1381,63877
72036,3546.94,0,0,1,0,424.47,2421,1382,63915
72086,3748.13,-7,-1,0,-7,-201.19,2432,1383,63993
72136,3686.41,0,-1,2,0,-50.93,2433,1386,63993
72186,3655.86,0,0,-1,0,33.27,2434,1390,63993
72236,3711.03,0,-1,0,0,-59.62,2436,1391,63993
72286,3671.97,0,0,1,0,39.06,2437,1393,63993
72336,3710.12,0,-1,0,0,-38.15,2439,1394,63993
72386,3645.20,0,0,-1,0,43.93,2440,1398,63993
72436,3678.27,0,-1,1,0,-22.41,2442,1402,63993
72486,3645.20,0,0,-1,0,44.84,2443,1406,63993
72536,3665.69,0,0,-1,0,-41.63,2443,1408,63993
72586,3636.36,0,0,0,0,28.43,2443,1409,63993
72636,3665.69,0,0,-1,0,-31.09,2443,1411,63993
72686,3635.48,0,0,0,0,40.09,2443,1412,63993
72736,3686.41,0,-1,2,0,-53.57,2444,1415,63993
72786,3647.86,0,0,-1,0,49.45,2445,1419,63993
72836,3690.04,0,-1,2,0,-34.18,2447,1424,63993
72886,3631.96,0,0,0,0,46.31,2448,1426,63993
72936,3675.57,0,0,1,0,-49.75,2448,1428,63993
72986,3644.31,0,0,-1,0,31.25,2448,1430,63993
73036,3678.27,0,-1,1,0,-30.41,2450,1434,63993
73086,3655.86,0,0,-1,0,27.83,2451,1438,63993
73136,3556.19,0,0,1,0,331.84,2455,1439,64021
73186,3651.41,0,0,-1,0,246.72,2458,1440,64030
73236,3757.52,-38,-2,0,-37,10.38,2469,1440,64165
73286,3690.04,0,-1,2,0,7.28,2471,1445,64165
73336,3642.54,0,0,-1,0,35.73,2472,1448,64165
73387,3622.31,0,0,0,0,-11.34,2472,1448,64165
73437,3593.67,0,0,-1,0,-47.12,2472,1449,64165
73487,3616.20,0,0,0,0,-21.66,2472,1450,64165
73537,3617.94,0,0,0,0,-76.03,2472,1451,64167
73587,3591.09,0,0,1,0,47.92,2472,1452,64167
73637,3498.95,0,1,0,0,31.29,2473,1454,64167
73687,3500.58,0,1,-3,0,29.66,2474,1458,64167
73737,3723.93,0,-1,0,-3,-19.31,2481,1458,64188
73787,3504.67,0,1,-3,0,150.30,2484,1462,64198
73837,3532.74,0,0,1,0,-30.52,2485,1467,64198
73887,3498.95,0,1,0,0,45.47,2487,1468,64198
73937,3551.98,0,0,1,0,-53.03,2488,1470,64198
73987,3518.65,0,1,-2,0,25.77,2490,1476,64198
74037,3559.56,0,0,1,0,-41.74,2491,1480,64198
74087,3509.59,0,1,-2,0,37.35,2493,1484,64198
74137,3499.77,0,1,0,0,9.83,2495,1487,64198
74187,3470.62,0,1,0,0,43.91,2498,1489,64198
74237,3544.42,0,0,1,0,-54.43,2499,1491,64198
74287,3508.77,0,1,-2,0,30.63,2501,1496,64198
74337,3574.83,0,0,0,0,-85.65,2502,1497,64198
74387,3555.34,0,0,1,0,-34.22,2503,1499,64198
74437,3700.96,0,-1,0,0,3.66,2509,1499,64215
74487,3586.80,0,0,0,-7,129.75,2512,1499,64234
74537,3548.62,0,0,1,-3,113.49,2513,1501,64242
74587,3597.12,0,0,0,0,21.39,2513,1501,64242
74637,3557.03,0,0,1,0,28.05,2513,1503,64242
74687,3608.37,0,0,0,0,35.92,2513,1503,64242
74737,3561.25,0,0,0,-1,58.44,2513,1503,64243
74787,3607.50,0,0,0,0,45.36,2513,1503,64243
74838,3567.18,0,0,0,0,42.06,2513,1503,64243
74888,3599.71,0,0,0,0,24.84,2513,1503,64243
74938,3557.03,0,0,1,-1,30.63,2513,1504,64244
74988,3569.73,0,0,0,0,-22.79,2513,1505,64244
75038,3536.07,0,0,1,0,43.88,2513,1507,64244
75088,3591.09,0,0,1,0,42.20,2513,1508,64244
75138,3557.87,0,0,1,0,32.36,2513,1510,64244
75188,3609.24,0,0,1,0,38.39,2513,1511,64244
75238,3567.18,0,0,0,0,41.19,2513,1511,64244
75288,3611.85,0,0,0,0,-31.04,2513,1511,64245
75338,3572.28,0,0,0,-1,38.70,2513,1511,64247
75388,3609.24,0,0,0,0,31.80,2513,1511,64247
75438,3571.43,0,0,0,-2,48.26,2513,1511,64249
75488,3589.38,0,0,0,0,-50.81,2513,1512,64249
75538,3546.94,0,0,1,-1,39.01,2513,1514,64251
75588,3598.85,0,0,0,0,23.90,2513,1514,64251
75638,3573.13,0,0,0,0,24.85,2513,1514,64251
75688,3597.98,0,0,0,0,37.74,2513,1514,64251
75738,3568.03,0,0,0,0,40.34,2513,1514,64251
75788,3581.66,0,0,0,0,-11.08,2513,1514,64252
75838,3546.10,0,0,1,0,33.85,2513,1516,64252
75888,3597.12,0,0,1,-1,32.33,2513,1517,64253
75938,3439.58,1,2,0,0,140.37,2515,1518,64253
75988,3591.95,0,0,1,-5,148.72,2516,1519,64268
76038,3557.03,0,0,1,0,40.09,2516,1520,64268
76088,3557.03,0,0,1,-1,31.49,2516,1521,64269
76138,3546.94,0,0,1,0,398.35,2525,1522,64340
76188,3546.94,0,0,1,0,399.39,2532,1523,64392
76238,3546.94,0,0,1,0,413.98,2539,1524,64429
76288,3546.94,0,0,1,0,348.15,2545,1525,64474
76338,3624.94,0,0,0,0,-32.99,2545,1525,64474
76388,3582.52,0,0,0,-1,39.80,2545,1525,64477
76438,3635.48,0,0,0,0,-27.11,2545,1525,64477
76488,3604.04,0,-1,2,0,-122.26,2546,1528,64479
76538,3638.13,0,0,0,0,109.06,2548,1531,64488
76588,3575.69,0,0,0,-1,210.28,2552,1531,64503
76638,3624.94,0,0,0,0,-44.99,2552,1531,64505
76688,3580.81,0,0,0,-1,42.38,2552,1531,64507
76738,3640.78,0,0,-1,0,-41.93,2552,1532,64507
76788,3603.17,0,-1,2,0,-114.87,2553,1534,64509
76838,3624.06,0,0,0,0,111.93,2555,1537,64517
76888,3592.81,0,-2,0,-13,-338.20,2558,1537,64530
76938,3643.43,0,0,-1,0,-19.37,2558,1538,64530
76988,3604.90,0,-1,3,0,-135.08,2559,1541,64532
77038,3624.06,0,0,0,0,90.65,2561,1541,64540
77088,3590.23,0,-1,0,-10,-258.88,2563,1541,64550
77138,3610.98,0,0,0,0,100.06,2565,1541,64560
77188,3551.98,0,0,1,-3,102.10,2566,1543,64566
77238,3580.81,0,0,0,0,-36.38,2566,1544,64566
77288,3516.17,0,1,-2,0,44.23,2568,1548,64566
77338,3558.72,0,0,1,0,-50.77,2569,1552,64566
77388,3509.59,0,1,-2,0,35.67,2571,1556,64566
77438,3549.46,0,0,1,0,-41.50,2572,1560,64566
77488,3498.13,0,1,0,0,54.68,2574,1564,64566
77538,3541.91,0,0,1,0,-42.15,2575,1566,64566
77588,3498.13,0,1,0,0,45.45,2577,1570,64566
77638,3524.44,0,0,-1,0,-50.61,2579,1571,64566
77688,3489.18,0,1,0,0,44.39,2581,1572,64566
77739,3522.78,0,1,-1,0,-23.01,2583,1574,64566
77789,3533.57,0,0,1,0,-33.80,2584,1575,64566
77839,3547.78,0,0,1,0,399.59,2593,1576,64636
77889,3563.79,0,0,0,0,214.55,2598,1576,64652
77939,3543.59,0,0,1,-2,88.37,2599,1577,64656
77989,3609.24,0,0,1,0,37.56,2599,1578,64656
78039,3569.73,0,0,0,-2,47.34,2599,1578,64658
78089,3598.85,0,0,0,0,21.38,2599,1578,64658
78139,3565.49,0,0,0,0,33.36,2599,1578,64658
78189,3622.31,0,0,0,0,-50.89,2599,1578,64659
78239,3581.66,0,0,0,-2,40.65,2599,1578,64662
78289,3641.66,0,0,-1,0,-49.71,2599,1579,64662
78339,3594.54,0,0,-1,0,-49.87,2599,1580,64662
78389,3696.40,0,-1,3,-3,-162.00,2600,1585,64667
78439,3601.44,0,0,0,0,-22.74,2600,1585,64667
78489,3641.66,0,0,-1,0,-49.71,2600,1586,64667
78539,3604.04,0,0,-1,0,-55.23,2600,1587,64667
78589,3643.43,0,0,-1,0,-33.32,2600,1588,64667
78639,3615.33,0,0,0,0,41.42,2600,1589,64667
78689,3654.97,0,0,-1,0,-44.86,2600,1591,64667
78739,3602.31,0,0,0,0,-34.04,2600,1591,64667
78789,3655.86,0,0,-1,0,-53.56,2600,1593,64667
78839,3604.04,0,0,-1,0,-41.18,2600,1594,64667
78889,3644.31,0,0,-1,0,-16.75,2600,1595,64667
78939,3591.95,0,-1,3,-3,-165.17,2601,1599,64671
78989,3611.85,0,0,0,0,-30.18,2601,1599,64672
79039,3591.95,0,0,0,0,-45.78,2601,1599,64673
79089,3621.44,0,0,0,0,-33.78,2601,1599,64674
79139,3581.66,0,0,0,-2,40.65,2601,1599,64678
79190,3598.85,0,0,0,0,26.47,2601,1599,64678
79240,3526.92,0,0,-1,0,49.62,2601,1601,64678
79290,3560.41,0,0,0,0,-35.97,2601,1602,64678
79340,3537.74,0,0,1,0,31.14,2601,1604,64678
79390,3579.10,0,0,0,0,-42.20,2601,1605,64678
79440,3537.74,0,0,1,0,42.22,2601,1607,64678
79490,3575.69,0,0,0,0,-37.95,2601,1608,64679
79540,3526.09,0,0,-1,0,42.79,2601,1610,64679
79590,3560.41,0,0,0,0,-52.46,2602,1613,64679
79640,3518.65,0,1,-2,0,40.07,2604,1618,64679
79690,3561.25,0,0,0,0,-43.43,2605,1620,64679
79740,3529.41,0,0,-1,0,21.72,2605,1623,64679
79790,3559.56,0,0,1,0,-33.47,2605,1625,64679
79840,3527.75,0,0,-1,0,41.13,2605,1627,64679
79890,3579.10,0,0,0,0,-42.20,2605,1628,64679
79940,3546.94,0,0,1,0,32.16,2605,1630,64679
79990,3571.43,0,0,0,0,-44.51,2605,1631,64679
80040,3560.41,0,0,0,0,-40.93,2606,1633,64679
80090,3546.94,0,0,1,0,400.43,2615,1634,64750
80140,3567.18,0,0,0,0,-0.85,2615,1635,64750
80190,3526.09,0,0,-1,0,43.64,2615,1637,64750
80240,3570.58,0,0,0,0,-32.01,2615,1638,64750
80290,3545.26,0,0,1,0,35.55,2615,1640,64750
80340,3561.25,0,0,0,0,-34.33,2615,1641,64750
80390,3526.09,0,0,-1,0,43.64,2615,1643,64750
80440,3568.88,0,0,0,0,-31.14,2615,1644,64750
80490,3537.74,0,0,1,0,41.36,2615,1646,64750
80540,3585.94,0,0,0,0,-38.17,2615,1647,64751
80590,3567.18,0,0,0,0,42.06,2615,1647,64751
80640,3600.58,0,0,1,0,40.93,2615,1648,64751
80690,3576.54,0,0,0,0,32.70,2615,1648,64751
80740,3622.31,0,0,0,0,-40.65,2615,1648,64752
80790,3593.67,0,0,0,0,-30.39,2615,1648,64752
80840,3624.06,0,0,0,0,-32.97,2615,1648,64752
80890,3582.52,0,0,0,-2,42.42,2615,1648,64756
80940,3607.50,0,0,1,-1,31.49,2615,1649,64757
80990,3558.72,0,0,1,0,41.86,2615,1651,64757
81040,3608.37,0,0,0,0,30.97,2615,1651,64757
81090,3558.72,0,0,1,0,50.52,2615,1652,64757
81140,3600.58,0,0,1,0,48.78,2615,1653,64757
81190,3546.10,0,0,1,0,33.85,2615,1655,64757
81240,3589.38,0,0,0,0,-32.34,2615,1656,64757
81290,3566.33,0,0,0,0,29.06,2615,1657,64758
81340,3616.20,0,0,0,0,-45.62,2615,1657,64760
81390,3581.66,0,0,0,-2,51.18,2615,1657,64763
81440,3640.78,0,0,-1,0,-47.10,2615,1659,64763
81490,3603.17,0,0,-1,0,-53.38,2615,1660,64763
81540,3635.48,0,0,0,0,-30.58,2615,1661,64763
81590,3531.90,0,0,1,-1,100.94,2615,1662,64764
81640,3632.84,0,0,0,0,-42.61,2616,1665,64767
81690,3580.81,0,0,0,-2,45.89,2616,1665,64771
81740,3601.44,0,0,0,-1,38.88,2616,1665,64772
81790,3546.94,0,0,1,-1,42.44,2616,1667,64773
81840,3551.14,0,0,1,0,-32.49,2617,1671,64773
81890,3561.25,0,0,0,0,-49.20,2618,1673,64773
81940,3546.94,0,0,1,0,400.43,2627,1674,64840
81990,3545.26,0,0,1,0,291.06,2633,1675,64883
82040,3553.66,0,0,1,0,212.35,2637,1676,64896
82091,3594.54,0,0,-1,0,-146.06,2638,1680,64896
82141,3557.03,0,0,1,0,35.78,2638,1682,64896
82191,3598.85,0,0,0,0,24.68,2638,1682,64896
82241,3559.56,0,0,1,0,41.01,2638,1683,64896
82291,3597.98,0,0,0,0,20.52,2638,1683,64896
82341,3535.23,0,0,1,-1,49.85,2638,1685,64897
82391,3558.72,0,0,1,0,-21.82,2638,1687,64897
82441,3531.90,0,0,1,-2,114.18,2639,1689,64905
82491,3561.25,0,0,0,0,-35.16,2639,1690,64905
82541,3519.47,0,1,-2,0,26.62,2641,1694,64905
82591,3569.73,0,0,0,0,-52.73,2642,1696,64905
82641,3498.95,0,1,0,0,32.12,2644,1699,64905
82691,3532.74,0,0,1,0,-32.15,2645,1704,64905
82741,3490.81,0,1,0,0,43.59,2647,1705,64905
82791,3503.04,0,1,-3,0,-47.61,2650,1711,64905
82841,3503.04,0,1,-3,0,-44.42,2652,1714,64905
82891,3546.94,0,0,1,0,398.35,2662,1715,64981
82941,3539.41,0,0,1,-3,148.82,2666,1718,65008
82991,3498.95,0,1,0,0,47.15,2668,1719,65008
83041,3560.41,0,0,0,0,-51.64,2669,1722,65008
83091,3519.47,0,1,-2,0,16.59,2671,1726,65008
83141,3570.58,0,0,0,0,-51.93,2672,1729,65008
83191,3536.07,0,0,1,0,33.66,2672,1731,65008
83241,3570.58,0,0,0,0,-34.51,2672,1732,65008
83291,3537.74,0,0,1,0,30.29,2672,1734,65008
83341,3601.44,0,0,1,0,28.76,2672,1735,65008
83391,3564.64,0,0,0,0,25.60,2672,1736,65008
83441,3618.82,0,0,0,0,-55.03,2672,1736,65008
83491,3581.66,0,0,0,-2,39.78,2672,1736,65011
83542,3605.77,0,0,0,-2,48.24,2672,1736,65013
83592,3582.52,0,0,0,-1,37.17,2672,1736,65014
83642,3605.77,0,0,0,-2,44.13,2672,1736,65016
83692,3560.41,0,0,0,0,48.83,2672,1736,65016
83742,3600.58,0,0,0,-1,53.20,2672,1736,65017
83792,3567.18,0,0,0,0,42.06,2672,1736,65017
83842,3610.11,0,0,0,0,-33.57,2672,1736,65017
83892,3559.56,0,0,1,0,41.01,2672,1737,65018
83942,3598.85,0,0,0,0,33.35,2672,1737,65018
83992,3558.72,0,0,1,0,50.52,2672,1738,65018
84042,3617.94,0,0,0,0,-46.52,2672,1738,65018
84092,3570.58,0,0,0,-2,52.61,2672,1738,65021
84142,3604.90,0,0,0,-2,48.26,2672,1738,65023
84192,3547.78,0,0,1,-1,39.88,2672,1739,65024
84242,3589.38,0,0,0,0,-51.64,2672,1740,65024
84292,3557.03,0,0,1,-1,29.77,2672,1742,65026
84342,3590.23,0,0,1,0,35.56,2672,1743,65026
84392,3601.44,0,0,1,0,32.36,2672,1744,65026
84442,3556.19,0,0,1,0,391.18,2681,1745,65088
84492,3545.26,0,0,1,0,259.91,2683,1747,65105
84542,3545.26,0,0,1,0,310.78,2687,1748,65130
84592,3546.10,0,0,1,0,289.24,2692,1749,65157
84642,3546.10,0,0,1,0,300.05,2697,1750,65182
84692,3546.10,0,0,1,0,254.26,2701,1751,65205
84742,3548.62,0,0,1,-4,148.70,2703,1755,65217
84792,3585.94,0,0,0,0,-36.49,2703,1756,65218
84842,3489.18,0,1,0,0,31.12,2705,1758,65219
84892,3513.70,0,1,-2,0,-34.23,2707,1761,65219
84942,3471.42,0,1,0,0,42.28,2710,1763,65219
84992,3522.78,0,1,-1,0,-54.57,2713,1765,65219
85042,3465.00,0,1,0,0,38.03,2716,1768,65219
85092,3494.06,0,1,0,0,-29.86,2719,1768,65219
85142,3465.00,0,1,0,0,38.03,2722,1771,65219
85192,3454.63,0,1,0,0,38.62,2724,1771,65219
85242,3366.25,0,3,0,0,581.12,2737,1771,65290
85292,3484.32,0,1,0,0,169.76,2739,1773,65291
85342,3513.70,0,1,-2,0,-21.27,2741,1776,65291
85392,3470.62,0,1,0,0,43.09,2744,1778,65291
85442,3523.61,0,0,-1,0,-43.33,2746,1781,65291
85492,3481.09,0,1,0,0,44.18,2748,1782,65291
85542,3523.61,0,0,-1,0,-46.56,2750,1784,65291
85592,3481.89,0,1,0,0,43.37,2752,1785,65291
85642,3525.26,0,0,-1,0,-38.51,2754,1787,65291
85692,3489.18,0,1,0,0,44.39,2756,1788,65291
85742,3454.63,0,1,0,0,37.80,2758,1788,65291
85792,3611.85,0,0,0,0,91.86,2764,1788,65309
85842,3490.00,0,1,0,0,41.08,2766,1789,65309
85892,3554.50,0,0,1,0,-52.28,2767,1794,65309
85942,3536.90,0,0,1,0,33.68,2768,1797,65309
85992,3591.09,0,0,1,0,19.52,2768,1798,65309
86042,3546.94,0,0,1,0,33.01,2768,1800,65309
86092,3607.50,0,0,1,-1,33.19,2768,1801,65310
86142,3581.66,0,0,0,-1,38.03,2768,1801,65311
86192,3632.84,0,0,0,0,-40.03,2768,1801,65311
86242,3595.40,0,0,-1,0,-53.35,2768,1802,65311
86292,3631.08,0,0,0,0,-39.13,2768,1802,65311
86342,3604.90,0,0,-1,0,-45.40,2768,1803,65311
86392,3652.30,0,0,-1,0,-47.40,2768,1805,65311
86443,3603.17,0,0,-1,0,-46.55,2768,1806,65311
86493,3654.08,0,0,-1,0,-38.75,2768,1808,65311
86543,3615.33,0,0,0,0,39.64,2768,1809,65311
86593,3623.19,0,0,0,0,-31.23,2768,1809,65311
86643,3590.23,0,0,0,0,-40.73,2768,1809,65313
86693,3635.48,0,0,0,0,-33.18,2768,1809,65313
86743,3605.77,0,0,-1,0,-39.39,2768,1810,65313
86793,3625.82,0,0,0,0,-20.91,2768,1811,65313
86843,3604.90,0,0,-1,0,-46.26,2768,1812,65313
86893,3641.66,0,0,-1,0,-47.12,2768,1814,65313
86943,3591.95,0,0,0,0,-45.36,2768,1814,65313
86993,3624.06,0,0,0,0,-32.97,2768,1814,65313
87043,3600.58,0,0,0,0,-36.37,2768,1814,65314
87093,3652.30,0,0,-1,0,-50.86,2768,1815,65314
87143,3594.54,0,0,-1,0,-39.41,2768,1816,65314
87193,3626.69,0,0,0,0,-25.25,2768,1816,65314
87243,3590.23,0,0,0,0,-37.44,2768,1816,65314
87293,3623.19,0,0,0,0,-31.23,2768,1816,65314
87343,3591.09,0,0,0,0,-37.23,2768,1816,65315
87393,3599.71,0,0,0,-1,33.67,2768,1816,65316
87443,3572.28,0,0,0,0,26.57,2768,1816,65316
87493,3609.24,0,0,0,0,30.95,2768,1816,65316
87543,3580.81,0,0,0,-1,38.88,2768,1816,65317
87593,3635.48,0,0,0,0,-53.82,2768,1816,65319
87643,3591.09,0,0,0,0,-29.54,2768,1816,65319
87693,3625.82,0,0,0,0,16.73,2768,1818,65319
87743,3581.66,0,0,0,-2,45.03,2768,1818,65323
87793,3622.31,0,0,0,0,-50.89,2768,1818,65324
87843,3580.81,0,0,0,-1,35.39,2768,1818,65327
87894,3569.73,0,0,0,0,-22.79,2768,1819,65327
87944,3536.07,0,0,1,0,34.51,2768,1821,65327
87994,3579.95,0,0,0,0,-43.05,2768,1822,65327
88044,3546.94,0,0,1,0,33.01,2768,1824,65327
88094,3580.81,0,0,0,0,-43.91,2768,1825,65327
88144,3546.10,0,0,1,-1,41.56,2768,1827,65329
88194,3587.66,0,0,0,0,-52.42,2768,1828,65330
88244,3536.07,0,0,1,-1,51.59,2768,1830,65332
88294,3580.81,0,0,0,0,-34.71,2768,1831,65332
88344,3536.90,0,0,1,0,33.68,2768,1833,65332
88394,3587.66,0,0,0,0,-51.59,2768,1834,65333
88444,3547.78,0,0,1,0,49.35,2768,1836,65334
88494,3598.85,0,0,0,0,11.06,2768,1836,65334
88544,3509.59,0,1,-2,0,32.32,2769,1839,65334
88594,3554.50,0,0,1,-3,150.12,2777,1840,65359
88644,3236.25,0,4,0,2,48.91,2788,1840,65375
88694,3106.88,5,6,0,2,49.02,2804,1840,65380
88744,3012.65,0,7,0,2,51.70,2817,1840,65384
88794,2891.29,9,9,0,1,32.69,2842,1840,65388
88844,2802.69,2,10,0,1,34.99,2861,1840,65391
88894,2720.84,0,11,0,1,23.90,2883,1840,65394
88944,2635.28,0,12,0,1,24.30,2907,1840,65397
88994,2545.82,0,13,0,1,27.07,2933,1840,65400
89044,2523.55,0,13,0,-3,-95.98,2961,1840,65407
89094,2482.62,0,14,0,-8,-203.33,2992,1840,65424
89144,2299.91,0,16,0,1,36.90,3024,1840,65430
89194,2213.04,1,18,0,0,16.11,3059,1840,65432
89244,2130.38,8,19,0,0,19.85,3096,1840,65434
89294,2050.86,17,20,0,0,21.53,3135,1840,65435
89344,1987.28,0,20,0,2,63.58,3155,1840,65437
89394,1910.34,13,21,0,2,62.56,3197,1840,65439
89444,1892.98,0,22,0,0,17.36,3219,1840,65439
89494,1817.52,10,23,0,0,14.43,3264,1840,65440
89544,1754.80,0,23,0,1,62.72,3287,1840,65441
89594,1679.17,16,24,0,1,60.16,3335,1840,65442
89644,1664.63,3,25,0,0,14.54,3360,1840,65442
89694,1601.71,17,25,0,1,62.92,3385,1840,65443
89744,1525.32,27,26,0,1,63.33,3437,1840,65444
89794,1514.54,27,27,0,0,10.78,3464,1840,65444
89844,1448.16,28,27,0,1,66.38,3491,1840,65445
89894,1438.57,28,28,0,0,9.58,3519,1840,65445
89944,1371.99,29,28,0,1,66.58,3547,1840,65446
89994,1363.64,29,29,0,0,8.36,3576,1840,65446
90044,1347.95,27,29,0,-2,-108.38,3635,1840,65450
90094,1219.12,32,30,0,2,128.84,3665,1840,65452
90144,1211.83,31,31,0,0,7.29,3696,1840,65452
90194,1142.16,32,31,0,1,69.67,3727,1840,65453
90244,1142.16,32,31,0,1,69.67,3727,1840,65453
90294,1114.41,32,32,0,0,27.75,3759,1840,65453
90344,1082.25,32,32,0,0,32.16,3791,1840,65453
90394,1059.17,33,33,0,0,23.08,3824,1840,65453
90444,994.56,34,33,0,1,64.61,3857,1840,65454
90494,978.35,34,34,0,0,16.22,3891,1840,65454
90544,978.35,34,34,0,0,16.22,3891,1840,65454
90594,909.92,35,34,0,1,68.43,3925,1840,65455
90644,898.69,35,35,0,0,11.23,3960,1840,65455
90694,822.82,37,36,0,1,75.87,3996,1840,65456
90744,822.82,37,36,0,1,75.87,3996,1840,65456
90795,811.25,36,36,0,0,11.57,4032,1840,65456
90845,733.25,37,37,0,0,78.00,4069,1840,65456
90895,733.25,37,37,0,0,78.00,4069,1840,65456
90945,722.37,37,37,0,0,10.88,4106,1840,65456
90995,722.37,37,37,0,0,10.88,4106,1840,65456
91045,651.92,38,38,0,0,70.45,4144,1840,65456
91095,651.92,38,38,0,0,70.45,4144,1840,65456
91145,622.59,38,38,0,0,29.33,4182,1840,65456
91195,622.59,38,38,0,0,29.33,4182,1840,65456
91245,542.42,39,39,0,0,80.17,4221,1840,65456
91295,542.42,39,39,0,0,80.17,4221,1840,65456
91345,506.45,40,40,0,0,35.97,4261,1840,65456
91395,506.45,40,40,0,0,35.97,4261,1840,65456
91445,506.45,40,40,0,0,35.97,4261,1840,65456
91495,410.69,41,41,0,0,95.76,4302,1840,65456
91545,410.69,41,41,0,0,95.76,4302,1840,65456
91595,410.69,41,41,0,0,95.76,4302,1840,65456
91645,410.69,41,41,0,0,95.76,4302,1840,65456
91695,348.21,42,42,0,0,62.48,4344,1840,65456
91745,348.21,42,42,0,0,62.48,4344,1840,65456
91795,348.21,42,42,0,0,62.48,4344,1840,65456
91845,348.21,42,42,0,0,62.48,4344,1840,65456
92690,58.32,-42,42,0,0,62.48,4344,1840,65456
92740,58.32,-42,42,0,0,62.48,4344,1840,65456
92790,58.32,-42,42,0,0,62.48,4344,1840,65456
92840,58.32,-42,42,0,0,62.48,4344,1840,65456
92890,58.32,-42,42,0,0,62.48,4344,1840,65456
92940,0.00,-42,42,0,0,62.48,4344,1840,65456
92990,0.00,-42,42,0,0,62.48,4344,1840,65456
93040,0.00,-42,42,0,0,62.48,4344,1840,65456
93090,0.00,-42,42,0,0,62.48,4344,1840,65456
93140,0.00,-42,42,0,0,62.48,4344,1840,65456
93190,0.00,-42,42,0,0,62.48,4344,1840,65456
93240,0.00,-42,42,0,0,62.48,4344,1840,65456
93290,0.00,-42,42,0,0,62.48,4344,1840,65456
93340,0.00,-42,42,0,0,62.48,4344,1840,65456
93390,0.00,-42,42,0,0,62.48,4344,1840,65456
93440,0.00,-42,42,0,0,62.48,4344,1840,65456
93490,0.00,-42,42,0,0,62.48,4344,1840,65456
93540,0.00,-42,42,0,0,62.48,4344,1840,65456
93590,0.00,-42,42,0,0,62.48,4344,1840,65456
93640,0.00,-42,42,0,0,62.48,4344,1840,65456
93690,0.00,-42,42,0,0,62.48,4344,1840,65456
93740,0.00,-42,42,0,0,62.48,4344,1840,65456
93790,0.00,-42,42,0,0,62.48,4344,1840,65456
93840,0.00,-42,42,0,0,62.48,4344,1840,65456
93890,0.00,-42,42,0,0,62.48,4344,1840,65456
93940,0.00,-42,42,0,0,62.48,4344,1840,65456
93990,0.00,-42,42,0,0,62.48,4344,1840,65456
94040,0.00,-42,42,0,0,62.48,4344,1840,65456
94090,0.00,-42,42,0,0,62.48,4344,1840,65456
94140,0.00,-42,42,0,0,62.48,4344,1840,65456
94190,0.00,-42,42,0,0,62.48,4344,1840,65456
94240,0.00,-42,42,0,0,62.48,4344,1840,65456
94290,0.00,-42,42,0,0,62.48,4344,1840,65456
94340,0.00,-42,42,0,0,62.48,4344,1840,65456
94390,0.00,-42,42,0,0,62.48,4344,1840,65456
94440,0.00,-42,42,0,0,62.48,4344,1840,65456
94490,0.00,-42,42,0,0,62.48,4344,1840,65456
94540,0.00,-42,42,0,0,62.48,4344,1840,65456
94590,0.00,-42,42,0,0,62.48,4344,1840,65456
94640,0.00,-42,42,0,0,62.48,4344,1840,65456
94690,0.00,-42,42,0,0,62.48,4344,1840,65456
94740,0.00,-42,42,0,0,62.48,4344,1840,65456
94790,0.00,-42,42,0,0,62.48,4344,1840,65456
94840,0.00,-42,42,0,0,62.48,4344,1840,65456
94891,0.00,-42,42,0,0,62.48,4344,1840,65456
94941,0.00,-42,42,0,0,62.48,4344,1840,65456
94991,0.00,-42,42,0,0,62.48,4344,1840,65456
95041,0.00,-42,42,0,0,62.48,4344,1840,65456
95091,0.00,-42,42,0,0,62.48,4344,1840,65456
95141,0.00,-42,42,0,0,62.48,4344,1840,65456
95191,0.00,-42,42,0,0,62.48,4344,1840,65456
95241,0.00,-42,42,0,0,62.48,4344,1840,65456
95291,0.00,-42,42,0,0,62.48,4344,1840,65456
95341,0.00,-42,42,0,0,62.48,4344,1840,65456
95391,0.00,-42,42,0,0,62.48,4344,1840,65456
95441,0.00,-42,42,0,0,62.48,4344,1840,65456
95491,0.00,-42,42,0,0,62.48,4344,1840,65456
95541,0.00,-42,42,0,0,62.48,4344,1840,65456
95591,0.00,-42,42,0,0,62.48,4344,1840,65456
95641,0.00,-42,42,0,0,62.48,4344,1840,65456
95691,0.00,-42,42,0,0,62.48,4344,1840,65456
95741,0.00,-42,42,0,0,62.48,4344,1840,65456
95791,0.00,-42,42,0,0,62.48,4344,1840,65456
95841,0.00,-42,42,0,0,62.48,4344,1840,65456
95891,0.00,-42,42,0,0,62.48,4344,1840,65456
95941,0.00,-42,42,0,0,62.48,4344,1840,65456
95991,0.00,-42,42,0,0,62.48,4344,1840,65456
96041,0.00,-42,42,0,0,62.48,4344,1840,65456
96091,0.00,-42,42,0,0,62.48,4344,1840,65456
96141,0.00,-42,42,0,0,62.48,4344,1840,65456
96191,0.00,-42,42,0,0,62.48,4344,1840,65456
96241,0.00,-42,42,0,0,62.48,4344,1840,65456
96291,0.00,-42,42,0,0,62.48,4344,1840,65456
96342,0.00,-42,42,0,0,62.48,4344,1840,65456
96392,0.00,-42,42,0,0,62.48,4344,1840,65456
96442,0.00,-42,42,0,0,62.48,4344,1840,65456
96492,0.00,-42,42,0,0,62.48,4344,1840,65456
96542,0.00,-42,42,0,0,62.48,4344,1840,65456
96592,0.00,-42,42,0,0,62.48,4344,1840,65456
