------ Microcontroller Engine Governor - Version: 1.12 ------
-------------------------------------------------------------
PID Gains:        Kp: 0.010000   Ki:0.000000  ------ Microcontroller Engine Governor - Version: 1.12 ------
-------------------------------------------------------------
PID Gains:        Kp: 0.010000   Ki: 0.000000   Kd: 3.000000
-------------------------------------------------------------
Set RPM:             3600    |  Min RPM:                300
                             |
RPM Precision        2       |  PID I Precision:         22
                             |
Start Steps:         900     |  Max Steps:               1200
                             |
RPM Calc Interval:   1       |  Num Magnets:             1
                             |
LCD Update Interval: 400     |  Serial Update Interval:  50
-------------------------------------------------------------

Time,RPM,Steps Remaining, PID p, PID i, PID d
1803,0.00,0,0,0,0
1853,0.00,0,0,0,0
1903,0.00,0,0,0,0
1953,0.00,0,0,0,0
2003,0.00,0,0,0,0
2053,0.00,0,0,0,0
2103,0.00,0,0,0,0
2153,0.00,0,0,0,0
2203,0.00,0,0,0,0
2253,0.00,0,0,0,0
2304,0.00,0,0,0,0
2354,0.00,0,0,0,0
2404,0.00,0,0,0,0
2454,0.00,0,0,0,0
2504,0.00,0,0,0,0
2554,0.00,0,0,0,0
2604,0.00,0,0,0,0
2654,0.00,0,0,0,0
2704,0.00,0,0,0,0
2754,0.00,0,0,0,0
2804,0.00,0,0,0,0
2854,0.00,0,0,0,0
2904,0.00,0,0,0,0
2954,0.00,0,0,0,0
3004,0.00,0,0,0,0
3054,0.00,0,0,0,0
3104,0.00,0,0,0,0
3154,0.00,0,0,0,0
3204,0.00,0,0,0,0
3254,0.00,0,0,0,0
3304,0.00,0,0,0,0
3354,0.00,0,0,0,0
3404,0.00,0,0,0,0
3454,inf,0,0,0,0
3504,inf,0,0,0,0
3554,521.23,0,30,0,0
3604,521.23,0,30,0,0
3654,705.09,0,28,0,-6
3704,1082.41,0,25,0,-20
3755,1077.04,0,25,0,0
3805,1313.37,0,22,0,-15
3855,1555.69,0,20,0,-17
3905,1563.15,4,20,0,0
3955,1751.93,0,18,0,-16
4005,1930.50,0,16,0,-16
4055,2093.22,0,15,0,-17
4105,2241.48,-1,13,0,-15
4155,2239.81,0,13,0,0
4205,2361.83,0,12,0,0
4255,2606.43,-1,9,0,-12
4305,2699.78,0,9,0,-14
4355,2803.21,0,7,0,-16
4405,2889.62,0,7,0,-15
4455,2954.50,2,6,0,5
4505,3029.08,0,5,0,2
4555,3025.41,23,5,0,29
4605,3163.22,2,4,0,3
4655,3277.26,4,3,0,19
4705,3439.58,0,1,0,0
4755,3451.45,0,1,0,0
4805,3594.54,0,0,0,0
4855,3637.25,0,0,0,0
4905,3737.85,0,-1,0,0
4955,3751.88,0,-1,0,0
5005,3803.25,0,-2,0,0
5055,4135.65,-123,-5,0,-121
5105,3775.48,0,-1,0,0
5155,3922.59,-22,-3,0,-29
5206,3776.43,0,-1,0,0
5256,3877.97,0,-2,0,0
5306,3933.91,-72,-3,0,-71
5356,3637.25,0,0,0,0
5406,3579.95,0,0,0,0
5456,3488.37,0,1,0,0
5506,3434.07,0,1,0,0
5556,3373.06,0,2,0,1
5606,3273.68,0,3,0,5
5656,3279.41,0,3,0,-6
5706,3281.56,0,3,0,-5
5756,3272.25,0,3,0,5
5806,3314.92,-6,2,0,-14
5856,3282.28,5,3,0,3
5906,3301.78,0,2,0,9
5956,3333.33,0,2,0,-3
6006,3277.97,1,3,0,4
6056,3357.96,-1,2,0,-5
6106,3384.48,0,2,0,-1
6156,3400.59,0,1,0,0
6206,3460.21,0,1,0,0
6256,3470.62,0,1,0,0
6306,3540.24,0,0,0,0
6356,3529.41,0,0,0,0
6406,3592.81,0,0,0,0
6456,3589.38,0,0,0,0
6506,3660.32,0,0,0,0
6556,3666.59,0,0,0,0
6606,3735.99,0,-1,0,0
6656,3722.08,0,-1,0,0
6706,3751.88,0,-1,0,0
6756,3740.65,0,-1,0,0
6806,3771.69,0,-1,0,0
6856,3751.88,0,-1,0,0
6906,3730.42,0,-1,0,0
6956,3739.72,0,-1,0,0
7006,3720.24,0,-1,0,0
7056,3751.88,0,-1,0,0
7106,3730.42,0,-1,0,0
7156,3719.32,0,-1,0,0
7206,3700.05,0,-1,0,0
7256,3690.04,0,0,0,0
7306,3627.57,0,0,0,0
7356,3602.31,0,0,0,0
7406,3573.98,0,0,0,0
7456,3574.83,0,0,0,0
7506,3542.75,0,0,0,0
7556,3531.07,0,0,0,0
7606,3460.21,0,1,0,0
7656,3514.53,0,0,0,0
7706,3493.25,0,1,0,0
7756,3528.58,0,0,0,0
7806,3519.47,0,0,0,0
7856,3564.64,0,0,0,0
7906,3547.78,0,0,0,0
7956,3562.10,0,0,0,0
8006,3612.72,0,0,0,0
8056,3579.95,0,0,0,0
8107,3612.72,0,0,0,0
8157,3583.37,0,0,0,0
8207,3611.85,0,0,0,0
8257,3598.85,0,-2,0,0
8307,3589.38,0,0,0,0
8357,3626.69,0,0,0,0
8407,3621.44,0,0,0,0
8457,3561.25,0,0,0,0
8507,3588.52,0,0,0,0
8557,3568.88,0,0,0,0
8607,3583.37,0,0,0,0
8657,3569.73,0,0,0,0
8707,3584.23,0,0,0,0
8757,3575.69,0,0,0,0
8807,3614.46,0,0,0,0
8857,3598.85,0,0,0,0
8907,3631.96,0,0,0,0
8957,3597.12,0,0,0,0
9007,3547.78,0,0,0,0
9057,3528.58,0,0,0,0
9107,3555.34,0,0,0,0
9157,3538.57,0,0,0,0
9207,3591.95,0,0,0,0
9257,3570.58,0,0,0,0
9307,3612.72,0,0,0,0
9357,3574.83,0,0,0,0
9407,3627.57,0,0,0,0
9457,3608.37,0,0,0,0
9507,3630.20,0,0,0,0
9558,3617.94,0,0,0,0
9608,3614.46,0,0,0,0
9658,3598.85,0,0,0,0
9708,3623.19,0,0,0,0
9758,3584.23,0,0,0,0
9808,3566.33,0,0,0,0
9858,3560.41,0,0,0,0
9908,3593.67,0,0,0,0
9958,3584.23,0,0,0,0
10008,3594.54,0,0,0,0
10058,3546.10,0,0,0,0
10108,3593.67,0,0,0,0
10158,3551.14,0,0,0,0
10208,3529.41,0,0,0,0
10258,3520.30,0,0,0,0
10308,3557.03,0,0,0,0
10358,3536.90,0,0,0,0
10408,3564.64,0,0,0,0
10458,3555.34,0,0,0,0
10508,3552.82,0,0,0,0
10558,3592.81,0,0,0,0
10608,3579.10,0,0,0,0
10658,3607.50,0,0,0,0
10708,3550.30,0,0,0,0
10758,3556.19,0,0,0,0
10808,3536.90,0,0,0,0
10858,3547.78,0,0,0,0
10908,3520.30,0,0,0,0
10958,3522.78,0,0,0,0
11008,3501.40,0,0,0,0
11058,3565.49,0,0,0,0
11108,3568.88,0,0,0,0
11158,3612.72,0,0,0,0
11208,3598.85,0,0,0,0
11258,3631.08,0,0,0,0
11308,3627.57,0,0,0,0
11358,3641.66,0,0,0,0
11408,3627.57,0,0,0,0
11458,3685.50,0,0,0,0
11508,3683.69,0,0,0,0
11558,3695.49,0,0,0,0
11608,3655.86,0,0,0,0
11658,3685.50,0,0,0,0
11708,3617.94,0,0,0,0
11758,3641.66,0,0,0,0
11808,3594.54,0,0,0,0
11858,3625.82,0,0,0,0
11908,3584.23,0,0,0,0
11958,3655.86,0,0,0,0
12008,3583.37,0,0,0,0
12058,3608.37,0,0,0,0
12108,3592.81,0,0,0,0
12158,3611.85,0,0,0,0
12208,3597.98,0,0,0,0
12258,3631.96,0,0,0,0
12308,3594.54,0,0,0,0
12358,3593.67,0,0,0,0
12408,3593.67,0,0,0,0
12459,3617.07,0,0,0,0
12509,3598.85,0,0,0,0
12559,3622.31,0,0,0,0
12609,3608.37,0,0,0,0
12659,3631.96,0,0,0,0
12709,3617.94,0,0,0,0
12759,3651.41,0,0,0,0
12809,3608.37,0,0,0,0
12859,3665.69,0,0,0,0
12909,3646.09,0,0,0,0
12959,3651.41,0,0,0,0
13009,3637.25,0,0,0,0
13059,3646.97,0,0,0,0
13109,3627.57,0,0,0,0
13159,3646.09,0,0,0,0
13209,3626.69,0,0,0,0
13259,3631.96,0,0,0,0
13309,3601.44,0,-1,0,0
13359,3583.37,0,0,0,0
13409,3592.81,0,0,0,0
13459,3622.31,0,0,0,0
13509,3585.09,0,0,0,0
13559,3617.94,0,0,0,0
13609,3589.38,0,0,0,0
13659,3598.85,0,0,0,0
13709,3569.73,0,0,0,0
13759,3612.72,0,0,0,0
13809,3538.57,0,0,0,0
13859,3566.33,0,0,0,0
13910,3557.03,0,0,0,0
13960,3583.37,0,0,0,0
14010,3574.83,0,0,0,0
14060,3608.37,0,0,0,0
14110,3598.85,0,0,0,0
14160,3617.07,0,0,0,0
14210,3607.50,0,0,0,0
14260,3636.36,0,0,0,0
14310,3617.94,0,0,0,0
14360,3631.08,0,0,0,0
14410,3627.57,0,0,0,0
14460,3656.75,0,0,0,0
14510,3627.57,0,0,0,0
14560,3666.59,0,0,0,0
14610,3665.69,0,0,0,0
14660,3697.31,0,0,0,0
14710,3705.53,0,-1,0,0
14760,3689.13,0,0,0,0
14810,3655.86,0,0,0,0
14860,3606.64,0,0,0,0
14910,3631.96,0,0,0,0
14960,3598.85,0,0,0,0
15010,3641.66,0,0,0,0
15060,3584.23,0,0,0,0
15110,3617.07,0,0,0,0
15160,3607.50,0,0,0,0
15210,3623.19,0,0,0,0
15260,3547.78,0,0,0,0
15310,3602.31,0,0,0,0
15360,3583.37,0,0,0,0
15410,3621.44,0,0,0,0
15460,3585.09,0,0,0,0
15510,3578.24,0,0,0,0
15560,3569.73,0,0,0,0
15610,3594.54,0,0,0,0
15660,3603.17,0,0,0,0
15710,3561.25,0,0,0,0
15760,3593.67,0,0,0,0
15810,3569.73,0,0,0,0
15860,3584.23,0,0,0,0
15910,3528.58,0,0,0,0
15960,3594.54,0,0,0,0
16010,3560.41,0,0,0,0
16060,3593.67,0,0,0,0
16110,3566.33,0,0,0,0
16160,3602.31,0,0,0,0
16210,3598.85,0,0,0,0
16260,3626.69,0,0,0,0
16310,3617.94,0,0,0,0
16360,3626.69,0,0,0,0
16410,3593.67,0,0,0,0
16460,3617.07,0,0,0,0
16510,3573.98,0,0,0,0
16560,3603.17,0,0,0,0
16610,3546.94,0,0,0,0
16660,3585.09,0,0,0,0
16710,3561.25,0,0,0,0
16760,3585.94,0,0,0,0
16811,3536.90,0,0,0,0
16861,3557.03,0,0,0,0
16911,3536.90,0,0,0,0
16961,3519.47,0,0,0,0
17011,3510.41,0,0,0,0
17061,3546.94,0,0,0,0
17111,3492.43,0,1,0,0
17161,3480.28,0,1,0,0
17211,3501.40,0,0,0,0
17261,3492.43,0,1,0,0
17311,3557.03,0,0,0,0
17361,3547.78,0,0,0,0
17411,3573.98,0,0,0,0
17461,3542.75,0,0,0,0
17511,3564.64,0,0,0,0
17561,3550.30,0,0,0,0
17611,3564.64,0,0,0,0
17661,3547.78,0,0,0,0
17711,3566.33,0,0,0,0
17761,3555.34,0,0,0,0
17811,3603.17,0,0,0,0
17861,3585.09,0,0,0,0
17911,3593.67,0,0,0,0
17961,3541.08,0,0,0,0
18011,3575.69,0,0,0,0
18061,3559.56,0,0,0,0
18111,3608.37,0,0,0,0
18161,3561.25,0,0,0,0
18211,3594.54,0,0,0,0
18262,3551.14,0,0,0,0
18312,3604.04,0,0,0,0
18362,3569.73,0,0,0,0
18412,3603.17,0,0,0,0
18462,3557.03,0,0,0,0
18512,3546.10,0,0,0,0
18562,3573.98,0,0,0,0
18612,3529.41,0,0,0,0
18662,3601.44,0,0,0,0
18712,3585.09,0,0,0,0
18762,3542.75,0,0,0,0
18812,3583.37,0,0,0,0
18862,3641.66,0,0,0,0
18912,3637.25,0,0,0,0
18962,3665.69,0,0,0,0
19012,3656.75,0,0,0,0
19062,3705.53,0,-1,0,0
19112,3715.63,0,-1,0,0
19162,3658.54,0,0,0,0
19212,3715.63,0,-1,0,0
19262,3665.69,0,0,0,0
19312,3706.45,0,-1,0,0
19362,3690.04,0,0,0,0
19412,3704.62,0,-1,0,0
19462,3675.57,0,0,0,0
19512,3655.86,0,0,0,0
19562,3627.57,0,0,0,0
19612,3631.96,0,0,0,0
19662,3594.54,0,0,0,0
19712,3593.67,0,0,0,0
19762,3519.47,0,0,0,0
19812,3556.19,0,0,0,0
19862,3537.74,0,0,0,0
19912,3575.69,0,0,0,0
19962,3457.81,0,1,0,0
20012,3557.03,0,0,0,0
20062,3521.13,0,0,0,0
20112,3529.41,0,0,0,0
20162,3536.90,0,0,0,0
20212,3522.78,0,0,0,0
20262,3528.58,0,0,0,0
20312,3501.40,0,0,0,0
20362,3536.90,0,0,0,0
20412,3519.47,0,0,0,0
20462,3564.64,0,0,0,0
20512,3528.58,0,0,0,0
20562,3529.41,0,0,0,0
20612,3512.06,0,0,0,0
20662,3575.69,0,0,0,0
20712,3537.74,0,0,0,0
20762,3537.74,0,0,0,0
20812,3529.41,0,0,0,0
20862,3566.33,0,0,0,0
20912,3575.69,0,0,0,0
20962,3621.44,0,0,0,0
21012,3598.85,0,0,0,0
21062,3598.85,0,0,0,0
21112,3592.81,0,0,0,0
21163,3593.67,0,0,0,0
21213,3639.89,0,0,0,0
21263,3675.57,0,0,0,0
21313,3666.59,0,0,0,0
21363,3676.47,0,0,0,0
21413,3665.69,0,0,0,0
21463,3715.63,0,-1,0,0
21513,3681.88,0,0,0,0
21563,3750.00,0,-1,0,0
21613,3714.71,0,-1,0,0
21663,3725.78,0,-1,0,0
21713,3719.32,0,-1,0,0
21763,3729.49,0,-1,0,0
21813,3680.08,0,0,0,0
21863,3695.49,0,0,0,0
21913,3679.18,0,0,0,0
21963,3665.69,0,0,0,0
22013,3685.50,0,0,0,0
22063,3637.25,0,0,0,0
22113,3656.75,0,0,0,0
22163,3594.54,0,0,0,0
22213,3608.37,0,0,0,0
22263,3575.69,0,0,0,0
22313,3573.98,0,0,0,0
22363,3557.03,0,0,0,0
22413,3573.13,0,0,0,0
22463,3552.82,0,0,0,0
22513,3536.90,0,0,0,0
22563,3564.64,0,0,0,0
22614,3547.78,0,0,0,0
22664,3603.17,0,0,0,0
22714,3568.88,0,0,0,0
22764,3603.17,0,0,0,0
22814,3631.96,0,0,0,0
22864,3627.57,0,0,0,0
22914,3607.50,0,0,0,0
22964,3651.41,0,0,0,0
23014,3636.36,0,0,0,0
23064,3656.75,0,0,0,0
23114,3627.57,0,0,0,0
23164,3627.57,0,0,0,0
23214,3611.85,0,0,0,0
23264,3626.69,0,0,0,0
23314,3608.37,0,0,0,0
23364,3617.94,0,0,0,0
23414,3589.38,0,0,0,0
23464,3608.37,0,0,0,0
23514,3584.23,0,0,0,0
23564,3598.85,0,0,0,0
23614,3558.72,0,0,0,0
23664,3603.17,0,0,0,0
23714,3570.58,0,0,0,0
23764,3555.34,0,0,0,0
23814,3528.58,0,0,0,0
23864,3557.03,0,0,0,0
23914,3527.75,0,0,0,0
23964,3546.10,0,0,0,0
24014,3532.74,0,0,0,0
24064,3514.53,0,0,0,0
24114,3492.43,0,1,0,0
24164,3557.03,0,0,0,0
24214,3492.43,0,1,0,0
24264,3503.04,0,0,0,0
24314,3552.82,0,0,0,0
24364,3546.94,0,0,0,0
24414,3606.64,0,0,0,0
24464,3589.38,0,0,0,0
24514,3622.31,0,0,0,0
24564,3602.31,0,0,0,0
24614,3651.41,0,0,0,0
24664,3570.58,0,0,0,0
24714,3612.72,0,0,0,0
24764,3585.09,0,0,0,0
24814,3623.19,0,0,0,0
24864,3599.71,0,0,0,0
24914,3641.66,0,0,0,0
24964,3617.94,0,0,0,0
25014,3655.86,0,0,0,0
25064,3655.86,0,0,0,0
25114,3665.69,0,0,0,0
25164,3646.97,0,0,0,0
25214,3610.98,0,0,0,0
25264,3626.69,0,0,0,0
25314,3627.57,0,0,0,0
25364,3607.50,0,0,0,0
25414,3597.98,0,0,0,0
25464,3616.20,0,0,0,0
25515,3599.71,0,0,0,0
25565,3641.66,0,0,0,0
25615,3565.49,0,0,0,0
25665,3608.37,0,0,0,0
25715,3593.67,0,0,0,0
25765,3626.69,0,0,0,0
25815,3576.54,0,0,0,0
25865,3617.07,0,0,0,0
25915,3617.94,0,0,0,0
25965,3598.85,0,0,0,0
26015,3587.66,0,0,0,0
26065,3626.69,0,0,0,0
26115,3644.31,0,0,0,0
26165,3589.38,0,0,0,0
26215,3592.81,0,0,0,0
26265,3626.69,0,0,0,0
26315,3604.04,0,0,0,0
26365,3627.57,0,0,0,0
26415,3636.36,0,0,0,0
26465,3617.94,0,0,0,0
26515,3594.54,0,0,0,0
26565,3637.25,0,0,0,0
26615,3584.23,0,0,0,0
26665,3631.96,0,0,0,0
26715,3631.08,0,0,0,0
26765,3597.98,0,0,0,0
26815,3626.69,0,0,0,0
26865,3655.86,0,0,0,0
26915,3646.97,0,0,0,0
26966,3665.69,0,0,0,0
27016,3646.97,0,0,0,0
27066,3655.86,0,0,0,0
27116,3646.97,0,0,0,0
27166,3705.53,0,-1,0,0
27216,3690.04,0,0,0,0
27266,3695.49,0,0,0,0
27316,3680.08,0,0,0,0
27366,3695.49,0,0,0,0
27416,3700.05,0,-1,0,0
27466,3699.14,0,0,0,0
27516,3670.17,0,0,0,0
27566,3695.49,0,0,0,0
27616,3680.08,0,0,0,0
27666,3705.53,0,-1,0,0
27716,3685.50,0,0,0,0
27766,3656.75,0,0,0,0
27816,3665.69,0,0,0,0
27866,3607.50,0,0,0,0
27916,3651.41,0,0,0,0
27966,3636.36,0,0,0,0
28016,3676.47,0,0,0,0
28066,3661.22,0,0,0,0
28116,3675.57,0,0,0,0
28166,3636.36,0,0,0,0
28216,3656.75,0,0,0,0
28266,3636.36,0,0,0,0
28316,3617.94,0,0,0,0
28366,3597.98,0,0,0,0
28416,3597.12,0,0,0,0
28466,3570.58,0,0,0,0
28516,3637.25,0,0,0,0
28566,3627.57,0,0,0,0
28616,3655.86,0,0,0,0
28666,3627.57,0,0,0,0
28716,3627.57,0,0,0,0
28766,3575.69,0,0,0,0
28816,3579.95,0,0,0,0
28866,3559.56,0,0,0,0
28916,3584.23,0,0,0,0
28966,3575.69,0,0,0,0
29016,3611.85,0,0,0,0
29066,3602.31,0,0,0,0
29116,3622.31,0,0,0,0
29166,3598.85,0,0,0,0
29216,3583.37,0,0,0,0
29266,3573.98,0,0,0,0
29316,3589.38,0,0,0,0
29366,3575.69,0,0,0,0
29416,3608.37,0,0,0,0
29466,3575.69,0,0,0,0
29516,3637.25,0,0,0,0
29566,3627.57,0,0,0,0
29616,3655.86,0,0,0,0
29666,3591.09,0,0,0,0
29716,3651.41,0,0,0,0
29766,3637.25,0,0,0,0
29816,3646.09,0,0,0,0
29867,3598.85,0,0,0,0
29917,3626.69,0,0,0,0
29967,3604.04,0,0,0,0
30017,3621.44,0,0,0,0
30067,3592.81,0,0,0,0
30117,3607.50,0,0,0,0
30167,3592.81,0,0,0,0
30217,3569.73,0,0,0,0
30267,3547.78,0,0,0,0
30317,3592.81,0,0,0,0
30367,3574.83,0,0,0,0
30417,3593.67,0,0,0,0
30467,3584.23,0,0,0,0
30517,3617.07,0,0,0,0
30567,3599.71,0,0,0,0
30617,3577.39,0,0,0,0
30667,3568.88,0,0,0,0
30717,3579.10,0,0,0,0
30767,3602.31,0,0,0,0
30817,3583.37,0,0,0,0
30867,3557.87,0,0,0,0
30917,3562.10,0,0,0,0
30967,3573.98,0,0,0,0
31017,3552.82,0,0,0,0
31067,3583.37,0,0,0,0
31117,3547.78,0,0,0,0
31167,3564.64,0,0,0,0
31217,3551.98,0,0,0,0
31267,3587.66,0,0,0,0
31318,3578.24,0,0,0,0
31368,3607.50,0,0,0,0
31418,3574.83,0,0,0,0
31468,3627.57,0,0,0,0
31518,3594.54,0,0,0,0
31568,3601.44,0,0,0,0
31618,3602.31,0,0,0,0
31668,3587.66,0,0,0,0
31718,3594.54,0,0,0,0
31768,3597.98,0,0,0,0
31818,3593.67,0,0,0,0
31868,3608.37,0,0,0,0
31918,3585.09,0,0,0,0
31968,3594.54,0,0,0,0
32018,3585.09,0,0,0,0
32068,3580.81,0,0,0,0
32118,3617.94,0,0,0,0
32168,3641.66,0,0,0,0
32218,3617.94,0,0,0,0
32268,3651.41,0,0,0,0
32318,3598.85,0,0,0,0
32368,3626.69,0,0,0,0
32418,3584.23,0,0,0,0
32468,3626.69,0,0,0,0
32518,3598.85,0,0,0,0
32568,3641.66,0,0,0,0
32618,3598.85,0,0,0,0
32668,3644.31,0,0,0,0
32718,3608.37,0,0,0,0
32768,3598.85,0,0,0,0
32818,3593.67,0,0,0,0
32868,3612.72,0,0,0,0
32918,3585.09,0,0,0,0
32968,3627.57,0,0,0,0
33018,3585.09,0,0,0,0
33068,3607.50,0,0,0,0
33118,3585.09,0,0,0,0
33168,3607.50,0,0,0,0
33218,3576.54,0,0,0,0
33268,3607.50,0,0,0,0
33318,3584.23,0,0,0,0
33368,3621.44,0,0,0,0
33418,3598.85,0,0,0,0
33468,3579.10,0,0,0,0
33518,3570.58,0,0,0,0
33568,3536.90,0,0,0,0
33618,3537.74,0,0,0,0
33668,3585.09,0,0,0,0
33718,3555.34,0,0,0,0
33768,3606.64,0,0,0,0
33818,3602.31,0,0,0,0
33868,3641.66,0,0,0,0
33918,3617.94,0,0,0,0
33968,3655.86,0,0,0,0
34018,3636.36,0,0,0,0
34068,3675.57,0,0,0,0
34118,3646.97,0,0,0,0
34168,3685.50,0,0,0,0
34219,3685.50,0,0,0,0
34269,3705.53,0,-1,0,0
34319,3666.59,0,0,0,0
34369,3685.50,0,0,0,0
34419,3617.07,0,0,0,0
34469,3665.69,0,0,0,0
34519,3636.36,0,0,0,0
34569,3607.50,0,0,0,0
34619,3562.10,0,0,0,0
34669,3591.95,0,0,0,0
34719,3569.73,0,0,0,0
34769,3608.37,0,0,0,0
34819,3585.09,0,0,0,0
34869,3585.09,0,0,0,0
34919,3569.73,0,0,0,0
34969,3551.14,0,0,0,0
35019,3538.57,0,0,0,0
35069,3593.67,0,0,0,0
35119,3551.98,0,0,0,0
35169,3573.98,0,0,0,0
35219,3483.51,0,1,0,0
35269,3400.59,0,1,0,0
35319,3357.21,0,2,0,0
35369,3250.98,0,3,0,6
35419,3171.25,3,4,0,4
35469,3112.68,0,4,0,3
35519,3017.50,4,5,0,6
35569,2963.84,0,6,0,4
35619,2881.29,5,7,0,3
35670,2824.86,0,7,0,2
35720,2767.53,0,8,0,1
35770,2661.46,11,9,0,5
35820,2605.07,7,9,0,5
35870,2541.94,4,10,0,5
35920,2484.68,4,11,0,6
35970,2424.83,4,11,0,6
36020,2366.30,5,12,0,6
36070,2309.82,5,12,0,5
36120,2253.27,8,13,0,4
36170,2194.27,14,14,0,5
36220,2188.82,0,14,0,0
36270,2145.00,0,14,0,-2
36320,2073.54,3,15,0,1
36370,2019.66,12,15,0,0
36420,1973.17,0,16,0,4
36470,1917.18,9,16,0,4
36520,1909.85,0,16,0,0
36570,1857.36,2,17,0,0
36620,1806.36,0,17,0,4
36670,1753.16,22,18,0,4
36720,1749.07,18,18,0,0
36770,1694.92,19,19,0,0
36820,1642.04,23,19,0,4
36870,1640.24,19,19,0,0
36920,1573.65,21,20,0,1
36970,1541.62,22,20,0,2
37020,1531.39,20,20,0,0
37070,1476.38,21,21,0,0
37120,1418.98,25,21,0,4
37170,1419.11,21,21,0,0
37220,1363.02,25,22,0,3
37270,1363.39,22,22,0,0
37320,1305.71,25,22,0,3
37370,1305.37,22,22,0,0
37420,1245.23,26,23,0,3
37470,1247.71,23,23,0,0
37520,1186.24,27,24,0,3
37570,1187.55,24,24,0,0
37620,1124.10,27,24,0,3
37670,1126.30,24,24,0,0
37720,1072.96,27,25,0,2
37770,1063.00,25,25,0,0
37820,996.15,29,26,0,3
37870,996.15,29,26,0,3
37920,998.14,26,26,0,0
37970,929.94,29,26,0,3
38020,931.50,26,26,0,0
38070,931.50,26,26,0,0
38120,862.91,29,27,0,2
38170,860.98,27,27,0,0
38220,795.71,30,28,0,2
38270,795.71,30,28,0,2
38320,783.41,28,28,0,0
38370,783.41,28,28,0,0
38420,717.22,30,28,0,2
38470,696.61,29,29,0,0
38520,696.61,29,29,0,0
38571,626.38,31,29,0,2
38621,626.38,31,29,0,2
38671,597.66,30,30,0,0
38721,597.66,30,30,0,0
38771,597.66,30,30,0,0
38821,515.29,32,30,0,2
38871,515.29,32,30,0,2
38921,474.16,31,31,0,0
38971,474.16,31,31,0,0
39021,474.16,31,31,0,0
39071,369.28,33,32,0,1
39121,369.28,33,32,0,1
39171,369.28,33,32,0,1
39221,369.28,33,32,0,1
40123,113.40,-33,32,0,1
40173,113.40,-33,32,0,1
40223,113.40,-33,32,0,1
40273,113.40,-33,32,0,1
40323,113.40,-33,32,0,1
40373,113.40,-33,32,0,1
40423,113.40,-33,32,0,1
40473,113.40,-33,32,0,1
40523,113.40,-33,32,0,1
40573,113.40,-33,32,0,1
40623,113.40,-33,32,0,1
40673,113.40,-33,32,0,1
40723,113.40,-33,32,0,1
40773,113.40,-33,32,0,1
40823,113.40,-33,32,0,1
40873,113.40,-33,32,0,1
