------ Microcontroller Engine Governor - Version: 1.11 ------
-------------------------------------------------------------
PID Gains:        Kp: 0.010000   Ki: 0.000000   Kd: 3.000000
-------------------------------------------------------------
Set RPM:             3600    |  Min RPM:                300
                             |
RPM Precision        2       |  PID I Precision:         22
                             |
Start Steps:         900     |  Max Steps:               1200
                             |
RPM Calc Interval:   1       |  Num Magnets:             1
                             |
LCD Update Interval: 400     |  Serial Update Interval:  50
-------------------------------------------------------------

Time,RPM,Steps Remaining, PID p, PID i, PID d
87,0.00,0,0,0,0
137,0.00,0,0,0,0
187,0.00,0,0,0,0
237,0.00,0,0,0,0
287,0.00,0,0,0,0
337,0.00,0,0,0,0
387,0.00,0,0,0,0
437,0.00,0,0,0,0
487,0.00,0,0,0,0
537,0.00,0,0,0,0
587,0.00,0,0,0,0
637,0.00,0,0,0,0
687,0.00,0,0,0,0
737,0.00,0,0,0,0
787,0.00,0,0,0,0
837,0.00,0,0,0,0
887,0.00,0,0,0,0
937,0.00,0,0,0,0
987,0.00,0,0,0,0
1037,0.00,0,0,0,0
1087,0.00,0,0,0,0
1137,0.00,0,0,0,0
1187,0.00,0,0,0,0
1238,0.00,0,0,0,0
1288,0.00,0,0,0,0
1338,0.00,0,0,0,0
1388,0.00,0,0,0,0
1438,0.00,0,0,0,0
1488,0.00,0,0,0,0
1538,0.00,0,0,0,0
1588,0.00,0,0,0,0
1638,0.00,0,0,0,0
1688,0.00,0,0,0,0
1738,0.00,0,0,0,0
1788,0.00,0,0,0,0
1838,0.00,0,0,0,0
1888,0.00,0,0,0,0
1938,0.00,0,0,0,0
1988,0.00,0,0,0,0
2038,0.00,0,0,0,0
2088,0.00,0,0,0,0
2138,0.00,0,0,0,0
2188,0.00,0,0,0,0
2238,0.00,0,0,0,0
2288,0.00,0,0,0,0
2338,0.00,0,0,0,0
2388,0.00,0,0,0,0
2438,0.00,0,0,0,0
2488,0.00,0,0,0,0
2538,0.00,0,0,0,0
2588,0.00,0,0,0,0
2638,0.00,0,0,0,0
2688,0.00,0,0,0,0
4253,0.00,0,0,0,0
4303,0.00,0,0,0,0
4353,0.00,0,0,0,0
4403,0.00,0,0,0,0
4453,0.00,0,0,0,0
4503,0.00,0,0,0,0
4553,0.00,0,0,0,0
4603,0.00,0,0,0,0
4653,0.00,0,0,0,0
4703,0.00,0,0,0,0
4753,0.00,0,0,0,0
4803,0.00,0,0,0,0
4853,0.00,0,0,0,0
4903,0.00,0,0,0,0
4953,0.00,0,0,0,0
5003,0.00,0,0,0,0
5053,0.00,0,0,0,0
5103,0.00,0,0,0,0
5153,0.00,0,0,0,0
5203,0.00,0,0,0,0
5253,0.00,0,0,0,0
5303,0.00,0,0,0,0
5353,0.00,0,0,0,0
5403,0.00,0,0,0,0
5453,0.00,0,0,0,0
5504,0.00,0,0,0,0
5554,0.00,0,0,0,0
5604,0.00,0,0,0,0
5654,0.00,0,0,0,0
5704,0.00,0,0,0,0
5754,0.00,0,0,0,0
5804,inf,0,0,0,0
5854,inf,0,0,0,0
5904,859.30,0,27,0,0
5954,863.26,9,27,0,0
6004,1115.32,0,24,0,-14
6054,1112.92,14,24,0,0
6104,1359.31,0,22,0,-16
6154,1365.37,1,22,0,0
6204,1575.96,0,20,0,-16
6254,1769.70,0,18,0,-16
6304,1776.83,0,18,0,0
6354,1949.32,0,16,0,0
6404,2102.02,6,14,0,0
6454,2245.17,7,13,0,-1
6504,2365.18,8,12,0,0
6554,2477.29,5,11,0,0
6604,2587.10,1,10,0,0
6654,2691.07,0,9,0,1
6704,2775.21,0,8,0,2
6754,2881.84,12,7,0,13
6804,3122.40,-1,4,0,-24
6854,3250.27,-26,3,0,-40
6904,3337.78,-50,2,0,-55
6955,3337.04,-14,2,0,-33
7005,3346.72,0,2,0,4
7055,3475.44,0,1,0,-8
7105,3498.13,0,1,0,1
7155,3585.94,0,0,0,-1
7205,3587.66,0,0,0,0
7255,3625.82,0,0,0,-1
7305,3639.89,0,0,0,0
7355,3686.41,0,0,0,-3
7405,3649.63,0,0,0,1
7455,3690.04,0,0,0,-2
7505,3773.58,-13,-1,0,-24
7555,3758.46,0,-1,0,-1
7605,3722.08,0,-1,0,4
7655,3753.75,0,-1,0,-5
7705,3741.58,-32,-1,0,-32
7755,3555.34,13,0,0,15
7805,3658.54,0,0,0,4
7855,3620.56,0,0,0,0
7905,3573.98,0,0,0,0
7955,3526.09,0,0,0,1
8005,3513.70,-2,0,0,-3
8055,3530.24,0,0,0,-2
8105,3449.86,0,1,0,7
8155,3482.70,0,1,0,-5
8205,3488.37,0,1,0,2
8255,3466.60,0,1,0,2
8305,3460.21,0,1,0,3
8355,3520.30,0,0,0,-4
8406,3467.41,0,1,0,1
8456,3545.26,-1,0,0,-3
8506,3535.23,0,0,0,1
8556,3576.54,0,0,0,-1
8606,3576.54,0,0,0,0
8656,3545.26,0,0,0,12
8706,3643.43,0,0,0,7
8756,3644.31,0,0,0,2
8806,3716.55,4,-1,0,6
8856,3661.22,0,0,0,0
8906,3648.75,0,0,0,0
8956,3696.40,0,0,0,-4
9006,3615.33,0,0,0,0
9056,3669.28,0,0,0,-4
9106,3573.98,0,0,0,2
9156,3810.01,-45,-2,0,-49
9206,3545.26,7,0,0,12
9256,3712.87,-17,-1,0,-23
9306,3546.94,6,0,0,12
9356,3535.23,0,0,0,0
9406,3503.85,0,0,0,2
9456,3477.86,2,1,0,3
9506,3429.36,0,1,0,4
9556,3350.46,17,2,0,29
9606,3507.95,0,0,0,11
9656,3482.70,0,1,0,4
9706,3533.57,0,0,0,-2
9756,3490.81,0,1,0,2
9806,3573.13,0,0,0,-1
9856,3567.18,0,0,0,1
9906,3595.40,0,0,0,0
9956,3596.26,0,0,0,0
10006,3591.95,0,0,0,0
10056,3576.54,0,0,0,0
10106,3653.19,0,0,0,-1
10156,3620.56,0,0,0,0
10206,3639.89,0,0,0,-1
10256,3619.69,0,0,0,0
10306,3659.43,0,0,0,-2
10356,3617.07,0,0,0,0
10406,3616.20,0,0,0,0
10456,3592.81,0,0,0,0
10506,3635.48,0,0,0,-1
10556,3592.81,0,0,0,0
10606,3606.64,0,0,0,0
10656,3583.37,0,0,0,0
10706,3634.60,0,0,0,-1
10756,3617.94,0,0,0,0
10806,3585.09,0,0,0,0
10856,3569.73,0,0,0,0
10906,3577.39,0,0,0,0
10956,3558.72,0,0,0,1
11006,3584.23,0,0,0,0
11056,3582.52,0,0,0,0
11106,3634.60,0,0,0,-1
11156,3615.33,0,0,0,0
11206,3600.58,0,0,0,0
11256,3591.95,0,0,0,0
11307,3630.20,0,0,0,0
11357,3620.56,0,0,0,0
11407,3592.81,0,0,0,0
11457,3578.24,0,0,0,0
11507,3606.64,0,0,0,0
11557,3548.62,0,0,0,4
11607,3570.58,0,0,0,-1
11657,3549.46,0,0,0,2
11707,3610.98,0,0,0,0
11757,3597.98,0,0,0,0
11807,3658.54,-1,0,0,-3
11857,3639.89,0,0,0,0
11907,3664.79,0,0,0,-2
11957,3629.32,0,0,0,1
12007,3628.45,0,0,0,0
12057,3610.98,0,0,0,0
12107,3639.89,0,0,0,-1
12157,3619.69,0,0,0,0
12207,3676.47,0,0,0,-4
12257,3654.08,0,0,0,2
12307,3620.56,0,0,0,0
12357,3610.11,0,0,0,0
12407,3639.01,0,0,0,-1
12457,3592.81,0,0,0,0
12507,3562.10,0,0,0,-1
12557,3553.66,0,0,0,1
12607,3540.24,0,0,0,-1
12657,3523.61,0,0,0,2
12707,3546.94,0,0,0,-1
12759,3504.67,0,0,0,1
12809,3490.81,0,1,0,1
12859,3546.10,0,0,0,-2
12909,3512.88,0,0,0,3
12959,3529.41,0,0,0,-2
13009,3503.85,0,0,0,2
13059,3557.87,0,0,0,-1
13109,3488.37,0,1,0,2
13159,3533.57,0,0,0,-2
13209,3536.07,0,0,0,1
13259,3590.23,0,0,0,0
13309,3569.73,0,0,0,0
13359,3602.31,0,0,0,0
13409,3582.52,0,0,0,0
13459,3629.32,0,0,0,0
13509,3568.88,0,0,0,0
13559,3617.94,0,0,0,0
13609,3577.39,0,0,0,0
13659,3614.46,0,0,0,0
13709,3609.24,0,0,0,0
13759,3635.48,0,0,0,-1
13809,3625.82,0,0,0,0
13859,3622.31,0,0,0,0
13910,3599.71,0,0,0,-1
13960,3633.72,0,0,0,-1
14010,3620.56,0,0,0,0
14060,3654.08,0,0,0,-1
14110,3639.01,0,0,0,1
14160,3621.44,0,0,0,0
14210,3575.69,0,0,0,0
14260,3609.24,0,0,0,0
14310,3568.88,0,0,0,1
14360,3620.56,0,0,0,0
14410,3604.90,0,0,0,0
14460,3669.28,0,0,0,-4
14510,3634.60,0,0,0,1
14560,3630.20,0,0,0,0
14610,3616.20,0,0,0,0
14660,3600.58,0,0,0,0
14710,3568.03,0,0,0,0
14760,3619.69,0,0,0,0
14810,3537.74,0,0,0,2
14860,3550.30,0,0,0,-2
14910,3541.08,0,0,0,2
14960,3566.33,0,0,0,-1
15010,3559.56,0,0,0,1
15060,3567.18,0,0,0,0
15110,3531.90,1,0,0,2
15160,3517.82,0,0,0,1
15210,3561.25,0,0,0,4
15260,3549.46,0,0,0,2
15310,3582.52,0,0,0,0
15360,3578.24,0,0,0,1
15410,3635.48,0,0,0,-2
15460,3607.50,0,0,0,0
15510,3654.08,0,0,0,-1
15560,3654.08,0,0,0,1
15610,3654.08,0,0,0,1
15660,3545.26,0,0,0,12
15710,3740.65,-24,-1,0,-39
15760,3778.34,-2,-1,0,-2
15810,3625.82,0,0,0,0
15860,3654.08,0,0,0,-1
15910,3601.44,0,0,0,0
15960,3579.10,0,0,0,0
16010,3582.52,0,0,0,0
16060,3624.94,0,0,0,0
16110,3583.37,0,0,0,0
16160,3602.31,0,0,0,0
16210,3526.92,0,0,0,1
16260,3531.07,0,0,0,2
16310,3572.28,0,0,0,0
16360,3551.14,0,0,0,1
16410,3548.62,0,0,0,4
16460,3548.62,0,0,0,1
16510,3576.54,0,0,0,0
16560,3568.88,0,0,0,0
16610,3625.82,0,0,0,-1
16660,3610.11,0,0,0,0
16710,3591.09,0,0,0,0
16760,3560.41,0,0,0,1
16811,3586.80,0,0,0,0
16861,3531.07,0,0,0,0
16911,3562.95,0,0,0,0
16961,3560.41,0,0,0,1
17011,3616.20,0,0,0,0
17061,3596.26,0,0,0,0
17111,3579.95,0,0,0,0
17161,3583.37,0,0,0,0
17211,3633.72,0,0,0,-1
17261,3619.69,0,0,0,0
17311,3639.89,0,0,0,-1
17361,3620.56,0,0,0,0
17411,3649.63,0,0,0,-2
17461,3585.09,0,0,0,0
17511,3596.26,0,0,0,0
17561,3583.37,0,0,0,0
17611,3639.01,0,0,0,-1
17661,3578.24,0,0,0,0
17711,3625.82,0,0,0,-1
17761,3605.77,0,0,0,0
17811,3595.40,0,0,0,0
17861,3583.37,0,0,0,0
17911,3569.73,0,0,0,0
17961,3568.88,0,0,0,0
18011,3606.64,0,0,0,0
18061,3582.52,0,0,0,0
18111,3559.56,0,0,0,1
18161,3531.07,0,0,0,2
18211,3562.10,0,0,0,-1
18262,3568.03,0,0,0,0
18312,3546.94,0,0,0,0
18362,3540.24,0,0,0,1
18412,3548.62,0,0,0,0
18462,3540.24,0,0,0,1
18512,3561.25,0,0,0,0
18562,3575.69,0,0,0,-1
18612,3545.26,0,0,0,11
18662,3547.78,0,0,0,10
18712,3553.66,0,0,0,11
18762,3555.34,1,0,0,18
18812,3885.00,-50,-2,0,-50
18863,3546.94,10,0,0,11
18913,3757.52,-33,-1,0,-35
18963,3546.94,9,0,0,12
19013,3742.51,-29,-1,0,-33
19063,3682.79,1,0,0,7
19113,3735.06,0,-1,0,-6
19163,3702.79,0,-1,0,4
19213,3678.27,0,0,0,0
19263,3639.89,0,0,0,1
19313,3628.45,0,0,0,0
19363,3564.64,0,0,0,1
19414,3592.81,0,0,0,0
19464,3578.24,0,0,0,0
19514,3625.82,0,0,0,-1
19564,3546.10,0,0,0,1
19614,3560.41,0,0,0,0
19664,3499.77,0,1,0,3
19714,3519.47,0,0,0,-4
19764,3482.70,0,1,0,3
19814,3546.10,0,0,0,-2
19864,3531.07,0,0,0,2
19914,3568.03,0,0,0,-1
19964,3562.95,0,0,0,1
20014,3544.42,0,0,0,0
20064,3586.80,0,0,0,0
20114,3591.09,0,0,0,0
20164,3639.89,0,0,0,-1
20214,3625.82,0,0,0,1
20264,3546.10,0,0,0,11
20314,3554.50,0,0,0,13
20364,3591.09,0,0,0,0
20414,3563.79,0,0,0,1
20464,3592.81,0,0,0,0
20514,3569.73,0,0,0,0
20564,3556.19,0,0,0,-1
20614,3541.08,0,0,0,2
20664,3562.10,0,0,0,-1
20714,3540.24,0,0,0,2
20764,3579.95,0,0,0,0
20814,3568.03,0,0,0,1
20864,3611.85,0,0,0,0
20914,3569.73,0,0,0,0
20964,3602.31,0,0,0,0
21014,3601.44,0,0,0,-1
21064,3598.85,0,0,0,-1
21114,3592.81,0,0,0,0
21164,3644.31,0,0,0,-2
21214,3590.23,0,0,0,0
21264,3628.45,0,0,0,0
21314,3602.31,0,0,0,0
21364,3602.31,0,0,0,0
21414,3591.95,0,0,0,0
21464,3583.37,0,0,0,0
21514,3578.24,0,0,0,0
21564,3634.60,0,0,0,-1
21614,3624.94,0,0,0,0
21664,3639.89,0,0,0,-1
21714,3592.81,0,0,0,0
21764,3639.89,0,0,0,-1
21814,3600.58,0,0,0,-1
21864,3610.11,0,0,0,0
21914,3546.10,0,0,0,1
21964,3591.09,0,0,0,0
22014,3572.28,0,0,0,1
22064,3587.66,0,0,0,0
22114,3573.13,0,0,0,0
22164,3595.40,0,0,0,0
22214,3531.07,0,0,0,1
22264,3591.09,0,0,0,0
22315,3568.03,0,0,0,0
22365,3595.40,0,0,0,0
22415,3578.24,0,0,0,0
22465,3637.25,0,0,0,0
22515,3560.41,0,0,0,1
22565,3591.09,0,0,0,0
22615,3559.56,0,0,0,1
22665,3595.40,0,0,0,0
22715,3591.95,0,0,0,0
22765,3597.12,0,0,0,0
22815,3581.66,0,0,0,0
22865,3620.56,0,0,0,0
22915,3591.95,0,0,0,0
22965,3659.43,-1,0,0,-2
23015,3639.89,0,0,0,0
23065,3646.09,0,0,0,0
23115,3625.82,0,0,0,1
23165,3649.63,0,0,0,-1
23215,3613.59,0,0,0,0
23265,3616.20,0,0,0,0
23315,3624.94,0,0,0,0
23365,3654.08,0,0,0,0
23415,3601.44,0,0,0,0
23465,3649.63,0,0,0,-1
23515,3620.56,0,0,0,0
23565,3616.20,0,0,0,0
23615,3609.24,0,0,0,0
23665,3595.40,0,0,0,0
23715,3569.73,0,0,0,0
23766,3596.26,0,0,0,0
23816,3568.03,0,0,0,0
23866,3610.11,0,0,0,0
23916,3581.66,0,0,0,0
23966,3601.44,0,0,0,0
24016,3582.52,0,0,0,0
24066,3606.64,0,0,0,0
24116,3549.46,0,0,0,1
24166,3525.26,1,0,0,2
24216,3546.10,0,0,0,-1
24266,3662.11,0,0,0,-11
24316,3543.59,0,0,0,0
24366,3530.24,0,0,0,2
24416,3551.98,0,0,0,-2
24466,3543.59,0,0,0,2
24516,3577.39,0,0,0,0
24566,3555.34,0,0,0,0
24616,3600.58,0,0,0,0
24666,3528.58,0,0,0,2
24716,3561.25,0,0,0,0
24766,3559.56,0,0,0,1
24816,3591.09,0,0,0,0
24866,3541.08,0,0,0,0
24916,3604.04,0,0,0,0
24966,3595.40,0,0,0,0
25016,3572.28,0,0,0,1
25066,3568.88,0,0,0,0
25116,3624.94,0,0,0,-1
25166,3569.73,0,0,0,1
25216,3596.26,0,0,0,0
25266,3585.94,0,0,0,0
25316,3629.32,0,0,0,0
25366,3625.82,0,0,0,0
25416,3676.47,0,0,0,-3
25466,3605.77,0,0,0,0
25516,3669.28,0,0,0,-4
25566,3629.32,0,0,0,0
25616,3676.47,0,0,0,-2
25666,3652.30,0,0,0,2
25716,3683.69,0,0,0,-3
25766,3654.08,0,0,0,2
25816,3667.48,0,0,0,-1
25866,3628.45,0,0,0,0
25916,3667.48,0,0,0,-2
25966,3591.09,0,0,0,0
26016,3585.94,0,0,0,0
26066,3563.79,0,0,0,0
26116,3591.95,0,0,0,0
26166,3567.18,0,0,0,0
26216,3586.80,0,0,0,0
26266,3512.88,0,0,0,2
26316,3565.49,0,0,0,-1
26366,3560.41,0,0,0,1
26416,3606.64,0,0,0,0
26466,3547.78,0,0,0,1
26516,3592.81,0,0,0,0
26566,3545.26,0,0,0,2
26616,3576.54,0,0,0,0
26667,3568.03,0,0,0,0
26717,3586.80,0,0,0,0
26767,3567.18,0,0,0,0
26817,3551.14,0,0,0,-1
26868,3553.66,0,0,0,1
26918,3611.85,0,0,0,0
26968,3560.41,0,0,0,0
27018,3545.26,0,0,0,12
27068,3548.62,0,0,0,8
27118,3545.26,0,0,0,11
27169,3713.79,-22,-1,0,-22
27219,3545.26,11,0,0,12
27269,3731.34,-27,-1,0,-27
27319,3545.26,10,0,0,11
27369,3634.60,-1,0,0,-3
27419,3555.34,0,0,0,0
27469,3540.24,0,0,0,1
27520,3540.24,0,0,0,2
27570,3350.46,54,2,0,67
27620,3359.46,55,2,0,67
27670,3528.58,0,0,0,1
27720,3471.42,0,1,0,3
27770,3515.35,0,0,0,-4
27820,3435.64,0,1,0,4
27870,3489.18,0,1,0,-5
27920,3473.03,0,1,0,3
27970,3517.82,-1,0,0,-4
28020,3504.67,2,0,0,3
28071,3567.18,0,0,0,-1
28121,3586.80,0,0,0,0
28171,3545.26,0,0,0,12
28221,3554.50,0,0,0,10
28271,3529.41,0,0,0,10
28321,3556.19,0,0,0,-1
28371,3539.41,0,0,0,2
28421,3485.94,0,1,0,1
28471,3491.62,0,1,0,2
28521,3555.34,0,0,0,0
28571,3550.30,0,0,0,1
28621,3610.98,0,0,0,0
28672,3592.81,0,0,0,0
28722,3606.64,0,0,0,0
28772,3581.66,0,0,0,0
28822,3634.60,0,0,0,-1
28872,3606.64,0,0,0,0
28922,3645.20,0,0,0,-1
28972,3581.66,0,0,0,0
29022,3615.33,0,0,0,0
29072,3604.90,0,0,0,0
29122,3609.24,0,0,0,0
29172,3591.09,0,0,0,0
29222,3631.08,0,0,0,0
29272,3591.95,0,0,0,0
29322,3635.48,0,0,0,-1
29372,3609.24,0,0,0,0
29422,3630.20,0,0,0,0
29472,3579.10,0,0,0,0
29522,3616.20,0,0,0,0
29572,3591.95,0,0,0,0
29622,3597.12,0,0,0,0
29672,3582.52,0,0,0,0
29722,3606.64,0,0,0,0
29772,3601.44,0,0,0,-1
29822,3645.20,0,0,0,-2
29872,3582.52,0,0,0,0
29922,3616.20,0,0,0,0
29972,3583.37,0,0,0,0
30022,3558.72,0,0,0,0
30072,3549.46,0,0,0,2
30123,3557.03,0,0,0,-1
30173,3550.30,0,0,0,0
30223,3603.17,0,0,0,0
30273,3546.10,0,0,0,1
30323,3575.69,0,0,0,0
30373,3568.88,0,0,0,0
30423,3605.77,0,0,0,0
30473,3582.52,0,0,0,0
30523,3620.56,0,0,0,0
30573,3583.37,0,0,0,0
30623,3568.88,0,0,0,0
30673,3558.72,0,0,0,1
30723,3535.23,0,0,0,2
30773,3582.52,0,0,0,1
30823,3573.98,0,0,0,0
30873,3624.94,0,0,0,0
30923,3585.94,0,0,0,0
30973,3616.20,0,0,0,0
31023,3592.81,0,0,0,0
31073,3649.63,0,0,0,-2
31123,3615.33,0,0,0,0
31173,3654.97,0,0,0,-1
31223,3771.69,-43,-1,0,-43
31275,3546.94,11,0,0,12
31325,3669.28,-17,0,0,-19
31375,3553.66,10,0,0,13
31425,3635.48,0,0,0,-3
31475,3549.46,0,0,0,2
31525,3537.74,0,0,0,-2
31575,3481.09,0,1,0,2
31625,3437.21,0,1,0,3
31675,3476.25,0,1,0,-2
31725,3479.47,0,1,0,3
31775,3519.47,0,0,0,-2
31825,3499.77,0,1,0,3
31875,3527.75,0,0,0,-1
31925,3485.94,0,1,0,4
31975,3476.25,0,1,0,-1
32025,3473.83,3,1,0,3
32076,3538.57,-1,0,0,-2
32128,3531.07,0,0,0,1
32178,3585.94,0,0,0,0
32228,3591.95,0,0,0,0
32278,3652.30,0,0,0,-1
32328,3619.69,0,0,0,0
32378,3664.79,0,0,0,-2
32428,3630.20,0,0,0,1
32478,3626.69,0,0,0,0
32528,3621.44,0,0,0,0
32578,3644.31,0,0,0,0
32628,3620.56,0,0,0,0
32678,3625.82,0,0,0,0
32728,3583.37,0,0,0,0
32778,3586.80,0,0,0,0
32828,3573.98,0,0,0,1
32878,3606.64,0,0,0,0
32928,3548.62,0,0,0,1
32978,3620.56,0,0,0,-1
33028,3568.88,0,0,0,1
33078,3585.94,0,0,0,0
33128,3585.94,0,0,0,0
33178,3545.26,0,0,0,11
33228,3545.26,0,0,0,13
33278,3554.50,0,0,0,11
33328,3553.66,0,0,0,14
33378,3555.34,1,0,0,17
33428,3553.66,0,0,0,15
33478,3553.66,0,0,0,13
33528,3545.26,0,0,0,12
33579,3741.58,-32,-1,0,-32
33629,3766.01,-3,-1,0,-4
33679,3693.67,0,0,0,-3
33729,3692.76,0,0,0,2
33779,3707.36,0,-1,0,-3
33829,3692.76,0,0,0,2
33879,3726.71,0,-1,0,-3
33929,3702.79,0,-1,0,4
33979,3695.49,0,0,0,1
34029,3697.31,0,0,0,0
34079,3716.55,0,-1,0,-2
34129,3684.60,0,0,0,3
34179,3686.41,0,0,0,0
34229,3645.20,0,0,0,1
34279,3621.44,0,0,0,1
34329,3546.10,0,0,0,11
34379,3545.26,0,0,0,12
34429,3547.78,0,0,0,9
34479,3542.75,0,0,0,0
34529,3521.95,0,0,0,1
34579,3511.24,0,0,0,0
34629,3462.60,0,1,0,4
34679,3490.00,0,1,0,-5
34729,3424.66,0,1,0,1
34779,3493.25,0,1,0,-4
34829,3472.22,2,1,0,2
34879,3482.70,0,1,0,3
34929,3546.10,0,0,0,-1
34979,3505.49,0,0,0,4
35030,3541.91,0,0,0,-2
35080,3527.75,0,0,0,2
35130,3579.95,0,0,0,-1
35180,3559.56,0,0,0,1
35230,3625.82,0,0,0,-1
35280,3568.03,0,0,0,1
35330,3593.67,0,0,0,0
35380,3573.13,0,0,0,1
35430,3587.66,0,0,0,0
35480,3583.37,0,0,0,0
35530,3591.95,0,0,0,0
35580,3576.54,0,0,0,1
35630,3612.72,0,0,0,0
35680,3604.90,0,0,0,0
35730,3625.82,0,0,0,0
35780,3592.81,0,0,0,0
35830,3653.19,0,0,0,-1
35880,3604.90,0,0,0,0
35930,3649.63,0,0,0,-2
35980,3638.13,0,0,0,1
36030,3604.90,0,0,0,0
36080,3602.31,0,0,0,0
36130,3659.43,0,0,0,-3
36180,3652.30,0,0,0,-7
36230,3634.60,0,0,0,-1
36280,3621.44,0,0,0,0
36330,3657.64,0,0,0,-2
36380,3581.66,0,0,0,0
36430,3596.26,0,0,0,0
36480,3573.98,0,0,0,1
36530,3567.18,0,0,0,0
36580,3539.41,0,0,0,2
36630,3566.33,0,0,0,0
36680,3555.34,0,0,0,1
36730,3616.20,0,0,0,0
36780,3526.92,0,0,0,3
36830,3576.54,0,0,0,-1
36880,3567.18,0,0,0,0
36930,3567.18,0,0,0,-1
36980,3562.10,0,0,0,1
37030,3614.46,0,0,0,0
37080,3583.37,0,0,0,0
37130,3616.20,0,0,0,0
37180,3601.44,0,0,0,-1
37230,3616.20,0,0,0,0
37280,3615.33,0,0,0,0
37330,3674.67,0,0,0,-3
37380,3610.11,0,0,0,0
37430,3664.79,0,0,0,-3
37480,3625.82,0,0,0,0
37530,3654.97,0,0,0,-2
37580,3625.82,0,0,0,1
37630,3606.64,0,0,0,0
37680,3582.52,0,0,0,0
37730,3566.33,0,0,0,0
37780,3495.69,2,1,0,3
37830,3566.33,-1,0,0,-2
37880,3568.88,0,0,0,0
37931,3568.88,0,0,0,0
37981,3579.95,0,0,0,-1
38031,3545.26,0,0,0,12
38081,3554.50,0,0,0,11
38132,3687.32,-13,0,0,-14
38182,3610.11,0,0,0,0
38232,3551.14,0,0,0,1
38282,3759.40,-33,-1,0,-48
38332,3662.11,0,0,0,-11
38382,3583.37,0,0,0,0
38432,3526.92,0,0,0,2
38482,3585.94,0,0,0,0
38532,3568.88,0,0,0,0
38582,3602.31,0,0,0,0
38632,3591.09,0,0,0,0
38682,3624.94,0,0,0,0
38732,3619.69,0,0,0,0
38782,3630.20,0,0,0,0
38832,3609.24,0,0,0,0
38882,3592.81,0,0,0,0
38932,3576.54,0,0,0,0
38982,3567.18,0,0,0,0
39032,3549.46,0,0,0,1
39083,3601.44,0,0,0,0
39133,3559.56,0,0,0,1
39183,3604.90,0,0,0,0
39233,3601.44,0,0,0,-1
39283,3591.95,0,0,0,0
39333,3582.52,0,0,0,0
39383,3568.88,0,0,0,0
39433,3580.81,0,0,0,0
39483,3605.77,0,0,0,0
39533,3586.80,0,0,0,0
39583,3568.88,0,0,0,0
39633,3568.88,0,0,0,0
39683,3621.44,0,0,0,-1
39733,3568.88,0,0,0,0
39783,3610.98,0,0,0,0
39833,3540.24,0,0,0,1
39883,3585.09,0,0,0,0
39933,3554.50,0,0,0,1
39983,3606.64,0,0,0,0
40033,3583.37,0,0,0,0
40083,3600.58,0,0,0,0
40133,3591.09,0,0,0,0
40183,3639.89,0,0,0,-1
40233,3585.09,0,0,0,0
40283,3645.20,0,0,0,-1
40333,3618.82,0,0,0,0
40383,3620.56,0,0,0,0
40433,3607.50,0,0,0,0
40483,3596.26,0,0,0,0
40534,3535.23,0,0,0,2
40584,3596.26,0,0,0,0
40634,3584.23,0,0,0,0
40684,3595.40,0,0,0,0
40734,3568.03,0,0,0,1
40784,3577.39,0,0,0,0
40834,3562.95,0,0,0,0
40884,3536.07,1,0,0,2
40934,3564.64,0,0,0,-1
40984,3545.26,0,0,0,11
41034,3546.94,0,0,0,10
41084,3573.98,0,0,0,2
41134,3577.39,0,0,0,0
41184,3549.46,0,0,0,1
41234,3560.41,0,0,0,-1
41284,3541.08,0,0,0,1
41334,3544.42,0,0,0,-2
41384,3540.24,0,0,0,2
41434,3594.54,0,0,0,0
41484,3546.10,0,0,0,1
41534,3585.09,0,0,0,0
41584,3577.39,0,0,0,0
41634,3606.64,0,0,0,0
41684,3596.26,0,0,0,0
41734,3639.89,0,0,0,-1
41784,3591.95,0,0,0,0
41834,3653.19,0,0,0,-1
41884,3619.69,0,0,0,0
41934,3644.31,0,0,0,0
41984,3620.56,0,0,0,0
42034,3609.24,0,0,0,0
42084,3591.95,0,0,0,0
42134,3616.20,0,0,0,0
42184,3597.12,0,0,0,0
42234,3606.64,0,0,0,0
42284,3600.58,0,0,0,0
42334,3613.59,0,0,0,0
42384,3591.09,0,0,0,0
42434,3605.77,0,0,0,0
42484,3527.75,0,0,0,3
42534,3565.49,0,0,0,-1
42584,3531.07,0,0,0,2
42634,3506.31,0,0,0,0
42684,3481.89,1,1,0,3
42734,3534.40,0,0,0,-2
42785,3523.61,0,0,0,1
42835,3561.25,0,0,0,-1
42885,3585.09,0,0,0,0
42935,3549.46,0,0,0,0
42985,3595.40,0,0,0,0
43035,3558.72,0,0,0,0
43085,3594.54,0,0,0,0
43136,3577.39,0,0,0,0
43186,3629.32,0,0,0,0
43236,3599.71,0,0,0,0
43286,3612.72,0,0,0,0
43336,3599.71,0,0,0,0
43386,3583.37,0,0,0,0
43436,3585.09,0,0,0,0
43486,3636.36,0,0,0,0
43536,3618.82,0,0,0,0
43586,3647.86,0,0,0,0
43636,3638.13,0,0,0,0
43686,3590.23,0,0,0,0
43736,3505.49,0,0,0,0
43786,3428.57,0,0,0,0
43836,3346.72,0,0,0,0
43886,3267.97,0,0,0,0
43936,3207.87,0,0,0,0
43986,3121.75,0,0,0,0
44036,3060.60,0,0,0,0
44086,2988.05,0,0,0,0
44136,2931.41,0,0,0,0
44186,2841.99,0,0,0,0
44236,2747.25,0,0,0,0
44286,2725.79,0,0,0,0
44336,2653.46,0,0,0,0
44386,2593.81,0,0,0,0
44436,2537.64,0,0,0,0
44486,2479.34,0,0,0,0
44536,2419.35,0,0,0,0
44587,2361.83,0,0,0,0
44637,2307.69,0,0,0,0
44687,2251.58,0,0,0,0
44737,2191.06,0,0,0,0
44787,2152.70,0,0,0,0
44837,2093.22,0,0,0,0
44887,2035.00,0,0,0,0
44937,2016.40,0,0,0,0
44987,1955.42,0,0,0,0
45037,1896.81,0,0,0,0
45087,1854.83,0,0,0,0
45137,1792.33,0,0,0,0
45187,1777.04,0,0,0,0
45237,1717.43,0,0,0,0
45287,1668.89,0,0,0,0
45337,1653.44,0,0,0,0
45387,1592.02,0,0,0,0
45437,1540.36,0,0,0,0
45487,1526.87,0,0,0,0
45537,1476.67,0,0,0,0
45587,1407.66,0,0,0,0
45637,1396.91,0,0,0,0
45687,1340.48,0,0,0,0
45737,1330.50,0,0,0,0
45787,1269.14,0,0,0,0
45837,1260.82,0,0,0,0
45887,1197.41,0,0,0,0
45937,1189.72,0,0,0,0
45987,1121.16,0,0,0,0
46038,1116.57,0,0,0,0
46088,1043.26,0,0,0,0
46138,1039.43,0,0,0,0
46188,1039.43,0,0,0,0
46238,970.31,0,0,0,0
46288,955.11,0,0,0,0
46338,872.09,0,0,0,0
46388,872.09,0,0,0,0
46438,866.65,0,0,0,0
46488,784.48,0,0,0,0
46538,784.48,0,0,0,0
46588,769.23,0,0,0,0
46638,769.23,0,0,0,0
46688,683.09,0,0,0,0
46738,661.58,0,0,0,0
46788,661.58,0,0,0,0
46838,661.58,0,0,0,0
46888,568.22,0,0,0,0
46938,568.22,0,0,0,0
46988,528.76,0,0,0,0
47038,528.76,0,0,0,0
47088,528.76,0,0,0,0
47138,418.22,0,0,0,0
47188,418.22,0,0,0,0
47238,418.22,0,0,0,0
47288,347.21,0,0,0,0
47338,347.21,0,0,0,0
47388,347.21,0,0,0,0
47438,347.21,0,0,0,0
47488,347.21,0,0,0,0
47538,347.21,0,0,0,0
47588,347.21,0,0,0,0
47638,347.21,0,0,0,0
47688,150.69,0,0,0,0
47738,150.69,0,0,0,0
47788,150.69,0,0,0,0
47838,150.69,0,0,0,0
47888,150.69,0,0,0,0
47938,150.69,0,0,0,0
47988,150.69,0,0,0,0
48038,150.69,0,0,0,0
48088,150.69,0,0,0,0
48138,150.69,0,0,0,0
48188,150.69,0,0,0,0
48238,150.69,0,0,0,0
48288,150.69,0,0,0,0
48338,150.69,0,0,0,0
48388,150.69,0,0,0,0
48438,150.69,0,0,0,0
48488,150.69,0,0,0,0
48538,150.69,0,0,0,0
48588,150.69,0,0,0,0
48638,150.69,0,0,0,0
48688,150.69,0,0,0,0
48738,150.69,0,0,0,0
48788,150.69,0,0,0,0
48838,150.69,0,0,0,0
48888,150.69,0,0,0,0
48939,150.69,0,0,0,0
48989,150.69,0,0,0,0
49039,150.69,0,0,0,0
49089,150.69,0,0,0,0
49139,150.69,0,0,0,0
49189,150.69,0,0,0,0
49239,150.69,0,0,0,0
49289,150.69,0,0,0,0
49339,150.69,0,0,0,0
49389,150.69,0,0,0,0
49439,150.69,0,0,0,0
49489,150.69,0,0,0,0
49539,150.69,0,0,0,0
49589,150.69,0,0,0,0
49639,150.69,0,0,0,0
49689,150.69,0,0,0,0
49739,150.69,0,0,0,0
49789,150.69,0,0,0,0
49839,150.69,0,0,0,0
49889,150.69,0,0,0,0
49939,150.69,0,0,0,0
49989,150.69,0,0,0,0
50039,150.69,0,0,0,0
50089,150.69,0,0,0,0
50139,150.69,0,0,0,0
50189,150.69,0,0,0,0
50239,150.69,0,0,0,0
50289,150.69,0,0,0,0
50339,150.69,0,0,0,0
50390,150.69,0,0,0,0
50440,150.69,0,0,0,0
50490,150.69,0,0,0,0
50540,150.69,0,0,0,0
50590,150.69,0,0,0,0
50640,150.69,0,0,0,0
50690,150.69,0,0,0,0
50740,150.69,0,0,0,0
50790,150.69,0,0,0,0
50840,150.69,0,0,0,0
50890,150.69,0,0,0,0
50940,150.69,0,0,0,0
50990,150.69,0,0,0,0
51040,150.69,0,0,0,0
51090,150.69,0,0,0,0
51140,150.69,0,0,0,0
51190,150.69,0,0,0,0
51240,150.69,0,0,0,0
51290,150.69,0,0,0,0
51340,150.69,0,0,0,0
51390,150.69,0,0,0,0
51440,150.69,0,0,0,0
51490,150.69,0,0,0,0
51540,150.69,0,0,0,0
51590,150.69,0,0,0,0
51640,150.69,0,0,0,0
51690,150.69,0,0,0,0
51740,150.69,0,0,0,0
51790,150.69,0,0,0,0
51840,150.69,0,0,0,0
51890,150.69,0,0,0,0
51940,150.69,0,0,0,0
51990,150.69,0,0,0,0
52040,150.69,0,0,0,0
52090,150.69,0,0,0,0
52140,150.69,0,0,0,0
52190,150.69,0,0,0,0
52240,150.69,0,0,0,0
52290,150.69,0,0,0,0
52340,150.69,0,0,0,0
52390,150.69,0,0,0,0
52440,150.69,0,0,0,0
52490,150.69,0,0,0,0
52540,150.69,0,0,0,0
52590,150.69,0,0,0,0
52640,150.69,0,0,0,0
52690,150.69,0,0,0,0
52740,150.69,0,0,0,0
52790,150.69,0,0,0,0
52840,150.69,0,0,0,0
52890,150.69,0,0,0,0
52940,150.69,0,0,0,0
52990,150.69,0,0,0,0
53040,150.69,0,0,0,0
53090,150.69,0,0,0,0
53140,150.69,0,0,0,0
53190,150.69,0,0,0,0
53240,150.69,0,0,0,0
53291,150.69,0,0,0,0
53341,150.69,0,0,0,0
53391,150.69,0,0,0,0
53441,150.69,0,0,0,0
53491,150.69,0,0,0,0
53541,150.69,0,0,0,0
53591,150.69,0,0,0,0
53641,150.69,0,0,0,0
53691,150.69,0,0,0,0
53741,150.69,0,0,0,0
53791,150.69,0,0,0,0
53841,150.69,0,0,0,0
53891,150.69,0,0,0,0
53941,150.69,0,0,0,0
53991,150.69,0,0,0,0
54041,150.69,0,0,0,0
54091,150.69,0,0,0,0
54141,150.69,0,0,0,0
54191,150.69,0,0,0,0
54241,150.69,0,0,0,0
54291,150.69,0,0,0,0
54341,150.69,0,0,0,0
54391,150.69,0,0,0,0
54441,150.69,0,0,0,0
54491,150.69,0,0,0,0
54541,150.69,0,0,0,0
54591,150.69,0,0,0,0
54641,150.69,0,0,0,0
54691,150.69,0,0,0,0
54742,150.69,0,0,0,0
54792,150.69,0,0,0,0
54842,150.69,0,0,0,0
54892,150.69,0,0,0,0
54942,150.69,0,0,0,0
54992,150.69,0,0,0,0
55042,150.69,0,0,0,0
55092,150.69,0,0,0,0