Time	RPM	Steps Remaining	 PID p	 PID i	 PID d
1728	0	0	0	0	0
1778	0	0	0	0	0
1828	0	0	0	0	0
1878	0	0	0	0	0
1928	0	0	0	0	0
1978	0	0	0	0	0
2028	0	0	0	0	0
2078	0	0	0	0	0
2128	0	0	0	0	0
2178	0	0	0	0	0
2228	0	0	0	0	0
2278	0	0	0	0	0
2328	0	0	0	0	0
2378	0	0	0	0	0
2428	0	0	0	0	0
2478	0	0	0	0	0
2528	0	0	0	0	0
2578	0	0	0	0	0
2628	0	0	0	0	0
2678	0	0	0	0	0
2728	0	0	0	0	0
2778	0	0	0	0	0
2828	0	0	0	0	0
2878	0	0	0	0	0
2928	0	0	0	0	0
2978	0	0	0	0	0
3028	0	0	0	0	0
3078	0	0	0	0	0
3128	0	0	0	0	0
3178	0	0	0	0	0
3228	0	0	0	0	0
3278	0	0	0	0	0
3328	0	0	0	0	0
3378	0	0	0	0	0
3428	0	0	0	0	0
3478	0	0	0	0	0
3528	0	0	0	0	0
3578	0	0	0	0	0
3628	0	0	0	0	0
3678	inf	0	0	0	0
3728	inf	0	0	0	0
3778	inf	0	0	0	0
3828	380.52	0	32	0	0
3878	963.51	0	26	0	-27
3928	948.05	17	26	0	0
3978	1206.08	0	23	0	-15
4028	1157.5	19	24	0	2
4078	1136.79	20	24	0	1
4128	1124.19	23	24	0	0
4178	1376.4	0	22	0	-17
4228	1383.13	8	22	0	0
4278	1620.22	0	19	0	-19
4328	1854.37	0	17	0	-20
4378	1864.05	0	17	0	0
4428	2059.87	0	15	0	0
4478	2228.83	0	13	0	-1
4528	2370.04	0	12	0	0
4578	2499.58	0	11	0	0
4628	2617.34	0	9	0	0
4678	2835.54	-5	7	0	-15
4728	2920.56	0	6	0	-15
4779	2999.4	5	6	0	0
4829	3073.14	0	5	0	3
4879	3232.06	-7	3	0	-15
4929	3275.11	0	3	0	-10
4979	3365.49	0	2	0	-7
5029	3400.59	0	1	0	-11
5079	3427.79	0	1	0	3
5129	3511.24	-1	0	0	-6
5179	3526.09	0	0	0	1
5229	3573.13	0	0	0	0
5279	3553.66	0	0	0	0
5329	3601.44	0	0	0	1
5379	3568.88	0	0	0	0
5429	3609.24	0	0	0	0
5479	3571.43	0	0	0	0
5529	3599.71	0	0	0	0
5579	3604.04	0	0	0	0
5630	3765.06	-39	-1	0	-39
5680	3750	-35	-1	0	-51
5730	3808.07	-45	-2	0	-44
5780	3563.79	3	0	0	4
5830	3740.65	-32	-1	0	-34
5880	3555.34	4	0	0	6
5931	3600.58	0	0	0	8
5981	3524.44	0	0	0	1
6031	3476.25	2	1	0	2
6081	3419.19	0	1	0	4
6131	3411.42	0	1	0	1
6181	3466.6	0	1	0	-9
6231	3446.69	0	1	0	3
6281	3427.79	0	1	0	4
6331	3412.19	2	1	0	4
6381	3471.42	-7	1	0	-9
6431	3461.01	0	1	0	-4
6481	3446.69	0	1	0	6
6531	3458.61	0	1	0	-3
6581	3469.01	0	1	0	2
6631	3521.13	0	0	0	-3
6681	3502.22	0	0	0	4
6731	3547.78	0	0	0	-1
6781	3519.47	0	0	0	3
6831	3546.94	0	0	0	-2
6881	3528.58	0	0	0	1
6931	3524.44	0	0	0	2
6981	3554.5	0	0	0	6
7031	3546.1	0	0	0	7
7081	3604.04	0	0	0	0
7131	3590.23	0	0	0	0
7181	3618.82	0	0	0	0
7231	3604.9	0	0	0	0
7281	3637.25	0	0	0	0
7331	3618.82	0	0	0	0
7382	3637.25	0	0	0	0
7432	3554.5	0	0	0	7
7482	3554.5	0	0	0	7
7532	3553.66	0	0	0	8
7583	3681.88	-14	0	0	-15
7633	3604.9	0	0	0	0
7683	3566.33	0	0	0	0
7733	3757.52	-32	-1	0	-48
7783	3553.66	0	0	0	6
7833	3493.25	0	1	0	5
7883	3430.92	0	1	0	1
7933	3389.83	0	2	0	2
7983	3450.66	0	1	0	-7
8033	3424.66	1	1	0	3
8083	3433.28	-2	1	0	-4
8133	3449.86	0	1	0	-6
8183	3402.13	0	1	0	4
8233	3453.83	0	1	0	-5
8283	3459.41	0	1	0	3
8333	3497.32	0	1	0	-4
8383	3486.75	0	1	0	4
8433	3526.09	0	0	0	-3
8483	3516.17	1	0	0	3
8534	3535.23	0	0	0	-1
8584	3554.5	0	0	0	-1
8634	3562.1	0	0	0	4
8684	3594.54	0	0	0	0
8734	3571.43	0	0	0	0
8784	3597.98	0	0	0	0
8834	3579.95	0	0	0	0
8884	3627.57	0	0	0	0
8934	3588.52	0	0	0	0
8984	3642.54	0	0	0	-1
9034	3619.69	0	0	0	0
9084	3607.5	0	0	0	0
9134	3608.37	0	0	0	0
9184	3646.97	0	0	0	-1
9234	3631.96	0	0	0	0
9284	3662.11	0	0	0	-1
9334	3865.98	-63	-2	0	-62
9384	3555.34	6	0	0	7
9434	3767.9	-37	-1	0	-37
9484	3556.19	5	0	0	6
9534	3644.31	-1	0	0	-3
9584	3580.81	0	0	0	0
9634	3585.09	0	0	0	0
9684	3533.57	1	0	0	2
9734	3506.31	0	0	0	5
9784	3500.58	0	0	0	-1
9834	3440.37	0	1	0	3
9884	3498.95	0	1	0	-7
9934	3472.22	0	1	0	4
9984	3484.32	0	1	0	-2
10034	3459.41	1	1	0	5
10084	3524.44	0	0	0	-3
10134	3516.17	2	0	0	4
10184	3556.19	0	0	0	0
10234	3546.94	0	0	0	0
10284	3557.87	0	0	0	0
10334	3581.66	0	0	0	0
10384	3546.94	0	0	0	1
10434	3554.5	0	0	0	0
10484	3543.59	0	0	0	1
10534	3583.37	0	0	0	0
10584	3534.4	0	0	0	1
10634	3536.9	0	0	0	0
10684	3541.91	0	0	0	1
10734	3590.23	0	0	0	0
10784	3580.81	0	0	0	0
10834	3613.59	0	0	0	0
10884	3613.59	0	0	0	0
10934	3628.45	0	0	0	0
10984	3614.46	0	0	0	0
11034	3627.57	0	0	0	0
11084	3613.59	0	0	0	0
11134	3662.11	0	0	0	-2
11184	3595.4	0	0	0	0
11234	3641.66	0	0	0	-1
11284	3604.9	0	0	0	0
11334	3647.86	0	0	0	-1
11384	3632.84	0	0	0	0
11435	3671.97	0	0	0	-2
11485	3593.67	0	0	0	0
11535	3622.31	0	0	0	0
11585	3589.38	0	0	0	0
11635	3612.72	0	0	0	0
11685	3603.17	0	0	0	0
11735	3623.19	0	0	0	0
11785	3608.37	0	0	0	0
11835	3613.59	0	0	0	0
11885	3581.66	0	0	0	0
11935	3597.98	0	0	0	0
11985	3589.38	0	0	0	0
12035	3621.44	0	0	0	0
12085	3579.95	0	0	0	0
12135	3592.81	0	0	0	0
12185	3570.58	0	0	0	0
12235	3604.9	0	0	0	0
12285	3591.09	0	0	0	0
12335	3571.43	0	0	0	0
12385	3557.03	0	0	0	1
12435	3588.52	0	0	0	0
12485	3567.18	0	0	0	0
12535	3551.14	0	0	0	0
12585	3553.66	0	0	0	0
12635	3609.24	0	0	0	0
12685	3599.71	0	0	0	0
12735	3580.81	0	0	0	0
12785	3579.1	0	0	0	0
12835	3597.98	0	0	0	0
12886	3535.23	0	0	0	1
12936	3591.95	0	0	0	0
12986	3566.33	0	0	0	0
13036	3585.94	0	0	0	0
13086	3557.03	0	0	0	1
13136	3599.71	0	0	0	0
13186	3565.49	0	0	0	0
13236	3609.24	0	0	0	0
13286	3590.23	0	0	0	0
13336	3594.54	0	0	0	0
13386	3557.87	0	0	0	1
13436	3599.71	0	0	0	0
13486	3602.31	0	0	0	0
13536	3581.66	0	0	0	0
13586	3636.36	0	0	0	0
13636	3546.1	0	0	0	7
13686	3742.51	-37	-1	0	-37
13737	3555.34	6	0	0	7
13787	3622.31	0	0	0	0
13837	3588.52	0	0	0	0
13887	3544.42	0	0	0	1
13937	3498.95	0	1	0	3
13987	3485.13	0	1	0	0
14038	3445.9	0	1	0	5
14088	3483.51	0	1	0	-4
14138	3473.03	0	1	0	4
14188	3493.25	0	1	0	-4
14238	3481.09	0	1	0	3
14288	3520.3	0	0	0	-4
14338	3484.32	2	1	0	3
14388	3534.4	0	0	0	-1
14438	3557.87	0	0	0	-1
14488	3553.66	0	0	0	6
14538	3590.23	0	0	0	0
14588	3566.33	0	0	0	1
14638	3597.98	0	0	0	0
14688	3591.95	0	0	0	0
14738	3604.9	0	0	0	0
14788	3575.69	0	0	0	0
14838	3549.46	0	0	0	1
14888	3525.26	0	0	0	2
14938	3549.46	0	0	0	0
14988	3533.57	0	0	0	2
15038	3526.92	0	0	0	0
15088	3533.57	0	0	0	0
15138	3582.52	0	0	0	0
15188	3567.18	0	0	0	0
15238	3609.24	0	0	0	0
15288	3595.4	0	0	0	0
15338	3642.54	0	0	0	-1
15388	3589.38	0	0	0	0
15438	3638.13	0	0	0	0
15488	3635.48	0	0	0	0
15538	3662.11	0	0	0	-1
15588	3656.75	0	0	0	1
15638	3708.28	0	-1	0	-8
15688	3655.86	0	0	0	2
15738	3651.41	0	0	0	0
15788	3614.46	0	0	0	0
15838	3614.46	0	0	0	0
15888	3597.98	0	0	0	0
15938	3585.09	0	0	0	0
15988	3567.18	0	0	0	0
16038	3579.1	0	0	0	0
16088	3544.42	0	0	0	1
16138	3555.34	0	0	0	0
16188	3533.57	0	0	0	2
16238	3549.46	0	0	0	-1
16288	3533.57	0	0	0	1
16338	3514.53	0	0	0	2
16388	3507.95	2	0	0	4
16438	3565.49	0	0	0	0
16488	3542.75	0	0	0	1
16538	3590.23	0	0	0	0
16588	3576.54	0	0	0	0
16638	3623.19	0	0	0	0
16688	3617.94	0	0	0	0
16738	3554.5	0	0	0	6
16788	3553.66	0	0	0	7
16838	3720.24	-32	-1	0	-32
16889	3555.34	6	0	0	7
16939	3713.79	-29	-1	0	-29
16989	3554.5	5	0	0	6
17039	3613.59	0	0	0	0
17089	3574.83	0	0	0	0
17139	3567.18	0	0	0	0
17189	3535.23	1	0	0	2
17239	3517	0	0	0	2
17289	3474.64	0	1	0	0
17339	3464.2	0	1	0	3
17389	3465.8	0	1	0	1
17439	3436.43	0	1	0	2
17489	3457.02	0	1	0	-4
17539	3455.42	1	1	0	3
17589	3488.37	-1	1	0	-3
17639	3500.58	0	0	0	-4
17689	3613.59	0	0	0	0
17739	3544.42	0	0	0	-1
17789	3534.4	0	0	0	2
17839	3563.79	0	0	0	0
17889	3542.75	0	0	0	1
17939	3556.19	0	0	0	0
17989	3542.75	0	0	0	1
18039	3590.23	0	0	0	0
18089	3568.03	0	0	0	0
18139	3607.5	0	0	0	0
18189	3579.1	0	0	0	0
18239	3633.72	0	0	0	-1
18289	3603.17	0	0	0	0
18339	3652.3	0	0	0	-1
18390	3622.31	0	0	0	0
18440	3599.71	0	0	0	0
18490	3604.9	0	0	0	0
18540	3623.19	0	0	0	0
18590	3604.9	0	0	0	0
18640	3617.07	0	0	0	0
18690	3593.67	0	0	0	0
18740	3617.07	0	0	0	0
18790	3579.1	0	0	0	0
18840	3592.81	0	0	0	0
18890	3576.54	0	0	0	0
18940	3613.59	0	0	0	0
18990	3581.66	0	0	0	0
19040	3614.46	0	0	0	0
19090	3590.23	0	0	0	0
19140	3623.19	0	0	0	0
19190	3604.9	0	0	0	0
19240	3604.04	0	0	0	0
19290	3598.85	0	0	0	-1
19340	3626.69	0	0	0	0
19390	3604.04	0	0	0	0
19440	3627.57	0	0	0	0
19490	3627.57	0	0	0	0
19540	3628.45	0	0	0	0
19590	3604.9	0	0	0	0
19640	3617.94	0	0	0	0
19690	3604.9	0	0	0	0
19740	3607.5	0	0	0	0
19790	3598.85	0	0	0	0
19840	3637.25	0	0	0	0
19890	3604.9	0	0	0	0
19940	3641.66	0	0	0	-1
19990	3627.57	0	0	0	0
20040	3652.3	0	0	0	-1
20090	3589.38	0	0	0	0
20140	3631.96	0	0	0	0
20190	3595.4	0	0	0	0
20240	3609.24	0	0	0	0
20290	3564.64	0	0	0	0
20340	3617.07	0	0	0	0
20390	3589.38	0	0	0	0
20440	3606.64	0	0	0	0
20490	3564.64	0	0	0	0
20540	3562.1	0	0	0	0
20590	3533.57	0	0	0	1
20640	3580.81	0	0	0	0
20690	3560.41	0	0	0	0
20740	3599.71	0	0	0	0
20790	3572.28	0	0	0	0
20840	3570.58	0	0	0	0
20890	3566.33	0	0	0	0
20940	3560.41	0	0	0	0
20990	3543.59	0	0	0	1
21040	3557.87	0	0	0	0
21090	3553.66	0	0	0	7
21140	3557.03	0	0	0	4
21190	3608.37	0	0	0	0
21240	3590.23	0	0	0	0
21291	3598.85	0	0	0	0
21341	3564.64	0	0	0	0
21391	3613.59	0	0	0	0
21441	3584.23	0	0	0	0
21491	3604.04	0	0	0	0
21541	3599.71	0	0	0	0
21591	3646.09	0	0	0	-1
21641	3613.59	0	0	0	0
21691	3662.11	0	0	0	-2
21741	3601.44	0	0	0	0
21791	3556.19	0	0	0	0
21841	3544.42	0	0	0	1
21891	3588.52	0	0	0	0
21941	3552.82	0	0	0	0
21991	3570.58	0	0	0	0
22041	3543.59	0	0	0	1
22091	3573.13	0	0	0	0
22141	3523.61	0	0	0	2
22191	3574.83	0	0	0	0
22241	3556.19	0	0	0	1
22291	3580.81	0	0	0	0
22341	3471.42	12	1	0	16
22391	3590.23	0	0	0	0
22441	3567.18	0	0	0	0
22491	3624.06	0	0	0	0
22541	3617.94	0	0	0	0
22591	3662.11	0	0	0	-1
22641	3638.13	0	0	0	0
22691	3643.43	0	0	0	0
22742	3632.84	0	0	0	0
22792	3637.25	0	0	0	0
22842	3612.72	0	0	0	0
22892	3652.3	0	0	0	-1
22942	3595.4	0	0	0	0
22992	3607.5	0	0	0	0
23042	3590.23	0	0	0	0
23092	3628.45	0	0	0	0
23142	3580.81	0	0	0	0
23192	3618.82	0	0	0	0
23242	3594.54	0	0	0	0
23292	3604.9	0	0	0	0
23342	3576.54	0	0	0	0
23392	3602.31	0	0	0	0
23442	3566.33	0	0	0	0
23492	3590.23	0	0	0	0
23542	3516.17	0	0	0	3
23592	3580.81	0	0	0	0
23642	3526.09	0	0	0	2
23692	3582.52	0	0	0	0
23742	3567.18	0	0	0	0
23792	3590.23	0	0	0	0
23842	3582.52	0	0	0	0
23892	3613.59	0	0	0	0
23942	3579.1	0	0	0	0
23992	3618.82	0	0	0	0
24042	3617.94	0	0	0	0
24092	3618.82	0	0	0	0
24142	3598.85	0	0	0	0
24192	3611.85	0	0	0	0
24242	3604.04	0	0	0	0
24292	3614.46	0	0	0	0
24342	3604.04	0	0	0	0
24392	3637.25	0	0	0	0
24442	3632.84	0	0	0	0
24492	3662.11	0	0	0	-1
24542	3627.57	0	0	0	0
24592	3652.3	0	0	0	0
24642	3590.23	0	0	0	0
24692	3637.25	0	0	0	0
24742	3580.81	0	0	0	0
24792	3612.72	0	0	0	0
24842	3598.85	0	0	0	0
24892	3631.96	0	0	0	0
24942	3599.71	0	0	0	0
24992	3613.59	0	0	0	0
25042	3604.04	0	0	0	0
25092	3647.86	0	0	0	-1
25142	3623.19	0	0	0	0
25192	3613.59	0	0	0	0
25242	3585.94	0	0	0	0
25292	3604.9	0	0	0	0
25342	3572.28	0	0	0	0
25392	3591.95	0	0	0	0
25442	3562.1	0	0	0	0
25492	3609.24	0	0	0	0
25542	3557.87	0	0	0	0
25592	3579.95	0	0	0	0
25643	3516.17	2	0	0	3
25693	3559.56	0	0	0	0
25743	3590.23	0	0	0	0
25793	3554.5	0	0	0	6
25843	3554.5	0	0	0	6
25893	3554.5	0	0	0	7
25943	3553.66	0	0	0	7
25993	3570.58	0	0	0	0
26043	3573.98	0	0	0	0
26093	3542.75	0	0	0	1
26143	3565.49	0	0	0	0
26193	3546.94	0	0	0	1
26243	3580.81	0	0	0	0
26293	3567.18	0	0	0	0
26343	3562.1	0	0	0	0
26393	3518.65	0	0	0	3
26443	3573.13	0	0	0	0
26493	3552.82	0	0	0	0
26543	3558.72	0	0	0	0
26593	3533.57	0	0	0	2
26643	3598.85	0	0	0	0
26693	3543.59	0	0	0	1
26743	3591.95	0	0	0	0
26793	3575.69	0	0	0	0
26843	3613.59	0	0	0	0
26893	3585.94	0	0	0	0
26943	3613.59	0	0	0	0
26993	3599.71	0	0	0	0
27043	3631.96	0	0	0	0
27094	3623.19	0	0	0	0
27144	3662.11	0	0	0	-2
27194	3622.31	0	0	0	0
27244	3662.11	0	0	0	-2
27294	3632.84	0	0	0	0
27344	3646.97	0	0	0	-1
27394	3633.72	0	0	0	0
27444	3604.9	0	0	0	0
27494	3575.69	0	0	0	0
27544	3593.67	0	0	0	0
27594	3560.41	0	0	0	0
27644	3590.23	0	0	0	0
27694	3580.81	0	0	0	0
27744	3594.54	0	0	0	0
27794	3574.83	0	0	0	0
27844	3595.4	0	0	0	0
27894	3524.44	0	0	0	3
27944	3517	0	0	0	0
27994	3516.17	1	0	0	2
28044	3578.24	0	0	0	0
28094	3581.66	0	0	0	0
28144	3553.66	0	0	0	6
28194	3553.66	0	0	0	7
28244	3553.66	0	0	0	8
28294	3553.66	0	0	0	8
28344	3589.38	0	0	0	0
28394	3612.72	0	0	0	0
28444	3594.54	0	0	0	0
28494	3621.44	0	0	0	0
28544	3599.71	0	0	0	0
28594	3646.97	0	0	0	-1
28644	3617.94	0	0	0	0
28694	3638.13	0	0	0	0
28744	3614.46	0	0	0	0
28794	3553.66	0	0	0	7
28844	3554.5	0	0	0	12
28894	3584.23	0	0	0	0
28944	3556.19	0	0	0	1
28994	3608.37	0	0	0	0
29044	3589.38	0	0	0	0
29094	3599.71	0	0	0	0
29144	3580.81	0	0	0	0
29194	3609.24	0	0	0	0
29244	3590.23	0	0	0	0
29294	3628.45	0	0	0	0
29344	3590.23	0	0	0	0
29394	3632.84	0	0	0	0
29444	3608.37	0	0	0	0
29494	3638.13	0	0	0	0
29544	3604.04	0	0	0	0
29594	3624.06	0	0	0	0
29644	3604.04	0	0	0	0
29694	3627.57	0	0	0	0
29744	3613.59	0	0	0	0
29794	3652.3	0	0	0	-1
29844	3632.84	0	0	0	0
29894	3626.69	0	0	0	0
29944	3604.9	0	0	0	0
29995	3594.54	0	0	0	0
30045	3597.98	0	0	0	0
30095	3622.31	0	0	0	0
30145	3604.9	0	0	0	0
30195	3624.06	0	0	0	0
30245	3590.23	0	0	0	0
30295	3642.54	0	0	0	-1
30345	3624.06	0	0	0	0
30395	3652.3	0	0	0	0
30445	3627.57	0	0	0	0
30495	3642.54	0	0	0	1
30546	3785.97	-43	-1	0	-43
30596	3749.06	-37	-1	0	-53
30646	3775.48	-38	-1	0	-38
30696	3553.66	6	0	0	7
30746	3576.54	0	0	0	0
30797	3548.62	1	0	0	2
30848	3504.67	0	0	0	4
30898	3543.59	0	0	0	-1
30948	3481.09	0	1	0	3
30998	3494.87	0	1	0	0
31048	3494.87	0	1	0	4
31098	3562.1	0	0	0	-1
31148	3544.42	0	0	0	1
31198	3560.41	0	0	0	0
31248	3596.26	0	0	0	0
31298	3558.72	0	0	0	-1
31348	3546.1	0	0	0	1
31398	3608.37	0	0	0	0
31448	3590.23	0	0	0	0
31498	3646.97	0	0	0	-1
31548	3652.3	0	0	0	0
31598	3694.58	0	0	0	-5
31648	3673.77	0	0	0	2
31698	3687.32	0	0	0	-2
31748	3678.27	0	0	0	2
31798	3700.96	0	-1	0	-3
31848	3662.11	0	0	0	1
31898	3674.67	0	0	0	-1
31948	3657.64	0	0	0	2
31998	3662.11	0	0	0	-1
32048	3602.31	0	0	0	0
32098	3671.97	0	0	0	-3
32148	3593.67	0	0	0	0
32198	3584.23	0	0	0	0
32248	3567.18	0	0	0	0
32299	3543.59	0	0	0	1
32349	3507.95	0	0	0	4
32399	3546.1	0	0	0	0
32449	3511.24	0	0	0	2
32499	3551.14	0	0	0	-1
32549	3538.57	0	0	0	1
32599	3573.13	0	0	0	0
32649	3506.31	0	0	0	4
32699	3559.56	0	0	0	0
32749	3552.82	0	0	0	0
32799	3571.43	0	0	0	0
32849	3560.41	0	0	0	0
32899	3599.71	0	0	0	0
32949	3590.23	0	0	0	0
32999	3638.13	0	0	0	0
33049	3626.69	0	0	0	0
33099	3682.79	0	0	0	-4
33149	3671.97	0	0	0	2
33199	3662.11	0	0	0	-1
33249	3628.45	0	0	0	0
33299	3623.19	0	0	0	0
33349	3595.4	0	0	0	0
33399	3618.82	0	0	0	0
33449	3585.94	0	0	0	0
33499	3604.9	0	0	0	0
33549	3580.81	0	0	0	0
33599	3533.57	0	0	0	1
33649	3508.77	3	0	0	6
33699	3569.73	0	0	0	0
33750	3565.49	0	0	0	0
33800	3599.71	0	0	0	0
33850	3590.23	0	0	0	0
33900	3632.84	0	0	0	0
33950	3575.69	0	0	0	0
34000	3614.46	0	0	0	0
34050	3525.26	8	0	0	9
34100	3579.95	0	0	0	0
34150	3579.95	0	0	0	0
34200	3608.37	0	0	0	0
34250	3604.9	0	0	0	0
34300	3652.3	0	0	0	-1
34350	3632.84	0	0	0	0
34400	3642.54	0	0	0	0
34450	3632.84	0	0	0	0
34500	3637.25	0	0	0	0
34550	3632.84	0	0	0	0
34600	3671.97	0	0	0	-3
34650	3631.08	0	0	0	0
34700	3618.82	0	0	0	0
34750	3599.71	0	0	0	0
34800	3646.97	0	0	0	-1
34850	3614.46	0	0	0	0
34900	3628.45	0	0	0	0
34950	3604.9	0	0	0	0
35000	3617.07	0	0	0	0
35050	3579.1	0	0	0	0
35100	3632.84	0	0	0	0
35150	3552.82	0	0	0	0
35200	3580.81	0	0	0	0
35250	3551.98	0	0	0	0
35300	3576.54	0	0	0	0
35350	3565.49	0	0	0	0
35400	3580.81	0	0	0	0
35450	3558.72	0	0	0	0
35500	3576.54	0	0	0	0
35550	3575.69	0	0	0	0
35600	3565.49	0	0	0	0
35650	3599.71	0	0	0	0
35700	3561.25	0	0	0	0
35750	3562.1	0	0	0	0
35800	3525.26	0	0	0	3
35850	3584.23	0	0	0	0
35900	3553.66	0	0	0	0
35950	3580.81	0	0	0	0
36000	3574.83	0	0	0	0
36050	3603.17	0	0	0	0
36100	3583.37	0	0	0	0
36150	3589.38	0	0	0	0
36200	3568.88	0	0	0	0
36250	3588.52	0	0	0	0
36300	3575.69	0	0	0	0
36350	3589.38	0	0	0	0
36400	3551.98	0	0	0	0
36450	3571.43	0	0	0	0
36500	3574.83	0	0	0	0
36550	3609.24	0	0	0	0
36600	3581.66	0	0	0	0
36651	3590.23	0	0	0	0
36701	3579.95	0	0	0	0
36751	3574.83	0	0	0	0
36801	3557.87	0	0	0	0
36851	3598.85	0	0	0	0
36901	3631.96	0	0	0	-1
36951	3608.37	0	0	0	0
37001	3607.5	0	0	0	0
37051	3591.09	0	0	0	0
37101	3582.52	0	0	0	0
37151	3640.78	0	0	0	-1
37201	3614.46	0	0	0	0
37251	3652.3	0	0	0	-1
37301	3602.31	0	0	0	0
37351	3613.59	0	0	0	0
37401	3604.04	0	0	0	0
37451	3617.94	0	0	0	0
37501	3599.71	0	0	0	0
37551	3612.72	0	0	0	0
37601	3580.81	0	0	0	0
37651	3585.94	0	0	0	0
37701	3556.19	0	0	0	0
37751	3588.52	0	0	0	0
37801	3576.54	0	0	0	0
37851	3544.42	0	0	0	0
37901	3589.38	0	0	0	0
37951	3565.49	0	0	0	0
38001	3613.59	0	0	0	0
38051	3543.59	0	0	0	1
38102	3588.52	0	0	0	0
38152	3576.54	0	0	0	0
38202	3613.59	0	0	0	0
38252	3595.4	0	0	0	0
38302	3618.82	0	0	0	0
38352	3590.23	0	0	0	0
38402	3604.04	0	0	0	0
38452	3603.17	0	0	0	0
38502	3647.86	0	0	0	-1
38552	3583.37	0	0	0	0
38602	3621.44	0	0	0	0
38652	3590.23	0	0	0	0
38702	3562.1	0	0	0	0
38752	3565.49	0	0	0	0
38802	3590.23	0	0	0	0
38852	3569.73	0	0	0	0
38902	3597.98	0	0	0	0
38952	3583.37	0	0	0	0
39002	3613.59	0	0	0	0
39052	3572.28	0	0	0	0
39102	3574.83	0	0	0	0
39152	3556.19	0	0	0	1
39202	3599.71	0	0	0	0
39252	3557.03	0	0	0	0
39302	3597.98	0	0	0	0
39352	3570.58	0	0	0	0
39402	3613.59	0	0	0	0
39452	3593.67	0	0	0	0
39502	3621.44	0	0	0	0
39552	3598.85	0	0	0	0
39602	3624.06	0	0	0	0
39652	3595.4	0	0	0	0
39702	3628.45	0	0	0	0
39752	3614.46	0	0	0	0
39802	3652.3	0	0	0	-1
39852	3624.06	0	0	0	0
39902	3617.07	0	0	0	0
39952	3604.9	0	0	0	0
40002	3604.04	0	0	0	0
40052	3580.81	0	0	0	0
40102	3604.04	0	0	0	0
40152	3593.67	0	0	0	0
40202	3628.45	0	0	0	0
40252	3604.9	0	0	0	0
40302	3631.96	0	0	0	0
40352	3600.58	0	0	0	0
40402	3628.45	0	0	0	0
40452	3613.59	0	0	0	0
40502	3613.59	0	0	0	0
40552	3593.67	0	0	0	0
40602	3632.84	0	0	0	0
40652	3557.03	0	0	0	0
40702	3579.95	0	0	0	0
40752	3533.57	0	0	0	2
40802	3559.56	0	0	0	0
40852	3551.98	0	0	0	0
40902	3573.98	0	0	0	0
40952	3561.25	0	0	0	2
41003	3590.23	0	0	0	0
41053	3579.1	0	0	0	0
41103	3632.84	0	0	0	0
41153	3617.07	0	0	0	0
41203	3671.97	0	0	0	-3
41253	3645.2	0	0	0	1
41303	3696.4	-2	0	0	-6
41353	3668.38	0	0	0	2
41403	3693.67	0	0	0	-4
41453	3666.59	0	0	0	2
41503	3674.67	0	0	0	-2
41553	3646.09	0	0	0	1
41603	3647.86	0	0	0	-1
41653	3626.69	0	0	0	0
41703	3652.3	0	0	0	-1
41753	3567.18	0	0	0	0
41803	3583.37	0	0	0	0
41853	3543.59	0	0	0	1
41903	3515.35	0	0	0	-2
41953	3515.35	0	0	0	2
42003	3540.24	0	0	0	-1
42053	3529.41	0	0	0	1
42103	3586.8	0	0	0	0
42153	3566.33	0	0	0	0
42203	3614.46	0	0	0	0
42253	3565.49	0	0	0	0
42303	3603.17	0	0	0	0
42353	3579.1	0	0	0	0
42403	3618.82	0	0	0	0
42454	3581.66	0	0	0	0
42504	3535.23	0	0	0	1
42554	3561.25	0	0	0	4
42604	3553.66	0	0	0	6
42654	3555.34	0	0	0	5
42704	3554.5	0	0	0	7
42754	3553.66	0	0	0	7
42804	3556.19	0	0	0	0
42854	3526.09	0	0	0	0
42904	3502.22	0	0	0	4
42954	3526.09	0	0	0	-2
43004	3498.13	0	1	0	5
43054	3548.62	0	0	0	-1
43104	3552.82	0	0	0	0
43154	3590.23	0	0	0	0
43204	3579.1	0	0	0	0
43254	3603.17	0	0	0	0
43304	3589.38	0	0	0	0
43354	3631.96	0	0	0	0
43404	3595.4	0	0	0	0
43454	3604.04	0	0	0	0
43504	3614.46	0	0	0	0
43554	3636.36	0	0	0	0
43604	3579.95	0	0	0	0
43654	3622.31	0	0	0	0
43704	3580.81	0	0	0	0
43754	3609.24	0	0	0	0
43804	3594.54	0	0	0	0
43854	3628.45	0	0	0	0
43904	3613.59	0	0	0	0
43954	3632.84	0	0	0	0
44004	3618.82	0	0	0	0
44054	3618.82	0	0	0	0
44104	3597.98	0	0	0	0
44154	3554.5	0	0	0	1
44204	3598.85	0	0	0	0
44254	3623.19	0	0	0	0
44304	3579.1	0	0	0	0
44354	3623.19	0	0	0	0
44404	3604.9	0	0	0	0
44454	3604.04	0	0	0	0
44504	3595.4	0	0	0	0
44554	3637.25	0	0	0	0
44604	3558.72	0	0	0	1
44654	3613.59	0	0	0	0
44704	3580.81	0	0	0	0
44754	3613.59	0	0	0	0
44804	3551.98	0	0	0	0
44854	3584.23	0	0	0	0
44904	3557.87	0	0	0	0
44954	3525.26	1	0	0	3
45004	3536.9	0	0	0	1
45054	3562.1	0	0	0	0
45104	3568.88	0	0	0	0
45154	3553.66	0	0	0	7
45204	3562.1	0	0	0	1
45254	3565.49	0	0	0	0
45304	3631.96	0	0	0	0
45355	3595.4	0	0	0	0
45405	3647.86	0	0	0	-1
45455	3553.66	0	0	0	7
45505	3758.46	-40	-1	0	-40
45555	3555.34	6	0	0	7
45605	3663	-6	0	0	-8
45655	3575.69	0	0	0	0
45705	3556.19	0	0	0	0
45755	3627.57	0	0	0	-1
45805	3531.07	-1	0	0	-15
45855	3446.69	0	1	0	4
45905	3494.06	0	1	0	-5
45955	3480.28	0	1	0	5
46005	3508.77	0	0	0	-6
46055	3462.6	1	1	0	4
46105	3527.75	0	0	0	-3
46155	3502.22	4	0	0	5
46205	3557.03	0	0	0	0
46255	3572.28	0	0	0	0
46305	3551.98	0	0	0	0
46355	3600.58	0	0	0	0
46405	3557.03	0	0	0	0
46455	3613.59	0	0	0	0
46505	3614.46	0	0	0	0
46555	3661.22	0	0	0	-2
46605	3626.69	0	0	0	0
46655	3662.11	0	0	0	-1
46705	3637.25	0	0	0	0
46756	3812.91	-49	-2	0	-48
46807	3555.34	5	0	0	6
46857	3755.63	-35	-1	0	-37
46907	3555.34	3	0	0	6
46957	3672.87	-7	0	0	-11
47007	3590.23	0	0	0	0
47057	3508.77	2	0	0	5
47107	3501.4	0	0	0	5
47157	3543.59	0	0	0	-1
47207	3453.04	0	1	0	5
47257	3420.75	0	1	0	1
47307	3417.63	0	1	0	3
47357	3476.25	0	1	0	-7
47407	3468.21	1	1	0	4
47457	3485.94	-1	1	0	-4
47507	3457.02	0	1	0	0
47557	3543.59	0	0	0	-1
47607	3477.05	0	1	0	-2
47657	3485.94	0	1	0	2
47707	3545.26	0	0	0	-2
47757	3547.78	0	0	0	1
47807	3584.23	0	0	0	0
47857	3576.54	0	0	0	0
47907	3614.46	0	0	0	0
47958	3613.59	0	0	0	0
48008	3682.79	0	0	0	-6
48058	3641.66	0	0	0	1
48108	3632.84	0	0	0	0
48158	3617.94	0	0	0	0
48208	3637.25	0	0	0	0
48258	3614.46	0	0	0	0
48308	3628.45	0	0	0	0
48358	3595.4	0	0	0	0
48408	3597.98	0	0	0	0
48458	3570.58	0	0	0	0
48508	3624.06	0	0	0	0
48558	3604.04	0	0	0	0
48608	3595.4	0	0	0	0
48658	3589.38	0	0	0	0
48708	3621.44	0	0	0	0
48758	3613.59	0	0	0	0
48808	3662.11	0	0	0	-2
48858	3624.06	0	0	0	0
48908	3638.13	0	0	0	0
48958	3589.38	0	0	0	0
49008	3568.03	0	0	0	0
49058	3556.19	0	0	0	0
49108	3579.95	0	0	0	0
49158	3569.73	0	0	0	0
49208	3590.23	0	0	0	0
49258	3574.83	0	0	0	0
49308	3612.72	0	0	0	0
49358	3585.94	0	0	0	0
49408	3513.7	2	0	0	9
49458	3551.98	0	0	0	0
49508	3537.74	0	0	0	1
49558	3551.98	0	0	0	0
49608	3580.81	0	0	0	0
49658	3567.18	0	0	0	0
49708	3604.9	0	0	0	0
49758	3585.09	0	0	0	0
49808	3617.94	0	0	0	0
49858	3585.94	0	0	0	0
49908	3599.71	0	0	0	0
49958	3594.54	0	0	0	0
50008	3613.59	0	0	0	0
50058	3604.04	0	0	0	0
50108	3611.85	0	0	0	0
50158	3603.17	0	0	0	0
50208	3574.83	0	0	0	0
50258	3625.82	0	0	0	0
50308	3621.44	0	0	0	0
50358	3598.85	0	0	0	0
50408	3574.83	0	0	0	0
50458	3544.42	0	0	0	0
50508	3588.52	0	0	0	0
50558	3568.03	0	0	0	0
50608	3571.43	0	0	0	0
50658	3542.75	0	0	0	3
50708	3357.96	49	2	0	62
50758	3530.24	0	0	0	0
50808	3503.04	0	0	0	5
50859	3584.23	0	0	0	0
50909	3585.09	0	0	0	0
50959	3652.3	0	0	0	-1
51009	3631.96	0	0	0	0
51059	3671.07	0	0	0	-2
51109	3613.59	0	0	0	0
51159	3627.57	0	0	0	0
51209	3622.31	0	0	0	0
51259	3654.97	0	0	0	0
51309	3637.25	0	0	0	0
51359	3553.66	0	0	0	7
51409	3553.66	0	0	0	8
51459	3553.66	0	0	0	7
51509	3711.03	-17	-1	0	-32
51559	3555.34	0	0	0	5
51609	3525.26	0	0	0	8
51659	3546.94	0	0	0	0
51709	3516.17	0	0	0	1
51759	3549.46	0	0	0	-1
51809	3525.26	0	0	0	1
51859	3528.58	0	0	0	0
51909	3503.04	0	0	0	4
51959	3538.57	0	0	0	-2
52009	3506.31	0	0	0	2
52059	3555.34	0	0	0	0
52109	3526.09	0	0	0	1
52159	3568.88	0	0	0	0
52209	3567.18	0	0	0	0
52259	3613.59	0	0	0	0
52310	3565.49	0	0	0	0
52360	3626.69	0	0	0	0
52410	3599.71	0	0	0	-1
52460	3597.98	0	0	0	0
52510	3590.23	0	0	0	0
52560	3626.69	0	0	0	0
52610	3596.26	0	0	0	0
52660	3579.1	0	0	0	0
52710	3580.81	0	0	0	0
52760	3614.46	0	0	0	0
52810	3613.59	0	0	0	0
52860	3653.19	0	0	0	-1
52910	3632.84	0	0	0	0
52960	3691.85	-6	0	0	-8
53010	3613.59	0	0	0	0
53060	3638.13	0	0	0	0
53110	3632.84	0	0	0	0
53160	3613.59	0	0	0	0
53210	3600.58	0	0	0	0
53260	3617.07	0	0	0	0
53310	3579.1	0	0	0	0
53360	3614.46	0	0	0	0
53410	3580.81	0	0	0	0
53460	3584.23	0	0	0	0
53510	3557.03	0	0	0	1
53560	3532.74	0	0	0	2
53610	3553.66	0	0	0	6
53660	3539.41	0	0	0	5
53710	3597.98	0	0	0	0
53760	3592.81	0	0	0	0
53810	3646.97	0	0	0	-1
53860	3610.11	0	0	0	0
53910	3652.3	0	0	0	-1
53960	3642.54	0	0	0	0
54010	3748.13	2	-1	0	4
54060	3699.14	-2	0	0	-3
54110	3672.87	0	0	0	3
54160	3690.94	0	0	0	-2
54210	3667.48	0	0	0	3
54260	3684.6	0	0	0	-5
54310	3652.3	0	0	0	1
54360	3652.3	0	0	0	0
54410	3623.19	0	0	0	0
54460	3632.84	0	0	0	0
54510	3576.54	0	0	0	0
54560	3609.24	0	0	0	0
54610	3562.95	0	0	0	1
54660	3548.62	0	0	0	2
54710	3531.07	0	0	0	2
54760	3550.3	0	0	0	2
54810	3524.44	0	0	0	2
54860	3541.91	0	0	0	2
54910	3514.53	0	0	0	2
54960	3487.56	0	0	0	2
55010	3487.56	0	0	0	2
55060	3441.95	0	0	0	2
55110	3478.66	0	0	0	2
55160	3428.57	0	0	0	2
55211	3418.41	0	0	0	2
55261	3419.97	0	0	0	2
55311	3445.11	0	0	0	2
55361	3463.4	0	0	0	2
55411	3445.11	0	0	0	2
55461	3370.79	0	0	0	2
55511	3282.28	0	0	0	2
55561	3223.03	0	0	0	2
55611	3150.6	0	0	0	2
55661	3060.6	0	0	0	2
55711	3001.8	0	0	0	2
55761	2919.42	0	0	0	2
55811	2865.33	0	0	0	2
55861	2813.73	0	0	0	2
55911	2714.93	0	0	0	2
55961	2663.83	0	0	0	2
56011	2604.17	0	0	0	2
56061	2547.12	0	0	0	2
56111	2487.97	0	0	0	2
56161	2427.58	0	0	0	2
56211	2373.79	0	0	0	2
56261	2315.17	0	0	0	2
56311	2255.3	0	0	0	2
56361	2194.91	0	0	0	2
56411	2137.67	0	0	0	2
56461	2116.55	0	0	0	2
56511	2056.2	0	0	0	2
56561	1997.07	0	0	0	2
56611	1956.44	0	0	0	2
56662	1894.18	0	0	0	2
56712	1877.35	0	0	0	2
56762	1816.2	0	0	0	2
56812	1770.75	0	0	0	2
56862	1706.87	0	0	0	2
56912	1690.9	0	0	0	2
56962	1629.2	0	0	0	2
57012	1578.61	0	0	0	2
57062	1562.34	0	0	0	2
57112	1513.78	0	0	0	2
57162	1445.5	0	0	0	2
57212	1429.93	0	0	0	2
57262	1376.15	0	0	0	2
57312	1362.77	0	0	0	2
57362	1305.48	0	0	0	2
57412	1294.78	0	0	0	2
57462	1231.83	0	0	0	2
57512	1223.39	0	0	0	2
57562	1156.52	0	0	0	2
57612	1148.63	0	0	0	2
57662	1077.97	0	0	0	2
57712	1071.28	0	0	0	2
57762	1004.28	0	0	0	2
57812	1004.28	0	0	0	2
57862	984.12	0	0	0	2
57912	918.16	0	0	0	2
57962	899.6	0	0	0	2
58012	899.6	0	0	0	2
58062	819.45	0	0	0	2
58112	803	0	0	0	2
58162	803	0	0	0	2
58212	717.26	0	0	0	2
58262	717.26	0	0	0	2
58312	697.71	0	0	0	2
58362	609.61	0	0	0	2
58412	609.61	0	0	0	2
58462	609.61	0	0	0	2
58512	574.73	0	0	0	2
58562	574.73	0	0	0	2
58612	472.26	0	0	0	2
58662	472.26	0	0	0	2
58712	472.26	0	0	0	2
58762	418.5	0	0	0	2
58812	418.5	0	0	0	2
58862	418.5	0	0	0	2
58912	418.5	0	0	0	2
58962	270.61	0	0	0	2
59012	270.61	0	0	0	2
59062	270.61	0	0	0	2
59112	270.61	0	0	0	2
59162	270.61	0	0	0	2
59212	270.61	0	0	0	2
59262	270.61	0	0	0	2
59312	270.61	0	0	0	2
59362	270.61	0	0	0	2
59412	270.61	0	0	0	2
59462	270.61	0	0	0	2
59512	270.61	0	0	0	2
59563	270.61	0	0	0	2
59613	270.61	0	0	0	2
59663	270.61	0	0	0	2
59713	270.61	0	0	0	2
59763	270.61	0	0	0	2
59813	270.61	0	0	0	2
59863	270.61	0	0	0	2
59913	270.61	0	0	0	2
59963	270.61	0	0	0	2
60013	270.61	0	0	0	2
60063	270.61	0	0	0	2
60113	270.61	0	0	0	2
60163	270.61	0	0	0	2
60213	270.61	0	0	0	2
60263	270.61	0	0	0	2
60313	270.61	0	0	0	2
60363	270.61	0	0	0	2
60413	270.61	0	0	0	2
60463	270.61	0	0	0	2
60513	270.61	0	0	0	2
60563	270.61	0	0	0	2
60613	270.61	0	0	0	2
60663	270.61	0	0	0	2
60713	270.61	0	0	0	2
60763	270.61	0	0	0	2
60813	270.61	0	0	0	2
60863	270.61	0	0	0	2
60913	270.61	0	0	0	2
60963	270.61	0	0	0	2
61014	270.61	0	0	0	2
61064	270.61	0	0	0	2
61114	270.61	0	0	0	2
61164	270.61	0	0	0	2
61214	270.61	0	0	0	2
