------ Microcontroller Engine Governor - Version: 1.12 ------
-------------------------------------------------------------
PID Gains:        Kp: 0.010000   Ki: 0.000000   Kd: 3.000000
-------------------------------------------------------------
Set RPM:             3600    |  Min RPM:                300
                             |
RPM Precision        2       |  PID I Precision:         22
                             |
Start Steps:         900     |  Max Steps:               1200
                             |
RPM Calc Interval:   1       |  Num Magnets:             1
                             |
LCD Update Interval: 400     |  Serial Update Interval:  50
-------------------------------------------------------------

Time,RPM,Steps Remaining, PID p, PID i, PID d
87,0.00,0,0,0,0
137,0.00,0,0,0,0
187,0.00,0,0,0,0
237,0.00,0,0,0,0
287,0.00,0,0,0,0
337,0.00,0,0,0,0
387,0.00,0,0,0,0
437,0.00,0,0,0,0
487,0.00,0,0,0,0
537,0.00,0,0,0,0
587,0.00,0,0,0,0
637,0.00,0,0,0,0
687,0.00,0,0,0,0
737,0.00,0,0,0,0
787,0.00,0,0,0,0
837,0.00,0,0,0,0
887,0.00,0,0,0,0
937,0.00,0,0,0,0
987,0.00,0,0,0,0
1037,0.00,0,0,0,0
1087,0.00,0,0,0,0
1137,0.00,0,0,0,0
1187,0.00,0,0,0,0
1238,0.00,0,0,0,0
1288,0.00,0,0,0,0
1338,0.00,0,0,0,0
1388,inf,0,0,0,0
1438,inf,0,0,0,0
1488,857.24,0,0,0,0
1538,881.06,0,0,0,0
1588,1277.47,0,0,0,0
1638,1292.55,0,0,0,0
1688,1592.02,0,0,0,0
1738,1833.74,0,0,0,0
1788,2031.97,0,0,0,0
1838,2191.70,0,0,0,0
1888,2334.27,0,0,0,0
1938,2457.40,0,0,0,0
1988,2556.24,0,0,0,0
2038,2638.99,0,0,0,0
2088,2720.35,0,0,0,0
2138,2785.52,0,0,0,0
2188,2841.99,0,0,0,0
2238,2901.35,0,0,0,0
2288,2975.60,0,0,0,0
2338,3027.86,0,0,0,0
2388,3067.48,0,0,0,0
2438,3066.86,0,0,0,0
2488,3149.28,0,0,0,0
2538,3215.43,0,0,0,0
2588,3163.89,0,0,0,0
2638,3260.16,0,0,0,0
2688,3245.35,0,0,0,0
2738,3245.35,0,0,0,0
2788,3298.88,0,0,0,0
2838,3237.64,0,0,0,0
2888,3245.35,0,0,0,0
2938,3315.65,0,0,0,0
2988,3282.99,0,0,0,0
3038,3331.11,0,0,0,0
3088,3362.47,0,0,0,0
3138,3330.37,0,0,0,0
3188,3370.79,0,0,0,0
3238,3370.79,0,0,0,0
3288,3362.47,0,0,0,0
3338,3378.38,0,0,0,0
3388,3378.38,0,0,0,0
3438,3419.97,0,0,0,0
3488,3419.19,0,0,0,0
3538,3453.04,0,0,0,0
3588,3403.68,0,0,0,0
3638,3419.97,0,0,0,0
3688,3461.80,0,0,0,0
3738,3461.80,0,0,0,0
3788,3513.70,0,0,0,0
3838,3497.32,0,0,0,0
3888,3513.70,0,0,0,0
3938,3496.50,0,0,0,0
3988,3521.95,0,0,0,0
4038,3507.13,0,0,0,0
4088,3541.91,0,0,0,0
4139,3540.24,0,0,0,0
4189,3550.30,0,0,0,0
4239,3518.65,0,0,0,0
4289,3487.56,0,0,0,0
4339,3540.24,0,0,0,0
4389,3541.08,0,0,0,0
4439,3577.39,0,0,0,0
4489,3550.30,0,0,0,0
4539,3568.03,0,0,0,0
4589,3557.87,0,0,0,0
4639,3585.94,0,0,0,0
4689,3573.13,0,0,0,0
4739,3613.59,0,0,0,0
4789,3572.28,0,0,0,0
4839,3613.59,0,0,0,0
4889,3540.24,0,0,0,0
4939,3577.39,0,0,0,0
4989,3568.03,0,0,0,0
5039,3576.54,0,0,0,0
5089,3572.28,0,0,0,0
5139,3559.56,0,0,0,0
5189,3531.90,0,0,0,0
5239,3549.46,0,0,0,0
5289,3522.78,0,0,0,0
5339,3514.53,0,0,0,0
5389,3531.90,0,0,0,0
5439,3522.78,0,0,0,0
5489,3551.14,0,0,0,0
5539,3532.74,0,0,0,0
5590,3576.54,0,0,0,0
5640,3568.88,0,0,0,0
5690,3585.94,0,0,0,0
5740,3572.28,0,0,0,0
5790,3605.77,0,0,0,0
5840,3591.09,0,0,0,0
5890,3623.19,0,0,0,0
5940,3550.30,0,0,0,0
5990,3604.90,0,0,0,0
6040,3586.80,0,0,0,0
6090,3557.87,0,0,0,0
6140,3559.56,0,0,0,0
6190,3577.39,0,0,0,0
6240,3575.69,0,0,0,0
6290,3567.18,0,0,0,0
6340,3550.30,0,0,0,0
6390,3596.26,0,0,0,0
6440,3567.18,0,0,0,0
6490,3558.72,0,0,0,0
6540,3541.08,0,0,0,0
6590,3593.67,0,0,0,0
6640,3568.03,0,0,0,0
6690,3586.80,0,0,0,0
6740,3582.52,0,0,0,0
6790,3614.46,0,0,0,0
6840,3573.13,0,0,0,0
6890,3577.39,0,0,0,0
6940,3581.66,0,0,0,0
6990,3596.26,0,0,0,0
7040,3591.95,0,0,0,0
7090,3614.46,0,0,0,0
7140,3600.58,0,0,0,0
7190,3647.86,0,0,0,0
7240,3638.13,0,0,0,0
7290,3610.11,0,0,0,0
7340,3600.58,0,0,0,0
7390,3590.23,0,0,0,0
7440,3550.30,0,0,0,0
7490,3541.91,0,0,0,0
7540,3581.66,0,0,0,0
7590,3582.52,0,0,0,0
7640,3610.11,0,0,0,0
7690,3588.52,0,0,0,0
7740,3613.59,0,0,0,0
7790,3610.11,0,0,0,0
7840,3631.96,0,0,0,0
7890,3610.11,0,0,0,0
7940,3604.90,0,0,0,0
7990,3581.66,0,0,0,0
8040,3624.06,0,0,0,0
8090,3598.85,0,0,0,0
8140,3623.19,0,0,0,0
8190,3610.11,0,0,0,0
8240,3614.46,0,0,0,0
8290,3608.37,0,0,0,0
8340,3628.45,0,0,0,0
8390,3619.69,0,0,0,0
8440,3618.82,0,0,0,0
8491,3609.24,0,0,0,0
8541,3600.58,0,0,0,0
8591,3591.09,0,0,0,0
8641,3628.45,0,0,0,0
8691,3601.44,0,0,0,0
8741,3646.97,0,0,0,0
8791,3647.86,0,0,0,0
8841,3647.86,0,0,0,0
8891,3573.13,0,0,0,0
8941,3610.11,0,0,0,0
8991,3581.66,0,0,0,0
9041,3554.50,0,0,0,0
9091,3558.72,0,0,0,0
9141,3612.72,0,0,0,0
9191,3599.71,0,0,0,0
9241,3645.20,0,0,0,0
9291,3610.11,0,0,0,0
9341,3590.23,0,0,0,0
9391,3581.66,0,0,0,0
9441,3624.06,0,0,0,0
9491,3610.11,0,0,0,0
9541,3656.75,0,0,0,0
9591,3617.94,0,0,0,0
9641,3666.59,0,0,0,0
9691,3609.24,0,0,0,0
9741,3646.97,0,0,0,0
9791,3619.69,0,0,0,0
9841,3627.57,0,0,0,0
9891,3638.13,0,0,0,0
9942,3601.44,0,0,0,0
9992,3642.54,0,0,0,0
10042,3617.94,0,0,0,0
10092,3612.72,0,0,0,0
10142,3618.82,0,0,0,0
10192,3666.59,0,0,0,0
10242,3639.01,0,0,0,0
10292,3628.45,0,0,0,0
10342,3627.57,0,0,0,0
10392,3600.58,0,0,0,0
10442,3591.09,0,0,0,0
10492,3647.86,0,0,0,0
10542,3628.45,0,0,0,0
10592,3637.25,0,0,0,0
10642,3628.45,0,0,0,0
10692,3647.86,0,0,0,0
10742,3638.13,0,0,0,0
10792,3666.59,0,0,0,0
10842,3638.13,0,0,0,0
10892,3612.72,0,0,0,0
10942,3599.71,0,0,0,0
10992,3628.45,0,0,0,0
11042,3628.45,0,0,0,0
11092,3637.25,0,0,0,0
11142,3619.69,0,0,0,0
11192,3675.57,0,0,0,0
11242,3646.09,0,0,0,0
11292,3646.97,0,0,0,0
11342,3637.25,0,0,0,0
11392,3614.46,0,0,0,0
11442,3600.58,0,0,0,0
11492,3614.46,0,0,0,0
11542,3600.58,0,0,0,0
11592,3656.75,0,0,0,0
11642,3600.58,0,0,0,0
11692,3656.75,0,0,0,0
11742,3638.13,0,0,0,0
11792,3638.13,0,0,0,0
11842,3619.69,0,0,0,0
11892,3647.86,0,0,0,0
11942,3629.32,0,0,0,0
11992,3610.11,0,0,0,0
12042,3591.09,0,0,0,0
12092,3643.43,0,0,0,0
12142,3582.52,0,0,0,0
12192,3595.40,0,0,0,0
12242,3564.64,0,0,0,0
12292,3594.54,0,0,0,0
12342,3598.85,0,0,0,0
12392,3638.13,0,0,0,0
12442,3619.69,0,0,0,0
12492,3617.94,0,0,0,0
12542,3610.98,0,0,0,0
12592,3666.59,0,0,0,0
12642,3657.64,0,0,0,0
12692,3695.49,0,0,0,0
12742,3638.13,0,0,0,0
12792,3686.41,0,0,0,0
12843,3647.86,0,0,0,0
12893,3677.37,0,0,0,0
12943,3637.25,0,0,0,0
12993,3638.13,0,0,0,0
13043,3704.62,0,0,0,0
13093,3676.47,0,0,0,0
13143,3695.49,0,0,0,0
13193,3685.50,0,0,0,0
13243,3657.64,0,0,0,0
13293,3647.86,0,0,0,0
13343,3676.47,0,0,0,0
13393,3647.86,0,0,0,0
13443,3686.41,0,0,0,0
13493,3619.69,0,0,0,0
13543,3675.57,0,0,0,0
13593,3676.47,0,0,0,0
13643,3657.64,0,0,0,0
13693,3647.86,0,0,0,0
13743,3675.57,0,0,0,0
13793,3638.13,0,0,0,0
13843,3656.75,0,0,0,0
13893,3657.64,0,0,0,0
13943,3656.75,0,0,0,0
13993,3647.86,0,0,0,0
14043,3685.50,0,0,0,0
14093,3656.75,0,0,0,0
14143,3666.59,0,0,0,0
14193,3716.55,0,0,0,0
14243,3647.86,0,0,0,0
14294,3628.45,0,0,0,0
14344,3638.13,0,0,0,0
14394,3627.57,0,0,0,0
14444,3628.45,0,0,0,0
14494,3676.47,0,0,0,0
14544,3600.58,0,0,0,0
14594,3636.36,0,0,0,0
14644,3628.45,0,0,0,0
14694,3638.13,0,0,0,0
14744,3629.32,0,0,0,0
14794,3656.75,0,0,0,0
14844,3647.86,0,0,0,0
14894,3685.50,0,0,0,0
14944,3664.79,0,0,0,0
14994,3685.50,0,0,0,0
15044,3675.57,0,0,0,0
15094,3707.36,0,0,0,0
15144,3667.48,0,0,0,0
15194,3637.25,0,0,0,0
15244,3638.13,0,0,0,0
15294,3666.59,0,0,0,0
15344,3695.49,0,0,0,0
15394,3685.50,0,0,0,0
15444,3715.63,0,0,0,0
15494,3638.13,0,0,0,0
15544,3685.50,0,0,0,0
15594,3638.13,0,0,0,0
15644,3687.32,0,0,0,0
15694,3656.75,0,0,0,0
15744,3703.70,0,0,0,0
15794,3656.75,0,0,0,0
15844,3687.32,0,0,0,0
15894,3657.64,0,0,0,0
15944,3697.31,0,0,0,0
15994,3647.86,0,0,0,0
16044,3696.40,0,0,0,0
16094,3646.09,0,0,0,0
16144,3676.47,0,0,0,0
16194,3619.69,0,0,0,0
16244,3666.59,0,0,0,0
16294,3647.86,0,0,0,0
16344,3647.86,0,0,0,0
16394,3638.13,0,0,0,0
16444,3667.48,0,0,0,0
16494,3628.45,0,0,0,0
16544,3562.10,0,0,0,0
16594,3685.50,0,0,0,0
16644,3610.11,0,0,0,0
16694,3628.45,0,0,0,0
16744,3628.45,0,0,0,0
16794,3638.13,0,0,0,0
16844,3617.94,0,0,0,0
16894,3630.20,0,0,0,0
16944,3610.11,0,0,0,0
16994,3604.90,0,0,0,0
17044,3601.44,0,0,0,0
17094,3585.94,0,0,0,0
17144,3566.33,0,0,0,0
17195,3622.31,0,0,0,0
17245,3600.58,0,0,0,0
17295,3638.13,0,0,0,0
17345,3626.69,0,0,0,0
17395,3656.75,0,0,0,0
17445,3638.13,0,0,0,0
17495,3619.69,0,0,0,0
17545,3609.24,0,0,0,0
17595,3638.13,0,0,0,0
17645,3610.11,0,0,0,0
17695,3599.71,0,0,0,0
17745,3599.71,0,0,0,0
17795,3647.86,0,0,0,0
17845,3637.25,0,0,0,0
17895,3695.49,0,0,0,0
17945,3646.97,0,0,0,0
17995,3580.81,0,0,0,0
18045,3591.09,0,0,0,0
18095,3645.20,0,0,0,0
18145,3610.11,0,0,0,0
18195,3638.13,0,0,0,0
18245,3608.37,0,0,0,0
18295,3630.20,0,0,0,0
18345,3557.87,0,0,0,0
18395,3586.80,0,0,0,0
18445,3576.54,0,0,0,0
18495,3624.06,0,0,0,0
18545,3619.69,0,0,0,0
18595,3656.75,0,0,0,0
18646,3628.45,0,0,0,0
18696,3666.59,0,0,0,0
18746,3608.37,0,0,0,0
18796,3656.75,0,0,0,0
18846,3657.64,0,0,0,0
18896,3627.57,0,0,0,0
18946,3600.58,0,0,0,0
18996,3656.75,0,0,0,0
19046,3610.11,0,0,0,0
19096,3638.13,0,0,0,0
19146,3600.58,0,0,0,0
19196,3629.32,0,0,0,0
19246,3590.23,0,0,0,0
19296,3632.84,0,0,0,0
19346,3618.82,0,0,0,0
19396,3646.09,0,0,0,0
19446,3619.69,0,0,0,0
19496,3646.97,0,0,0,0
19546,3638.13,0,0,0,0
19596,3676.47,0,0,0,0
19646,3638.13,0,0,0,0
19696,3666.59,0,0,0,0
19746,3619.69,0,0,0,0
19796,3646.97,0,0,0,0
19846,3638.13,0,0,0,0
19896,3676.47,0,0,0,0
19946,3647.86,0,0,0,0
19996,3647.86,0,0,0,0
20046,3676.47,0,0,0,0
20096,3647.86,0,0,0,0
20146,3677.37,0,0,0,0
20196,3647.86,0,0,0,0
20246,3666.59,0,0,0,0
20296,3656.75,0,0,0,0
20346,3695.49,0,0,0,0
20396,3676.47,0,0,0,0
20446,3705.53,0,0,0,0
20496,3638.13,0,0,0,0
20546,3656.75,0,0,0,0
20596,3637.25,0,0,0,0
20646,3656.75,0,0,0,0
20696,3638.13,0,0,0,0
20746,3685.50,0,0,0,0
20796,3639.01,0,0,0,0
20846,3646.97,0,0,0,0
20896,3628.45,0,0,0,0
20946,3614.46,0,0,0,0
20996,3610.11,0,0,0,0
21046,3609.24,0,0,0,0
21096,3550.30,0,0,0,0
21146,3614.46,0,0,0,0
21196,3575.69,0,0,0,0
21246,3612.72,0,0,0,0
21296,3599.71,0,0,0,0
21346,3612.72,0,0,0,0
21396,3599.71,0,0,0,0
21446,3642.54,0,0,0,0
21496,3619.69,0,0,0,0
21547,3628.45,0,0,0,0
21597,3610.11,0,0,0,0
21647,3606.64,0,0,0,0
21697,3591.09,0,0,0,0
21747,3599.71,0,0,0,0
21797,3582.52,0,0,0,0
21847,3632.84,0,0,0,0
21897,3610.11,0,0,0,0
21947,3637.25,0,0,0,0
21997,3600.58,0,0,0,0
22047,3656.75,0,0,0,0
22097,3618.82,0,0,0,0
22147,3656.75,0,0,0,0
22197,3591.09,0,0,0,0
22247,3647.86,0,0,0,0
22297,3599.71,0,0,0,0
22347,3656.75,0,0,0,0
22397,3610.11,0,0,0,0
22447,3666.59,0,0,0,0
22497,3629.32,0,0,0,0
22547,3666.59,0,0,0,0
22597,3608.37,0,0,0,0
22647,3638.13,0,0,0,0
22697,3629.32,0,0,0,0
22747,3666.59,0,0,0,0
22797,3638.13,0,0,0,0
22847,3619.69,0,0,0,0
22897,3666.59,0,0,0,0
22947,3655.86,0,0,0,0
22998,3627.57,0,0,0,0
23048,3666.59,0,0,0,0
23098,3646.97,0,0,0,0
23148,3638.13,0,0,0,0
23198,3609.24,0,0,0,0
23248,3610.11,0,0,0,0
23298,3628.45,0,0,0,0
23348,3627.57,0,0,0,0
23398,3647.86,0,0,0,0
23448,3638.13,0,0,0,0
23498,3638.13,0,0,0,0
23548,3628.45,0,0,0,0
23598,3647.86,0,0,0,0
23648,3657.64,0,0,0,0
23698,3638.13,0,0,0,0
23748,3638.13,0,0,0,0
23798,3638.13,0,0,0,0
23848,3628.45,0,0,0,0
23898,3647.86,0,0,0,0
23948,3638.13,0,0,0,0
23998,3656.75,0,0,0,0
24048,3656.75,0,0,0,0
24098,3647.86,0,0,0,0
24148,3629.32,0,0,0,0
24198,3585.09,0,0,0,0
24248,3573.98,0,0,0,0
24298,3629.32,0,0,0,0
24348,3558.72,0,0,0,0
24398,3614.46,0,0,0,0
24448,3568.03,0,0,0,0
24498,3623.19,0,0,0,0
24548,3549.46,0,0,0,0
24598,3585.94,0,0,0,0
24648,3583.37,0,0,0,0
24698,3595.40,0,0,0,0
24748,3580.81,0,0,0,0
24798,3641.66,0,0,0,0
24848,3591.09,0,0,0,0
24898,3582.52,0,0,0,0
24948,3582.52,0,0,0,0
24998,3577.39,0,0,0,0
25048,3567.18,0,0,0,0
25098,3614.46,0,0,0,0
25148,3600.58,0,0,0,0
25198,3636.36,0,0,0,0
25248,3567.18,0,0,0,0
25298,3604.90,0,0,0,0
25348,3591.95,0,0,0,0
25398,3636.36,0,0,0,0
25448,3619.69,0,0,0,0
25498,3647.86,0,0,0,0
25548,3629.32,0,0,0,0
25598,3646.97,0,0,0,0
25648,3628.45,0,0,0,0
25698,3629.32,0,0,0,0
25748,3628.45,0,0,0,0
25798,3656.75,0,0,0,0
25848,3647.86,0,0,0,0
25899,3666.59,0,0,0,0
25949,3656.75,0,0,0,0
25999,3676.47,0,0,0,0
26049,3647.86,0,0,0,0
26099,3676.47,0,0,0,0
26149,3666.59,0,0,0,0
26199,3686.41,0,0,0,0
26249,3666.59,0,0,0,0
26299,3647.86,0,0,0,0
26349,3638.13,0,0,0,0
26399,3629.32,0,0,0,0
26449,3599.71,0,0,0,0
26499,3585.94,0,0,0,0
26549,3614.46,0,0,0,0
26599,3609.24,0,0,0,0
26649,3610.11,0,0,0,0
26699,3601.44,0,0,0,0
26749,3637.25,0,0,0,0
26799,3627.57,0,0,0,0
26849,3657.64,0,0,0,0
26899,3647.86,0,0,0,0
26949,3628.45,0,0,0,0
26999,3610.11,0,0,0,0
27049,3632.84,0,0,0,0
27099,3627.57,0,0,0,0
27149,3656.75,0,0,0,0
27199,3638.13,0,0,0,0
27249,3687.32,0,0,0,0
27299,3656.75,0,0,0,0
27350,3666.59,0,0,0,0
27400,3656.75,0,0,0,0
27450,3654.08,0,0,0,0
27500,3638.13,0,0,0,0
27550,3685.50,0,0,0,0
27600,3657.64,0,0,0,0
27650,3695.49,0,0,0,0
27700,3667.48,0,0,0,0
27750,3646.97,0,0,0,0
27800,3638.13,0,0,0,0
27850,3674.67,0,0,0,0
27900,3638.13,0,0,0,0
27950,3628.45,0,0,0,0
28000,3617.94,0,0,0,0
28050,3628.45,0,0,0,0
28100,3629.32,0,0,0,0
28150,3647.86,0,0,0,0
28200,3638.13,0,0,0,0
28250,3617.94,0,0,0,0
28300,3624.06,0,0,0,0
28350,3600.58,0,0,0,0
28400,3638.13,0,0,0,0
28450,3568.03,0,0,0,0
28500,3629.32,0,0,0,0
28550,3629.32,0,0,0,0
28600,3628.45,0,0,0,0
28650,3608.37,0,0,0,0
28700,3666.59,0,0,0,0
28750,3609.24,0,0,0,0
28800,3656.75,0,0,0,0
28850,3617.94,0,0,0,0
28900,3657.64,0,0,0,0
28950,3638.13,0,0,0,0
29000,3676.47,0,0,0,0
29050,3646.09,0,0,0,0
29100,3628.45,0,0,0,0
29150,3557.87,0,0,0,0
29200,3622.31,0,0,0,0
29250,3575.69,0,0,0,0
29300,3621.44,0,0,0,0
29350,3601.44,0,0,0,0
29400,3638.13,0,0,0,0
29450,3609.24,0,0,0,0
29500,3631.96,0,0,0,0
29550,3619.69,0,0,0,0
29600,3666.59,0,0,0,0
29650,3656.75,0,0,0,0
29700,3676.47,0,0,0,0
29750,3619.69,0,0,0,0
29800,3647.86,0,0,0,0
29850,3647.86,0,0,0,0
29900,3629.32,0,0,0,0
29950,3610.11,0,0,0,0
30000,3638.13,0,0,0,0
30050,3628.45,0,0,0,0
30100,3666.59,0,0,0,0
30150,3657.64,0,0,0,0
30200,3675.57,0,0,0,0
30251,3676.47,0,0,0,0
30301,3676.47,0,0,0,0
30351,3675.57,0,0,0,0
30401,3695.49,0,0,0,0
30451,3696.40,0,0,0,0
30501,3667.48,0,0,0,0
30551,3647.86,0,0,0,0
30601,3647.86,0,0,0,0
30651,3686.41,0,0,0,0
30701,3638.13,0,0,0,0
30751,3676.47,0,0,0,0
30801,3676.47,0,0,0,0
30851,3685.50,0,0,0,0
30901,3666.59,0,0,0,0
30951,3666.59,0,0,0,0
31001,3666.59,0,0,0,0
31051,3705.53,0,0,0,0
31101,3666.59,0,0,0,0
31151,3704.62,0,0,0,0
31201,3656.75,0,0,0,0
31251,3706.45,0,0,0,0
31301,3695.49,0,0,0,0
31351,3704.62,0,0,0,0
31401,3726.71,0,0,0,0
31451,3705.53,0,0,0,0
31501,3695.49,0,0,0,0
31551,3657.64,0,0,0,0
31601,3675.57,0,0,0,0
31651,3657.64,0,0,0,0
31702,3666.59,0,0,0,0
31752,3667.48,0,0,0,0
31802,3706.45,0,0,0,0
31852,3647.86,0,0,0,0
31902,3675.57,0,0,0,0
31952,3666.59,0,0,0,0
32002,3697.31,0,0,0,0
32052,3657.64,0,0,0,0
32102,3678.27,0,0,0,0
32152,3629.32,0,0,0,0
32202,3656.75,0,0,0,0
32252,3647.86,0,0,0,0
32302,3666.59,0,0,0,0
32352,3647.86,0,0,0,0
32402,3646.09,0,0,0,0
32452,3666.59,0,0,0,0
32502,3647.86,0,0,0,0
32552,3656.75,0,0,0,0
32602,3628.45,0,0,0,0
32652,3656.75,0,0,0,0
32702,3638.13,0,0,0,0
32752,3685.50,0,0,0,0
32802,3666.59,0,0,0,0
32852,3695.49,0,0,0,0
32902,3619.69,0,0,0,0
32952,3657.64,0,0,0,0
33002,3629.32,0,0,0,0
33052,3608.37,0,0,0,0
33102,3609.24,0,0,0,0
33152,3628.45,0,0,0,0
33202,3610.11,0,0,0,0
33252,3632.84,0,0,0,0
33302,3628.45,0,0,0,0
33352,3666.59,0,0,0,0
33402,3656.75,0,0,0,0
33452,3685.50,0,0,0,0
33502,3665.69,0,0,0,0
33552,3656.75,0,0,0,0
33602,3637.25,0,0,0,0
33652,3666.59,0,0,0,0
33702,3638.13,0,0,0,0
33752,3644.31,0,0,0,0
33802,3610.11,0,0,0,0
33852,3656.75,0,0,0,0
33902,3646.09,0,0,0,0
33952,3618.82,0,0,0,0
34002,3618.82,0,0,0,0
34052,3646.09,0,0,0,0
34102,3568.88,0,0,0,0
34152,3495.69,0,0,0,0
34202,3411.42,0,0,0,0
34252,3338.53,0,0,0,0
34302,3255.21,0,0,0,0
34352,3192.85,0,0,0,0
34402,3121.75,0,0,0,0
34452,3066.86,0,0,0,0
34502,2982.11,0,0,0,0
34552,2925.69,0,0,0,0
34603,2842.52,0,0,0,0
34653,2791.22,0,0,0,0
34703,2687.69,0,0,0,0
34753,2647.84,0,0,0,0
34803,2594.26,0,0,0,0
34853,2538.07,0,0,0,0
34903,2478.93,0,0,0,0
34953,2423.65,0,0,0,0
35003,2365.93,0,0,0,0
35053,2311.25,0,0,0,0
35103,2254.96,0,0,0,0
35153,2194.59,0,0,0,0
35203,2178.97,0,0,0,0
35253,2118.64,0,0,0,0
35303,2061.86,0,0,0,0
35353,2024.29,0,0,0,0
35403,1994.42,0,0,0,0
35453,1904.52,0,0,0,0
35503,1890.12,0,0,0,0
35553,1829.94,0,0,0,0
35603,1786.14,0,0,0,0
35653,1725.72,0,0,0,0
35703,1709.60,0,0,0,0
35753,1662.97,0,0,0,0
35803,1619.87,0,0,0,0
35853,1587.30,0,0,0,0
35903,1537.04,0,0,0,0
35953,1473.04,0,0,0,0
36003,1462.99,0,0,0,0
36054,1406.73,0,0,0,0
36104,1395.48,0,0,0,0
36154,1340.60,0,0,0,0
36204,1329.32,0,0,0,0
36254,1271.08,0,0,0,0
36304,1263.05,0,0,0,0
36354,1198.37,0,0,0,0
36404,1193.98,0,0,0,0
36454,1123.85,0,0,0,0
36504,1120.24,0,0,0,0
36554,1046.39,0,0,0,0
36604,1043.19,0,0,0,0
36654,975.55,0,0,0,0
36704,975.55,0,0,0,0
36754,959.39,0,0,0,0
36804,875.96,0,0,0,0
36854,870.02,0,0,0,0
36904,870.02,0,0,0,0
36954,786.99,0,0,0,0
37004,772.76,0,0,0,0
37054,772.76,0,0,0,0
37104,694.28,0,0,0,0
37154,694.28,0,0,0,0
37204,661.73,0,0,0,0
37254,661.73,0,0,0,0
37304,571.10,0,0,0,0
37354,571.10,0,0,0,0
37404,527.37,0,0,0,0
37454,527.37,0,0,0,0
37504,527.37,0,0,0,0
37554,417.34,0,0,0,0
37604,417.34,0,0,0,0
37654,417.34,0,0,0,0
37704,417.34,0,0,0,0
37754,341.32,0,0,0,0
37804,341.32,0,0,0,0
37854,341.32,0,0,0,0
37904,341.32,0,0,0,0
37954,341.32,0,0,0,0
38004,341.32,0,0,0,0
38054,341.32,0,0,0,0
38104,341.32,0,0,0,0
38154,144.75,0,0,0,0
38204,144.75,0,0,0,0
38254,144.75,0,0,0,0
38304,144.75,0,0,0,0
38354,144.75,0,0,0,0
38404,144.75,0,0,0,0
38454,144.75,0,0,0,0
38504,144.75,0,0,0,0
38554,144.75,0,0,0,0
38604,144.75,0,0,0,0
38654,144.75,0,0,0,0
38704,144.75,0,0,0,0
38754,144.75,0,0,0,0
38804,144.75,0,0,0,0
38854,144.75,0,0,0,0
38904,144.75,0,0,0,0
38955,144.75,0,0,0,0
39005,144.75,0,0,0,0
39055,144.75,0,0,0,0
39105,144.75,0,0,0,0
39155,144.75,0,0,0,0
39205,144.75,0,0,0,0
39255,144.75,0,0,0,0
39305,144.75,0,0,0,0
