------ Microcontroller Engine Governor - Version: 1.13 ------
-------------------------------------------------------------
PID Gains:        Kp: 0.010000   Ki: 0.000000   Kd: 3.000000
-------------------------------------------------------------
Set RPM:             3600    |  Min RPM:                300
                             |
RPM Precision        30       |  PID I Precision:         50
                             |
Start Steps:         900     |  Max Steps:               1200
                             |
RPM Calc Interval:   1       |  Num Magnets:             1
                             |
LCD Update Interval: 400     |  Serial Update Interval:  50
-------------------------------------------------------------

Time,RPM,Steps Remaining, PID p, PID i, PID d
87,inf,0,0,0,0
137,3628.45,0,0,0,0
187,3623.19,0,0,0,0
237,3592.81,0,0,0,0
287,3637.25,0,0,0,0
337,3628.45,0,0,0,0
387,3610.98,0,0,0,0
437,3607.50,0,0,0,0
487,3677.37,0,0,0,0
537,3656.75,0,0,0,0
587,3669.28,0,0,0,0
637,3657.64,0,0,0,0
687,3662.11,0,0,0,0
737,3592.81,0,0,0,0
787,3562.10,0,0,0,0
837,3570.58,0,0,0,0
887,3629.32,0,0,0,0
937,3600.58,0,0,0,0
987,3638.13,0,0,0,0
1037,3577.39,0,0,0,0
1087,3599.71,0,0,0,0
1137,3599.71,0,0,0,0
1187,3645.20,0,0,0,0
1238,3610.11,0,0,0,0
1288,3638.13,0,0,0,0
1338,3627.57,0,0,0,0
1388,3645.20,0,0,0,0
1438,3610.11,0,0,0,0
1488,3638.13,0,0,0,0
1538,3638.13,0,0,0,0
1588,3629.32,0,0,0,0
1638,3579.95,0,0,0,0
1688,3661.22,0,0,0,0
1738,3585.09,0,0,0,0
1788,3653.19,0,0,0,0
1838,3638.13,0,0,0,0
1888,3629.32,0,0,0,0
1938,3628.45,0,0,0,0
1988,3653.19,0,0,0,0
2038,3597.98,0,0,0,0
2088,3656.75,0,0,0,0
2138,3591.95,0,-1,0,0
2188,3645.20,0,0,0,0
2238,3617.94,0,0,0,0
2288,3640.78,0,0,0,0
2338,3645.20,0,0,0,0
2388,3600.58,0,0,0,0
2438,3649.63,0,0,0,0
2488,3627.57,0,0,0,0
2538,3646.09,0,0,0,0
2588,3637.25,0,0,0,0
2638,3631.96,0,0,0,0
2688,3635.48,0,0,0,0
2738,3645.20,0,0,0,0
2788,3637.25,0,0,0,0
2838,3659.43,0,0,0,0
2888,3656.75,0,0,0,0
2938,3646.09,0,0,0,0
2988,3613.59,0,0,0,0
3038,3638.13,0,0,0,0
3088,3612.72,0,0,0,0
3138,3615.33,0,0,0,0
3188,3598.85,0,0,0,0
3238,3607.50,0,0,0,0
3288,3612.72,0,0,0,0
3338,3662.11,0,0,0,0
3388,3613.59,0,0,0,0
3438,3615.33,0,0,0,0
3488,3605.77,0,0,0,0
3538,3644.31,0,0,0,0
3588,3617.94,0,0,0,0
3638,3629.32,0,0,0,0
3688,3611.85,0,0,0,0
3738,3653.19,0,0,0,0
3788,3622.31,0,0,0,0
3838,3623.19,0,0,0,0
3888,3592.81,0,0,0,0
3938,3577.39,0,0,0,0
3988,3585.09,0,0,0,0
4038,3622.31,0,0,0,0
4088,3592.81,0,0,0,0
4139,3653.19,0,0,0,0
4189,3627.57,0,0,0,0
4239,3623.19,0,0,0,0
4289,3625.82,0,0,0,0
4339,3636.36,0,0,0,0
4389,3627.57,0,0,0,0
4439,3612.72,0,0,0,0
4489,3627.57,0,0,0,0
4539,3661.22,0,0,0,0
4589,3646.09,0,0,0,0
4639,3696.40,0,0,0,0
4689,3632.84,0,0,0,0
4739,3680.08,0,0,0,0
4789,3665.69,0,0,0,0
4839,3671.07,0,0,0,0
4889,3646.09,0,0,0,0
4939,3690.04,0,0,0,0
4989,3715.63,0,-1,0,0
5039,3646.97,0,0,0,0
5089,3695.49,0,0,0,0
5139,3627.57,0,0,0,0
5189,3680.98,0,0,0,0
5239,3631.08,0,0,0,0
5289,3685.50,0,0,0,0
5339,3680.08,0,0,0,0
5389,3651.41,0,0,0,0
5439,3592.81,0,0,0,0
5489,3582.52,0,0,0,0
5539,3592.81,0,0,0,0
5590,3605.77,0,0,0,0
5640,3569.73,0,0,0,0
5690,3614.46,0,0,0,0
5740,3607.50,0,0,0,0
5790,3608.37,0,0,0,0
5840,3592.81,0,0,0,0
5890,3646.09,0,0,0,0
5940,3622.31,0,0,0,0
5990,3651.41,0,0,0,0
6040,3598.85,0,0,0,0
6090,3653.19,0,0,0,0
6140,3627.57,0,0,0,0
6190,3654.08,0,0,0,0
6240,3636.36,0,0,0,0
6290,3669.28,0,0,0,0
6340,3600.58,0,0,0,0
6390,3653.19,0,0,0,0
6440,3585.09,0,0,0,0
6490,3569.73,0,0,0,0
6540,3574.83,0,0,0,0
6590,3628.45,0,0,0,0
6640,3568.03,0,0,0,0
6690,3621.44,0,0,0,0
6740,3598.85,0,0,0,0
6790,3614.46,0,0,0,0
6840,3613.59,0,0,0,0
6890,3617.07,0,0,0,0
6940,3611.85,0,0,0,0
6990,3608.37,0,0,0,0
7040,3562.95,0,0,0,0
7090,3608.37,0,0,0,0
7140,3599.71,0,0,0,0
7190,3620.56,0,0,0,0
7240,3554.50,0,0,0,0
7290,3639.89,0,0,0,0
7340,3585.09,0,0,0,0
7390,3608.37,0,0,0,0
7440,3592.81,0,0,0,0
7490,3629.32,0,0,0,0
7540,3617.94,0,0,0,0
7590,3662.11,0,0,0,0
7640,3592.81,0,0,0,0
7690,3572.28,0,0,0,0
7740,3560.41,0,0,0,0
7790,3628.45,0,0,0,0
7840,3575.69,0,0,0,0
7890,3614.46,0,0,0,0
7940,3606.64,0,0,0,0
7990,3590.23,0,0,0,0
8040,3591.09,0,0,0,0
8090,3643.43,0,0,0,0
8140,3636.36,0,0,0,0
8190,3612.72,0,0,0,0
8240,3606.64,0,0,0,0
8290,3592.81,0,0,0,0
8340,3561.25,0,0,0,0
8390,3589.38,0,0,0,0
8440,3528.58,0,0,0,0
8491,3603.17,0,0,0,0
8541,3608.37,0,0,0,0
8591,3621.44,0,0,0,0
8641,3575.69,0,0,0,0
8691,3628.45,0,0,0,0
8741,3604.04,0,0,0,0
8791,3653.19,0,0,0,0
8841,3585.09,0,0,0,0
8891,3640.78,0,0,0,0
8941,3618.82,0,0,0,0
8991,3614.46,0,0,0,0
9041,3623.19,0,0,0,0
9091,3651.41,0,0,0,0
9141,3612.72,0,0,0,0
9191,3638.13,0,0,0,0
9241,3637.25,0,0,0,0
9291,3649.63,0,0,0,0
9341,3622.31,0,0,0,0
9391,3630.20,0,0,0,0
9441,3600.58,0,0,0,0
9491,3599.71,0,0,0,0
9541,3600.58,0,0,0,0
9591,3570.58,0,0,0,0
9641,3560.41,0,0,0,0
9691,3541.91,0,0,0,0
9741,3576.54,0,0,0,0
9791,3577.39,0,0,0,0
9841,3568.88,0,0,0,0
9891,3614.46,0,0,0,0
9942,3575.69,0,0,0,0
9992,3621.44,0,0,0,0
10042,3575.69,0,0,0,0
10092,3607.50,0,0,0,0
10142,3553.66,0,0,0,0
10192,3614.46,0,0,0,0
10242,3575.69,0,0,0,0
10292,3515.35,0,0,0,0
10342,3575.69,0,0,0,0
10392,3534.40,0,0,0,0
10442,3546.94,0,0,0,0
10492,3555.34,0,0,0,0
10542,3582.52,0,0,0,0
10592,3569.73,0,0,0,0
10642,3621.44,0,0,0,0
10692,3603.17,0,0,0,0
10742,3608.37,0,0,0,0
10792,3594.54,0,0,0,0
10842,3622.31,0,0,0,0
10892,3611.85,0,0,0,0
10942,3638.13,0,0,0,0
10992,3569.73,0,0,0,0
11042,3614.46,0,0,0,0
11092,3612.72,0,0,0,0
11142,3606.64,0,0,0,0
11192,3569.73,0,0,0,0
11242,3560.41,0,0,0,0
11292,3562.10,0,0,0,0
11342,3561.25,0,0,0,0
11392,3547.78,0,0,0,0
11442,3538.57,0,0,0,0
11492,3520.30,0,0,0,0
11542,3530.24,0,0,0,0
11592,3521.13,0,0,0,0
11642,3537.74,0,0,0,0
11692,3557.03,0,0,0,0
11742,3498.13,0,1,0,0
11792,3492.43,0,1,0,0
11842,3474.64,0,1,0,0
11892,3529.41,0,0,0,0
11942,3460.21,0,1,0,0
11992,3495.69,0,1,0,0
12042,3494.06,0,1,0,0
12092,3566.33,0,0,0,0
12142,3568.03,0,0,0,0
12192,3553.66,0,0,0,0
12242,3569.73,0,0,0,0
12292,3629.32,0,0,0,0
12342,3604.04,0,0,0,0
12392,3638.13,0,0,0,0
12442,3606.64,0,0,0,0
12492,3654.08,0,0,0,0
12542,3585.09,0,0,0,0
12592,3654.08,0,0,0,0
12642,3646.09,0,0,0,0
12692,3661.22,0,0,0,0
12742,3655.86,0,0,0,0
12792,3577.39,0,0,0,0
12843,3591.09,0,0,0,0
12893,3661.22,0,0,0,0
12943,3636.36,0,0,0,0
12993,3685.50,0,0,0,0
13043,3676.47,0,0,0,0
13093,3651.41,0,0,0,0
13143,3646.97,0,0,0,0
13193,3651.41,0,0,0,0
13243,3626.69,0,0,0,0
13293,3669.28,0,0,0,0
13343,3704.62,0,-1,0,0
13393,3661.22,0,0,0,0
13443,3646.09,0,0,0,0
13493,3645.20,0,0,0,0
13543,3627.57,0,0,0,0
13593,3636.36,0,0,0,0
13643,3617.94,0,0,0,0
13693,3629.32,0,0,0,0
13743,3621.44,0,0,0,0
13793,3623.19,0,0,0,0
13843,3637.25,0,0,0,0
13893,3686.41,0,0,0,0
13943,3646.97,0,0,0,0
13993,3660.32,0,0,0,0
14043,3556.19,0,0,0,0
14093,3608.37,0,0,0,0
14143,3613.59,0,-1,0,0
14193,3612.72,0,0,0,0
14243,3622.31,0,0,0,0
14294,3600.58,0,0,0,0
14344,3621.44,0,0,0,0
14394,3611.85,0,0,0,0
14444,3608.37,0,0,0,0
14494,3592.81,0,0,0,0
14544,3631.96,0,0,0,0
14594,3614.46,0,0,0,0
14644,3598.85,0,-2,0,0
14694,3555.34,0,0,0,0
14744,3555.34,0,0,0,0
14794,3568.88,0,0,0,0
14844,3569.73,0,0,0,0
14894,3629.32,0,0,0,0
14944,3526.09,0,0,0,0
14994,3568.03,0,0,0,0
15044,3569.73,0,0,0,0
15094,3569.73,0,0,0,0
15144,3575.69,0,0,0,0
15194,3583.37,0,0,0,0
15244,3582.52,0,0,0,0
15294,3538.57,0,0,0,0
15344,3549.46,0,0,0,0
15394,3588.52,0,0,0,0
15444,3542.75,0,0,0,0
15494,3583.37,0,0,0,0
15544,3520.30,0,0,0,0
15594,3574.83,0,0,0,0
15644,3501.40,0,0,0,0
15694,3573.98,0,0,0,0
15744,3537.74,0,0,0,0
15794,3588.52,0,0,0,0
15844,3583.37,0,0,0,0
15894,3565.49,0,0,0,0
15944,3543.59,0,0,0,0
15994,3547.78,0,0,0,0
16044,3593.67,0,-1,0,0
16094,3562.10,0,0,0,0
16144,3637.25,0,0,0,0
16194,3592.81,0,0,0,0
16244,3668.38,0,0,0,0
16294,3627.57,0,0,0,0
16344,3637.25,0,0,0,0
16394,3637.25,0,0,0,0
16444,3641.66,0,0,0,0
16494,3631.08,0,0,0,0
16544,3624.94,0,0,0,0
16594,3690.94,0,0,0,0
16644,3675.57,0,0,0,0
16694,3685.50,0,0,0,0
16744,3676.47,0,0,0,0
16794,3695.49,0,0,0,0
16844,3680.08,0,0,0,0
16894,3736.92,0,-1,0,0
16944,3676.47,0,0,0,0
16994,3714.71,0,-1,0,0
17044,3680.98,0,0,0,0
17094,3715.63,0,-1,0,0
17144,3665.69,0,0,0,0
17195,3654.08,0,0,0,0
17245,3604.04,0,0,0,0
17295,3661.22,0,0,0,0
17345,3632.84,0,0,0,0
17395,3651.41,0,0,0,0
17445,3622.31,0,0,0,0
17495,3665.69,0,0,0,0
17545,3604.04,0,0,0,0
17595,3629.32,0,0,0,0
17645,3617.94,0,0,0,0
17695,3646.97,0,0,0,0
17745,3685.50,0,0,0,0
17795,3670.17,0,0,0,0
17845,3665.69,0,0,0,0
17895,3612.72,0,0,0,0
17945,3606.64,0,0,0,0
17995,3589.38,0,0,0,0
18045,3621.44,0,0,0,0
18095,3553.66,0,0,0,0
18145,3598.85,0,0,0,0
18195,3568.88,0,0,0,0
18245,3568.88,0,0,0,0
18295,3577.39,0,0,0,0
18345,3569.73,0,0,0,0
18395,3584.23,0,0,0,0
18445,3553.66,0,0,0,0
18495,3584.23,0,0,0,0
18545,3568.88,0,0,0,0
18595,3585.09,0,0,0,0
18646,3569.73,0,0,0,0
18696,3528.58,0,0,0,0
18746,3510.41,0,0,0,0
18796,3519.47,0,0,0,0
18846,3514.53,0,0,0,0
18896,3523.61,0,0,0,0
18946,3521.13,0,0,0,0
18996,3587.66,0,0,0,0
19046,3555.34,0,0,0,0
19096,3570.58,0,0,0,0
19146,3553.66,0,0,0,0
19196,3598.85,0,0,0,0
19246,3592.81,0,0,0,0
19296,3621.44,0,0,0,0
19346,3611.85,0,0,0,0
19396,3661.22,0,0,0,0
19446,3646.97,0,0,0,0
19496,3646.09,0,0,0,0
19546,3627.57,0,0,0,0
19596,3661.22,0,0,0,0
19646,3606.64,0,0,0,0
19696,3615.33,0,0,0,0
19746,3568.03,0,0,0,0
19796,3637.25,0,0,0,0
19846,3576.54,0,0,0,0
19896,3645.20,0,0,0,0
19946,3627.57,0,0,0,0
19996,3615.33,0,0,0,0
20046,3600.58,0,0,0,0
20096,3645.20,0,0,0,0
20146,3602.31,0,0,0,0
20196,3638.13,0,0,0,0
20246,3627.57,0,0,0,0
20296,3606.64,0,0,0,0
20346,3602.31,0,0,0,0
20396,3615.33,0,0,0,0
20446,3577.39,0,0,0,0
20496,3621.44,0,0,0,0
20546,3622.31,0,0,0,0
20596,3702.79,0,-1,0,0
20646,3667.48,0,0,0,0
20696,3645.20,0,0,0,0
20746,3646.97,0,0,0,0
20796,3626.69,0,0,0,0
20846,3613.59,0,0,0,0
20896,3661.22,0,0,0,0
20946,3617.94,0,0,0,0
20996,3619.69,0,0,0,0
21046,3599.71,0,0,0,0
21096,3646.09,0,0,0,0
21146,3627.57,0,0,0,0
21196,3606.64,0,0,0,0
21246,3607.50,0,0,0,0
21296,3638.13,0,0,0,0
21346,3613.59,0,0,0,0
21396,3591.09,0,0,0,0
21446,3532.74,0,0,0,0
21496,3606.64,0,0,0,0
21547,3591.09,0,0,0,0
21597,3606.64,0,0,0,0
21647,3562.10,0,0,0,0
21697,3579.95,0,0,0,0
21747,3585.94,0,0,0,0
21797,3588.52,0,0,0,0
21847,3583.37,0,0,0,0
21897,3604.90,0,0,0,0
21947,3583.37,0,0,0,0
21997,3616.20,0,0,0,0
22047,3562.10,0,0,0,0
22097,3614.46,0,0,0,0
22147,3600.58,0,0,0,0
22197,3590.23,0,0,0,0
22247,3577.39,0,0,0,0
22297,3564.64,0,0,0,0
22347,3547.78,0,0,0,0
22397,3574.83,0,0,0,0
22447,3541.91,0,0,0,0
22497,3617.94,0,0,0,0
22547,3591.09,0,0,0,0
22597,3602.31,0,0,0,0
22647,3598.85,0,0,0,0
22697,3607.50,0,0,0,0
22747,3592.81,0,0,0,0
22797,3583.37,0,0,0,0
22847,3585.09,0,0,0,0
22897,3614.46,0,0,0,0
22947,3600.58,0,0,0,0
22998,3642.54,0,0,0,0
23048,3623.19,0,0,0,0
23098,3608.37,0,0,0,0
23148,3615.33,0,0,0,0
23198,3630.20,0,0,0,0
23248,3576.54,0,0,0,0
23298,3645.20,0,0,0,0
23348,3604.04,0,0,0,0
23398,3543.59,0,0,0,0
23448,3611.85,0,0,0,0
23498,3630.20,0,0,0,0
23548,3623.19,0,0,0,0
23598,3615.33,0,0,0,0
23648,3615.33,0,0,0,0
23698,3661.22,0,0,0,0
23748,3623.19,0,0,0,0
23798,3680.98,0,0,0,0
23848,3646.97,0,0,0,0
23898,3705.53,0,-1,0,0
23948,3627.57,0,0,0,0
23998,3661.22,0,0,0,0
24048,3637.25,0,0,0,0
24098,3644.31,0,0,0,0
24148,3622.31,0,0,0,0
24198,3621.44,0,0,0,0
24248,3613.59,0,0,0,0
24298,3622.31,0,0,0,0
24348,3602.31,0,0,0,0
24398,3646.09,0,0,0,0
24448,3627.57,0,0,0,0
24498,3669.28,0,0,0,0
24548,3625.82,0,0,0,0
24598,3653.19,0,0,0,0
24648,3637.25,0,0,0,0
24698,3591.95,0,0,0,0
24748,3594.54,0,0,0,0
24798,3631.08,0,0,0,0
24848,3611.85,0,0,0,0
24898,3621.44,0,0,0,0
24948,3600.58,0,0,0,0
24998,3637.25,0,0,0,0
25048,3613.59,0,0,0,0
25098,3622.31,0,0,0,0
25148,3599.71,0,0,0,0
25198,3607.50,0,0,0,0
25248,3541.91,0,0,0,0
25298,3598.85,0,0,0,0
25348,3541.91,0,0,0,0
25398,3620.56,0,0,0,0
25448,3575.69,0,0,0,0
25498,3627.57,0,0,0,0
25548,3606.64,0,0,0,0
25598,3654.08,0,0,0,0
25648,3637.25,0,0,0,0
25698,3646.09,0,0,0,0
25748,3585.09,0,0,0,0
25798,3608.37,0,0,0,0
25848,3604.04,0,0,0,0
25899,3613.59,0,0,0,0
25949,3584.23,0,0,0,0
25999,3575.69,0,0,0,0
26049,3568.03,0,0,0,0
26099,3598.85,0,0,0,0
26149,3599.71,0,0,0,0
26199,3606.64,0,0,0,0
26249,3583.37,0,0,0,0
26299,3552.82,0,0,0,0
26349,3546.10,0,0,0,0
26399,3564.64,0,0,0,0
26449,3543.59,0,0,0,0
26499,3557.03,0,0,0,0
26549,3568.03,0,0,0,0
26599,3612.72,0,0,0,0
26649,3575.69,0,0,0,0
26699,3628.45,0,0,0,0
26749,3591.09,0,0,0,0
26799,3606.64,0,0,0,0
26849,3575.69,0,0,0,0
26899,3593.67,0,0,0,0
26949,3569.73,0,0,0,0
26999,3613.59,0,0,0,0
27049,3583.37,0,0,0,0
27099,3592.81,0,0,0,0
27149,3602.31,0,-1,0,0
27199,3602.31,0,-1,0,0
27249,3600.58,0,-2,0,0
27299,3646.09,0,0,0,0
27350,3592.81,0,0,0,0
27400,3651.41,0,0,0,0
27450,3591.95,0,0,0,0
27500,3653.19,0,0,0,0
27550,3646.97,0,0,0,0
27600,3577.39,0,0,0,0
27650,3585.09,0,0,0,0
27700,3638.13,0,0,0,0
27750,3576.54,0,0,0,0
27800,3598.85,0,0,0,0
27850,3583.37,0,0,0,0
27900,3597.98,0,0,0,0
27950,3622.31,0,0,0,0
28000,3630.20,0,0,0,0
28050,3613.59,0,0,0,0
28100,3668.38,0,0,0,0
28150,3627.57,0,0,0,0
28200,3584.23,0,0,0,0
28250,3572.28,0,0,0,0
28300,3629.32,0,0,0,0
28350,3553.66,0,0,0,0
28400,3562.10,0,0,0,0
28450,3593.67,0,-1,0,0
28500,3573.98,0,-1,0,0
28550,3592.81,0,1,0,0
28600,3584.23,0,0,0,0
28650,3598.85,0,0,0,0
28700,3592.81,0,0,0,0
28750,3653.19,0,0,0,0
28800,3636.36,0,0,0,0
28850,3644.31,0,0,0,0
28900,3585.09,0,0,0,0
28950,3636.36,0,0,0,0
29000,3606.64,0,0,0,0
29050,3592.81,0,0,0,0
29100,3584.23,0,0,0,0
29150,3628.45,0,0,0,0
29200,3607.50,0,0,0,0
29250,3630.20,0,0,0,0
29300,3592.81,0,0,0,0
29350,3630.20,0,0,0,0
29400,3591.09,0,0,0,0
29450,3620.56,0,0,0,0
29500,3553.66,0,0,0,0
29550,3606.64,0,0,0,0
29600,3591.95,0,0,0,0
29650,3637.25,0,0,0,0
29700,3613.59,0,0,0,0
29750,3599.71,0,0,0,0
29800,3600.58,0,0,0,0
29850,3607.50,0,0,0,0
29900,3615.33,0,0,0,0
29950,3669.28,0,0,0,0
30000,3646.97,0,0,0,0
30050,3645.20,0,0,0,0
30100,3646.97,0,0,0,0
30150,3655.86,0,0,0,0
30200,3630.20,0,0,0,0
30251,3600.58,0,0,0,0
30301,3646.09,0,0,0,0
30351,3600.58,0,0,0,0
30401,3622.31,0,0,0,0
30451,3602.31,0,0,0,0
30501,3637.25,0,0,0,0
30551,3585.09,0,0,0,0
30601,3613.59,0,0,0,0
30651,3533.57,0,0,0,0
30701,3520.30,0,0,0,0
30751,3582.52,0,-1,0,0
30801,3548.62,0,0,0,0
30851,3606.64,0,0,0,0
30901,3600.58,0,0,0,0
30951,3584.23,0,0,0,0
31001,3575.69,0,0,0,0
31051,3613.59,0,0,0,0
31101,3543.59,0,0,0,0
31151,3608.37,0,0,0,0
31201,3584.23,0,0,0,0
31251,3597.12,0,0,0,0
31301,3584.23,0,0,0,0
31351,3569.73,0,0,0,0
31401,3553.66,0,0,0,0
31451,3551.98,0,0,0,0
31501,3519.47,0,0,0,0
31551,3573.98,0,0,0,0
31601,3562.10,0,0,0,0
31651,3622.31,0,0,0,0
31702,3554.50,0,0,0,0
31752,3606.64,0,0,0,0
31802,3590.23,0,0,0,0
31852,3575.69,0,0,0,0
31902,3562.95,0,0,0,0
31952,3579.10,0,0,0,0
32002,3561.25,0,0,0,0
32052,3606.64,0,0,0,0
32102,3592.81,0,0,0,0
32152,3654.08,0,0,0,0
32202,3592.81,0,0,0,0
32252,3646.09,0,0,0,0
32302,3592.81,0,0,0,0
32352,3644.31,0,0,0,0
32402,3637.25,0,0,0,0
32452,3606.64,0,0,0,0
32502,3593.67,0,0,0,0
32552,3608.37,0,0,0,0
32602,3584.23,0,0,0,0
32652,3553.66,0,0,0,0
32702,3542.75,0,0,0,0
32752,3598.85,0,0,0,0
32802,3591.09,0,0,0,0
32852,3629.32,0,0,0,0
32902,3613.59,0,0,0,0
32952,3622.31,0,0,0,0
33002,3562.95,0,0,0,0
33052,3606.64,0,0,0,0
33102,3541.91,0,0,0,0
33152,3608.37,0,0,0,0
33202,3592.81,0,0,0,0
33252,3621.44,0,0,0,0
33302,3602.31,0,0,0,0
33352,3579.95,0,0,0,0
33402,3576.54,0,0,0,0
33452,3585.09,0,0,0,0
33502,3621.44,0,0,0,0
33552,3620.56,0,-1,0,0
33602,3627.57,0,0,0,0
33652,3654.08,0,0,0,0
33702,3646.09,0,0,0,0
33752,3680.98,0,0,0,0
33802,3646.97,0,0,0,0
33852,3635.48,0,0,0,0
33902,3623.19,0,0,0,0
33952,3671.07,0,0,0,0
34002,3637.25,0,0,0,0
34052,3695.49,0,0,0,0
34102,3646.09,0,0,0,0
34152,3671.07,0,0,0,0
34202,3606.64,0,0,0,0
34252,3669.28,0,0,0,0
34302,3640.78,0,0,0,0
34352,3686.41,0,0,0,0
34402,3646.09,0,0,0,0
34452,3662.11,0,0,0,0
34502,3631.96,0,0,0,0
34552,3612.72,0,0,0,0
34603,3603.17,0,0,0,0
34653,3645.20,0,0,0,0
34703,3596.26,0,0,0,0
34753,3654.08,0,0,0,0
34803,3636.36,0,0,0,0
34853,3670.17,0,0,0,0
34903,3646.97,0,0,0,0
34953,3676.47,0,0,0,0
35003,3670.17,0,0,0,0
35053,3704.62,0,-1,0,0
35103,3846.15,0,-2,0,0
35153,3665.69,0,0,0,0
35203,3656.75,0,0,0,0
35253,3592.81,0,0,0,0
35303,3637.25,0,0,0,0
35353,3562.95,0,0,0,0
35403,3557.03,0,0,0,0
35453,3553.66,0,0,0,0
35503,3569.73,0,0,0,0
35553,3602.31,0,-1,0,0
35603,3574.83,0,-1,0,0
35653,3593.67,0,0,0,0
35703,3569.73,0,0,0,0
35753,3597.98,0,0,0,0
35803,3560.41,0,0,0,0
35853,3555.34,0,0,0,0
35903,3541.91,0,0,0,0
35953,3547.78,0,0,0,0
36003,3551.14,0,0,0,0
36054,3534.40,0,0,0,0
36104,3521.13,0,0,0,0
36154,3529.41,0,0,0,0
36204,3503.04,0,0,0,0
36254,3548.62,0,0,0,0
36304,3465.00,0,1,0,0
36354,3538.57,0,0,0,0
36404,3533.57,0,0,0,0
36454,3556.19,0,0,0,0
36504,3483.51,0,1,0,0
36554,3511.24,0,0,0,0
36604,3540.24,0,0,0,0
36654,3525.26,0,0,0,0
36704,3566.33,0,0,0,0
36754,3523.61,0,0,0,0
36804,3546.94,0,0,0,0
36854,3534.40,0,0,0,0
36904,3573.98,0,0,0,0
36954,3562.10,0,0,0,0
37004,3587.66,0,0,0,0
37054,3561.25,0,0,0,0
37104,3562.10,0,0,0,0
37154,3532.74,0,0,0,0
37204,3501.40,0,0,0,0
37254,3519.47,0,0,0,0
37304,3573.98,0,0,0,0
37354,3518.65,0,0,0,0
37404,3519.47,0,0,0,0
37454,3529.41,0,0,0,0
37504,3488.37,0,1,0,0
37554,3505.49,0,0,0,0
37604,3512.06,0,0,0,0
37654,3566.33,0,0,0,0
37704,3546.10,0,0,0,0
37754,3598.85,0,0,0,0
37804,3532.74,0,0,0,0
37854,3608.37,0,0,0,0
37904,3585.09,0,0,0,0
37954,3592.81,0,0,0,0
38004,3561.25,0,0,0,0
38054,3612.72,0,0,0,0
38104,3615.33,0,0,0,0
38154,3646.09,0,0,0,0
38204,3602.31,0,0,0,0
38254,3661.22,0,0,0,0
38304,3646.97,0,0,0,0
38354,3639.89,0,0,0,0
38404,3622.31,0,0,0,0
38454,3671.07,0,0,0,0
38504,3655.86,0,0,0,0
38554,3665.69,0,0,0,0
38604,3600.58,0,0,0,0
38654,3638.13,0,0,0,0
38704,3617.07,0,0,0,0
38754,3622.31,0,0,0,0
38804,3612.72,0,0,0,0
38854,3637.25,0,0,0,0
38904,3627.57,0,0,0,0
38955,3612.72,0,0,0,0
39005,3617.07,0,0,0,0
39055,3661.22,0,0,0,0
39105,3637.25,0,0,0,0
39155,3711.95,0,-1,0,0
39205,3637.25,0,0,0,0
39255,3612.72,0,-1,0,0
39305,3605.77,0,-1,0,0
39355,3630.20,0,0,0,0
39405,3617.94,0,0,0,0
39455,3637.25,0,0,0,0
39505,3660.32,0,0,0,0
39555,3646.97,0,0,0,0
39605,3623.19,0,0,0,0
39655,3631.96,0,0,0,0
39705,3661.22,0,0,0,0
39755,3637.25,0,0,0,0
39805,3676.47,0,0,0,0
39855,3665.69,0,0,0,0
39905,3685.50,0,0,0,0
39955,3612.72,0,0,0,0
40005,3661.22,0,0,0,0
40055,3608.37,0,0,0,0
40105,3600.58,0,0,0,0
40155,3608.37,0,0,0,0
40205,3668.38,0,0,0,0
40255,3646.97,0,0,0,0
40305,3627.57,0,0,0,0
40355,3690.94,0,0,0,0
40406,3629.32,0,0,0,0
40456,3591.95,0,0,0,0
40506,3612.72,0,0,0,0
40556,3551.98,0,0,0,0
40606,3614.46,0,0,0,0
40656,3612.72,0,0,0,0
40706,3591.09,0,0,0,0
40756,3581.66,0,0,0,0
40806,3629.32,0,0,0,0
40856,3622.31,0,0,0,0
40906,3680.08,0,0,0,0
40956,3627.57,0,0,0,0
41006,3671.07,0,0,0,0
41056,3608.37,0,0,0,0
41106,3606.64,0,0,0,0
41156,3603.17,0,0,0,0
41206,3638.13,0,0,0,0
41256,3623.19,0,0,0,0
41306,3670.17,0,0,0,0
41356,3632.84,0,0,0,0
41406,3651.41,0,0,0,0
41456,3637.25,0,0,0,0
41506,3652.30,0,0,0,0
41556,3629.32,0,0,0,0
41606,3661.22,0,0,0,0
41656,3637.25,0,0,0,0
41706,3636.36,0,0,0,0
41756,3613.59,0,0,0,0
41806,3637.25,0,0,0,0
41856,3600.58,0,0,0,0
41906,3646.09,0,0,0,0
41956,3553.66,0,0,0,0
42006,3606.64,0,0,0,0
42056,3591.95,0,0,0,0
42106,3621.44,0,0,0,0
42156,3602.31,0,0,0,0
42206,3608.37,0,0,0,0
42256,3606.64,0,0,0,0
42306,3645.20,0,0,0,0
42356,3623.19,0,0,0,0
42406,3662.11,0,0,0,0
42456,3646.09,0,0,0,0
42506,3584.23,0,0,0,0
42556,3600.58,0,0,0,0
42606,3615.33,0,0,0,0
42656,3551.14,0,0,0,0
42706,3617.07,0,0,0,0
42756,3576.54,0,0,0,0
42806,3627.57,0,0,0,0
42856,3577.39,0,0,0,0
42906,3569.73,0,0,0,0
42956,3561.25,0,0,0,0
43006,3598.85,0,0,0,0
43056,3592.81,0,0,0,0
