No Throttle Input - No Load
Trial: 1
Date: 3-30-2023
Time: 12:25 PM
Ambient Temp: 71
Head Temp: 190

------ Microcontroller Engine Governor - Version: 1.16 ------
-------------------------------------------------------------
PID Gains:        Kp: 0.013000   Ki: 0.025000   Kd: 1.000000
-------------------------------------------------------------
Set RPM:             3600    |  Min RPM:                300
                             |
RPM Precision        10       |  PID I Precision:         70
                             |
Start Steps:         850     |  Max Steps:               1200
                             |
RPM Calc Interval:   1       |  Num Magnets:             1
                             |
LCD Update Interval: 400     |  Serial Update Interval:  50
-------------------------------------------------------------

Time,RPM,Steps Remaining, PID p, PID i, PID d, RPM Change, P Cmd, I Cmd, D Cmd
90,0.00,0,0,0,0,0.00,0,0,0
140,0.00,0,0,0,0,0.00,0,0,0
190,0.00,0,0,0,0,0.00,0,0,0
240,0.00,0,0,0,0,0.00,0,0,0
290,0.00,0,0,0,0,0.00,0,0,0
340,0.00,0,0,0,0,0.00,0,0,0
390,0.00,0,0,0,0,0.00,0,0,0
440,0.00,0,0,0,0,0.00,0,0,0
490,0.00,0,0,0,0,0.00,0,0,0
540,0.00,0,0,0,0,0.00,0,0,0
590,0.00,0,0,0,0,0.00,0,0,0
640,0.00,0,0,0,0,0.00,0,0,0
690,0.00,0,0,0,0,0.00,0,0,0
740,0.00,0,0,0,0,0.00,0,0,0
790,0.00,0,0,0,0,0.00,0,0,0
840,0.00,0,0,0,0,0.00,0,0,0
890,0.00,0,0,0,0,0.00,0,0,0
940,0.00,0,0,0,0,0.00,0,0,0
990,0.00,0,0,0,0,0.00,0,0,0
1040,0.00,0,0,0,0,0.00,0,0,0
1090,0.00,0,0,0,0,0.00,0,0,0
1140,0.00,0,0,0,0,0.00,0,0,0
1190,0.00,0,0,0,0,0.00,0,0,0
1240,0.00,0,0,0,0,0.00,0,0,0
1290,0.00,0,0,0,0,0.00,0,0,0
1340,0.00,0,0,0,0,0.00,0,0,0
1390,0.00,0,0,0,0,0.00,0,0,0
1440,0.00,0,0,0,0,0.00,0,0,0
1490,0.00,0,0,0,0,0.00,0,0,0
1540,0.00,0,0,0,0,0.00,0,0,0
1590,0.00,0,0,0,0,0.00,0,0,0
1640,0.00,0,0,0,0,0.00,0,0,0
1690,0.00,0,0,0,0,0.00,0,0,0
1740,0.00,0,0,0,0,0.00,0,0,0
1790,0.00,0,0,0,0,0.00,0,0,0
1840,0.00,0,0,0,0,0.00,0,0,0
1890,0.00,0,0,0,0,0.00,0,0,0
1940,0.00,0,0,0,0,0.00,0,0,0
1990,0.00,0,0,0,0,0.00,0,0,0
2040,0.00,0,0,0,0,0.00,0,0,0
2091,0.00,0,0,0,0,0.00,0,0,0
2141,0.00,0,0,0,0,0.00,0,0,0
2191,0.00,0,0,0,0,0.00,0,0,0
2241,0.00,0,0,0,0,0.00,0,0,0
2291,0.00,0,0,0,0,0.00,0,0,0
2341,0.00,0,0,0,0,0.00,0,0,0
2391,0.00,0,0,0,0,0.00,0,0,0
2441,0.00,0,0,0,0,0.00,0,0,0
2491,0.00,0,0,0,0,0.00,0,0,0
2541,0.00,0,0,0,0,0.00,0,0,0
2591,0.00,0,0,0,0,0.00,0,0,0
2641,0.00,0,0,0,0,0.00,0,0,0
2691,0.00,0,0,0,0,0.00,0,0,0
2741,0.00,0,0,0,0,0.00,0,0,0
2791,0.00,0,0,0,0,0.00,0,0,0
2841,0.00,0,0,0,0,0.00,0,0,0
2891,0.00,0,0,0,0,0.00,0,0,0
2941,0.00,0,0,0,0,0.00,0,0,0
2991,0.00,0,0,0,0,0.00,0,0,0
3041,0.00,0,0,0,0,0.00,0,0,0
3091,0.00,0,0,0,0,0.00,0,0,0
3141,0.00,0,0,0,0,0.00,0,0,0
3191,0.00,0,0,0,0,0.00,0,0,0
3241,0.00,0,0,0,0,0.00,0,0,0
3291,0.00,0,0,0,0,0.00,0,0,0
3341,0.00,0,0,0,0,0.00,0,0,0
3391,0.00,0,0,0,0,0.00,0,0,0
3441,0.00,0,0,0,0,0.00,0,0,0
3491,0.00,0,0,0,0,0.00,0,0,0
3542,0.00,0,0,0,0,0.00,0,0,0
3592,0.00,0,0,0,0,0.00,0,0,0
3642,0.00,0,0,0,0,0.00,0,0,0
3692,0.00,0,0,0,0,0.00,0,0,0
3742,0.00,0,0,0,0,0.00,0,0,0
3792,0.00,0,0,0,0,0.00,0,0,0
3842,0.00,0,0,0,0,0.00,0,0,0
3892,0.00,0,0,0,0,0.00,0,0,0
3942,0.00,0,0,0,0,0.00,0,0,0
3992,0.00,0,0,0,0,0.00,0,0,0
4042,0.00,0,0,0,0,0.00,0,0,0
4092,0.00,0,0,0,0,0.00,0,0,0
4142,0.00,0,0,0,0,0.00,0,0,0
4192,0.00,0,0,0,0,0.00,0,0,0
4242,0.00,0,0,0,0,0.00,0,0,0
4292,0.00,0,0,0,0,0.00,0,0,0
4342,0.00,0,0,0,0,0.00,0,0,0
4392,0.00,0,0,0,0,0.00,0,0,0
4442,0.00,0,0,0,0,0.00,0,0,0
4492,0.00,0,0,0,0,0.00,0,0,0
4542,0.00,0,0,0,0,0.00,0,0,0
4592,0.00,0,0,0,0,0.00,0,0,0
4642,0.00,0,0,0,0,0.00,0,0,0
4692,0.00,0,0,0,0,0.00,0,0,0
4742,0.00,0,0,0,0,0.00,0,0,0
4792,0.00,0,0,0,0,0.00,0,0,0
4842,0.00,0,0,0,0,0.00,0,0,0
4892,0.00,0,0,0,0,0.00,0,0,0
4942,0.00,0,0,0,0,0.00,0,0,0
4992,0.00,0,0,0,0,0.00,0,0,0
5042,0.00,0,0,0,0,0.00,0,0,0
5092,0.00,0,0,0,0,0.00,0,0,0
5142,0.00,0,0,0,0,0.00,0,0,0
5192,0.00,0,0,0,0,0.00,0,0,0
5242,0.00,0,0,0,0,0.00,0,0,0
5292,0.00,0,0,0,0,0.00,0,0,0
5342,0.00,0,0,0,0,0.00,0,0,0
5392,0.00,0,0,0,0,0.00,0,0,0
5442,0.00,0,0,0,0,0.00,0,0,0
5492,0.00,0,0,0,0,0.00,0,0,0
5542,0.00,0,0,0,0,0.00,0,0,0
5592,0.00,0,0,0,0,0.00,0,0,0
5642,0.00,0,0,0,0,0.00,0,0,0
5692,0.00,0,0,0,0,0.00,0,0,0
5742,0.00,0,0,0,0,0.00,0,0,0
5792,0.00,0,0,0,0,0.00,0,0,0
5842,0.00,0,0,0,0,0.00,0,0,0
5892,0.00,0,0,0,0,0.00,0,0,0
5942,0.00,0,0,0,0,0.00,0,0,0
5992,0.00,0,0,0,0,0.00,0,0,0
6042,0.00,0,0,0,0,0.00,0,0,0
6092,0.00,0,0,0,0,0.00,0,0,0
6142,0.00,0,0,0,0,0.00,0,0,0
6192,0.00,0,0,0,0,0.00,0,0,0
6242,0.00,0,0,0,0,0.00,0,0,0
6292,0.00,0,0,0,0,0.00,0,0,0
6342,0.00,0,0,0,0,0.00,0,0,0
6392,0.00,0,0,0,0,0.00,0,0,0
6443,0.00,0,0,0,0,0.00,0,0,0
6493,0.00,0,0,0,0,0.00,0,0,0
6543,0.00,0,0,0,0,0.00,0,0,0
6593,0.00,0,0,0,0,0.00,0,0,0
6643,0.00,0,0,0,0,0.00,0,0,0
6693,0.00,0,0,0,0,0.00,0,0,0
6743,0.00,0,0,0,0,0.00,0,0,0
6793,0.00,0,0,0,0,0.00,0,0,0
6843,0.00,0,0,0,0,0.00,0,0,0
6893,0.00,0,0,0,0,0.00,0,0,0
6943,0.00,0,0,0,0,0.00,0,0,0
6993,0.00,0,0,0,0,0.00,0,0,0
7043,0.00,0,0,0,0,0.00,0,0,0
7093,0.00,0,0,0,0,0.00,0,0,0
7143,0.00,0,0,0,0,0.00,0,0,0
7193,0.00,0,0,0,0,0.00,0,0,0
7243,0.00,0,0,0,0,0.00,0,0,0
7293,0.00,0,0,0,0,0.00,0,0,0
7343,0.00,0,0,0,0,0.00,0,0,0
7393,0.00,0,0,0,0,0.00,0,0,0
7443,0.00,0,0,0,0,0.00,0,0,0
7493,0.00,0,0,0,0,0.00,0,0,0
7543,0.00,0,0,0,0,0.00,0,0,0
7593,0.00,0,0,0,0,0.00,0,0,0
7643,0.00,0,0,0,0,0.00,0,0,0
7693,0.00,0,0,0,0,0.00,0,0,0
7743,0.00,0,0,0,0,0.00,0,0,0
7793,0.00,0,0,0,0,0.00,0,0,0
7843,0.00,0,0,0,0,0.00,0,0,0
7894,0.00,0,0,0,0,0.00,0,0,0
7944,0.00,0,0,0,0,0.00,0,0,0
7994,0.00,0,0,0,0,0.00,0,0,0
8044,0.00,0,0,0,0,0.00,0,0,0
8094,0.00,0,0,0,0,0.00,0,0,0
8144,0.00,0,0,0,0,0.00,0,0,0
8194,0.00,0,0,0,0,0.00,0,0,0
8244,0.00,0,0,0,0,0.00,0,0,0
8294,0.00,0,0,0,0,0.00,0,0,0
8344,0.00,0,0,0,0,0.00,0,0,0
8394,0.00,0,0,0,0,0.00,0,0,0
8444,0.00,0,0,0,0,0.00,0,0,0
8494,0.00,0,0,0,0,0.00,0,0,0
8544,0.00,0,0,0,0,0.00,0,0,0
8594,0.00,0,0,0,0,0.00,0,0,0
8644,0.00,0,0,0,0,0.00,0,0,0
8694,0.00,0,0,0,0,0.00,0,0,0
8744,0.00,0,0,0,0,0.00,0,0,0
8794,0.00,0,0,0,0,0.00,0,0,0
8844,0.00,0,0,0,0,0.00,0,0,0
8894,0.00,0,0,0,0,0.00,0,0,0
8944,0.00,0,0,0,0,0.00,0,0,0
8994,0.00,0,0,0,0,0.00,0,0,0
9044,0.00,0,0,0,0,0.00,0,0,0
9094,0.00,0,0,0,0,0.00,0,0,0
9144,0.00,0,0,0,0,0.00,0,0,0
9194,0.00,0,0,0,0,0.00,0,0,0
9244,0.00,0,0,0,0,0.00,0,0,0
9294,0.00,0,0,0,0,0.00,0,0,0
9344,0.00,0,0,0,0,0.00,0,0,0
9394,0.00,0,0,0,0,0.00,0,0,0
9444,0.00,0,0,0,0,0.00,0,0,0
9494,0.00,0,0,0,0,0.00,0,0,0
9544,0.00,0,0,0,0,0.00,0,0,0
9594,0.00,0,0,0,0,0.00,0,0,0
9644,0.00,0,0,0,0,0.00,0,0,0
9694,0.00,0,0,0,0,0.00,0,0,0
9744,0.00,0,0,0,0,0.00,0,0,0
9794,0.00,0,0,0,0,0.00,0,0,0
9844,0.00,0,0,0,0,0.00,0,0,0
9894,0.00,0,0,0,0,0.00,0,0,0
9944,0.00,0,0,0,0,0.00,0,0,0
9994,0.00,0,0,0,0,0.00,0,0,0
10044,0.00,0,0,0,0,0.00,0,0,0
10094,0.00,0,0,0,0,0.00,0,0,0
10144,0.00,0,0,0,0,0.00,0,0,0
10194,0.00,0,0,0,0,0.00,0,0,0
10244,0.00,0,0,0,0,0.00,0,0,0
10294,0.00,0,0,0,0,0.00,0,0,0
10344,0.00,0,0,0,0,0.00,0,0,0
10394,0.00,0,0,0,0,0.00,0,0,0
10444,0.00,0,0,0,0,0.00,0,0,0
10494,inf,0,0,0,0,0.00,0,0,0
10544,inf,0,0,0,0,0.00,0,0,0
10594,513.10,0,0,0,0,0.00,0,0,0
10644,513.10,0,0,0,0,0.00,0,0,0
10694,538.60,0,0,0,0,0.00,0,0,0
10744,538.60,0,0,0,0,0.00,0,0,0
10795,538.60,0,0,0,0,0.00,0,0,0
10845,512.00,0,0,0,0,0.00,0,0,0
10895,512.00,0,0,0,0,0.00,0,0,0
10945,462.28,0,0,0,0,0.00,0,0,0
10995,462.28,0,0,0,0,0.00,0,0,0
11045,827.95,0,0,0,0,0.00,0,0,0
11095,820.03,0,0,0,0,0.00,0,0,0
11145,1205.30,0,0,0,0,0.00,0,0,0
11195,1202.69,0,0,0,0,0.00,0,0,0
11245,1517.30,0,0,0,0,0.00,0,0,0
11295,1534.06,0,0,0,0,0.00,0,0,0
11345,1813.35,0,0,0,0,0.00,0,0,0
11395,2013.69,0,0,0,0,0.00,0,0,0
11445,2170.45,0,0,0,0,0.00,0,0,0
11495,2300.97,0,0,0,0,0.00,0,0,0
11545,2395.78,0,0,0,0,0.00,0,0,0
11595,2509.20,0,0,0,0,0.00,0,0,0
11645,2584.87,0,0,0,0,0.00,0,0,0
11695,2654.87,0,0,0,0,0.00,0,0,0
11745,2694.93,0,0,0,0,0.00,0,0,0
11795,2757.35,0,0,0,0,0.00,0,0,0
11845,2909.80,0,0,0,0,0.00,0,0,0
11895,2977.37,0,0,0,0,0.00,0,0,0
11945,2998.80,0,0,0,0,0.00,0,0,0
11995,3048.78,0,0,0,0,0.00,0,0,0
12045,3092.78,0,0,0,0,0.00,0,0,0
12095,3146.63,0,0,0,0,0.00,0,0,0
12145,3146.63,0,0,0,0,0.00,0,0,0
12195,3250.27,0,0,0,0,0.00,0,0,0
12246,3233.46,0,0,0,0,0.00,0,0,0
12296,3234.15,0,0,0,0,0.00,0,0,0
12346,3267.26,0,0,0,0,0.00,0,0,0
12396,3258.74,0,0,0,0,0.00,0,0,0
12446,3234.15,0,0,0,0,0.00,0,0,0
12496,3317.85,0,0,0,0,0.00,0,0,0
12546,3301.06,0,0,0,0,0.00,0,0,0
12596,3292.36,0,0,0,0,0.00,0,0,0
12646,3352.70,0,0,0,0,0.00,0,0,0
12696,3343.74,0,0,0,0,0.00,0,0,0
12746,3353.45,0,0,0,0,0.00,0,0,0
12796,3327.42,0,0,0,0,0.00,0,0,0
12846,3344.48,0,0,0,0,0.00,0,0,0
12896,3360.97,0,0,0,0,0.00,0,0,0
12946,3344.48,0,0,0,0,0.00,0,0,0
12996,3397.51,0,0,0,0,0.00,0,0,0
13046,3342.99,0,0,0,0,0.00,0,0,0
13096,3360.21,0,0,0,0,0.00,0,0,0
13146,3398.28,0,0,0,0,0.00,0,0,0
13196,3388.30,0,0,0,0,0.00,0,0,0
13246,3443.53,0,0,0,0,0.00,0,0,0
13296,3425.44,0,0,0,0,0.00,0,0,0
13346,3389.06,0,0,0,0,0.00,0,0,0
13396,3438.79,0,0,0,0,0.00,0,0,0
13446,3443.53,0,0,0,0,0.00,0,0,0
13496,3499.77,0,0,0,0,0.00,0,0,0
13546,3498.95,0,0,0,0,0.00,0,0,0
13596,3539.41,0,0,0,0,0.00,0,0,0
13646,3480.28,0,0,0,0,0.00,0,0,0
13696,3518.65,0,0,0,0,0.00,0,0,0
13746,3500.58,0,0,0,0,0.00,0,0,0
13796,3539.41,0,0,0,0,0.00,0,0,0
13846,3529.41,0,0,0,0,0.00,0,0,0
13896,3537.74,0,0,0,0,0.00,0,0,0
13946,3583.37,0,0,0,0,0.00,0,0,0
13996,3532.74,0,0,0,0,0.00,0,0,0
14046,3537.74,0,0,0,0,0.00,0,0,0
14096,3528.58,0,0,0,0,0.00,0,0,0
14146,3577.39,0,0,0,0,0.00,0,0,0
14196,3537.74,0,0,0,0,0.00,0,0,0
14246,3578.24,0,0,0,0,0.00,0,0,0
14296,3576.54,0,0,0,0,0.00,0,0,0
14346,3577.39,0,0,0,0,0.00,0,0,0
14396,3578.24,0,0,0,0,0.00,0,0,0
14446,3615.33,0,0,0,0,0.00,0,0,0
14496,3583.37,0,0,0,0,0.00,0,0,0
14546,3617.07,0,0,0,0,0.00,0,0,0
14596,3593.67,0,0,0,0,0.00,0,0,0
14646,3618.82,0,0,0,0,0.00,0,0,0
14696,3624.06,0,0,0,0,0.00,0,0,0
14746,3624.06,0,0,0,0,0.00,0,0,0
14796,3592.81,0,0,0,0,0.00,0,0,0
14846,3624.06,0,0,0,0,0.00,0,0,0
14896,3593.67,0,0,0,0,0.00,0,0,0
14946,3607.50,0,0,0,0,0.00,0,0,0
14996,3593.67,0,0,0,0,0.00,0,0,0
15046,3635.48,0,0,0,0,0.00,0,0,0
15096,3611.85,0,0,0,0,0.00,0,0,0
15147,3654.08,0,0,0,0,0.00,0,0,0
15197,3612.72,0,0,0,0,0.00,0,0,0
15247,3654.97,0,0,0,0,0.00,0,0,0
15297,3633.72,0,0,0,0,0.00,0,0,0
15347,3653.19,0,0,0,0,0.00,0,0,0
15397,3623.19,0,0,0,0,0.00,0,0,0
15447,3618.82,0,0,0,0,0.00,0,0,0
15497,3612.72,0,0,0,0,0.00,0,0,0
15547,3654.97,0,0,0,0,0.00,0,0,0
15597,3644.31,0,0,0,0,0.00,0,0,0
15647,3686.41,0,0,0,0,0.00,0,0,0
15697,3633.72,0,0,0,0,0.00,0,0,0
15747,3664.79,0,0,0,0,0.00,0,0,0
15797,3644.31,0,0,0,0,0.00,0,0,0
15847,3644.31,0,0,0,0,0.00,0,0,0
15897,3633.72,0,0,0,0,0.00,0,0,0
15947,3665.69,0,0,0,0,0.00,0,0,0
15997,3644.31,0,0,0,0,0.00,0,0,0
16047,3664.79,0,0,0,0,0.00,0,0,0
16097,3685.50,0,0,0,0,0.00,0,0,0
16147,3653.19,0,0,0,0,0.00,0,0,0
16197,3665.69,0,0,0,0,0.00,0,0,0
16247,3644.31,0,0,0,0,0.00,0,0,0
16297,3675.57,0,0,0,0,0.00,0,0,0
16347,3643.43,0,0,0,0,0.00,0,0,0
16397,3697.31,0,0,0,0,0.00,0,0,0
16447,3675.57,0,0,0,0,0.00,0,0,0
16497,3707.36,0,0,0,0,0.00,0,0,0
16547,3675.57,0,0,0,0,0.00,0,0,0
16598,3697.31,0,0,0,0,0.00,0,0,0
16648,3664.79,0,0,0,0,0.00,0,0,0
16698,3664.79,0,0,0,0,0.00,0,0,0
16748,3654.97,0,0,0,0,0.00,0,0,0
16798,3686.41,0,0,0,0,0.00,0,0,0
16848,3654.97,0,0,0,0,0.00,0,0,0
16898,3654.08,0,0,0,0,0.00,0,0,0
16948,3644.31,0,0,0,0,0.00,0,0,0
16998,3664.79,0,0,0,0,0.00,0,0,0
17048,3675.57,0,0,0,0,0.00,0,0,0
17098,3664.79,0,0,0,0,0.00,0,0,0
17148,3696.40,0,0,0,0,0.00,0,0,0
17198,3611.85,0,0,0,0,0.00,0,0,0
17248,3626.69,0,0,0,0,0.00,0,0,0
17298,3633.72,0,0,0,0,0.00,0,0,0
17348,3686.41,0,0,0,0,0.00,0,0,0
17398,3665.69,0,0,0,0,0.00,0,0,0
17448,3664.79,0,0,0,0,0.00,0,0,0
17498,3601.44,0,0,0,0,0.00,0,0,0
17548,3643.43,0,0,0,0,0.00,0,0,0
17598,3624.06,0,0,0,0,0.00,0,0,0
17648,3654.08,0,0,0,0,0.00,0,0,0
17698,3633.72,0,0,0,0,0.00,0,0,0
17748,3675.57,0,0,0,0,0.00,0,0,0
17798,3644.31,0,0,0,0,0.00,0,0,0
17848,3643.43,0,0,0,0,0.00,0,0,0
17898,3633.72,0,0,0,0,0.00,0,0,0
17948,3618.82,0,0,0,0,0.00,0,0,0
17998,3593.67,0,0,0,0,0.00,0,0,0
18048,3641.66,0,0,0,0,0.00,0,0,0
18098,3602.31,0,0,0,0,0.00,0,0,0
18148,3644.31,0,0,0,0,0.00,0,0,0
18198,3634.60,0,0,0,0,0.00,0,0,0
18248,3664.79,0,0,0,0,0.00,0,0,0
18298,3644.31,0,0,0,0,0.00,0,0,0
18348,3687.32,0,0,0,0,0.00,0,0,0
18398,3664.79,0,0,0,0,0.00,0,0,0
18448,3709.20,0,0,0,0,0.00,0,0,0
18498,3685.50,0,0,0,0,0.00,0,0,0
18548,3664.79,0,0,0,0,0.00,0,0,0
18598,3644.31,0,0,0,0,0.00,0,0,0
18648,3696.40,0,0,0,0,0.00,0,0,0
18698,3642.54,0,0,0,0,0.00,0,0,0
18748,3675.57,0,0,0,0,0.00,0,0,0
18798,3677.37,0,0,0,0,0.00,0,0,0
18848,3654.08,0,0,0,0,0.00,0,0,0
18898,3685.50,0,0,0,0,0.00,0,0,0
18948,3665.69,0,0,0,0,0.00,0,0,0
18998,3665.69,0,0,0,0,0.00,0,0,0
19048,3664.79,0,0,0,0,0.00,0,0,0
19098,3698.22,0,0,0,0,0.00,0,0,0
19148,3664.79,0,0,0,0,0.00,0,0,0
19198,3707.36,0,0,0,0,0.00,0,0,0
19248,3696.40,0,0,0,0,0.00,0,0,0
19298,3720.24,0,0,0,0,0.00,0,0,0
19348,3675.57,0,0,0,0,0.00,0,0,0
19398,3707.36,0,0,0,0,0.00,0,0,0
19448,3664.79,0,0,0,0,0.00,0,0,0
19499,3697.31,0,0,0,0,0.00,0,0,0
19549,3696.40,0,0,0,0,0.00,0,0,0
19599,3686.41,0,0,0,0,0.00,0,0,0
19649,3675.57,0,0,0,0,0.00,0,0,0
19699,3664.79,0,0,0,0,0.00,0,0,0
19749,3686.41,0,0,0,0,0.00,0,0,0
19799,3675.57,0,0,0,0,0.00,0,0,0
19849,3686.41,0,0,0,0,0.00,0,0,0
19899,3654.97,0,0,0,0,0.00,0,0,0
19949,3686.41,0,0,0,0,0.00,0,0,0
19999,3686.41,0,0,0,0,0.00,0,0,0
20049,3707.36,0,0,0,0,0.00,0,0,0
20099,3686.41,0,0,0,0,0.00,0,0,0
20149,3718.39,0,0,0,0,0.00,0,0,0
20199,3694.58,0,0,0,0,0.00,0,0,0
20249,3718.39,0,0,0,0,0.00,0,0,0
20299,3686.41,0,0,0,0,0.00,0,0,0
20349,3696.40,0,0,0,0,0.00,0,0,0
20399,3728.56,0,0,0,0,0.00,0,0,0
20449,3698.22,0,0,0,0,0.00,0,0,0
20499,3739.72,0,0,0,0,0.00,0,0,0
20549,3696.40,0,0,0,0,0.00,0,0,0
20599,3791.71,0,0,0,0,0.00,0,0,0
20649,3718.39,0,0,0,0,0.00,0,0,0
20699,3720.24,0,0,0,0,0.00,0,0,0
20749,3707.36,0,0,0,0,0.00,0,0,0
20799,3741.58,0,0,0,0,0.00,0,0,0
20849,3708.28,0,0,0,0,0.00,0,0,0
20899,3718.39,0,0,0,0,0.00,0,0,0
20950,3761.28,0,0,0,0,0.00,0,0,0
21000,3785.01,0,0,0,0,0.00,0,0,0
21050,3751.88,0,0,0,0,0.00,0,0,0
21100,3740.65,0,0,0,0,0.00,0,0,0
21150,3718.39,0,0,0,0,0.00,0,0,0
21200,3686.41,0,0,0,0,0.00,0,0,0
21250,3717.47,0,0,0,0,0.00,0,0,0
21300,3686.41,0,0,0,0,0.00,0,0,0
21350,3685.50,0,0,0,0,0.00,0,0,0
21400,3621.44,0,0,0,0,0.00,0,0,0
21450,3652.30,0,0,0,0,0.00,0,0,0
21500,3642.54,0,0,0,0,0.00,0,0,0
21550,3686.41,0,0,0,0,0.00,0,0,0
21600,3665.69,0,0,0,0,0.00,0,0,0
21650,3675.57,0,0,0,0,0.00,0,0,0
21700,3696.40,0,0,0,0,0.00,0,0,0
21750,3675.57,0,0,0,0,0.00,0,0,0
21800,3706.45,0,0,0,0,0.00,0,0,0
21850,3698.22,0,0,0,0,0.00,0,0,0
21900,3686.41,0,0,0,0,0.00,0,0,0
21950,3613.59,0,0,0,0,0.00,0,0,0
22000,3675.57,0,0,0,0,0.00,0,0,0
22050,3665.69,0,0,0,0,0.00,0,0,0
22100,3707.36,0,0,0,0,0.00,0,0,0
22150,3686.41,0,0,0,0,0.00,0,0,0
22200,3632.84,0,0,0,0,0.00,0,0,0
22250,3676.47,0,0,0,0,0.00,0,0,0
22300,3696.40,0,0,0,0,0.00,0,0,0
22350,3675.57,0,0,0,0,0.00,0,0,0
22400,3708.28,0,0,0,0,0.00,0,0,0
22450,3676.47,0,0,0,0,0.00,0,0,0
22500,3675.57,0,0,0,0,0.00,0,0,0
22550,3707.36,0,0,0,0,0.00,0,0,0
22600,3663.00,0,0,0,0,0.00,0,0,0
22650,3707.36,0,0,0,0,0.00,0,0,0
22700,3696.40,0,0,0,0,0.00,0,0,0
22750,3728.56,0,0,0,0,0.00,0,0,0
22800,3696.40,0,0,0,0,0.00,0,0,0
22850,3708.28,0,0,0,0,0.00,0,0,0
22900,3675.57,0,0,0,0,0.00,0,0,0
22950,3696.40,0,0,0,0,0.00,0,0,0
23000,3675.57,0,0,0,0,0.00,0,0,0
23050,3707.36,0,0,0,0,0.00,0,0,0
23100,3686.41,0,0,0,0,0.00,0,0,0
23150,3728.56,0,0,0,0,0.00,0,0,0
23200,3675.57,0,0,0,0,0.00,0,0,0
23250,3665.69,0,0,0,0,0.00,0,0,0
23300,3686.41,0,0,0,0,0.00,0,0,0
23350,3664.79,0,0,0,0,0.00,0,0,0
23400,3628.45,0,0,0,0,0.00,0,0,0
23450,3654.97,0,0,0,0,0.00,0,0,0
23500,3697.31,0,0,0,0,0.00,0,0,0
23550,3698.22,0,0,0,0,0.00,0,0,0
23600,3686.41,0,0,0,0,0.00,0,0,0
23650,3675.57,0,0,0,0,0.00,0,0,0
23700,3729.49,0,0,0,0,0.00,0,0,0
23750,3686.41,0,0,0,0,0.00,0,0,0
23800,3675.57,0,0,0,0,0.00,0,0,0
23851,3664.79,0,0,0,0,0.00,0,0,0
23901,3686.41,0,0,0,0,0.00,0,0,0
23951,3664.79,0,0,0,0,0.00,0,0,0
24001,3686.41,0,0,0,0,0.00,0,0,0
24051,3697.31,0,0,0,0,0.00,0,0,0
24101,3675.57,0,0,0,0,0.00,0,0,0
24151,3718.39,0,0,0,0,0.00,0,0,0
24201,3664.79,0,0,0,0,0.00,0,0,0
24251,3707.36,0,0,0,0,0.00,0,0,0
24301,3654.97,0,0,0,0,0.00,0,0,0
24351,3696.40,0,0,0,0,0.00,0,0,0
24401,3675.57,0,0,0,0,0.00,0,0,0
24451,3720.24,0,0,0,0,0.00,0,0,0
24501,3675.57,0,0,0,0,0.00,0,0,0
24551,3728.56,0,0,0,0,0.00,0,0,0
24601,3709.20,0,0,0,0,0.00,0,0,0
24651,3718.39,0,0,0,0,0.00,0,0,0
24701,3729.49,0,0,0,0,0.00,0,0,0
24751,3696.40,0,0,0,0,0.00,0,0,0
24801,3729.49,0,0,0,0,0.00,0,0,0
24851,3719.32,0,0,0,0,0.00,0,0,0
24901,3707.36,0,0,0,0,0.00,0,0,0
24951,3707.36,0,0,0,0,0.00,0,0,0
25001,3707.36,0,0,0,0,0.00,0,0,0
25051,3696.40,0,0,0,0,0.00,0,0,0
25101,3707.36,0,0,0,0,0.00,0,0,0
25151,3696.40,0,0,0,0,0.00,0,0,0
25201,3718.39,0,0,0,0,0.00,0,0,0
25251,3685.50,0,0,0,0,0.00,0,0,0
25302,3665.69,0,0,0,0,0.00,0,0,0
25352,3686.41,0,0,0,0,0.00,0,0,0
25402,3675.57,0,0,0,0,0.00,0,0,0
25452,3719.32,0,0,0,0,0.00,0,0,0
25502,3686.41,0,0,0,0,0.00,0,0,0
25552,3728.56,0,0,0,0,0.00,0,0,0
25602,3708.28,0,0,0,0,0.00,0,0,0
25652,3741.58,0,0,0,0,0.00,0,0,0
25702,3718.39,0,0,0,0,0.00,0,0,0
25752,3739.72,0,0,0,0,0.00,0,0,0
25802,3720.24,0,0,0,0,0.00,0,0,0
25852,3741.58,0,0,0,0,0.00,0,0,0
25902,3665.69,0,0,0,0,0.00,0,0,0
25952,3686.41,0,0,0,0,0.00,0,0,0
26002,3719.32,0,0,0,0,0.00,0,0,0
26052,3686.41,0,0,0,0,0.00,0,0,0
26102,3696.40,0,0,0,0,0.00,0,0,0
26152,3665.69,0,0,0,0,0.00,0,0,0
26202,3686.41,0,0,0,0,0.00,0,0,0
26252,3685.50,0,0,0,0,0.00,0,0,0
26302,3697.31,0,0,0,0,0.00,0,0,0
26352,3675.57,0,0,0,0,0.00,0,0,0
26402,3728.56,0,0,0,0,0.00,0,0,0
26452,3696.40,0,0,0,0,0.00,0,0,0
26502,3739.72,0,0,0,0,0.00,0,0,0
26552,3719.32,0,0,0,0,0.00,0,0,0
26602,3718.39,0,0,0,0,0.00,0,0,0
26652,3739.72,0,0,0,0,0.00,0,0,0
26702,3728.56,0,0,0,0,0.00,0,0,0
26752,3763.17,0,0,0,0,0.00,0,0,0
26802,3730.42,0,0,0,0,0.00,0,0,0
26852,3739.72,0,0,0,0,0.00,0,0,0
26902,3707.36,0,0,0,0,0.00,0,0,0
26952,3717.47,0,0,0,0,0.00,0,0,0
27002,3696.40,0,0,0,0,0.00,0,0,0
27052,3738.78,0,0,0,0,0.00,0,0,0
27102,3729.49,0,0,0,0,0.00,0,0,0
27152,3729.49,0,0,0,0,0.00,0,0,0
27202,3739.72,0,0,0,0,0.00,0,0,0
27252,3718.39,0,0,0,0,0.00,0,0,0
27302,3728.56,0,0,0,0,0.00,0,0,0
27352,3718.39,0,0,0,0,0.00,0,0,0
27402,3762.23,0,0,0,0,0.00,0,0,0
27452,3727.63,0,0,0,0,0.00,0,0,0
27502,3764.12,0,0,0,0,0.00,0,0,0
27552,3697.31,0,0,0,0,0.00,0,0,0
27602,3698.22,0,0,0,0,0.00,0,0,0
27652,3697.31,0,0,0,0,0.00,0,0,0
27702,3698.22,0,0,0,0,0.00,0,0,0
27752,3708.28,0,0,0,0,0.00,0,0,0
27802,3696.40,0,0,0,0,0.00,0,0,0
27852,3821.66,0,0,0,0,0.00,0,0,0
27902,3665.69,0,0,0,0,0.00,0,0,0
27952,3696.40,0,0,0,0,0.00,0,0,0
28002,3675.57,0,0,0,0,0.00,0,0,0
28052,3707.36,0,0,0,0,0.00,0,0,0
28102,3686.41,0,0,0,0,0.00,0,0,0
28152,3686.41,0,0,0,0,0.00,0,0,0
28203,3675.57,0,0,0,0,0.00,0,0,0
28253,3705.53,0,0,0,0,0.00,0,0,0
28303,3686.41,0,0,0,0,0.00,0,0,0
28353,3698.22,0,0,0,0,0.00,0,0,0
28403,3718.39,0,0,0,0,0.00,0,0,0
28453,3697.31,0,0,0,0,0.00,0,0,0
28503,3677.37,0,0,0,0,0.00,0,0,0
28553,3654.97,0,0,0,0,0.00,0,0,0
28603,3686.41,0,0,0,0,0.00,0,0,0
28653,3686.41,0,0,0,0,0.00,0,0,0
28703,3718.39,0,0,0,0,0.00,0,0,0
28753,3696.40,0,0,0,0,0.00,0,0,0
28803,3686.41,0,0,0,0,0.00,0,0,0
28853,3676.47,0,0,0,0,0.00,0,0,0
28903,3675.57,0,0,0,0,0.00,0,0,0
28953,3665.69,0,0,0,0,0.00,0,0,0
29003,3697.31,0,0,0,0,0.00,0,0,0
29053,3686.41,0,0,0,0,0.00,0,0,0
29103,3686.41,0,0,0,0,0.00,0,0,0
29153,3664.79,0,0,0,0,0.00,0,0,0
29203,3685.50,0,0,0,0,0.00,0,0,0
29253,3729.49,0,0,0,0,0.00,0,0,0
29303,3686.41,0,0,0,0,0.00,0,0,0
29353,3686.41,0,0,0,0,0.00,0,0,0
29403,3665.69,0,0,0,0,0.00,0,0,0
29453,3715.63,0,0,0,0,0.00,0,0,0
29503,3686.41,0,0,0,0,0.00,0,0,0
29553,3664.79,0,0,0,0,0.00,0,0,0
29603,3654.97,0,0,0,0,0.00,0,0,0
29654,3706.45,0,0,0,0,0.00,0,0,0
29704,3686.41,0,0,0,0,0.00,0,0,0
29754,3686.41,0,0,0,0,0.00,0,0,0
29804,3664.79,0,0,0,0,0.00,0,0,0
29854,3697.31,0,0,0,0,0.00,0,0,0
29904,3675.57,0,0,0,0,0.00,0,0,0
29954,3675.57,0,0,0,0,0.00,0,0,0
30004,3696.40,0,0,0,0,0.00,0,0,0
30054,3654.97,0,0,0,0,0.00,0,0,0
30104,3696.40,0,0,0,0,0.00,0,0,0
30154,3675.57,0,0,0,0,0.00,0,0,0
30204,3696.40,0,0,0,0,0.00,0,0,0
30254,3686.41,0,0,0,0,0.00,0,0,0
30304,3654.97,0,0,0,0,0.00,0,0,0
30354,3633.72,0,0,0,0,0.00,0,0,0
30404,3665.69,0,0,0,0,0.00,0,0,0
30454,3602.31,0,0,0,0,0.00,0,0,0
30504,3675.57,0,0,0,0,0.00,0,0,0
30554,3644.31,0,0,0,0,0.00,0,0,0
30604,3654.08,0,0,0,0,0.00,0,0,0
30654,3633.72,0,0,0,0,0.00,0,0,0
30704,3675.57,0,0,0,0,0.00,0,0,0
30754,3634.60,0,0,0,0,0.00,0,0,0
30804,3687.32,0,0,0,0,0.00,0,0,0
30854,3675.57,0,0,0,0,0.00,0,0,0
30904,3675.57,0,0,0,0,0.00,0,0,0
30954,3633.72,0,0,0,0,0.00,0,0,0
31004,3664.79,0,0,0,0,0.00,0,0,0
31054,3654.97,0,0,0,0,0.00,0,0,0
31104,3675.57,0,0,0,0,0.00,0,0,0
31154,3664.79,0,0,0,0,0.00,0,0,0
31204,3665.69,0,0,0,0,0.00,0,0,0
31254,3696.40,0,0,0,0,0.00,0,0,0
31304,3645.20,0,0,0,0,0.00,0,0,0
31354,3675.57,0,0,0,0,0.00,0,0,0
31404,3623.19,0,0,0,0,0.00,0,0,0
31454,3685.50,0,0,0,0,0.00,0,0,0
31504,3664.79,0,0,0,0,0.00,0,0,0
31554,3685.50,0,0,0,0,0.00,0,0,0
31604,3664.79,0,0,0,0,0.00,0,0,0
31654,3664.79,0,0,0,0,0.00,0,0,0
31704,3654.97,0,0,0,0,0.00,0,0,0
31754,3686.41,0,0,0,0,0.00,0,0,0
31804,3654.08,0,0,0,0,0.00,0,0,0
31854,3707.36,0,0,0,0,0.00,0,0,0
31904,3644.31,0,0,0,0,0.00,0,0,0
31954,3675.57,0,0,0,0,0.00,0,0,0
32004,3654.97,0,0,0,0,0.00,0,0,0
32054,3686.41,0,0,0,0,0.00,0,0,0
32104,3675.57,0,0,0,0,0.00,0,0,0
32154,3675.57,0,0,0,0,0.00,0,0,0
32204,3674.67,0,0,0,0,0.00,0,0,0
32254,3675.57,0,0,0,0,0.00,0,0,0
32304,3707.36,0,0,0,0,0.00,0,0,0
32354,3644.31,0,0,0,0,0.00,0,0,0
32404,3675.57,0,0,0,0,0.00,0,0,0
32454,3665.69,0,0,0,0,0.00,0,0,0
32504,3707.36,0,0,0,0,0.00,0,0,0
32555,3696.40,0,0,0,0,0.00,0,0,0
32605,3708.28,0,0,0,0,0.00,0,0,0
32655,3665.69,0,0,0,0,0.00,0,0,0
32705,3685.50,0,0,0,0,0.00,0,0,0
32755,3665.69,0,0,0,0,0.00,0,0,0
32805,3697.31,0,0,0,0,0.00,0,0,0
32855,3623.19,0,0,0,0,0.00,0,0,0
32905,3664.79,0,0,0,0,0.00,0,0,0
32955,3634.60,0,0,0,0,0.00,0,0,0
33005,3664.79,0,0,0,0,0.00,0,0,0
33055,3633.72,0,0,0,0,0.00,0,0,0
33105,3754.69,0,0,0,0,0.00,0,0,0
33155,3665.69,0,0,0,0,0.00,0,0,0
33205,3665.69,0,0,0,0,0.00,0,0,0
33255,3654.97,0,0,0,0,0.00,0,0,0
33305,3644.31,0,0,0,0,0.00,0,0,0
33355,3675.57,0,0,0,0,0.00,0,0,0
33405,3664.79,0,0,0,0,0.00,0,0,0
33455,3686.41,0,0,0,0,0.00,0,0,0
33505,3665.69,0,0,0,0,0.00,0,0,0
33555,3675.57,0,0,0,0,0.00,0,0,0
33605,3654.08,0,0,0,0,0.00,0,0,0
33655,3664.79,0,0,0,0,0.00,0,0,0
33705,3644.31,0,0,0,0,0.00,0,0,0
33755,3675.57,0,0,0,0,0.00,0,0,0
33805,3642.54,0,0,0,0,0.00,0,0,0
33855,3664.79,0,0,0,0,0.00,0,0,0
33905,3718.39,0,0,0,0,0.00,0,0,0
33955,3696.40,0,0,0,0,0.00,0,0,0
34006,3664.79,0,0,0,0,0.00,0,0,0
34056,3686.41,0,0,0,0,0.00,0,0,0
34106,3675.57,0,0,0,0,0.00,0,0,0
34156,3686.41,0,0,0,0,0.00,0,0,0
34206,3686.41,0,0,0,0,0.00,0,0,0
34256,3675.57,0,0,0,0,0.00,0,0,0
34306,3719.32,0,0,0,0,0.00,0,0,0
34356,3707.36,0,0,0,0,0.00,0,0,0
34406,3730.42,0,0,0,0,0.00,0,0,0
34456,3697.31,0,0,0,0,0.00,0,0,0
34506,3761.28,0,0,0,0,0.00,0,0,0
34556,3696.40,0,0,0,0,0.00,0,0,0
34606,3718.39,0,0,0,0,0.00,0,0,0
34656,3686.41,0,0,0,0,0.00,0,0,0
34706,3707.36,0,0,0,0,0.00,0,0,0
34756,3685.50,0,0,0,0,0.00,0,0,0
34806,3707.36,0,0,0,0,0.00,0,0,0
34856,3728.56,0,0,0,0,0.00,0,0,0
34906,3696.40,0,0,0,0,0.00,0,0,0
34956,3740.65,0,0,0,0,0.00,0,0,0
35006,3697.31,0,0,0,0,0.00,0,0,0
35056,3707.36,0,0,0,0,0.00,0,0,0
35106,3677.37,0,0,0,0,0.00,0,0,0
35156,3677.37,0,0,0,0,0.00,0,0,0
35206,3675.57,0,0,0,0,0.00,0,0,0
35256,3718.39,0,0,0,0,0.00,0,0,0
35306,3697.31,0,0,0,0,0.00,0,0,0
35356,3707.36,0,0,0,0,0.00,0,0,0
35406,3696.40,0,0,0,0,0.00,0,0,0
35456,3730.42,0,0,0,0,0.00,0,0,0
35506,3664.79,0,0,0,0,0.00,0,0,0
35556,3685.50,0,0,0,0,0.00,0,0,0
35606,3685.50,0,0,0,0,0.00,0,0,0
35656,3665.69,0,0,0,0,0.00,0,0,0
35706,3709.20,0,0,0,0,0.00,0,0,0
35756,3654.97,0,0,0,0,0.00,0,0,0
35806,3707.36,0,0,0,0,0.00,0,0,0
35856,3675.57,0,0,0,0,0.00,0,0,0
35906,3715.63,0,0,0,0,0.00,0,0,0
35956,3634.60,0,0,0,0,0.00,0,0,0
36006,3696.40,0,0,0,0,0.00,0,0,0
36056,3665.69,0,0,0,0,0.00,0,0,0
36106,3675.57,0,0,0,0,0.00,0,0,0
36156,3644.31,0,0,0,0,0.00,0,0,0
36206,3685.50,0,0,0,0,0.00,0,0,0
36256,3675.57,0,0,0,0,0.00,0,0,0
36306,3707.36,0,0,0,0,0.00,0,0,0
36356,3697.31,0,0,0,0,0.00,0,0,0
36406,3676.47,0,0,0,0,0.00,0,0,0
36456,3697.31,0,0,0,0,0.00,0,0,0
36506,3676.47,0,0,0,0,0.00,0,0,0
36556,3686.41,0,0,0,0,0.00,0,0,0
36606,3665.69,0,0,0,0,0.00,0,0,0
36656,3707.36,0,0,0,0,0.00,0,0,0
36706,3541.08,0,0,0,0,0.00,0,0,0
36756,3675.57,0,0,0,0,0.00,0,0,0
36806,3654.08,0,0,0,0,0.00,0,0,0
36856,3686.41,0,0,0,0,0.00,0,0,0
36907,3634.60,0,0,0,0,0.00,0,0,0
36957,3696.40,0,0,0,0,0.00,0,0,0
37007,3654.97,0,0,0,0,0.00,0,0,0
37057,3664.79,0,0,0,0,0.00,0,0,0
37107,3644.31,0,0,0,0,0.00,0,0,0
37157,3685.50,0,0,0,0,0.00,0,0,0
37207,3631.96,0,0,0,0,0.00,0,0,0
37257,3686.41,0,0,0,0,0.00,0,0,0
37307,3654.08,0,0,0,0,0.00,0,0,0
37357,3696.40,0,0,0,0,0.00,0,0,0
37407,3719.32,0,0,0,0,0.00,0,0,0
37457,3675.57,0,0,0,0,0.00,0,0,0
37507,3654.97,0,0,0,0,0.00,0,0,0
37557,3644.31,0,0,0,0,0.00,0,0,0
37607,3685.50,0,0,0,0,0.00,0,0,0
37657,3624.06,0,0,0,0,0.00,0,0,0
37707,3675.57,0,0,0,0,0.00,0,0,0
37757,3664.79,0,0,0,0,0.00,0,0,0
37807,3675.57,0,0,0,0,0.00,0,0,0
37857,3664.79,0,0,0,0,0.00,0,0,0
37907,3697.31,0,0,0,0,0.00,0,0,0
37957,3634.60,0,0,0,0,0.00,0,0,0
38007,3675.57,0,0,0,0,0.00,0,0,0
38057,3654.97,0,0,0,0,0.00,0,0,0
38107,3664.79,0,0,0,0,0.00,0,0,0
38157,3664.79,0,0,0,0,0.00,0,0,0
38207,3654.97,0,0,0,0,0.00,0,0,0
38257,3644.31,0,0,0,0,0.00,0,0,0
38307,3624.06,0,0,0,0,0.00,0,0,0
38358,3623.19,0,0,0,0,0.00,0,0,0
38408,3675.57,0,0,0,0,0.00,0,0,0
38458,3665.69,0,0,0,0,0.00,0,0,0
38508,3613.59,0,0,0,0,0.00,0,0,0
38558,3613.59,0,0,0,0,0.00,0,0,0
38608,3573.98,0,0,0,0,0.00,0,0,0
38658,3574.83,0,0,0,0,0.00,0,0,0
38708,3644.31,0,0,0,0,0.00,0,0,0
38758,3613.59,0,0,0,0,0.00,0,0,0
38808,3613.59,0,0,0,0,0.00,0,0,0
38858,3644.31,0,0,0,0,0.00,0,0,0
38908,3624.06,0,0,0,0,0.00,0,0,0
38958,3643.43,0,0,0,0,0.00,0,0,0
39008,3634.60,0,0,0,0,0.00,0,0,0
39058,3675.57,0,0,0,0,0.00,0,0,0
39108,3643.43,0,0,0,0,0.00,0,0,0
39158,3686.41,0,0,0,0,0.00,0,0,0
39208,3664.79,0,0,0,0,0.00,0,0,0
39258,3664.79,0,0,0,0,0.00,0,0,0
39308,3633.72,0,0,0,0,0.00,0,0,0
39358,3675.57,0,0,0,0,0.00,0,0,0
39408,3644.31,0,0,0,0,0.00,0,0,0
39458,3687.32,0,0,0,0,0.00,0,0,0
39508,3664.79,0,0,0,0,0.00,0,0,0
39558,3687.32,0,0,0,0,0.00,0,0,0
39608,3675.57,0,0,0,0,0.00,0,0,0
39658,3707.36,0,0,0,0,0.00,0,0,0
39708,3633.72,0,0,0,0,0.00,0,0,0
39758,3675.57,0,0,0,0,0.00,0,0,0
39808,3644.31,0,0,0,0,0.00,0,0,0
39858,3685.50,0,0,0,0,0.00,0,0,0
39908,3665.69,0,0,0,0,0.00,0,0,0
39958,3695.49,0,0,0,0,0.00,0,0,0
40008,3719.32,0,0,0,0,0.00,0,0,0
40058,3675.57,0,0,0,0,0.00,0,0,0
40108,3707.36,0,0,0,0,0.00,0,0,0
40158,3686.41,0,0,0,0,0.00,0,0,0
40208,3665.69,0,0,0,0,0.00,0,0,0
40258,3654.97,0,0,0,0,0.00,0,0,0
40308,3665.69,0,0,0,0,0.00,0,0,0
40358,3642.54,0,0,0,0,0.00,0,0,0
40408,3686.41,0,0,0,0,0.00,0,0,0
40458,3644.31,0,0,0,0,0.00,0,0,0
40508,3624.06,0,0,0,0,0.00,0,0,0
40558,3612.72,0,0,0,0,0.00,0,0,0
40608,3642.54,0,0,0,0,0.00,0,0,0
40658,3623.19,0,0,0,0,0.00,0,0,0
40708,3686.41,0,0,0,0,0.00,0,0,0
40758,3673.77,0,0,0,0,0.00,0,0,0
40808,3718.39,0,0,0,0,0.00,0,0,0
40858,3686.41,0,0,0,0,0.00,0,0,0
40908,3707.36,0,0,0,0,0.00,0,0,0
40958,3686.41,0,0,0,0,0.00,0,0,0
41008,3686.41,0,0,0,0,0.00,0,0,0
41058,3612.72,0,0,0,0,0.00,0,0,0
41108,3624.06,0,0,0,0,0.00,0,0,0
41158,3664.79,0,0,0,0,0.00,0,0,0
41208,3654.97,0,0,0,0,0.00,0,0,0
41259,3696.40,0,0,0,0,0.00,0,0,0
41309,3675.57,0,0,0,0,0.00,0,0,0
41359,3665.69,0,0,0,0,0.00,0,0,0
41409,3654.97,0,0,0,0,0.00,0,0,0
41459,3664.79,0,0,0,0,0.00,0,0,0
41509,3633.72,0,0,0,0,0.00,0,0,0
41559,3685.50,0,0,0,0,0.00,0,0,0
41609,3654.97,0,0,0,0,0.00,0,0,0
41659,3654.08,0,0,0,0,0.00,0,0,0
41709,3643.43,0,0,0,0,0.00,0,0,0
41759,3644.31,0,0,0,0,0.00,0,0,0
41809,3633.72,0,0,0,0,0.00,0,0,0
41859,3686.41,0,0,0,0,0.00,0,0,0
41909,3675.57,0,0,0,0,0.00,0,0,0
41959,3695.49,0,0,0,0,0.00,0,0,0
42009,3613.59,0,0,0,0,0.00,0,0,0
42059,3654.08,0,0,0,0,0.00,0,0,0
42109,3633.72,0,0,0,0,0.00,0,0,0
42159,3665.69,0,0,0,0,0.00,0,0,0
42209,3644.31,0,0,0,0,0.00,0,0,0
42259,3687.32,0,0,0,0,0.00,0,0,0
42309,3624.06,0,0,0,0,0.00,0,0,0
42359,3633.72,0,0,0,0,0.00,0,0,0
42409,3675.57,0,0,0,0,0.00,0,0,0
42459,3603.17,0,0,0,0,0.00,0,0,0
42509,3675.57,0,0,0,0,0.00,0,0,0
42559,3644.31,0,0,0,0,0.00,0,0,0
42609,3643.43,0,0,0,0,0.00,0,0,0
42659,3624.06,0,0,0,0,0.00,0,0,0
42710,3644.31,0,0,0,0,0.00,0,0,0
42760,3611.85,0,0,0,0,0.00,0,0,0
42810,3642.54,0,0,0,0,0.00,0,0,0
42860,3624.06,0,0,0,0,0.00,0,0,0
42910,3643.43,0,0,0,0,0.00,0,0,0
42960,3633.72,0,0,0,0,0.00,0,0,0
43010,3633.72,0,0,0,0,0.00,0,0,0
43060,3624.06,0,0,0,0,0.00,0,0,0
43110,3675.57,0,0,0,0,0.00,0,0,0
43160,3630.20,0,0,0,0,0.00,0,0,0
43210,3685.50,0,0,0,0,0.00,0,0,0
43260,3664.79,0,0,0,0,0.00,0,0,0
43310,3644.31,0,0,0,0,0.00,0,0,0
43360,3633.72,0,0,0,0,0.00,0,0,0
43410,3654.08,0,0,0,0,0.00,0,0,0
43460,3633.72,0,0,0,0,0.00,0,0,0
43510,3654.97,0,0,0,0,0.00,0,0,0
43560,3654.97,0,0,0,0,0.00,0,0,0
43610,3654.97,0,0,0,0,0.00,0,0,0
43660,3634.60,0,0,0,0,0.00,0,0,0
43710,3654.97,0,0,0,0,0.00,0,0,0
43760,3633.72,0,0,0,0,0.00,0,0,0
43810,3675.57,0,0,0,0,0.00,0,0,0
43860,3633.72,0,0,0,0,0.00,0,0,0
43910,3654.97,0,0,0,0,0.00,0,0,0
43960,3644.31,0,0,0,0,0.00,0,0,0
44010,3624.06,0,0,0,0,0.00,0,0,0
44060,3632.84,0,0,0,0,0.00,0,0,0
44110,3623.19,0,0,0,0,0.00,0,0,0
44160,3654.08,0,0,0,0,0.00,0,0,0
44210,3654.97,0,0,0,0,0.00,0,0,0
44260,3675.57,0,0,0,0,0.00,0,0,0
44310,3664.79,0,0,0,0,0.00,0,0,0
44360,3697.31,0,0,0,0,0.00,0,0,0
44410,3665.69,0,0,0,0,0.00,0,0,0
44460,3686.41,0,0,0,0,0.00,0,0,0
44510,3654.08,0,0,0,0,0.00,0,0,0
44560,3697.31,0,0,0,0,0.00,0,0,0
44610,3654.97,0,0,0,0,0.00,0,0,0
44660,3685.50,0,0,0,0,0.00,0,0,0
44710,3664.79,0,0,0,0,0.00,0,0,0
44760,3696.40,0,0,0,0,0.00,0,0,0
44810,3675.57,0,0,0,0,0.00,0,0,0
44860,3719.32,0,0,0,0,0.00,0,0,0
44910,3685.50,0,0,0,0,0.00,0,0,0
44960,3654.97,0,0,0,0,0.00,0,0,0
45010,3632.84,0,0,0,0,0.00,0,0,0
45060,3676.47,0,0,0,0,0.00,0,0,0
45110,3665.69,0,0,0,0,0.00,0,0,0
45160,3675.57,0,0,0,0,0.00,0,0,0
45210,3698.22,0,0,0,0,0.00,0,0,0
45260,3675.57,0,0,0,0,0.00,0,0,0
45310,3686.41,0,0,0,0,0.00,0,0,0
45360,3665.69,0,0,0,0,0.00,0,0,0
45410,3686.41,0,0,0,0,0.00,0,0,0
45460,3664.79,0,0,0,0,0.00,0,0,0
45510,3685.50,0,0,0,0,0.00,0,0,0
45560,3675.57,0,0,0,0,0.00,0,0,0
45611,3686.41,0,0,0,0,0.00,0,0,0
45661,3664.79,0,0,0,0,0.00,0,0,0
45711,3654.97,0,0,0,0,0.00,0,0,0
45761,3654.08,0,0,0,0,0.00,0,0,0
45811,3644.31,0,0,0,0,0.00,0,0,0
45861,3633.72,0,0,0,0,0.00,0,0,0
45911,3665.69,0,0,0,0,0.00,0,0,0
45961,3644.31,0,0,0,0,0.00,0,0,0
46011,3686.41,0,0,0,0,0.00,0,0,0
46061,3675.57,0,0,0,0,0.00,0,0,0
46111,3633.72,0,0,0,0,0.00,0,0,0
46161,3675.57,0,0,0,0,0.00,0,0,0
46211,3654.08,0,0,0,0,0.00,0,0,0
46261,3685.50,0,0,0,0,0.00,0,0,0
46311,3633.72,0,0,0,0,0.00,0,0,0
46361,3696.40,0,0,0,0,0.00,0,0,0
46411,3665.69,0,0,0,0,0.00,0,0,0
46461,3686.41,0,0,0,0,0.00,0,0,0
46511,3654.97,0,0,0,0,0.00,0,0,0
46561,3675.57,0,0,0,0,0.00,0,0,0
46611,3644.31,0,0,0,0,0.00,0,0,0
46661,3675.57,0,0,0,0,0.00,0,0,0
46711,3654.97,0,0,0,0,0.00,0,0,0
46761,3675.57,0,0,0,0,0.00,0,0,0
46811,3641.66,0,0,0,0,0.00,0,0,0
46861,3664.79,0,0,0,0,0.00,0,0,0
46911,3644.31,0,0,0,0,0.00,0,0,0
46961,3686.41,0,0,0,0,0.00,0,0,0
47011,3675.57,0,0,0,0,0.00,0,0,0
47062,3709.20,0,0,0,0,0.00,0,0,0
47112,3643.43,0,0,0,0,0.00,0,0,0
47162,3665.69,0,0,0,0,0.00,0,0,0
47212,3654.97,0,0,0,0,0.00,0,0,0
47262,3644.31,0,0,0,0,0.00,0,0,0
47312,3707.36,0,0,0,0,0.00,0,0,0
47362,3665.69,0,0,0,0,0.00,0,0,0
47412,3644.31,0,0,0,0,0.00,0,0,0
47462,3611.85,0,0,0,0,0.00,0,0,0
47512,3633.72,0,0,0,0,0.00,0,0,0
47562,3633.72,0,0,0,0,0.00,0,0,0
47612,3675.57,0,0,0,0,0.00,0,0,0
47662,3633.72,0,0,0,0,0.00,0,0,0
47712,3674.67,0,0,0,0,0.00,0,0,0
47762,3675.57,0,0,0,0,0.00,0,0,0
47812,3685.50,0,0,0,0,0.00,0,0,0
47862,3675.57,0,0,0,0,0.00,0,0,0
47912,3718.39,0,0,0,0,0.00,0,0,0
47962,3644.31,0,0,0,0,0.00,0,0,0
48012,3663.90,0,0,0,0,0.00,0,0,0
48062,3654.97,0,0,0,0,0.00,0,0,0
48112,3697.31,0,0,0,0,0.00,0,0,0
48162,3675.57,0,0,0,0,0.00,0,0,0
48212,3707.36,0,0,0,0,0.00,0,0,0
48262,3698.22,0,0,0,0,0.00,0,0,0
48312,3686.41,0,0,0,0,0.00,0,0,0
48362,3664.79,0,0,0,0,0.00,0,0,0
48412,3652.30,0,0,0,0,0.00,0,0,0
48462,3696.40,0,0,0,0,0.00,0,0,0
48512,3686.41,0,0,0,0,0.00,0,0,0
48562,3717.47,0,0,0,0,0.00,0,0,0
48612,3644.31,0,0,0,0,0.00,0,0,0
48662,3675.57,0,0,0,0,0.00,0,0,0
48712,3664.79,0,0,0,0,0.00,0,0,0
48762,3685.50,0,0,0,0,0.00,0,0,0
48812,3653.19,0,0,0,0,0.00,0,0,0
48862,3697.31,0,0,0,0,0.00,0,0,0
48912,3675.57,0,0,0,0,0.00,0,0,0
48962,3718.39,0,0,0,0,0.00,0,0,0
49012,3686.41,0,0,0,0,0.00,0,0,0
49062,3697.31,0,0,0,0,0.00,0,0,0
49112,3687.32,0,0,0,0,0.00,0,0,0
49162,3696.40,0,0,0,0,0.00,0,0,0
49212,3728.56,0,0,0,0,0.00,0,0,0
49262,3718.39,0,0,0,0,0.00,0,0,0
49312,3750.00,0,0,0,0,0.00,0,0,0
49362,3729.49,0,0,0,0,0.00,0,0,0
49412,3741.58,0,0,0,0,0.00,0,0,0
49462,3707.36,0,0,0,0,0.00,0,0,0
49512,3718.39,0,0,0,0,0.00,0,0,0
49562,3697.31,0,0,0,0,0.00,0,0,0
49612,3739.72,0,0,0,0,0.00,0,0,0
49662,3675.57,0,0,0,0,0.00,0,0,0
49712,3698.22,0,0,0,0,0.00,0,0,0
49762,3729.49,0,0,0,0,0.00,0,0,0
49812,3707.36,0,0,0,0,0.00,0,0,0
49862,3696.40,0,0,0,0,0.00,0,0,0
49912,3675.57,0,0,0,0,0.00,0,0,0
49963,3707.36,0,0,0,0,0.00,0,0,0
50013,3687.32,0,0,0,0,0.00,0,0,0
50063,3739.72,0,0,0,0,0.00,0,0,0
50113,3686.41,0,0,0,0,0.00,0,0,0
50163,3696.40,0,0,0,0,0.00,0,0,0
50213,3696.40,0,0,0,0,0.00,0,0,0
50263,3685.50,0,0,0,0,0.00,0,0,0
50313,3664.79,0,0,0,0,0.00,0,0,0
50363,3685.50,0,0,0,0,0.00,0,0,0
50413,3674.67,0,0,0,0,0.00,0,0,0
50463,3707.36,0,0,0,0,0.00,0,0,0
50513,3730.42,0,0,0,0,0.00,0,0,0
50563,3675.57,0,0,0,0,0.00,0,0,0
50613,3741.58,0,0,0,0,0.00,0,0,0
50663,3654.97,0,0,0,0,0.00,0,0,0
50713,3698.22,0,0,0,0,0.00,0,0,0
50763,3675.57,0,0,0,0,0.00,0,0,0
50813,3697.31,0,0,0,0,0.00,0,0,0
50863,3675.57,0,0,0,0,0.00,0,0,0
50913,3675.57,0,0,0,0,0.00,0,0,0
50963,3665.69,0,0,0,0,0.00,0,0,0
51013,3707.36,0,0,0,0,0.00,0,0,0
51063,3709.20,0,0,0,0,0.00,0,0,0
51113,3697.31,0,0,0,0,0.00,0,0,0
51163,3729.49,0,0,0,0,0.00,0,0,0
51213,3718.39,0,0,0,0,0.00,0,0,0
51263,3739.72,0,0,0,0,0.00,0,0,0
51313,3676.47,0,0,0,0,0.00,0,0,0
51363,3730.42,0,0,0,0,0.00,0,0,0
51414,3696.40,0,0,0,0,0.00,0,0,0
51464,3719.32,0,0,0,0,0.00,0,0,0
51514,3718.39,0,0,0,0,0.00,0,0,0
51564,3750.94,0,0,0,0,0.00,0,0,0
51614,3730.42,0,0,0,0,0.00,0,0,0
51664,3740.65,0,0,0,0,0.00,0,0,0
51714,3762.23,0,0,0,0,0.00,0,0,0
51764,3750.94,0,0,0,0,0.00,0,0,0
51814,3729.49,0,0,0,0,0.00,0,0,0
51864,3664.79,0,0,0,0,0.00,0,0,0
51914,3719.32,0,0,0,0,0.00,0,0,0
51964,3676.47,0,0,0,0,0.00,0,0,0
52014,3718.39,0,0,0,0,0.00,0,0,0
52064,3696.40,0,0,0,0,0.00,0,0,0
52114,3707.36,0,0,0,0,0.00,0,0,0
52164,3696.40,0,0,0,0,0.00,0,0,0
52214,3697.31,0,0,0,0,0.00,0,0,0
52264,3718.39,0,0,0,0,0.00,0,0,0
52314,3707.36,0,0,0,0,0.00,0,0,0
52364,3728.56,0,0,0,0,0.00,0,0,0
52414,3709.20,0,0,0,0,0.00,0,0,0
52464,3739.72,0,0,0,0,0.00,0,0,0
52514,3708.28,0,0,0,0,0.00,0,0,0
52564,3707.36,0,0,0,0,0.00,0,0,0
52614,3686.41,0,0,0,0,0.00,0,0,0
52664,3739.72,0,0,0,0,0.00,0,0,0
52714,3686.41,0,0,0,0,0.00,0,0,0
52764,3728.56,0,0,0,0,0.00,0,0,0
52814,3750.00,0,0,0,0,0.00,0,0,0
52864,3718.39,0,0,0,0,0.00,0,0,0
52914,3741.58,0,0,0,0,0.00,0,0,0
52964,3718.39,0,0,0,0,0.00,0,0,0
53014,3739.72,0,0,0,0,0.00,0,0,0
53064,3720.24,0,0,0,0,0.00,0,0,0
53114,3739.72,0,0,0,0,0.00,0,0,0
53164,3728.56,0,0,0,0,0.00,0,0,0
53214,3763.17,0,0,0,0,0.00,0,0,0
53264,3799.39,0,0,0,0,0.00,0,0,0
53314,3719.32,0,0,0,0,0.00,0,0,0
53364,3750.94,0,0,0,0,0.00,0,0,0
53414,3728.56,0,0,0,0,0.00,0,0,0
53464,3707.36,0,0,0,0,0.00,0,0,0
53514,3709.20,0,0,0,0,0.00,0,0,0
53564,3739.72,0,0,0,0,0.00,0,0,0
53614,3707.36,0,0,0,0,0.00,0,0,0
53664,3791.71,0,0,0,0,0.00,0,0,0
53714,3675.57,0,0,0,0,0.00,0,0,0
53764,3718.39,0,0,0,0,0.00,0,0,0
53814,3674.67,0,0,0,0,0.00,0,0,0
53864,3686.41,0,0,0,0,0.00,0,0,0
53914,3675.57,0,0,0,0,0.00,0,0,0
53964,3688.22,0,0,0,0,0.00,0,0,0
54014,3698.22,0,0,0,0,0.00,0,0,0
54064,3686.41,0,0,0,0,0.00,0,0,0
54114,3718.39,0,0,0,0,0.00,0,0,0
54164,3707.36,0,0,0,0,0.00,0,0,0
54214,3708.28,0,0,0,0,0.00,0,0,0
54264,3707.36,0,0,0,0,0.00,0,0,0
54315,3719.32,0,0,0,0,0.00,0,0,0
54365,3685.50,0,0,0,0,0.00,0,0,0
54415,3728.56,0,0,0,0,0.00,0,0,0
54465,3716.55,0,0,0,0,0.00,0,0,0
54515,3707.36,0,0,0,0,0.00,0,0,0
54565,3741.58,0,0,0,0,0.00,0,0,0
54615,3730.42,0,0,0,0,0.00,0,0,0
54665,3739.72,0,0,0,0,0.00,0,0,0
54715,3697.31,0,0,0,0,0.00,0,0,0
54765,3730.42,0,0,0,0,0.00,0,0,0
54815,3707.36,0,0,0,0,0.00,0,0,0
54865,3750.00,0,0,0,0,0.00,0,0,0
54915,3730.42,0,0,0,0,0.00,0,0,0
54965,3729.49,0,0,0,0,0.00,0,0,0
55015,3728.56,0,0,0,0,0.00,0,0,0
55065,3696.40,0,0,0,0,0.00,0,0,0
55115,3686.41,0,0,0,0,0.00,0,0,0
55165,3675.57,0,0,0,0,0.00,0,0,0
55215,3675.57,0,0,0,0,0.00,0,0,0
55265,3663.90,0,0,0,0,0.00,0,0,0
55315,3698.22,0,0,0,0,0.00,0,0,0
55365,3697.31,0,0,0,0,0.00,0,0,0
55415,3729.49,0,0,0,0,0.00,0,0,0
55465,3707.36,0,0,0,0,0.00,0,0,0
55515,3730.42,0,0,0,0,0.00,0,0,0
55565,3718.39,0,0,0,0,0.00,0,0,0
55615,3728.56,0,0,0,0,0.00,0,0,0
55665,3762.23,0,0,0,0,0.00,0,0,0
55715,3719.32,0,0,0,0,0.00,0,0,0
55766,3740.65,0,0,0,0,0.00,0,0,0
55816,3718.39,0,0,0,0,0.00,0,0,0
55866,3718.39,0,0,0,0,0.00,0,0,0
55916,3697.31,0,0,0,0,0.00,0,0,0
55966,3728.56,0,0,0,0,0.00,0,0,0
56016,3718.39,0,0,0,0,0.00,0,0,0
56066,3729.49,0,0,0,0,0.00,0,0,0
56116,3697.31,0,0,0,0,0.00,0,0,0
56166,3728.56,0,0,0,0,0.00,0,0,0
56216,3698.22,0,0,0,0,0.00,0,0,0
56266,3675.57,0,0,0,0,0.00,0,0,0
56316,3739.72,0,0,0,0,0.00,0,0,0
56366,3698.22,0,0,0,0,0.00,0,0,0
56416,3728.56,0,0,0,0,0.00,0,0,0
56466,3713.79,0,0,0,0,0.00,0,0,0
56516,3752.81,0,0,0,0,0.00,0,0,0
56566,3718.39,0,0,0,0,0.00,0,0,0
56616,3739.72,0,0,0,0,0.00,0,0,0
56666,3697.31,0,0,0,0,0.00,0,0,0
56716,3708.28,0,0,0,0,0.00,0,0,0
56766,3685.50,0,0,0,0,0.00,0,0,0
56816,3686.41,0,0,0,0,0.00,0,0,0
56866,3737.85,0,0,0,0,0.00,0,0,0
56916,3718.39,0,0,0,0,0.00,0,0,0
56966,3761.28,0,0,0,0,0.00,0,0,0
57016,3739.72,0,0,0,0,0.00,0,0,0
57066,3783.10,0,0,0,0,0.00,0,0,0
57116,3764.12,0,0,0,0,0.00,0,0,0
57166,3763.17,0,0,0,0,0.00,0,0,0
57216,3752.81,0,0,0,0,0.00,0,0,0
57266,3731.34,0,0,0,0,0.00,0,0,0
57316,3796.51,0,0,0,0,0.00,0,0,0
57366,3774.53,0,0,0,0,0.00,0,0,0
57416,3784.06,0,0,0,0,0.00,0,0,0
57466,3750.00,0,0,0,0,0.00,0,0,0
57516,3772.64,0,0,0,0,0.00,0,0,0
57566,3729.49,0,0,0,0,0.00,0,0,0
57616,3750.00,0,0,0,0,0.00,0,0,0
57666,3750.94,0,0,0,0,0.00,0,0,0
57716,3740.65,0,0,0,0,0.00,0,0,0
57766,3750.94,0,0,0,0,0.00,0,0,0
57816,3718.39,0,0,0,0,0.00,0,0,0
57866,3730.42,0,0,0,0,0.00,0,0,0
57916,3707.36,0,0,0,0,0.00,0,0,0
57966,3728.56,0,0,0,0,0.00,0,0,0
58016,3717.47,0,0,0,0,0.00,0,0,0
58066,3739.72,0,0,0,0,0.00,0,0,0
58116,3730.42,0,0,0,0,0.00,0,0,0
58166,3729.49,0,0,0,0,0.00,0,0,0
58216,3718.39,0,0,0,0,0.00,0,0,0
58266,3707.36,0,0,0,0,0.00,0,0,0
58316,3740.65,0,0,0,0,0.00,0,0,0
58366,3718.39,0,0,0,0,0.00,0,0,0
58416,3730.42,0,0,0,0,0.00,0,0,0
58466,3728.56,0,0,0,0,0.00,0,0,0
58516,3762.23,0,0,0,0,0.00,0,0,0
58566,3750.00,0,0,0,0,0.00,0,0,0
58616,3741.58,0,0,0,0,0.00,0,0,0
58667,3762.23,0,0,0,0,0.00,0,0,0
58717,3718.39,0,0,0,0,0.00,0,0,0
58767,3762.23,0,0,0,0,0.00,0,0,0
58817,3750.94,0,0,0,0,0.00,0,0,0
58867,3772.64,0,0,0,0,0.00,0,0,0
58917,3718.39,0,0,0,0,0.00,0,0,0
58967,3751.88,0,0,0,0,0.00,0,0,0
59017,3730.42,0,0,0,0,0.00,0,0,0
59067,3741.58,0,0,0,0,0.00,0,0,0
59117,3730.42,0,0,0,0,0.00,0,0,0
59167,3718.39,0,0,0,0,0.00,0,0,0
59217,3750.94,0,0,0,0,0.00,0,0,0
59267,3728.56,0,0,0,0,0.00,0,0,0
59317,3763.17,0,0,0,0,0.00,0,0,0
59367,3739.72,0,0,0,0,0.00,0,0,0
59417,3728.56,0,0,0,0,0.00,0,0,0
59467,3729.49,0,0,0,0,0.00,0,0,0
59517,3729.49,0,0,0,0,0.00,0,0,0
59567,3752.81,0,0,0,0,0.00,0,0,0
59617,3707.36,0,0,0,0,0.00,0,0,0
59667,3750.00,0,0,0,0,0.00,0,0,0
59717,3717.47,0,0,0,0,0.00,0,0,0
59767,3774.53,0,0,0,0,0.00,0,0,0
59817,3719.32,0,0,0,0,0.00,0,0,0
59867,3750.00,0,0,0,0,0.00,0,0,0
59917,3728.56,0,0,0,0,0.00,0,0,0
59967,3761.28,0,0,0,0,0.00,0,0,0
60017,3739.72,0,0,0,0,0.00,0,0,0
60067,3728.56,0,0,0,0,0.00,0,0,0
60118,3761.28,0,0,0,0,0.00,0,0,0
60168,3750.94,0,0,0,0,0.00,0,0,0
60218,3750.00,0,0,0,0,0.00,0,0,0
60268,3719.32,0,0,0,0,0.00,0,0,0
60318,3718.39,0,0,0,0,0.00,0,0,0
60368,3718.39,0,0,0,0,0.00,0,0,0
60418,3763.17,0,0,0,0,0.00,0,0,0
60468,3708.28,0,0,0,0,0.00,0,0,0
60518,3707.36,0,0,0,0,0.00,0,0,0
60568,3686.41,0,0,0,0,0.00,0,0,0
60618,3686.41,0,0,0,0,0.00,0,0,0
60668,3718.39,0,0,0,0,0.00,0,0,0
60718,3707.36,0,0,0,0,0.00,0,0,0
60768,3728.56,0,0,0,0,0.00,0,0,0
60818,3718.39,0,0,0,0,0.00,0,0,0
60868,3751.88,0,0,0,0,0.00,0,0,0
60918,3749.06,0,0,0,0,0.00,0,0,0
60968,3774.53,0,0,0,0,0.00,0,0,0
61018,3774.53,0,0,0,0,0.00,0,0,0
61068,3763.17,0,0,0,0,0.00,0,0,0
61118,3751.88,0,0,0,0,0.00,0,0,0
61168,3730.42,0,0,0,0,0.00,0,0,0
61218,3750.94,0,0,0,0,0.00,0,0,0
61268,3740.65,0,0,0,0,0.00,0,0,0
61318,3749.06,0,0,0,0,0.00,0,0,0
61368,3729.49,0,0,0,0,0.00,0,0,0
61418,3739.72,0,0,0,0,0.00,0,0,0
61468,3675.57,0,0,0,0,0.00,0,0,0
61518,3664.79,0,0,0,0,0.00,0,0,0
61568,3707.36,0,0,0,0,0.00,0,0,0
61618,3686.41,0,0,0,0,0.00,0,0,0
61668,3730.42,0,0,0,0,0.00,0,0,0
61718,3715.63,0,0,0,0,0.00,0,0,0
61768,3762.23,0,0,0,0,0.00,0,0,0
61818,3718.39,0,0,0,0,0.00,0,0,0
61868,3718.39,0,0,0,0,0.00,0,0,0
61918,3686.41,0,0,0,0,0.00,0,0,0
61968,3707.36,0,0,0,0,0.00,0,0,0
62018,3633.72,0,0,0,0,0.00,0,0,0
62068,3696.40,0,0,0,0,0.00,0,0,0
62118,3604.04,0,0,0,0,0.00,0,0,0
62168,3665.69,0,0,0,0,0.00,0,0,0
62218,3644.31,0,0,0,0,0.00,0,0,0
62268,3664.79,0,0,0,0,0.00,0,0,0
62318,3696.40,0,0,0,0,0.00,0,0,0
62368,3685.50,0,0,0,0,0.00,0,0,0
62418,3688.22,0,0,0,0,0.00,0,0,0
62468,3675.57,0,0,0,0,0.00,0,0,0
62518,3715.63,0,0,0,0,0.00,0,0,0
62568,3707.36,0,0,0,0,0.00,0,0,0
62618,3739.72,0,0,0,0,0.00,0,0,0
62668,3698.22,0,0,0,0,0.00,0,0,0
62718,3739.72,0,0,0,0,0.00,0,0,0
62768,3718.39,0,0,0,0,0.00,0,0,0
62818,3730.42,0,0,0,0,0.00,0,0,0
62868,3708.28,0,0,0,0,0.00,0,0,0
62918,3716.55,0,0,0,0,0.00,0,0,0
62968,3761.28,0,0,0,0,0.00,0,0,0
63019,3728.56,0,0,0,0,0.00,0,0,0
63069,3739.72,0,0,0,0,0.00,0,0,0
63119,3707.36,0,0,0,0,0.00,0,0,0
63169,3730.42,0,0,0,0,0.00,0,0,0
63219,3686.41,0,0,0,0,0.00,0,0,0
63269,3718.39,0,0,0,0,0.00,0,0,0
63319,3696.40,0,0,0,0,0.00,0,0,0
63369,3707.36,0,0,0,0,0.00,0,0,0
63419,3686.41,0,0,0,0,0.00,0,0,0
63469,3696.40,0,0,0,0,0.00,0,0,0
63519,3696.40,0,0,0,0,0.00,0,0,0
63569,3688.22,0,0,0,0,0.00,0,0,0
63619,3718.39,0,0,0,0,0.00,0,0,0
63669,3686.41,0,0,0,0,0.00,0,0,0
63719,3719.32,0,0,0,0,0.00,0,0,0
63769,3718.39,0,0,0,0,0.00,0,0,0
63819,3750.94,0,0,0,0,0.00,0,0,0
63869,3708.28,0,0,0,0,0.00,0,0,0
63919,3717.47,0,0,0,0,0.00,0,0,0
63969,3708.28,0,0,0,0,0.00,0,0,0
64019,3741.58,0,0,0,0,0.00,0,0,0
64069,3763.17,0,0,0,0,0.00,0,0,0
64119,3741.58,0,0,0,0,0.00,0,0,0
64169,3750.94,0,0,0,0,0.00,0,0,0
64219,3718.39,0,0,0,0,0.00,0,0,0
64269,3730.42,0,0,0,0,0.00,0,0,0
64319,3697.31,0,0,0,0,0.00,0,0,0
64369,3696.40,0,0,0,0,0.00,0,0,0
64419,3624.06,0,0,0,0,0.00,0,0,0
64470,3675.57,0,0,0,0,0.00,0,0,0
64520,3632.84,0,0,0,0,0.00,0,0,0
64570,3685.50,0,0,0,0,0.00,0,0,0
64620,3654.97,0,0,0,0,0.00,0,0,0
64670,3686.41,0,0,0,0,0.00,0,0,0
64720,3675.57,0,0,0,0,0.00,0,0,0
64770,3696.40,0,0,0,0,0.00,0,0,0
64820,3740.65,0,0,0,0,0.00,0,0,0
64870,3697.31,0,0,0,0,0.00,0,0,0
64920,3741.58,0,0,0,0,0.00,0,0,0
64970,3664.79,0,0,0,0,0.00,0,0,0
65020,3696.40,0,0,0,0,0.00,0,0,0
65070,3686.41,0,0,0,0,0.00,0,0,0
65120,3707.36,0,0,0,0,0.00,0,0,0
65170,3698.22,0,0,0,0,0.00,0,0,0
65220,3729.49,0,0,0,0,0.00,0,0,0
65270,3686.41,0,0,0,0,0.00,0,0,0
65320,3709.20,0,0,0,0,0.00,0,0,0
65370,3675.57,0,0,0,0,0.00,0,0,0
65420,3729.49,0,0,0,0,0.00,0,0,0
65470,3750.94,0,0,0,0,0.00,0,0,0
65520,3718.39,0,0,0,0,0.00,0,0,0
65570,3718.39,0,0,0,0,0.00,0,0,0
65620,3675.57,0,0,0,0,0.00,0,0,0
65670,3740.65,0,0,0,0,0.00,0,0,0
65720,3675.57,0,0,0,0,0.00,0,0,0
65770,3707.36,0,0,0,0,0.00,0,0,0
65820,3686.41,0,0,0,0,0.00,0,0,0
65870,3697.31,0,0,0,0,0.00,0,0,0
65920,3686.41,0,0,0,0,0.00,0,0,0
65970,3718.39,0,0,0,0,0.00,0,0,0
66020,3686.41,0,0,0,0,0.00,0,0,0
66070,3728.56,0,0,0,0,0.00,0,0,0
66120,3696.40,0,0,0,0,0.00,0,0,0
66170,3676.47,0,0,0,0,0.00,0,0,0
66220,3729.49,0,0,0,0,0.00,0,0,0
66270,3697.31,0,0,0,0,0.00,0,0,0
66320,3728.56,0,0,0,0,0.00,0,0,0
66370,3707.36,0,0,0,0,0.00,0,0,0
66420,3707.36,0,0,0,0,0.00,0,0,0
66470,3696.40,0,0,0,0,0.00,0,0,0
66520,3740.65,0,0,0,0,0.00,0,0,0
66570,3686.41,0,0,0,0,0.00,0,0,0
66620,3728.56,0,0,0,0,0.00,0,0,0
66670,3686.41,0,0,0,0,0.00,0,0,0
66720,3739.72,0,0,0,0,0.00,0,0,0
66770,3728.56,0,0,0,0,0.00,0,0,0
66820,3707.36,0,0,0,0,0.00,0,0,0
66870,3697.31,0,0,0,0,0.00,0,0,0
66920,3686.41,0,0,0,0,0.00,0,0,0
66970,3730.42,0,0,0,0,0.00,0,0,0
67020,3718.39,0,0,0,0,0.00,0,0,0
67070,3739.72,0,0,0,0,0.00,0,0,0
67120,3698.22,0,0,0,0,0.00,0,0,0
67170,3728.56,0,0,0,0,0.00,0,0,0
67220,3709.20,0,0,0,0,0.00,0,0,0
67270,3750.00,0,0,0,0,0.00,0,0,0
67320,3741.58,0,0,0,0,0.00,0,0,0
67371,3718.39,0,0,0,0,0.00,0,0,0
67421,3707.36,0,0,0,0,0.00,0,0,0
67471,3696.40,0,0,0,0,0.00,0,0,0
67521,3763.17,0,0,0,0,0.00,0,0,0
67571,3740.65,0,0,0,0,0.00,0,0,0
67621,3741.58,0,0,0,0,0.00,0,0,0
67671,3729.49,0,0,0,0,0.00,0,0,0
67721,3774.53,0,0,0,0,0.00,0,0,0
67771,3705.53,0,0,0,0,0.00,0,0,0
67821,3707.36,0,0,0,0,0.00,0,0,0
67871,3740.65,0,0,0,0,0.00,0,0,0
67921,3729.49,0,0,0,0,0.00,0,0,0
67971,3720.24,0,0,0,0,0.00,0,0,0
68021,3707.36,0,0,0,0,0.00,0,0,0
68071,3741.58,0,0,0,0,0.00,0,0,0
68121,3685.50,0,0,0,0,0.00,0,0,0
68171,3718.39,0,0,0,0,0.00,0,0,0
68221,3697.31,0,0,0,0,0.00,0,0,0
68271,3707.36,0,0,0,0,0.00,0,0,0
68321,3707.36,0,0,0,0,0.00,0,0,0
68371,3686.41,0,0,0,0,0.00,0,0,0
68421,3720.24,0,0,0,0,0.00,0,0,0
68471,3664.79,0,0,0,0,0.00,0,0,0
68521,3707.36,0,0,0,0,0.00,0,0,0
68571,3705.53,0,0,0,0,0.00,0,0,0
68621,3750.00,0,0,0,0,0.00,0,0,0
68671,3709.20,0,0,0,0,0.00,0,0,0
68721,3750.94,0,0,0,0,0.00,0,0,0
68771,3675.57,0,0,0,0,0.00,0,0,0
68822,3729.49,0,0,0,0,0.00,0,0,0
68872,3719.32,0,0,0,0,0.00,0,0,0
68922,3718.39,0,0,0,0,0.00,0,0,0
68972,3694.58,0,0,0,0,0.00,0,0,0
69022,3675.57,0,0,0,0,0.00,0,0,0
69072,3718.39,0,0,0,0,0.00,0,0,0
69122,3696.40,0,0,0,0,0.00,0,0,0
69172,3729.49,0,0,0,0,0.00,0,0,0
69222,3719.32,0,0,0,0,0.00,0,0,0
69272,3739.72,0,0,0,0,0.00,0,0,0
69322,3729.49,0,0,0,0,0.00,0,0,0
69372,3746.25,0,0,0,0,0.00,0,0,0
69422,3718.39,0,0,0,0,0.00,0,0,0
69472,3761.28,0,0,0,0,0.00,0,0,0
69522,3686.41,0,0,0,0,0.00,0,0,0
69572,3707.36,0,0,0,0,0.00,0,0,0
69622,3750.94,0,0,0,0,0.00,0,0,0
69672,3740.65,0,0,0,0,0.00,0,0,0
69722,3717.47,0,0,0,0,0.00,0,0,0
69772,3683.69,0,0,0,0,0.00,0,0,0
69822,3750.94,0,0,0,0,0.00,0,0,0
69872,3707.36,0,0,0,0,0.00,0,0,0
69922,3752.81,0,0,0,0,0.00,0,0,0
69972,3739.72,0,0,0,0,0.00,0,0,0
70022,3763.17,0,0,0,0,0.00,0,0,0
70072,3729.49,0,0,0,0,0.00,0,0,0
70122,3718.39,0,0,0,0,0.00,0,0,0
70172,3720.24,0,0,0,0,0.00,0,0,0
70222,3730.42,0,0,0,0,0.00,0,0,0
70272,3750.94,0,0,0,0,0.00,0,0,0
70322,3707.36,0,0,0,0,0.00,0,0,0
70372,3708.28,0,0,0,0,0.00,0,0,0
70422,3707.36,0,0,0,0,0.00,0,0,0
70472,3697.31,0,0,0,0,0.00,0,0,0
70522,3676.47,0,0,0,0,0.00,0,0,0
70572,3729.49,0,0,0,0,0.00,0,0,0
70622,3644.31,0,0,0,0,0.00,0,0,0
70672,3563.79,0,0,0,0,0.00,0,0,0
70722,3485.13,0,0,0,0,0.00,0,0,0
70772,3406.77,0,0,0,0,0.00,0,0,0
70822,3318.58,0,0,0,0,0.00,0,0,0
70872,3242.54,0,0,0,0,0.00,0,0,0
70922,3186.07,0,0,0,0,0.00,0,0,0
70972,3092.15,0,0,0,0,0.00,0,0,0
71022,3034.59,0,0,0,0,0.00,0,0,0
71072,2956.83,0,0,0,0,0.00,0,0,0
71122,2909.80,0,0,0,0,0.00,0,0,0
71172,2813.73,0,0,0,0,0.00,0,0,0
71222,2757.86,0,0,0,0,0.00,0,0,0
71272,2699.78,0,0,0,0,0.00,0,0,0
71322,2644.10,0,0,0,0,0.00,0,0,0
71372,2569.37,0,0,0,0,0.00,0,0,0
71422,2508.78,0,0,0,0,0.00,0,0,0
71472,2455.39,0,0,0,0,0.00,0,0,0
71522,2396.17,0,0,0,0,0.00,0,0,0
71572,2339.00,0,0,0,0,0.00,0,0,0
71622,2280.67,0,0,0,0,0.00,0,0,0
71672,2238.47,0,0,0,0,0.00,0,0,0
71723,2182.45,0,0,0,0,0.00,0,0,0
71773,2124.34,0,0,0,0,0.00,0,0,0
71823,2069.54,0,0,0,0,0.00,0,0,0
71873,2044.99,0,0,0,0,0.00,0,0,0
71923,1985.70,0,0,0,0,0.00,0,0,0
71973,1928.76,0,0,0,0,0.00,0,0,0
72023,1885.13,0,0,0,0,0.00,0,0,0
72073,1826.37,0,0,0,0,0.00,0,0,0
72123,1807.88,0,0,0,0,0.00,0,0,0
72173,1746.22,0,0,0,0,0.00,0,0,0
72223,1701.26,0,0,0,0,0.00,0,0,0
72273,1685.96,0,0,0,0,0.00,0,0,0
72323,1624.96,0,0,0,0,0.00,0,0,0
72373,1573.32,0,0,0,0,0.00,0,0,0
72423,1562.01,0,0,0,0,0.00,0,0,0
72473,1496.41,0,0,0,0,0.00,0,0,0
72523,1441.89,0,0,0,0,0.00,0,0,0
72573,1432.25,0,0,0,0,0.00,0,0,0
72623,1373.63,0,0,0,0,0.00,0,0,0
72673,1364.75,0,0,0,0,0.00,0,0,0
72723,1306.05,0,0,0,0,0.00,0,0,0
72773,1295.67,0,0,0,0,0.00,0,0,0
72823,1234.16,0,0,0,0,0.00,0,0,0
72873,1226.89,0,0,0,0,0.00,0,0,0
72923,1160.00,0,0,0,0,0.00,0,0,0
72973,1156.16,0,0,0,0,0.00,0,0,0
73023,1078.28,0,0,0,0,0.00,0,0,0
73073,1088.06,0,0,0,0,0.00,0,0,0
73123,1014.34,0,0,0,0,0.00,0,0,0
73174,1000.00,0,0,0,0,0.00,0,0,0
73224,1000.00,0,0,0,0,0.00,0,0,0
73274,918.72,0,0,0,0,0.00,0,0,0
73324,917.32,0,0,0,0,0.00,0,0,0
73374,831.85,0,0,0,0,0.00,0,0,0
73424,831.85,0,0,0,0,0.00,0,0,0
73474,829.69,0,0,0,0,0.00,0,0,0
73524,750.15,0,0,0,0,0.00,0,0,0
73574,750.15,0,0,0,0,0.00,0,0,0
73624,732.35,0,0,0,0,0.00,0,0,0
73674,732.35,0,0,0,0,0.00,0,0,0
73724,650.56,0,0,0,0,0.00,0,0,0
73774,650.56,0,0,0,0,0.00,0,0,0
73824,623.57,0,0,0,0,0.00,0,0,0
73874,623.57,0,0,0,0,0.00,0,0,0
73924,530.94,0,0,0,0,0.00,0,0,0
73974,530.94,0,0,0,0,0.00,0,0,0
74024,530.94,0,0,0,0,0.00,0,0,0
74074,487.79,0,0,0,0,0.00,0,0,0
74124,487.79,0,0,0,0,0.00,0,0,0
74174,487.79,0,0,0,0,0.00,0,0,0
74224,386.64,0,0,0,0,0.00,0,0,0
74274,386.64,0,0,0,0,0.00,0,0,0
74324,386.64,0,0,0,0,0.00,0,0,0
74374,312.38,0,0,0,0,0.00,0,0,0
74424,312.38,0,0,0,0,0.00,0,0,0
74474,312.38,0,0,0,0,0.00,0,0,0
74524,312.38,0,0,0,0,0.00,0,0,0
74574,312.38,0,0,0,0,0.00,0,0,0
74624,0.00,0,0,0,0,0.00,0,0,0
74674,0.00,0,0,0,0,0.00,0,0,0
74724,0.00,0,0,0,0,0.00,0,0,0
74774,0.00,0,0,0,0,0.00,0,0,0
74824,138.46,0,0,0,0,0.00,0,0,0
74874,138.46,0,0,0,0,0.00,0,0,0
74924,138.46,0,0,0,0,0.00,0,0,0
74974,138.46,0,0,0,0,0.00,0,0,0
75024,0.00,0,0,0,0,0.00,0,0,0
75074,0.00,0,0,0,0,0.00,0,0,0
75124,0.00,0,0,0,0,0.00,0,0,0
75174,0.00,0,0,0,0,0.00,0,0,0
75224,0.00,0,0,0,0,0.00,0,0,0
75274,0.00,0,0,0,0,0.00,0,0,0
75324,0.00,0,0,0,0,0.00,0,0,0
75374,0.00,0,0,0,0,0.00,0,0,0
75424,0.00,0,0,0,0,0.00,0,0,0
75474,0.00,0,0,0,0,0.00,0,0,0
75524,0.00,0,0,0,0,0.00,0,0,0
75574,0.00,0,0,0,0,0.00,0,0,0
75624,0.00,0,0,0,0,0.00,0,0,0
75674,0.00,0,0,0,0,0.00,0,0,0
75724,0.00,0,0,0,0,0.00,0,0,0
75774,0.00,0,0,0,0,0.00,0,0,0
75824,0.00,0,0,0,0,0.00,0,0,0
75874,0.00,0,0,0,0,0.00,0,0,0
75924,0.00,0,0,0,0,0.00,0,0,0
75974,0.00,0,0,0,0,0.00,0,0,0
76024,0.00,0,0,0,0,0.00,0,0,0
76075,0.00,0,0,0,0,0.00,0,0,0
76125,0.00,0,0,0,0,0.00,0,0,0
76175,0.00,0,0,0,0,0.00,0,0,0
76225,0.00,0,0,0,0,0.00,0,0,0
76275,0.00,0,0,0,0,0.00,0,0,0
76325,0.00,0,0,0,0,0.00,0,0,0
76375,0.00,0,0,0,0,0.00,0,0,0
76425,0.00,0,0,0,0,0.00,0,0,0
76475,0.00,0,0,0,0,0.00,0,0,0
76525,0.00,0,0,0,0,0.00,0,0,0
76575,0.00,0,0,0,0,0.00,0,0,0
76625,0.00,0,0,0,0,0.00,0,0,0
76675,0.00,0,0,0,0,0.00,0,0,0
76725,0.00,0,0,0,0,0.00,0,0,0
76775,0.00,0,0,0,0,0.00,0,0,0
76825,0.00,0,0,0,0,0.00,0,0,0
76875,0.00,0,0,0,0,0.00,0,0,0
76925,0.00,0,0,0,0,0.00,0,0,0
76975,0.00,0,0,0,0,0.00,0,0,0
77025,0.00,0,0,0,0,0.00,0,0,0
77075,0.00,0,0,0,0,0.00,0,0,0
77125,0.00,0,0,0,0,0.00,0,0,0
77175,0.00,0,0,0,0,0.00,0,0,0
77225,0.00,0,0,0,0,0.00,0,0,0
77275,0.00,0,0,0,0,0.00,0,0,0
77325,0.00,0,0,0,0,0.00,0,0,0
77375,0.00,0,0,0,0,0.00,0,0,0
77425,0.00,0,0,0,0,0.00,0,0,0
77475,0.00,0,0,0,0,0.00,0,0,0
77526,0.00,0,0,0,0,0.00,0,0,0
77576,0.00,0,0,0,0,0.00,0,0,0
77626,0.00,0,0,0,0,0.00,0,0,0
77676,0.00,0,0,0,0,0.00,0,0,0
77726,0.00,0,0,0,0,0.00,0,0,0
77776,0.00,0,0,0,0,0.00,0,0,0
77826,0.00,0,0,0,0,0.00,0,0,0
77876,0.00,0,0,0,0,0.00,0,0,0
77926,0.00,0,0,0,0,0.00,0,0,0
77976,0.00,0,0,0,0,0.00,0,0,0
78026,0.00,0,0,0,0,0.00,0,0,0
78076,0.00,0,0,0,0,0.00,0,0,0
78126,0.00,0,0,0,0,0.00,0,0,0
78176,0.00,0,0,0,0,0.00,0,0,0
78226,0.00,0,0,0,0,0.00,0,0,0
78276,0.00,0,0,0,0,0.00,0,0,0
78326,0.00,0,0,0,0,0.00,0,0,0
78376,0.00,0,0,0,0,0.00,0,0,0
78426,0.00,0,0,0,0,0.00,0,0,0
78476,0.00,0,0,0,0,0.00,0,0,0
78526,0.00,0,0,0,0,0.00,0,0,0
78576,0.00,0,0,0,0,0.00,0,0,0
78626,0.00,0,0,0,0,0.00,0,0,0
78676,0.00,0,0,0,0,0.00,0,0,0
78726,0.00,0,0,0,0,0.00,0,0,0
78776,0.00,0,0,0,0,0.00,0,0,0
78826,0.00,0,0,0,0,0.00,0,0,0
78876,0.00,0,0,0,0,0.00,0,0,0
78926,0.00,0,0,0,0,0.00,0,0,0
78976,0.00,0,0,0,0,0.00,0,0,0
79026,0.00,0,0,0,0,0.00,0,0,0
79076,0.00,0,0,0,0,0.00,0,0,0
79126,0.00,0,0,0,0,0.00,0,0,0
79176,0.00,0,0,0,0,0.00,0,0,0
79226,0.00,0,0,0,0,0.00,0,0,0
79276,0.00,0,0,0,0,0.00,0,0,0
79326,0.00,0,0,0,0,0.00,0,0,0
79376,0.00,0,0,0,0,0.00,0,0,0
79426,0.00,0,0,0,0,0.00,0,0,0
79476,0.00,0,0,0,0,0.00,0,0,0
79526,0.00,0,0,0,0,0.00,0,0,0
79576,0.00,0,0,0,0,0.00,0,0,0
79626,0.00,0,0,0,0,0.00,0,0,0
79676,0.00,0,0,0,0,0.00,0,0,0
79726,0.00,0,0,0,0,0.00,0,0,0
79776,0.00,0,0,0,0,0.00,0,0,0
79826,0.00,0,0,0,0,0.00,0,0,0
79876,0.00,0,0,0,0,0.00,0,0,0
79926,0.00,0,0,0,0,0.00,0,0,0
79976,0.00,0,0,0,0,0.00,0,0,0
80026,0.00,0,0,0,0,0.00,0,0,0
80076,0.00,0,0,0,0,0.00,0,0,0
80126,0.00,0,0,0,0,0.00,0,0,0
80176,0.00,0,0,0,0,0.00,0,0,0
80226,0.00,0,0,0,0,0.00,0,0,0
