No Throttle Input - No Load
Trial: 3
Date: 3-30-2023
Time: 12:32 PM
Ambient Temp: 71
Head Temp: 200.1

------ Microcontroller Engine Governor - Version: 1.16 ------
-------------------------------------------------------------
PID Gains:        Kp: 0.013000   Ki: 0.025000   Kd: 1.000000
-------------------------------------------------------------
Set RPM:             3600    |  Min RPM:                300
                             |
RPM Precision        10       |  PID I Precision:         70
                             |
Start Steps:         850     |  Max Steps:               1200
                             |
RPM Calc Interval:   1       |  Num Magnets:             1
                             |
LCD Update Interval: 400     |  Serial Update Interval:  50
-------------------------------------------------------------

Time,RPM,Steps Remaining, PID p, PID i, PID d, RPM Change, P Cmd, I Cmd, D Cmd
90,0.00,0,0,0,0,0.00,0,0,0
140,0.00,0,0,0,0,0.00,0,0,0
190,0.00,0,0,0,0,0.00,0,0,0
240,0.00,0,0,0,0,0.00,0,0,0
290,0.00,0,0,0,0,0.00,0,0,0
340,0.00,0,0,0,0,0.00,0,0,0
390,0.00,0,0,0,0,0.00,0,0,0
440,0.00,0,0,0,0,0.00,0,0,0
490,0.00,0,0,0,0,0.00,0,0,0
540,0.00,0,0,0,0,0.00,0,0,0
590,0.00,0,0,0,0,0.00,0,0,0
640,0.00,0,0,0,0,0.00,0,0,0
690,0.00,0,0,0,0,0.00,0,0,0
740,0.00,0,0,0,0,0.00,0,0,0
790,0.00,0,0,0,0,0.00,0,0,0
840,0.00,0,0,0,0,0.00,0,0,0
890,0.00,0,0,0,0,0.00,0,0,0
940,0.00,0,0,0,0,0.00,0,0,0
990,0.00,0,0,0,0,0.00,0,0,0
1040,0.00,0,0,0,0,0.00,0,0,0
1090,0.00,0,0,0,0,0.00,0,0,0
1140,0.00,0,0,0,0,0.00,0,0,0
1190,0.00,0,0,0,0,0.00,0,0,0
1240,0.00,0,0,0,0,0.00,0,0,0
1290,0.00,0,0,0,0,0.00,0,0,0
1340,0.00,0,0,0,0,0.00,0,0,0
1390,0.00,0,0,0,0,0.00,0,0,0
1440,0.00,0,0,0,0,0.00,0,0,0
1490,0.00,0,0,0,0,0.00,0,0,0
1540,0.00,0,0,0,0,0.00,0,0,0
1590,0.00,0,0,0,0,0.00,0,0,0
1640,0.00,0,0,0,0,0.00,0,0,0
1690,0.00,0,0,0,0,0.00,0,0,0
1740,0.00,0,0,0,0,0.00,0,0,0
1790,0.00,0,0,0,0,0.00,0,0,0
1840,0.00,0,0,0,0,0.00,0,0,0
1890,0.00,0,0,0,0,0.00,0,0,0
1940,0.00,0,0,0,0,0.00,0,0,0
1990,0.00,0,0,0,0,0.00,0,0,0
2040,0.00,0,0,0,0,0.00,0,0,0
2091,0.00,0,0,0,0,0.00,0,0,0
2141,0.00,0,0,0,0,0.00,0,0,0
2191,0.00,0,0,0,0,0.00,0,0,0
2241,0.00,0,0,0,0,0.00,0,0,0
2291,0.00,0,0,0,0,0.00,0,0,0
2341,0.00,0,0,0,0,0.00,0,0,0
2391,0.00,0,0,0,0,0.00,0,0,0
2441,0.00,0,0,0,0,0.00,0,0,0
2491,0.00,0,0,0,0,0.00,0,0,0
2541,0.00,0,0,0,0,0.00,0,0,0
2591,0.00,0,0,0,0,0.00,0,0,0
2641,0.00,0,0,0,0,0.00,0,0,0
2691,0.00,0,0,0,0,0.00,0,0,0
2741,0.00,0,0,0,0,0.00,0,0,0
2791,0.00,0,0,0,0,0.00,0,0,0
2841,0.00,0,0,0,0,0.00,0,0,0
2891,0.00,0,0,0,0,0.00,0,0,0
2941,0.00,0,0,0,0,0.00,0,0,0
2991,0.00,0,0,0,0,0.00,0,0,0
3041,0.00,0,0,0,0,0.00,0,0,0
3091,0.00,0,0,0,0,0.00,0,0,0
3141,0.00,0,0,0,0,0.00,0,0,0
3191,0.00,0,0,0,0,0.00,0,0,0
3241,0.00,0,0,0,0,0.00,0,0,0
3291,0.00,0,0,0,0,0.00,0,0,0
3341,0.00,0,0,0,0,0.00,0,0,0
3391,0.00,0,0,0,0,0.00,0,0,0
3441,0.00,0,0,0,0,0.00,0,0,0
3491,0.00,0,0,0,0,0.00,0,0,0
3542,0.00,0,0,0,0,0.00,0,0,0
3592,0.00,0,0,0,0,0.00,0,0,0
3642,0.00,0,0,0,0,0.00,0,0,0
3692,0.00,0,0,0,0,0.00,0,0,0
3742,0.00,0,0,0,0,0.00,0,0,0
3792,0.00,0,0,0,0,0.00,0,0,0
3842,0.00,0,0,0,0,0.00,0,0,0
3892,0.00,0,0,0,0,0.00,0,0,0
3942,0.00,0,0,0,0,0.00,0,0,0
3992,0.00,0,0,0,0,0.00,0,0,0
4042,0.00,0,0,0,0,0.00,0,0,0
4092,0.00,0,0,0,0,0.00,0,0,0
4142,0.00,0,0,0,0,0.00,0,0,0
4192,0.00,0,0,0,0,0.00,0,0,0
4242,0.00,0,0,0,0,0.00,0,0,0
4292,0.00,0,0,0,0,0.00,0,0,0
4342,0.00,0,0,0,0,0.00,0,0,0
4392,0.00,0,0,0,0,0.00,0,0,0
4442,0.00,0,0,0,0,0.00,0,0,0
4492,0.00,0,0,0,0,0.00,0,0,0
4542,0.00,0,0,0,0,0.00,0,0,0
4592,0.00,0,0,0,0,0.00,0,0,0
4642,0.00,0,0,0,0,0.00,0,0,0
4692,0.00,0,0,0,0,0.00,0,0,0
4742,0.00,0,0,0,0,0.00,0,0,0
4792,0.00,0,0,0,0,0.00,0,0,0
4842,0.00,0,0,0,0,0.00,0,0,0
4892,0.00,0,0,0,0,0.00,0,0,0
4942,0.00,0,0,0,0,0.00,0,0,0
4992,0.00,0,0,0,0,0.00,0,0,0
5042,0.00,0,0,0,0,0.00,0,0,0
5092,0.00,0,0,0,0,0.00,0,0,0
5142,0.00,0,0,0,0,0.00,0,0,0
5192,0.00,0,0,0,0,0.00,0,0,0
5242,0.00,0,0,0,0,0.00,0,0,0
5292,0.00,0,0,0,0,0.00,0,0,0
5342,0.00,0,0,0,0,0.00,0,0,0
5392,0.00,0,0,0,0,0.00,0,0,0
5442,0.00,0,0,0,0,0.00,0,0,0
5492,0.00,0,0,0,0,0.00,0,0,0
5542,0.00,0,0,0,0,0.00,0,0,0
5592,0.00,0,0,0,0,0.00,0,0,0
5642,0.00,0,0,0,0,0.00,0,0,0
5692,0.00,0,0,0,0,0.00,0,0,0
5742,0.00,0,0,0,0,0.00,0,0,0
5792,0.00,0,0,0,0,0.00,0,0,0
5842,0.00,0,0,0,0,0.00,0,0,0
5892,0.00,0,0,0,0,0.00,0,0,0
5942,0.00,0,0,0,0,0.00,0,0,0
5992,0.00,0,0,0,0,0.00,0,0,0
6042,0.00,0,0,0,0,0.00,0,0,0
6092,0.00,0,0,0,0,0.00,0,0,0
6142,0.00,0,0,0,0,0.00,0,0,0
6192,0.00,0,0,0,0,0.00,0,0,0
6242,0.00,0,0,0,0,0.00,0,0,0
6292,0.00,0,0,0,0,0.00,0,0,0
6342,0.00,0,0,0,0,0.00,0,0,0
6392,0.00,0,0,0,0,0.00,0,0,0
6443,0.00,0,0,0,0,0.00,0,0,0
6493,0.00,0,0,0,0,0.00,0,0,0
6543,0.00,0,0,0,0,0.00,0,0,0
6593,0.00,0,0,0,0,0.00,0,0,0
6643,0.00,0,0,0,0,0.00,0,0,0
6693,0.00,0,0,0,0,0.00,0,0,0
6743,0.00,0,0,0,0,0.00,0,0,0
6793,0.00,0,0,0,0,0.00,0,0,0
6843,0.00,0,0,0,0,0.00,0,0,0
6893,0.00,0,0,0,0,0.00,0,0,0
6943,0.00,0,0,0,0,0.00,0,0,0
6993,0.00,0,0,0,0,0.00,0,0,0
7043,0.00,0,0,0,0,0.00,0,0,0
7093,0.00,0,0,0,0,0.00,0,0,0
7143,0.00,0,0,0,0,0.00,0,0,0
7193,0.00,0,0,0,0,0.00,0,0,0
7243,0.00,0,0,0,0,0.00,0,0,0
7293,0.00,0,0,0,0,0.00,0,0,0
7343,0.00,0,0,0,0,0.00,0,0,0
7393,0.00,0,0,0,0,0.00,0,0,0
7443,0.00,0,0,0,0,0.00,0,0,0
7493,0.00,0,0,0,0,0.00,0,0,0
7543,0.00,0,0,0,0,0.00,0,0,0
7593,0.00,0,0,0,0,0.00,0,0,0
7643,0.00,0,0,0,0,0.00,0,0,0
7693,0.00,0,0,0,0,0.00,0,0,0
7743,0.00,0,0,0,0,0.00,0,0,0
7793,0.00,0,0,0,0,0.00,0,0,0
7843,0.00,0,0,0,0,0.00,0,0,0
7894,0.00,0,0,0,0,0.00,0,0,0
7944,0.00,0,0,0,0,0.00,0,0,0
7994,0.00,0,0,0,0,0.00,0,0,0
8044,0.00,0,0,0,0,0.00,0,0,0
8094,0.00,0,0,0,0,0.00,0,0,0
8144,0.00,0,0,0,0,0.00,0,0,0
8194,0.00,0,0,0,0,0.00,0,0,0
8244,0.00,0,0,0,0,0.00,0,0,0
8294,0.00,0,0,0,0,0.00,0,0,0
8344,0.00,0,0,0,0,0.00,0,0,0
8394,0.00,0,0,0,0,0.00,0,0,0
8444,0.00,0,0,0,0,0.00,0,0,0
8494,0.00,0,0,0,0,0.00,0,0,0
8544,0.00,0,0,0,0,0.00,0,0,0
8594,0.00,0,0,0,0,0.00,0,0,0
8644,0.00,0,0,0,0,0.00,0,0,0
8694,0.00,0,0,0,0,0.00,0,0,0
8744,0.00,0,0,0,0,0.00,0,0,0
8794,0.00,0,0,0,0,0.00,0,0,0
8844,0.00,0,0,0,0,0.00,0,0,0
8894,0.00,0,0,0,0,0.00,0,0,0
8944,0.00,0,0,0,0,0.00,0,0,0
8994,0.00,0,0,0,0,0.00,0,0,0
9044,0.00,0,0,0,0,0.00,0,0,0
9094,0.00,0,0,0,0,0.00,0,0,0
9144,0.00,0,0,0,0,0.00,0,0,0
9194,0.00,0,0,0,0,0.00,0,0,0
9244,0.00,0,0,0,0,0.00,0,0,0
9294,0.00,0,0,0,0,0.00,0,0,0
9344,0.00,0,0,0,0,0.00,0,0,0
9394,0.00,0,0,0,0,0.00,0,0,0
9444,0.00,0,0,0,0,0.00,0,0,0
9494,0.00,0,0,0,0,0.00,0,0,0
9544,0.00,0,0,0,0,0.00,0,0,0
9594,0.00,0,0,0,0,0.00,0,0,0
9644,0.00,0,0,0,0,0.00,0,0,0
9694,0.00,0,0,0,0,0.00,0,0,0
9744,0.00,0,0,0,0,0.00,0,0,0
9794,0.00,0,0,0,0,0.00,0,0,0
9844,0.00,0,0,0,0,0.00,0,0,0
9894,0.00,0,0,0,0,0.00,0,0,0
9944,0.00,0,0,0,0,0.00,0,0,0
9994,0.00,0,0,0,0,0.00,0,0,0
10044,0.00,0,0,0,0,0.00,0,0,0
10094,0.00,0,0,0,0,0.00,0,0,0
10144,0.00,0,0,0,0,0.00,0,0,0
10194,0.00,0,0,0,0,0.00,0,0,0
10244,0.00,0,0,0,0,0.00,0,0,0
10294,0.00,0,0,0,0,0.00,0,0,0
10344,inf,0,0,0,0,0.00,0,0,0
10394,inf,0,0,0,0,0.00,0,0,0
10444,543.34,0,0,0,0,0.00,0,0,0
10494,543.34,0,0,0,0,0.00,0,0,0
10544,673.85,0,0,0,0,0.00,0,0,0
10594,1117.40,0,0,0,0,0.00,0,0,0
10644,1127.40,0,0,0,0,0.00,0,0,0
10694,1514.08,0,0,0,0,0.00,0,0,0
10744,1751.31,0,0,0,0,0.00,0,0,0
10795,1762.63,0,0,0,0,0.00,0,0,0
10845,1979.15,0,0,0,0,0.00,0,0,0
10895,2145.62,0,0,0,0,0.00,0,0,0
10945,2278.60,0,0,0,0,0.00,0,0,0
10995,2500.83,0,0,0,0,0.00,0,0,0
11045,2469.54,0,0,0,0,0.00,0,0,0
11095,2533.78,0,0,0,0,0.00,0,0,0
11145,2616.43,0,0,0,0,0.00,0,0,0
11195,2699.78,0,0,0,0,0.00,0,0,0
11245,2776.24,0,0,0,0,0.00,0,0,0
11295,2929.69,0,0,0,0,0.00,0,0,0
11345,2977.37,0,0,0,0,0.00,0,0,0
11395,3005.41,0,0,0,0,0.00,0,0,0
11445,3033.98,0,0,0,0,0.00,0,0,0
11495,3153.91,0,0,0,0,0.00,0,0,0
11545,3154.57,0,0,0,0,0.00,0,0,0
11595,3186.07,0,0,0,0,0.00,0,0,0
11645,3275.11,0,0,0,0,0.00,0,0,0
11695,3240.44,0,0,0,0,0.00,0,0,0
11745,3275.11,0,0,0,0,0.00,0,0,0
11795,3334.82,0,0,0,0,0.00,0,0,0
11845,3326.68,0,0,0,0,0.00,0,0,0
11895,3336.30,0,0,0,0,0.00,0,0,0
11945,3371.54,0,0,0,0,0.00,0,0,0
11995,3365.49,0,0,0,0,0.00,0,0,0
12045,3387.53,0,0,0,0,0.00,0,0,0
12095,3379.90,0,0,0,0,0.00,0,0,0
12145,3443.53,0,0,0,0,0.00,0,0,0
12195,3424.66,0,0,0,0,0.00,0,0,0
12246,3424.66,0,0,0,0,0.00,0,0,0
12296,3457.02,0,0,0,0,0.00,0,0,0
12346,3442.74,0,0,0,0,0.00,0,0,0
12396,3443.53,0,0,0,0,0.00,0,0,0
12446,3453.04,0,0,0,0,0.00,0,0,0
12496,3499.77,0,0,0,0,0.00,0,0,0
12546,3424.66,0,0,0,0,0.00,0,0,0
12596,3499.77,0,0,0,0,0.00,0,0,0
12646,3481.09,0,0,0,0,0.00,0,0,0
12696,3447.48,0,0,0,0,0.00,0,0,0
12746,3481.89,0,0,0,0,0.00,0,0,0
12796,3471.42,0,0,0,0,0.00,0,0,0
12846,3499.77,0,0,0,0,0.00,0,0,0
12896,3490.00,0,0,0,0,0.00,0,0,0
12946,3539.41,0,0,0,0,0.00,0,0,0
12996,3539.41,0,0,0,0,0.00,0,0,0
13046,3567.18,0,0,0,0,0.00,0,0,0
13096,3558.72,0,0,0,0,0.00,0,0,0
13146,3557.03,0,0,0,0,0.00,0,0,0
13196,3558.72,0,0,0,0,0.00,0,0,0
13246,3567.18,0,0,0,0,0.00,0,0,0
13296,3577.39,0,0,0,0,0.00,0,0,0
13346,3608.37,0,0,0,0,0.00,0,0,0
13396,3603.17,0,0,0,0,0.00,0,0,0
13446,3612.72,0,0,0,0,0.00,0,0,0
13496,3592.81,0,0,0,0,0.00,0,0,0
13546,3643.43,0,0,0,0,0.00,0,0,0
13596,3632.84,0,0,0,0,0.00,0,0,0
13646,3644.31,0,0,0,0,0.00,0,0,0
13696,3581.66,0,0,0,0,0.00,0,0,0
13746,3631.08,0,0,0,0,0.00,0,0,0
13796,3574.83,0,0,0,0,0.00,0,0,0
13846,3623.19,0,0,0,0,0.00,0,0,0
13896,3583.37,0,0,0,0,0.00,0,0,0
13946,3617.07,0,0,0,0,0.00,0,0,0
13996,3591.95,0,0,0,0,0.00,0,0,0
14046,3643.43,0,0,0,0,0.00,0,0,0
14096,3613.59,0,0,0,0,0.00,0,0,0
14146,3654.08,0,0,0,0,0.00,0,0,0
14196,3634.60,0,0,0,0,0.00,0,0,0
14246,3664.79,0,0,0,0,0.00,0,0,0
14296,3624.06,0,0,0,0,0.00,0,0,0
14346,3643.43,0,0,0,0,0.00,0,0,0
14396,3623.19,0,0,0,0,0.00,0,0,0
14446,3665.69,0,0,0,0,0.00,0,0,0
14496,3654.97,0,0,0,0,0.00,0,0,0
14546,3673.77,0,0,0,0,0.00,0,0,0
14596,3654.08,0,0,0,0,0.00,0,0,0
14646,3676.47,0,0,0,0,0.00,0,0,0
14696,3675.57,0,0,0,0,0.00,0,0,0
14746,3686.41,0,0,0,0,0.00,0,0,0
14796,3664.79,0,0,0,0,0.00,0,0,0
14846,3664.79,0,0,0,0,0.00,0,0,0
14896,3664.79,0,0,0,0,0.00,0,0,0
14946,3683.69,0,0,0,0,0.00,0,0,0
14996,3664.79,0,0,0,0,0.00,0,0,0
15046,3675.57,0,0,0,0,0.00,0,0,0
15096,3664.79,0,0,0,0,0.00,0,0,0
15147,3696.40,0,0,0,0,0.00,0,0,0
15197,3696.40,0,0,0,0,0.00,0,0,0
15247,3633.72,0,0,0,0,0.00,0,0,0
15297,3687.32,0,0,0,0,0.00,0,0,0
15347,3631.08,0,0,0,0,0.00,0,0,0
15397,3675.57,0,0,0,0,0.00,0,0,0
15447,3665.69,0,0,0,0,0.00,0,0,0
15497,3633.72,0,0,0,0,0.00,0,0,0
15547,3633.72,0,0,0,0,0.00,0,0,0
15597,3675.57,0,0,0,0,0.00,0,0,0
15647,3654.97,0,0,0,0,0.00,0,0,0
15697,3696.40,0,0,0,0,0.00,0,0,0
15747,3652.30,0,0,0,0,0.00,0,0,0
15797,3697.31,0,0,0,0,0.00,0,0,0
15847,3685.50,0,0,0,0,0.00,0,0,0
15897,3708.28,0,0,0,0,0.00,0,0,0
15947,3634.60,0,0,0,0,0.00,0,0,0
15997,3685.50,0,0,0,0,0.00,0,0,0
16047,3676.47,0,0,0,0,0.00,0,0,0
16097,3654.97,0,0,0,0,0.00,0,0,0
16147,3654.08,0,0,0,0,0.00,0,0,0
16197,3685.50,0,0,0,0,0.00,0,0,0
16247,3708.28,0,0,0,0,0.00,0,0,0
16297,3665.69,0,0,0,0,0.00,0,0,0
16347,3686.41,0,0,0,0,0.00,0,0,0
16397,3675.57,0,0,0,0,0.00,0,0,0
16447,3696.40,0,0,0,0,0.00,0,0,0
16497,3697.31,0,0,0,0,0.00,0,0,0
16547,3643.43,0,0,0,0,0.00,0,0,0
16598,3654.08,0,0,0,0,0.00,0,0,0
16648,3686.41,0,0,0,0,0.00,0,0,0
16698,3644.31,0,0,0,0,0.00,0,0,0
16748,3665.69,0,0,0,0,0.00,0,0,0
16798,3654.97,0,0,0,0,0.00,0,0,0
16848,3696.40,0,0,0,0,0.00,0,0,0
16898,3686.41,0,0,0,0,0.00,0,0,0
16948,3718.39,0,0,0,0,0.00,0,0,0
16998,3686.41,0,0,0,0,0.00,0,0,0
17048,3686.41,0,0,0,0,0.00,0,0,0
17098,3675.57,0,0,0,0,0.00,0,0,0
17148,3664.79,0,0,0,0,0.00,0,0,0
17198,3654.97,0,0,0,0,0.00,0,0,0
17248,3654.08,0,0,0,0,0.00,0,0,0
17298,3685.50,0,0,0,0,0.00,0,0,0
17348,3677.37,0,0,0,0,0.00,0,0,0
17398,3707.36,0,0,0,0,0.00,0,0,0
17448,3686.41,0,0,0,0,0.00,0,0,0
17498,3718.39,0,0,0,0,0.00,0,0,0
17548,3664.79,0,0,0,0,0.00,0,0,0
17598,3696.40,0,0,0,0,0.00,0,0,0
17648,3675.57,0,0,0,0,0.00,0,0,0
17698,3654.97,0,0,0,0,0.00,0,0,0
17748,3654.97,0,0,0,0,0.00,0,0,0
17798,3686.41,0,0,0,0,0.00,0,0,0
17848,3654.97,0,0,0,0,0.00,0,0,0
17898,3697.31,0,0,0,0,0.00,0,0,0
17948,3686.41,0,0,0,0,0.00,0,0,0
17998,3654.97,0,0,0,0,0.00,0,0,0
18048,3697.31,0,0,0,0,0.00,0,0,0
18098,3654.08,0,0,0,0,0.00,0,0,0
18148,3664.79,0,0,0,0,0.00,0,0,0
18198,3644.31,0,0,0,0,0.00,0,0,0
18248,3675.57,0,0,0,0,0.00,0,0,0
18298,3654.97,0,0,0,0,0.00,0,0,0
18348,3707.36,0,0,0,0,0.00,0,0,0
18398,3633.72,0,0,0,0,0.00,0,0,0
18448,3675.57,0,0,0,0,0.00,0,0,0
18498,3644.31,0,0,0,0,0.00,0,0,0
18548,3654.97,0,0,0,0,0.00,0,0,0
18598,3644.31,0,0,0,0,0.00,0,0,0
18648,3686.41,0,0,0,0,0.00,0,0,0
18698,3654.97,0,0,0,0,0.00,0,0,0
18748,3696.40,0,0,0,0,0.00,0,0,0
18798,3685.50,0,0,0,0,0.00,0,0,0
18848,3675.57,0,0,0,0,0.00,0,0,0
18898,3675.57,0,0,0,0,0.00,0,0,0
18948,3707.36,0,0,0,0,0.00,0,0,0
18998,3654.97,0,0,0,0,0.00,0,0,0
19048,3675.57,0,0,0,0,0.00,0,0,0
19098,3696.40,0,0,0,0,0.00,0,0,0
19148,3675.57,0,0,0,0,0.00,0,0,0
19198,3664.79,0,0,0,0,0.00,0,0,0
19248,3654.97,0,0,0,0,0.00,0,0,0
19298,3675.57,0,0,0,0,0.00,0,0,0
19348,3644.31,0,0,0,0,0.00,0,0,0
19398,3697.31,0,0,0,0,0.00,0,0,0
19448,3654.08,0,0,0,0,0.00,0,0,0
19499,3685.50,0,0,0,0,0.00,0,0,0
19549,3643.43,0,0,0,0,0.00,0,0,0
19599,3675.57,0,0,0,0,0.00,0,0,0
19649,3654.08,0,0,0,0,0.00,0,0,0
19699,3698.22,0,0,0,0,0.00,0,0,0
19749,3654.97,0,0,0,0,0.00,0,0,0
19799,3725.78,0,0,0,0,0.00,0,0,0
19849,3686.41,0,0,0,0,0.00,0,0,0
19899,3707.36,0,0,0,0,0.00,0,0,0
19949,3720.24,0,0,0,0,0.00,0,0,0
19999,3644.31,0,0,0,0,0.00,0,0,0
20049,3696.40,0,0,0,0,0.00,0,0,0
20099,3685.50,0,0,0,0,0.00,0,0,0
20149,3718.39,0,0,0,0,0.00,0,0,0
20199,3687.32,0,0,0,0,0.00,0,0,0
20249,3685.50,0,0,0,0,0.00,0,0,0
20299,3654.97,0,0,0,0,0.00,0,0,0
20349,3674.67,0,0,0,0,0.00,0,0,0
20399,3665.69,0,0,0,0,0.00,0,0,0
20449,3707.36,0,0,0,0,0.00,0,0,0
20499,3696.40,0,0,0,0,0.00,0,0,0
20549,3697.31,0,0,0,0,0.00,0,0,0
20599,3684.60,0,0,0,0,0.00,0,0,0
20649,3697.31,0,0,0,0,0.00,0,0,0
20699,3688.22,0,0,0,0,0.00,0,0,0
20749,3707.36,0,0,0,0,0.00,0,0,0
20799,3709.20,0,0,0,0,0.00,0,0,0
20849,3696.40,0,0,0,0,0.00,0,0,0
20899,3719.32,0,0,0,0,0.00,0,0,0
20950,3707.36,0,0,0,0,0.00,0,0,0
21000,3697.31,0,0,0,0,0.00,0,0,0
21050,3686.41,0,0,0,0,0.00,0,0,0
21100,3717.47,0,0,0,0,0.00,0,0,0
21150,3707.36,0,0,0,0,0.00,0,0,0
21200,3752.81,0,0,0,0,0.00,0,0,0
21250,3686.41,0,0,0,0,0.00,0,0,0
21300,3696.40,0,0,0,0,0.00,0,0,0
21350,3739.72,0,0,0,0,0.00,0,0,0
21400,3780.24,0,0,0,0,0.00,0,0,0
21450,3718.39,0,0,0,0,0.00,0,0,0
21500,3687.32,0,0,0,0,0.00,0,0,0
21550,3708.28,0,0,0,0,0.00,0,0,0
21600,3696.40,0,0,0,0,0.00,0,0,0
21650,3739.72,0,0,0,0,0.00,0,0,0
21700,3698.22,0,0,0,0,0.00,0,0,0
21750,3698.22,0,0,0,0,0.00,0,0,0
21800,3684.60,0,0,0,0,0.00,0,0,0
21850,3729.49,0,0,0,0,0.00,0,0,0
21900,3718.39,0,0,0,0,0.00,0,0,0
21950,3707.36,0,0,0,0,0.00,0,0,0
22000,3740.65,0,0,0,0,0.00,0,0,0
22050,3675.57,0,0,0,0,0.00,0,0,0
22100,3740.65,0,0,0,0,0.00,0,0,0
22150,3707.36,0,0,0,0,0.00,0,0,0
22200,3738.78,0,0,0,0,0.00,0,0,0
22250,3718.39,0,0,0,0,0.00,0,0,0
22300,3750.94,0,0,0,0,0.00,0,0,0
22350,3720.24,0,0,0,0,0.00,0,0,0
22400,3729.49,0,0,0,0,0.00,0,0,0
22450,3707.36,0,0,0,0,0.00,0,0,0
22500,3697.31,0,0,0,0,0.00,0,0,0
22550,3686.41,0,0,0,0,0.00,0,0,0
22600,3674.67,0,0,0,0,0.00,0,0,0
22650,3718.39,0,0,0,0,0.00,0,0,0
22700,3696.40,0,0,0,0,0.00,0,0,0
22750,3739.72,0,0,0,0,0.00,0,0,0
22800,3730.42,0,0,0,0,0.00,0,0,0
22850,3751.88,0,0,0,0,0.00,0,0,0
22900,3707.36,0,0,0,0,0.00,0,0,0
22950,3718.39,0,0,0,0,0.00,0,0,0
23000,3675.57,0,0,0,0,0.00,0,0,0
23050,3718.39,0,0,0,0,0.00,0,0,0
23100,3707.36,0,0,0,0,0.00,0,0,0
23150,3707.36,0,0,0,0,0.00,0,0,0
23200,3752.81,0,0,0,0,0.00,0,0,0
23250,3730.42,0,0,0,0,0.00,0,0,0
23300,3750.94,0,0,0,0,0.00,0,0,0
23350,3750.94,0,0,0,0,0.00,0,0,0
23400,3785.97,0,0,0,0,0.00,0,0,0
23450,3773.58,0,0,0,0,0.00,0,0,0
23500,3806.14,0,0,0,0,0.00,0,0,0
23550,3772.64,0,0,0,0,0.00,0,0,0
23600,3739.72,0,0,0,0,0.00,0,0,0
23650,3751.88,0,0,0,0,0.00,0,0,0
23700,3730.42,0,0,0,0,0.00,0,0,0
23750,3761.28,0,0,0,0,0.00,0,0,0
23800,3739.72,0,0,0,0,0.00,0,0,0
23851,3784.06,0,0,0,0,0.00,0,0,0
23901,3718.39,0,0,0,0,0.00,0,0,0
23951,3750.94,0,0,0,0,0.00,0,0,0
24001,3761.28,0,0,0,0,0.00,0,0,0
24051,3728.56,0,0,0,0,0.00,0,0,0
24101,3761.28,0,0,0,0,0.00,0,0,0
24151,3698.22,0,0,0,0,0.00,0,0,0
24201,3717.47,0,0,0,0,0.00,0,0,0
24251,3709.20,0,0,0,0,0.00,0,0,0
24301,3717.47,0,0,0,0,0.00,0,0,0
24351,3698.22,0,0,0,0,0.00,0,0,0
24401,3739.72,0,0,0,0,0.00,0,0,0
24451,3728.56,0,0,0,0,0.00,0,0,0
24501,3729.49,0,0,0,0,0.00,0,0,0
24551,3741.58,0,0,0,0,0.00,0,0,0
24601,3696.40,0,0,0,0,0.00,0,0,0
24651,3729.49,0,0,0,0,0.00,0,0,0
24701,3718.39,0,0,0,0,0.00,0,0,0
24751,3718.39,0,0,0,0,0.00,0,0,0
24801,3709.20,0,0,0,0,0.00,0,0,0
24851,3728.56,0,0,0,0,0.00,0,0,0
24901,3718.39,0,0,0,0,0.00,0,0,0
24951,3707.36,0,0,0,0,0.00,0,0,0
25001,3675.57,0,0,0,0,0.00,0,0,0
25051,3718.39,0,0,0,0,0.00,0,0,0
25101,3709.20,0,0,0,0,0.00,0,0,0
25151,3644.31,0,0,0,0,0.00,0,0,0
25201,3685.50,0,0,0,0,0.00,0,0,0
25251,3654.08,0,0,0,0,0.00,0,0,0
25302,3686.41,0,0,0,0,0.00,0,0,0
25352,3675.57,0,0,0,0,0.00,0,0,0
25402,3664.79,0,0,0,0,0.00,0,0,0
25452,3654.08,0,0,0,0,0.00,0,0,0
25502,3707.36,0,0,0,0,0.00,0,0,0
25552,3688.22,0,0,0,0,0.00,0,0,0
25602,3707.36,0,0,0,0,0.00,0,0,0
25652,3664.79,0,0,0,0,0.00,0,0,0
25702,3697.31,0,0,0,0,0.00,0,0,0
25752,3675.57,0,0,0,0,0.00,0,0,0
25802,3697.31,0,0,0,0,0.00,0,0,0
25852,3675.57,0,0,0,0,0.00,0,0,0
25902,3686.41,0,0,0,0,0.00,0,0,0
25952,3708.28,0,0,0,0,0.00,0,0,0
26002,3665.69,0,0,0,0,0.00,0,0,0
26052,3709.20,0,0,0,0,0.00,0,0,0
26102,3675.57,0,0,0,0,0.00,0,0,0
26152,3707.36,0,0,0,0,0.00,0,0,0
26202,3698.22,0,0,0,0,0.00,0,0,0
26252,3728.56,0,0,0,0,0.00,0,0,0
26302,3697.31,0,0,0,0,0.00,0,0,0
26352,3729.49,0,0,0,0,0.00,0,0,0
26402,3696.40,0,0,0,0,0.00,0,0,0
26452,3707.36,0,0,0,0,0.00,0,0,0
26502,3685.50,0,0,0,0,0.00,0,0,0
26552,3687.32,0,0,0,0,0.00,0,0,0
26602,3728.56,0,0,0,0,0.00,0,0,0
26652,3697.31,0,0,0,0,0.00,0,0,0
26702,3719.32,0,0,0,0,0.00,0,0,0
26752,3686.41,0,0,0,0,0.00,0,0,0
26802,3718.39,0,0,0,0,0.00,0,0,0
26852,3687.32,0,0,0,0,0.00,0,0,0
26902,3729.49,0,0,0,0,0.00,0,0,0
26952,3708.28,0,0,0,0,0.00,0,0,0
27002,3728.56,0,0,0,0,0.00,0,0,0
27052,3716.55,0,0,0,0,0.00,0,0,0
27102,3751.88,0,0,0,0,0.00,0,0,0
27152,3741.58,0,0,0,0,0.00,0,0,0
27202,3740.65,0,0,0,0,0.00,0,0,0
27252,3739.72,0,0,0,0,0.00,0,0,0
27302,3665.69,0,0,0,0,0.00,0,0,0
27352,3718.39,0,0,0,0,0.00,0,0,0
27402,3654.97,0,0,0,0,0.00,0,0,0
27452,3685.50,0,0,0,0,0.00,0,0,0
27502,3675.57,0,0,0,0,0.00,0,0,0
27552,3717.47,0,0,0,0,0.00,0,0,0
27602,3707.36,0,0,0,0,0.00,0,0,0
27652,3740.65,0,0,0,0,0.00,0,0,0
27702,3707.36,0,0,0,0,0.00,0,0,0
27752,3741.58,0,0,0,0,0.00,0,0,0
27802,3707.36,0,0,0,0,0.00,0,0,0
27852,3707.36,0,0,0,0,0.00,0,0,0
27902,3741.58,0,0,0,0,0.00,0,0,0
27952,3718.39,0,0,0,0,0.00,0,0,0
28002,3750.94,0,0,0,0,0.00,0,0,0
28052,3708.28,0,0,0,0,0.00,0,0,0
28102,3752.81,0,0,0,0,0.00,0,0,0
28152,3728.56,0,0,0,0,0.00,0,0,0
28203,3707.36,0,0,0,0,0.00,0,0,0
28253,3705.53,0,0,0,0,0.00,0,0,0
28303,3750.94,0,0,0,0,0.00,0,0,0
28353,3729.49,0,0,0,0,0.00,0,0,0
28403,3698.22,0,0,0,0,0.00,0,0,0
28453,3698.22,0,0,0,0,0.00,0,0,0
28503,3675.57,0,0,0,0,0.00,0,0,0
28553,3675.57,0,0,0,0,0.00,0,0,0
28603,3675.57,0,0,0,0,0.00,0,0,0
28653,3683.69,0,0,0,0,0.00,0,0,0
28703,3675.57,0,0,0,0,0.00,0,0,0
28753,3708.28,0,0,0,0,0.00,0,0,0
28803,3686.41,0,0,0,0,0.00,0,0,0
28853,3718.39,0,0,0,0,0.00,0,0,0
28903,3675.57,0,0,0,0,0.00,0,0,0
28953,3687.32,0,0,0,0,0.00,0,0,0
29003,3654.97,0,0,0,0,0.00,0,0,0
29053,3672.87,0,0,0,0,0.00,0,0,0
29103,3707.36,0,0,0,0,0.00,0,0,0
29153,3654.08,0,0,0,0,0.00,0,0,0
29203,3685.50,0,0,0,0,0.00,0,0,0
29253,3654.97,0,0,0,0,0.00,0,0,0
29303,3697.31,0,0,0,0,0.00,0,0,0
29353,3686.41,0,0,0,0,0.00,0,0,0
29403,3685.50,0,0,0,0,0.00,0,0,0
29453,3673.77,0,0,0,0,0.00,0,0,0
29503,3687.32,0,0,0,0,0.00,0,0,0
29553,3677.37,0,0,0,0,0.00,0,0,0
29603,3717.47,0,0,0,0,0.00,0,0,0
29654,3697.31,0,0,0,0,0.00,0,0,0
29704,3730.42,0,0,0,0,0.00,0,0,0
29754,3696.40,0,0,0,0,0.00,0,0,0
29804,3707.36,0,0,0,0,0.00,0,0,0
29854,3718.39,0,0,0,0,0.00,0,0,0
29904,3696.40,0,0,0,0,0.00,0,0,0
29954,3707.36,0,0,0,0,0.00,0,0,0
30004,3686.41,0,0,0,0,0.00,0,0,0
30054,3718.39,0,0,0,0,0.00,0,0,0
30104,3654.97,0,0,0,0,0.00,0,0,0
30154,3696.40,0,0,0,0,0.00,0,0,0
30204,3675.57,0,0,0,0,0.00,0,0,0
30254,3644.31,0,0,0,0,0.00,0,0,0
30304,3632.84,0,0,0,0,0.00,0,0,0
30354,3675.57,0,0,0,0,0.00,0,0,0
30404,3654.08,0,0,0,0,0.00,0,0,0
30454,3644.31,0,0,0,0,0.00,0,0,0
30504,3632.84,0,0,0,0,0.00,0,0,0
30554,3675.57,0,0,0,0,0.00,0,0,0
30604,3664.79,0,0,0,0,0.00,0,0,0
30654,3664.79,0,0,0,0,0.00,0,0,0
30704,3644.31,0,0,0,0,0.00,0,0,0
30754,3654.97,0,0,0,0,0.00,0,0,0
30804,3631.96,0,0,0,0,0.00,0,0,0
30854,3633.72,0,0,0,0,0.00,0,0,0
30904,3676.47,0,0,0,0,0.00,0,0,0
30954,3675.57,0,0,0,0,0.00,0,0,0
31004,3664.79,0,0,0,0,0.00,0,0,0
31054,3645.20,0,0,0,0,0.00,0,0,0
31104,3696.40,0,0,0,0,0.00,0,0,0
31154,3665.69,0,0,0,0,0.00,0,0,0
31204,3685.50,0,0,0,0,0.00,0,0,0
31254,3665.69,0,0,0,0,0.00,0,0,0
31304,3696.40,0,0,0,0,0.00,0,0,0
31354,3664.79,0,0,0,0,0.00,0,0,0
31404,3696.40,0,0,0,0,0.00,0,0,0
31454,3675.57,0,0,0,0,0.00,0,0,0
31504,3685.50,0,0,0,0,0.00,0,0,0
31554,3664.79,0,0,0,0,0.00,0,0,0
31604,3708.28,0,0,0,0,0.00,0,0,0
31654,3686.41,0,0,0,0,0.00,0,0,0
31704,3729.49,0,0,0,0,0.00,0,0,0
31754,3709.20,0,0,0,0,0.00,0,0,0
31804,3696.40,0,0,0,0,0.00,0,0,0
31854,3675.57,0,0,0,0,0.00,0,0,0
31904,3664.79,0,0,0,0,0.00,0,0,0
31954,3707.36,0,0,0,0,0.00,0,0,0
32004,3697.31,0,0,0,0,0.00,0,0,0
32054,3718.39,0,0,0,0,0.00,0,0,0
32104,3707.36,0,0,0,0,0.00,0,0,0
32154,3718.39,0,0,0,0,0.00,0,0,0
32204,3707.36,0,0,0,0,0.00,0,0,0
32254,3729.49,0,0,0,0,0.00,0,0,0
32304,3707.36,0,0,0,0,0.00,0,0,0
32354,3718.39,0,0,0,0,0.00,0,0,0
32404,3739.72,0,0,0,0,0.00,0,0,0
32454,3686.41,0,0,0,0,0.00,0,0,0
32504,3739.72,0,0,0,0,0.00,0,0,0
32555,3686.41,0,0,0,0,0.00,0,0,0
32605,3709.20,0,0,0,0,0.00,0,0,0
32655,3696.40,0,0,0,0,0.00,0,0,0
32705,3719.32,0,0,0,0,0.00,0,0,0
32755,3685.50,0,0,0,0,0.00,0,0,0
32805,3750.94,0,0,0,0,0.00,0,0,0
32855,3675.57,0,0,0,0,0.00,0,0,0
32905,3707.36,0,0,0,0,0.00,0,0,0
32955,3696.40,0,0,0,0,0.00,0,0,0
33005,3707.36,0,0,0,0,0.00,0,0,0
33055,3741.58,0,0,0,0,0.00,0,0,0
33105,3708.28,0,0,0,0,0.00,0,0,0
33155,3750.94,0,0,0,0,0.00,0,0,0
33205,3707.36,0,0,0,0,0.00,0,0,0
33255,3751.88,0,0,0,0,0.00,0,0,0
33305,3728.56,0,0,0,0,0.00,0,0,0
33355,3772.64,0,0,0,0,0.00,0,0,0
33405,3751.88,0,0,0,0,0.00,0,0,0
33455,3718.39,0,0,0,0,0.00,0,0,0
33505,3739.72,0,0,0,0,0.00,0,0,0
33555,3675.57,0,0,0,0,0.00,0,0,0
33605,3687.32,0,0,0,0,0.00,0,0,0
33655,3675.57,0,0,0,0,0.00,0,0,0
33705,3696.40,0,0,0,0,0.00,0,0,0
33755,3664.79,0,0,0,0,0.00,0,0,0
33805,3708.28,0,0,0,0,0.00,0,0,0
33855,3685.50,0,0,0,0,0.00,0,0,0
33905,3728.56,0,0,0,0,0.00,0,0,0
33955,3707.36,0,0,0,0,0.00,0,0,0
34006,3728.56,0,0,0,0,0.00,0,0,0
34056,3707.36,0,0,0,0,0.00,0,0,0
34106,3697.31,0,0,0,0,0.00,0,0,0
34156,3718.39,0,0,0,0,0.00,0,0,0
34206,3696.40,0,0,0,0,0.00,0,0,0
34256,3719.32,0,0,0,0,0.00,0,0,0
34306,3782.15,0,0,0,0,0.00,0,0,0
34356,3720.24,0,0,0,0,0.00,0,0,0
34406,3697.31,0,0,0,0,0.00,0,0,0
34456,3697.31,0,0,0,0,0.00,0,0,0
34506,3687.32,0,0,0,0,0.00,0,0,0
34556,3718.39,0,0,0,0,0.00,0,0,0
34606,3707.36,0,0,0,0,0.00,0,0,0
34656,3708.28,0,0,0,0,0.00,0,0,0
34706,3684.60,0,0,0,0,0.00,0,0,0
34756,3709.20,0,0,0,0,0.00,0,0,0
34806,3728.56,0,0,0,0,0.00,0,0,0
34856,3707.36,0,0,0,0,0.00,0,0,0
34906,3741.58,0,0,0,0,0.00,0,0,0
34956,3729.49,0,0,0,0,0.00,0,0,0
35006,3739.72,0,0,0,0,0.00,0,0,0
35056,3740.65,0,0,0,0,0.00,0,0,0
35106,3716.55,0,0,0,0,0.00,0,0,0
35156,3707.36,0,0,0,0,0.00,0,0,0
35206,3730.42,0,0,0,0,0.00,0,0,0
35256,3697.31,0,0,0,0,0.00,0,0,0
35306,3741.58,0,0,0,0,0.00,0,0,0
35356,3729.49,0,0,0,0,0.00,0,0,0
35406,3718.39,0,0,0,0,0.00,0,0,0
35456,3709.20,0,0,0,0,0.00,0,0,0
35506,3695.49,0,0,0,0,0.00,0,0,0
35556,3708.28,0,0,0,0,0.00,0,0,0
35606,3675.57,0,0,0,0,0.00,0,0,0
35656,3708.28,0,0,0,0,0.00,0,0,0
35706,3686.41,0,0,0,0,0.00,0,0,0
35756,3719.32,0,0,0,0,0.00,0,0,0
35806,3707.36,0,0,0,0,0.00,0,0,0
35856,3707.36,0,0,0,0,0.00,0,0,0
35906,3707.36,0,0,0,0,0.00,0,0,0
35956,3707.36,0,0,0,0,0.00,0,0,0
36006,3741.58,0,0,0,0,0.00,0,0,0
36056,3696.40,0,0,0,0,0.00,0,0,0
36106,3740.65,0,0,0,0,0.00,0,0,0
36156,3696.40,0,0,0,0,0.00,0,0,0
36206,3707.36,0,0,0,0,0.00,0,0,0
36256,3686.41,0,0,0,0,0.00,0,0,0
36306,3707.36,0,0,0,0,0.00,0,0,0
36356,3698.22,0,0,0,0,0.00,0,0,0
36406,3707.36,0,0,0,0,0.00,0,0,0
36456,3696.40,0,0,0,0,0.00,0,0,0
36506,3707.36,0,0,0,0,0.00,0,0,0
36556,3686.41,0,0,0,0,0.00,0,0,0
36606,3720.24,0,0,0,0,0.00,0,0,0
36656,3739.72,0,0,0,0,0.00,0,0,0
36706,3662.11,0,0,0,0,0.00,0,0,0
36756,3707.36,0,0,0,0,0.00,0,0,0
36806,3686.41,0,0,0,0,0.00,0,0,0
36856,3719.32,0,0,0,0,0.00,0,0,0
36907,3707.36,0,0,0,0,0.00,0,0,0
36957,3728.56,0,0,0,0,0.00,0,0,0
37007,3707.36,0,0,0,0,0.00,0,0,0
37057,3696.40,0,0,0,0,0.00,0,0,0
37107,3675.57,0,0,0,0,0.00,0,0,0
37157,3709.20,0,0,0,0,0.00,0,0,0
37207,3686.41,0,0,0,0,0.00,0,0,0
37257,3708.28,0,0,0,0,0.00,0,0,0
37307,3750.94,0,0,0,0,0.00,0,0,0
37357,3729.49,0,0,0,0,0.00,0,0,0
37407,3762.23,0,0,0,0,0.00,0,0,0
37457,3685.50,0,0,0,0,0.00,0,0,0
37507,3697.31,0,0,0,0,0.00,0,0,0
37557,3686.41,0,0,0,0,0.00,0,0,0
37607,3707.36,0,0,0,0,0.00,0,0,0
37657,3687.32,0,0,0,0,0.00,0,0,0
37707,3729.49,0,0,0,0,0.00,0,0,0
37757,3709.20,0,0,0,0,0.00,0,0,0
37807,3718.39,0,0,0,0,0.00,0,0,0
37857,3750.94,0,0,0,0,0.00,0,0,0
37907,3696.40,0,0,0,0,0.00,0,0,0
37957,3685.50,0,0,0,0,0.00,0,0,0
38007,3633.72,0,0,0,0,0.00,0,0,0
38057,3675.57,0,0,0,0,0.00,0,0,0
38107,3665.69,0,0,0,0,0.00,0,0,0
38157,3665.69,0,0,0,0,0.00,0,0,0
38207,3644.31,0,0,0,0,0.00,0,0,0
38257,3685.50,0,0,0,0,0.00,0,0,0
38307,3675.57,0,0,0,0,0.00,0,0,0
38358,3718.39,0,0,0,0,0.00,0,0,0
38408,3699.14,0,0,0,0,0.00,0,0,0
38458,3698.22,0,0,0,0,0.00,0,0,0
38508,3675.57,0,0,0,0,0.00,0,0,0
38558,3707.36,0,0,0,0,0.00,0,0,0
38608,3709.20,0,0,0,0,0.00,0,0,0
38658,3685.50,0,0,0,0,0.00,0,0,0
38708,3718.39,0,0,0,0,0.00,0,0,0
38758,3707.36,0,0,0,0,0.00,0,0,0
38808,3751.88,0,0,0,0,0.00,0,0,0
38858,3708.28,0,0,0,0,0.00,0,0,0
38908,3688.22,0,0,0,0,0.00,0,0,0
38958,3686.41,0,0,0,0,0.00,0,0,0
39008,3665.69,0,0,0,0,0.00,0,0,0
39058,3654.97,0,0,0,0,0.00,0,0,0
39108,3675.57,0,0,0,0,0.00,0,0,0
39158,3654.97,0,0,0,0,0.00,0,0,0
39208,3686.41,0,0,0,0,0.00,0,0,0
39258,3675.57,0,0,0,0,0.00,0,0,0
39308,3707.36,0,0,0,0,0.00,0,0,0
39358,3719.32,0,0,0,0,0.00,0,0,0
39408,3697.31,0,0,0,0,0.00,0,0,0
39458,3707.36,0,0,0,0,0.00,0,0,0
39508,3654.97,0,0,0,0,0.00,0,0,0
39558,3707.36,0,0,0,0,0.00,0,0,0
39608,3675.57,0,0,0,0,0.00,0,0,0
39658,3718.39,0,0,0,0,0.00,0,0,0
39708,3697.31,0,0,0,0,0.00,0,0,0
39758,3644.31,0,0,0,0,0.00,0,0,0
39808,3643.43,0,0,0,0,0.00,0,0,0
39858,3707.36,0,0,0,0,0.00,0,0,0
39908,3644.31,0,0,0,0,0.00,0,0,0
39958,3683.69,0,0,0,0,0.00,0,0,0
40008,3654.08,0,0,0,0,0.00,0,0,0
40058,3697.31,0,0,0,0,0.00,0,0,0
40108,3644.31,0,0,0,0,0.00,0,0,0
40158,3686.41,0,0,0,0,0.00,0,0,0
40208,3654.97,0,0,0,0,0.00,0,0,0
40258,3664.79,0,0,0,0,0.00,0,0,0
40308,3717.47,0,0,0,0,0.00,0,0,0
40358,3697.31,0,0,0,0,0.00,0,0,0
40408,3707.36,0,0,0,0,0.00,0,0,0
40458,3687.32,0,0,0,0,0.00,0,0,0
40508,3717.47,0,0,0,0,0.00,0,0,0
40558,3696.40,0,0,0,0,0.00,0,0,0
40608,3685.50,0,0,0,0,0.00,0,0,0
40658,3697.31,0,0,0,0,0.00,0,0,0
40708,3730.42,0,0,0,0,0.00,0,0,0
40758,3716.55,0,0,0,0,0.00,0,0,0
40808,3739.72,0,0,0,0,0.00,0,0,0
40858,3750.94,0,0,0,0,0.00,0,0,0
40908,3730.42,0,0,0,0,0.00,0,0,0
40958,3739.72,0,0,0,0,0.00,0,0,0
41008,3729.49,0,0,0,0,0.00,0,0,0
41058,3739.72,0,0,0,0,0.00,0,0,0
41108,3730.42,0,0,0,0,0.00,0,0,0
41158,3738.78,0,0,0,0,0.00,0,0,0
41208,3707.36,0,0,0,0,0.00,0,0,0
41259,3752.81,0,0,0,0,0.00,0,0,0
41309,3730.42,0,0,0,0,0.00,0,0,0
41359,3720.24,0,0,0,0,0.00,0,0,0
41409,3763.17,0,0,0,0,0.00,0,0,0
41459,3686.41,0,0,0,0,0.00,0,0,0
41509,3717.47,0,0,0,0,0.00,0,0,0
41559,3684.60,0,0,0,0,0.00,0,0,0
41609,3698.22,0,0,0,0,0.00,0,0,0
41659,3686.41,0,0,0,0,0.00,0,0,0
41709,3728.56,0,0,0,0,0.00,0,0,0
41759,3696.40,0,0,0,0,0.00,0,0,0
41809,3728.56,0,0,0,0,0.00,0,0,0
41859,3696.40,0,0,0,0,0.00,0,0,0
41909,3729.49,0,0,0,0,0.00,0,0,0
41959,3694.58,0,0,0,0,0.00,0,0,0
42009,3686.41,0,0,0,0,0.00,0,0,0
42059,3720.24,0,0,0,0,0.00,0,0,0
42109,3707.36,0,0,0,0,0.00,0,0,0
42159,3739.72,0,0,0,0,0.00,0,0,0
42209,3686.41,0,0,0,0,0.00,0,0,0
42259,3739.72,0,0,0,0,0.00,0,0,0
42309,3664.79,0,0,0,0,0.00,0,0,0
42359,3649.63,0,0,0,0,0.00,0,0,0
42409,3697.31,0,0,0,0,0.00,0,0,0
42459,3728.56,0,0,0,0,0.00,0,0,0
42509,3687.32,0,0,0,0,0.00,0,0,0
42559,3728.56,0,0,0,0,0.00,0,0,0
42609,3730.42,0,0,0,0,0.00,0,0,0
42659,3686.41,0,0,0,0,0.00,0,0,0
42710,3697.31,0,0,0,0,0.00,0,0,0
42760,3684.60,0,0,0,0,0.00,0,0,0
42810,3717.47,0,0,0,0,0.00,0,0,0
42860,3686.41,0,0,0,0,0.00,0,0,0
42910,3707.36,0,0,0,0,0.00,0,0,0
42960,3696.40,0,0,0,0,0.00,0,0,0
43010,3718.39,0,0,0,0,0.00,0,0,0
43060,3696.40,0,0,0,0,0.00,0,0,0
43110,3739.72,0,0,0,0,0.00,0,0,0
43160,3707.36,0,0,0,0,0.00,0,0,0
43210,3719.32,0,0,0,0,0.00,0,0,0
43260,3707.36,0,0,0,0,0.00,0,0,0
43310,3707.36,0,0,0,0,0.00,0,0,0
43360,3730.42,0,0,0,0,0.00,0,0,0
43410,3718.39,0,0,0,0,0.00,0,0,0
43460,3697.31,0,0,0,0,0.00,0,0,0
43510,3676.47,0,0,0,0,0.00,0,0,0
43560,3685.50,0,0,0,0,0.00,0,0,0
43610,3664.79,0,0,0,0,0.00,0,0,0
43660,3697.31,0,0,0,0,0.00,0,0,0
43710,3674.67,0,0,0,0,0.00,0,0,0
43760,3707.36,0,0,0,0,0.00,0,0,0
43810,3654.97,0,0,0,0,0.00,0,0,0
43860,3707.36,0,0,0,0,0.00,0,0,0
43910,3709.20,0,0,0,0,0.00,0,0,0
43960,3686.41,0,0,0,0,0.00,0,0,0
44010,3717.47,0,0,0,0,0.00,0,0,0
44060,3720.24,0,0,0,0,0.00,0,0,0
44110,3750.94,0,0,0,0,0.00,0,0,0
44160,3697.31,0,0,0,0,0.00,0,0,0
44210,3741.58,0,0,0,0,0.00,0,0,0
44260,3708.28,0,0,0,0,0.00,0,0,0
44310,3750.94,0,0,0,0,0.00,0,0,0
44360,3728.56,0,0,0,0,0.00,0,0,0
44410,3752.81,0,0,0,0,0.00,0,0,0
44460,3741.58,0,0,0,0,0.00,0,0,0
44510,3707.36,0,0,0,0,0.00,0,0,0
44560,3729.49,0,0,0,0,0.00,0,0,0
44610,3718.39,0,0,0,0,0.00,0,0,0
44660,3762.23,0,0,0,0,0.00,0,0,0
44710,3696.40,0,0,0,0,0.00,0,0,0
44760,3739.72,0,0,0,0,0.00,0,0,0
44810,3707.36,0,0,0,0,0.00,0,0,0
44860,3718.39,0,0,0,0,0.00,0,0,0
44910,3707.36,0,0,0,0,0.00,0,0,0
44960,3741.58,0,0,0,0,0.00,0,0,0
45010,3741.58,0,0,0,0,0.00,0,0,0
45060,3707.36,0,0,0,0,0.00,0,0,0
45110,3707.36,0,0,0,0,0.00,0,0,0
45160,3707.36,0,0,0,0,0.00,0,0,0
45210,3718.39,0,0,0,0,0.00,0,0,0
45260,3696.40,0,0,0,0,0.00,0,0,0
45310,3730.42,0,0,0,0,0.00,0,0,0
45360,3685.50,0,0,0,0,0.00,0,0,0
45410,3696.40,0,0,0,0,0.00,0,0,0
45460,3685.50,0,0,0,0,0.00,0,0,0
45510,3730.42,0,0,0,0,0.00,0,0,0
45560,3707.36,0,0,0,0,0.00,0,0,0
45611,3707.36,0,0,0,0,0.00,0,0,0
45661,3741.58,0,0,0,0,0.00,0,0,0
45711,3717.47,0,0,0,0,0.00,0,0,0
45761,3750.00,0,0,0,0,0.00,0,0,0
45811,3697.31,0,0,0,0,0.00,0,0,0
45861,3728.56,0,0,0,0,0.00,0,0,0
45911,3696.40,0,0,0,0,0.00,0,0,0
45961,3729.49,0,0,0,0,0.00,0,0,0
46011,3654.97,0,0,0,0,0.00,0,0,0
46061,3665.69,0,0,0,0,0.00,0,0,0
46111,3654.97,0,0,0,0,0.00,0,0,0
46161,3687.32,0,0,0,0,0.00,0,0,0
46211,3686.41,0,0,0,0,0.00,0,0,0
46261,3717.47,0,0,0,0,0.00,0,0,0
46311,3739.72,0,0,0,0,0.00,0,0,0
46361,3718.39,0,0,0,0,0.00,0,0,0
46411,3729.49,0,0,0,0,0.00,0,0,0
46461,3698.22,0,0,0,0,0.00,0,0,0
46511,3707.36,0,0,0,0,0.00,0,0,0
46561,3697.31,0,0,0,0,0.00,0,0,0
46611,3687.32,0,0,0,0,0.00,0,0,0
46661,3675.57,0,0,0,0,0.00,0,0,0
46711,3718.39,0,0,0,0,0.00,0,0,0
46761,3686.41,0,0,0,0,0.00,0,0,0
46811,3727.63,0,0,0,0,0.00,0,0,0
46861,3718.39,0,0,0,0,0.00,0,0,0
46911,3707.36,0,0,0,0,0.00,0,0,0
46961,3686.41,0,0,0,0,0.00,0,0,0
47011,3675.57,0,0,0,0,0.00,0,0,0
47062,3685.50,0,0,0,0,0.00,0,0,0
47112,3664.79,0,0,0,0,0.00,0,0,0
47162,3707.36,0,0,0,0,0.00,0,0,0
47212,3714.71,0,0,0,0,0.00,0,0,0
47262,3719.32,0,0,0,0,0.00,0,0,0
47312,3707.36,0,0,0,0,0.00,0,0,0
47362,3717.47,0,0,0,0,0.00,0,0,0
47412,3696.40,0,0,0,0,0.00,0,0,0
47462,3728.56,0,0,0,0,0.00,0,0,0
47512,3664.79,0,0,0,0,0.00,0,0,0
47562,3685.50,0,0,0,0,0.00,0,0,0
47612,3709.20,0,0,0,0,0.00,0,0,0
47662,3697.31,0,0,0,0,0.00,0,0,0
47712,3706.45,0,0,0,0,0.00,0,0,0
47762,3686.41,0,0,0,0,0.00,0,0,0
47812,3686.41,0,0,0,0,0.00,0,0,0
47862,3675.57,0,0,0,0,0.00,0,0,0
47912,3654.08,0,0,0,0,0.00,0,0,0
47962,3664.79,0,0,0,0,0.00,0,0,0
48012,3693.67,0,0,0,0,0.00,0,0,0
48062,3665.69,0,0,0,0,0.00,0,0,0
48112,3707.36,0,0,0,0,0.00,0,0,0
48162,3697.31,0,0,0,0,0.00,0,0,0
48212,3685.50,0,0,0,0,0.00,0,0,0
48262,3696.40,0,0,0,0,0.00,0,0,0
48312,3708.28,0,0,0,0,0.00,0,0,0
48362,3739.72,0,0,0,0,0.00,0,0,0
48412,3726.71,0,0,0,0,0.00,0,0,0
48462,3751.88,0,0,0,0,0.00,0,0,0
48512,3707.36,0,0,0,0,0.00,0,0,0
48562,3707.36,0,0,0,0,0.00,0,0,0
48612,3707.36,0,0,0,0,0.00,0,0,0
48662,3685.50,0,0,0,0,0.00,0,0,0
48712,3686.41,0,0,0,0,0.00,0,0,0
48762,3730.42,0,0,0,0,0.00,0,0,0
48812,3632.84,0,0,0,0,0.00,0,0,0
48862,3719.32,0,0,0,0,0.00,0,0,0
48912,3718.39,0,0,0,0,0.00,0,0,0
48962,3698.22,0,0,0,0,0.00,0,0,0
49012,3739.72,0,0,0,0,0.00,0,0,0
49062,3687.32,0,0,0,0,0.00,0,0,0
49112,3739.72,0,0,0,0,0.00,0,0,0
49162,3729.49,0,0,0,0,0.00,0,0,0
49212,3719.32,0,0,0,0,0.00,0,0,0
49262,3730.42,0,0,0,0,0.00,0,0,0
49312,3763.17,0,0,0,0,0.00,0,0,0
49362,3739.72,0,0,0,0,0.00,0,0,0
49412,3739.72,0,0,0,0,0.00,0,0,0
49462,3739.72,0,0,0,0,0.00,0,0,0
49512,3719.32,0,0,0,0,0.00,0,0,0
49562,3751.88,0,0,0,0,0.00,0,0,0
49612,3666.59,0,0,0,0,0.00,0,0,0
49662,3739.72,0,0,0,0,0.00,0,0,0
49712,3739.72,0,0,0,0,0.00,0,0,0
49762,3784.06,0,0,0,0,0.00,0,0,0
49812,3739.72,0,0,0,0,0.00,0,0,0
49862,3741.58,0,0,0,0,0.00,0,0,0
49912,3741.58,0,0,0,0,0.00,0,0,0
49963,3728.56,0,0,0,0,0.00,0,0,0
50013,3702.79,0,0,0,0,0.00,0,0,0
50063,3707.36,0,0,0,0,0.00,0,0,0
50113,3751.88,0,0,0,0,0.00,0,0,0
50163,3740.65,0,0,0,0,0.00,0,0,0
50213,3728.56,0,0,0,0,0.00,0,0,0
50263,3719.32,0,0,0,0,0.00,0,0,0
50313,3739.72,0,0,0,0,0.00,0,0,0
50363,3728.56,0,0,0,0,0.00,0,0,0
50413,3700.05,0,0,0,0,0.00,0,0,0
50463,3740.65,0,0,0,0,0.00,0,0,0
50513,3707.36,0,0,0,0,0.00,0,0,0
50563,3741.58,0,0,0,0,0.00,0,0,0
50613,3685.50,0,0,0,0,0.00,0,0,0
50663,3741.58,0,0,0,0,0.00,0,0,0
50713,3707.36,0,0,0,0,0.00,0,0,0
50763,3718.39,0,0,0,0,0.00,0,0,0
50813,3697.31,0,0,0,0,0.00,0,0,0
50863,3730.42,0,0,0,0,0.00,0,0,0
50913,3729.49,0,0,0,0,0.00,0,0,0
50963,3707.36,0,0,0,0,0.00,0,0,0
51013,3717.47,0,0,0,0,0.00,0,0,0
51063,3707.36,0,0,0,0,0.00,0,0,0
51113,3718.39,0,0,0,0,0.00,0,0,0
51163,3696.40,0,0,0,0,0.00,0,0,0
51213,3728.56,0,0,0,0,0.00,0,0,0
51263,3697.31,0,0,0,0,0.00,0,0,0
51313,3729.49,0,0,0,0,0.00,0,0,0
51363,3707.36,0,0,0,0,0.00,0,0,0
51414,3709.20,0,0,0,0,0.00,0,0,0
51464,3707.36,0,0,0,0,0.00,0,0,0
51514,3729.49,0,0,0,0,0.00,0,0,0
51564,3730.42,0,0,0,0,0.00,0,0,0
51614,3707.36,0,0,0,0,0.00,0,0,0
51664,3708.28,0,0,0,0,0.00,0,0,0
51714,3707.36,0,0,0,0,0.00,0,0,0
51764,3729.49,0,0,0,0,0.00,0,0,0
51814,3718.39,0,0,0,0,0.00,0,0,0
51864,3718.39,0,0,0,0,0.00,0,0,0
51914,3718.39,0,0,0,0,0.00,0,0,0
51964,3728.56,0,0,0,0,0.00,0,0,0
52014,3709.20,0,0,0,0,0.00,0,0,0
52064,3708.28,0,0,0,0,0.00,0,0,0
52114,3739.72,0,0,0,0,0.00,0,0,0
52164,3709.20,0,0,0,0,0.00,0,0,0
52214,3750.94,0,0,0,0,0.00,0,0,0
52264,3718.39,0,0,0,0,0.00,0,0,0
52314,3730.42,0,0,0,0,0.00,0,0,0
52364,3696.40,0,0,0,0,0.00,0,0,0
52414,3739.72,0,0,0,0,0.00,0,0,0
52464,3720.24,0,0,0,0,0.00,0,0,0
52514,3750.94,0,0,0,0,0.00,0,0,0
52564,3728.56,0,0,0,0,0.00,0,0,0
52614,3729.49,0,0,0,0,0.00,0,0,0
52664,3741.58,0,0,0,0,0.00,0,0,0
52714,3708.28,0,0,0,0,0.00,0,0,0
52764,3698.22,0,0,0,0,0.00,0,0,0
52814,3685.50,0,0,0,0,0.00,0,0,0
52864,3718.39,0,0,0,0,0.00,0,0,0
52914,3675.57,0,0,0,0,0.00,0,0,0
52964,3718.39,0,0,0,0,0.00,0,0,0
53014,3696.40,0,0,0,0,0.00,0,0,0
53064,3750.94,0,0,0,0,0.00,0,0,0
53114,3720.24,0,0,0,0,0.00,0,0,0
53164,3719.32,0,0,0,0,0.00,0,0,0
53214,3751.88,0,0,0,0,0.00,0,0,0
53264,3739.72,0,0,0,0,0.00,0,0,0
53314,3762.23,0,0,0,0,0.00,0,0,0
53364,3750.94,0,0,0,0,0.00,0,0,0
53414,3750.94,0,0,0,0,0.00,0,0,0
53464,3718.39,0,0,0,0,0.00,0,0,0
53514,3762.23,0,0,0,0,0.00,0,0,0
53564,3719.32,0,0,0,0,0.00,0,0,0
53614,3728.56,0,0,0,0,0.00,0,0,0
53664,3729.49,0,0,0,0,0.00,0,0,0
53714,3719.32,0,0,0,0,0.00,0,0,0
53764,3752.81,0,0,0,0,0.00,0,0,0
53814,3740.65,0,0,0,0,0.00,0,0,0
53864,3763.17,0,0,0,0,0.00,0,0,0
53914,3740.65,0,0,0,0,0.00,0,0,0
53964,3718.39,0,0,0,0,0.00,0,0,0
54014,3687.32,0,0,0,0,0.00,0,0,0
54064,3716.55,0,0,0,0,0.00,0,0,0
54114,3696.40,0,0,0,0,0.00,0,0,0
54164,3707.36,0,0,0,0,0.00,0,0,0
54214,3751.88,0,0,0,0,0.00,0,0,0
54264,3707.36,0,0,0,0,0.00,0,0,0
54315,3750.94,0,0,0,0,0.00,0,0,0
54365,3728.56,0,0,0,0,0.00,0,0,0
54415,3763.17,0,0,0,0,0.00,0,0,0
54465,3726.71,0,0,0,0,0.00,0,0,0
54515,3739.72,0,0,0,0,0.00,0,0,0
54565,3718.39,0,0,0,0,0.00,0,0,0
54615,3762.23,0,0,0,0,0.00,0,0,0
54665,3718.39,0,0,0,0,0.00,0,0,0
54715,3719.32,0,0,0,0,0.00,0,0,0
54765,3763.17,0,0,0,0,0.00,0,0,0
54815,3729.49,0,0,0,0,0.00,0,0,0
54865,3769.79,0,0,0,0,0.00,0,0,0
54915,3750.94,0,0,0,0,0.00,0,0,0
54965,3785.97,0,0,0,0,0.00,0,0,0
55015,3718.39,0,0,0,0,0.00,0,0,0
55065,3730.42,0,0,0,0,0.00,0,0,0
55115,3763.17,0,0,0,0,0.00,0,0,0
55165,3751.88,0,0,0,0,0.00,0,0,0
55215,3774.53,0,0,0,0,0.00,0,0,0
55265,3751.88,0,0,0,0,0.00,0,0,0
55315,3784.06,0,0,0,0,0.00,0,0,0
55365,3709.20,0,0,0,0,0.00,0,0,0
55415,3764.12,0,0,0,0,0.00,0,0,0
55465,3752.81,0,0,0,0,0.00,0,0,0
55515,3762.23,0,0,0,0,0.00,0,0,0
55565,3764.12,0,0,0,0,0.00,0,0,0
55615,3740.65,0,0,0,0,0.00,0,0,0
55665,3750.94,0,0,0,0,0.00,0,0,0
55715,3739.72,0,0,0,0,0.00,0,0,0
55766,3785.01,0,0,0,0,0.00,0,0,0
55816,3751.88,0,0,0,0,0.00,0,0,0
55866,3763.17,0,0,0,0,0.00,0,0,0
55916,3785.01,0,0,0,0,0.00,0,0,0
55966,3750.94,0,0,0,0,0.00,0,0,0
56016,3773.58,0,0,0,0,0.00,0,0,0
56066,3697.31,0,0,0,0,0.00,0,0,0
56116,3796.51,0,0,0,0,0.00,0,0,0
56166,3741.58,0,0,0,0,0.00,0,0,0
56216,3774.53,0,0,0,0,0.00,0,0,0
56266,3739.72,0,0,0,0,0.00,0,0,0
56316,3730.42,0,0,0,0,0.00,0,0,0
56366,3763.17,0,0,0,0,0.00,0,0,0
56416,3730.42,0,0,0,0,0.00,0,0,0
56466,3670.17,0,0,0,0,0.00,0,0,0
56516,3729.49,0,0,0,0,0.00,0,0,0
56566,3730.42,0,0,0,0,0.00,0,0,0
56616,3718.39,0,0,0,0,0.00,0,0,0
56666,3762.23,0,0,0,0,0.00,0,0,0
56716,3739.72,0,0,0,0,0.00,0,0,0
56766,3763.17,0,0,0,0,0.00,0,0,0
56816,3773.58,0,0,0,0,0.00,0,0,0
56866,3750.94,0,0,0,0,0.00,0,0,0
56916,3761.28,0,0,0,0,0.00,0,0,0
56966,3761.28,0,0,0,0,0.00,0,0,0
57016,3796.51,0,0,0,0,0.00,0,0,0
57066,3752.81,0,0,0,0,0.00,0,0,0
57116,3785.97,0,0,0,0,0.00,0,0,0
57166,3750.00,0,0,0,0,0.00,0,0,0
57216,3729.49,0,0,0,0,0.00,0,0,0
57266,3751.88,0,0,0,0,0.00,0,0,0
57316,3728.56,0,0,0,0,0.00,0,0,0
57366,3761.28,0,0,0,0,0.00,0,0,0
57416,3729.49,0,0,0,0,0.00,0,0,0
57466,3761.28,0,0,0,0,0.00,0,0,0
57516,3739.72,0,0,0,0,0.00,0,0,0
57566,3761.28,0,0,0,0,0.00,0,0,0
57616,3774.53,0,0,0,0,0.00,0,0,0
57666,3741.58,0,0,0,0,0.00,0,0,0
57716,3718.39,0,0,0,0,0.00,0,0,0
57766,3698.22,0,0,0,0,0.00,0,0,0
57816,3707.36,0,0,0,0,0.00,0,0,0
57866,3675.57,0,0,0,0,0.00,0,0,0
57916,3730.42,0,0,0,0,0.00,0,0,0
57966,3707.36,0,0,0,0,0.00,0,0,0
58016,3720.24,0,0,0,0,0.00,0,0,0
58066,3708.28,0,0,0,0,0.00,0,0,0
58116,3741.58,0,0,0,0,0.00,0,0,0
58166,3707.36,0,0,0,0,0.00,0,0,0
58216,3697.31,0,0,0,0,0.00,0,0,0
58266,3718.39,0,0,0,0,0.00,0,0,0
58316,3698.22,0,0,0,0,0.00,0,0,0
58366,3750.00,0,0,0,0,0.00,0,0,0
58416,3718.39,0,0,0,0,0.00,0,0,0
58466,3763.17,0,0,0,0,0.00,0,0,0
58516,3752.81,0,0,0,0,0.00,0,0,0
58566,3752.81,0,0,0,0,0.00,0,0,0
58616,3728.56,0,0,0,0,0.00,0,0,0
58667,3729.49,0,0,0,0,0.00,0,0,0
58717,3762.23,0,0,0,0,0.00,0,0,0
58767,3720.24,0,0,0,0,0.00,0,0,0
58817,3718.39,0,0,0,0,0.00,0,0,0
58867,3719.32,0,0,0,0,0.00,0,0,0
58917,3739.72,0,0,0,0,0.00,0,0,0
58967,3729.49,0,0,0,0,0.00,0,0,0
59017,3740.65,0,0,0,0,0.00,0,0,0
59067,3740.65,0,0,0,0,0.00,0,0,0
59117,3761.28,0,0,0,0,0.00,0,0,0
59167,3696.40,0,0,0,0,0.00,0,0,0
59217,3688.22,0,0,0,0,0.00,0,0,0
59267,3707.36,0,0,0,0,0.00,0,0,0
59317,3686.41,0,0,0,0,0.00,0,0,0
59367,3708.28,0,0,0,0,0.00,0,0,0
59417,3708.28,0,0,0,0,0.00,0,0,0
59467,3741.58,0,0,0,0,0.00,0,0,0
59517,3730.42,0,0,0,0,0.00,0,0,0
59567,3774.53,0,0,0,0,0.00,0,0,0
59617,3731.34,0,0,0,0,0.00,0,0,0
59667,3761.28,0,0,0,0,0.00,0,0,0
59717,3741.58,0,0,0,0,0.00,0,0,0
59767,3718.39,0,0,0,0,0.00,0,0,0
59817,3730.42,0,0,0,0,0.00,0,0,0
59867,3718.39,0,0,0,0,0.00,0,0,0
59917,3761.28,0,0,0,0,0.00,0,0,0
59967,3739.72,0,0,0,0,0.00,0,0,0
60017,3719.32,0,0,0,0,0.00,0,0,0
60067,3708.28,0,0,0,0,0.00,0,0,0
60118,3791.71,0,0,0,0,0.00,0,0,0
60168,3708.28,0,0,0,0,0.00,0,0,0
60218,3750.00,0,0,0,0,0.00,0,0,0
60268,3750.94,0,0,0,0,0.00,0,0,0
60318,3728.56,0,0,0,0,0.00,0,0,0
60368,3752.81,0,0,0,0,0.00,0,0,0
60418,3730.42,0,0,0,0,0.00,0,0,0
60468,3718.39,0,0,0,0,0.00,0,0,0
60518,3691.85,0,0,0,0,0.00,0,0,0
60568,3685.50,0,0,0,0,0.00,0,0,0
60618,3664.79,0,0,0,0,0.00,0,0,0
60668,3708.28,0,0,0,0,0.00,0,0,0
60718,3686.41,0,0,0,0,0.00,0,0,0
60768,3697.31,0,0,0,0,0.00,0,0,0
60818,3696.40,0,0,0,0,0.00,0,0,0
60868,3728.56,0,0,0,0,0.00,0,0,0
60918,3750.94,0,0,0,0,0.00,0,0,0
60968,3688.22,0,0,0,0,0.00,0,0,0
61018,3729.49,0,0,0,0,0.00,0,0,0
61068,3708.28,0,0,0,0,0.00,0,0,0
61118,3717.47,0,0,0,0,0.00,0,0,0
61168,3686.41,0,0,0,0,0.00,0,0,0
61218,3717.47,0,0,0,0,0.00,0,0,0
61268,3707.36,0,0,0,0,0.00,0,0,0
61318,3739.72,0,0,0,0,0.00,0,0,0
61368,3707.36,0,0,0,0,0.00,0,0,0
61418,3750.94,0,0,0,0,0.00,0,0,0
61468,3750.94,0,0,0,0,0.00,0,0,0
61518,3740.65,0,0,0,0,0.00,0,0,0
61568,3772.64,0,0,0,0,0.00,0,0,0
61618,3750.94,0,0,0,0,0.00,0,0,0
61668,3698.22,0,0,0,0,0.00,0,0,0
61718,3694.58,0,0,0,0,0.00,0,0,0
61768,3730.42,0,0,0,0,0.00,0,0,0
61818,3717.47,0,0,0,0,0.00,0,0,0
61868,3728.56,0,0,0,0,0.00,0,0,0
61918,3720.24,0,0,0,0,0.00,0,0,0
61968,3730.42,0,0,0,0,0.00,0,0,0
62018,3761.28,0,0,0,0,0.00,0,0,0
62068,3750.94,0,0,0,0,0.00,0,0,0
62118,3762.23,0,0,0,0,0.00,0,0,0
62168,3707.36,0,0,0,0,0.00,0,0,0
62218,3762.23,0,0,0,0,0.00,0,0,0
62268,3720.24,0,0,0,0,0.00,0,0,0
62318,3764.12,0,0,0,0,0.00,0,0,0
62368,3752.81,0,0,0,0,0.00,0,0,0
62418,3728.56,0,0,0,0,0.00,0,0,0
62468,3763.17,0,0,0,0,0.00,0,0,0
62518,3705.53,0,0,0,0,0.00,0,0,0
62568,3740.65,0,0,0,0,0.00,0,0,0
62618,3718.39,0,0,0,0,0.00,0,0,0
62668,3751.88,0,0,0,0,0.00,0,0,0
62718,3718.39,0,0,0,0,0.00,0,0,0
62768,3750.00,0,0,0,0,0.00,0,0,0
62818,3728.56,0,0,0,0,0.00,0,0,0
62868,3741.58,0,0,0,0,0.00,0,0,0
62918,3749.06,0,0,0,0,0.00,0,0,0
62968,3741.58,0,0,0,0,0.00,0,0,0
63019,3750.94,0,0,0,0,0.00,0,0,0
63069,3728.56,0,0,0,0,0.00,0,0,0
63119,3761.28,0,0,0,0,0.00,0,0,0
63169,3761.28,0,0,0,0,0.00,0,0,0
63219,3761.28,0,0,0,0,0.00,0,0,0
63269,3739.72,0,0,0,0,0.00,0,0,0
63319,3750.94,0,0,0,0,0.00,0,0,0
63369,3750.94,0,0,0,0,0.00,0,0,0
63419,3718.39,0,0,0,0,0.00,0,0,0
63469,3763.17,0,0,0,0,0.00,0,0,0
63519,3730.42,0,0,0,0,0.00,0,0,0
63569,3763.17,0,0,0,0,0.00,0,0,0
63619,3752.81,0,0,0,0,0.00,0,0,0
63669,3774.53,0,0,0,0,0.00,0,0,0
63719,3761.28,0,0,0,0,0.00,0,0,0
63769,3752.81,0,0,0,0,0.00,0,0,0
63819,3750.94,0,0,0,0,0.00,0,0,0
63869,3739.72,0,0,0,0,0.00,0,0,0
63919,3750.94,0,0,0,0,0.00,0,0,0
63969,3750.94,0,0,0,0,0.00,0,0,0
64019,3772.64,0,0,0,0,0.00,0,0,0
64069,3750.94,0,0,0,0,0.00,0,0,0
64119,3740.65,0,0,0,0,0.00,0,0,0
64169,3774.53,0,0,0,0,0.00,0,0,0
64219,3751.88,0,0,0,0,0.00,0,0,0
64269,3774.53,0,0,0,0,0.00,0,0,0
64319,3739.72,0,0,0,0,0.00,0,0,0
64369,3751.88,0,0,0,0,0.00,0,0,0
64419,3741.58,0,0,0,0,0.00,0,0,0
64470,3718.39,0,0,0,0,0.00,0,0,0
64520,3707.36,0,0,0,0,0.00,0,0,0
64570,3707.36,0,0,0,0,0.00,0,0,0
64620,3697.31,0,0,0,0,0.00,0,0,0
64670,3698.22,0,0,0,0,0.00,0,0,0
64720,3687.32,0,0,0,0,0.00,0,0,0
64770,3686.41,0,0,0,0,0.00,0,0,0
64820,3707.36,0,0,0,0,0.00,0,0,0
64870,3686.41,0,0,0,0,0.00,0,0,0
64920,3739.72,0,0,0,0,0.00,0,0,0
64970,3707.36,0,0,0,0,0.00,0,0,0
65020,3750.94,0,0,0,0,0.00,0,0,0
65070,3729.49,0,0,0,0,0.00,0,0,0
65120,3709.20,0,0,0,0,0.00,0,0,0
65170,3686.41,0,0,0,0,0.00,0,0,0
65220,3740.65,0,0,0,0,0.00,0,0,0
65270,3739.72,0,0,0,0,0.00,0,0,0
65320,3708.28,0,0,0,0,0.00,0,0,0
65370,3718.39,0,0,0,0,0.00,0,0,0
65420,3697.31,0,0,0,0,0.00,0,0,0
65470,3728.56,0,0,0,0,0.00,0,0,0
65520,3697.31,0,0,0,0,0.00,0,0,0
65570,3752.81,0,0,0,0,0.00,0,0,0
65620,3729.49,0,0,0,0,0.00,0,0,0
65670,3718.39,0,0,0,0,0.00,0,0,0
65720,3720.24,0,0,0,0,0.00,0,0,0
65770,3751.88,0,0,0,0,0.00,0,0,0
65820,3719.32,0,0,0,0,0.00,0,0,0
65870,3707.36,0,0,0,0,0.00,0,0,0
65920,3740.65,0,0,0,0,0.00,0,0,0
65970,3729.49,0,0,0,0,0.00,0,0,0
66020,3718.39,0,0,0,0,0.00,0,0,0
66070,3718.39,0,0,0,0,0.00,0,0,0
66120,3750.94,0,0,0,0,0.00,0,0,0
66170,3717.47,0,0,0,0,0.00,0,0,0
66220,3707.36,0,0,0,0,0.00,0,0,0
66270,3696.40,0,0,0,0,0.00,0,0,0
66320,3728.56,0,0,0,0,0.00,0,0,0
66370,3717.47,0,0,0,0,0.00,0,0,0
66420,3696.40,0,0,0,0,0.00,0,0,0
66470,3717.47,0,0,0,0,0.00,0,0,0
66520,3709.20,0,0,0,0,0.00,0,0,0
66570,3750.00,0,0,0,0,0.00,0,0,0
66620,3729.49,0,0,0,0,0.00,0,0,0
66670,3772.64,0,0,0,0,0.00,0,0,0
66720,3708.28,0,0,0,0,0.00,0,0,0
66770,3763.17,0,0,0,0,0.00,0,0,0
66820,3696.40,0,0,0,0,0.00,0,0,0
66870,3739.72,0,0,0,0,0.00,0,0,0
66920,3750.94,0,0,0,0,0.00,0,0,0
66970,3740.65,0,0,0,0,0.00,0,0,0
67020,3784.06,0,0,0,0,0.00,0,0,0
67070,3739.72,0,0,0,0,0.00,0,0,0
67120,3784.06,0,0,0,0,0.00,0,0,0
67170,3750.94,0,0,0,0,0.00,0,0,0
67220,3750.94,0,0,0,0,0.00,0,0,0
67270,3739.72,0,0,0,0,0.00,0,0,0
67320,3751.88,0,0,0,0,0.00,0,0,0
67371,3774.53,0,0,0,0,0.00,0,0,0
67421,3763.17,0,0,0,0,0.00,0,0,0
67471,3774.53,0,0,0,0,0.00,0,0,0
67521,3762.23,0,0,0,0,0.00,0,0,0
67571,3750.94,0,0,0,0,0.00,0,0,0
67621,3739.72,0,0,0,0,0.00,0,0,0
67671,3772.64,0,0,0,0,0.00,0,0,0
67721,3774.53,0,0,0,0,0.00,0,0,0
67771,3763.17,0,0,0,0,0.00,0,0,0
67821,3731.34,0,0,0,0,0.00,0,0,0
67871,3718.39,0,0,0,0,0.00,0,0,0
67921,3762.23,0,0,0,0,0.00,0,0,0
67971,3718.39,0,0,0,0,0.00,0,0,0
68021,3740.65,0,0,0,0,0.00,0,0,0
68071,3730.42,0,0,0,0,0.00,0,0,0
68121,3728.56,0,0,0,0,0.00,0,0,0
68171,3717.47,0,0,0,0,0.00,0,0,0
68221,3697.31,0,0,0,0,0.00,0,0,0
68271,3739.72,0,0,0,0,0.00,0,0,0
68321,3707.36,0,0,0,0,0.00,0,0,0
68371,3728.56,0,0,0,0,0.00,0,0,0
68421,3718.39,0,0,0,0,0.00,0,0,0
68471,3740.65,0,0,0,0,0.00,0,0,0
68521,3718.39,0,0,0,0,0.00,0,0,0
68571,3762.23,0,0,0,0,0.00,0,0,0
68621,3719.32,0,0,0,0,0.00,0,0,0
68671,3750.94,0,0,0,0,0.00,0,0,0
68721,3763.17,0,0,0,0,0.00,0,0,0
68771,3751.88,0,0,0,0,0.00,0,0,0
68822,3751.88,0,0,0,0,0.00,0,0,0
68872,3740.65,0,0,0,0,0.00,0,0,0
68922,3762.23,0,0,0,0,0.00,0,0,0
68972,3749.06,0,0,0,0,0.00,0,0,0
69022,3763.17,0,0,0,0,0.00,0,0,0
69072,3764.12,0,0,0,0,0.00,0,0,0
69122,3718.39,0,0,0,0,0.00,0,0,0
69172,3720.24,0,0,0,0,0.00,0,0,0
69222,3696.40,0,0,0,0,0.00,0,0,0
69272,3717.47,0,0,0,0,0.00,0,0,0
69322,3707.36,0,0,0,0,0.00,0,0,0
69372,3749.06,0,0,0,0,0.00,0,0,0
69422,3728.56,0,0,0,0,0.00,0,0,0
69472,3761.28,0,0,0,0,0.00,0,0,0
69522,3750.94,0,0,0,0,0.00,0,0,0
69572,3796.51,0,0,0,0,0.00,0,0,0
69622,3739.72,0,0,0,0,0.00,0,0,0
69672,3698.22,0,0,0,0,0.00,0,0,0
69722,3728.56,0,0,0,0,0.00,0,0,0
69772,3706.45,0,0,0,0,0.00,0,0,0
69822,3675.57,0,0,0,0,0.00,0,0,0
69872,3675.57,0,0,0,0,0.00,0,0,0
69922,3707.36,0,0,0,0,0.00,0,0,0
69972,3685.50,0,0,0,0,0.00,0,0,0
70022,3729.49,0,0,0,0,0.00,0,0,0
70072,3707.36,0,0,0,0,0.00,0,0,0
70122,3622.31,0,0,0,0,0.00,0,0,0
70172,3546.94,0,0,0,0,0.00,0,0,0
70222,3462.60,0,0,0,0,0.00,0,0,0
70272,3379.90,0,0,0,0,0.00,0,0,0
70322,3300.33,0,0,0,0,0.00,0,0,0
70372,3241.84,0,0,0,0,0.00,0,0,0
70422,3161.22,0,0,0,0,0.00,0,0,0
70472,3085.15,0,0,0,0,0.00,0,0,0
70522,3027.25,0,0,0,0,0.00,0,0,0
70572,2934.27,0,0,0,0,0.00,0,0,0
70622,2883.51,0,0,0,0,0.00,0,0,0
70672,2826.46,0,0,0,0,0.00,0,0,0
70722,2745.74,0,0,0,0,0.00,0,0,0
70772,2693.97,0,0,0,0,0.00,0,0,0
70822,2638.06,0,0,0,0,0.00,0,0,0
70872,2584.87,0,0,0,0,0.00,0,0,0
70922,2528.66,0,0,0,0,0.00,0,0,0
70972,2469.95,0,0,0,0,0.00,0,0,0
71022,2424.44,0,0,0,0,0.00,0,0,0
71072,2355.90,0,0,0,0,0.00,0,0,0
71122,2296.04,0,0,0,0,0.00,0,0,0
71172,2236.47,0,0,0,0,0.00,0,0,0
71222,2183.09,0,0,0,0,0.00,0,0,0
71272,2124.95,0,0,0,0,0.00,0,0,0
71322,2085.36,0,0,0,0,0.00,0,0,0
71372,2026.48,0,0,0,0,0.00,0,0,0
71422,1964.12,0,0,0,0,0.00,0,0,0
71472,1948.05,0,0,0,0,0.00,0,0,0
71522,1888.69,0,0,0,0,0.00,0,0,0
71572,1844.11,0,0,0,0,0.00,0,0,0
71622,1782.95,0,0,0,0,0.00,0,0,0
71672,1767.62,0,0,0,0,0.00,0,0,0
71723,1706.48,0,0,0,0,0.00,0,0,0
71773,1659.48,0,0,0,0,0.00,0,0,0
71823,1644.02,0,0,0,0,0.00,0,0,0
71873,1584.45,0,0,0,0,0.00,0,0,0
71923,1530.14,0,0,0,0,0.00,0,0,0
71973,1518.99,0,0,0,0,0.00,0,0,0
72023,1465.13,0,0,0,0,0.00,0,0,0
72073,1404.89,0,0,0,0,0.00,0,0,0
72123,1388.63,0,0,0,0,0.00,0,0,0
72173,1329.32,0,0,0,0,0.00,0,0,0
72223,1320.77,0,0,0,0,0.00,0,0,0
72273,1259.76,0,0,0,0,0.00,0,0,0
72323,1253.34,0,0,0,0,0.00,0,0,0
72373,1186.90,0,0,0,0,0.00,0,0,0
72423,1182.78,0,0,0,0,0.00,0,0,0
72473,1112.43,0,0,0,0,0.00,0,0,0
72523,1109.47,0,0,0,0,0.00,0,0,0
72573,1040.80,0,0,0,0,0.00,0,0,0
72623,1033.20,0,0,0,0,0.00,0,0,0
72673,1033.20,0,0,0,0,0.00,0,0,0
72723,964.32,0,0,0,0,0.00,0,0,0
72773,948.83,0,0,0,0,0.00,0,0,0
72823,867.50,0,0,0,0,0.00,0,0,0
72873,867.50,0,0,0,0,0.00,0,0,0
72923,862.81,0,0,0,0,0.00,0,0,0
72973,773.79,0,0,0,0,0.00,0,0,0
73023,773.79,0,0,0,0,0.00,0,0,0
73073,770.02,0,0,0,0,0.00,0,0,0
73123,770.02,0,0,0,0,0.00,0,0,0
73174,692.71,0,0,0,0,0.00,0,0,0
73224,666.96,0,0,0,0,0.00,0,0,0
73274,666.96,0,0,0,0,0.00,0,0,0
73324,579.69,0,0,0,0,0.00,0,0,0
73374,579.69,0,0,0,0,0.00,0,0,0
73424,579.69,0,0,0,0,0.00,0,0,0
73474,546.13,0,0,0,0,0.00,0,0,0
73524,546.13,0,0,0,0,0.00,0,0,0
73574,445.74,0,0,0,0,0.00,0,0,0
73624,445.74,0,0,0,0,0.00,0,0,0
73674,445.74,0,0,0,0,0.00,0,0,0
73724,393.13,0,0,0,0,0.00,0,0,0
73774,393.13,0,0,0,0,0.00,0,0,0
73824,393.13,0,0,0,0,0.00,0,0,0
73874,393.13,0,0,0,0,0.00,0,0,0
73924,0.00,0,0,0,0,0.00,0,0,0
73974,0.00,0,0,0,0,0.00,0,0,0
74024,222.10,0,0,0,0,0.00,0,0,0
74074,222.10,0,0,0,0,0.00,0,0,0
74124,222.10,0,0,0,0,0.00,0,0,0
74174,222.10,0,0,0,0,0.00,0,0,0
74224,0.00,0,0,0,0,0.00,0,0,0
74274,0.00,0,0,0,0,0.00,0,0,0
74324,0.00,0,0,0,0,0.00,0,0,0
74374,0.00,0,0,0,0,0.00,0,0,0
74424,0.00,0,0,0,0,0.00,0,0,0
74474,0.00,0,0,0,0,0.00,0,0,0
74524,0.00,0,0,0,0,0.00,0,0,0
74574,0.00,0,0,0,0,0.00,0,0,0
74624,0.00,0,0,0,0,0.00,0,0,0
74674,0.00,0,0,0,0,0.00,0,0,0
74724,0.00,0,0,0,0,0.00,0,0,0
74774,0.00,0,0,0,0,0.00,0,0,0
74824,0.00,0,0,0,0,0.00,0,0,0
74874,0.00,0,0,0,0,0.00,0,0,0
74924,0.00,0,0,0,0,0.00,0,0,0
74974,0.00,0,0,0,0,0.00,0,0,0
75024,0.00,0,0,0,0,0.00,0,0,0
75074,0.00,0,0,0,0,0.00,0,0,0
75124,0.00,0,0,0,0,0.00,0,0,0
75174,0.00,0,0,0,0,0.00,0,0,0
75224,0.00,0,0,0,0,0.00,0,0,0
75274,0.00,0,0,0,0,0.00,0,0,0
75324,0.00,0,0,0,0,0.00,0,0,0
75374,0.00,0,0,0,0,0.00,0,0,0
75424,0.00,0,0,0,0,0.00,0,0,0
75474,0.00,0,0,0,0,0.00,0,0,0
75524,0.00,0,0,0,0,0.00,0,0,0
75574,0.00,0,0,0,0,0.00,0,0,0
75624,0.00,0,0,0,0,0.00,0,0,0
75674,0.00,0,0,0,0,0.00,0,0,0
75724,0.00,0,0,0,0,0.00,0,0,0
75774,0.00,0,0,0,0,0.00,0,0,0
75824,0.00,0,0,0,0,0.00,0,0,0
75874,0.00,0,0,0,0,0.00,0,0,0
75924,0.00,0,0,0,0,0.00,0,0,0
75974,0.00,0,0,0,0,0.00,0,0,0
76024,0.00,0,0,0,0,0.00,0,0,0
76075,0.00,0,0,0,0,0.00,0,0,0
76125,0.00,0,0,0,0,0.00,0,0,0
76175,0.00,0,0,0,0,0.00,0,0,0
76225,0.00,0,0,0,0,0.00,0,0,0
76275,0.00,0,0,0,0,0.00,0,0,0
76325,0.00,0,0,0,0,0.00,0,0,0
76375,0.00,0,0,0,0,0.00,0,0,0
76425,0.00,0,0,0,0,0.00,0,0,0
76475,0.00,0,0,0,0,0.00,0,0,0
76525,0.00,0,0,0,0,0.00,0,0,0
76575,0.00,0,0,0,0,0.00,0,0,0
76625,0.00,0,0,0,0,0.00,0,0,0
76675,0.00,0,0,0,0,0.00,0,0,0
76725,0.00,0,0,0,0,0.00,0,0,0
76775,0.00,0,0,0,0,0.00,0,0,0
76825,0.00,0,0,0,0,0.00,0,0,0
76875,0.00,0,0,0,0,0.00,0,0,0
76925,0.00,0,0,0,0,0.00,0,0,0
76975,0.00,0,0,0,0,0.00,0,0,0
77025,0.00,0,0,0,0,0.00,0,0,0
77075,0.00,0,0,0,0,0.00,0,0,0
77125,0.00,0,0,0,0,0.00,0,0,0
77175,0.00,0,0,0,0,0.00,0,0,0
77225,0.00,0,0,0,0,0.00,0,0,0
77275,0.00,0,0,0,0,0.00,0,0,0
77325,0.00,0,0,0,0,0.00,0,0,0
77375,0.00,0,0,0,0,0.00,0,0,0
77425,0.00,0,0,0,0,0.00,0,0,0
77475,0.00,0,0,0,0,0.00,0,0,0
77526,0.00,0,0,0,0,0.00,0,0,0
77576,0.00,0,0,0,0,0.00,0,0,0
77626,0.00,0,0,0,0,0.00,0,0,0
77676,0.00,0,0,0,0,0.00,0,0,0
77726,0.00,0,0,0,0,0.00,0,0,0
77776,0.00,0,0,0,0,0.00,0,0,0
77826,0.00,0,0,0,0,0.00,0,0,0
77876,0.00,0,0,0,0,0.00,0,0,0
77926,0.00,0,0,0,0,0.00,0,0,0
77976,0.00,0,0,0,0,0.00,0,0,0
78026,0.00,0,0,0,0,0.00,0,0,0
78076,0.00,0,0,0,0,0.00,0,0,0
78126,0.00,0,0,0,0,0.00,0,0,0
78176,0.00,0,0,0,0,0.00,0,0,0
78226,0.00,0,0,0,0,0.00,0,0,0
78276,0.00,0,0,0,0,0.00,0,0,0
78326,0.00,0,0,0,0,0.00,0,0,0
78376,0.00,0,0,0,0,0.00,0,0,0
78426,0.00,0,0,0,0,0.00,0,0,0
78476,0.00,0,0,0,0,0.00,0,0,0
78526,0.00,0,0,0,0,0.00,0,0,0
78576,0.00,0,0,0,0,0.00,0,0,0
78626,0.00,0,0,0,0,0.00,0,0,0
78676,0.00,0,0,0,0,0.00,0,0,0
78726,0.00,0,0,0,0,0.00,0,0,0
78776,0.00,0,0,0,0,0.00,0,0,0
78826,0.00,0,0,0,0,0.00,0,0,0
78876,0.00,0,0,0,0,0.00,0,0,0
78926,0.00,0,0,0,0,0.00,0,0,0
78976,0.00,0,0,0,0,0.00,0,0,0
79026,0.00,0,0,0,0,0.00,0,0,0
79076,0.00,0,0,0,0,0.00,0,0,0
79126,0.00,0,0,0,0,0.00,0,0,0
79176,0.00,0,0,0,0,0.00,0,0,0
79226,0.00,0,0,0,0,0.00,0,0,0
79276,0.00,0,0,0,0,0.00,0,0,0
79326,0.00,0,0,0,0,0.00,0,0,0
79376,0.00,0,0,0,0,0.00,0,0,0
79426,0.00,0,0,0,0,0.00,0,0,0
79476,0.00,0,0,0,0,0.00,0,0,0
79526,0.00,0,0,0,0,0.00,0,0,0
79576,0.00,0,0,0,0,0.00,0,0,0
79626,0.00,0,0,0,0,0.00,0,0,0
79676,0.00,0,0,0,0,0.00,0,0,0
79726,0.00,0,0,0,0,0.00,0,0,0
79776,0.00,0,0,0,0,0.00,0,0,0
79826,0.00,0,0,0,0,0.00,0,0,0
79876,0.00,0,0,0,0,0.00,0,0,0
79926,0.00,0,0,0,0,0.00,0,0,0
79976,0.00,0,0,0,0,0.00,0,0,0
80026,0.00,0,0,0,0,0.00,0,0,0
80076,0.00,0,0,0,0,0.00,0,0,0
