No Throttle Input - No Load
Trial: 7
Date: 3-30-2023
Time: 12:45 PM
Ambient Temp: 73
Head Temp: 199.6

------ Microcontroller Engine Governor - Version: 1.16 ------
-------------------------------------------------------------
PID Gains:        Kp: 0.013000   Ki: 0.025000   Kd: 1.000000
-------------------------------------------------------------
Set RPM:             3600    |  Min RPM:                300
                             |
RPM Precision        10       |  PID I Precision:         70
                             |
Start Steps:         850     |  Max Steps:               1200
                             |
RPM Calc Interval:   1       |  Num Magnets:             1
                             |
LCD Update Interval: 400     |  Serial Update Interval:  50
-------------------------------------------------------------

Time,RPM,Steps Remaining, PID p, PID i, PID d, RPM Change, P Cmd, I Cmd, D Cmd
90,0.00,0,0,0,0,0.00,0,0,0
140,0.00,0,0,0,0,0.00,0,0,0
190,0.00,0,0,0,0,0.00,0,0,0
240,0.00,0,0,0,0,0.00,0,0,0
290,0.00,0,0,0,0,0.00,0,0,0
340,0.00,0,0,0,0,0.00,0,0,0
390,0.00,0,0,0,0,0.00,0,0,0
440,0.00,0,0,0,0,0.00,0,0,0
490,0.00,0,0,0,0,0.00,0,0,0
540,0.00,0,0,0,0,0.00,0,0,0
590,0.00,0,0,0,0,0.00,0,0,0
640,0.00,0,0,0,0,0.00,0,0,0
690,0.00,0,0,0,0,0.00,0,0,0
740,0.00,0,0,0,0,0.00,0,0,0
790,0.00,0,0,0,0,0.00,0,0,0
840,0.00,0,0,0,0,0.00,0,0,0
890,0.00,0,0,0,0,0.00,0,0,0
940,0.00,0,0,0,0,0.00,0,0,0
990,0.00,0,0,0,0,0.00,0,0,0
1040,0.00,0,0,0,0,0.00,0,0,0
1090,0.00,0,0,0,0,0.00,0,0,0
1140,0.00,0,0,0,0,0.00,0,0,0
1190,0.00,0,0,0,0,0.00,0,0,0
1240,0.00,0,0,0,0,0.00,0,0,0
1290,0.00,0,0,0,0,0.00,0,0,0
1340,0.00,0,0,0,0,0.00,0,0,0
1390,0.00,0,0,0,0,0.00,0,0,0
1440,0.00,0,0,0,0,0.00,0,0,0
1490,0.00,0,0,0,0,0.00,0,0,0
1540,0.00,0,0,0,0,0.00,0,0,0
1590,0.00,0,0,0,0,0.00,0,0,0
1640,0.00,0,0,0,0,0.00,0,0,0
1690,0.00,0,0,0,0,0.00,0,0,0
1740,0.00,0,0,0,0,0.00,0,0,0
1790,0.00,0,0,0,0,0.00,0,0,0
1840,0.00,0,0,0,0,0.00,0,0,0
1890,0.00,0,0,0,0,0.00,0,0,0
1940,0.00,0,0,0,0,0.00,0,0,0
1990,0.00,0,0,0,0,0.00,0,0,0
2040,0.00,0,0,0,0,0.00,0,0,0
2091,0.00,0,0,0,0,0.00,0,0,0
2141,0.00,0,0,0,0,0.00,0,0,0
2191,0.00,0,0,0,0,0.00,0,0,0
2241,0.00,0,0,0,0,0.00,0,0,0
2291,0.00,0,0,0,0,0.00,0,0,0
2341,0.00,0,0,0,0,0.00,0,0,0
2391,0.00,0,0,0,0,0.00,0,0,0
2441,0.00,0,0,0,0,0.00,0,0,0
2491,0.00,0,0,0,0,0.00,0,0,0
2541,0.00,0,0,0,0,0.00,0,0,0
2591,0.00,0,0,0,0,0.00,0,0,0
2641,0.00,0,0,0,0,0.00,0,0,0
2691,0.00,0,0,0,0,0.00,0,0,0
2741,0.00,0,0,0,0,0.00,0,0,0
2791,0.00,0,0,0,0,0.00,0,0,0
2841,0.00,0,0,0,0,0.00,0,0,0
2891,0.00,0,0,0,0,0.00,0,0,0
2941,0.00,0,0,0,0,0.00,0,0,0
2991,0.00,0,0,0,0,0.00,0,0,0
3041,0.00,0,0,0,0,0.00,0,0,0
3091,0.00,0,0,0,0,0.00,0,0,0
3141,0.00,0,0,0,0,0.00,0,0,0
3191,0.00,0,0,0,0,0.00,0,0,0
3241,0.00,0,0,0,0,0.00,0,0,0
3291,0.00,0,0,0,0,0.00,0,0,0
3341,0.00,0,0,0,0,0.00,0,0,0
3391,0.00,0,0,0,0,0.00,0,0,0
3441,0.00,0,0,0,0,0.00,0,0,0
3491,0.00,0,0,0,0,0.00,0,0,0
3542,0.00,0,0,0,0,0.00,0,0,0
3592,0.00,0,0,0,0,0.00,0,0,0
3642,0.00,0,0,0,0,0.00,0,0,0
3692,0.00,0,0,0,0,0.00,0,0,0
3742,0.00,0,0,0,0,0.00,0,0,0
3792,0.00,0,0,0,0,0.00,0,0,0
3842,0.00,0,0,0,0,0.00,0,0,0
3892,0.00,0,0,0,0,0.00,0,0,0
3942,0.00,0,0,0,0,0.00,0,0,0
3992,0.00,0,0,0,0,0.00,0,0,0
4042,0.00,0,0,0,0,0.00,0,0,0
4092,0.00,0,0,0,0,0.00,0,0,0
4142,0.00,0,0,0,0,0.00,0,0,0
4192,0.00,0,0,0,0,0.00,0,0,0
4242,0.00,0,0,0,0,0.00,0,0,0
4292,0.00,0,0,0,0,0.00,0,0,0
4342,0.00,0,0,0,0,0.00,0,0,0
4392,0.00,0,0,0,0,0.00,0,0,0
4442,0.00,0,0,0,0,0.00,0,0,0
4492,0.00,0,0,0,0,0.00,0,0,0
4542,0.00,0,0,0,0,0.00,0,0,0
4592,0.00,0,0,0,0,0.00,0,0,0
4642,0.00,0,0,0,0,0.00,0,0,0
4692,0.00,0,0,0,0,0.00,0,0,0
4742,0.00,0,0,0,0,0.00,0,0,0
4792,0.00,0,0,0,0,0.00,0,0,0
4842,0.00,0,0,0,0,0.00,0,0,0
4892,0.00,0,0,0,0,0.00,0,0,0
4942,0.00,0,0,0,0,0.00,0,0,0
4992,0.00,0,0,0,0,0.00,0,0,0
5042,0.00,0,0,0,0,0.00,0,0,0
5092,0.00,0,0,0,0,0.00,0,0,0
5142,0.00,0,0,0,0,0.00,0,0,0
5192,0.00,0,0,0,0,0.00,0,0,0
5242,0.00,0,0,0,0,0.00,0,0,0
5292,0.00,0,0,0,0,0.00,0,0,0
5342,0.00,0,0,0,0,0.00,0,0,0
5392,0.00,0,0,0,0,0.00,0,0,0
5442,0.00,0,0,0,0,0.00,0,0,0
5492,0.00,0,0,0,0,0.00,0,0,0
5542,0.00,0,0,0,0,0.00,0,0,0
5592,0.00,0,0,0,0,0.00,0,0,0
5642,0.00,0,0,0,0,0.00,0,0,0
5692,0.00,0,0,0,0,0.00,0,0,0
5742,0.00,0,0,0,0,0.00,0,0,0
5792,0.00,0,0,0,0,0.00,0,0,0
5842,0.00,0,0,0,0,0.00,0,0,0
5892,0.00,0,0,0,0,0.00,0,0,0
5942,0.00,0,0,0,0,0.00,0,0,0
5992,0.00,0,0,0,0,0.00,0,0,0
6042,0.00,0,0,0,0,0.00,0,0,0
6092,0.00,0,0,0,0,0.00,0,0,0
6142,0.00,0,0,0,0,0.00,0,0,0
6192,0.00,0,0,0,0,0.00,0,0,0
6242,0.00,0,0,0,0,0.00,0,0,0
6292,0.00,0,0,0,0,0.00,0,0,0
6342,0.00,0,0,0,0,0.00,0,0,0
6392,0.00,0,0,0,0,0.00,0,0,0
6443,0.00,0,0,0,0,0.00,0,0,0
6493,0.00,0,0,0,0,0.00,0,0,0
6543,0.00,0,0,0,0,0.00,0,0,0
6593,0.00,0,0,0,0,0.00,0,0,0
6643,0.00,0,0,0,0,0.00,0,0,0
6693,0.00,0,0,0,0,0.00,0,0,0
6743,0.00,0,0,0,0,0.00,0,0,0
6793,0.00,0,0,0,0,0.00,0,0,0
6843,0.00,0,0,0,0,0.00,0,0,0
6893,0.00,0,0,0,0,0.00,0,0,0
6943,0.00,0,0,0,0,0.00,0,0,0
6993,0.00,0,0,0,0,0.00,0,0,0
7043,0.00,0,0,0,0,0.00,0,0,0
7093,0.00,0,0,0,0,0.00,0,0,0
7143,0.00,0,0,0,0,0.00,0,0,0
7193,0.00,0,0,0,0,0.00,0,0,0
7243,0.00,0,0,0,0,0.00,0,0,0
7293,0.00,0,0,0,0,0.00,0,0,0
7343,0.00,0,0,0,0,0.00,0,0,0
7393,0.00,0,0,0,0,0.00,0,0,0
7443,0.00,0,0,0,0,0.00,0,0,0
7493,0.00,0,0,0,0,0.00,0,0,0
7543,0.00,0,0,0,0,0.00,0,0,0
7593,0.00,0,0,0,0,0.00,0,0,0
7643,0.00,0,0,0,0,0.00,0,0,0
7693,0.00,0,0,0,0,0.00,0,0,0
7743,0.00,0,0,0,0,0.00,0,0,0
7793,0.00,0,0,0,0,0.00,0,0,0
7843,0.00,0,0,0,0,0.00,0,0,0
7894,0.00,0,0,0,0,0.00,0,0,0
7944,0.00,0,0,0,0,0.00,0,0,0
7994,0.00,0,0,0,0,0.00,0,0,0
8044,0.00,0,0,0,0,0.00,0,0,0
8094,0.00,0,0,0,0,0.00,0,0,0
8144,0.00,0,0,0,0,0.00,0,0,0
8194,0.00,0,0,0,0,0.00,0,0,0
8244,0.00,0,0,0,0,0.00,0,0,0
8294,0.00,0,0,0,0,0.00,0,0,0
8344,0.00,0,0,0,0,0.00,0,0,0
8394,0.00,0,0,0,0,0.00,0,0,0
8444,0.00,0,0,0,0,0.00,0,0,0
8494,0.00,0,0,0,0,0.00,0,0,0
8544,0.00,0,0,0,0,0.00,0,0,0
8594,0.00,0,0,0,0,0.00,0,0,0
8644,0.00,0,0,0,0,0.00,0,0,0
8694,0.00,0,0,0,0,0.00,0,0,0
8744,0.00,0,0,0,0,0.00,0,0,0
8794,0.00,0,0,0,0,0.00,0,0,0
8844,0.00,0,0,0,0,0.00,0,0,0
8894,0.00,0,0,0,0,0.00,0,0,0
8944,0.00,0,0,0,0,0.00,0,0,0
8994,0.00,0,0,0,0,0.00,0,0,0
9044,0.00,0,0,0,0,0.00,0,0,0
9094,0.00,0,0,0,0,0.00,0,0,0
9144,0.00,0,0,0,0,0.00,0,0,0
9194,0.00,0,0,0,0,0.00,0,0,0
9244,0.00,0,0,0,0,0.00,0,0,0
9294,0.00,0,0,0,0,0.00,0,0,0
9344,0.00,0,0,0,0,0.00,0,0,0
9394,0.00,0,0,0,0,0.00,0,0,0
9444,0.00,0,0,0,0,0.00,0,0,0
9494,0.00,0,0,0,0,0.00,0,0,0
9544,0.00,0,0,0,0,0.00,0,0,0
9594,0.00,0,0,0,0,0.00,0,0,0
9644,0.00,0,0,0,0,0.00,0,0,0
9694,0.00,0,0,0,0,0.00,0,0,0
9744,0.00,0,0,0,0,0.00,0,0,0
9794,0.00,0,0,0,0,0.00,0,0,0
9844,inf,0,0,0,0,0.00,0,0,0
9894,inf,0,0,0,0,0.00,0,0,0
9944,inf,0,0,0,0,0.00,0,0,0
9994,311.95,0,0,0,0,0.00,0,0,0
10044,311.95,0,0,0,0,0.00,0,0,0
10094,872.85,0,0,0,0,0.00,0,0,0
10144,871.33,0,0,0,0,0.00,0,0,0
10194,1279.97,0,0,0,0,0.00,0,0,0
10244,1291.66,0,0,0,0,0.00,0,0,0
10294,1621.45,0,0,0,0,0.00,0,0,0
10344,1851.39,0,0,0,0,0.00,0,0,0
10394,2016.94,0,0,0,0,0.00,0,0,0
10444,2025.93,0,0,0,0,0.00,0,0,0
10494,2175.17,0,0,0,0,0.00,0,0,0
10544,2313.39,0,0,0,0,0.00,0,0,0
10594,2423.26,0,0,0,0,0.00,0,0,0
10644,2513.40,0,0,0,0,0.00,0,0,0
10694,2649.71,0,0,0,0,0.00,0,0,0
10744,2694.93,0,0,0,0,0.00,0,0,0
10795,2700.76,0,0,0,0,0.00,0,0,0
10845,2776.24,0,0,0,0,0.00,0,0,0
10895,2831.26,0,0,0,0,0.00,0,0,0
10945,2876.87,0,0,0,0,0.00,0,0,0
10995,2976.78,0,0,0,0,0.00,0,0,0
11045,3027.25,0,0,0,0,0.00,0,0,0
11095,2991.03,0,0,0,0,0.00,0,0,0
11145,3019.93,0,0,0,0,0.00,0,0,0
11195,3108.16,0,0,0,0,0.00,0,0,0
11245,3154.57,0,0,0,0,0.00,0,0,0
11295,3146.63,0,0,0,0,0.00,0,0,0
11345,3153.91,0,0,0,0,0.00,0,0,0
11395,3225.81,0,0,0,0,0.00,0,0,0
11445,3192.17,0,0,0,0,0.00,0,0,0
11495,3209.93,0,0,0,0,0.00,0,0,0
11545,3275.11,0,0,0,0,0.00,0,0,0
11595,3275.11,0,0,0,0,0.00,0,0,0
11645,3301.06,0,0,0,0,0.00,0,0,0
11695,3275.11,0,0,0,0,0.00,0,0,0
11745,3285.15,0,0,0,0,0.00,0,0,0
11795,3342.99,0,0,0,0,0.00,0,0,0
11845,3325.94,0,0,0,0,0.00,0,0,0
11895,3343.74,0,0,0,0,0.00,0,0,0
11945,3388.30,0,0,0,0,0.00,0,0,0
11995,3353.45,0,0,0,0,0.00,0,0,0
12045,3424.66,0,0,0,0,0.00,0,0,0
12095,3424.66,0,0,0,0,0.00,0,0,0
12145,3433.28,0,0,0,0,0.00,0,0,0
12195,3457.02,0,0,0,0,0.00,0,0,0
12246,3397.51,0,0,0,0,0.00,0,0,0
12296,3443.53,0,0,0,0,0.00,0,0,0
12346,3432.49,0,0,0,0,0.00,0,0,0
12396,3490.00,0,0,0,0,0.00,0,0,0
12446,3490.00,0,0,0,0,0.00,0,0,0
12496,3518.65,0,0,0,0,0.00,0,0,0
12546,3535.23,0,0,0,0,0.00,0,0,0
12596,3466.60,0,0,0,0,0.00,0,0,0
12646,3461.80,0,0,0,0,0.00,0,0,0
12696,3461.80,0,0,0,0,0.00,0,0,0
12746,3498.95,0,0,0,0,0.00,0,0,0
12796,3491.62,0,0,0,0,0.00,0,0,0
12846,3537.74,0,0,0,0,0.00,0,0,0
12896,3508.77,0,0,0,0,0.00,0,0,0
12946,3528.58,0,0,0,0,0.00,0,0,0
12996,3508.77,0,0,0,0,0.00,0,0,0
13046,3527.75,0,0,0,0,0.00,0,0,0
13096,3461.80,0,0,0,0,0.00,0,0,0
13146,3461.80,0,0,0,0,0.00,0,0,0
13196,3481.09,0,0,0,0,0.00,0,0,0
13246,3471.42,0,0,0,0,0.00,0,0,0
13296,3519.47,0,0,0,0,0.00,0,0,0
13346,3518.65,0,0,0,0,0.00,0,0,0
13396,3559.56,0,0,0,0,0.00,0,0,0
13446,3538.57,0,0,0,0,0.00,0,0,0
13496,3549.46,0,0,0,0,0.00,0,0,0
13546,3490.81,0,0,0,0,0.00,0,0,0
13596,3539.41,0,0,0,0,0.00,0,0,0
13646,3519.47,0,0,0,0,0.00,0,0,0
13696,3539.41,0,0,0,0,0.00,0,0,0
13746,3571.43,0,0,0,0,0.00,0,0,0
13796,3562.10,0,0,0,0,0.00,0,0,0
13846,3591.09,0,0,0,0,0.00,0,0,0
13896,3518.65,0,0,0,0,0.00,0,0,0
13946,3568.88,0,0,0,0,0.00,0,0,0
13996,3537.74,0,0,0,0,0.00,0,0,0
14046,3547.78,0,0,0,0,0.00,0,0,0
14096,3537.74,0,0,0,0,0.00,0,0,0
14146,3517.82,0,0,0,0,0.00,0,0,0
14196,3509.59,0,0,0,0,0.00,0,0,0
14246,3568.03,0,0,0,0,0.00,0,0,0
14296,3537.74,0,0,0,0,0.00,0,0,0
14346,3598.85,0,0,0,0,0.00,0,0,0
14396,3548.62,0,0,0,0,0.00,0,0,0
14446,3558.72,0,0,0,0,0.00,0,0,0
14496,3537.74,0,0,0,0,0.00,0,0,0
14546,3536.07,0,0,0,0,0.00,0,0,0
14596,3558.72,0,0,0,0,0.00,0,0,0
14646,3551.98,0,0,0,0,0.00,0,0,0
14696,3584.23,0,0,0,0,0.00,0,0,0
14746,3573.13,0,0,0,0,0.00,0,0,0
14796,3603.17,0,0,0,0,0.00,0,0,0
14846,3571.43,0,0,0,0,0.00,0,0,0
14896,3588.52,0,0,0,0,0.00,0,0,0
14946,3573.13,0,0,0,0,0.00,0,0,0
14996,3559.56,0,0,0,0,0.00,0,0,0
15046,3557.03,0,0,0,0,0.00,0,0,0
15096,3598.85,0,0,0,0,0.00,0,0,0
15147,3568.88,0,0,0,0,0.00,0,0,0
15197,3588.52,0,0,0,0,0.00,0,0,0
15247,3575.69,0,0,0,0,0.00,0,0,0
15297,3629.32,0,0,0,0,0.00,0,0,0
15347,3591.95,0,0,0,0,0.00,0,0,0
15397,3607.50,0,0,0,0,0.00,0,0,0
15447,3613.59,0,0,0,0,0.00,0,0,0
15497,3633.72,0,0,0,0,0.00,0,0,0
15547,3592.81,0,0,0,0,0.00,0,0,0
15597,3608.37,0,0,0,0,0.00,0,0,0
15647,3603.17,0,0,0,0,0.00,0,0,0
15697,3608.37,0,0,0,0,0.00,0,0,0
15747,3534.40,0,0,0,0,0.00,0,0,0
15797,3623.19,0,0,0,0,0.00,0,0,0
15847,3613.59,0,0,0,0,0.00,0,0,0
15897,3624.06,0,0,0,0,0.00,0,0,0
15947,3622.31,0,0,0,0,0.00,0,0,0
15997,3654.08,0,0,0,0,0.00,0,0,0
16047,3633.72,0,0,0,0,0.00,0,0,0
16097,3623.19,0,0,0,0,0.00,0,0,0
16147,3613.59,0,0,0,0,0.00,0,0,0
16197,3583.37,0,0,0,0,0.00,0,0,0
16247,3591.09,0,0,0,0,0.00,0,0,0
16297,3632.84,0,0,0,0,0.00,0,0,0
16347,3572.28,0,0,0,0,0.00,0,0,0
16397,3609.24,0,0,0,0,0.00,0,0,0
16447,3593.67,0,0,0,0,0.00,0,0,0
16497,3589.38,0,0,0,0,0.00,0,0,0
16547,3568.88,0,0,0,0,0.00,0,0,0
16598,3618.82,0,0,0,0,0.00,0,0,0
16648,3604.04,0,0,0,0,0.00,0,0,0
16698,3642.54,0,0,0,0,0.00,0,0,0
16748,3556.19,0,0,0,0,0.00,0,0,0
16798,3589.38,0,0,0,0,0.00,0,0,0
16848,3577.39,0,0,0,0,0.00,0,0,0
16898,3618.82,0,0,0,0,0.00,0,0,0
16948,3603.17,0,0,0,0,0.00,0,0,0
16998,3643.43,0,0,0,0,0.00,0,0,0
17048,3601.44,0,0,0,0,0.00,0,0,0
17098,3623.19,0,0,0,0,0.00,0,0,0
17148,3582.52,0,0,0,0,0.00,0,0,0
17198,3592.81,0,0,0,0,0.00,0,0,0
17248,3592.81,0,0,0,0,0.00,0,0,0
17298,3585.09,0,0,0,0,0.00,0,0,0
17348,3557.87,0,0,0,0,0.00,0,0,0
17398,3608.37,0,0,0,0,0.00,0,0,0
17448,3539.41,0,0,0,0,0.00,0,0,0
17498,3586.80,0,0,0,0,0.00,0,0,0
17548,3529.41,0,0,0,0,0.00,0,0,0
17598,3577.39,0,0,0,0,0.00,0,0,0
17648,3527.75,0,0,0,0,0.00,0,0,0
17698,3588.52,0,0,0,0,0.00,0,0,0
17748,3557.03,0,0,0,0,0.00,0,0,0
17798,3597.12,0,0,0,0,0.00,0,0,0
17848,3549.46,0,0,0,0,0.00,0,0,0
17898,3589.38,0,0,0,0,0.00,0,0,0
17948,3529.41,0,0,0,0,0.00,0,0,0
17998,3587.66,0,0,0,0,0.00,0,0,0
18048,3577.39,0,0,0,0,0.00,0,0,0
18098,3554.50,0,0,0,0,0.00,0,0,0
18148,3573.98,0,0,0,0,0.00,0,0,0
18198,3562.10,0,0,0,0,0.00,0,0,0
18248,3608.37,0,0,0,0,0.00,0,0,0
18298,3582.52,0,0,0,0,0.00,0,0,0
18348,3608.37,0,0,0,0,0.00,0,0,0
18398,3603.17,0,0,0,0,0.00,0,0,0
18448,3598.85,0,0,0,0,0.00,0,0,0
18498,3518.65,0,0,0,0,0.00,0,0,0
18548,3577.39,0,0,0,0,0.00,0,0,0
18598,3548.62,0,0,0,0,0.00,0,0,0
18648,3557.03,0,0,0,0,0.00,0,0,0
18698,3557.03,0,0,0,0,0.00,0,0,0
18748,3537.74,0,0,0,0,0.00,0,0,0
18798,3538.57,0,0,0,0,0.00,0,0,0
18848,3578.24,0,0,0,0,0.00,0,0,0
18898,3557.03,0,0,0,0,0.00,0,0,0
18948,3547.78,0,0,0,0,0.00,0,0,0
18998,3538.57,0,0,0,0,0.00,0,0,0
19048,3548.62,0,0,0,0,0.00,0,0,0
19098,3508.77,0,0,0,0,0.00,0,0,0
19148,3558.72,0,0,0,0,0.00,0,0,0
19198,3529.41,0,0,0,0,0.00,0,0,0
19248,3519.47,0,0,0,0,0.00,0,0,0
19298,3585.09,0,0,0,0,0.00,0,0,0
19348,3547.78,0,0,0,0,0.00,0,0,0
19398,3568.88,0,0,0,0,0.00,0,0,0
19448,3547.78,0,0,0,0,0.00,0,0,0
19499,3578.24,0,0,0,0,0.00,0,0,0
19549,3572.28,0,0,0,0,0.00,0,0,0
19599,3587.66,0,0,0,0,0.00,0,0,0
19649,3574.83,0,0,0,0,0.00,0,0,0
19699,3608.37,0,0,0,0,0.00,0,0,0
19749,3538.57,0,0,0,0,0.00,0,0,0
19799,3568.88,0,0,0,0,0.00,0,0,0
19849,3557.03,0,0,0,0,0.00,0,0,0
19899,3597.12,0,0,0,0,0.00,0,0,0
19949,3558.72,0,0,0,0,0.00,0,0,0
19999,3629.32,0,0,0,0,0.00,0,0,0
20049,3549.46,0,0,0,0,0.00,0,0,0
20099,3597.98,0,0,0,0,0.00,0,0,0
20149,3558.72,0,0,0,0,0.00,0,0,0
20199,3609.24,0,0,0,0,0.00,0,0,0
20249,3592.81,0,0,0,0,0.00,0,0,0
20299,3593.67,0,0,0,0,0.00,0,0,0
20349,3573.98,0,0,0,0,0.00,0,0,0
20399,3629.32,0,0,0,0,0.00,0,0,0
20449,3603.17,0,0,0,0,0.00,0,0,0
20499,3632.84,0,0,0,0,0.00,0,0,0
20549,3573.13,0,0,0,0,0.00,0,0,0
20599,3628.45,0,0,0,0,0.00,0,0,0
20649,3591.95,0,0,0,0,0.00,0,0,0
20699,3622.31,0,0,0,0,0.00,0,0,0
20749,3581.66,0,0,0,0,0.00,0,0,0
20799,3598.85,0,0,0,0,0.00,0,0,0
20849,3567.18,0,0,0,0,0.00,0,0,0
20899,3629.32,0,0,0,0,0.00,0,0,0
20950,3549.46,0,0,0,0,0.00,0,0,0
21000,3577.39,0,0,0,0,0.00,0,0,0
21050,3566.33,0,0,0,0,0.00,0,0,0
21100,3547.78,0,0,0,0,0.00,0,0,0
21150,3538.57,0,0,0,0,0.00,0,0,0
21200,3587.66,0,0,0,0,0.00,0,0,0
21250,3580.81,0,0,0,0,0.00,0,0,0
21300,3607.50,0,0,0,0,0.00,0,0,0
21350,3591.95,0,0,0,0,0.00,0,0,0
21400,3558.72,0,0,0,0,0.00,0,0,0
21450,3557.03,0,0,0,0,0.00,0,0,0
21500,3558.72,0,0,0,0,0.00,0,0,0
21550,3544.42,0,0,0,0,0.00,0,0,0
21600,3539.41,0,0,0,0,0.00,0,0,0
21650,3598.85,0,0,0,0,0.00,0,0,0
21700,3580.81,0,0,0,0,0.00,0,0,0
21750,3624.06,0,0,0,0,0.00,0,0,0
21800,3581.66,0,0,0,0,0.00,0,0,0
21850,3597.12,0,0,0,0,0.00,0,0,0
21900,3538.57,0,0,0,0,0.00,0,0,0
21950,3577.39,0,0,0,0,0.00,0,0,0
22000,3577.39,0,0,0,0,0.00,0,0,0
22050,3632.84,0,0,0,0,0.00,0,0,0
22100,3602.31,0,0,0,0,0.00,0,0,0
22150,3612.72,0,0,0,0,0.00,0,0,0
22200,3587.66,0,0,0,0,0.00,0,0,0
22250,3587.66,0,0,0,0,0.00,0,0,0
22300,3585.09,0,0,0,0,0.00,0,0,0
22350,3608.37,0,0,0,0,0.00,0,0,0
22400,3604.04,0,0,0,0,0.00,0,0,0
22450,3618.82,0,0,0,0,0.00,0,0,0
22500,3566.33,0,0,0,0,0.00,0,0,0
22550,3567.18,0,0,0,0,0.00,0,0,0
22600,3546.94,0,0,0,0,0.00,0,0,0
22650,3568.88,0,0,0,0,0.00,0,0,0
22700,3517.82,0,0,0,0,0.00,0,0,0
22750,3547.78,0,0,0,0,0.00,0,0,0
22800,3527.75,0,0,0,0,0.00,0,0,0
22850,3529.41,0,0,0,0,0.00,0,0,0
22900,3529.41,0,0,0,0,0.00,0,0,0
22950,3568.88,0,0,0,0,0.00,0,0,0
23000,3548.62,0,0,0,0,0.00,0,0,0
23050,3522.78,0,0,0,0,0.00,0,0,0
23100,3568.03,0,0,0,0,0.00,0,0,0
23150,3527.75,0,0,0,0,0.00,0,0,0
23200,3539.41,0,0,0,0,0.00,0,0,0
23250,3538.57,0,0,0,0,0.00,0,0,0
23300,3547.78,0,0,0,0,0.00,0,0,0
23350,3538.57,0,0,0,0,0.00,0,0,0
23400,3587.66,0,0,0,0,0.00,0,0,0
23450,3568.88,0,0,0,0,0.00,0,0,0
23500,3568.88,0,0,0,0,0.00,0,0,0
23550,3547.78,0,0,0,0,0.00,0,0,0
23600,3589.38,0,0,0,0,0.00,0,0,0
23650,3582.52,0,0,0,0,0.00,0,0,0
23700,3598.85,0,0,0,0,0.00,0,0,0
23750,3573.13,0,0,0,0,0.00,0,0,0
23800,3607.50,0,0,0,0,0.00,0,0,0
23851,3602.31,0,0,0,0,0.00,0,0,0
23901,3617.94,0,0,0,0,0.00,0,0,0
23951,3581.66,0,0,0,0,0.00,0,0,0
24001,3616.20,0,0,0,0,0.00,0,0,0
24051,3585.09,0,0,0,0,0.00,0,0,0
24101,3598.85,0,0,0,0,0.00,0,0,0
24151,3591.09,0,0,0,0,0.00,0,0,0
24201,3572.28,0,0,0,0,0.00,0,0,0
24251,3568.88,0,0,0,0,0.00,0,0,0
24301,3618.82,0,0,0,0,0.00,0,0,0
24351,3583.37,0,0,0,0,0.00,0,0,0
24401,3588.52,0,0,0,0,0.00,0,0,0
24451,3574.83,0,0,0,0,0.00,0,0,0
24501,3568.88,0,0,0,0,0.00,0,0,0
24551,3557.87,0,0,0,0,0.00,0,0,0
24601,3579.10,0,0,0,0,0.00,0,0,0
24651,3567.18,0,0,0,0,0.00,0,0,0
24701,3568.88,0,0,0,0,0.00,0,0,0
24751,3602.31,0,0,0,0,0.00,0,0,0
24801,3591.95,0,0,0,0,0.00,0,0,0
24851,3591.95,0,0,0,0,0.00,0,0,0
24901,3520.30,0,0,0,0,0.00,0,0,0
24951,3579.10,0,0,0,0,0.00,0,0,0
25001,3547.78,0,0,0,0,0.00,0,0,0
25051,3579.10,0,0,0,0,0.00,0,0,0
25101,3576.54,0,0,0,0,0.00,0,0,0
25151,3609.24,0,0,0,0,0.00,0,0,0
25201,3612.72,0,0,0,0,0.00,0,0,0
25251,3644.31,0,0,0,0,0.00,0,0,0
25302,3633.72,0,0,0,0,0.00,0,0,0
25352,3632.84,0,0,0,0,0.00,0,0,0
25402,3613.59,0,0,0,0,0.00,0,0,0
25452,3592.81,0,0,0,0,0.00,0,0,0
25502,3539.41,0,0,0,0,0.00,0,0,0
25552,3588.52,0,0,0,0,0.00,0,0,0
25602,3537.74,0,0,0,0,0.00,0,0,0
25652,3558.72,0,0,0,0,0.00,0,0,0
25702,3547.78,0,0,0,0,0.00,0,0,0
25752,3518.65,0,0,0,0,0.00,0,0,0
25802,3528.58,0,0,0,0,0.00,0,0,0
25852,3529.41,0,0,0,0,0.00,0,0,0
25902,3529.41,0,0,0,0,0.00,0,0,0
25952,3568.03,0,0,0,0,0.00,0,0,0
26002,3518.65,0,0,0,0,0.00,0,0,0
26052,3579.10,0,0,0,0,0.00,0,0,0
26102,3537.74,0,0,0,0,0.00,0,0,0
26152,3547.78,0,0,0,0,0.00,0,0,0
26202,3518.65,0,0,0,0,0.00,0,0,0
26252,3529.41,0,0,0,0,0.00,0,0,0
26302,3565.49,0,0,0,0,0.00,0,0,0
26352,3547.78,0,0,0,0,0.00,0,0,0
26402,3598.85,0,0,0,0,0.00,0,0,0
26452,3527.75,0,0,0,0,0.00,0,0,0
26502,3588.52,0,0,0,0,0.00,0,0,0
26552,3573.98,0,0,0,0,0.00,0,0,0
26602,3608.37,0,0,0,0,0.00,0,0,0
26652,3593.67,0,0,0,0,0.00,0,0,0
26702,3598.85,0,0,0,0,0.00,0,0,0
26752,3592.81,0,0,0,0,0.00,0,0,0
26802,3607.50,0,0,0,0,0.00,0,0,0
26852,3537.74,0,0,0,0,0.00,0,0,0
26902,3598.85,0,0,0,0,0.00,0,0,0
26952,3576.54,0,0,0,0,0.00,0,0,0
27002,3588.52,0,0,0,0,0.00,0,0,0
27052,3573.98,0,0,0,0,0.00,0,0,0
27102,3527.75,0,0,0,0,0.00,0,0,0
27152,3527.75,0,0,0,0,0.00,0,0,0
27202,3588.52,0,0,0,0,0.00,0,0,0
27252,3508.77,0,0,0,0,0.00,0,0,0
27302,3557.03,0,0,0,0,0.00,0,0,0
27352,3549.46,0,0,0,0,0.00,0,0,0
27402,3549.46,0,0,0,0,0.00,0,0,0
27452,3537.74,0,0,0,0,0.00,0,0,0
27502,3598.85,0,0,0,0,0.00,0,0,0
27552,3539.41,0,0,0,0,0.00,0,0,0
27602,3533.57,0,0,0,0,0.00,0,0,0
27652,3593.67,0,0,0,0,0.00,0,0,0
27702,3573.13,0,0,0,0,0.00,0,0,0
27752,3606.64,0,0,0,0,0.00,0,0,0
27802,3581.66,0,0,0,0,0.00,0,0,0
27852,3586.80,0,0,0,0,0.00,0,0,0
27902,3593.67,0,0,0,0,0.00,0,0,0
27952,3581.66,0,0,0,0,0.00,0,0,0
28002,3576.54,0,0,0,0,0.00,0,0,0
28052,3608.37,0,0,0,0,0.00,0,0,0
28102,3537.74,0,0,0,0,0.00,0,0,0
28152,3598.85,0,0,0,0,0.00,0,0,0
28203,3593.67,0,0,0,0,0.00,0,0,0
28253,3622.31,0,0,0,0,0.00,0,0,0
28303,3568.88,0,0,0,0,0.00,0,0,0
28353,3618.82,0,0,0,0,0.00,0,0,0
28403,3593.67,0,0,0,0,0.00,0,0,0
28453,3608.37,0,0,0,0,0.00,0,0,0
28503,3582.52,0,0,0,0,0.00,0,0,0
28553,3608.37,0,0,0,0,0.00,0,0,0
28603,3603.17,0,0,0,0,0.00,0,0,0
28653,3622.31,0,0,0,0,0.00,0,0,0
28703,3591.95,0,0,0,0,0.00,0,0,0
28753,3618.82,0,0,0,0,0.00,0,0,0
28803,3591.95,0,0,0,0,0.00,0,0,0
28853,3623.19,0,0,0,0,0.00,0,0,0
28903,3603.17,0,0,0,0,0.00,0,0,0
28953,3597.12,0,0,0,0,0.00,0,0,0
29003,3580.81,0,0,0,0,0.00,0,0,0
29053,3624.06,0,0,0,0,0.00,0,0,0
29103,3564.64,0,0,0,0,0.00,0,0,0
29153,3598.85,0,0,0,0,0.00,0,0,0
29203,3557.87,0,0,0,0,0.00,0,0,0
29253,3588.52,0,0,0,0,0.00,0,0,0
29303,3592.81,0,0,0,0,0.00,0,0,0
29353,3586.80,0,0,0,0,0.00,0,0,0
29403,3575.69,0,0,0,0,0.00,0,0,0
29453,3617.94,0,0,0,0,0.00,0,0,0
29503,3538.57,0,0,0,0,0.00,0,0,0
29553,3568.03,0,0,0,0,0.00,0,0,0
29603,3547.78,0,0,0,0,0.00,0,0,0
29654,3598.85,0,0,0,0,0.00,0,0,0
29704,3585.09,0,0,0,0,0.00,0,0,0
29754,3588.52,0,0,0,0,0.00,0,0,0
29804,3580.81,0,0,0,0,0.00,0,0,0
29854,3607.50,0,0,0,0,0.00,0,0,0
29904,3577.39,0,0,0,0,0.00,0,0,0
29954,3597.98,0,0,0,0,0.00,0,0,0
30004,3592.81,0,0,0,0,0.00,0,0,0
30054,3591.09,0,0,0,0,0.00,0,0,0
30104,3537.74,0,0,0,0,0.00,0,0,0
30154,3579.10,0,0,0,0,0.00,0,0,0
30204,3567.18,0,0,0,0,0.00,0,0,0
30254,3585.09,0,0,0,0,0.00,0,0,0
30304,3604.04,0,0,0,0,0.00,0,0,0
30354,3632.84,0,0,0,0,0.00,0,0,0
30404,3622.31,0,0,0,0,0.00,0,0,0
30454,3623.19,0,0,0,0,0.00,0,0,0
30504,3613.59,0,0,0,0,0.00,0,0,0
30554,3623.19,0,0,0,0,0.00,0,0,0
30604,3580.81,0,0,0,0,0.00,0,0,0
30654,3584.23,0,0,0,0,0.00,0,0,0
30704,3601.44,0,0,0,0,0.00,0,0,0
30754,3617.94,0,0,0,0,0.00,0,0,0
30804,3604.04,0,0,0,0,0.00,0,0,0
30854,3592.81,0,0,0,0,0.00,0,0,0
30904,3598.85,0,0,0,0,0.00,0,0,0
30954,3627.57,0,0,0,0,0.00,0,0,0
31004,3592.81,0,0,0,0,0.00,0,0,0
31054,3653.19,0,0,0,0,0.00,0,0,0
31104,3622.31,0,0,0,0,0.00,0,0,0
31154,3654.08,0,0,0,0,0.00,0,0,0
31204,3603.17,0,0,0,0,0.00,0,0,0
31254,3644.31,0,0,0,0,0.00,0,0,0
31304,3573.98,0,0,0,0,0.00,0,0,0
31354,3567.18,0,0,0,0,0.00,0,0,0
31404,3597.98,0,0,0,0,0.00,0,0,0
31454,3591.95,0,0,0,0,0.00,0,0,0
31504,3581.66,0,0,0,0,0.00,0,0,0
31554,3563.79,0,0,0,0,0.00,0,0,0
31604,3603.17,0,0,0,0,0.00,0,0,0
31654,3552.82,0,0,0,0,0.00,0,0,0
31704,3623.19,0,0,0,0,0.00,0,0,0
31754,3568.03,0,0,0,0,0.00,0,0,0
31804,3608.37,0,0,0,0,0.00,0,0,0
31854,3582.52,0,0,0,0,0.00,0,0,0
31904,3598.85,0,0,0,0,0.00,0,0,0
31954,3592.81,0,0,0,0,0.00,0,0,0
32004,3618.82,0,0,0,0,0.00,0,0,0
32054,3581.66,0,0,0,0,0.00,0,0,0
32104,3629.32,0,0,0,0,0.00,0,0,0
32154,3613.59,0,0,0,0,0.00,0,0,0
32204,3591.09,0,0,0,0,0.00,0,0,0
32254,3573.98,0,0,0,0,0.00,0,0,0
32304,3549.46,0,0,0,0,0.00,0,0,0
32354,3549.46,0,0,0,0,0.00,0,0,0
32404,3568.88,0,0,0,0,0.00,0,0,0
32454,3557.87,0,0,0,0,0.00,0,0,0
32504,3609.24,0,0,0,0,0.00,0,0,0
32555,3577.39,0,0,0,0,0.00,0,0,0
32605,3616.20,0,0,0,0,0.00,0,0,0
32655,3603.17,0,0,0,0,0.00,0,0,0
32705,3588.52,0,0,0,0,0.00,0,0,0
32755,3573.98,0,0,0,0,0.00,0,0,0
32805,3568.03,0,0,0,0,0.00,0,0,0
32855,3527.75,0,0,0,0,0.00,0,0,0
32905,3588.52,0,0,0,0,0.00,0,0,0
32955,3557.03,0,0,0,0,0.00,0,0,0
33005,3597.12,0,0,0,0,0.00,0,0,0
33055,3566.33,0,0,0,0,0.00,0,0,0
33105,3618.82,0,0,0,0,0.00,0,0,0
33155,3593.67,0,0,0,0,0.00,0,0,0
33205,3641.66,0,0,0,0,0.00,0,0,0
33255,3567.18,0,0,0,0,0.00,0,0,0
33305,3589.38,0,0,0,0,0.00,0,0,0
33355,3578.24,0,0,0,0,0.00,0,0,0
33405,3576.54,0,0,0,0,0.00,0,0,0
33455,3558.72,0,0,0,0,0.00,0,0,0
33505,3557.03,0,0,0,0,0.00,0,0,0
33555,3539.41,0,0,0,0,0.00,0,0,0
33605,3577.39,0,0,0,0,0.00,0,0,0
33655,3568.88,0,0,0,0,0.00,0,0,0
33705,3578.24,0,0,0,0,0.00,0,0,0
33755,3597.98,0,0,0,0,0.00,0,0,0
33805,3572.28,0,0,0,0,0.00,0,0,0
33855,3611.85,0,0,0,0,0.00,0,0,0
33905,3579.95,0,0,0,0,0.00,0,0,0
33955,3588.52,0,0,0,0,0.00,0,0,0
34006,3568.88,0,0,0,0,0.00,0,0,0
34056,3607.50,0,0,0,0,0.00,0,0,0
34106,3591.95,0,0,0,0,0.00,0,0,0
34156,3606.64,0,0,0,0,0.00,0,0,0
34206,3591.95,0,0,0,0,0.00,0,0,0
34256,3617.94,0,0,0,0,0.00,0,0,0
34306,3591.95,0,0,0,0,0.00,0,0,0
34356,3587.66,0,0,0,0,0.00,0,0,0
34406,3568.03,0,0,0,0,0.00,0,0,0
34456,3598.85,0,0,0,0,0.00,0,0,0
34506,3582.52,0,0,0,0,0.00,0,0,0
34556,3624.94,0,0,0,0,0.00,0,0,0
34606,3583.37,0,0,0,0,0.00,0,0,0
34656,3597.98,0,0,0,0,0.00,0,0,0
34706,3569.73,0,0,0,0,0.00,0,0,0
34756,3588.52,0,0,0,0,0.00,0,0,0
34806,3581.66,0,0,0,0,0.00,0,0,0
34856,3582.52,0,0,0,0,0.00,0,0,0
34906,3573.13,0,0,0,0,0.00,0,0,0
34956,3568.88,0,0,0,0,0.00,0,0,0
35006,3520.30,0,0,0,0,0.00,0,0,0
35056,3577.39,0,0,0,0,0.00,0,0,0
35106,3573.13,0,0,0,0,0.00,0,0,0
35156,3578.24,0,0,0,0,0.00,0,0,0
35206,3510.41,0,0,0,0,0.00,0,0,0
35256,3579.10,0,0,0,0,0.00,0,0,0
35306,3568.88,0,0,0,0,0.00,0,0,0
35356,3607.50,0,0,0,0,0.00,0,0,0
35406,3581.66,0,0,0,0,0.00,0,0,0
35456,3589.38,0,0,0,0,0.00,0,0,0
35506,3536.90,0,0,0,0,0.00,0,0,0
35556,3579.10,0,0,0,0,0.00,0,0,0
35606,3568.88,0,0,0,0,0.00,0,0,0
35656,3552.82,0,0,0,0,0.00,0,0,0
35706,3553.66,0,0,0,0,0.00,0,0,0
35756,3551.98,0,0,0,0,0.00,0,0,0
35806,3609.24,0,0,0,0,0.00,0,0,0
35856,3568.03,0,0,0,0,0.00,0,0,0
35906,3618.82,0,0,0,0,0.00,0,0,0
35956,3585.09,0,0,0,0,0.00,0,0,0
36006,3618.82,0,0,0,0,0.00,0,0,0
36056,3612.72,0,0,0,0,0.00,0,0,0
36106,3644.31,0,0,0,0,0.00,0,0,0
36156,3572.28,0,0,0,0,0.00,0,0,0
36206,3588.52,0,0,0,0,0.00,0,0,0
36256,3576.54,0,0,0,0,0.00,0,0,0
36306,3598.85,0,0,0,0,0.00,0,0,0
36356,3572.28,0,0,0,0,0.00,0,0,0
36406,3588.52,0,0,0,0,0.00,0,0,0
36456,3576.54,0,0,0,0,0.00,0,0,0
36506,3588.52,0,0,0,0,0.00,0,0,0
36556,3590.23,0,0,0,0,0.00,0,0,0
36606,3578.24,0,0,0,0,0.00,0,0,0
36656,3548.62,0,0,0,0,0.00,0,0,0
36706,3597.98,0,0,0,0,0.00,0,0,0
36756,3547.78,0,0,0,0,0.00,0,0,0
36806,3598.85,0,0,0,0,0.00,0,0,0
36856,3581.66,0,0,0,0,0.00,0,0,0
36907,3557.87,0,0,0,0,0.00,0,0,0
36957,3548.62,0,0,0,0,0.00,0,0,0
37007,3588.52,0,0,0,0,0.00,0,0,0
37057,3557.03,0,0,0,0,0.00,0,0,0
37107,3568.88,0,0,0,0,0.00,0,0,0
37157,3567.18,0,0,0,0,0.00,0,0,0
37207,3578.24,0,0,0,0,0.00,0,0,0
37257,3567.18,0,0,0,0,0.00,0,0,0
37307,3598.85,0,0,0,0,0.00,0,0,0
37357,3573.13,0,0,0,0,0.00,0,0,0
37407,3588.52,0,0,0,0,0.00,0,0,0
37457,3583.37,0,0,0,0,0.00,0,0,0
37507,3517.00,0,0,0,0,0.00,0,0,0
37557,3568.88,0,0,0,0,0.00,0,0,0
37607,3552.82,0,0,0,0,0.00,0,0,0
37657,3604.04,0,0,0,0,0.00,0,0,0
37707,3583.37,0,0,0,0,0.00,0,0,0
37757,3593.67,0,0,0,0,0.00,0,0,0
37807,3583.37,0,0,0,0,0.00,0,0,0
37857,3615.33,0,0,0,0,0.00,0,0,0
37907,3603.17,0,0,0,0,0.00,0,0,0
37957,3576.54,0,0,0,0,0.00,0,0,0
38007,3583.37,0,0,0,0,0.00,0,0,0
38057,3627.57,0,0,0,0,0.00,0,0,0
38107,3603.17,0,0,0,0,0.00,0,0,0
38157,3619.69,0,0,0,0,0.00,0,0,0
38207,3601.44,0,0,0,0,0.00,0,0,0
38257,3574.83,0,0,0,0,0.00,0,0,0
38307,3568.88,0,0,0,0,0.00,0,0,0
38358,3598.85,0,0,0,0,0.00,0,0,0
38408,3547.78,0,0,0,0,0.00,0,0,0
38458,3598.85,0,0,0,0,0.00,0,0,0
38508,3590.23,0,0,0,0,0.00,0,0,0
38558,3607.50,0,0,0,0,0.00,0,0,0
38608,3603.17,0,0,0,0,0.00,0,0,0
38658,3626.69,0,0,0,0,0.00,0,0,0
38708,3591.95,0,0,0,0,0.00,0,0,0
38758,3624.06,0,0,0,0,0.00,0,0,0
38808,3603.17,0,0,0,0,0.00,0,0,0
38858,3626.69,0,0,0,0,0.00,0,0,0
38908,3593.67,0,0,0,0,0.00,0,0,0
38958,3617.07,0,0,0,0,0.00,0,0,0
39008,3591.95,0,0,0,0,0.00,0,0,0
39058,3607.50,0,0,0,0,0.00,0,0,0
39108,3567.18,0,0,0,0,0.00,0,0,0
39158,3608.37,0,0,0,0,0.00,0,0,0
39208,3591.95,0,0,0,0,0.00,0,0,0
39258,3623.19,0,0,0,0,0.00,0,0,0
39308,3603.17,0,0,0,0,0.00,0,0,0
39358,3592.81,0,0,0,0,0.00,0,0,0
39408,3557.03,0,0,0,0,0.00,0,0,0
39458,3578.24,0,0,0,0,0.00,0,0,0
39508,3573.98,0,0,0,0,0.00,0,0,0
39558,3632.84,0,0,0,0,0.00,0,0,0
39608,3613.59,0,0,0,0,0.00,0,0,0
39658,3591.95,0,0,0,0,0.00,0,0,0
39708,3539.41,0,0,0,0,0.00,0,0,0
39758,3597.12,0,0,0,0,0.00,0,0,0
39808,3529.41,0,0,0,0,0.00,0,0,0
39858,3547.78,0,0,0,0,0.00,0,0,0
39908,3547.78,0,0,0,0,0.00,0,0,0
39958,3579.10,0,0,0,0,0.00,0,0,0
40008,3528.58,0,0,0,0,0.00,0,0,0
40058,3589.38,0,0,0,0,0.00,0,0,0
40108,3567.18,0,0,0,0,0.00,0,0,0
40158,3568.88,0,0,0,0,0.00,0,0,0
40208,3558.72,0,0,0,0,0.00,0,0,0
40258,3588.52,0,0,0,0,0.00,0,0,0
40308,3567.18,0,0,0,0,0.00,0,0,0
40358,3608.37,0,0,0,0,0.00,0,0,0
40408,3607.50,0,0,0,0,0.00,0,0,0
40458,3643.43,0,0,0,0,0.00,0,0,0
40508,3582.52,0,0,0,0,0.00,0,0,0
40558,3641.66,0,0,0,0,0.00,0,0,0
40608,3623.19,0,0,0,0,0.00,0,0,0
40658,3622.31,0,0,0,0,0.00,0,0,0
40708,3582.52,0,0,0,0,0.00,0,0,0
40758,3570.58,0,0,0,0,0.00,0,0,0
40808,3622.31,0,0,0,0,0.00,0,0,0
40858,3603.17,0,0,0,0,0.00,0,0,0
40908,3604.04,0,0,0,0,0.00,0,0,0
40958,3624.94,0,0,0,0,0.00,0,0,0
41008,3634.60,0,0,0,0,0.00,0,0,0
41058,3632.84,0,0,0,0,0.00,0,0,0
41108,3591.95,0,0,0,0,0.00,0,0,0
41158,3635.48,0,0,0,0,0.00,0,0,0
41208,3573.98,0,0,0,0,0.00,0,0,0
41259,3624.06,0,0,0,0,0.00,0,0,0
41309,3592.81,0,0,0,0,0.00,0,0,0
41359,3624.94,0,0,0,0,0.00,0,0,0
41409,3611.85,0,0,0,0,0.00,0,0,0
41459,3558.72,0,0,0,0,0.00,0,0,0
41509,3588.52,0,0,0,0,0.00,0,0,0
41559,3572.28,0,0,0,0,0.00,0,0,0
41609,3613.59,0,0,0,0,0.00,0,0,0
41659,3613.59,0,0,0,0,0.00,0,0,0
41709,3654.08,0,0,0,0,0.00,0,0,0
41759,3664.79,0,0,0,0,0.00,0,0,0
41809,3631.96,0,0,0,0,0.00,0,0,0
41859,3644.31,0,0,0,0,0.00,0,0,0
41909,3634.60,0,0,0,0,0.00,0,0,0
41959,3653.19,0,0,0,0,0.00,0,0,0
42009,3644.31,0,0,0,0,0.00,0,0,0
42059,3664.79,0,0,0,0,0.00,0,0,0
42109,3613.59,0,0,0,0,0.00,0,0,0
42159,3675.57,0,0,0,0,0.00,0,0,0
42209,3644.31,0,0,0,0,0.00,0,0,0
42259,3654.08,0,0,0,0,0.00,0,0,0
42309,3633.72,0,0,0,0,0.00,0,0,0
42359,3622.31,0,0,0,0,0.00,0,0,0
42409,3603.17,0,0,0,0,0.00,0,0,0
42459,3642.54,0,0,0,0,0.00,0,0,0
42509,3624.06,0,0,0,0,0.00,0,0,0
42559,3654.08,0,0,0,0,0.00,0,0,0
42609,3633.72,0,0,0,0,0.00,0,0,0
42659,3643.43,0,0,0,0,0.00,0,0,0
42710,3624.06,0,0,0,0,0.00,0,0,0
42760,3622.31,0,0,0,0,0.00,0,0,0
42810,3654.97,0,0,0,0,0.00,0,0,0
42860,3626.69,0,0,0,0,0.00,0,0,0
42910,3603.17,0,0,0,0,0.00,0,0,0
42960,3626.69,0,0,0,0,0.00,0,0,0
43010,3592.81,0,0,0,0,0.00,0,0,0
43060,3644.31,0,0,0,0,0.00,0,0,0
43110,3613.59,0,0,0,0,0.00,0,0,0
43160,3635.48,0,0,0,0,0.00,0,0,0
43210,3581.66,0,0,0,0,0.00,0,0,0
43260,3598.85,0,0,0,0,0.00,0,0,0
43310,3585.09,0,0,0,0,0.00,0,0,0
43360,3633.72,0,0,0,0,0.00,0,0,0
43410,3603.17,0,0,0,0,0.00,0,0,0
43460,3654.08,0,0,0,0,0.00,0,0,0
43510,3633.72,0,0,0,0,0.00,0,0,0
43560,3617.07,0,0,0,0,0.00,0,0,0
43610,3584.23,0,0,0,0,0.00,0,0,0
43660,3615.33,0,0,0,0,0.00,0,0,0
43710,3574.83,0,0,0,0,0.00,0,0,0
43760,3624.06,0,0,0,0,0.00,0,0,0
43810,3623.19,0,0,0,0,0.00,0,0,0
43860,3644.31,0,0,0,0,0.00,0,0,0
43910,3624.06,0,0,0,0,0.00,0,0,0
43960,3643.43,0,0,0,0,0.00,0,0,0
44010,3634.60,0,0,0,0,0.00,0,0,0
44060,3654.97,0,0,0,0,0.00,0,0,0
44110,3634.60,0,0,0,0,0.00,0,0,0
44160,3664.79,0,0,0,0,0.00,0,0,0
44210,3654.08,0,0,0,0,0.00,0,0,0
44260,3654.97,0,0,0,0,0.00,0,0,0
44310,3654.97,0,0,0,0,0.00,0,0,0
44360,3707.36,0,0,0,0,0.00,0,0,0
44410,3644.31,0,0,0,0,0.00,0,0,0
44460,3696.40,0,0,0,0,0.00,0,0,0
44510,3675.57,0,0,0,0,0.00,0,0,0
44560,3665.69,0,0,0,0,0.00,0,0,0
44610,3696.40,0,0,0,0,0.00,0,0,0
44660,3665.69,0,0,0,0,0.00,0,0,0
44710,3707.36,0,0,0,0,0.00,0,0,0
44760,3634.60,0,0,0,0,0.00,0,0,0
44810,3654.97,0,0,0,0,0.00,0,0,0
44860,3644.31,0,0,0,0,0.00,0,0,0
44910,3665.69,0,0,0,0,0.00,0,0,0
44960,3644.31,0,0,0,0,0.00,0,0,0
45010,3631.96,0,0,0,0,0.00,0,0,0
45060,3624.06,0,0,0,0,0.00,0,0,0
45110,3633.72,0,0,0,0,0.00,0,0,0
45160,3623.19,0,0,0,0,0.00,0,0,0
45210,3665.69,0,0,0,0,0.00,0,0,0
45260,3654.97,0,0,0,0,0.00,0,0,0
45310,3696.40,0,0,0,0,0.00,0,0,0
45360,3632.84,0,0,0,0,0.00,0,0,0
45410,3685.50,0,0,0,0,0.00,0,0,0
45460,3644.31,0,0,0,0,0.00,0,0,0
45510,3686.41,0,0,0,0,0.00,0,0,0
45560,3665.69,0,0,0,0,0.00,0,0,0
45611,3686.41,0,0,0,0,0.00,0,0,0
45661,3623.19,0,0,0,0,0.00,0,0,0
45711,3654.97,0,0,0,0,0.00,0,0,0
45761,3665.69,0,0,0,0,0.00,0,0,0
45811,3654.97,0,0,0,0,0.00,0,0,0
45861,3644.31,0,0,0,0,0.00,0,0,0
45911,3644.31,0,0,0,0,0.00,0,0,0
45961,3654.97,0,0,0,0,0.00,0,0,0
46011,3644.31,0,0,0,0,0.00,0,0,0
46061,3641.66,0,0,0,0,0.00,0,0,0
46111,3624.06,0,0,0,0,0.00,0,0,0
46161,3675.57,0,0,0,0,0.00,0,0,0
46211,3624.06,0,0,0,0,0.00,0,0,0
46261,3664.79,0,0,0,0,0.00,0,0,0
46311,3644.31,0,0,0,0,0.00,0,0,0
46361,3696.40,0,0,0,0,0.00,0,0,0
46411,3675.57,0,0,0,0,0.00,0,0,0
46461,3709.20,0,0,0,0,0.00,0,0,0
46511,3653.19,0,0,0,0,0.00,0,0,0
46561,3675.57,0,0,0,0,0.00,0,0,0
46611,3633.72,0,0,0,0,0.00,0,0,0
46661,3602.31,0,0,0,0,0.00,0,0,0
46711,3602.31,0,0,0,0,0.00,0,0,0
46761,3603.17,0,0,0,0,0.00,0,0,0
46811,3595.40,0,0,0,0,0.00,0,0,0
46861,3643.43,0,0,0,0,0.00,0,0,0
46911,3612.72,0,0,0,0,0.00,0,0,0
46961,3664.79,0,0,0,0,0.00,0,0,0
47011,3644.31,0,0,0,0,0.00,0,0,0
47062,3686.41,0,0,0,0,0.00,0,0,0
47112,3665.69,0,0,0,0,0.00,0,0,0
47162,3675.57,0,0,0,0,0.00,0,0,0
47212,3708.28,0,0,0,0,0.00,0,0,0
47262,3698.22,0,0,0,0,0.00,0,0,0
47312,3739.72,0,0,0,0,0.00,0,0,0
47362,3675.57,0,0,0,0,0.00,0,0,0
47412,3674.67,0,0,0,0,0.00,0,0,0
47462,3665.69,0,0,0,0,0.00,0,0,0
47512,3654.08,0,0,0,0,0.00,0,0,0
47562,3644.31,0,0,0,0,0.00,0,0,0
47612,3825.55,0,0,0,0,0.00,0,0,0
47662,3653.19,0,0,0,0,0.00,0,0,0
47712,3675.57,0,0,0,0,0.00,0,0,0
47762,3624.06,0,0,0,0,0.00,0,0,0
47812,3654.08,0,0,0,0,0.00,0,0,0
47862,3633.72,0,0,0,0,0.00,0,0,0
47912,3675.57,0,0,0,0,0.00,0,0,0
47962,3654.97,0,0,0,0,0.00,0,0,0
48012,3683.69,0,0,0,0,0.00,0,0,0
48062,3654.97,0,0,0,0,0.00,0,0,0
48112,3686.41,0,0,0,0,0.00,0,0,0
48162,3707.36,0,0,0,0,0.00,0,0,0
48212,3633.72,0,0,0,0,0.00,0,0,0
48262,3664.79,0,0,0,0,0.00,0,0,0
48312,3603.17,0,0,0,0,0.00,0,0,0
48362,3643.43,0,0,0,0,0.00,0,0,0
48412,3699.14,0,0,0,0,0.00,0,0,0
48462,3664.79,0,0,0,0,0.00,0,0,0
48512,3633.72,0,0,0,0,0.00,0,0,0
48562,3664.79,0,0,0,0,0.00,0,0,0
48612,3642.54,0,0,0,0,0.00,0,0,0
48662,3675.57,0,0,0,0,0.00,0,0,0
48712,3644.31,0,0,0,0,0.00,0,0,0
48762,3675.57,0,0,0,0,0.00,0,0,0
48812,3641.66,0,0,0,0,0.00,0,0,0
48862,3664.79,0,0,0,0,0.00,0,0,0
48912,3654.97,0,0,0,0,0.00,0,0,0
48962,3696.40,0,0,0,0,0.00,0,0,0
49012,3664.79,0,0,0,0,0.00,0,0,0
49062,3698.22,0,0,0,0,0.00,0,0,0
49112,3685.50,0,0,0,0,0.00,0,0,0
49162,3675.57,0,0,0,0,0.00,0,0,0
49212,3675.57,0,0,0,0,0.00,0,0,0
49262,3697.31,0,0,0,0,0.00,0,0,0
49312,3676.47,0,0,0,0,0.00,0,0,0
49362,3624.06,0,0,0,0,0.00,0,0,0
49412,3675.57,0,0,0,0,0.00,0,0,0
49462,3654.97,0,0,0,0,0.00,0,0,0
49512,3631.96,0,0,0,0,0.00,0,0,0
49562,3633.72,0,0,0,0,0.00,0,0,0
49612,3654.08,0,0,0,0,0.00,0,0,0
49662,3613.59,0,0,0,0,0.00,0,0,0
49712,3654.08,0,0,0,0,0.00,0,0,0
49762,3634.60,0,0,0,0,0.00,0,0,0
49812,3633.72,0,0,0,0,0.00,0,0,0
49862,3612.72,0,0,0,0,0.00,0,0,0
49912,3664.79,0,0,0,0,0.00,0,0,0
49963,3644.31,0,0,0,0,0.00,0,0,0
50013,3561.25,0,0,0,0,0.00,0,0,0
50063,3633.72,0,0,0,0,0.00,0,0,0
50113,3612.72,0,0,0,0,0.00,0,0,0
50163,3603.17,0,0,0,0,0.00,0,0,0
50213,3644.31,0,0,0,0,0.00,0,0,0
50263,3613.59,0,0,0,0,0.00,0,0,0
50313,3644.31,0,0,0,0,0.00,0,0,0
50363,3612.72,0,0,0,0,0.00,0,0,0
50413,3592.81,0,0,0,0,0.00,0,0,0
50463,3600.58,0,0,0,0,0.00,0,0,0
50513,3654.08,0,0,0,0,0.00,0,0,0
50563,3633.72,0,0,0,0,0.00,0,0,0
50613,3664.79,0,0,0,0,0.00,0,0,0
50663,3624.06,0,0,0,0,0.00,0,0,0
50713,3624.94,0,0,0,0,0.00,0,0,0
50763,3593.67,0,0,0,0,0.00,0,0,0
50813,3626.69,0,0,0,0,0.00,0,0,0
50863,3622.31,0,0,0,0,0.00,0,0,0
50913,3675.57,0,0,0,0,0.00,0,0,0
50963,3654.97,0,0,0,0,0.00,0,0,0
51013,3686.41,0,0,0,0,0.00,0,0,0
51063,3644.31,0,0,0,0,0.00,0,0,0
51113,3685.50,0,0,0,0,0.00,0,0,0
51163,3654.08,0,0,0,0,0.00,0,0,0
51213,3634.60,0,0,0,0,0.00,0,0,0
51263,3624.06,0,0,0,0,0.00,0,0,0
51313,3644.31,0,0,0,0,0.00,0,0,0
51363,3624.06,0,0,0,0,0.00,0,0,0
51414,3664.79,0,0,0,0,0.00,0,0,0
51464,3686.41,0,0,0,0,0.00,0,0,0
51514,3675.57,0,0,0,0,0.00,0,0,0
51564,3665.69,0,0,0,0,0.00,0,0,0
51614,3623.19,0,0,0,0,0.00,0,0,0
51664,3674.67,0,0,0,0,0.00,0,0,0
51714,3675.57,0,0,0,0,0.00,0,0,0
51764,3675.57,0,0,0,0,0.00,0,0,0
51814,3654.97,0,0,0,0,0.00,0,0,0
51864,3654.08,0,0,0,0,0.00,0,0,0
51914,3603.17,0,0,0,0,0.00,0,0,0
51964,3654.08,0,0,0,0,0.00,0,0,0
52014,3634.60,0,0,0,0,0.00,0,0,0
52064,3622.31,0,0,0,0,0.00,0,0,0
52114,3624.06,0,0,0,0,0.00,0,0,0
52164,3613.59,0,0,0,0,0.00,0,0,0
52214,3611.85,0,0,0,0,0.00,0,0,0
52264,3664.79,0,0,0,0,0.00,0,0,0
52314,3591.95,0,0,0,0,0.00,0,0,0
52364,3652.30,0,0,0,0,0.00,0,0,0
52414,3603.17,0,0,0,0,0.00,0,0,0
52464,3609.24,0,0,0,0,0.00,0,0,0
52514,3592.81,0,0,0,0,0.00,0,0,0
52564,3644.31,0,0,0,0,0.00,0,0,0
52614,3623.19,0,0,0,0,0.00,0,0,0
52664,3608.37,0,0,0,0,0.00,0,0,0
52714,3573.98,0,0,0,0,0.00,0,0,0
52764,3632.84,0,0,0,0,0.00,0,0,0
52814,3623.19,0,0,0,0,0.00,0,0,0
52864,3675.57,0,0,0,0,0.00,0,0,0
52914,3654.08,0,0,0,0,0.00,0,0,0
52964,3664.79,0,0,0,0,0.00,0,0,0
53014,3644.31,0,0,0,0,0.00,0,0,0
53064,3696.40,0,0,0,0,0.00,0,0,0
53114,3664.79,0,0,0,0,0.00,0,0,0
53164,3675.57,0,0,0,0,0.00,0,0,0
53214,3664.79,0,0,0,0,0.00,0,0,0
53264,3738.78,0,0,0,0,0.00,0,0,0
53314,3654.97,0,0,0,0,0.00,0,0,0
53364,3644.31,0,0,0,0,0.00,0,0,0
53414,3697.31,0,0,0,0,0.00,0,0,0
53464,3664.79,0,0,0,0,0.00,0,0,0
53514,3664.79,0,0,0,0,0.00,0,0,0
53564,3664.79,0,0,0,0,0.00,0,0,0
53614,3696.40,0,0,0,0,0.00,0,0,0
53664,3633.72,0,0,0,0,0.00,0,0,0
53714,3686.41,0,0,0,0,0.00,0,0,0
53764,3623.19,0,0,0,0,0.00,0,0,0
53814,3654.97,0,0,0,0,0.00,0,0,0
53864,3654.08,0,0,0,0,0.00,0,0,0
53914,3707.36,0,0,0,0,0.00,0,0,0
53964,3654.97,0,0,0,0,0.00,0,0,0
54014,3675.57,0,0,0,0,0.00,0,0,0
54064,3654.08,0,0,0,0,0.00,0,0,0
54114,3613.59,0,0,0,0,0.00,0,0,0
54164,3613.59,0,0,0,0,0.00,0,0,0
54214,3643.43,0,0,0,0,0.00,0,0,0
54264,3633.72,0,0,0,0,0.00,0,0,0
54315,3686.41,0,0,0,0,0.00,0,0,0
54365,3665.69,0,0,0,0,0.00,0,0,0
54415,3698.22,0,0,0,0,0.00,0,0,0
54465,3642.54,0,0,0,0,0.00,0,0,0
54515,3675.57,0,0,0,0,0.00,0,0,0
54565,3644.31,0,0,0,0,0.00,0,0,0
54615,3664.79,0,0,0,0,0.00,0,0,0
54665,3686.41,0,0,0,0,0.00,0,0,0
54715,3654.97,0,0,0,0,0.00,0,0,0
54765,3685.50,0,0,0,0,0.00,0,0,0
54815,3675.57,0,0,0,0,0.00,0,0,0
54865,3672.87,0,0,0,0,0.00,0,0,0
54915,3634.60,0,0,0,0,0.00,0,0,0
54965,3622.31,0,0,0,0,0.00,0,0,0
55015,3602.31,0,0,0,0,0.00,0,0,0
55065,3644.31,0,0,0,0,0.00,0,0,0
55115,3622.31,0,0,0,0,0.00,0,0,0
55165,3603.17,0,0,0,0,0.00,0,0,0
55215,3604.04,0,0,0,0,0.00,0,0,0
55265,3607.50,0,0,0,0,0.00,0,0,0
55315,3593.67,0,0,0,0,0.00,0,0,0
55365,3643.43,0,0,0,0,0.00,0,0,0
55415,3623.19,0,0,0,0,0.00,0,0,0
55465,3675.57,0,0,0,0,0.00,0,0,0
55515,3644.31,0,0,0,0,0.00,0,0,0
55565,3654.08,0,0,0,0,0.00,0,0,0
55615,3633.72,0,0,0,0,0.00,0,0,0
55665,3631.96,0,0,0,0,0.00,0,0,0
55715,3622.31,0,0,0,0,0.00,0,0,0
55766,3623.19,0,0,0,0,0.00,0,0,0
55816,3613.59,0,0,0,0,0.00,0,0,0
55866,3675.57,0,0,0,0,0.00,0,0,0
55916,3613.59,0,0,0,0,0.00,0,0,0
55966,3654.08,0,0,0,0,0.00,0,0,0
56016,3633.72,0,0,0,0,0.00,0,0,0
56066,3618.82,0,0,0,0,0.00,0,0,0
56116,3603.17,0,0,0,0,0.00,0,0,0
56166,3644.31,0,0,0,0,0.00,0,0,0
56216,3589.38,0,0,0,0,0.00,0,0,0
56266,3648.75,0,0,0,0,0.00,0,0,0
56316,3613.59,0,0,0,0,0.00,0,0,0
56366,3665.69,0,0,0,0,0.00,0,0,0
56416,3654.08,0,0,0,0,0.00,0,0,0
56466,3634.60,0,0,0,0,0.00,0,0,0
56516,3624.06,0,0,0,0,0.00,0,0,0
56566,3675.57,0,0,0,0,0.00,0,0,0
56616,3603.17,0,0,0,0,0.00,0,0,0
56666,3654.08,0,0,0,0,0.00,0,0,0
56716,3624.06,0,0,0,0,0.00,0,0,0
56766,3635.48,0,0,0,0,0.00,0,0,0
56816,3633.72,0,0,0,0,0.00,0,0,0
56866,3641.66,0,0,0,0,0.00,0,0,0
56916,3688.22,0,0,0,0,0.00,0,0,0
56966,3654.97,0,0,0,0,0.00,0,0,0
57016,3613.59,0,0,0,0,0.00,0,0,0
57066,3613.59,0,0,0,0,0.00,0,0,0
57116,3644.31,0,0,0,0,0.00,0,0,0
57166,3634.60,0,0,0,0,0.00,0,0,0
57216,3644.31,0,0,0,0,0.00,0,0,0
57266,3531.90,0,0,0,0,0.00,0,0,0
57316,3675.57,0,0,0,0,0.00,0,0,0
57366,3675.57,0,0,0,0,0.00,0,0,0
57416,3654.97,0,0,0,0,0.00,0,0,0
57466,3654.97,0,0,0,0,0.00,0,0,0
57516,3686.41,0,0,0,0,0.00,0,0,0
57566,3665.69,0,0,0,0,0.00,0,0,0
57616,3707.36,0,0,0,0,0.00,0,0,0
57666,3696.40,0,0,0,0,0.00,0,0,0
57716,3717.47,0,0,0,0,0.00,0,0,0
57766,3675.57,0,0,0,0,0.00,0,0,0
57816,3706.45,0,0,0,0,0.00,0,0,0
57866,3696.40,0,0,0,0,0.00,0,0,0
57916,3720.24,0,0,0,0,0.00,0,0,0
57966,3762.23,0,0,0,0,0.00,0,0,0
58016,3676.47,0,0,0,0,0.00,0,0,0
58066,3707.36,0,0,0,0,0.00,0,0,0
58116,3675.57,0,0,0,0,0.00,0,0,0
58166,3664.79,0,0,0,0,0.00,0,0,0
58216,3634.60,0,0,0,0,0.00,0,0,0
58266,3664.79,0,0,0,0,0.00,0,0,0
58316,3644.31,0,0,0,0,0.00,0,0,0
58366,3687.32,0,0,0,0,0.00,0,0,0
58416,3623.19,0,0,0,0,0.00,0,0,0
58466,3675.57,0,0,0,0,0.00,0,0,0
58516,3654.97,0,0,0,0,0.00,0,0,0
58566,3687.32,0,0,0,0,0.00,0,0,0
58616,3664.79,0,0,0,0,0.00,0,0,0
58667,3654.97,0,0,0,0,0.00,0,0,0
58717,3623.19,0,0,0,0,0.00,0,0,0
58767,3674.67,0,0,0,0,0.00,0,0,0
58817,3644.31,0,0,0,0,0.00,0,0,0
58867,3686.41,0,0,0,0,0.00,0,0,0
58917,3719.32,0,0,0,0,0.00,0,0,0
58967,3654.97,0,0,0,0,0.00,0,0,0
59017,3697.31,0,0,0,0,0.00,0,0,0
59067,3675.57,0,0,0,0,0.00,0,0,0
59117,3644.31,0,0,0,0,0.00,0,0,0
59167,3633.72,0,0,0,0,0.00,0,0,0
59217,3654.97,0,0,0,0,0.00,0,0,0
59267,3593.67,0,0,0,0,0.00,0,0,0
59317,3643.43,0,0,0,0,0.00,0,0,0
59367,3633.72,0,0,0,0,0.00,0,0,0
59417,3665.69,0,0,0,0,0.00,0,0,0
59467,3654.97,0,0,0,0,0.00,0,0,0
59517,3696.40,0,0,0,0,0.00,0,0,0
59567,3677.37,0,0,0,0,0.00,0,0,0
59617,3686.41,0,0,0,0,0.00,0,0,0
59667,3675.57,0,0,0,0,0.00,0,0,0
59717,3685.50,0,0,0,0,0.00,0,0,0
59767,3644.31,0,0,0,0,0.00,0,0,0
59817,3685.50,0,0,0,0,0.00,0,0,0
59867,3675.57,0,0,0,0,0.00,0,0,0
59917,3709.20,0,0,0,0,0.00,0,0,0
59967,3697.31,0,0,0,0,0.00,0,0,0
60017,3698.22,0,0,0,0,0.00,0,0,0
60067,3718.39,0,0,0,0,0.00,0,0,0
60118,3688.22,0,0,0,0,0.00,0,0,0
60168,3729.49,0,0,0,0,0.00,0,0,0
60218,3664.79,0,0,0,0,0.00,0,0,0
60268,3707.36,0,0,0,0,0.00,0,0,0
60318,3644.31,0,0,0,0,0.00,0,0,0
60368,3707.36,0,0,0,0,0.00,0,0,0
60418,3665.69,0,0,0,0,0.00,0,0,0
60468,3696.40,0,0,0,0,0.00,0,0,0
60518,3746.25,0,0,0,0,0.00,0,0,0
60568,3697.31,0,0,0,0,0.00,0,0,0
60618,3664.79,0,0,0,0,0.00,0,0,0
60668,3686.41,0,0,0,0,0.00,0,0,0
60718,3675.57,0,0,0,0,0.00,0,0,0
60768,3686.41,0,0,0,0,0.00,0,0,0
60818,3696.40,0,0,0,0,0.00,0,0,0
60868,3686.41,0,0,0,0,0.00,0,0,0
60918,3719.32,0,0,0,0,0.00,0,0,0
60968,3696.40,0,0,0,0,0.00,0,0,0
61018,3741.58,0,0,0,0,0.00,0,0,0
61068,3707.36,0,0,0,0,0.00,0,0,0
61118,3729.49,0,0,0,0,0.00,0,0,0
61168,3707.36,0,0,0,0,0.00,0,0,0
61218,3686.41,0,0,0,0,0.00,0,0,0
61268,3676.47,0,0,0,0,0.00,0,0,0
61318,3694.58,0,0,0,0,0.00,0,0,0
61368,3613.59,0,0,0,0,0.00,0,0,0
61418,3664.79,0,0,0,0,0.00,0,0,0
61468,3622.31,0,0,0,0,0.00,0,0,0
61518,3686.41,0,0,0,0,0.00,0,0,0
61568,3645.20,0,0,0,0,0.00,0,0,0
61618,3624.06,0,0,0,0,0.00,0,0,0
61668,3664.79,0,0,0,0,0.00,0,0,0
61718,3682.79,0,0,0,0,0.00,0,0,0
61768,3675.57,0,0,0,0,0.00,0,0,0
61818,3654.97,0,0,0,0,0.00,0,0,0
61868,3676.47,0,0,0,0,0.00,0,0,0
61918,3654.97,0,0,0,0,0.00,0,0,0
61968,3696.40,0,0,0,0,0.00,0,0,0
62018,3675.57,0,0,0,0,0.00,0,0,0
62068,3675.57,0,0,0,0,0.00,0,0,0
62118,3663.90,0,0,0,0,0.00,0,0,0
62168,3707.36,0,0,0,0,0.00,0,0,0
62218,3685.50,0,0,0,0,0.00,0,0,0
62268,3664.79,0,0,0,0,0.00,0,0,0
62318,3664.79,0,0,0,0,0.00,0,0,0
62368,3707.36,0,0,0,0,0.00,0,0,0
62418,3643.43,0,0,0,0,0.00,0,0,0
62468,3675.57,0,0,0,0,0.00,0,0,0
62518,3664.79,0,0,0,0,0.00,0,0,0
62568,3634.60,0,0,0,0,0.00,0,0,0
62618,3624.06,0,0,0,0,0.00,0,0,0
62668,3622.31,0,0,0,0,0.00,0,0,0
62718,3633.72,0,0,0,0,0.00,0,0,0
62768,3654.97,0,0,0,0,0.00,0,0,0
62818,3654.08,0,0,0,0,0.00,0,0,0
62868,3632.84,0,0,0,0,0.00,0,0,0
62918,3653.19,0,0,0,0,0.00,0,0,0
62968,3645.20,0,0,0,0,0.00,0,0,0
63019,3665.69,0,0,0,0,0.00,0,0,0
63069,3665.69,0,0,0,0,0.00,0,0,0
63119,3707.36,0,0,0,0,0.00,0,0,0
63169,3633.72,0,0,0,0,0.00,0,0,0
63219,3675.57,0,0,0,0,0.00,0,0,0
63269,3664.79,0,0,0,0,0.00,0,0,0
63319,3654.97,0,0,0,0,0.00,0,0,0
63369,3643.43,0,0,0,0,0.00,0,0,0
63419,3675.57,0,0,0,0,0.00,0,0,0
63469,3664.79,0,0,0,0,0.00,0,0,0
63519,3696.40,0,0,0,0,0.00,0,0,0
63569,3664.79,0,0,0,0,0.00,0,0,0
63619,3707.36,0,0,0,0,0.00,0,0,0
63669,3675.57,0,0,0,0,0.00,0,0,0
63719,3675.57,0,0,0,0,0.00,0,0,0
63769,3664.79,0,0,0,0,0.00,0,0,0
63819,3675.57,0,0,0,0,0.00,0,0,0
63869,3717.47,0,0,0,0,0.00,0,0,0
63919,3686.41,0,0,0,0,0.00,0,0,0
63969,3685.50,0,0,0,0,0.00,0,0,0
64019,3675.57,0,0,0,0,0.00,0,0,0
64069,3664.79,0,0,0,0,0.00,0,0,0
64119,3654.08,0,0,0,0,0.00,0,0,0
64169,3644.31,0,0,0,0,0.00,0,0,0
64219,3645.20,0,0,0,0,0.00,0,0,0
64269,3688.22,0,0,0,0,0.00,0,0,0
64319,3664.79,0,0,0,0,0.00,0,0,0
64369,3676.47,0,0,0,0,0.00,0,0,0
64419,3633.72,0,0,0,0,0.00,0,0,0
64470,3696.40,0,0,0,0,0.00,0,0,0
64520,3664.79,0,0,0,0,0.00,0,0,0
64570,3696.40,0,0,0,0,0.00,0,0,0
64620,3698.22,0,0,0,0,0.00,0,0,0
64670,3686.41,0,0,0,0,0.00,0,0,0
64720,3697.31,0,0,0,0,0.00,0,0,0
64770,3654.97,0,0,0,0,0.00,0,0,0
64820,3686.41,0,0,0,0,0.00,0,0,0
64870,3665.69,0,0,0,0,0.00,0,0,0
64920,3708.28,0,0,0,0,0.00,0,0,0
64970,3686.41,0,0,0,0,0.00,0,0,0
65020,3654.97,0,0,0,0,0.00,0,0,0
65070,3654.97,0,0,0,0,0.00,0,0,0
65120,3696.40,0,0,0,0,0.00,0,0,0
65170,3686.41,0,0,0,0,0.00,0,0,0
65220,3696.40,0,0,0,0,0.00,0,0,0
65270,3676.47,0,0,0,0,0.00,0,0,0
65320,3686.41,0,0,0,0,0.00,0,0,0
65370,3613.59,0,0,0,0,0.00,0,0,0
65420,3664.79,0,0,0,0,0.00,0,0,0
65470,3654.97,0,0,0,0,0.00,0,0,0
65520,3696.40,0,0,0,0,0.00,0,0,0
65570,3633.72,0,0,0,0,0.00,0,0,0
65620,3707.36,0,0,0,0,0.00,0,0,0
65670,3633.72,0,0,0,0,0.00,0,0,0
65720,3644.31,0,0,0,0,0.00,0,0,0
65770,3665.69,0,0,0,0,0.00,0,0,0
65820,3664.79,0,0,0,0,0.00,0,0,0
65870,3677.37,0,0,0,0,0.00,0,0,0
65920,3677.37,0,0,0,0,0.00,0,0,0
65970,3729.49,0,0,0,0,0.00,0,0,0
66020,3696.40,0,0,0,0,0.00,0,0,0
66070,3675.57,0,0,0,0,0.00,0,0,0
66120,3654.97,0,0,0,0,0.00,0,0,0
66170,3675.57,0,0,0,0,0.00,0,0,0
66220,3654.97,0,0,0,0,0.00,0,0,0
66270,3697.31,0,0,0,0,0.00,0,0,0
66320,3675.57,0,0,0,0,0.00,0,0,0
66370,3653.19,0,0,0,0,0.00,0,0,0
66420,3645.20,0,0,0,0,0.00,0,0,0
66470,3685.50,0,0,0,0,0.00,0,0,0
66520,3665.69,0,0,0,0,0.00,0,0,0
66570,3735.99,0,0,0,0,0.00,0,0,0
66620,3654.97,0,0,0,0,0.00,0,0,0
66670,3654.08,0,0,0,0,0.00,0,0,0
66720,3645.20,0,0,0,0,0.00,0,0,0
66770,3633.72,0,0,0,0,0.00,0,0,0
66820,3634.60,0,0,0,0,0.00,0,0,0
66870,3644.31,0,0,0,0,0.00,0,0,0
66920,3654.08,0,0,0,0,0.00,0,0,0
66970,3623.19,0,0,0,0,0.00,0,0,0
67020,3664.79,0,0,0,0,0.00,0,0,0
67070,3644.31,0,0,0,0,0.00,0,0,0
67120,3675.57,0,0,0,0,0.00,0,0,0
67170,3665.69,0,0,0,0,0.00,0,0,0
67220,3654.97,0,0,0,0,0.00,0,0,0
67270,3633.72,0,0,0,0,0.00,0,0,0
67320,3611.85,0,0,0,0,0.00,0,0,0
67371,3603.17,0,0,0,0,0.00,0,0,0
67421,3644.31,0,0,0,0,0.00,0,0,0
67471,3612.72,0,0,0,0,0.00,0,0,0
67521,3633.72,0,0,0,0,0.00,0,0,0
67571,3633.72,0,0,0,0,0.00,0,0,0
67621,3654.97,0,0,0,0,0.00,0,0,0
67671,3592.81,0,0,0,0,0.00,0,0,0
67721,3607.50,0,0,0,0,0.00,0,0,0
67771,3703.70,0,0,0,0,0.00,0,0,0
67821,3590.23,0,0,0,0,0.00,0,0,0
67871,3585.09,0,0,0,0,0.00,0,0,0
67921,3618.82,0,0,0,0,0.00,0,0,0
67971,3612.72,0,0,0,0,0.00,0,0,0
68021,3644.31,0,0,0,0,0.00,0,0,0
68071,3612.72,0,0,0,0,0.00,0,0,0
68121,3618.82,0,0,0,0,0.00,0,0,0
68171,3601.44,0,0,0,0,0.00,0,0,0
68221,3624.06,0,0,0,0,0.00,0,0,0
68271,3557.03,0,0,0,0,0.00,0,0,0
68321,3618.82,0,0,0,0,0.00,0,0,0
68371,3576.54,0,0,0,0,0.00,0,0,0
68421,3598.85,0,0,0,0,0.00,0,0,0
68471,3585.09,0,0,0,0,0.00,0,0,0
68521,3626.69,0,0,0,0,0.00,0,0,0
68571,3622.31,0,0,0,0,0.00,0,0,0
68621,3633.72,0,0,0,0,0.00,0,0,0
68671,3613.59,0,0,0,0,0.00,0,0,0
68721,3654.08,0,0,0,0,0.00,0,0,0
68771,3633.72,0,0,0,0,0.00,0,0,0
68822,3654.08,0,0,0,0,0.00,0,0,0
68872,3624.06,0,0,0,0,0.00,0,0,0
68922,3641.66,0,0,0,0,0.00,0,0,0
68972,3610.98,0,0,0,0,0.00,0,0,0
69022,3608.37,0,0,0,0,0.00,0,0,0
69072,3583.37,0,0,0,0,0.00,0,0,0
69122,3597.12,0,0,0,0,0.00,0,0,0
69172,3581.66,0,0,0,0,0.00,0,0,0
69222,3568.88,0,0,0,0,0.00,0,0,0
69272,3563.79,0,0,0,0,0.00,0,0,0
69322,3597.12,0,0,0,0,0.00,0,0,0
69372,3600.58,0,0,0,0,0.00,0,0,0
69422,3617.94,0,0,0,0,0.00,0,0,0
69472,3580.81,0,0,0,0,0.00,0,0,0
69522,3618.82,0,0,0,0,0.00,0,0,0
69572,3591.95,0,0,0,0,0.00,0,0,0
69622,3623.19,0,0,0,0,0.00,0,0,0
69672,3537.74,0,0,0,0,0.00,0,0,0
69722,3461.01,0,0,0,0,0.00,0,0,0
69772,3414.52,0,0,0,0,0.00,0,0,0
69822,3336.30,0,0,0,0,0.00,0,0,0
69872,3250.27,0,0,0,0,0.00,0,0,0
69922,3162.56,0,0,0,0,0.00,0,0,0
69972,3115.26,0,0,0,0,0.00,0,0,0
70022,3033.98,0,0,0,0,0.00,0,0,0
70072,2976.78,0,0,0,0,0.00,0,0,0
70122,2896.31,0,0,0,0,0.00,0,0,0
70172,2838.76,0,0,0,0,0.00,0,0,0
70222,2782.41,0,0,0,0,0.00,0,0,0
70272,2705.63,0,0,0,0,0.00,0,0,0
70322,2649.71,0,0,0,0,0.00,0,0,0
70372,2595.16,0,0,0,0,0.00,0,0,0
70422,2538.93,0,0,0,0,0.00,0,0,0
70472,2485.09,0,0,0,0,0.00,0,0,0
70522,2427.58,0,0,0,0,0.00,0,0,0
70572,2368.92,0,0,0,0,0.00,0,0,0
70622,2313.39,0,0,0,0,0.00,0,0,0
70672,2255.98,0,0,0,0,0.00,0,0,0
70722,2197.48,0,0,0,0,0.00,0,0,0
70772,2163.25,0,0,0,0,0.00,0,0,0
70822,2221.89,0,0,0,0,0.00,0,0,0
70872,2046.38,0,0,0,0,0.00,0,0,0
70922,1985.18,0,0,0,0,0.00,0,0,0
70972,1969.28,0,0,0,0,0.00,0,0,0
71022,1911.07,0,0,0,0,0.00,0,0,0
71072,1868.69,0,0,0,0,0.00,0,0,0
71122,1807.88,0,0,0,0,0.00,0,0,0
71172,1792.54,0,0,0,0,0.00,0,0,0
71222,1732.10,0,0,0,0,0.00,0,0,0
71272,1683.50,0,0,0,0,0.00,0,0,0
71322,1622.15,0,0,0,0,0.00,0,0,0
71372,1609.27,0,0,0,0,0.00,0,0,0
71422,1559.74,0,0,0,0,0.00,0,0,0
71472,1546.71,0,0,0,0,0.00,0,0,0
71522,1482.51,0,0,0,0,0.00,0,0,0
71572,1428.84,0,0,0,0,0.00,0,0,0
71622,1419.51,0,0,0,0,0.00,0,0,0
71672,1361.78,0,0,0,0,0.00,0,0,0
71723,1351.59,0,0,0,0,0.00,0,0,0
71773,1294.33,0,0,0,0,0.00,0,0,0
71823,1284.91,0,0,0,0,0.00,0,0,0
71873,1221.10,0,0,0,0,0.00,0,0,0
71923,1215.36,0,0,0,0,0.00,0,0,0
71973,1148.46,0,0,0,0,0.00,0,0,0
72023,1143.38,0,0,0,0,0.00,0,0,0
72073,1071.28,0,0,0,0,0.00,0,0,0
72123,1068.53,0,0,0,0,0.00,0,0,0
72173,1001.54,0,0,0,0,0.00,0,0,0
72223,986.06,0,0,0,0,0.00,0,0,0
72273,986.06,0,0,0,0,0.00,0,0,0
72323,907.61,0,0,0,0,0.00,0,0,0
72373,901.77,0,0,0,0,0.00,0,0,0
72423,901.77,0,0,0,0,0.00,0,0,0
72473,823.32,0,0,0,0,0.00,0,0,0
72523,810.59,0,0,0,0,0.00,0,0,0
72573,810.59,0,0,0,0,0.00,0,0,0
72623,732.03,0,0,0,0,0.00,0,0,0
72673,708.15,0,0,0,0,0.00,0,0,0
72723,708.15,0,0,0,0,0.00,0,0,0
72773,624.14,0,0,0,0,0.00,0,0,0
72823,624.14,0,0,0,0,0.00,0,0,0
72873,594.77,0,0,0,0,0.00,0,0,0
72923,594.77,0,0,0,0,0.00,0,0,0
72973,594.77,0,0,0,0,0.00,0,0,0
73023,498.14,0,0,0,0,0.00,0,0,0
73073,498.14,0,0,0,0,0.00,0,0,0
73123,455.01,0,0,0,0,0.00,0,0,0
73174,455.01,0,0,0,0,0.00,0,0,0
73224,455.01,0,0,0,0,0.00,0,0,0
73274,455.01,0,0,0,0,0.00,0,0,0
73324,331.63,0,0,0,0,0.00,0,0,0
73374,331.63,0,0,0,0,0.00,0,0,0
73424,331.63,0,0,0,0,0.00,0,0,0
73474,331.63,0,0,0,0,0.00,0,0,0
73524,0.00,0,0,0,0,0.00,0,0,0
73574,231.00,0,0,0,0,0.00,0,0,0
73624,231.00,0,0,0,0,0.00,0,0,0
73674,231.00,0,0,0,0,0.00,0,0,0
73724,231.00,0,0,0,0,0.00,0,0,0
73774,0.00,0,0,0,0,0.00,0,0,0
73824,0.00,0,0,0,0,0.00,0,0,0
73874,0.00,0,0,0,0,0.00,0,0,0
73924,0.00,0,0,0,0,0.00,0,0,0
73974,0.00,0,0,0,0,0.00,0,0,0
74024,0.00,0,0,0,0,0.00,0,0,0
74074,0.00,0,0,0,0,0.00,0,0,0
74124,0.00,0,0,0,0,0.00,0,0,0
74174,0.00,0,0,0,0,0.00,0,0,0
74224,0.00,0,0,0,0,0.00,0,0,0
74274,0.00,0,0,0,0,0.00,0,0,0
74324,0.00,0,0,0,0,0.00,0,0,0
74374,0.00,0,0,0,0,0.00,0,0,0
74424,0.00,0,0,0,0,0.00,0,0,0
74474,0.00,0,0,0,0,0.00,0,0,0
74524,0.00,0,0,0,0,0.00,0,0,0
74574,0.00,0,0,0,0,0.00,0,0,0
74624,0.00,0,0,0,0,0.00,0,0,0
74674,0.00,0,0,0,0,0.00,0,0,0
74724,0.00,0,0,0,0,0.00,0,0,0
74774,0.00,0,0,0,0,0.00,0,0,0
74824,0.00,0,0,0,0,0.00,0,0,0
74874,0.00,0,0,0,0,0.00,0,0,0
74924,0.00,0,0,0,0,0.00,0,0,0
74974,0.00,0,0,0,0,0.00,0,0,0
75024,0.00,0,0,0,0,0.00,0,0,0
75074,0.00,0,0,0,0,0.00,0,0,0
75124,0.00,0,0,0,0,0.00,0,0,0
75174,0.00,0,0,0,0,0.00,0,0,0
75224,0.00,0,0,0,0,0.00,0,0,0
75274,0.00,0,0,0,0,0.00,0,0,0
75324,0.00,0,0,0,0,0.00,0,0,0
75374,0.00,0,0,0,0,0.00,0,0,0
75424,0.00,0,0,0,0,0.00,0,0,0
75474,0.00,0,0,0,0,0.00,0,0,0
75524,0.00,0,0,0,0,0.00,0,0,0
75574,0.00,0,0,0,0,0.00,0,0,0
75624,0.00,0,0,0,0,0.00,0,0,0
75674,0.00,0,0,0,0,0.00,0,0,0
75724,0.00,0,0,0,0,0.00,0,0,0
75774,0.00,0,0,0,0,0.00,0,0,0
75824,0.00,0,0,0,0,0.00,0,0,0
75874,0.00,0,0,0,0,0.00,0,0,0
75924,0.00,0,0,0,0,0.00,0,0,0
75974,0.00,0,0,0,0,0.00,0,0,0
76024,0.00,0,0,0,0,0.00,0,0,0
76075,0.00,0,0,0,0,0.00,0,0,0
76125,0.00,0,0,0,0,0.00,0,0,0
76175,0.00,0,0,0,0,0.00,0,0,0
76225,0.00,0,0,0,0,0.00,0,0,0
76275,0.00,0,0,0,0,0.00,0,0,0
76325,0.00,0,0,0,0,0.00,0,0,0
76375,0.00,0,0,0,0,0.00,0,0,0
76425,0.00,0,0,0,0,0.00,0,0,0
76475,0.00,0,0,0,0,0.00,0,0,0
76525,0.00,0,0,0,0,0.00,0,0,0
76575,0.00,0,0,0,0,0.00,0,0,0
76625,0.00,0,0,0,0,0.00,0,0,0
76675,0.00,0,0,0,0,0.00,0,0,0
76725,0.00,0,0,0,0,0.00,0,0,0
76775,0.00,0,0,0,0,0.00,0,0,0
76825,0.00,0,0,0,0,0.00,0,0,0
76875,0.00,0,0,0,0,0.00,0,0,0
76925,0.00,0,0,0,0,0.00,0,0,0
76975,0.00,0,0,0,0,0.00,0,0,0
77025,0.00,0,0,0,0,0.00,0,0,0
77075,0.00,0,0,0,0,0.00,0,0,0
77125,0.00,0,0,0,0,0.00,0,0,0
77175,0.00,0,0,0,0,0.00,0,0,0
77225,0.00,0,0,0,0,0.00,0,0,0
77275,0.00,0,0,0,0,0.00,0,0,0
77325,0.00,0,0,0,0,0.00,0,0,0
77375,0.00,0,0,0,0,0.00,0,0,0
77425,0.00,0,0,0,0,0.00,0,0,0
77475,0.00,0,0,0,0,0.00,0,0,0
77526,0.00,0,0,0,0,0.00,0,0,0
77576,0.00,0,0,0,0,0.00,0,0,0
77626,0.00,0,0,0,0,0.00,0,0,0
77676,0.00,0,0,0,0,0.00,0,0,0
77726,0.00,0,0,0,0,0.00,0,0,0
77776,0.00,0,0,0,0,0.00,0,0,0
77826,0.00,0,0,0,0,0.00,0,0,0
77876,0.00,0,0,0,0,0.00,0,0,0
77926,0.00,0,0,0,0,0.00,0,0,0
77976,0.00,0,0,0,0,0.00,0,0,0
78026,0.00,0,0,0,0,0.00,0,0,0
78076,0.00,0,0,0,0,0.00,0,0,0
78126,0.00,0,0,0,0,0.00,0,0,0
78176,0.00,0,0,0,0,0.00,0,0,0
78226,0.00,0,0,0,0,0.00,0,0,0
78276,0.00,0,0,0,0,0.00,0,0,0
78326,0.00,0,0,0,0,0.00,0,0,0
78376,0.00,0,0,0,0,0.00,0,0,0
78426,0.00,0,0,0,0,0.00,0,0,0
78476,0.00,0,0,0,0,0.00,0,0,0
78526,0.00,0,0,0,0,0.00,0,0,0
78576,0.00,0,0,0,0,0.00,0,0,0
78626,0.00,0,0,0,0,0.00,0,0,0
78676,0.00,0,0,0,0,0.00,0,0,0
78726,0.00,0,0,0,0,0.00,0,0,0
78776,0.00,0,0,0,0,0.00,0,0,0
78826,0.00,0,0,0,0,0.00,0,0,0
78876,0.00,0,0,0,0,0.00,0,0,0
78926,0.00,0,0,0,0,0.00,0,0,0
78976,0.00,0,0,0,0,0.00,0,0,0
79026,0.00,0,0,0,0,0.00,0,0,0
79076,0.00,0,0,0,0,0.00,0,0,0
79126,0.00,0,0,0,0,0.00,0,0,0
79176,0.00,0,0,0,0,0.00,0,0,0
79226,0.00,0,0,0,0,0.00,0,0,0
79276,0.00,0,0,0,0,0.00,0,0,0
79326,0.00,0,0,0,0,0.00,0,0,0
79376,0.00,0,0,0,0,0.00,0,0,0
79426,0.00,0,0,0,0,0.00,0,0,0
79476,0.00,0,0,0,0,0.00,0,0,0
79526,0.00,0,0,0,0,0.00,0,0,0
79576,0.00,0,0,0,0,0.00,0,0,0
79626,0.00,0,0,0,0,0.00,0,0,0
79676,0.00,0,0,0,0,0.00,0,0,0
79726,0.00,0,0,0,0,0.00,0,0,0
79776,0.00,0,0,0,0,0.00,0,0,0
79826,0.00,0,0,0,0,0.00,0,0,0
79876,0.00,0,0,0,0,0.00,0,0,0
79926,0.00,0,0,0,0,0.00,0,0,0
