----g, PID p, PID i, PID d, RPM Change
------ Microcontroller Engine Governor - Version: 1.16 ------
-------------------------------------------------------------
PID Gains:        Kp: 0.020000   Ki: 0.005000   Kd: 8.000000
-------------------------------------------------------------
Set RPM:             3600    |  Min RPM:                300
                             |
RPM Precision        2       |  PID I Precision:         202
                             |
Start Steps:         850     |  Max Steps:               1200
                             |
RPM Calc Interval:   1       |  Num Magnets:             1
                             |
LCD Update Interval: 400     |  Serial Update Interval:  50
-------------------------------------------------------------

Time,RPM,Steps Remaining, PID p, PID i, PID d, RPM Change
1643,0.00,0,0,0,0,0.00
1693,0.00,0,0,0,0,0.00
1743,0.00,0,0,0,0,0.00
1793,0.00,0,0,0,0,0.00
1843,0.00,0,0,0,0,0.00
1893,0.00,0,0,0,0,0.00
1943,0.00,0,0,0,0,0.00
1993,0.00,0,0,0,0,0.00
2043,0.00,0,0,0,0,0.00
2093,0.00,0,0,0,0,0.00
2143,0.00,0,0,0,0,0.00
2193,0.00,0,0,0,0,0.00
2243,0.00,0,0,0,0,0.00
2293,0.00,0,0,0,0,0.00
2343,0.00,0,0,0,0,0.00
2393,0.00,0,0,0,0,0.00
2443,0.00,0,0,0,0,0.00
2493,0.00,0,0,0,0,0.00
2543,0.00,0,0,0,0,0.00
2593,0.00,0,0,0,0,0.00
2643,0.00,0,0,0,0,0.00
2693,0.00,0,0,0,0,0.00
2743,0.00,0,0,0,0,0.00
2793,0.00,0,0,0,0,0.00
2843,0.00,0,0,0,0,0.00
2893,0.00,0,0,0,0,0.00
2944,0.00,0,0,0,0,0.00
2994,0.00,0,0,0,0,0.00
3044,0.00,0,0,0,0,0.00
3094,0.00,0,0,0,0,0.00
3144,0.00,0,0,0,0,0.00
3194,0.00,0,0,0,0,0.00
3244,0.00,0,0,0,0,0.00
3294,0.00,0,0,0,0,0.00
3344,0.00,0,0,0,0,0.00
3394,0.00,0,0,0,0,0.00
3444,0.00,0,0,0,0,0.00
3494,0.00,0,0,0,0,0.00
3544,0.00,0,0,0,0,0.00
3594,0.00,0,0,0,0,0.00
3644,0.00,0,0,0,0,0.00
3694,0.00,0,0,0,0,0.00
3744,0.00,0,0,0,0,0.00
3794,0.00,0,0,0,0,0.00
3844,inf,0,0,0,0,inf
3894,inf,0,0,0,0,inf
3944,inf,0,0,0,0,inf
3994,385.66,25,64,0,0,inf
4044,385.66,0,64,0,0,inf
4094,612.32,2,59,0,-18,-226.66
4144,1055.59,0,50,0,-63,-443.27
4194,1059.40,23,50,0,0,-3.80
4244,1449.28,0,43,0,-76,-389.88
4294,1675.98,0,38,0,-46,-207.84
4344,1724.53,1,37,0,-11,-48.56
4395,1922.09,20,33,0,-1,-7.12
4445,2176.12,-8,28,0,-41,-144.43
4495,2261.08,22,26,0,-2,-8.15
4545,2428.36,-1,23,0,-26,-81.31
4595,2490.87,23,22,0,5,17.08
4645,2622.84,-3,19,0,-29,-81.32
4695,2684.80,11,18,0,5,15.47
4745,2798.51,0,16,0,-9,-24.33
4795,2976.78,-17,12,0,-36,-94.94
4845,3007.82,-8,11,0,-36,-96.33
4895,3033.37,69,11,0,67,169.02
4945,3348.21,-167,5,0,-175,-161.47
4995,3340.01,-161,5,0,-181,-150.56
5045,3398.28,0,4,1,0,136.96
5095,3512.06,0,1,8,0,-67.74
5145,3540.24,56,1,64,0,-0.84
5195,3759.40,495,-3,507,0,-219.16
5245,3758.46,4034,-3,4049,0,0.00
5295,4008.55,-140,-8,0,-143,-251.04
5345,4260.15,-264,-13,0,-255,-479.91
5395,4027.93,0,-8,0,0,341.43
5445,4030.09,-7,-8,0,0,87.39
5495,4193.46,-97,-11,0,-93,-164.45
5545,4027.93,0,-8,0,0,85.04
5595,3778.34,-2,-3,0,0,536.97
5645,4260.15,-262,-13,0,-256,-480.86
5695,3779.29,0,-3,0,0,402.48
5745,4131.09,-182,-10,0,-188,-352.76
5795,4095.00,-184,-9,0,-180,-316.67
5846,3779.29,0,-3,0,0,220.71
5896,3778.34,0,-3,0,0,18.17
5946,3757.52,0,-3,0,0,22.73
5996,3711.95,0,-2,0,0,24.97
6046,3624.94,0,0,0,0,76.02
6096,3562.95,0,0,0,0,132.55
6146,3498.13,0,2,0,0,174.74
6196,3421.53,0,3,0,0,21.99
6246,3394.43,0,4,0,0,23.20
6296,3442.74,0,3,0,0,-46.77
6346,3412.97,0,3,0,0,16.39
6396,3473.83,1,2,0,0,-43.69
6446,3499.77,0,2,0,0,-50.70
6496,3483.51,0,2,0,0,34.31
6546,3557.87,0,0,0,0,-42.52
6596,3561.25,0,0,0,0,34.14
6646,3647.86,0,0,0,0,-51.60
6696,3647.86,0,0,0,0,25.01
6746,3707.36,0,-2,0,0,-34.50
6796,3711.95,0,-2,0,0,24.97
6846,3747.19,-1,-2,0,0,26.40
6896,3789.79,0,-3,0,0,-21.90
6946,3774.53,0,-3,0,0,104.44
6996,3773.58,0,-3,0,0,-26.40
7046,3727.63,0,-2,0,0,46.90
7096,3728.56,0,-2,0,0,-35.80
7146,3667.48,0,-1,0,0,18.93
7196,3687.32,0,-1,0,0,-30.56
7246,3617.94,0,0,0,0,35.25
7296,3579.95,0,0,0,0,16.31
7346,3545.26,0,1,0,0,38.11
7396,3512.06,0,1,0,0,-10.66
7446,3478.66,0,2,0,0,17.84
7496,3525.26,0,1,0,0,-41.75
7546,3503.85,0,1,0,0,28.88
7596,3523.61,0,1,0,0,-40.10
7646,3525.26,0,1,0,0,27.55
7696,3575.69,0,0,0,0,-32.10
7746,3544.42,0,1,0,0,26.15
7796,3600.58,0,0,0,0,22.99
7846,3537.74,0,1,0,0,7.53
7896,3562.10,0,0,0,0,14.44
7946,3620.56,0,0,0,0,129.44
7996,3610.98,0,0,0,0,212.63
8046,3557.87,0,0,0,0,357.55
8096,3727.63,-1,-2,0,0,-168.07
8146,3590.23,0,0,0,0,6.89
8196,3585.94,0,0,0,0,26.77
8246,3591.09,0,0,0,0,183.44
8296,3517.00,0,1,0,0,160.37
8346,3585.09,0,0,0,0,-37.31
8396,3562.10,0,0,0,0,35.02
8446,3545.26,0,1,0,0,17.68
8496,3537.74,0,1,0,0,10.04
8546,3596.26,0,0,0,0,-41.76
8596,3577.39,0,0,0,0,42.30
8646,3575.69,0,0,0,0,-32.10
8696,3562.95,0,0,0,0,19.57
8747,3581.66,0,0,0,0,-13.63
8797,3562.95,0,0,0,0,26.43
8847,3601.44,0,0,0,0,20.52
8897,3586.80,0,0,0,0,23.31
8947,3631.96,0,0,0,0,-54.57
8997,3581.66,0,0,0,0,9.43
9047,3610.98,0,0,0,0,-24.18
9097,3586.80,0,0,0,0,32.89
9147,3614.46,0,0,0,0,-8.69
9197,3605.77,0,0,0,0,37.66
9247,3631.96,0,0,0,0,-26.19
9297,3619.69,0,0,0,0,33.50
9347,3646.97,0,0,0,0,-17.65
9397,3624.94,0,0,0,0,18.49
9447,3663.00,0,-1,0,0,-38.06
9497,3615.33,0,0,0,0,19.27
9547,3654.08,0,-1,0,0,-40.49
9597,3634.60,0,0,0,0,8.83
9647,3663.90,0,-1,0,0,-34.57
9697,3657.64,0,-1,0,0,16.12
9747,3640.78,0,0,0,0,16.87
9797,3629.32,0,0,0,0,33.68
9847,3653.19,0,-1,0,0,-37.86
9897,3619.69,0,0,0,0,33.50
9947,3618.82,0,0,0,0,-46.54
9997,3562.10,0,0,0,0,20.42
10047,3600.58,0,0,0,0,29.85
10097,3586.80,0,0,0,0,23.31
10147,3599.71,0,0,0,0,32.87
10198,3570.58,0,0,0,0,30.00
10248,3566.33,0,0,0,0,-36.92
10298,3552.82,0,0,0,0,33.12
10348,3484.32,0,2,0,0,17.90
10398,3494.06,0,2,0,0,11.43
10448,3548.62,0,1,0,0,-46.40
10498,3520.30,0,1,0,0,9.11
10548,3543.59,0,1,0,0,-23.29
10598,3552.82,0,0,0,0,14.36
10648,3601.44,0,0,0,0,27.28
10698,3586.80,0,0,0,0,32.89
10748,3638.13,0,0,0,0,-41.87
10798,3587.66,0,0,0,0,25.93
10848,3629.32,0,0,0,0,-39.09
10898,3619.69,0,0,0,0,33.50
10948,3636.36,0,0,0,0,-30.59
10998,3629.32,0,0,0,0,23.87
11048,3643.43,0,0,0,0,-18.49
11098,3639.01,0,0,0,0,15.07
11148,3682.79,0,-1,0,0,-34.93
11198,3682.79,0,-1,0,0,23.66
11248,3716.55,0,-2,0,0,-33.76
11298,3667.48,0,-1,0,0,29.83
11348,3682.79,0,-1,0,0,-44.66
11398,3637.25,0,0,0,0,40.13
11448,3644.31,0,0,0,0,-28.99
11498,3604.90,0,0,0,0,28.82
11548,3644.31,0,0,0,0,-29.86
11598,3581.66,0,0,0,0,14.60
11648,3600.58,0,0,0,0,15.48
11698,3552.82,0,0,0,0,10.13
11748,3601.44,0,0,0,0,27.13
11798,3520.30,0,1,0,0,24.96
11848,3574.83,0,0,0,0,-38.77
11898,3553.66,0,0,0,0,40.01
11948,3530.24,0,1,0,0,-18.18
11998,3535.23,0,1,0,0,31.10
12048,3546.94,0,1,0,0,-1.68
12098,3536.07,0,1,0,0,20.12
12148,3594.54,0,0,0,0,-50.95
12198,3544.42,0,1,0,0,18.52
12248,3563.79,0,0,0,0,10.19
12298,3785.01,0,-3,0,0,-67.54
12348,3659.43,0,-1,0,0,167.10
12398,3639.01,0,0,0,0,15.07
12448,3706.45,0,-2,0,0,-48.80
12498,3667.48,0,-1,0,0,18.93
12548,3728.56,0,-2,0,0,-33.98
12598,3716.55,0,-2,0,0,36.26
12648,3742.51,0,-2,0,0,-30.56
12698,3671.97,0,-1,0,0,29.91
12748,3698.22,0,-1,0,0,-30.74
12798,3681.88,0,-1,0,0,26.40
12848,3706.45,0,-2,0,0,-23.66
12898,3677.37,0,-1,0,0,19.94
12948,3643.43,0,0,0,0,4.43
12998,3627.57,0,0,0,0,29.18
13048,3586.80,0,0,0,0,28.53
13099,3552.82,0,0,0,0,20.31
13149,3545.26,0,1,0,0,16.84
13199,3526.92,0,1,0,0,29.27
13249,3566.33,0,0,0,0,-49.34
13299,3511.24,0,1,0,0,37.38
13349,3516.17,0,1,0,0,-31.85
13399,3493.25,0,2,0,0,15.53
13449,3505.49,0,1,0,0,-11.43
13499,3492.43,0,2,0,0,22.09
13549,3538.57,0,1,0,0,-27.33
13599,3536.07,0,1,0,0,20.12
13649,3543.59,0,1,0,0,11.76
13699,3576.54,0,0,0,0,-49.62
13749,3577.39,0,0,0,0,133.64
13799,3596.26,0,0,0,0,108.36
13849,3591.09,0,0,0,0,98.03
13899,3643.43,0,0,0,0,56.62
13949,3602.31,0,0,0,0,203.84
13999,3557.87,0,0,0,0,350.41
14049,3629.32,0,0,0,0,211.90
14099,3757.52,-2,-3,0,0,-197.95
14149,3629.32,0,0,0,0,-34.79
14199,3562.95,0,0,0,0,16.15
14249,3619.69,0,0,0,0,-30.32
14299,3618.82,0,0,0,0,-28.58
14349,3563.79,0,0,0,0,271.54
14399,3577.39,0,0,0,0,140.08
14449,3566.33,0,0,0,0,74.44
14499,3579.95,0,0,0,0,14.58
14550,3563.79,0,0,0,0,28.16
14600,3593.67,0,0,0,0,-28.19
14650,3521.13,0,1,0,0,14.11
14700,3538.57,0,1,0,0,-27.33
14750,3493.25,0,2,0,0,17.17
14800,3537.74,0,1,0,0,-36.34
14850,3534.40,0,1,0,0,23.47
14900,3530.24,0,1,0,0,4.16
14950,3526.92,0,1,0,0,29.27
15000,3599.71,0,0,0,0,23.79
15050,3536.90,0,1,0,0,15.92
15100,3599.71,0,0,0,0,19.48
15150,3585.94,0,0,0,0,24.17
15200,3614.46,0,0,0,0,-7.82
15250,3614.46,0,0,0,0,22.79
15300,3644.31,0,0,0,0,-24.62
15350,3639.01,0,0,0,0,14.18
15400,3690.04,0,-1,0,0,-32.39
15450,3638.13,0,0,0,0,19.52
15500,3681.88,0,-1,0,0,-43.76
15550,3677.37,0,-1,0,0,19.94
15600,3677.37,0,-1,0,0,4.51
15650,3628.45,0,0,0,0,28.31
15700,3653.19,0,-1,0,0,-15.06
15750,3639.01,0,0,0,0,23.99
15800,3623.19,0,0,0,0,-36.39
15850,3596.26,0,0,0,0,25.18
15900,3620.56,0,0,0,0,-33.76
15950,3577.39,0,0,0,0,23.19
16000,3610.98,0,0,0,0,-25.03
16050,3573.13,0,0,0,0,17.96
16100,3589.38,0,0,0,0,-6.00
16150,3573.13,0,0,0,0,18.82
16200,3549.46,0,1,0,0,25.38
16250,3530.24,0,1,0,0,18.37
16300,3530.24,0,1,0,0,-19.83
16350,3530.24,0,1,0,0,17.53
16400,3546.94,0,1,0,0,-10.87
16450,3535.23,0,1,0,0,31.10
16500,3527.75,0,1,0,0,25.07
16550,3530.24,0,1,0,0,16.70
16600,3519.47,0,1,0,0,26.62
16650,3591.09,0,0,0,0,192.01
16700,3585.94,0,0,0,0,159.38
16750,3639.01,0,0,0,0,114.74
16800,3614.46,0,0,0,0,250.53
16850,3757.52,-2,-3,0,0,-198.80
16900,3692.76,0,-1,0,0,-44.90
16950,3615.33,0,0,0,0,9.61
17000,3645.20,0,0,0,0,-39.43
17050,3614.46,0,0,0,0,20.14
17100,3620.56,0,0,0,0,-48.29
17150,3577.39,0,0,0,0,43.17
17200,3610.11,0,0,0,0,-36.98
17250,3577.39,0,0,0,0,32.72
17300,3534.40,0,1,0,0,26.85
17350,3558.72,0,0,0,0,182.86
17400,3557.87,0,0,0,0,58.33
17451,3553.66,0,0,0,0,3.37
17501,3554.50,0,0,0,0,12.68
17551,3600.58,0,0,0,0,28.99
17601,3543.59,0,1,0,0,20.21
17651,3594.54,0,0,0,0,-50.11
17701,3543.59,0,1,0,0,28.69
17751,3595.40,0,0,0,0,-51.81
17801,3586.80,0,0,0,0,23.31
17851,3598.85,0,0,0,0,10.19
17901,3594.54,0,0,0,0,25.15
17951,3580.81,0,0,0,0,15.45
18001,3582.52,0,0,0,0,9.44
18051,3638.13,0,0,0,0,-41.01
18101,3619.69,0,0,0,0,33.50
18151,3682.79,0,-1,0,0,-34.04
18201,3615.33,0,0,0,0,19.27
18251,3653.19,0,-1,0,0,-37.86
18301,3629.32,0,0,0,0,23.87
18351,3632.84,0,0,0,0,-18.38
18401,3587.66,0,0,0,0,26.80
18451,3570.58,0,0,0,0,26.54
18501,3572.28,0,0,0,0,21.40
18551,3601.44,0,0,0,0,25.02
18601,3596.26,0,0,0,0,21.69
18651,3653.19,0,-1,0,0,-38.73
18701,3629.32,0,0,0,0,33.68
18751,3572.28,0,0,0,0,23.98
18801,3569.73,0,0,0,0,31.71
18851,3619.69,0,0,0,0,-42.30
18902,3596.26,0,0,0,0,13.85
18952,3610.11,0,0,0,0,-28.45
19002,3544.42,0,1,0,0,19.37
19052,3600.58,0,0,0,0,-17.04
19102,3584.23,0,0,0,0,16.35
19152,3591.95,0,0,0,0,-5.15
19202,3585.09,0,0,0,0,16.35
19252,3610.98,0,0,0,0,-24.18
19302,3585.94,0,0,0,0,24.17
19352,3563.79,0,0,0,0,-10.97
19402,3553.66,0,0,0,0,12.67
19452,3590.23,0,0,0,0,-11.99
19502,3554.50,0,0,0,0,16.93
19552,3583.37,0,0,0,0,-38.11
19602,3562.95,0,0,0,0,21.28
19652,3610.98,0,0,0,0,-38.70
19702,3605.77,0,0,0,0,23.56
19752,3639.01,0,0,0,0,-42.75
19802,3595.40,0,0,0,0,38.32
19852,3626.69,0,0,0,0,54.29
19902,3596.26,0,0,0,0,27.80
19952,3620.56,0,0,0,0,-48.29
20002,3583.37,0,0,0,0,17.20
20052,3629.32,0,0,0,0,-33.06
20102,3624.94,0,0,0,0,8.78
20152,3642.54,0,0,0,0,-22.85
20202,3605.77,0,0,0,0,27.95
20252,3638.13,0,0,0,0,-37.55
20302,3617.94,0,0,0,0,35.25
20352,3654.08,0,-1,0,0,-24.76
20402,3596.26,0,0,0,0,19.07
20452,3610.11,0,0,0,0,-13.85
20502,3604.90,0,0,0,0,13.92
20552,3653.19,0,-1,0,0,-33.50
20602,3637.25,0,0,0,0,25.76
20652,3653.19,0,-1,0,0,-12.41
20702,3594.54,0,0,0,0,11.23
20752,3610.11,0,0,0,0,-13.85
20802,3586.80,0,0,0,0,42.52
20852,3580.81,0,0,0,0,-26.30
20902,3553.66,0,0,0,0,36.57
20952,3543.59,0,1,0,0,10.92
21002,3535.23,0,1,0,0,31.10
21052,3512.06,0,1,0,0,25.68
21102,3511.24,0,1,0,0,26.50
21152,3566.33,0,0,0,0,-46.86
21202,3585.09,0,0,0,0,-37.31
21252,3702.79,0,-2,0,0,12.84
21302,3610.11,0,0,0,0,-36.98
21352,3605.77,0,0,0,0,14.80
21402,3637.25,0,0,0,0,-42.71
21452,3621.44,0,0,0,0,72.23
21502,3669.28,0,-1,0,0,137.83
21552,3558.72,0,0,0,0,400.11
21602,3854.06,-3,-5,0,0,-294.50
21652,3698.22,0,-1,0,0,-40.58
21702,3624.06,0,0,0,0,24.68
21752,3634.60,0,0,0,0,-5.28
21803,3614.46,0,0,0,0,31.63
21853,3633.72,0,0,0,0,-25.35
21903,3585.94,0,0,0,0,27.64
21953,3618.82,0,0,0,0,-32.02
22003,3570.58,0,0,0,0,21.38
22053,3581.66,0,0,0,0,-5.98
22103,3573.13,0,0,0,0,17.96
22153,3572.28,0,0,0,0,0.00
22203,3554.50,0,0,0,0,26.30
22253,3573.98,0,0,0,0,-24.53
22303,3545.26,0,1,0,0,26.17
22353,3554.50,0,0,0,0,27.16
22403,3764.12,0,-3,0,0,-32.77
22453,3535.23,0,1,0,0,54.14
22503,3565.49,0,0,0,0,-41.05
22553,3519.47,0,1,0,0,19.93
22603,3567.18,0,0,0,0,-29.45
22653,3565.49,0,0,0,0,29.05
22703,3610.11,0,0,0,0,-35.28
22753,3597.12,0,0,0,0,30.45
22803,3610.11,0,0,0,0,-37.83
22853,3597.12,0,0,0,0,30.45
22903,3653.19,0,-1,0,0,-28.25
22953,3647.86,0,0,0,0,25.01
23003,3677.37,0,-1,0,0,-19.73
23053,3670.17,0,-1,0,0,26.23
23103,3663.00,0,-1,0,0,-43.31
23153,3627.57,0,0,0,0,26.51
23203,3653.19,0,-1,0,0,-13.30
23254,3638.13,0,0,0,0,41.95
23304,3647.86,0,0,0,0,41.27
23354,3672.87,0,-1,0,0,-24.12
23404,3624.06,0,0,0,0,19.37
23454,3599.71,0,0,0,0,28.07
23504,3576.54,0,0,0,0,23.17
23554,3629.32,0,0,0,0,-34.79
23604,3562.95,0,0,0,0,19.57
23654,3610.98,0,0,0,0,-38.70
23704,3591.95,0,0,0,0,-12.00
23754,3672.87,0,-1,0,0,57.55
23804,3595.40,0,0,0,0,130.38
23854,3562.10,0,0,0,0,130.66
23904,3599.71,0,0,0,0,15.36
23954,3594.54,0,0,0,0,25.15
24004,3624.94,0,0,0,0,-9.61
24054,3615.33,0,0,0,0,24.56
24104,3633.72,0,0,0,0,-23.61
24154,3604.90,0,0,0,0,27.06
24204,3663.90,0,-1,0,0,-45.08
24254,3647.86,0,0,0,0,24.11
24304,3669.28,0,-1,0,0,133.01
24354,3864.98,-4,-5,0,0,-307.11
24404,3672.87,0,-1,0,0,34.50
24454,3698.22,0,-1,0,0,-20.85
24504,3672.87,0,-1,0,0,35.41
24554,3696.40,0,-1,0,0,-13.61
24604,3629.32,0,0,0,0,28.32
24654,3663.00,0,-1,0,0,-35.43
24704,3576.54,0,0,0,0,38.79
24754,3618.82,0,0,0,0,-41.43
24804,3562.10,0,0,0,0,20.42
24854,3546.94,0,1,0,0,-2.51
24904,3526.92,0,1,0,0,29.27
24954,3574.83,0,0,0,0,-29.57
25004,3510.41,0,1,0,0,28.16
25054,3535.23,0,1,0,0,19.27
25104,3662.11,0,-1,0,0,66.45
25154,3534.40,0,1,0,0,122.35
25204,3548.62,0,1,0,0,-11.71
25254,3545.26,0,1,0,0,20.23
25304,3610.11,0,0,0,0,-48.01
25354,3577.39,0,0,0,0,23.19
25404,3643.43,0,0,0,0,-37.66
25454,3614.46,0,0,0,0,18.38
25504,3672.87,0,-1,0,0,-49.68
25554,3657.64,0,-1,0,0,25.14
25604,3697.31,0,-1,0,0,-26.24
25654,3677.37,0,-1,0,0,19.03
25704,3875.97,-4,-5,0,0,-316.41
25754,3718.39,0,-2,0,0,-34.70
25804,3638.13,0,0,0,0,29.35
25854,3605.77,0,0,0,0,13.92
25904,3553.66,0,0,0,0,38.29
25954,3547.78,0,1,0,0,-36.54
26004,3501.40,0,1,0,0,13.95
26054,3494.06,0,2,0,0,239.14
26104,3461.80,0,2,0,0,13.64
26155,3461.01,0,2,0,0,23.31
26205,3514.53,0,1,0,0,-30.21
26255,3519.47,0,1,0,0,24.11
26305,3575.69,0,0,0,0,-52.08
26355,3571.43,0,0,0,0,19.67
26405,3591.09,0,0,0,0,-28.15
26455,3586.80,0,0,0,0,23.31
26505,3643.43,0,0,0,0,-37.66
26555,3613.59,0,0,0,0,20.13
26605,3654.08,0,-1,0,0,-25.63
26655,3648.75,0,0,0,0,14.26
26705,3687.32,0,-1,0,0,-26.99
26755,3672.87,0,-1,0,0,33.58
26805,3697.31,0,-1,0,0,-29.83
26855,3692.76,0,-1,0,0,13.69
26905,3728.56,0,-2,0,0,-35.80
26955,3677.37,0,-1,0,0,14.48
27005,3697.31,0,-1,0,0,-16.33
27055,3559.56,0,0,0,0,423.44
27105,3667.48,0,-1,0,0,23.46
27155,3624.94,0,0,0,0,22.92
27205,3552.82,0,0,0,0,20.31
27255,3536.07,0,1,0,0,24.34
27305,3528.58,0,1,0,0,-18.17
27355,3507.95,0,1,0,0,191.19
27405,3484.32,0,2,0,0,17.08
27455,3478.66,0,2,0,0,17.84
27505,3465.80,0,2,0,0,18.52
27555,3434.85,0,3,0,0,21.37
27606,3496.50,0,2,0,0,-43.46
27656,3469.81,0,2,0,0,27.51
27706,3523.61,0,1,0,0,-38.48
27756,3483.51,1,2,0,0,22.80
27806,3555.34,0,0,0,0,-44.93
27856,3583.37,0,0,0,0,-52.30
27906,3575.69,0,0,0,0,258.67
27956,3631.96,0,0,0,0,-17.50
28006,3624.94,0,0,0,0,88.85
28056,3660.32,0,-1,0,0,178.94
28106,3854.06,-4,-5,0,0,-296.19
28156,3638.13,0,0,0,0,34.74
28206,3717.47,0,-2,0,0,-50.89
28256,3691.85,0,-1,0,0,15.51
28306,3715.63,0,-2,0,0,-11.93
28356,3701.88,0,-2,0,0,35.05
28406,3688.22,0,-1,0,0,5.45
28456,3677.37,0,-1,0,0,19.03
28506,3696.40,0,-1,0,0,-13.61
28556,3682.79,0,-1,0,0,23.66
28606,3687.32,0,-1,0,0,-9.94
28656,3657.64,0,-1,0,0,39.67
28706,3559.56,0,0,0,0,46.21
28756,3571.43,0,0,0,0,24.83
28806,3537.74,0,1,0,0,-20.74
28856,3475.44,0,2,0,0,26.78
28906,3514.53,0,1,0,0,-39.09
28956,3502.22,0,1,0,0,30.52
29006,3537.74,0,1,0,0,-25.68
29056,3519.47,0,1,0,0,19.93
29106,3542.75,0,1,0,0,-21.62
29156,3528.58,0,1,0,0,18.36
29206,3557.03,0,0,0,0,-21.80
29256,3575.69,0,0,0,0,-43.78
29306,3681.88,0,-1,0,0,33.75
29356,3619.69,0,0,0,0,146.31
29406,3615.33,0,0,0,0,15.75
29456,3677.37,0,-1,0,0,-6.30
29506,3825.55,-3,-4,0,0,-266.84
29556,3647.86,0,0,0,0,39.46
29606,3633.72,0,0,0,0,-28.82
29656,3629.32,0,0,0,0,23.87
29706,3663.90,0,-1,0,0,-36.33
29756,3647.86,0,0,0,0,34.93
29806,3624.06,0,0,0,0,23.80
29856,3586.80,0,0,0,0,32.89
29906,3617.07,0,0,0,0,-22.54
29956,3613.59,0,0,0,0,30.73
30006,3618.82,0,0,0,0,-32.02
30056,3544.42,0,1,0,0,27.86
30106,3537.74,0,1,0,0,7.53
30156,3519.47,0,1,0,0,29.14
30206,3503.04,0,1,0,0,4.92
30256,3615.33,0,0,0,0,102.14
30306,3552.82,0,0,0,0,25.43
30356,3610.11,0,0,0,0,-39.53
30406,3604.04,0,0,0,0,16.53
30456,3663.00,0,-1,0,0,-39.82
30507,3627.57,0,0,0,0,28.29
30557,3687.32,0,-1,0,0,69.26
30607,3820.68,-3,-4,0,0,-261.96
30657,3687.32,0,-1,0,0,10.91
30707,3657.64,0,-1,0,0,15.23
30757,3639.01,0,0,0,0,24.89
30807,3615.33,0,0,0,0,22.80
30857,3572.28,0,0,0,0,19.67
30907,3628.45,0,0,0,0,-40.79
30957,3586.80,0,0,0,0,32.89
31007,3591.09,0,0,0,0,-13.70
31057,3571.43,0,0,0,0,20.53
31107,3548.62,0,1,0,0,-5.03
31157,3544.42,0,1,0,0,21.91
31208,3525.26,0,1,0,0,27.55
31258,3536.07,0,1,0,0,29.42
31308,3536.07,0,1,0,0,37.91
31358,3605.77,0,0,0,0,112.62
31408,3562.10,0,0,0,0,92.87
31458,3581.66,0,0,0,0,-5.12
31508,3568.88,0,0,0,0,30.83
31558,3629.32,0,0,0,0,-48.52
31608,3614.46,0,0,0,0,21.02
31659,3653.19,0,-1,0,0,-38.73
31709,3639.01,0,0,0,0,30.27
31759,3653.19,0,-1,0,0,-20.35
31809,3610.11,0,0,0,0,145.53
31859,3645.20,0,0,0,0,218.79
31909,3821.66,-3,-4,0,0,-262.94
31959,3667.48,0,-1,0,0,29.83
32009,3687.32,0,-1,0,0,-29.67
32059,3667.48,0,-1,0,0,28.92
32109,3677.37,0,-1,0,0,-14.37
32159,3638.13,0,0,0,0,24.88
32209,3663.90,0,-1,0,0,-35.45
32259,3624.94,0,0,0,0,19.38
32309,3642.54,0,0,0,0,-27.22
32359,3590.23,0,0,0,0,84.43
32409,3610.11,0,0,0,0,-13.85
32459,3596.26,0,0,0,0,23.43
32509,3615.33,0,0,0,0,-9.56
32559,3596.26,0,0,0,0,23.43
32609,3585.94,0,0,0,0,18.96
32659,3562.10,0,0,0,0,20.42
32709,3598.85,0,0,0,0,37.61
32759,3520.30,0,1,0,0,17.44
32809,3575.69,0,0,0,0,-40.45
32859,3510.41,0,1,0,0,19.83
32909,3521.13,0,1,0,0,24.13
32959,3741.58,0,-2,0,0,-239.36
33009,3536.07,0,1,0,0,27.72
33059,3584.23,0,0,0,0,-41.48
33110,3583.37,0,0,0,0,16.34
33160,3697.31,0,-1,0,0,-160.41
33210,3629.32,0,0,0,0,22.09
33260,3698.22,0,-1,0,0,-44.14
33310,3697.31,0,-1,0,0,-13.62
33360,3667.48,0,-1,0,0,18.93
33410,3706.45,0,-2,0,0,-38.97
33460,3673.77,0,-1,0,0,43.70
33510,3696.40,0,-1,0,0,-28.92
33560,3648.75,0,0,0,0,20.53
33610,3644.31,0,0,0,0,2.66
33660,3623.19,0,0,0,0,21.13
33710,3605.77,0,0,0,0,9.56
33760,3595.40,0,0,0,0,24.29
33810,3638.13,0,0,0,0,-41.87
33860,3563.79,0,0,0,0,19.58
33910,3571.43,0,0,0,0,-9.33
33960,3563.79,0,0,0,0,21.29
34010,3573.98,0,0,0,0,-47.06
34060,3501.40,0,1,0,0,36.34
34110,3567.18,0,0,0,0,-29.45
34160,3554.50,0,0,0,0,22.04
34210,3591.09,0,0,0,0,-28.99
34260,3595.40,0,0,0,0,14.71
34310,3587.66,0,0,0,0,19.85
34360,3631.08,0,0,0,0,157.75
34410,3573.98,0,0,0,0,249.62
34460,3610.11,0,0,0,0,168.23
34510,3602.31,0,0,0,0,230.09
34560,3624.94,0,0,0,0,232.09
34610,3610.11,0,0,0,0,76.30
34660,3610.11,0,0,0,0,60.07
34710,3591.09,0,0,0,0,98.94
34760,3584.23,0,0,0,0,114.91
34810,3571.43,0,0,0,0,88.00
34860,3585.09,0,0,0,0,-38.99
34910,3561.25,0,0,0,0,21.26
34960,3571.43,0,0,0,0,-1.70
35010,3562.10,0,0,0,0,37.61
35060,3556.19,0,0,0,0,-29.27
35110,3544.42,0,1,0,0,21.91
35160,3567.18,0,0,0,0,-13.52
35210,3552.82,0,0,0,0,23.72
35260,3582.52,0,0,0,0,-14.49
35310,3545.26,0,1,0,0,26.17
35360,3585.94,0,0,0,0,-42.36
35410,3562.95,0,0,0,0,18.72
35460,3600.58,0,0,0,0,29.25
35510,3596.26,0,0,0,0,23.43
35560,3646.97,0,0,0,0,-32.52
35610,3629.32,0,0,0,0,43.54
35660,3672.87,0,-1,0,0,-38.27
35710,3615.33,0,0,0,0,18.39
35760,3653.19,0,-1,0,0,-25.62
35810,3638.13,0,0,0,0,34.74
35860,3672.87,0,-1,0,0,-25.01
35910,3627.57,0,0,0,0,26.51
35960,3615.33,0,0,0,0,14.00
36011,3628.45,0,0,0,0,29.20
36061,3653.19,0,-1,0,0,-18.59
36111,3585.09,0,0,0,0,20.68
36161,3610.98,0,0,0,0,-41.25
36211,3595.40,0,0,0,0,24.29
36261,3572.28,0,0,0,0,14.52
36311,3554.50,0,0,0,0,16.93
36361,3574.83,0,0,0,0,-29.57
36411,3562.95,0,0,0,0,27.29
36461,3610.98,0,0,0,0,-24.18
36511,3554.50,0,0,0,0,27.16
36561,3521.13,0,1,0,0,14.11
36611,3503.04,0,1,0,0,29.70
36661,3557.87,0,0,0,0,-38.40
36711,3544.42,0,1,0,0,21.91
36761,3569.73,0,0,0,0,-24.47
36811,3572.28,0,0,0,0,18.82
36861,3619.69,0,0,0,0,-43.15
36911,3596.26,0,0,0,0,23.43
36961,3629.32,0,0,0,0,-43.38
37011,3595.40,0,0,0,0,33.05
37061,3571.43,0,0,0,0,24.83
37111,3584.23,0,0,0,0,15.48
37161,3543.59,0,1,0,0,51.81
37211,3615.33,0,0,0,0,28.99
37261,3653.19,0,-1,0,0,-28.25
37311,3638.13,0,0,0,0,34.74
37361,3581.66,0,0,0,0,14.60
37411,3571.43,0,0,0,0,19.67
37462,3610.98,0,0,0,0,-24.18
37512,3596.26,0,0,0,0,23.43
37562,3633.72,0,0,0,0,-18.39
37612,3615.33,0,0,0,0,28.10
37662,3663.00,0,-1,0,0,-43.31
37712,3623.19,0,0,0,0,11.41
37762,3653.19,0,-1,0,0,-28.25
37812,3637.25,0,0,0,0,15.95
37862,3652.30,0,-1,0,0,-13.29
37912,3629.32,0,0,0,0,33.68
37962,3663.00,0,-1,0,0,-35.43
38012,3585.09,0,0,0,0,20.68
38062,3599.71,0,0,0,0,32.02
38112,3571.43,0,0,0,0,10.23
38162,3609.24,0,0,0,0,-33.55
38212,3577.39,0,0,0,0,21.46
38262,3545.26,0,1,0,0,25.32
38312,3545.26,0,1,0,0,20.23
38362,3584.23,0,0,0,0,-38.97
38412,3520.30,0,1,0,0,24.12
38462,3585.09,0,0,0,0,-40.66
38512,3569.73,0,0,0,0,30.85
38562,3575.69,0,0,0,0,-39.62
38612,3576.54,0,0,0,0,23.17
38662,3577.39,0,0,0,0,28.38
38712,3568.03,0,0,0,0,180.10
38762,3562.10,0,0,0,0,91.98
38812,3622.31,0,0,0,0,-20.01
38862,3595.40,0,0,0,0,49.80
38912,3639.01,0,0,0,0,47.40
38962,3595.40,0,0,0,0,24.29
39012,3600.58,0,0,0,0,4.25
39062,3568.03,0,0,0,0,36.87
39112,3599.71,0,0,0,0,17.15
39162,3595.40,0,0,0,0,33.93
39212,3643.43,0,0,0,0,-31.58
39262,3615.33,0,0,0,0,17.51
39312,3605.77,0,0,0,0,23.56
39362,3615.33,0,0,0,0,21.92
39412,3643.43,0,0,0,0,-21.99
39462,3619.69,0,0,0,0,30.83
39512,3629.32,0,0,0,0,31.00
39562,3597.12,0,0,0,0,24.32
39612,3684.60,0,-1,0,0,-115.72
39662,3614.46,0,0,0,0,13.99
39712,3658.54,0,-1,0,0,26.97
39762,3601.44,0,-3,0,0,-331.02
39812,3645.20,0,0,0,0,225.77
39862,3605.77,0,0,0,0,123.72
39912,3571.43,0,0,0,0,112.27
39962,3562.95,0,0,0,0,27.29
40012,3585.94,0,0,0,0,-19.61
40062,3552.82,0,0,0,0,30.55
40112,3610.98,0,0,0,0,-39.55
40162,3577.39,0,0,0,0,31.85
40212,3574.83,0,0,0,0,-38.77
40262,3554.50,0,0,0,0,20.33
40312,3562.95,0,0,0,0,-9.29
40363,3536.90,0,1,0,0,34.53
40413,3577.39,0,0,0,0,-122.76
40463,3530.24,0,1,0,0,16.70
40513,3538.57,0,1,0,0,6.69
40563,3534.40,0,1,0,0,31.93
40613,3591.09,0,0,0,0,-28.99
40663,3586.80,0,0,0,0,22.44
40713,3639.01,0,0,0,0,-44.47
40763,3585.94,0,0,0,0,19.83
40813,3662.11,0,-1,0,0,-62.40
40863,3629.32,0,0,0,0,33.68
40913,3629.32,0,0,0,0,-34.79
40963,3604.04,0,0,0,0,39.39
41013,3608.37,0,0,0,0,-35.24
41063,3595.40,0,0,0,0,33.93
41113,3643.43,0,0,0,0,-37.66
41163,3619.69,0,0,0,0,32.61
41213,3656.75,0,-1,0,0,-41.42
41263,3637.25,0,0,0,0,35.62
41313,3643.43,0,0,0,0,-28.10
41363,3624.06,0,0,0,0,19.37
41413,3643.43,0,0,0,0,-18.49
41463,3639.01,0,0,0,0,24.89
41513,3643.43,0,0,0,0,-24.61
41563,3624.06,0,0,0,0,8.78
41613,3646.97,0,0,0,0,-17.65
41663,3633.72,0,0,0,0,8.82
41713,3691.85,0,-1,0,0,-43.11
41763,3667.48,0,-1,0,0,19.83
41814,3697.31,0,-1,0,0,-39.67
41864,3615.33,0,0,0,0,22.80
41914,3624.06,0,0,0,0,-20.03
41964,3613.59,0,0,0,0,29.84
42014,3536.90,0,1,0,0,35.38
42064,3563.79,0,0,0,0,21.29
42114,3553.66,0,0,0,0,14.37
42164,3526.92,0,1,0,0,29.27
42214,3557.03,0,0,0,0,-45.79
42264,3492.43,0,2,0,0,17.98
42314,3567.18,0,0,0,0,-56.77
42364,3545.26,0,1,0,0,28.72
42414,3539.41,0,1,0,0,15.10
42464,3563.79,0,0,0,0,17.02
42514,3610.11,0,0,0,0,-37.83
42564,3605.77,0,0,0,0,23.56
42614,3653.19,0,-1,0,0,-29.13
42664,3639.01,0,0,0,0,15.07
42714,3653.19,0,-1,0,0,-5.33
42764,3638.13,0,0,0,0,34.74
42814,3643.43,0,0,0,0,-4.42
42864,3605.77,0,0,0,0,18.29
42914,3614.46,0,0,0,0,0.87
42964,3605.77,0,0,0,0,18.29
43014,3619.69,0,0,0,0,-32.89
43064,3563.79,0,0,0,0,17.87
43114,3619.69,0,0,0,0,-32.89
43164,3605.77,0,0,0,0,23.56
43214,3601.44,0,0,0,0,18.73
43264,3562.10,0,0,0,0,29.85
43314,3584.23,0,0,0,0,-54.82
43364,3571.43,0,0,0,0,23.11
43414,3591.95,0,0,0,0,-17.12
43464,3577.39,0,0,0,0,31.85
43514,3574.83,0,0,0,0,-38.77
43564,3572.28,0,0,0,0,17.96
43614,3600.58,0,0,0,0,32.69
43664,3562.10,0,0,0,0,20.42
43714,3609.24,0,0,0,0,-22.44
43764,3615.33,0,0,0,0,21.03
43814,3672.87,0,-1,0,0,-45.30
43864,3615.33,0,0,0,0,28.10
43914,3633.72,0,0,0,0,-28.82
43964,3553.66,0,0,0,0,35.72
44014,3600.58,0,0,0,0,18.03
44064,3597.12,0,0,0,0,31.32
44114,3644.31,0,0,0,0,-30.73
44164,3595.40,0,0,0,0,19.93
44214,3629.32,0,0,0,0,-33.06
44264,3584.23,0,0,0,0,16.35
44314,3620.56,0,0,0,0,-33.76
44364,3578.24,0,0,0,0,31.86
44414,3647.86,0,0,0,0,-50.74
44464,3596.26,0,0,0,0,32.19
44514,3643.43,0,0,0,0,-28.10
44564,3581.66,0,0,0,0,13.74
44614,3633.72,0,0,0,0,-27.95
44664,3629.32,0,0,0,0,23.87
44715,3600.58,0,0,0,0,12.87
44765,3596.26,0,0,0,0,21.69
44815,3619.69,0,0,0,0,-33.75
44865,3604.04,0,0,0,0,34.97
44915,3624.06,0,0,0,0,-18.29
44965,3604.90,0,0,0,0,32.34
45015,3605.77,0,0,0,0,7.82
45065,3597.12,0,0,0,0,20.82
45115,3617.94,0,0,0,0,-21.69
45165,3604.90,0,0,0,0,24.42
45215,3644.31,0,0,0,0,-29.86
45265,3573.13,0,0,0,0,85.41
45315,3610.11,0,0,0,0,-15.57
45365,3586.80,0,0,0,0,23.31
45415,3628.45,0,0,0,0,-33.05
45465,3604.04,0,0,0,0,26.17
45515,3615.33,0,0,0,0,-5.22
45565,3586.80,0,0,0,0,23.31
45615,3601.44,0,0,0,0,41.43
45665,3585.09,0,0,0,0,18.08
45715,3630.20,0,0,0,0,-43.40
45765,3605.77,0,0,0,0,37.66
45815,3624.06,0,0,0,0,-18.29
45865,3614.46,0,0,0,0,9.61
45915,3642.54,0,0,0,0,-36.78
45965,3615.33,0,0,0,0,28.10
46015,3610.98,0,0,0,0,-39.55
46065,3605.77,0,0,0,0,16.54
46115,3586.80,0,0,0,0,27.66
46166,3582.52,0,0,0,0,7.72
46216,3591.09,0,0,0,0,-5.15
46266,3569.73,0,0,0,0,31.71
46316,3598.85,0,0,0,0,25.57
46366,3591.09,0,0,0,0,10.35
46416,3617.94,0,0,0,0,-21.69
46466,3604.04,0,0,0,0,27.05
46516,3614.46,0,0,0,0,-8.69
46566,3586.80,0,0,0,0,23.31
46616,3633.72,0,0,0,0,-27.95
46666,3563.79,0,0,0,0,11.89
46716,3610.11,0,0,0,0,-33.57
46766,3554.50,0,0,0,0,23.74
46816,3586.80,0,0,0,0,131.59
46866,3598.85,0,0,0,0,-144.61
46916,3567.18,0,0,0,0,49.02
46966,3585.09,0,0,0,0,-54.01
47016,3575.69,0,0,0,0,32.69
47066,3633.72,0,0,0,0,-27.95
47116,3629.32,0,0,0,0,23.87
47166,3643.43,0,0,0,0,-28.97
47216,3638.13,0,0,0,0,28.46
47266,3646.97,0,0,0,0,-39.47
47316,3653.19,0,-1,0,0,80.01
47366,3558.72,0,0,0,0,392.81
47416,3789.79,-2,-3,0,0,-230.23
47466,3657.64,0,-1,0,0,19.73
47516,3667.48,0,-1,0,0,-9.84
47566,3647.86,0,0,0,0,28.61
47616,3654.08,0,-1,0,0,-30.02
47666,3657.64,0,-1,0,0,-66.55
47716,3579.95,0,0,0,0,-2.56
47766,3511.24,0,1,0,0,23.17
47816,3557.87,0,0,0,0,-38.40
47866,3536.90,0,1,0,0,37.08
47916,3536.07,0,1,0,0,29.42
47966,3567.18,0,0,0,0,-21.92
48016,3510.41,0,1,0,0,32.33
48066,3491.62,0,2,0,0,-21.00
48116,3494.06,0,2,0,0,12.25
48166,3547.78,0,1,0,0,-36.54
48216,3530.24,0,1,0,0,7.49
48266,3574.83,0,0,0,0,-38.77
48316,3511.24,0,1,0,0,26.50
48366,3566.33,0,0,0,0,-31.10
48416,3562.10,0,0,0,0,23.84
48466,3632.84,0,0,0,0,-46.90
48516,3594.54,0,0,0,0,43.59
48566,3598.85,0,0,0,0,26.43
48616,3595.40,0,0,0,0,33.93
48666,3653.19,0,-1,0,0,-37.86
48716,3629.32,0,0,0,0,23.87
48766,3681.88,0,-1,0,0,-34.03
48816,3614.46,0,0,0,0,9.61
48866,3666.59,0,-1,0,0,-31.98
48916,3647.86,0,0,0,0,24.11
48966,3692.76,0,-1,0,0,-44.90
49016,3648.75,0,0,0,0,28.62
49067,3643.43,0,0,0,0,4.43
49117,3639.01,0,0,0,0,32.96
49167,3672.87,0,-1,0,0,-43.54
49217,3657.64,0,-1,0,0,24.24
49267,3697.31,0,-1,0,0,-29.83
49317,3624.06,0,0,0,0,23.80
49367,3663.00,0,-1,0,0,-33.68
49417,3638.13,0,0,0,0,34.74
49467,3663.00,0,-1,0,0,-14.26
49517,3596.26,0,0,0,0,32.19
49567,3619.69,0,0,0,0,-32.89
49617,3586.80,0,0,0,0,47.80
49667,3562.10,0,0,0,0,-7.60
49717,3554.50,0,0,0,0,20.33
49767,3562.10,0,0,0,0,0.85
49817,3544.42,0,1,0,0,31.26
49867,3574.83,0,0,0,0,-38.77
49917,3554.50,0,0,0,0,38.31
49967,3555.34,0,0,0,0,-28.42
50017,3552.82,0,0,0,0,14.36
50067,3601.44,0,0,0,0,17.85
50117,3554.50,0,0,0,0,16.08
50167,3600.58,0,0,0,0,17.10
50217,3580.81,0,0,0,0,10.29
50267,3609.24,0,0,0,0,-22.44
50317,3575.69,0,0,0,0,24.89
50367,3601.44,0,0,0,0,24.02
50417,3596.26,0,0,0,0,21.69
50467,3601.44,0,0,0,0,7.67
50518,3568.03,0,0,0,0,42.08
50568,3566.33,0,0,0,0,-40.24
50618,3534.40,0,1,0,0,32.78
50668,3582.52,0,0,0,0,-29.70
50718,3529.41,0,1,0,0,15.85
50768,3565.49,0,0,0,0,-20.23
50818,3545.26,0,1,0,0,20.23
50868,3554.50,0,0,0,0,16.93
50918,3721.16,0,-2,0,0,24.16
50968,3586.80,0,0,0,0,280.18
51018,3557.87,0,0,0,0,355.51
51068,3697.31,0,-1,0,0,-138.59
51118,3642.54,0,0,0,0,-25.47
51168,3726.71,-1,-2,0,0,-167.99
51218,3619.69,0,0,0,0,34.39
51268,3589.38,0,0,0,0,7.75
51318,3578.24,0,0,0,0,66.96
51368,3545.26,0,1,0,0,31.28
51418,3557.87,0,0,0,0,-21.81
51468,3526.92,0,1,0,0,46.21
51518,3519.47,0,1,0,0,27.46
51568,3519.47,0,1,0,0,19.93
51618,3537.74,0,1,0,0,-1.67
51668,3528.58,0,1,0,0,9.99
51718,3575.69,0,0,0,0,-28.75
51768,3562.10,0,0,0,0,20.42
51818,3600.58,0,0,0,0,9.33
51868,3544.42,0,1,0,0,27.86
51918,3557.03,0,0,0,0,-27.62
51968,3552.82,0,0,0,0,23.72
52018,3610.11,0,0,0,0,-47.16
52068,3544.42,0,1,0,0,28.71
52118,3582.52,0,0,0,0,-26.33
52168,3577.39,0,0,0,0,32.72
52218,3619.69,0,0,0,0,-24.29
52268,3596.26,0,0,0,0,32.19
52318,3653.19,0,-1,0,0,-37.86
52368,3596.26,0,0,0,0,27.80
52418,3653.19,0,-1,0,0,-39.60
52468,3629.32,0,0,0,0,23.87
52518,3673.77,0,-1,0,0,-32.11
52568,3629.32,0,0,0,0,33.68
52618,3653.19,0,-1,0,0,-33.50
52668,3638.13,0,0,0,0,24.88
52718,3663.00,0,-1,0,0,-15.14
52768,3639.01,0,0,0,0,18.63
52818,3691.85,0,-1,0,0,-43.99
52868,3605.77,0,0,0,0,27.07
52918,3597.12,0,0,0,0,22.57
52968,3585.94,0,0,0,0,33.75
53018,3576.54,0,0,0,0,-42.14
53068,3562.10,0,0,0,0,32.44
53118,3557.03,0,0,0,0,-45.79
53168,3545.26,0,1,0,0,28.72
53218,3610.98,0,0,0,0,-38.70
53268,3535.23,0,1,0,0,19.27
53318,3579.10,0,0,0,0,-35.51
53368,3575.69,0,0,0,0,25.76
53419,3608.37,0,0,0,0,-30.98
53469,3536.07,0,1,0,0,26.88
53519,3590.23,0,0,0,0,-35.73
53569,3562.95,0,0,0,0,18.72
53619,3619.69,0,0,0,0,-39.74
53669,3615.33,0,0,0,0,13.12
53719,3637.25,0,0,0,0,-21.92
53769,3562.10,0,0,0,0,15.29
53819,3610.11,0,0,0,0,-33.57
53869,3545.26,0,1,0,0,26.17
53919,3538.57,0,1,0,0,-2.50
53969,3557.03,0,0,0,0,-39.21
54019,3682.79,0,-1,0,0,47.63
54069,3619.69,0,0,0,0,-44.86
54119,3523.61,0,1,0,0,106.60
54169,3657.64,0,-1,0,0,8.94
54219,3600.58,0,-3,0,0,-265.98
54269,3645.20,0,0,0,0,214.81
54319,3559.56,0,0,0,0,399.27
54369,3819.71,-3,-4,0,0,-260.99
54419,3686.41,0,-1,0,0,-3.62
54469,3667.48,0,-1,0,0,29.83
54519,3728.56,0,-2,0,0,-45.77
54569,3647.86,0,0,0,0,19.62
54619,3653.19,0,-1,0,0,-30.00
54669,3639.01,0,0,0,0,23.99
54719,3687.32,0,-1,0,0,-29.67
54769,3605.77,0,0,0,0,28.83
54819,3594.54,0,0,0,0,10.37
54870,3562.95,0,0,0,0,29.01
54920,3521.13,0,1,0,0,31.69
54970,3536.90,0,1,0,0,18.44
55020,3539.41,0,1,0,0,-13.31
55070,3530.24,0,1,0,0,18.37
55120,3548.62,0,1,0,0,-36.56
55170,3543.59,0,1,0,0,22.75
55220,3582.52,0,0,0,0,-29.70
55270,3591.95,0,0,0,0,-34.08
55320,3691.85,0,-1,0,0,38.56
55370,3619.69,0,0,0,0,140.65
55420,3582.52,0,0,0,0,206.32
55470,3649.63,0,0,0,0,171.05
55520,3644.31,0,0,0,0,81.47
55570,3647.86,0,0,0,0,25.91
55620,3677.37,0,-1,0,0,-19.73
55670,3657.64,0,-1,0,0,29.67
55720,3683.69,0,-1,0,0,-36.72
55770,3667.48,0,-1,0,0,30.74
55820,3692.76,0,-1,0,0,-44.90
55870,3647.86,0,0,0,0,19.62
55920,3663.90,0,-1,0,0,-35.45
55970,3647.86,0,0,0,0,25.01
56020,3609.24,0,0,0,0,-12.98
56070,3596.26,0,0,0,0,25.18
56120,3577.39,0,0,0,0,27.51
56170,3543.59,0,1,0,0,20.21
56220,3575.69,0,0,0,0,-40.45
56270,3562.10,0,0,0,0,22.99
56320,3555.34,0,0,0,0,-44.11
56370,3536.07,0,1,0,0,29.42
56420,3575.69,0,0,0,0,-30.42
56470,3554.50,0,0,0,0,9.29
56520,3563.79,0,0,0,0,19.58
56570,3652.30,0,-1,0,0,78.11
56620,3558.72,0,0,0,0,146.81
56670,3629.32,0,0,0,0,-48.52
56720,3553.66,0,0,0,0,22.03
56770,3610.98,0,0,0,0,-42.95
56820,3596.26,0,0,0,0,22.56
56870,3619.69,0,0,0,0,-38.88
56920,3623.19,0,0,0,0,22.01
56970,3680.08,0,-1,0,0,-43.72
57020,3667.48,0,-1,0,0,23.46
57070,3696.40,0,-1,0,0,63.94
57120,3747.19,-1,-2,0,0,-187.63
57170,3657.64,0,-1,0,0,25.14
57220,3672.87,0,-1,0,0,-34.74
57270,3663.00,0,-1,0,0,39.79
57320,3638.13,0,0,0,0,24.88
57370,3596.26,0,0,0,0,32.19
57420,3643.43,0,0,0,0,-39.39
57470,3619.69,0,0,0,0,33.50
57520,3643.43,0,0,0,0,-37.66
57570,3587.66,0,0,0,0,25.93
57620,3591.09,0,0,0,0,-14.56
57670,3562.10,0,0,0,0,28.99
57720,3601.44,0,0,0,0,28.84
57771,3572.28,0,0,0,0,21.40
57821,3610.11,0,0,0,0,-32.72
57871,3526.09,0,1,0,0,28.41
57921,3555.34,0,0,0,0,-20.94
57971,3526.92,0,1,0,0,38.56
58021,3493.25,0,2,0,0,15.53
58071,3557.87,0,0,0,0,52.23
58121,3534.40,0,1,0,0,23.47
58171,3506.31,0,1,0,0,28.09
58221,3519.47,0,1,0,0,12.43
58271,3575.69,0,0,0,0,-37.95
58321,3502.22,0,1,0,0,27.19
58371,3575.69,0,0,0,0,-41.28
58421,3577.39,0,0,0,0,32.72
58471,3639.01,0,0,0,0,-42.75
58521,3605.77,0,0,0,0,17.42
58571,3646.09,0,0,0,0,-40.32
58621,3639.01,0,0,0,0,23.99
58671,3672.87,0,-1,0,0,-34.74
58721,3677.37,0,-1,0,0,19.94
58771,3706.45,0,-2,0,0,-23.66
58821,3693.67,0,-1,0,0,22.88
58871,3706.45,0,-2,0,0,-33.58
58921,3672.87,0,-1,0,0,33.58
58971,3615.33,0,0,0,0,87.46
59021,3638.13,0,0,0,0,23.98
59071,3657.64,0,-1,0,0,109.31
59122,3719.32,-1,-2,0,0,-162.28
59172,3596.26,0,0,0,0,28.68
59222,3553.66,0,0,0,0,34.00
59272,3633.72,0,0,0,0,98.55
59322,3543.59,0,1,0,0,124.79
59372,3572.28,0,0,0,0,-20.30
59422,3572.28,0,0,0,0,21.40
59472,3553.66,0,0,0,0,20.32
59522,3483.51,0,2,0,0,17.89
59572,3556.19,0,0,0,0,-35.89
59622,3544.42,0,1,0,0,13.45
59672,3554.50,0,0,0,0,-1.68
59722,3562.10,0,0,0,0,14.44
59772,3605.77,0,0,0,0,-34.34
59822,3586.80,0,0,0,0,32.02
59872,3628.45,0,0,0,0,-33.05
59922,3604.04,0,0,0,0,34.09
59972,3653.19,0,-1,0,0,-28.25
60022,3629.32,0,0,0,0,33.68
60072,3663.00,0,-1,0,0,-33.68
60122,3618.82,0,0,0,0,34.37
60172,3632.84,0,0,0,0,-27.07
60222,3627.57,0,0,0,0,24.73
60272,3615.33,0,0,0,0,14.00
60322,3596.26,0,0,0,0,23.43
60372,3642.54,0,0,0,0,-37.64
60422,3629.32,0,0,0,0,33.68
60472,3653.19,0,-1,0,0,-30.00
60522,3647.86,0,0,0,0,25.01
60572,3632.84,0,0,0,0,-17.51
60622,3605.77,0,0,0,0,27.95
60672,3654.08,0,-1,0,0,-26.51
60722,3629.32,0,0,0,0,23.87
60772,3672.87,0,-1,0,0,-45.30
60822,3615.33,0,0,0,0,8.73
60872,3624.06,0,0,0,0,-19.16
60922,3604.04,0,0,0,0,41.16
60972,3643.43,0,0,0,0,-39.39
61022,3596.26,0,0,0,0,26.93
61072,3643.43,0,0,0,0,-39.39
61122,3585.94,0,0,0,0,39.00
61172,3563.79,0,0,0,0,-10.97
61222,3544.42,0,1,0,0,21.91
61272,3546.94,0,1,0,0,-34.88
61322,3552.82,0,0,0,0,22.87
61372,3579.95,0,0,0,0,-17.01
61422,3563.79,0,0,0,0,7.64
61472,3610.11,0,0,0,0,-41.23
61522,3596.26,0,0,0,0,23.43
61572,3639.01,0,0,0,0,-42.75
61622,3563.79,0,0,0,0,20.44
61672,3609.24,0,0,0,0,-36.96
61722,3585.09,0,0,0,0,34.61
61772,3562.95,0,0,0,0,5.93
61822,3563.79,0,0,0,0,20.44
61872,3552.82,0,0,0,0,24.57
61922,3563.79,0,0,0,0,20.44
61972,3610.98,0,0,0,0,-38.70
62022,3571.43,0,0,0,0,20.53
62072,3629.32,0,0,0,0,-42.52
62123,3562.10,0,0,0,0,21.27
62173,3609.24,0,0,0,0,-22.44
62223,3594.54,0,0,0,0,16.44
62273,3624.06,0,0,0,0,-18.29
62323,3597.12,0,0,0,0,26.94
62373,3600.58,0,0,0,0,5.09
62423,3585.94,0,0,0,0,23.30
62473,3598.85,0,0,0,0,21.70
62523,3530.24,0,1,0,0,14.18
62573,3590.23,0,0,0,0,-35.73
62623,3584.23,0,0,0,0,17.21
62673,3628.45,0,0,0,0,-41.65
62723,3596.26,0,0,0,0,37.46
62773,3580.81,0,0,0,0,-26.30
62823,3568.88,0,0,0,0,30.83
62873,3619.69,0,0,0,0,-43.15
62923,3587.66,0,0,0,0,22.45
62973,3639.01,0,0,0,0,-44.47
63023,3629.32,0,0,0,0,60.71
63073,3663.90,0,-1,0,0,-35.45
63123,3638.13,0,0,0,0,24.88
63173,3663.00,0,-1,0,0,-39.82
63223,3639.01,0,0,0,0,24.89
63273,3692.76,0,-1,0,0,-44.90
63323,3615.33,0,0,0,0,23.68
63373,3653.19,0,-1,0,0,-33.50
63423,3590.23,0,0,0,0,9.48
63473,3617.94,0,0,0,0,-30.29
63523,3595.40,0,0,0,0,33.93
63574,3609.24,0,0,0,0,-25.01
63624,3575.69,0,0,0,0,35.29
63674,3610.98,0,0,0,0,-39.55
63724,3563.79,0,0,0,0,26.44
63774,3591.95,0,0,0,0,-18.82
63824,3585.09,0,0,0,0,28.50
63874,3618.82,0,0,0,0,-32.02
63924,3605.77,0,0,0,0,28.83
63974,3619.69,0,0,0,0,-49.96
64024,3577.39,0,0,0,0,23.19
64074,3600.58,0,0,0,0,20.81
64124,3568.88,0,0,0,0,31.70
64174,3580.81,0,0,0,0,-11.08
64224,3511.24,0,1,0,0,27.33
64274,3564.64,0,0,0,0,-36.06
64324,3565.49,0,0,0,0,-25.25
64374,3545.26,0,1,0,0,235.93
64424,3576.54,0,0,0,0,58.94
64474,3554.50,0,0,0,0,39.17
64524,3580.81,0,0,0,0,-26.30
64574,3585.94,0,0,0,0,24.17
64624,3616.20,0,0,0,0,-9.56
64674,3595.40,0,0,0,0,14.71
64724,3624.06,0,0,0,0,-18.29
64774,3569.73,0,0,0,0,29.98
64824,3543.59,0,1,0,0,26.14
64874,3543.59,0,1,0,0,32.10
64924,3591.09,0,0,0,0,-37.43
64974,3525.26,0,1,0,0,28.40
65024,3614.46,0,0,0,0,-61.64
65074,3586.80,0,0,0,0,32.02
65124,3610.11,0,0,0,0,-13.85
65174,3594.54,0,0,0,0,26.03
65224,3653.19,0,-1,0,0,-47.42
65274,3615.33,0,0,0,0,19.27
65324,3642.54,0,0,0,0,-17.61
65374,3638.13,0,0,0,0,15.95
65424,3674.67,0,-1,0,0,-26.81
65474,3615.33,0,0,0,0,18.39
65524,3653.19,0,-1,0,0,-33.50
65574,3647.86,0,0,0,0,15.14
65624,3682.79,0,-1,0,0,-44.66
65674,3638.13,0,0,0,0,29.35
65724,3663.00,0,-1,0,0,-15.14
65774,3632.84,0,0,0,0,5.29
65824,3646.09,0,0,0,0,6.21
65874,3629.32,0,0,0,0,51.66
65924,3629.32,0,0,0,0,165.26
65974,3610.11,0,0,0,0,46.64
66024,3643.43,0,0,0,0,56.62
66074,3573.13,0,0,0,0,190.99
66124,3535.23,0,1,0,0,158.44
66174,3535.23,0,1,0,0,35.34
66224,3557.03,0,0,0,0,-36.73
66274,3484.32,0,2,0,0,17.90
66324,3537.74,0,1,0,0,-35.52
66374,3525.26,0,1,0,0,30.92
66424,3576.54,0,0,0,0,-32.11
66475,3510.41,0,1,0,0,28.99
66525,3556.19,0,0,0,0,-35.06
66575,3502.22,0,1,0,0,28.02
66625,3569.73,0,0,0,0,-33.66
66675,3562.95,0,0,0,0,30.73
66725,3600.58,0,0,0,0,18.03
66775,3596.26,0,0,0,0,23.43
66825,3601.44,0,0,0,0,31.13
66875,3605.77,0,0,0,0,23.56
66925,3654.08,0,-1,0,0,-38.75
66975,3605.77,0,0,0,0,19.17
67025,3646.97,0,0,0,0,-40.34
67075,3629.32,0,0,0,0,24.76
67125,3673.77,0,-1,0,0,-45.32
67175,3667.48,0,-1,0,0,24.37
67225,3716.55,0,-2,0,0,-43.68
67275,3628.45,0,0,0,0,39.03
67325,3643.43,0,0,0,0,-28.10
67375,3624.06,0,0,0,0,10.54
67425,3604.04,0,0,0,0,11.29
67475,3594.54,0,0,0,0,15.57
67525,3633.72,0,0,0,0,-27.95
67575,3605.77,0,0,0,0,18.29
67625,3633.72,0,0,0,0,-27.95
67675,3597.12,0,0,0,0,27.82
67725,3618.82,0,0,0,0,-22.56
67775,3604.04,0,0,0,0,32.33
67825,3633.72,0,0,0,0,-23.61
67875,3624.94,0,0,0,0,16.72
67926,3643.43,0,0,0,0,-14.10
67976,3572.28,0,0,0,0,22.26
68026,3619.69,0,0,0,0,-42.30
68076,3597.12,0,0,0,0,22.57
68126,3586.80,0,0,0,0,18.10
68176,3572.28,0,0,0,0,10.24
68226,3600.58,0,0,0,0,16.32
68276,3576.54,0,0,0,0,24.04
68326,3618.82,0,0,0,0,-32.02
68376,3546.10,0,1,0,0,26.18
68426,3600.58,0,0,0,0,22.13
68476,3577.39,0,0,0,0,32.72
68526,3552.82,0,0,0,0,24.57
68576,3544.42,0,1,0,0,11.76
68626,3591.95,0,0,0,0,-37.45
68676,3568.88,0,0,0,0,30.83
68726,3591.95,0,0,0,0,-37.45
68776,3576.54,0,0,0,0,33.57
68826,3617.94,0,0,0,0,-20.82
68876,3615.33,0,0,0,0,14.00
68926,3615.33,0,0,0,0,2.62
68976,3587.66,0,0,0,0,20.71
69026,3629.32,0,0,0,0,-43.38
69076,3562.95,0,0,0,0,26.43
69126,3610.11,0,0,0,0,-33.57
69176,3535.23,0,1,0,0,28.56
69226,3545.26,0,1,0,0,7.56
69276,3553.66,0,0,0,0,21.17
69326,3591.95,0,0,0,0,-39.14
69376,3600.58,0,0,0,0,26.47
69426,3586.80,0,0,0,0,137.13
69476,3643.43,0,0,0,0,103.76
69526,3625.82,0,0,0,0,250.15
69576,3606.64,0,0,0,0,253.37
69626,3563.79,0,0,0,0,26.44
69676,3827.51,0,-4,0,0,-110.03
69726,3619.69,0,0,0,0,161.50
69776,3639.89,0,0,0,0,170.11
69826,3780.24,-2,-3,0,0,-222.37
69876,3663.00,0,-1,0,0,42.53
69926,3676.47,0,-1,0,0,-8.99
69976,3647.86,0,0,0,0,25.01
70026,3682.79,0,-1,0,0,-34.04
70076,3633.72,0,0,0,0,13.25
70126,3653.19,0,-1,0,0,-23.87
70176,3586.80,0,0,0,0,17.24
70226,3556.19,0,0,0,0,-20.12
70276,3536.90,0,1,0,0,31.98
70326,3557.03,0,0,0,0,-21.80
70376,3552.82,0,0,0,0,22.87
70426,3576.54,0,0,0,0,-32.95
70476,3594.54,0,0,0,0,-46.76
70526,3731.34,0,-2,0,0,-1.86
70576,3619.69,0,0,0,0,204.89
70626,3554.50,0,0,0,0,35.73
70676,3595.40,0,0,0,0,-24.82
70726,3597.12,0,0,0,0,30.45
70776,3634.60,0,0,0,0,-26.23
70827,3628.45,0,0,0,0,40.83
70877,3658.54,0,-1,0,0,122.66
70927,3727.63,-1,-2,0,0,-168.07
70977,3636.36,0,0,0,0,36.51
71027,3643.43,0,0,0,0,-14.98
71077,3572.28,0,0,0,0,25.71
71127,3581.66,0,0,0,0,-5.12
71177,3563.79,0,0,0,0,-5.92
71227,3643.43,0,0,0,0,89.77
71277,3577.39,0,0,0,0,140.08
71327,3570.58,0,0,0,0,79.94
71377,3600.58,0,0,0,0,2.57
71427,3586.80,0,0,0,0,16.37
71477,3585.94,0,0,0,0,-23.84
71527,3571.43,0,0,0,0,20.53
71577,3600.58,0,0,0,0,16.24
71627,3576.54,0,0,0,0,22.31
71677,3610.11,0,0,0,0,-24.17
71727,3584.23,0,0,0,0,15.48
71777,3629.32,0,0,0,0,-34.79
71827,3617.94,0,0,0,0,33.47
71877,3623.19,0,0,0,0,-36.39
71927,3605.77,0,0,0,0,22.68
71977,3596.26,0,0,0,0,21.69
72027,3596.26,0,0,0,0,22.56
72077,3633.72,0,0,0,0,-29.68
72127,3615.33,0,0,0,0,28.10
72177,3610.98,0,0,0,0,-24.18
72227,3596.26,0,0,0,0,12.98
72278,3613.59,0,0,0,0,-17.33
72328,3596.26,0,0,0,0,13.85
72378,3624.06,0,0,0,0,-19.16
72428,3576.54,0,0,0,0,23.17
72478,3601.44,0,0,0,0,31.82
72528,3586.80,0,0,0,0,24.18
72578,3619.69,0,0,0,0,-32.89
72628,3596.26,0,0,0,0,18.20
72678,3627.57,0,0,0,0,-13.98
72728,3624.94,0,0,0,0,18.49
72778,3605.77,0,0,0,0,31.48
72828,3562.95,0,0,0,0,27.29
72878,3580.81,0,0,0,0,-26.30
72928,3576.54,0,0,0,0,24.90
72978,3610.11,0,0,0,0,-35.28
73028,3596.26,0,0,0,0,33.06
73078,3531.90,0,1,0,0,64.36
73128,3554.50,0,0,0,0,30.58
73178,3601.44,0,0,0,0,9.38
73228,3605.77,0,0,0,0,13.92
73278,3610.11,0,0,0,0,-17.29
73328,3534.40,0,1,0,0,28.54
73378,3581.66,0,0,0,0,-29.68
73428,3528.58,0,1,0,0,20.03
73478,3501.40,0,1,0,0,18.90
73528,3536.90,0,1,0,0,34.53
73578,3599.71,0,0,0,0,28.01
73628,3595.40,0,0,0,0,24.29
73678,3633.72,0,0,0,0,-27.95
73728,3615.33,0,0,0,0,18.39
73778,3595.40,0,0,0,0,24.29
73828,3605.77,0,0,0,0,13.92
73878,3615.33,0,0,0,0,0.00
73928,3614.46,0,0,0,0,24.55
73978,3605.77,0,0,0,0,12.18
74028,3605.77,0,0,0,0,22.68
74078,3629.32,0,0,0,0,-52.79
74128,3604.04,0,0,0,0,15.65
74178,3624.94,0,0,0,0,-9.61
74228,3596.26,0,0,0,0,33.06
74278,3633.72,0,0,0,0,-29.68
74328,3604.04,0,0,0,0,11.29
74378,3652.30,0,-1,0,0,-47.40
74428,3596.26,0,0,0,0,27.80
74478,3653.19,0,-1,0,0,-39.60
74528,3615.33,0,0,0,0,19.27
74578,3605.77,0,0,0,0,18.29
74628,3597.12,0,0,0,0,20.82
74678,3643.43,0,0,0,0,-37.66
74728,3572.28,0,0,0,0,13.66
74778,3627.57,0,0,0,0,-31.31
74828,3605.77,0,0,0,0,28.83
74878,3609.24,0,0,0,0,-45.45
74928,3568.88,0,0,0,0,32.56
74978,3618.82,0,0,0,0,-35.44
75028,3594.54,0,0,0,0,26.90
75078,3653.19,0,-1,0,0,-47.42
75128,3638.13,0,0,0,0,13.28
75179,3682.79,0,-1,0,0,-34.04
75229,3647.86,0,0,0,0,29.51
75279,3667.48,0,-1,0,0,-9.84
75329,3639.01,0,0,0,0,23.99
75379,3634.60,0,0,0,0,-7.03
75429,3615.33,0,0,0,0,28.10
75479,3610.11,0,0,0,0,-32.72
75529,3553.66,0,0,0,0,11.83
75579,3601.44,0,0,0,0,8.52
75629,3562.10,0,0,0,0,20.42
75679,3548.62,0,1,0,0,-4.19
75729,3535.23,0,1,0,0,31.10
75779,3595.40,0,0,0,0,-51.81
75829,3561.25,0,0,0,0,39.32
75879,3576.54,0,0,0,0,-42.14
75929,3503.04,0,1,0,0,19.74
75979,3566.33,0,0,0,0,-46.03
76029,3537.74,0,1,0,0,10.04
76079,3585.94,0,0,0,0,-42.36
76129,3595.40,0,0,0,0,-48.46
76179,3752.81,0,-3,0,0,-37.18
76229,3625.82,0,0,0,0,260.19
76279,3780.24,-2,-3,0,0,-220.68
76329,3672.87,0,-1,0,0,71.51
76379,3716.55,0,-2,0,0,-33.76
76429,3693.67,0,-1,0,0,14.61
76479,3691.85,0,-1,0,0,10.02
76529,3682.79,0,-1,0,0,23.66
76579,3687.32,0,-1,0,0,5.45
76630,3682.79,0,-1,0,0,24.58
76680,3697.31,0,-1,0,0,-29.83
76730,3613.59,0,0,0,0,27.19
76780,3643.43,0,0,0,0,-18.49
76830,3619.69,0,0,0,0,33.50
76880,3555.34,0,0,0,0,16.08
76930,3543.59,0,1,0,0,23.60
76980,3567.18,0,0,0,0,-22.76
77030,3543.59,0,1,0,0,23.60
77080,3519.47,0,1,0,0,15.76
77130,3489.18,0,2,0,0,10.58
77180,3557.03,0,0,0,0,-54.81
77230,3512.06,0,1,0,0,7.42
77280,3557.03,0,0,0,0,-28.45
77330,3544.42,0,1,0,0,21.91
77380,3565.49,0,0,0,0,-36.90
77430,3600.58,0,0,0,0,15.19
77480,3752.81,0,-3,0,0,-34.42
77530,3566.33,0,0,0,0,387.28
77580,3634.60,0,0,0,0,242.37
77630,3610.11,0,0,0,0,227.19
77680,3654.08,0,-1,0,0,-25.63
77730,3657.64,0,-1,0,0,15.23
77780,3706.45,0,-2,0,0,-48.80
77830,3633.72,0,0,0,0,14.14
77880,3643.43,0,0,0,0,-19.37
77930,3623.19,0,0,0,0,30.00
77980,3651.41,0,-1,0,0,-13.28
78030,3629.32,0,0,0,0,34.57
78080,3633.72,0,0,0,0,-28.82
78130,3615.33,0,0,0,0,18.39
78180,3663.00,0,-1,0,0,-33.68
78230,3628.45,0,0,0,0,34.56
78280,3653.19,0,-1,0,0,-49.15
78330,3631.96,0,0,0,0,22.12
78380,3654.08,0,-1,0,0,-16.83
78430,3657.64,0,-1,0,0,24.24
78480,3682.79,0,-1,0,0,-44.66
78530,3638.13,0,0,0,0,24.88
78580,3596.26,0,0,0,0,28.68
78630,3572.28,0,0,0,0,18.82
78680,3629.32,0,0,0,0,-42.52
78730,3608.37,0,0,0,0,16.57
78780,3614.46,0,0,0,0,-8.69
78830,3577.39,0,0,0,0,24.05
78880,3599.71,0,0,0,0,18.05
78930,3563.79,0,0,0,0,25.58
78980,3548.62,0,1,0,0,-29.14
79030,3536.90,0,1,0,0,10.88
79080,3520.30,0,1,0,0,15.77
79130,3488.37,0,2,0,0,18.76
79180,3503.85,0,1,0,0,-2.45
79230,3532.74,0,1,0,0,-41.93
79280,3671.97,0,-1,0,0,58.44
79330,3591.09,0,0,0,0,-34.06
79380,3596.26,0,0,0,0,23.43
79430,3653.19,0,-1,0,0,-41.34
79480,3657.64,0,-1,0,0,29.67
79531,3814.85,-3,-4,0,0,-256.13
79581,3716.55,0,-2,0,0,-34.67
79631,3691.85,0,-1,0,0,36.71
79681,3726.71,0,-2,0,0,-33.95
79731,3683.69,0,-1,0,0,43.94
79781,3682.79,0,-1,0,0,-35.82
79831,3605.77,0,0,0,0,28.83
79881,3590.23,0,0,0,0,5.16
79931,3573.13,0,0,0,0,17.96
79981,3589.38,0,0,0,0,-11.98
80031,3575.69,0,0,0,0,34.42
80081,3575.69,0,0,0,0,-40.45
80131,3553.66,0,0,0,0,31.43
80181,3511.24,0,1,0,0,23.17
80231,3488.37,0,2,0,0,9.76
80281,3542.75,0,1,0,0,-50.32
80331,3546.94,0,1,0,0,-41.45
80381,3619.69,0,0,0,0,-56.75
80431,3557.03,0,0,0,0,-43.33
80481,3552.82,0,0,0,0,23.72
80531,3591.95,0,0,0,0,-39.14
80581,3586.80,0,0,0,0,32.89
80631,3644.31,0,0,0,0,-30.73
80681,3638.13,0,0,0,0,34.74
80731,3672.87,0,-1,0,0,-53.18
80781,3647.86,0,0,0,0,26.81
80831,3672.87,0,-1,0,0,-25.01
80881,3657.64,0,-1,0,0,38.76
80931,3677.37,0,-1,0,0,-26.85
80982,3833.38,-3,-4,0,0,-275.50
81032,3691.85,0,-1,0,0,15.51
81082,3711.95,0,-2,0,0,-8.25
81132,3692.76,0,-1,0,0,23.79
81182,3713.79,0,-2,0,0,9.22
81232,3637.25,0,0,0,0,32.03
81282,3643.43,0,0,0,0,-37.66
81332,3562.95,0,0,0,0,33.31
81382,3571.43,0,0,0,0,-7.64
81432,3545.26,0,1,0,0,29.57
81482,3566.33,0,0,0,0,-41.07
81532,3534.40,0,1,0,0,23.47
81582,3591.09,0,0,0,0,-34.06
81632,3562.10,0,0,0,0,28.99
81682,3575.69,0,0,0,0,-41.28
81732,3552.82,0,0,0,0,29.70
81782,3502.22,0,1,0,0,33.02
81832,3568.03,0,0,0,0,164.24
81882,3484.32,0,2,0,0,29.38
81932,3537.74,0,1,0,0,-26.50
81982,3544.42,0,1,0,0,13.45
82032,3573.13,0,0,0,0,-18.63
82082,3554.50,0,0,0,0,30.58
82132,3620.56,0,0,0,0,-33.76
82182,3615.33,0,0,0,0,21.03
82232,3663.00,0,-1,0,0,-48.55
82282,3657.64,0,-1,0,0,15.23
82332,3677.37,0,-1,0,0,-19.73
82382,3693.67,0,-1,0,0,-0.91
82432,3683.69,0,-1,0,0,-55.25
82482,3646.97,0,0,0,0,25.90
82532,3683.69,0,-1,0,0,-45.57
82582,3647.86,0,0,0,0,43.08
82632,3697.31,0,-1,0,0,80.07
82682,3757.52,-2,-3,0,0,-197.95
82732,3638.13,0,0,0,0,44.66
82782,3636.36,0,0,0,0,-37.52
82832,3562.10,0,0,0,0,24.70
82882,3582.52,0,0,0,0,-20.42
82932,3601.44,0,0,0,0,26.33
82982,3754.69,0,-3,0,0,-22.42
83032,3723.01,0,-2,0,0,-8.30
83082,3576.54,0,0,0,0,23.17
83132,3618.82,0,0,0,0,-31.16
83182,3617.07,0,0,0,0,15.77
83232,3596.26,0,0,0,0,120.29
83282,3610.11,0,0,0,0,143.65
83332,3634.60,0,0,0,0,219.46
83382,3615.33,0,0,0,0,91.12
83432,3658.54,0,-1,0,0,137.01
83482,3706.45,-1,-2,0,0,-147.73
83532,3619.69,0,0,0,0,33.50
83582,3730.42,0,-2,0,0,-156.43
83632,3605.77,0,0,0,0,19.17
83682,3624.06,0,0,0,0,-8.73
83732,3604.90,0,0,0,0,19.16
83782,3643.43,0,0,0,0,-28.10
83832,3604.04,0,0,0,0,11.29
83883,3653.19,0,-1,0,0,-37.86
83933,3628.45,0,0,0,0,44.42
83983,3621.44,0,0,0,0,-25.18
84033,3605.77,0,0,0,0,38.55
84083,3638.13,0,0,0,0,-41.87
84133,3596.26,0,0,0,0,36.58
84183,3520.30,0,1,0,0,23.29
84233,3463.40,0,2,0,0,28.22
84283,3566.33,0,0,0,0,-50.16
84333,3340.01,-192,5,0,-207,-182.78
84383,3016.89,116,11,0,109,259.65
84433,3176.62,65,8,0,74,168.61
84483,3028.47,60,11,0,57,137.43
84533,3119.80,-10,9,0,-38,-91.33
84583,2944.64,22,13,0,17,45.79
84633,2866.42,7,14,0,9,25.98
84683,2819.02,30,15,0,17,46.86
84733,2737.23,-11,17,0,-36,-95.92
84783,2681.44,51,18,0,45,125.97
84833,2736.23,-39,17,0,-74,-205.44
84883,2510.04,9,21,0,8,24.60
84933,2592.46,0,20,0,-17,-50.09
84983,2398.08,12,24,0,12,41.34
85033,2499.17,-4,22,0,-51,-153.58
85083,2397.70,0,24,0,-40,-128.07
85133,2231.48,49,27,0,42,143.07
85183,2287.28,0,26,0,-12,-42.78
85233,2152.70,26,28,0,10,36.44
85283,2153.01,6,28,0,-17,-59.79
85334,2119.24,11,29,0,9,33.76
85384,2009.92,17,31,0,4,16.84
85434,2030.04,22,31,0,0,-3.57
85484,1963.86,30,32,0,17,66.18
85534,1916.20,36,33,0,3,12.07
85584,1865.21,35,34,0,1,5.58
85634,1817.30,46,35,0,11,47.91
85684,1764.50,47,36,0,11,48.41
85734,1763.88,36,36,0,0,0.62
85784,1710.77,49,37,0,12,53.11
85834,1659.84,48,38,0,10,50.34
85884,1657.46,38,38,0,0,2.38
85934,1605.48,49,39,0,10,51.98
85984,1556.99,49,40,0,9,44.72
86034,1553.60,40,40,0,0,3.39
86084,1499.85,52,42,0,10,53.75
86134,1446.48,53,43,0,10,54.72
86184,1445.92,43,43,0,0,0.56
86234,1391.72,54,44,0,10,54.20
86284,1393.15,44,44,0,0,-1.42
86334,1337.26,54,45,0,9,55.89
86384,1339.29,45,45,0,0,-2.03
86434,1280.85,55,46,0,9,58.44
86484,1283.59,46,46,0,0,-2.74
86534,1224.99,56,47,0,9,58.60
86584,1227.90,47,47,0,0,-2.91
86634,1165.77,57,48,0,9,62.13
86684,1171.42,48,48,0,0,-5.64
86734,1108.73,58,49,0,9,62.69
86784,1113.09,49,49,0,0,-4.36
86834,1056.78,57,50,0,7,56.31
86884,1051.52,50,50,0,0,5.26
86934,995.62,59,52,0,7,55.91
86984,995.62,59,52,0,7,55.91
87034,984.58,53,52,0,1,11.04
87084,920.25,60,53,0,7,64.33
87134,917.49,53,53,0,0,2.76
87184,917.49,53,53,0,0,2.76
87234,848.80,62,55,0,7,68.69
87284,846.26,55,55,0,0,2.54
87334,846.26,55,55,0,0,2.54
87384,770.61,63,56,0,7,75.65
87434,769.07,56,56,0,0,1.54
87484,769.07,56,56,0,0,1.54
87534,704.85,63,57,0,6,64.22
87584,704.85,63,57,0,6,64.22
87634,682.66,60,58,0,2,22.20
87684,682.66,60,58,0,2,22.20
87734,608.91,64,59,0,5,73.74
87784,608.91,64,59,0,5,73.74
87834,581.69,62,60,0,2,27.23
87884,581.69,62,60,0,2,27.23
87934,497.08,67,62,0,5,84.60
87984,497.08,67,62,0,5,84.60
88034,497.08,67,62,0,5,84.60
88084,455.17,64,62,0,2,41.92
88134,455.17,64,62,0,2,41.92
88184,455.17,64,62,0,2,41.92
88235,338.74,70,65,0,5,116.43
88285,338.74,70,65,0,5,116.43
88335,338.74,70,65,0,5,116.43
88385,338.74,70,65,0,5,116.43
89239,59.02,-70,65,0,5,116.43
89289,59.02,-70,65,0,5,116.43
89339,59.02,-70,65,0,5,116.43
89389,59.02,-70,65,0,5,116.43
89439,59.02,-70,65,0,5,116.43
89489,59.02,-70,65,0,5,116.43
89539,59.02,-70,65,0,5,116.43
89589,59.02,-70,65,0,5,116.43
89639,59.02,-70,65,0,5,116.43
89689,59.02,-70,65,0,5,116.43
89739,59.02,-70,65,0,5,116.43
89789,59.02,-70,65,0,5,116.43
89839,59.02,-70,65,0,5,116.43
89889,59.02,-70,65,0,5,116.43
89939,59.02,-70,65,0,5,116.43
89989,59.02,-70,65,0,5,116.43
90039,59.02,-70,65,0,5,116.43
90089,59.02,-70,65,0,5,116.43
90139,59.02,-70,65,0,5,116.43
90189,59.02,-70,65,0,5,116.43
90240,59.02,-70,65,0,5,116.43
90290,59.02,-70,65,0,5,116.43
90340,59.02,-70,65,0,5,116.43
90390,59.02,-70,65,0,5,116.43
90440,59.02,-70,65,0,5,116.43
90490,59.02,-70,65,0,5,116.43
90540,59.02,-70,65,0,5,116.43
90590,59.02,-70,65,0,5,116.43
90640,59.02,-70,65,0,5,116.43
90690,59.02,-70,65,0,5,116.43
90740,59.02,-70,65,0,5,116.43
90790,59.02,-70,65,0,5,116.43
90840,59.02,-70,65,0,5,116.43
90890,59.02,-70,65,0,5,116.43
90940,59.02,-70,65,0,5,116.43
90990,59.02,-70,65,0,5,116.43
