------ Microcontroller Engine Governor  P Cmd, I Cmd, D Cmd
90,inf,0,0,0,0,0.00,0,0,0
140,3488.37,0,0,0,0,0.00,0,0,0
------ Microcontroller Engine Governor - Version: 1.16 ------
-------------------------------------------------------------
PID Gains:        Kp: 0.013000   Ki: 0.025000   Kd: 0.100000
-------------------------------------------------------------
Set RPM:             3600    |  Min RPM:                300
                             |
RPM Precision        10       |  PID I Precision:         70
                             |
Start Steps:         850     |  Max Steps:               1200
                             |
RPM Calc Interval:   1       |  Num Magnets:             1
                             |
LCD Update Interval: 400     |  Serial Update Interval:  50
-------------------------------------------------------------

Time,RPM,Steps Remaining, PID p, PID i, PID d, RPM Change, P Cmd, I Cmd, D Cmd
90,inf,0,0,0,0,0.00,0,0,0
140,3504.67,0,0,0,0,0.00,0,0,0
190,3531.90,0,0,0,0,0.00,0,0,0
240,3505.49,0,0,0,0,0.00,0,0,0
290,3515.35,0,0,0,0,0.00,0,0,0
340,3523.61,0,0,0,0,0.00,0,0,0
390,3577.39,0,0,0,0,0.00,0,0,0
440,3567.18,0,0,0,0,0.00,0,0,0
490,3500.58,0,0,0,0,0.00,0,0,0
540,3546.10,0,0,1,0,15.15,0,1,0
590,3543.59,0,0,1,0,26.99,1,2,0
640,3528.58,0,0,0,0,14.17,1,3,0
690,3501.40,0,1,0,0,29.67,3,4,0
740,3557.87,0,0,1,0,-38.40,4,6,0
790,3544.42,0,0,1,0,20.22,4,8,0
840,3578.24,0,0,0,0,-24.58,4,9,0
890,3569.73,0,0,0,0,32.58,4,10,0
940,3581.66,0,0,0,0,-20.41,4,10,0
990,3543.59,0,0,1,0,21.90,4,12,0
1040,3610.11,0,0,0,0,-34.42,4,12,0
1090,3585.94,0,0,0,0,24.17,4,12,0
1140,3599.71,0,0,0,0,10.18,4,12,0
1190,3595.40,0,0,0,0,-41.43,4,12,0
1240,3646.97,0,0,-1,0,-32.52,4,13,0
1290,3595.40,0,0,0,0,-0.87,4,13,0
1340,3641.66,0,0,-1,0,-26.33,4,14,0
1390,3628.45,0,0,0,0,33.66,4,15,0
1440,3628.45,0,0,0,0,-45.07,4,15,0
1490,3617.07,0,0,0,0,29.01,4,16,0
1540,3586.80,0,0,0,0,37.26,4,16,0
1590,3583.37,0,0,0,0,17.20,4,16,0
1640,3602.31,0,0,0,0,34.64,4,16,0
1690,3594.54,0,0,0,0,-32.02,4,16,0
1740,3622.31,0,0,0,0,-16.54,4,16,0
1790,3614.46,0,0,0,0,19.26,4,16,0
1840,3610.11,0,0,0,0,-33.57,4,16,0
1890,3596.26,0,0,0,0,-19.90,4,16,0
1940,3636.36,0,0,0,0,-41.83,4,16,0
1990,3571.43,0,0,0,0,13.66,4,16,0
2040,3624.06,0,0,0,0,-29.53,4,16,0
2091,3585.09,0,0,0,0,28.50,4,16,0
2141,3628.45,0,0,0,0,-45.93,4,16,0
2191,3614.46,0,0,0,0,22.79,4,16,0
2241,3596.26,0,0,0,0,35.26,4,17,0
2291,3595.40,0,0,0,0,-25.88,4,17,0
2341,3591.95,0,0,0,0,-41.85,4,17,0
2391,3562.10,0,0,0,0,22.99,4,18,0
2441,3601.44,0,0,0,0,24.80,4,18,0
2491,3575.69,0,0,0,0,15.41,4,18,0
2541,3590.23,0,0,0,0,18.07,4,18,0
2591,3569.73,0,0,0,0,29.98,4,18,0
2641,3618.82,0,0,0,0,-42.28,4,18,0
2691,3585.94,0,0,0,0,36.37,4,18,0
2741,3645.20,0,0,-1,0,-40.30,4,19,0
2791,3576.54,0,0,0,0,22.31,4,19,0
2841,3631.96,0,0,0,0,-40.87,4,19,0
2891,3594.54,0,0,0,0,-11.29,4,19,0
2941,3643.43,0,0,-1,0,-25.48,4,21,0
2991,3628.45,0,0,0,0,14.98,4,22,0
3041,3653.19,0,0,-1,0,-24.74,4,24,0
3091,3628.45,0,0,0,0,23.85,4,25,0
3141,3599.71,0,0,0,0,14.60,4,25,0
3191,3592.81,0,0,0,0,12.91,4,25,0
3241,3508.77,0,1,0,0,86.63,5,25,0
3291,3553.66,0,0,1,0,31.43,5,26,0
3341,3598.85,0,0,0,0,22.14,5,26,0
3391,3562.10,0,0,0,0,8.48,5,26,0
3441,3609.24,0,0,0,0,16.22,5,26,0
3491,3585.09,0,0,0,0,24.15,5,26,0
3542,3606.64,0,0,0,0,-25.89,5,26,0
3592,3585.94,0,0,0,0,24.17,5,26,0
3642,3531.90,0,0,1,0,40.37,5,27,0
3692,3569.73,0,0,0,0,25.67,5,27,0
3742,3609.24,0,0,0,0,18.93,5,27,0
3792,3596.26,0,0,0,0,-39.91,5,27,0
3842,3600.58,0,0,0,0,34.61,5,27,0
3892,3580.81,0,0,0,0,8.57,5,27,0
3942,3591.09,0,0,0,0,26.63,5,27,0
3992,3544.42,0,0,1,0,27.00,5,28,0
4042,3541.08,0,0,1,0,339.91,12,29,4
4092,3573.13,0,0,0,0,179.68,15,29,17
4142,3566.33,0,0,0,0,105.64,16,29,23
4192,3599.71,0,0,0,0,24.97,16,29,23
4242,3595.40,0,0,0,0,-37.05,16,29,23
4292,3663.00,0,0,-1,0,-47.68,16,31,23
4342,3655.86,0,0,-1,0,18.81,16,32,23
4392,3672.87,0,0,0,0,110.23,19,32,32
4442,3651.41,0,0,-1,0,364.65,27,33,36
4492,3651.41,0,0,-1,0,309.51,33,34,39
4542,3692.76,0,-1,0,0,-51.10,45,35,47
4592,3670.17,0,0,0,0,16.24,46,36,47
4642,3716.55,0,-1,0,0,-40.08,48,36,47
4692,3686.41,0,-1,0,0,22.79,51,36,47
4742,3647.86,0,0,-1,0,11.57,52,38,47
4792,3609.24,0,0,-1,0,-21.99,52,39,47
4842,3636.36,0,0,0,0,-40.10,52,39,47
4892,3603.17,0,-1,0,0,-149.25,53,40,47
4942,3613.59,0,0,0,0,-21.63,53,40,47
4992,3596.26,0,0,0,0,-31.34,53,40,47
5042,3583.37,0,0,0,0,-29.71,53,41,47
5092,3583.37,0,0,0,0,17.20,53,41,47
5142,3544.42,0,0,1,0,16.83,53,42,47
5192,3561.25,0,0,0,0,15.28,53,43,47
5242,3591.09,0,0,0,0,24.02,53,43,47
5292,3533.57,0,0,1,0,30.22,53,44,47
5342,3575.69,0,0,0,0,-23.71,53,45,47
5392,3562.95,0,0,0,0,21.28,53,46,47
5442,3571.43,0,0,0,0,17.09,53,46,47
5492,3561.25,0,0,0,0,429.17,62,46,53
5542,3561.25,0,0,0,0,321.74,68,46,57
5592,3597.98,0,-2,0,-2,-404.58,72,46,59
5642,3578.24,0,0,0,0,30.13,72,46,59
5692,3606.64,0,1,0,0,64.99,73,46,59
5742,3562.95,0,0,0,0,16.15,73,47,59
5792,3583.37,0,0,0,0,-29.71,73,48,59
5842,3586.80,0,0,0,0,23.31,73,48,59
5892,3605.77,0,0,0,0,-40.77,73,48,59
5942,3535.23,0,0,1,0,26.02,73,49,59
5992,3583.37,0,0,0,0,-29.71,73,50,59
6042,3568.03,0,0,0,0,23.06,73,50,59
6092,3628.45,0,0,0,0,-96.54,73,51,59
6142,3586.80,0,0,0,0,41.65,73,51,59
6192,3610.11,0,0,0,0,-25.88,73,51,59
6242,3595.40,0,0,0,0,-32.03,73,51,59
6292,3591.95,0,0,1,0,22.03,73,52,59
6342,3584.23,0,0,0,0,25.01,73,52,59
6392,3620.56,0,0,0,0,-24.30,73,52,59
6443,3595.40,0,0,0,0,-21.73,73,52,59
6493,3631.96,0,0,0,0,-45.16,73,52,59
6543,3628.45,0,0,0,0,24.74,73,53,59
6593,3653.19,0,0,-1,0,-24.74,73,55,59
6643,3638.13,0,0,0,0,24.88,73,56,59
6693,3671.97,0,0,0,0,-33.84,73,57,59
6743,3646.09,0,0,-1,0,29.48,73,59,59
6793,3676.47,0,0,0,0,-25.95,74,60,59
6843,3614.46,0,0,0,0,22.79,74,61,59
6893,3611.85,0,0,0,0,-26.76,74,61,59
6943,3553.66,0,0,1,0,22.03,74,62,59
6993,3600.58,0,0,0,0,11.94,74,62,59
7043,3576.54,0,0,0,0,23.17,74,62,59
7093,3597.98,0,0,0,0,5.08,74,62,59
7143,3529.41,0,0,0,0,14.17,74,63,59
7193,3594.54,0,0,1,0,18.62,74,64,59
7243,3576.54,0,0,0,0,22.31,74,64,59
7293,3575.69,0,0,0,0,0.85,74,64,59
7343,3568.03,0,0,0,0,23.06,74,64,59
7393,3548.62,0,0,1,0,-29.14,75,66,59
7443,3544.42,0,0,1,0,20.22,75,67,59
7493,3589.38,0,0,0,0,-26.43,75,67,59
7543,3591.09,0,0,0,0,23.04,75,67,59
7593,3645.20,0,0,-1,0,-40.30,75,68,59
7643,3595.40,0,0,0,0,4.36,75,68,59
7693,3613.59,0,0,0,0,-37.05,75,68,59
7743,3604.90,0,0,0,0,-49.61,75,68,59
7793,3592.81,0,0,0,0,-32.34,75,68,59
7843,3595.40,0,0,0,0,-43.96,75,68,59
7894,3623.19,0,0,0,0,-17.42,75,68,59
7944,3615.33,0,0,0,0,14.87,75,68,59
7994,3652.30,0,0,-1,0,-37.84,75,69,59
8044,3577.39,0,0,0,0,26.65,75,69,59
8094,3631.96,0,0,0,0,-37.42,75,69,59
8144,3603.17,0,0,0,0,-38.40,75,69,59
8194,3646.09,0,0,-1,0,-41.18,75,70,59
8244,3595.40,0,0,0,0,-4.35,75,70,59
8294,3622.31,0,0,0,0,-18.28,75,70,59
8344,3554.50,0,0,1,0,20.33,75,71,59
8394,3618.82,0,0,0,0,-34.59,75,71,59
8444,3577.39,0,0,0,0,42.30,75,71,59
8494,3575.69,0,0,0,0,0.85,75,71,59
8544,3561.25,0,0,0,0,28.98,75,71,59
8594,3563.79,0,0,0,0,-35.21,75,72,59
8644,3544.42,0,0,1,0,20.22,75,74,59
8694,3510.41,0,1,0,0,15.68,76,74,59
8744,3511.24,0,1,0,0,17.35,78,74,59
8794,3528.58,0,0,0,0,25.92,78,75,59
8844,3565.49,0,0,0,0,242.59,83,75,63
8894,3556.19,0,0,1,0,129.32,86,76,72
8944,3614.46,0,0,0,0,-20.78,86,77,72
8994,3585.94,0,0,0,0,26.77,86,77,72
9044,3607.50,0,0,0,0,-31.13,86,77,72
9094,3595.40,0,0,0,0,-45.07,86,77,72
9144,3609.24,0,0,0,0,20.44,86,77,72
9194,3605.77,0,0,0,0,-48.71,86,77,72
9244,3643.43,0,0,-1,0,-29.84,86,78,72
9294,3646.09,0,0,-1,0,24.99,86,79,72
9344,3628.45,0,0,0,0,28.31,86,80,72
9394,3595.40,0,0,0,0,-10.50,86,80,72
9444,3643.43,0,0,-1,0,-21.99,86,81,72
9494,3619.69,0,0,0,0,62.19,87,81,72
9544,3625.82,0,0,0,0,128.88,90,81,81
9594,3598.85,0,-2,0,-2,-404.80,94,81,83
9644,3594.54,0,-3,0,-2,-470.15,99,81,85
9694,3577.39,0,0,0,0,26.65,99,81,85
9744,3622.31,0,0,0,0,55.06,100,82,85
9794,3553.66,0,0,1,0,16.92,100,83,85
9844,3598.85,0,0,0,0,29.16,100,83,85
9894,3576.54,0,0,0,0,27.50,100,83,85
9944,3566.33,0,0,0,0,-25.26,100,84,85
9994,3560.41,0,0,0,0,33.27,100,85,85
10044,3581.66,0,0,0,0,-5.98,100,85,85
10094,3569.73,0,0,0,0,33.44,100,86,85
10144,3609.24,0,0,-1,0,-96.77,100,88,85
10194,3595.40,0,0,0,0,-24.17,100,88,85
10244,3630.20,0,0,0,0,-26.17,100,88,85
10294,3572.28,0,0,0,0,10.24,100,88,85
10344,3628.45,0,0,0,0,-43.36,100,88,85
10394,3604.90,0,0,0,0,-33.05,100,88,85
10444,3594.54,0,0,0,0,25.44,100,88,85
10494,3585.09,0,0,0,0,25.02,100,88,85
10544,3642.54,0,0,-1,0,-43.70,100,89,85
10594,3595.40,0,0,0,0,-8.69,100,89,85
10644,3614.46,0,0,0,0,-19.06,100,89,85
10694,3598.85,0,0,0,0,28.51,100,89,85
10744,3646.09,0,0,-1,0,-41.18,100,90,85
10795,3576.54,0,0,0,0,22.31,100,90,85
10845,3606.64,0,0,0,0,22.31,100,90,85
10895,3576.54,0,0,0,0,22.31,100,90,85
10945,3598.85,0,0,0,0,22.31,100,90,85
10995,3592.81,0,0,0,0,14.62,100,90,85
11045,3615.33,0,0,0,0,-10.43,100,90,85
11095,3595.40,0,0,0,0,-24.17,100,90,85
11145,3606.64,0,0,0,0,-24.29,100,90,85
11195,3595.40,0,0,0,0,-34.57,100,90,85
11245,3599.71,0,0,0,0,28.50,100,90,85
11295,3596.26,0,0,0,0,-39.89,100,90,85
11345,3598.85,0,0,0,0,-38.34,100,90,85
11395,3594.54,0,0,0,0,-29.44,100,90,85
11445,3610.11,0,0,0,0,-48.85,100,90,85
11495,3585.94,0,0,0,0,32.87,100,90,85
11545,3555.34,0,0,1,0,-0.84,100,92,85
11595,3544.42,0,0,1,0,20.22,100,94,85
11645,3573.98,0,0,0,0,-35.41,100,96,85
11695,3533.57,0,0,1,0,31.07,100,98,85
11745,3520.30,0,1,0,0,25.80,101,99,85
11795,3538.57,0,0,1,0,20.15,102,101,85
11845,3599.71,0,0,0,0,14.51,102,101,85
11895,3543.59,0,0,1,0,19.36,102,102,85
11945,3600.58,0,0,0,0,24.69,102,102,85
11995,3577.39,0,0,0,0,31.85,102,102,85
12045,3599.71,0,0,0,0,11.09,102,102,85
12095,3615.33,0,0,0,0,13.12,102,102,85
12145,3633.72,0,0,0,0,-17.52,102,102,85
12195,3617.07,0,0,0,0,26.36,102,103,85
12246,3591.09,0,0,-1,0,-28.13,102,104,85
12296,3595.40,0,0,0,0,-51.66,102,104,85
12346,3652.30,0,0,-1,0,-33.48,102,106,85
12396,3646.09,0,0,-1,0,26.78,102,107,85
12446,3676.47,0,0,0,0,-31.27,102,108,85
12496,3660.32,0,0,-1,0,17.05,103,110,85
12546,3663.00,0,0,-1,0,-32.80,103,112,85
12596,3647.86,0,0,-1,0,18.73,103,115,85
12646,3676.47,0,0,0,0,-20.61,103,116,85
12696,3655.86,0,0,-1,0,20.61,103,118,85
12746,3614.46,0,0,0,0,12.23,103,119,85
12796,3604.04,0,0,0,0,-32.36,103,119,85
12846,3581.66,0,0,0,0,-11.08,103,119,85
12896,3568.88,0,0,0,0,30.83,103,119,85
12946,3604.90,0,0,1,0,45.85,103,120,85
12996,3542.75,0,0,1,0,28.68,103,121,85
13046,3599.71,0,0,0,0,14.45,103,121,85
13096,3576.54,0,0,0,0,23.17,103,121,85
13146,3589.38,0,0,0,0,-27.28,103,121,85
13196,3592.81,0,0,0,0,11.13,103,121,85
13246,3599.71,0,0,0,0,19.56,103,121,85
13296,3596.26,0,0,0,0,-48.49,103,121,85
13346,3579.95,0,0,0,0,-62.13,104,121,85
13396,3544.42,0,0,1,0,19.37,104,122,85
13446,3566.33,0,0,0,0,-21.07,104,123,85
13496,3562.95,0,0,0,0,11.89,104,124,85
13546,3610.11,0,0,0,0,-34.42,104,124,85
13596,3562.95,0,0,0,0,20.43,104,124,85
13646,3512.06,0,1,0,0,374.96,112,124,90
13696,3571.43,0,0,0,0,110.46,115,124,100
13746,3539.41,0,0,1,0,18.47,115,127,100
13796,3603.17,0,0,1,0,21.16,115,128,100
13846,3595.40,0,0,0,0,-37.83,115,128,100
13896,3623.19,0,0,0,0,-19.15,115,128,100
13946,3612.72,0,0,0,0,25.41,115,128,100
13996,3652.30,0,0,-1,0,-27.36,115,130,100
14046,3636.36,0,0,0,0,16.83,115,131,100
14096,3624.06,0,0,0,0,-13.96,115,131,100
14146,3534.40,0,0,1,0,102.84,115,132,100
14196,3633.72,0,0,0,0,-12.28,116,132,105
14246,3604.90,0,0,0,0,-33.22,116,132,105
14296,3608.37,0,0,0,0,13.69,116,132,105
14346,3604.04,0,0,0,0,-41.65,116,132,105
14396,3585.94,0,0,0,0,31.13,116,132,105
14446,3586.80,0,0,0,0,28.53,116,132,105
14496,3624.06,0,0,0,0,-6.99,116,132,105
14546,3609.24,0,0,-1,0,-40.36,116,133,105
14596,3635.48,0,0,0,0,-35.77,116,133,105
14646,3618.82,0,0,0,0,38.83,116,134,105
14696,3599.71,0,0,0,0,-8.75,116,134,105
14746,3604.90,0,0,0,0,-34.70,116,134,105
14796,3631.96,0,0,0,0,-18.37,116,134,105
14846,3595.40,0,0,0,0,-6.96,116,134,105
14896,3622.31,0,0,0,0,-16.54,116,134,105
14946,3624.06,0,0,0,0,10.54,116,134,105
14996,3613.59,0,0,0,0,11.35,116,134,105
15046,3604.04,0,0,0,0,-36.44,116,134,105
15096,3614.46,0,0,0,0,1.74,116,135,105
15147,3604.90,0,0,0,0,-39.05,116,135,105
15197,3614.46,0,0,0,0,-9.56,116,135,105
15247,3543.59,0,0,1,0,35.51,116,136,105
15297,3584.23,0,0,0,0,-33.93,116,137,105
15347,3544.42,0,0,1,0,30.41,116,138,105
15397,3584.23,0,0,0,0,-42.32,116,139,105
15447,3553.66,0,0,1,0,31.43,116,141,105
15497,3568.88,0,0,0,0,-49.41,117,142,105
15547,3568.03,0,0,0,0,25.64,117,143,105
15597,3591.09,0,0,0,0,11.88,117,143,105
15647,3563.79,0,0,0,0,16.16,117,143,105
15697,3599.71,0,0,0,0,7.67,117,143,105
15747,3591.95,0,0,0,0,18.91,117,143,105
15797,3599.71,0,0,0,0,-32.11,117,143,105
15847,3595.40,0,0,0,0,-32.02,117,143,105
15897,3619.69,0,0,0,0,-33.75,117,143,105
15947,3604.90,0,0,0,0,-13.07,117,143,105
15997,3624.06,0,0,0,0,-11.35,117,143,105
16047,3604.04,0,0,0,0,-27.88,117,143,105
16097,3662.11,0,0,-1,0,-33.66,117,145,105
16147,3628.45,0,0,0,0,33.66,117,146,105
16197,3642.54,0,0,-1,0,-5.30,117,148,105
16247,3603.17,0,0,0,0,-0.88,117,148,105
16297,3619.69,0,0,0,0,-33.75,117,148,105
16347,3609.24,0,0,-1,0,-46.35,117,149,105
16397,3637.25,0,0,0,0,-42.71,117,149,105
16447,3562.10,0,0,0,0,29.85,117,149,105
16497,3600.58,0,0,0,0,9.38,117,149,105
16547,3592.81,0,0,0,0,26.59,117,149,105
16598,3609.24,0,0,-1,0,-82.69,117,150,105
16648,3586.80,0,0,0,0,32.89,117,150,105
16698,3591.09,0,0,0,0,24.15,117,150,105
16748,3576.54,0,0,0,0,33.57,117,150,105
16798,3562.10,0,0,0,0,22.99,117,150,105
16848,3536.90,0,0,1,0,9.20,117,153,105
16898,3593.67,0,0,1,0,26.14,117,154,105
16948,3528.58,0,0,0,0,9.99,117,156,105
16998,3593.67,0,0,1,0,10.99,117,157,105
17048,3592.81,0,0,0,0,31.58,117,157,105
17098,3591.95,0,0,0,0,-30.37,117,157,105
17148,3596.26,0,0,0,0,-52.48,117,157,105
17198,3581.66,0,0,0,0,4.28,117,157,105
17248,3568.03,0,0,0,0,23.06,117,157,105
17298,3598.85,0,0,0,0,34.46,117,157,105
17348,3595.40,0,0,0,0,-32.72,117,157,105
17398,3637.25,0,0,0,0,-38.40,117,157,105
17448,3617.94,0,0,0,0,28.14,117,158,105
17498,3662.11,0,0,-1,0,-35.42,117,160,105
17548,3595.40,0,0,0,0,13.12,117,160,105
17598,3653.19,0,0,-1,0,-29.13,117,161,105
17648,3638.13,0,0,0,0,24.88,117,162,105
17698,3646.09,0,0,-1,0,-41.18,117,163,105
17748,3636.36,0,0,0,0,16.83,117,164,105
17798,3676.47,0,0,0,0,-34.81,117,166,105
17848,3669.28,0,0,-1,0,17.13,118,168,105
17898,3646.09,0,0,-1,0,24.09,119,169,105
17948,3584.23,0,0,0,0,20.67,119,169,105
17998,3590.23,0,0,0,0,-53.02,119,169,105
18048,3577.39,0,0,0,0,32.72,119,169,105
18098,3591.09,0,0,0,0,32.86,119,169,105
18148,3592.81,0,0,0,0,4.29,119,169,105
18198,3569.73,0,0,0,0,27.39,119,169,105
18248,3551.98,0,0,1,0,23.71,119,171,105
18298,3617.94,0,0,0,0,-40.55,119,171,105
18348,3575.69,0,0,0,0,15.41,119,171,105
18398,3590.23,0,0,0,0,9.33,119,171,105
18448,3575.69,0,0,0,0,14.55,119,171,105
18498,3597.12,0,0,0,0,14.55,119,171,105
18548,3575.69,0,0,0,0,24.89,119,171,105
18598,3566.33,0,0,0,0,-24.42,119,173,105
18648,3560.41,0,0,0,0,33.27,119,174,105
18698,3584.23,0,0,0,0,-31.41,119,175,105
18748,3576.54,0,0,0,0,33.57,119,175,105
18798,3599.71,0,0,0,0,32.00,119,175,105
18848,3585.09,0,0,0,0,15.49,119,175,105
18898,3639.01,0,0,0,0,-52.21,119,175,105
18948,3572.28,0,0,0,0,12.81,119,175,105
18998,3582.52,0,0,0,0,24.99,119,175,105
19048,3594.54,0,-5,0,-6,-849.05,129,175,112
19098,3599.71,0,-5,0,-5,-805.65,138,175,117
19148,3633.72,0,0,0,0,17.69,148,176,122
19198,3627.57,0,0,0,0,18.52,148,177,122
19248,3627.57,0,0,0,0,25.62,148,178,122
19298,3671.97,0,0,0,0,-33.84,148,179,122
19348,3638.13,0,0,0,0,16.84,148,181,122
19398,3618.82,0,0,0,0,22.84,148,183,122
19448,3604.90,0,0,0,0,-27.05,148,183,122
19499,3606.64,0,0,-1,0,-42.07,148,184,122
19549,3594.54,0,0,0,0,-47.64,148,184,122
19599,3590.23,0,0,0,0,-40.07,148,184,122
19649,3511.24,0,1,0,0,16.52,149,185,122
19699,3575.69,0,0,0,0,-38.78,149,187,122
19749,3509.59,0,1,0,0,19.82,150,188,122
19799,3531.90,0,0,1,0,17.55,150,190,122
19849,3573.13,0,0,0,0,160.07,153,190,135
19899,3510.41,0,1,0,0,90.16,155,190,135
19949,3546.94,0,0,1,0,-15.86,155,193,135
19999,3544.42,0,0,1,0,20.22,155,194,135
20049,3564.64,0,0,0,0,-9.29,155,195,135
20099,3562.95,0,0,0,0,20.43,155,196,135
20149,3572.28,0,0,0,0,4.26,155,196,135
20199,3581.66,0,0,0,0,18.91,155,196,135
20249,3636.36,0,0,0,0,-40.10,155,196,135
20299,3609.24,0,0,-1,0,-36.85,155,197,135
20349,3618.82,0,0,0,0,-42.28,155,197,135
20399,3609.24,0,0,-1,0,-54.97,155,198,135
20449,3627.57,0,0,0,0,-32.17,155,198,135
20499,3594.54,0,0,0,0,-13.88,155,198,135
20549,3653.19,0,0,-1,0,-47.42,155,199,135
20599,3610.98,0,0,0,0,42.21,155,200,135
20649,3662.11,0,0,-1,0,-31.91,156,201,135
20699,3626.69,0,0,0,0,46.18,156,201,135
20749,3636.36,0,0,0,0,-40.10,156,201,135
20799,3628.45,0,0,0,0,24.74,156,202,135
20849,3662.11,0,0,-1,0,-43.29,156,204,135
20899,3636.36,0,0,0,0,26.64,156,205,135
20950,3627.57,0,0,0,0,22.95,157,206,135
21000,3608.37,0,0,-1,0,-26.33,157,207,135
21050,3643.43,0,0,-1,0,-20.24,157,209,135
21100,3592.81,0,-1,0,0,-133.40,158,210,135
21150,3579.10,0,0,0,0,128.27,160,210,141
21200,3585.94,0,0,0,0,46.02,161,210,141
21250,3585.94,0,0,0,0,27.64,161,210,141
21300,3570.58,0,0,0,0,15.36,161,210,141
21350,3626.69,0,0,0,0,-43.32,161,210,141
21400,3576.54,0,0,0,0,29.23,161,210,141
21450,3609.24,0,0,0,0,17.14,161,210,141
21500,3544.42,0,0,1,0,17.68,161,211,141
21550,3546.94,0,0,1,0,-8.37,161,214,141
21600,3519.47,0,1,0,0,30.82,163,215,141
21650,3520.30,0,1,0,0,-24.61,166,215,141
21700,3520.30,0,1,0,0,19.10,168,216,141
21750,3559.56,0,0,1,0,-39.26,169,218,141
21800,3542.75,0,0,1,0,22.74,169,220,141
21850,3594.54,0,0,1,0,26.28,169,221,141
21900,3528.58,0,0,0,0,15.84,169,222,141
21950,3584.23,0,0,0,0,-46.49,169,224,141
22000,3574.83,0,0,0,0,19.70,169,225,141
22050,3637.25,0,0,0,0,-50.44,169,225,141
22100,3575.69,0,0,0,0,24.03,169,225,141
22150,3617.94,0,0,0,0,-40.55,169,225,141
22200,3618.82,0,0,0,0,26.38,169,226,141
22250,3624.94,0,0,0,0,3.51,169,227,141
22300,3614.46,0,0,0,0,21.91,169,227,141
22350,3671.97,0,0,0,0,-53.15,169,228,141
22400,3593.67,0,0,0,0,12.33,169,229,141
22450,3628.45,0,0,0,0,-32.19,169,229,141
22500,3609.24,0,0,-1,0,-44.60,169,230,141
22550,3662.11,0,0,-1,0,-34.54,169,232,141
22600,3596.26,0,0,0,0,14.06,169,232,141
22650,3652.30,0,0,-1,0,-37.84,169,233,141
22700,3577.39,0,0,0,0,27.51,169,233,141
22750,3614.46,0,0,0,0,-20.78,169,233,141
22800,3604.04,0,0,0,0,-45.93,169,233,141
22850,3637.25,0,0,0,0,-41.85,169,233,141
22900,3618.82,0,0,0,0,34.37,169,234,141
22950,3633.72,0,0,0,0,-5.27,169,235,141
23000,3614.46,0,0,0,0,9.61,169,235,141
23050,3653.19,0,0,-1,0,-38.73,169,236,141
23100,3604.04,0,0,0,0,-23.61,169,236,141
23150,3642.54,0,0,-1,0,-27.22,169,237,141
23200,3576.54,0,0,0,0,18.86,169,237,141
23250,3621.44,0,0,0,0,-26.04,169,237,141
23300,3604.90,0,0,0,0,-46.15,169,237,141
23350,3610.11,0,0,0,0,-37.83,169,237,141
23400,3576.54,0,0,0,0,33.57,169,237,141
23450,3624.06,0,0,0,0,-1.75,169,237,141
23500,3586.80,0,0,0,0,26.79,169,237,141
23550,3572.28,0,0,0,0,4.26,169,237,141
23600,3574.83,0,0,0,0,19.70,169,238,141
23650,3626.69,0,0,0,0,-39.89,169,238,141
23700,3604.90,0,0,0,0,-35.80,169,238,141
23750,3662.11,0,0,-1,0,-43.29,169,240,141
23800,3598.85,0,0,0,0,33.66,169,240,141
23851,3645.20,0,0,-1,0,-43.76,169,241,141
23901,3628.45,0,0,0,0,33.66,169,242,141
23951,3662.11,0,0,-1,0,-23.98,169,244,141
24001,3646.09,0,0,-1,0,30.38,169,246,141
24051,3630.20,0,0,0,0,-25.30,169,246,141
24101,3562.95,0,0,0,0,20.43,169,246,141
24151,3621.44,0,0,0,0,-28.62,169,246,141
24201,3551.98,0,0,1,0,25.41,169,247,141
24251,3608.37,0,0,0,0,23.10,169,247,141
24301,3585.09,0,0,0,0,34.61,169,247,141
24351,3575.69,0,0,0,0,-22.03,169,248,141
24401,3562.95,0,0,0,0,22.14,169,249,141
24451,3597.98,0,0,0,0,16.34,169,249,141
24501,3544.42,0,0,1,0,17.68,169,250,141
24551,3581.66,0,0,0,0,-18.72,169,250,141
24601,3545.26,0,0,1,0,30.42,169,252,141
24651,3564.64,0,0,0,0,-21.89,169,254,141
24701,3562.95,0,0,0,0,20.43,169,255,141
24751,3576.54,0,0,0,0,22.31,169,255,141
24801,3613.59,0,0,0,0,311.06,176,255,145
24851,3602.31,0,-5,0,-4,-687.07,184,255,150
24901,3617.94,0,0,0,0,324.24,192,255,154
24951,3589.38,0,0,0,0,370.50,199,255,159
25001,3636.36,0,0,0,0,346.64,206,255,164
25051,3641.66,0,0,-1,0,482.62,216,256,172
25101,3632.84,0,0,0,0,431.10,225,256,178
25151,3598.85,0,-6,0,-6,-916.59,236,256,186
25201,3608.37,0,-6,0,-6,-894.46,247,256,193
25251,3622.31,0,0,0,0,-23.47,258,256,200
25302,3596.26,0,0,0,0,-30.48,258,256,200
25352,3619.69,0,0,0,0,-33.75,258,256,200
25402,3604.90,0,0,0,0,-22.59,258,256,200
25452,3663.00,0,0,-1,0,-31.92,258,258,200
25502,3655.86,0,0,-1,0,20.61,258,260,200
25552,3685.50,0,-1,0,0,-35.87,260,261,200
25602,3614.46,0,0,0,0,23.67,260,262,200
25652,3632.84,0,0,0,0,-18.38,260,262,200
25702,3628.45,0,0,0,0,23.85,260,263,200
25752,3614.46,0,0,0,0,23.67,260,264,200
25802,3612.72,0,0,0,0,24.53,260,264,200
25852,3604.90,0,0,-1,0,-38.70,260,265,200
25902,3595.40,0,0,0,0,-36.98,260,265,200
25952,3622.31,0,0,0,0,-26.05,260,265,200
26002,3604.90,0,0,0,0,-23.61,260,265,200
26052,3615.33,0,0,0,0,-11.29,260,265,200
26102,3552.82,0,0,1,0,30.55,260,266,200
26152,3591.09,0,0,0,0,22.23,260,266,200
26202,3527.75,0,0,0,0,17.51,260,267,200
26252,3586.80,0,0,0,0,-48.23,260,269,200
26302,3553.66,0,0,1,0,29.71,260,271,200
26352,3600.58,0,0,0,0,11.09,260,271,200
26402,3585.09,0,0,0,0,24.15,260,271,200
26452,3569.73,0,0,0,0,21.37,260,271,200
26502,3617.94,0,0,0,0,440.50,269,271,206
26552,3597.98,0,-3,0,-3,-465.26,274,271,209
26602,3591.95,0,-2,0,-14,-428.54,279,271,223
26652,3575.69,0,0,0,0,198.85,283,271,236
26702,3605.77,0,-1,0,-8,-226.39,285,271,244
26752,3568.03,0,0,0,0,133.85,287,271,252
26802,3619.69,0,0,0,0,-30.32,287,271,252
26852,3612.72,0,0,0,0,22.77,287,271,252
26902,3597.98,0,0,0,0,-2.61,287,271,252
26952,3585.09,0,0,0,0,25.02,287,271,252
27002,3575.69,0,0,0,0,26.62,287,271,252
27052,3569.73,0,0,0,0,23.09,287,271,252
27102,3543.59,0,0,1,0,19.36,287,272,252
27152,3537.74,0,0,1,0,8.36,287,274,252
27202,3594.54,0,0,1,0,30.42,287,275,252
27252,3554.50,0,0,1,0,25.45,287,276,252
27302,3568.03,0,0,0,0,-49.38,288,277,252
27352,3542.75,0,0,1,0,32.08,288,279,252
27402,3557.87,0,0,1,0,-14.29,288,281,252
27452,3519.47,0,1,0,0,8.28,289,281,252
27502,3565.49,0,0,0,0,-37.73,289,282,252
27552,3543.59,0,0,1,0,32.10,289,284,252
27602,3610.11,0,0,0,0,-42.08,289,284,252
27652,3553.66,0,0,1,0,16.92,289,285,252
27702,3619.69,0,0,0,0,-35.46,289,285,252
27752,3552.82,0,0,1,0,31.41,289,286,252
27802,3598.85,0,0,0,0,24.91,289,286,252
27852,3594.54,0,0,0,0,-32.72,289,286,252
27902,3591.09,0,0,0,0,13.59,289,286,252
27952,3585.09,0,0,0,0,15.49,289,286,252
28002,3629.32,0,0,0,0,-33.93,289,286,252
28052,3604.90,0,0,0,0,-27.87,289,286,252
28102,3653.19,0,0,-1,0,-38.73,289,287,252
28152,3638.13,0,0,0,0,24.88,289,288,252
28203,3643.43,0,0,-1,0,-28.97,289,289,252
28253,3637.25,0,0,0,0,24.86,289,290,252
28303,3636.36,0,0,0,0,-31.46,289,290,252
28353,3628.45,0,0,0,0,24.74,289,291,252
28403,3624.06,0,0,0,0,-10.48,289,291,252
28453,3628.45,0,0,0,0,24.74,289,292,252
28503,3647.86,0,0,-1,0,-1.77,289,294,252
28553,3638.13,0,0,0,0,24.88,289,295,252
28603,3676.47,0,0,0,0,-25.95,290,296,252
28653,3660.32,0,0,-1,0,26.09,291,298,252
28703,3646.97,0,0,-1,0,13.35,292,300,252
28753,3628.45,0,0,0,0,28.31,292,302,252
28803,3652.30,0,0,-1,0,-23.85,292,304,252
28853,3604.90,0,0,0,0,-3.52,292,304,252
28903,3607.50,0,0,0,0,-21.79,292,304,252
28953,3595.40,0,0,0,0,-20.77,292,304,252
29003,3591.09,0,0,0,0,33.76,292,304,252
29053,3571.43,0,0,0,0,17.95,292,304,252
29103,3556.19,0,0,1,0,-20.95,292,307,252
29153,3542.75,0,0,1,0,22.74,292,309,252
29203,3585.09,0,0,0,0,-32.27,292,310,252
29253,3519.47,0,1,0,0,19.10,293,312,252
29303,3510.41,0,1,0,0,19.00,294,313,252
29353,3511.24,0,1,0,0,19.01,296,314,252
29403,3514.53,0,1,0,0,5.77,298,315,252
29453,3546.94,0,0,1,0,-52.06,299,316,252
29503,3533.57,0,0,1,0,320.49,306,317,256
29553,3535.23,0,0,1,0,156.62,309,318,266
29603,3528.58,0,0,0,0,24.24,310,319,266
29654,3572.28,0,0,0,0,-9.33,310,319,266
29704,3561.25,0,0,0,0,19.55,310,319,266
29754,3591.95,0,0,0,0,19.55,310,319,266
29804,3585.09,0,0,0,0,24.15,310,319,266
29854,3564.64,0,0,0,0,-19.38,310,320,266
29904,3576.54,0,0,0,0,18.86,310,321,266
29954,3629.32,0,0,0,0,-37.37,310,321,266
30004,3618.82,0,0,0,0,26.38,310,322,266
30054,3652.30,0,0,-1,0,-24.73,310,324,266
30104,3628.45,0,0,0,0,23.85,310,325,266
30154,3633.72,0,0,0,0,-19.26,310,325,266
30204,3637.25,0,0,0,0,15.06,310,326,266
30254,3685.50,0,-1,0,0,-39.42,311,327,266
30304,3728.56,0,-1,0,0,-112.36,312,328,266
30354,3675.57,0,0,0,0,-1.80,313,328,266
30404,3660.32,0,0,-1,0,211.64,317,329,268
30454,3597.98,0,-5,0,-5,-751.85,325,329,275
30504,3588.52,0,0,0,0,435.09,334,329,280
30554,3617.94,0,0,0,0,428.45,343,329,286
30604,3608.37,0,-2,0,-2,-401.88,347,329,288
30654,3641.66,0,0,-1,0,291.22,353,330,291
30704,3649.63,0,0,-1,0,-13.27,363,331,297
30754,3628.45,0,0,0,0,33.66,363,332,297
30804,3629.32,0,0,0,0,-24.42,363,332,297
30854,3609.24,0,0,-1,0,-33.32,363,333,297
30904,3569.73,0,0,0,0,31.71,363,333,297
30954,3594.54,0,-5,0,-6,-866.73,373,333,304
31004,3525.26,0,0,0,0,445.09,381,333,309
31054,3591.09,0,-2,0,-14,-418.72,386,333,323
31104,3551.14,0,0,1,0,171.87,389,334,334
31154,3600.58,0,0,0,0,15.34,389,334,334
31204,3596.26,0,0,0,0,-55.66,389,334,334
31254,3599.71,0,0,0,0,13.59,389,334,334
31304,3585.94,0,0,0,0,40.75,389,334,334
31354,3608.37,0,0,0,0,20.65,389,334,334
31404,3594.54,0,0,0,0,-30.32,389,334,334
31454,3638.13,0,0,0,0,-28.89,389,335,334
31504,3622.31,0,0,0,0,21.12,389,336,334
31554,3614.46,0,0,0,0,11.36,389,337,334
31604,3604.90,0,0,0,0,-31.37,389,337,334
31654,3596.26,0,0,0,0,29.06,389,338,334
31704,3585.09,0,0,0,0,19.82,389,338,334
31754,3591.09,0,0,0,0,25.02,389,338,334
31804,3569.73,0,0,0,0,21.37,389,338,334
31854,3591.09,0,0,0,0,22.42,389,338,334
31904,3551.14,0,0,1,0,49.44,389,339,334
31954,3613.59,0,0,0,0,-13.88,389,340,334
32004,3583.37,0,0,0,0,23.26,389,340,334
32054,3629.32,0,0,0,0,-33.06,389,340,334
32104,3617.94,0,0,0,0,34.36,389,341,334
32154,3609.24,0,0,0,0,18.94,389,341,334
32204,3543.59,0,0,1,0,20.21,389,342,334
32254,3599.71,0,0,0,0,11.94,389,342,334
32304,3530.24,0,0,1,0,21.73,389,344,334
32354,3574.83,0,0,0,0,-47.08,389,345,334
32404,3568.88,0,0,0,0,24.80,389,346,334
32454,3592.81,0,0,1,0,18.62,389,347,334
32504,3585.94,0,0,0,0,22.43,389,347,334
32555,3580.81,0,0,0,0,3.42,389,347,334
32605,3576.54,0,0,0,0,24.04,389,347,334
32655,3581.66,0,0,0,0,4.28,389,347,334
32705,3575.69,0,0,0,0,15.41,389,347,334
32755,3638.13,0,0,0,0,-51.33,389,347,334
32805,3586.80,0,0,0,0,28.53,389,347,334
32855,3638.13,0,0,0,0,-32.36,389,347,334
32905,3615.33,0,0,0,0,14.00,389,347,334
32955,3662.11,0,0,-1,0,-33.66,389,349,334
33005,3650.52,0,0,-1,0,32.27,390,350,334
33055,3663.00,0,0,-1,0,-35.43,390,352,334
33105,3594.54,0,0,0,0,17.50,390,352,334
33155,3653.19,0,0,-1,0,-38.73,390,353,334
33205,3585.09,0,0,0,0,18.08,390,353,334
33255,3600.58,0,0,0,0,22.23,390,353,334
33305,3592.81,0,0,0,0,16.35,390,353,334
33355,3606.64,0,0,0,0,-19.90,390,353,334
33405,3577.39,0,0,0,0,14.56,390,353,334
33455,3610.11,0,0,0,0,-25.88,390,353,334
33505,3575.69,0,0,0,0,24.89,390,353,334
33555,3610.11,0,0,0,0,-40.38,390,353,334
33605,3586.80,0,0,0,0,23.31,390,353,334
33655,3566.33,0,0,0,0,-22.75,390,354,334
33705,3574.83,0,0,0,0,19.70,390,355,334
33755,3590.23,0,0,0,0,24.90,390,355,334
33805,3553.66,0,0,1,0,26.29,390,356,334
33855,3599.71,0,0,0,0,23.94,390,356,334
33905,3575.69,0,0,0,0,32.69,390,356,334
33955,3617.94,0,0,0,0,-40.55,390,356,334
34006,3562.10,0,0,0,0,28.99,390,356,334
34056,3590.23,0,0,0,0,19.56,390,356,334
34106,3536.90,0,0,1,0,17.60,390,358,334
34156,3566.33,0,0,0,0,-13.52,390,359,334
34206,3561.25,0,0,0,0,23.83,390,360,334
34256,3609.24,0,0,0,0,17.19,390,360,334
34306,3595.40,0,0,0,0,-27.76,390,360,334
34356,3621.44,0,0,0,0,-15.67,390,360,334
34406,3605.77,0,0,0,0,-38.23,390,360,334
34456,3607.50,0,0,0,0,-22.68,390,360,334
34506,3576.54,0,0,0,0,23.17,390,360,334
34556,3621.44,0,0,0,0,-26.04,390,360,334
34606,3614.46,0,0,0,0,15.75,390,360,334
34656,3651.41,0,0,-1,0,-23.84,390,362,334
34706,3614.46,0,0,0,0,19.26,390,362,334
34756,3636.36,0,0,0,0,-40.97,390,362,334
34806,3606.64,0,0,-1,0,-51.70,390,363,334
34856,3554.50,0,0,1,0,13.53,390,364,334
34906,3584.23,0,0,0,0,-56.48,390,364,334
34956,3580.81,0,0,0,0,515.32,401,364,341
35006,3599.71,0,-6,0,-6,-872.66,411,364,348
35056,3590.23,0,-6,0,-6,-895.41,422,364,355
35106,3609.24,0,-5,0,-5,-834.97,432,364,361
35156,3588.52,0,0,0,0,457.88,441,364,367
35206,3642.54,0,0,-1,0,428.01,451,365,373
35256,3579.95,0,0,0,0,291.02,456,365,376
35306,3636.36,0,0,0,0,224.64,461,365,379
35356,3617.07,0,0,0,0,355.39,468,365,384
35406,3611.85,0,0,0,0,376.45,477,365,389
35456,3588.52,0,0,0,0,435.09,486,365,395
35506,3600.58,0,-2,0,-12,-319.39,489,365,407
35556,3638.13,0,0,0,0,49.19,492,365,417
35606,3595.40,0,-1,0,-5,-175.41,494,365,422
35656,3580.81,0,0,0,0,92.96,495,365,425
35706,3527.75,0,0,0,0,0.83,495,366,425
35756,3518.65,0,1,0,0,25.77,497,367,425
35806,3547.78,0,0,1,0,-52.90,499,368,425
35856,3496.50,0,1,0,0,24.62,502,368,425
35906,3541.91,0,0,1,0,-23.26,503,370,425
35956,3474.64,0,1,0,0,24.32,506,370,425
36006,3546.94,0,0,1,0,-59.38,508,371,425
36056,3500.58,0,1,0,0,23.02,510,371,425
36106,3522.78,0,1,0,0,-11.54,512,372,425
36156,3520.30,0,1,0,0,17.44,514,373,425
36206,3592.81,0,0,1,0,22.76,514,374,425
36256,3599.71,0,0,0,0,23.09,514,374,425
36306,3644.31,0,0,-1,0,-39.41,514,375,425
36356,3599.71,0,0,0,0,25.50,514,375,425
36406,3585.09,0,0,0,0,19.82,514,375,425
36456,3592.81,0,0,0,0,13.66,514,375,425
36506,3629.32,0,0,0,0,-36.51,514,375,425
36556,3618.82,0,0,0,0,26.38,514,376,425
36606,3681.88,0,-1,0,0,-45.52,515,376,425
36656,3649.63,0,0,-1,0,36.77,516,378,425
36706,3585.94,0,0,0,0,28.51,516,378,425
36756,3586.80,0,0,0,0,26.79,516,378,425
36806,3576.54,0,0,0,0,19.72,516,378,425
36856,3570.58,0,0,0,0,13.65,516,379,425
36907,3620.56,0,0,0,0,-28.61,516,379,425
36957,3609.24,0,0,-1,0,-44.62,516,380,425
37007,3629.32,0,0,0,0,-44.24,516,380,425
37057,3618.82,0,0,0,0,27.27,516,381,425
37107,3610.11,0,0,0,0,-34.42,516,381,425
37157,3587.66,0,0,0,0,-0.86,516,381,425
37207,3644.31,0,0,-1,0,-48.92,516,382,425
37257,3612.72,0,0,0,0,21.00,516,382,425
37307,3652.30,0,0,-1,0,-28.24,516,383,425
37357,3628.45,0,0,0,0,23.85,516,384,425
37407,3624.06,0,0,0,0,3.51,516,385,425
37457,3614.46,0,0,0,0,23.67,516,385,425
37507,3600.58,0,0,0,0,18.84,516,385,425
37557,3570.58,0,0,0,0,29.13,516,385,425
37607,3628.45,0,0,0,0,-32.19,516,385,425
37657,3554.50,0,0,1,0,29.73,516,386,425
37707,3617.94,0,0,0,0,-45.67,516,386,425
37757,3613.59,0,0,0,0,23.66,516,386,425
37807,3643.43,0,0,-1,0,-28.97,516,387,425
37857,3576.54,0,0,0,0,18.00,516,387,425
37907,3600.58,0,0,0,0,35.29,516,387,425
37957,3597.12,0,0,0,0,14.63,516,387,425
38007,3629.32,0,0,0,0,-34.79,516,387,425
38057,3603.17,0,0,0,0,-29.63,516,387,425
38107,3632.84,0,0,0,0,-14.02,516,388,425
38157,3614.46,0,0,0,0,19.26,516,388,425
38207,3642.54,0,0,-1,0,-14.10,516,390,425
38257,3614.46,0,0,0,0,19.26,516,390,425
38307,3615.33,0,0,0,0,-11.29,516,390,425
38358,3588.52,0,0,0,0,40.81,516,390,425
38408,3609.24,0,0,0,0,26.42,516,390,425
38458,3604.90,0,0,0,0,-33.89,516,390,425
38508,3628.45,0,0,0,0,-22.68,516,390,425
38558,3604.90,0,0,0,0,-21.74,516,390,425
38608,3662.11,0,0,-1,0,-43.29,516,392,425
38658,3610.11,0,0,0,0,33.32,516,393,425
38708,3653.19,0,0,-1,0,-25.62,516,395,425
38758,3631.96,0,0,0,0,21.23,516,396,425
38808,3629.32,0,0,0,0,-43.38,516,396,425
38858,3595.40,0,0,0,0,-39.95,516,396,425
38908,3623.19,0,0,0,0,-17.42,516,396,425
38958,3595.40,0,0,0,0,-19.98,516,396,425
39008,3576.54,0,0,0,0,19.72,516,396,425
39058,3562.10,0,0,0,0,32.44,516,397,425
39108,3579.95,0,0,0,0,-17.01,516,397,425
39158,3574.83,0,0,0,0,5.12,516,397,425
39208,3553.66,0,0,1,0,15.22,516,398,425
39258,3566.33,0,0,0,0,-30.27,516,399,425
39308,3543.59,0,0,1,0,384.14,524,400,430
39358,3572.28,0,0,0,0,219.43,529,400,444
39408,3557.87,0,0,1,0,139.44,531,401,453
39458,3591.95,0,0,1,0,9.26,531,402,453
39508,3583.37,0,0,0,0,22.40,531,402,453
39558,3608.37,0,0,0,0,17.26,531,402,453
39608,3591.09,0,0,0,0,23.29,531,402,453
39658,3582.52,0,0,0,0,12.02,531,402,453
39708,3553.66,0,0,1,0,17.77,531,403,453
39758,3599.71,0,0,0,0,19.57,531,403,453
39808,3591.95,0,0,0,0,24.03,531,403,453
39858,3570.58,0,0,0,0,16.22,531,403,453
39908,3568.88,0,0,0,0,34.29,531,404,453
39958,3584.23,0,0,0,0,-56.48,531,405,453
40008,3568.03,0,0,0,0,25.64,531,406,453
40058,3610.11,0,0,0,0,-34.42,531,406,453
40108,3577.39,0,0,0,0,12.84,531,406,453
40158,3554.50,0,0,1,0,22.89,531,407,453
40208,3544.42,0,0,1,0,20.22,531,409,453
40258,3591.09,0,0,0,0,23.09,531,409,453
40308,3561.25,0,0,0,0,20.41,531,409,453
40358,3594.54,0,0,1,0,27.13,531,410,453
40408,3536.90,0,0,1,0,10.88,531,413,453
40458,3593.67,0,0,1,0,22.01,531,414,453
40508,3551.98,0,0,1,0,19.45,531,415,453
40558,3589.38,0,0,0,0,-19.65,531,415,453
40608,3592.81,0,0,0,0,21.35,531,415,453
40658,3623.19,0,0,0,0,-17.42,531,415,453
40708,3585.09,0,0,0,0,29.37,531,415,453
40758,3627.57,0,0,0,0,-31.31,531,415,453
40808,3614.46,0,0,0,0,19.26,531,415,453
40858,3638.13,0,0,0,0,-51.33,531,415,453
40908,3628.45,0,0,0,0,24.74,531,416,453
40958,3644.31,0,0,-1,0,-48.92,531,417,453
41008,3617.94,0,0,0,0,25.48,531,418,453
41058,3615.33,0,0,0,0,-11.29,531,418,453
41108,3612.72,0,0,0,0,24.53,531,418,453
41158,3652.30,0,0,-1,0,-23.85,531,420,453
41208,3617.07,0,0,0,0,29.90,531,421,453
41259,3652.30,0,0,-1,0,-15.06,531,423,453
41309,3628.45,0,0,0,0,33.66,531,424,453
41359,3637.25,0,0,0,0,-41.85,531,424,453
41409,3638.13,0,0,0,0,12.40,531,425,453
41459,3637.25,0,0,0,0,-51.30,531,425,453
41509,3628.45,0,0,0,0,23.85,531,426,453
41559,3671.97,0,0,0,0,-33.84,531,427,453
41609,3646.97,0,0,-1,0,13.35,531,430,453
41659,3666.59,0,0,-1,0,-20.50,531,432,453
41709,3604.04,0,0,0,0,15.83,531,432,453
41759,3633.72,0,0,0,0,-19.26,531,432,453
41809,3609.24,0,0,-1,0,-35.08,531,433,453
41859,3619.69,0,0,0,0,-33.75,531,433,453
41909,3584.23,0,0,0,0,22.41,531,433,453
41959,3620.56,0,0,0,0,-25.17,531,433,453
42009,3553.66,0,0,1,0,19.47,531,434,453
42059,3599.71,0,0,0,0,11.04,531,434,453
42109,3568.03,0,0,0,0,32.55,531,434,453
42159,3556.19,0,0,1,0,-27.61,531,436,453
42209,3544.42,0,0,1,0,30.41,531,437,453
42259,3566.33,0,0,0,0,-12.67,531,438,453
42309,3553.66,0,0,1,0,30.57,531,440,453
42359,3558.72,0,0,1,0,-48.30,532,441,453
42409,3528.58,0,0,0,0,23.40,532,443,453
42459,3510.41,0,1,0,0,26.49,533,445,453
42509,3541.08,0,0,1,0,-36.40,534,446,453
42559,3542.75,0,0,1,0,460.45,544,447,459
42609,3531.07,0,0,1,0,243.46,549,448,475
42659,3540.24,0,0,1,0,82.07,550,449,475
42710,3583.37,0,0,0,0,-25.50,550,450,475
42760,3553.66,0,0,1,0,32.28,550,452,475
42810,3593.67,0,0,0,0,24.05,550,452,475
42860,3576.54,0,0,0,0,30.97,550,452,475
42910,3637.25,0,0,0,0,-45.29,550,452,475
42960,3618.82,0,0,0,0,23.73,550,453,475
43010,3662.11,0,0,-1,0,-22.22,550,455,475
43060,3618.82,0,0,0,0,42.40,550,456,475
43110,3606.64,0,0,0,0,42.40,550,456,475
43160,3536.07,0,0,1,0,40.47,550,457,475
43210,3559.56,0,0,1,0,-31.81,550,459,475
43260,3533.57,0,0,1,0,31.92,550,460,475
43310,3575.69,0,0,0,0,-31.26,550,461,475
43360,3511.24,0,1,0,0,16.52,551,462,475
43410,3593.67,0,0,1,0,31.93,551,463,475
43460,3585.09,0,0,0,0,23.29,551,463,475
43510,3572.28,0,0,0,0,12.81,551,463,475
43560,3570.58,0,0,0,0,14.51,551,464,475
43610,3557.03,0,0,1,0,13.55,551,465,475
43660,3536.90,0,0,1,0,20.13,551,468,475
43710,3599.71,0,0,0,0,22.99,551,468,475
43760,3572.28,0,0,0,0,17.10,551,468,475
43810,3599.71,0,0,0,0,26.43,551,468,475
43860,3595.40,0,0,0,0,-42.28,551,468,475
43910,3637.25,0,0,0,0,-32.34,551,468,475
43960,3577.39,0,0,0,0,29.25,551,468,475
44010,3626.69,0,0,0,0,-20.92,551,468,475
44060,3584.23,0,0,0,0,13.76,551,468,475
44110,3653.19,0,0,-1,0,-49.15,551,469,475
44160,3628.45,0,0,0,0,23.85,551,470,475
44210,3646.09,0,0,-1,0,0.00,551,472,475
44260,3618.82,0,0,0,0,44.19,551,473,475
44310,3636.36,0,0,0,0,-42.69,551,473,475
44360,3618.82,0,0,0,0,43.29,551,474,475
44410,3592.81,0,0,0,0,18.08,551,474,475
44460,3575.69,0,0,0,0,34.42,551,474,475
44510,3610.11,0,0,0,0,-39.53,551,474,475
44560,3594.54,0,0,0,0,-39.95,551,474,475
44610,3645.20,0,0,-1,0,-40.30,551,475,475
44660,3596.26,0,0,0,0,-13.09,551,475,475
44710,3623.19,0,0,0,0,-19.15,551,475,475
44760,3617.07,0,0,0,0,27.24,551,476,475
44810,3626.69,0,0,0,0,-7.87,551,477,475
44860,3604.90,0,0,0,0,-36.51,551,477,475
44910,3653.19,0,0,-1,0,-49.15,551,478,475
44960,3628.45,0,0,0,0,24.74,551,479,475
45010,3653.19,0,0,-1,0,-15.06,551,481,475
45060,3595.40,0,0,0,0,-4.37,551,481,475
45110,3606.64,0,0,0,0,-42.73,551,481,475
45160,3591.95,0,0,0,0,18.12,551,481,475
45210,3511.24,0,1,0,0,84.16,552,481,475
45260,3568.03,0,0,0,0,27.37,552,481,475
45310,3617.94,0,0,0,0,-42.26,552,481,475
45360,3585.09,0,0,0,0,36.35,552,481,475
45410,3608.37,0,0,0,0,31.85,552,481,475
45460,3594.54,0,0,0,0,-42.52,552,481,475
45510,3584.23,0,0,0,0,12.03,552,481,475
45560,3575.69,0,0,0,0,24.03,552,481,475
45611,3617.94,0,0,0,0,-32.00,552,481,475
45661,3553.66,0,0,1,0,28.00,552,482,475
45711,3593.67,0,0,1,0,23.73,552,483,475
45761,3574.83,0,0,0,0,16.26,552,483,475
45811,3562.95,0,0,0,0,-1.69,552,483,475
45861,3570.58,0,0,0,0,14.51,552,484,475
45911,3561.25,0,0,0,0,22.12,552,484,475
45961,3576.54,0,0,0,0,16.28,552,485,475
46011,3610.11,0,0,0,0,-25.88,552,485,475
46061,3595.40,0,0,0,0,-46.81,552,485,475
46111,3641.66,0,0,-1,0,-22.84,552,487,475
46161,3570.58,0,0,0,0,16.22,552,487,475
46211,3610.11,0,0,0,0,-34.42,552,487,475
46261,3592.81,0,0,0,0,29.30,552,487,475
46311,3575.69,0,0,0,0,19.71,552,487,475
46361,3576.54,0,0,0,0,22.31,552,487,475
46411,3562.95,0,0,0,0,15.30,552,487,475
46461,3574.83,0,0,0,0,-37.10,552,488,475
46511,3565.49,0,0,0,0,409.08,560,488,481
46561,3623.19,0,0,0,0,66.85,562,488,486
46611,3571.43,0,0,0,0,108.65,564,488,490
46661,3604.90,0,0,0,0,-83.62,564,489,490
46711,3585.09,0,0,0,0,22.42,564,489,490
46761,3592.81,0,0,1,0,23.52,564,490,490
46811,3585.94,0,0,0,0,26.77,564,490,490
46861,3618.82,0,0,0,0,-30.30,564,490,490
46911,3604.04,0,0,0,0,-30.36,564,490,490
46961,3624.06,0,0,0,0,-9.61,564,491,490
47011,3628.45,0,0,0,0,16.75,564,492,490
47062,3577.39,0,0,0,0,27.51,564,492,490
47112,3586.80,0,0,0,0,27.66,564,492,490
47162,3630.20,0,0,0,0,-22.70,564,492,490
47212,3562.95,0,0,0,0,12.74,564,492,490
47262,3629.32,0,0,0,0,-42.52,564,492,490
47312,3604.90,0,0,0,0,-37.50,564,492,490
47362,3643.43,0,0,-1,0,-31.58,564,493,490
47412,3628.45,0,0,0,0,34.56,564,494,490
47462,3653.19,0,0,-1,0,-26.50,564,496,490
47512,3646.09,0,0,-1,0,29.48,564,497,490
47562,3640.78,0,0,-1,0,196.52,568,498,492
47612,3622.31,0,0,0,0,346.99,575,498,496
47662,3641.66,0,0,-1,0,422.28,585,499,502
47712,3588.52,0,0,0,0,303.54,590,499,505
47762,3617.07,0,0,0,0,282.07,596,499,508
47812,3599.71,0,-4,0,-4,-628.02,603,499,513
47862,3579.95,0,0,0,0,313.12,609,499,516
47912,3570.58,0,0,0,0,251.08,614,499,518
47962,3573.13,0,0,0,0,139.74,617,499,529
48012,3536.90,0,0,1,0,16.76,617,502,529
48062,3529.41,0,0,0,0,8.32,617,503,529
48112,3449.07,0,1,0,0,26.37,620,503,529
48162,3370.79,0,2,0,0,21.34,626,503,529
48212,3284.43,0,4,0,0,40.77,636,503,529
48262,3241.14,0,4,0,0,22.57,644,503,529
48312,3161.22,0,5,0,0,18.76,659,503,529
48362,3078.82,5,6,0,0,28.70,677,503,529
48412,3027.25,0,7,0,0,32.11,691,503,529
48462,2952.17,6,8,0,0,26.97,714,503,529
48512,2902.48,0,9,0,0,17.52,731,503,529
48562,2855.51,0,9,0,0,11.46,749,503,529
48612,2759.89,7,10,0,0,34.45,779,503,529
48662,2707.09,2,11,0,0,40.66,801,503,529
48712,2654.87,0,12,0,0,41.04,824,503,529
48762,2601.01,0,12,0,0,39.84,848,503,529
48812,2545.39,0,13,0,0,45.73,874,503,529
48862,2496.26,0,14,0,0,42.67,901,503,529
48912,2529.08,0,13,0,0,-124.85,929,503,529
48962,2563.66,0,13,0,-1,-289.21,959,503,530
49012,2482.21,0,14,0,0,-233.34,990,503,531
49062,2296.39,0,16,0,0,24.52,1022,503,531
49112,2236.14,0,17,0,0,44.54,1056,503,531
49162,2185.95,4,18,0,0,43.87,1091,503,531
49212,2135.84,11,19,0,0,42.81,1128,503,531
49262,2086.23,18,19,0,0,42.33,1166,503,531
49312,2079.87,0,19,0,0,6.36,1185,503,531
49362,2030.87,6,20,0,0,6.90,1225,503,531
49412,1986.49,18,20,0,0,2.37,1265,503,531
49462,1940.24,0,21,0,0,46.25,1286,503,531
49512,1891.55,13,22,0,0,44.18,1329,503,531
49562,1890.84,0,22,0,0,0.72,1351,503,531
49612,1841.62,10,22,0,0,1.81,1395,503,531
49662,1795.55,23,23,0,0,46.07,1418,503,531
49712,1745.61,24,24,0,0,49.51,1465,503,531
49762,1747.44,24,24,0,0,-1.83,1489,503,531
49812,1697.99,24,24,0,0,1.54,1537,503,531
49862,1647.81,25,25,0,0,50.18,1562,503,531
49912,1649.80,25,25,0,0,-1.99,1587,503,531
49963,1601.54,25,25,0,0,-0.85,1637,503,531
50013,1551.83,26,26,0,0,49.71,1663,503,531
50063,1550.07,26,26,0,0,1.76,1689,503,531
50113,1503.46,27,27,0,0,-2.86,1743,503,531
50163,1448.86,27,27,0,0,54.60,1770,503,531
50213,1451.10,27,27,0,0,-2.24,1797,503,531
50263,1398.99,28,28,0,0,52.11,1825,503,531
50313,1399.25,28,28,0,0,-0.26,1853,503,531
50363,1347.95,29,29,0,0,51.30,1882,503,531
50413,1348.19,29,29,0,0,-0.24,1911,503,531
50463,1297.24,29,29,0,0,-1.79,1969,503,531
50513,1239.98,30,30,0,0,57.26,1999,503,531
50563,1244.40,30,30,0,0,-4.42,2029,503,531
50613,1184.27,31,31,0,0,60.13,2060,503,531
50663,1190.19,31,31,0,0,-5.92,2091,503,531
50713,1190.19,31,31,0,0,-5.92,2091,503,531
50763,1102.78,32,32,0,0,87.41,2123,503,531
50813,1158.66,31,31,0,0,-55.88,2154,503,531
50863,1075.96,32,32,0,0,82.70,2186,503,531
50913,1074.19,32,32,0,0,1.77,2218,503,531
50963,1018.61,33,33,0,0,55.58,2251,503,531
51013,1009.96,33,33,0,0,8.64,2284,503,531
51063,942.98,34,34,0,0,66.98,2318,503,531
51113,942.98,34,34,0,0,66.98,2318,503,531
51163,942.86,34,34,0,0,0.12,2352,503,531
51213,879.15,35,35,0,0,63.72,2387,503,531
51263,872.70,35,35,0,0,6.44,2422,503,531
51313,872.70,35,35,0,0,6.44,2422,503,531
51363,806.58,36,36,0,0,66.12,2458,503,531
51414,794.91,36,36,0,0,11.67,2494,503,531
51464,794.91,36,36,0,0,11.67,2494,503,531
51514,723.14,37,37,0,0,71.78,2531,503,531
51564,723.14,37,37,0,0,71.78,2531,503,531
51614,705.38,37,37,0,0,17.75,2568,503,531
51664,705.38,37,37,0,0,17.75,2568,503,531
51714,635.46,38,38,0,0,69.93,2606,503,531
51764,635.46,38,38,0,0,69.93,2606,503,531
51814,604.21,38,38,0,0,31.25,2644,503,531
51864,604.21,38,38,0,0,31.25,2644,503,531
51914,519.10,40,40,0,0,85.10,2684,503,531
51964,519.10,40,40,0,0,85.10,2684,503,531
52014,519.10,40,40,0,0,85.10,2684,503,531
52064,473.60,40,40,0,0,45.50,2724,503,531
52114,473.60,40,40,0,0,45.50,2724,503,531
52164,473.60,40,40,0,0,45.50,2724,503,531
52214,357.97,42,42,0,0,115.64,2766,503,531
52264,357.97,42,42,0,0,115.64,2766,503,531
52314,357.97,42,42,0,0,115.64,2766,503,531
52364,357.97,42,42,0,0,115.64,2766,503,531
53214,58.26,-42,42,0,0,115.64,2766,503,531
53264,58.26,-42,42,0,0,115.64,2766,503,531
53314,58.26,-42,42,0,0,115.64,2766,503,531
53364,58.26,-42,42,0,0,115.64,2766,503,531
53414,58.26,-42,42,0,0,115.64,2766,503,531
53464,58.26,-42,42,0,0,115.64,2766,503,531
53514,58.26,-42,42,0,0,115.64,2766,503,531
53564,58.26,-42,42,0,0,115.64,2766,503,531
53614,58.26,-42,42,0,0,115.64,2766,503,531
53664,58.26,-42,42,0,0,115.64,2766,503,531
53714,58.26,-42,42,0,0,115.64,2766,503,531
53764,58.26,-42,42,0,0,115.64,2766,503,531
53814,58.26,-42,42,0,0,115.64,2766,503,531
53864,58.26,-42,42,0,0,115.64,2766,503,531
53914,58.26,-42,42,0,0,115.64,2766,503,531
53964,58.26,-42,42,0,0,115.64,2766,503,531
54014,58.26,-42,42,0,0,115.64,2766,503,531
54064,58.26,-42,42,0,0,115.64,2766,503,531
54114,58.26,-42,42,0,0,115.64,2766,503,531
54164,58.26,-42,42,0,0,115.64,2766,503,531
54214,58.26,-42,42,0,0,115.64,2766,503,531
54264,58.26,-42,42,0,0,115.64,2766,503,531
54315,58.26,-42,42,0,0,115.64,2766,503,531
54365,58.26,-42,42,0,0,115.64,2766,503,531
54415,58.26,-42,42,0,0,115.64,2766,503,531
54465,58.26,-42,42,0,0,115.64,2766,503,531
54515,58.26,-42,42,0,0,115.64,2766,503,531
54565,58.26,-42,42,0,0,115.64,2766,503,531
54615,58.26,-42,42,0,0,115.64,2766,503,531
54665,58.26,-42,42,0,0,115.64,2766,503,531
54715,58.26,-42,42,0,0,115.64,2766,503,531
54765,58.26,-42,42,0,0,115.64,2766,503,531
54815,58.26,-42,42,0,0,115.64,2766,503,531
54865,58.26,-42,42,0,0,115.64,2766,503,531
54915,58.26,-42,42,0,0,115.64,2766,503,531
54965,58.26,-42,42,0,0,115.64,2766,503,531
55015,58.26,-42,42,0,0,115.64,2766,503,531
55065,58.26,-42,42,0,0,115.64,2766,503,531
55115,58.26,-42,42,0,0,115.64,2766,503,531
55165,58.26,-42,42,0,0,115.64,2766,503,531
55215,58.26,-42,42,0,0,115.64,2766,503,531
55265,58.26,-42,42,0,0,115.64,2766,503,531
55315,58.26,-42,42,0,0,115.64,2766,503,531
55365,58.26,-42,42,0,0,115.64,2766,503,531
55415,58.26,-42,42,0,0,115.64,2766,503,531
55465,58.26,-42,42,0,0,115.64,2766,503,531
55515,58.26,-42,42,0,0,115.64,2766,503,531
55565,58.26,-42,42,0,0,115.64,2766,503,531
55615,58.26,-42,42,0,0,115.64,2766,503,531
55665,58.26,-42,42,0,0,115.64,2766,503,531
55715,58.26,-42,42,0,0,115.64,2766,503,531
55766,58.26,-42,42,0,0,115.64,2766,503,531
55816,58.26,-42,42,0,0,115.64,2766,503,531
55866,58.26,-42,42,0,0,115.64,2766,503,531
55916,58.26,-42,42,0,0,115.64,2766,503,531
55966,58.26,-42,42,0,0,115.64,2766,503,531
56016,58.26,-42,42,0,0,115.64,2766,503,531
56066,58.26,-42,42,0,0,115.64,2766,503,531
56116,58.26,-42,42,0,0,115.64,2766,503,531
56166,58.26,-42,42,0,0,115.64,2766,503,531
56216,58.26,-42,42,0,0,115.64,2766,503,531
56266,58.26,-42,42,0,0,115.64,2766,503,531
56316,58.26,-42,42,0,0,115.64,2766,503,531
56366,58.26,-42,42,0,0,115.64,2766,503,531
56416,58.26,-42,42,0,0,115.64,2766,503,531
56466,58.26,-42,42,0,0,115.64,2766,503,531
56516,58.26,-42,42,0,0,115.64,2766,503,531
56566,58.26,-42,42,0,0,115.64,2766,503,531
56616,58.26,-42,42,0,0,115.64,2766,503,531
56666,58.26,-42,42,0,0,115.64,2766,503,531
56716,58.26,-42,42,0,0,115.64,2766,503,531
56766,58.26,-42,42,0,0,115.64,2766,503,531
56816,58.26,-42,42,0,0,115.64,2766,503,531
56866,58.26,-42,42,0,0,115.64,2766,503,531
56916,58.26,-42,42,0,0,115.64,2766,503,531
56966,58.26,-42,42,0,0,115.64,2766,503,531
57016,58.26,-42,42,0,0,115.64,2766,503,531
57066,58.26,-42,42,0,0,115.64,2766,503,531
57116,58.26,-42,42,0,0,115.64,2766,503,531
57166,58.26,-42,42,0,0,115.64,2766,503,531
57216,58.26,-42,42,0,0,115.64,2766,503,531
57266,58.26,-42,42,0,0,115.64,2766,503,531
57316,58.26,-42,42,0,0,115.64,2766,503,531
57366,58.26,-42,42,0,0,115.64,2766,503,531
57416,58.26,-42,42,0,0,115.64,2766,503,531
57466,58.26,-42,42,0,0,115.64,2766,503,531
57516,58.26,-42,42,0,0,115.64,2766,503,531
57566,58.26,-42,42,0,0,115.64,2766,503,531
57616,58.26,-42,42,0,0,115.64,2766,503,531
57666,58.26,-42,42,0,0,115.64,2766,503,531
57716,58.26,-42,42,0,0,115.64,2766,503,531
57766,58.26,-42,42,0,0,115.64,2766,503,531
57816,58.26,-42,42,0,0,115.64,2766,503,531
57866,58.26,-42,42,0,0,115.64,2766,503,531
57916,58.26,-42,42,0,0,115.64,2766,503,531
57966,58.26,-42,42,0,0,115.64,2766,503,531
58016,58.26,-42,42,0,0,115.64,2766,503,531
58066,58.26,-42,42,0,0,115.64,2766,503,531
58116,58.26,-42,42,0,0,115.64,2766,503,531
58166,58.26,-42,42,0,0,115.64,2766,503,531
58216,58.26,-42,42,0,0,115.64,2766,503,531
58266,58.26,-42,42,0,0,115.64,2766,503,531
58316,58.26,-42,42,0,0,115.64,2766,503,531
58366,58.26,-42,42,0,0,115.64,2766,503,531
58416,58.26,-42,42,0,0,115.64,2766,503,531
58466,58.26,-42,42,0,0,115.64,2766,503,531
58516,58.26,-42,42,0,0,115.64,2766,503,531
58566,58.26,-42,42,0,0,115.64,2766,503,531
58616,58.26,-42,42,0,0,115.64,2766,503,531
58667,58.26,-42,42,0,0,115.64,2766,503,531
58717,58.26,-42,42,0,0,115.64,2766,503,531
58767,58.26,-42,42,0,0,115.64,2766,503,531
58817,58.26,-42,42,0,0,115.64,2766,503,531
58867,58.26,-42,42,0,0,115.64,2766,503,531
58917,58.26,-42,42,0,0,115.64,2766,503,531
58967,58.26,-42,42,0,0,115.64,2766,503,531
59017,58.26,-42,42,0,0,115.64,2766,503,531
