------ Microcontroller Engine Governor - Version: 1.16 ------
-------------------------------------------------------------
PID Gains:        Kp: 0.015000   Ki: 0.002000   Kd: 6.000000
-------------------------------------------------------------
Set RPM:             3600    |  Min RPM:                300
                             |
RPM Precision        2       |  PID I Precision:         152
                             |
Start Steps:         850     |  Max Steps:               1200
                             |
RPM Calc Interval:   1       |  Num Magnets:             1
                             |
LCD Update Interval: 400     |  Serial Update Interval:  50
-------------------------------------------------------------

Time,RPM,Steps Remaining, PID p, PID i, PID d, RPM Change, P Cmd, I Cmd, D Cmd
1735,0.00,0,0,0,0,0.00,0,0,0
1785,0.00,0,0,0,0,0.00,0,0,0
1835,0.00,0,0,0,0,0.00,0,0,0
1885,0.00,0,0,0,0,0.00,0,0,0
1935,0.00,0,0,0,0,0.00,0,0,0
1985,0.00,0,0,0,0,0.00,0,0,0
2035,0.00,0,0,0,0,0.00,0,0,0
2085,0.00,0,0,0,0,0.00,0,0,0
2135,0.00,0,0,0,0,0.00,0,0,0
2185,0.00,0,0,0,0,0.00,0,0,0
2235,0.00,0,0,0,0,0.00,0,0,0
2285,0.00,0,0,0,0,0.00,0,0,0
2335,0.00,0,0,0,0,0.00,0,0,0
2385,0.00,0,0,0,0,0.00,0,0,0
2435,0.00,0,0,0,0,0.00,0,0,0
2485,0.00,0,0,0,0,0.00,0,0,0
2535,0.00,0,0,0,0,0.00,0,0,0
2585,0.00,0,0,0,0,0.00,0,0,0
2635,0.00,0,0,0,0,0.00,0,0,0
2685,0.00,0,0,0,0,0.00,0,0,0
2735,0.00,0,0,0,0,0.00,0,0,0
2785,0.00,0,0,0,0,0.00,0,0,0
2835,0.00,0,0,0,0,0.00,0,0,0
2885,0.00,0,0,0,0,0.00,0,0,0
2935,0.00,0,0,0,0,0.00,0,0,0
2985,0.00,0,0,0,0,0.00,0,0,0
3035,0.00,0,0,0,0,0.00,0,0,0
3085,0.00,0,0,0,0,0.00,0,0,0
3135,0.00,0,0,0,0,0.00,0,0,0
3185,inf,0,0,0,0,inf,0,0,0
3235,inf,0,0,0,0,inf,0,0,0
3286,551.19,8,45,0,0,inf,45,0,0
3336,551.19,0,45,0,0,inf,45,0,0
3386,601.78,4,44,0,-3,-50.59,89,0,3
3436,601.78,0,44,0,-3,-50.59,89,0,3
3486,509.89,30,46,0,4,91.89,135,0,7
3536,509.89,0,46,0,4,91.89,135,0,7
3586,509.89,0,46,0,4,91.89,135,0,7
3636,462.92,9,47,0,2,46.97,182,0,9
3686,462.92,0,47,0,2,46.97,182,0,9
3736,462.92,0,47,0,2,46.97,182,0,9
3786,332.17,44,49,0,4,130.75,231,0,13
3836,332.17,0,49,0,4,130.75,231,0,13
3886,332.17,0,49,0,4,130.75,231,0,13
3936,332.17,0,49,0,4,130.75,231,0,13
5394,74.26,0,49,0,4,130.75,231,0,13
5444,74.26,0,49,0,4,130.75,231,0,13
5494,74.26,0,49,0,4,130.75,231,0,13
5544,74.26,0,49,0,4,130.75,231,0,13
5594,74.26,0,49,0,4,130.75,231,0,13
5644,74.26,0,49,0,4,130.75,231,0,13
5694,74.26,0,49,0,4,130.75,231,0,13
5744,74.26,0,49,0,4,130.75,231,0,13
5794,74.26,0,49,0,4,130.75,231,0,13
5844,74.26,0,49,0,4,130.75,231,0,13
5894,74.26,0,49,0,4,130.75,231,0,13
5944,74.26,0,49,0,4,130.75,231,0,13
5994,74.26,0,49,0,4,130.75,231,0,13
6044,74.26,0,49,0,4,130.75,231,0,13
6094,74.26,0,49,0,4,130.75,231,0,13
6144,74.26,0,49,0,4,130.75,231,0,13
6194,74.26,0,49,0,4,130.75,231,0,13
6244,74.26,0,49,0,4,130.75,231,0,13
6294,74.26,0,49,0,4,130.75,231,0,13
6344,74.26,0,49,0,4,130.75,231,0,13
6394,74.26,0,49,0,4,130.75,231,0,13
6444,74.26,0,49,0,4,130.75,231,0,13
6494,74.26,0,49,0,4,130.75,231,0,13
6544,74.26,0,49,0,4,130.75,231,0,13
6594,74.26,0,49,0,4,130.75,231,0,13
6644,74.26,0,49,0,4,130.75,231,0,13
6694,74.26,0,49,0,4,130.75,231,0,13
6744,74.26,0,49,0,4,130.75,231,0,13
6794,74.26,0,49,0,4,130.75,231,0,13
6844,74.26,0,49,0,4,130.75,231,0,13
6894,74.26,0,49,0,4,130.75,231,0,13
6944,74.26,0,49,0,4,130.75,231,0,13
6994,38.59,0,49,0,4,130.75,231,0,13
7044,685.81,34,43,0,-1,-647.22,274,0,14
7094,685.81,0,43,0,-1,-647.22,274,0,14
7144,693.77,21,43,0,0,-7.96,317,0,14
7194,693.77,0,43,0,0,-7.96,317,0,14
7244,672.74,11,43,0,1,21.03,360,0,15
7294,672.74,0,43,0,1,21.03,360,0,15
7344,572.06,22,45,0,5,100.68,405,0,20
7394,572.06,0,45,0,5,100.68,405,0,20
7444,533.71,32,45,0,2,38.35,450,0,22
7494,533.71,0,45,0,2,38.35,450,0,22
7544,533.71,0,45,0,2,38.35,450,0,22
7595,424.41,26,47,0,4,109.30,497,0,26
7645,424.41,0,47,0,4,109.30,497,0,26
7695,424.41,0,47,0,4,109.30,497,0,26
7745,371.98,35,48,0,1,52.43,545,0,27
7795,371.98,0,48,0,1,52.43,545,0,27
7845,371.98,0,48,0,1,52.43,545,0,27
7895,371.98,0,48,0,1,52.43,545,0,27
9265,117.44,0,48,0,1,52.43,545,0,27
9315,117.44,0,48,0,1,52.43,545,0,27
9365,117.44,0,48,0,1,52.43,545,0,27
9415,117.44,0,48,0,1,52.43,545,0,27
9465,117.44,0,48,0,1,52.43,545,0,27
9515,117.44,0,48,0,1,52.43,545,0,27
9565,117.44,0,48,0,1,52.43,545,0,27
9615,117.44,0,48,0,1,52.43,545,0,27
9665,117.44,0,48,0,1,52.43,545,0,27
9715,117.44,0,48,0,1,52.43,545,0,27
9765,117.44,0,48,0,1,52.43,545,0,27
9815,117.44,0,48,0,1,52.43,545,0,27
9865,117.44,0,48,0,1,52.43,545,0,27
9915,117.44,0,48,0,1,52.43,545,0,27
9965,117.44,0,48,0,1,52.43,545,0,27
10015,117.44,0,48,0,1,52.43,545,0,27
10065,117.44,0,48,0,1,52.43,545,0,27
10115,117.44,0,48,0,1,52.43,545,0,27
10165,117.44,0,48,0,1,52.43,545,0,27
10215,117.44,0,48,0,1,52.43,545,0,27
10265,117.44,0,48,0,1,52.43,545,0,27
10315,117.44,0,48,0,1,52.43,545,0,27
10365,117.44,0,48,0,1,52.43,545,0,27
10415,117.44,0,48,0,1,52.43,545,0,27
10465,117.44,0,48,0,1,52.43,545,0,27
10515,117.44,0,48,0,1,52.43,545,0,27
10565,117.44,0,48,0,1,52.43,545,0,27
10615,117.44,0,48,0,1,52.43,545,0,27
10665,117.44,0,48,0,1,52.43,545,0,27
10715,117.44,0,48,0,1,52.43,545,0,27
10765,117.44,0,48,0,1,52.43,545,0,27
10815,117.44,0,48,0,1,52.43,545,0,27
10865,117.44,0,48,0,1,52.43,545,0,27
10915,117.44,0,48,0,1,52.43,545,0,27
10966,117.44,0,48,0,1,52.43,545,0,27
11016,117.44,0,48,0,1,52.43,545,0,27
11066,117.44,0,48,0,1,52.43,545,0,27
11116,117.44,0,48,0,1,52.43,545,0,27
11166,117.44,0,48,0,1,52.43,545,0,27
11216,117.44,0,48,0,1,52.43,545,0,27
11266,117.44,0,48,0,1,52.43,545,0,27
11316,117.44,0,48,0,1,52.43,545,0,27
11366,117.44,0,48,0,1,52.43,545,0,27
11416,117.44,0,48,0,1,52.43,545,0,27
11466,117.44,0,48,0,1,52.43,545,0,27
11516,117.44,0,48,0,1,52.43,545,0,27
11566,117.44,0,48,0,1,52.43,545,0,27
11616,117.44,0,48,0,1,52.43,545,0,27
11666,117.44,0,48,0,1,52.43,545,0,27
11716,117.44,0,48,0,1,52.43,545,0,27
11766,117.44,0,48,0,1,52.43,545,0,27
11816,117.44,0,48,0,1,52.43,545,0,27
11866,117.44,0,48,0,1,52.43,545,0,27
11916,117.44,0,48,0,1,52.43,545,0,27
11966,117.44,0,48,0,1,52.43,545,0,27
12016,117.44,0,48,0,1,52.43,545,0,27
12066,117.44,0,48,0,1,52.43,545,0,27
12116,117.44,0,48,0,1,52.43,545,0,27
12166,117.44,0,48,0,1,52.43,545,0,27
12216,117.44,0,48,0,1,52.43,545,0,27
12266,117.44,0,48,0,1,52.43,545,0,27
12316,117.44,0,48,0,1,52.43,545,0,27
12366,117.44,0,48,0,1,52.43,545,0,27
12416,117.44,0,48,0,1,52.43,545,0,27
12466,117.44,0,48,0,1,52.43,545,0,27
12516,117.44,0,48,0,1,52.43,545,0,27
12566,117.44,0,48,0,1,52.43,545,0,27
12616,117.44,0,48,0,1,52.43,545,0,27
12666,117.44,0,48,0,1,52.43,545,0,27
12716,117.44,0,48,0,1,52.43,545,0,27
12766,117.44,0,48,0,1,52.43,545,0,27
12816,117.44,0,48,0,1,52.43,545,0,27
12866,117.44,0,48,0,1,52.43,545,0,27
12916,117.44,0,48,0,1,52.43,545,0,27
12966,117.44,0,48,0,1,52.43,545,0,27
13016,117.44,0,48,0,1,52.43,545,0,27
13066,117.44,0,48,0,1,52.43,545,0,27
13116,117.44,0,48,0,1,52.43,545,0,27
13166,117.44,0,48,0,1,52.43,545,0,27
13216,117.44,0,48,0,1,52.43,545,0,27
13266,117.44,0,48,0,1,52.43,545,0,27
13316,117.44,0,48,0,1,52.43,545,0,27
13366,117.44,0,48,0,1,52.43,545,0,27
13416,117.44,0,48,0,1,52.43,545,0,27
13466,117.44,0,48,0,1,52.43,545,0,27
13516,117.44,0,48,0,1,52.43,545,0,27
13566,117.44,0,48,0,1,52.43,545,0,27
13616,117.44,0,48,0,1,52.43,545,0,27
13666,117.44,0,48,0,1,52.43,545,0,27
13716,117.44,0,48,0,1,52.43,545,0,27
13766,13.39,0,48,0,1,52.43,545,0,27
13816,13.39,0,48,0,1,52.43,545,0,27
13867,595.62,25,45,0,0,-582.23,590,0,27
13917,595.62,0,45,0,0,-582.23,590,0,27
13967,728.26,0,43,0,-9,-132.65,633,0,36
14017,728.26,0,43,0,-9,-132.65,633,0,36
14067,666.90,0,43,0,4,61.36,676,0,40
14117,662.60,36,44,0,0,4.30,720,0,40
14167,662.60,0,44,0,0,4.30,720,0,40
14217,662.60,0,44,0,0,4.30,720,0,40
14267,551.00,2,45,0,6,111.60,765,0,46
14317,551.00,0,45,0,6,111.60,765,0,46
14367,515.73,14,46,0,1,35.27,811,0,47
14417,515.73,0,46,0,1,35.27,811,0,47
14467,515.73,0,46,0,1,35.27,811,0,47
14517,405.00,20,47,0,4,110.73,858,0,51
14567,405.00,0,47,0,4,110.73,858,0,51
14617,405.00,0,47,0,4,110.73,858,0,51
14667,350.68,36,48,0,1,54.32,906,0,52
14717,350.68,0,48,0,1,54.32,906,0,52
14767,350.68,0,48,0,1,54.32,906,0,52
14817,350.68,0,48,0,1,54.32,906,0,52
16149,964.50,36,39,0,-2,-613.82,945,0,54
16199,2884.06,383,10,0,390,1367.64,964,0,1852
16249,2754.31,80,12,0,72,252.90,996,0,2009
16299,2884.06,18,10,0,20,69.28,1015,0,2085
16349,2922.27,37,10,0,28,98.88,1042,0,2153
16399,3008.42,-39,8,0,-57,-192.58,1061,0,2240
16449,3008.42,-25,8,0,-52,-183.03,1080,0,2344
16499,3027.86,32,8,0,33,107.60,1105,0,2509
16549,3164.56,-37,6,0,-63,-211.80,1120,0,2594
16599,3163.89,43,6,0,47,151.76,1143,0,2919
16649,3136.76,12,6,0,8,28.46,1162,0,2964
16699,3181.34,0,6,0,7,26.53,1173,0,2994
16749,3295.98,-10,4,0,-23,-74.33,1187,0,3044
16799,3336.30,0,3,0,0,4.46,1200,0,3131
16849,3407.54,0,2,0,0,-54.09,1206,0,3137
16899,3429.36,0,2,0,0,-54.78,1211,0,3137
16949,3441.95,0,2,0,0,11.89,1217,0,3137
16999,3529.41,0,1,0,0,-83.51,1221,0,3137
17049,3499.77,0,1,0,0,18.88,1224,0,3137
17099,3581.66,0,0,0,0,-57.23,1225,0,3137
17149,3584.23,0,0,0,0,22.41,1225,0,3137
17199,3650.52,0,0,0,0,-48.22,1225,0,3137
17249,3631.96,0,0,0,0,19.45,1225,0,3137
17299,3690.94,0,-1,0,0,-49.28,1226,0,3137
17349,3666.59,0,0,0,0,25.27,1227,0,3137
17399,3706.45,0,-1,0,0,-31.78,1230,0,3137
17449,3684.60,0,-1,0,0,29.19,1233,0,3137
17499,3735.06,0,-2,0,0,-44.11,1237,0,3137
17549,3709.20,0,-1,0,0,27.72,1241,0,3137
17599,3902.19,-140,-4,0,-137,-344.31,1249,0,3428
17649,3714.71,0,-1,0,0,73.17,1252,0,3428
17699,3694.58,0,-1,0,0,31.20,1255,0,3428
17750,3734.13,0,-2,0,0,-39.55,1259,0,3428
17800,3666.59,0,0,0,0,27.09,1261,0,3428
17850,3690.04,0,-1,0,0,-35.07,1263,0,3428
17900,3645.20,0,0,0,0,25.87,1264,0,3428
17950,3661.22,0,0,0,0,-19.55,1264,0,3428
18000,3621.44,0,0,0,0,29.97,1264,0,3428
18050,3640.78,0,0,0,0,-17.59,1264,0,3428
18100,3611.85,0,0,0,0,38.68,1264,0,3428
18150,3641.66,0,0,0,0,-28.94,1264,0,3428
18200,3616.20,0,0,0,0,44.12,1264,0,3428
18250,3616.20,0,0,0,0,-32.83,1264,0,3428
18300,3593.67,0,0,0,0,23.40,1264,0,3428
18350,3598.85,0,0,0,0,24.99,1264,0,3428
18400,3574.83,0,0,0,0,31.80,1264,0,3428
18450,3617.94,0,0,0,0,-43.96,1264,0,3428
18500,3584.23,0,0,0,0,24.14,1264,0,3428
18550,3617.07,0,0,0,0,-33.70,1264,0,3428
18600,3588.52,0,0,0,0,27.68,1264,0,3428
18650,3617.07,0,0,0,0,-24.26,1264,0,3428
18700,3593.67,0,0,0,0,32.14,1264,0,3428
18750,3626.69,0,0,0,0,-34.74,1264,0,3428
18800,3601.44,0,0,0,0,-28.71,1264,0,3428
18850,3616.20,0,0,0,0,-31.97,1264,0,3428
18900,3602.31,0,0,0,0,34.06,1264,0,3428
18950,3650.52,0,0,0,0,-29.08,1264,0,3428
19000,3616.20,0,0,0,0,35.21,1264,0,3428
19050,3640.78,0,0,0,0,-36.74,1264,0,3428
19100,3604.04,0,0,0,0,36.74,1264,0,3428
19150,3625.82,0,0,0,0,-32.14,1264,0,3428
19200,3602.31,0,0,0,0,13.90,1264,0,3428
19250,3631.08,0,0,0,0,-27.91,1264,0,3428
19300,3593.67,0,0,0,0,19.04,1264,0,3428
19350,3635.48,0,0,0,0,-40.95,1264,0,3428
19400,3563.79,0,0,0,0,37.65,1264,0,3428
19450,3625.82,0,0,0,0,-42.44,1264,0,3428
19500,3593.67,0,0,0,0,32.14,1264,0,3428
19550,3631.08,0,0,0,0,-27.05,1264,0,3428
19600,3601.44,0,0,0,0,-29.63,1264,0,3428
19650,3640.78,0,0,0,0,-37.61,1264,0,3428
19700,3593.67,0,0,0,0,33.02,1264,0,3428
19750,3607.50,0,0,0,0,-33.52,1264,0,3428
19800,3593.67,0,0,0,0,24.27,1264,0,3428
19850,3597.98,0,0,0,0,-5.17,1264,0,3428
19900,3576.54,0,0,0,0,22.31,1264,0,3428
19950,3617.07,0,0,0,0,-32.84,1264,0,3428
20000,3584.23,0,0,0,0,32.84,1264,0,3428
20050,3607.50,0,0,0,0,-13.83,1264,0,3428
20100,3593.67,0,0,0,0,33.02,1264,0,3428
20150,3616.20,0,0,0,0,-24.25,1264,0,3428
20200,3593.67,0,0,0,0,22.53,1264,0,3428
20250,3622.31,0,0,0,0,-20.87,1264,0,3428
20300,3591.95,0,0,0,0,14.68,1264,0,3428
20350,3596.26,0,0,0,0,-2.58,1264,0,3428
20400,3584.23,0,0,0,0,22.41,1264,0,3428
20450,3626.69,0,0,0,0,-43.32,1264,0,3428
20500,3592.81,0,0,0,0,24.26,1264,0,3428
20550,3597.98,0,0,0,0,-29.11,1264,0,3428
20600,3569.73,0,0,0,0,27.39,1264,0,3428
20651,3588.52,0,0,0,0,-18.79,1264,0,3428
20701,3559.56,0,0,0,0,38.42,1264,0,3428
20751,3589.38,0,0,0,0,-20.50,1264,0,3428
20801,3560.41,0,0,0,0,36.71,1264,0,3428
20851,3598.85,0,0,0,0,30.07,1264,0,3428
20901,3559.56,0,0,0,0,28.95,1264,0,3428
20951,3579.95,0,0,0,0,-29.66,1264,0,3428
21001,3531.90,0,1,0,0,29.35,1265,0,3428
21051,3555.34,0,0,0,0,-23.44,1266,0,3428
21101,3533.57,0,0,0,0,28.53,1267,0,3428
21151,3541.91,0,0,0,0,34.63,1267,0,3428
21201,3556.19,0,0,0,0,408.92,1277,0,3827
21251,3672.87,0,-1,0,0,17.17,1283,0,3894
21301,3589.38,0,0,0,0,-23.89,1283,0,3894
21351,3584.23,0,0,0,0,25.01,1283,0,3894
21401,3598.85,0,0,0,0,16.11,1283,0,3894
21451,3585.09,0,0,0,0,30.24,1283,0,3894
21501,3640.78,0,0,0,0,-35.01,1283,0,3894
21551,3584.23,0,0,0,0,40.71,1283,0,3894
21601,3640.78,0,0,0,0,-38.47,1283,0,3894
21651,3631.96,0,0,0,0,24.79,1283,0,3894
21701,3660.32,0,0,0,0,-33.63,1283,0,3894
21751,3646.09,0,0,0,0,24.99,1284,0,3894
21801,3529.41,0,1,0,0,290.30,1289,0,5806
21851,3557.03,0,0,0,0,523.49,1298,0,6074
21901,3557.87,0,0,0,0,399.91,1305,0,6276
21951,3813.88,-1656,-3,0,-1654,-256.01,1320,0,8331
22001,3660.32,0,0,0,0,90.62,1322,0,8332
22051,3680.08,0,-1,0,0,-34.88,1324,0,8332
22102,3612.72,0,0,0,0,19.24,1324,0,8332
22152,3621.44,0,0,0,0,0.87,1324,0,8332
22202,3620.56,0,0,0,0,20.21,1324,0,8332
22252,3620.56,0,0,0,0,9.64,1324,0,8332
22302,3582.52,0,0,0,0,33.68,1324,0,8332
22352,3568.88,0,0,0,0,15.35,1324,0,8332
22402,3531.90,0,1,0,0,32.73,1326,0,8332
22452,3579.95,0,0,0,0,-38.88,1326,0,8332
22502,3559.56,0,0,0,0,29.81,1326,0,8332
22552,3579.95,0,0,0,0,-29.66,1326,0,8332
22602,3579.95,0,0,0,0,-33.85,1326,0,8332
22652,3592.81,0,0,0,0,305.31,1336,0,15286
22702,3785.01,0,-2,0,0,-97.70,1343,0,15353
22752,3559.56,0,0,0,0,28.95,1343,0,15353
22802,3597.12,0,0,0,0,-31.64,1343,0,15353
22852,3551.98,0,0,0,0,27.12,1343,0,15353
22902,3569.73,0,0,0,0,-17.75,1343,0,15353
22952,3551.98,0,0,0,0,26.27,1343,0,15353
23002,3569.73,0,0,0,0,-9.32,1343,0,15353
23052,3555.34,0,0,0,0,22.90,1343,0,15353
23102,3588.52,0,0,0,0,-36.54,1343,0,15353
23152,3568.03,0,0,0,0,29.95,1343,0,15353
23202,3607.50,0,0,0,0,-39.47,1343,0,15353
23252,3584.23,0,0,0,0,22.41,1343,0,15353
23302,3636.36,0,0,0,0,-43.55,1343,0,15353
23352,3622.31,0,0,0,0,19.35,1343,0,15353
23402,3660.32,0,0,0,0,-28.36,1343,0,15353
23452,3616.20,0,0,0,0,34.32,1343,0,15353
23502,3651.41,0,0,0,0,-19.45,1343,0,15353
23552,3631.96,0,0,0,0,29.25,1343,0,15353
23602,3661.22,0,0,0,0,-19.55,1343,0,15353
23652,3654.97,0,0,0,0,15.20,1344,0,15353
23702,3612.72,0,0,0,0,32.48,1345,0,15353
23752,3603.17,0,0,0,0,33.19,1345,0,15353
23802,3617.07,0,0,0,0,-33.70,1345,0,15353
23852,3578.24,0,0,0,0,47.57,1345,0,15353
23902,3617.07,0,0,0,0,-33.70,1345,0,15353
23952,3594.54,0,0,0,0,20.79,1345,0,15353
24002,3570.58,0,0,0,0,12.79,1345,0,15353
24052,3559.56,0,0,0,0,19.53,1345,0,15353
24102,3606.64,0,0,0,0,-36.91,1345,0,15353
24152,3560.41,0,0,0,0,28.11,1345,0,15353
24202,3607.50,0,0,0,0,-38.62,1345,0,15353
24252,3577.39,0,0,0,0,40.55,1345,0,15353
24302,3607.50,0,0,0,0,-46.25,1345,0,15353
24352,3550.30,0,0,0,0,29.66,1345,0,15353
24402,3579.95,0,0,0,0,-29.66,1345,0,15353
24452,3550.30,0,0,0,0,20.28,1345,0,15353
24502,3570.58,0,0,0,0,-20.28,1345,0,15353
24552,3492.43,0,1,0,0,22.09,1347,0,15353
24602,3555.34,0,0,0,0,-49.85,1348,0,15353
24652,3494.06,0,1,0,0,14.71,1351,0,15353
24702,3544.42,0,0,0,0,-38.93,1352,0,15353
24752,3542.75,0,0,0,0,20.20,1353,0,15353
24802,3541.08,0,0,0,0,17.64,1353,0,15353
24852,3548.62,0,0,0,0,172.55,1359,0,15456
24902,3529.41,0,1,0,0,288.35,1364,0,17556
24952,3598.85,0,-2,0,-10,-265.92,1367,0,17566
25003,3585.09,0,0,0,0,136.08,1370,0,17576
25053,3632.84,0,0,0,0,81.87,1372,0,17582
25103,3589.38,0,0,0,0,164.38,1375,0,17593
25153,3647.86,0,0,0,0,141.93,1379,0,17606
25203,3529.41,0,1,0,0,311.82,1386,0,21162
25253,3530.24,0,1,0,0,297.26,1392,0,23814
25303,3566.33,0,0,0,0,182.73,1396,0,23825
25353,3589.38,0,0,0,0,-30.66,1396,0,23825
25403,3550.30,0,0,0,0,45.96,1396,0,23825
25453,3554.50,0,0,0,0,-39.98,1397,0,23825
25503,3524.44,0,1,0,0,30.07,1399,0,23825
25553,3526.92,0,1,0,0,-36.93,1402,0,23825
25603,3490.81,0,1,0,0,26.19,1405,0,23825
25653,3535.23,0,0,0,0,-34.65,1407,0,23825
25703,3498.95,0,1,0,0,28.80,1410,0,23825
25753,3518.65,0,1,0,0,-13.16,1412,0,23825
25803,3498.95,0,1,0,0,18.87,1415,0,23825
25853,3539.41,0,0,0,0,-33.91,1416,0,23825
25903,3544.42,0,0,0,0,-35.65,1417,0,23825
25953,3557.03,0,0,0,0,405.98,1428,0,24263
26003,3763.17,0,-2,0,0,-74.95,1435,0,24328
26053,3530.24,0,1,0,0,301.18,1442,0,27751
26103,3595.40,0,0,0,0,111.97,1445,0,27761
26153,3575.69,0,0,0,0,78.40,1446,0,27761
26203,3631.96,0,0,0,0,1.76,1446,0,27761
26253,3593.67,0,0,0,0,36.53,1446,0,27761
26303,3626.69,0,0,0,0,-43.32,1446,0,27761
26353,3583.37,0,0,0,0,41.57,1446,0,27761
26403,3608.37,0,0,0,0,-35.24,1446,0,27761
26454,3603.17,0,0,0,0,22.64,1446,0,27761
26504,3641.66,0,0,0,0,-32.42,1446,0,27761
26554,3622.31,0,0,0,0,17.58,1446,0,27761
26604,3646.09,0,0,0,0,45.77,1447,0,27761
26654,3604.90,0,0,0,0,169.63,1450,0,27773
26704,3530.24,0,1,0,0,363.84,1458,0,32603
26754,3575.69,0,0,0,0,199.80,1461,0,32615
26804,3605.77,0,0,0,0,-9.51,1461,0,32615
26854,3592.81,0,0,0,0,28.62,1461,0,32615
26904,3625.82,0,0,0,0,-31.28,1461,0,32615
26954,3584.23,0,0,0,0,21.54,1461,0,32615
27004,3640.78,0,0,0,0,-30.67,1461,0,32615
27054,3607.50,0,0,0,0,82.53,1462,0,32615
27104,3650.52,0,0,0,0,-28.21,1462,0,32615
27154,3622.31,0,0,0,0,42.48,1462,0,32615
27204,3657.64,0,0,0,0,109.31,1465,0,32624
27254,3558.72,0,0,0,0,405.34,1473,0,32843
27304,3704.62,0,-1,0,0,74.67,1484,0,33111
27354,3622.31,0,0,0,0,24.66,1484,0,33111
27404,3680.98,0,-1,0,0,96.40,1497,0,33523
27454,3670.17,0,-1,0,0,-38.21,1498,0,33523
27504,3646.09,0,0,0,0,33.99,1499,0,33523
27554,3680.08,0,-1,0,0,-25.11,1501,0,33523
27604,3675.57,0,-1,0,0,25.39,1503,0,33523
27654,3703.70,0,-1,0,0,-29.03,1506,0,33523
27704,3674.67,0,-1,0,0,35.45,1508,0,33523
27754,3684.60,0,-1,0,0,-9.93,1511,0,33523
27804,3654.97,0,0,0,0,26.01,1512,0,33523
27854,3670.17,0,-1,0,0,-24.97,1514,0,33523
27904,3651.41,0,0,0,0,12.49,1514,0,33523
27954,3631.08,0,0,0,0,0.88,1514,0,33523
28004,3611.85,0,0,0,0,28.93,1514,0,33523
28054,3622.31,0,0,0,0,-19.14,1514,0,33523
28104,3585.09,0,0,0,0,31.99,1514,0,33523
28154,3640.78,0,0,0,0,-37.61,1514,0,33523
28204,3620.56,0,0,0,0,29.96,1514,0,33523
28254,3612.72,0,0,0,0,9.60,1514,0,33523
28304,3603.17,0,0,0,0,27.91,1514,0,33523
28354,3607.50,0,0,0,0,-6.06,1514,0,33523
28404,3579.10,0,0,0,0,17.16,1514,0,33523
28454,3608.37,0,0,0,0,-24.14,1514,0,33523
28504,3565.49,0,0,0,0,42.89,1514,0,33523
28554,3606.64,0,0,0,0,-36.91,1514,0,33523
28604,3551.14,0,0,0,0,19.44,1514,0,33523
28654,3597.98,0,0,0,0,-29.11,1514,0,33523
28704,3568.88,0,0,0,0,23.94,1514,0,33523
28754,3578.24,0,0,0,0,-3.41,1514,0,33523
28804,3551.98,0,0,0,0,27.12,1514,0,33523
28854,3569.73,0,0,0,0,-17.75,1514,0,33523
28904,3561.25,0,0,0,0,26.41,1514,0,33523
28954,3569.73,0,0,0,0,-26.98,1514,0,33523
29004,3542.75,0,0,0,0,35.50,1514,0,33523
29054,3568.88,0,0,0,0,-25.29,1514,0,33523
29104,3561.25,0,0,0,0,29.84,1514,0,33523
29154,3568.88,0,0,0,0,-8.47,1514,0,33523
29204,3561.25,0,0,0,0,26.41,1514,0,33523
29254,3588.52,0,0,0,0,-23.88,1514,0,33523
29304,3542.75,0,0,0,0,10.91,1514,0,33523
29355,3548.62,0,0,0,0,172.55,1520,0,33644
29405,3585.09,0,0,0,0,138.85,1522,0,33650
29455,3557.03,0,0,0,0,87.28,1523,0,33650
29505,3610.98,0,0,0,0,-41.25,1523,0,33650
29555,3594.54,0,0,0,0,23.41,1523,0,33650
29605,3617.07,0,0,0,0,-33.70,1523,0,33650
29655,3603.17,0,0,0,0,18.27,1523,0,33650
29705,3650.52,0,0,0,0,-41.28,1523,0,33650
29755,3622.31,0,0,0,0,32.66,1523,0,33650
29805,3660.32,0,0,0,0,-12.46,1523,0,33650
29855,3605.77,0,0,0,0,186.90,1526,0,33662
29905,3471.42,0,1,0,0,394.56,1532,0,37310
29955,3557.03,0,0,0,0,450.45,1539,0,37519
30005,3530.24,0,1,0,0,287.52,1544,0,39733
30055,3558.72,0,0,0,0,366.96,1549,0,39915
30105,3557.87,0,0,0,0,395.74,1557,0,40154
30155,3558.72,0,0,0,0,367.98,1564,0,40409
30205,3557.03,0,0,0,0,431.27,1572,0,40659
30255,3557.87,0,0,0,0,369.85,1580,0,40966
30305,3608.37,0,0,0,0,100.83,1581,0,40967
30355,3580.81,0,0,0,0,112.86,1583,0,40974
30405,3593.67,0,0,0,0,32.14,1584,0,40974
30455,3550.30,0,0,0,0,38.22,1584,0,40974
30505,3533.57,0,0,0,0,31.92,1584,0,40974
30555,3523.61,0,1,0,0,27.53,1586,0,40974
30605,3550.30,0,0,0,0,-16.73,1586,0,40974
30655,3514.53,0,1,0,0,22.37,1588,0,40974
30705,3433.28,0,2,0,0,67.30,1592,0,40974
30755,3490.81,0,1,0,0,23.72,1594,0,40974
30806,3526.09,0,1,0,0,-26.33,1597,0,40974
30856,3505.49,0,1,0,0,31.41,1599,0,40974
30906,3509.59,0,1,0,0,-27.70,1602,0,40974
30956,3490.81,0,1,0,0,26.19,1605,0,40974
31006,3544.42,0,0,0,0,-43.02,1607,0,40974
31056,3555.34,0,0,0,0,-45.75,1608,0,40974
31106,3557.87,0,0,0,0,405.14,1619,0,41376
31156,3593.67,0,0,0,0,31.26,1620,0,41376
31206,3568.88,0,0,0,0,28.24,1620,0,41376
31256,3589.38,0,0,0,0,-41.60,1620,0,41376
31306,3585.09,0,0,0,0,35.48,1620,0,41376
31356,3640.78,0,0,0,0,-36.74,1620,0,41376
31406,3631.96,0,0,0,0,23.01,1620,0,41376
31456,3670.17,0,-1,0,0,-35.57,1621,0,41376
31506,3645.20,0,0,0,0,32.17,1622,0,41376
31556,3529.41,0,1,0,0,341.56,1629,0,45064
31607,3732.27,-5,-1,0,-5,-175.24,1637,0,45306
31657,3623.19,0,0,0,0,37.13,1637,0,45306
31707,3631.96,0,0,0,0,-9.65,1637,0,45306
31757,3583.37,0,0,0,0,19.80,1637,0,45306
31807,3597.12,0,0,0,0,-22.29,1637,0,45306
31857,3559.56,0,0,0,0,29.81,1637,0,45306
31907,3551.14,0,0,0,0,25.40,1637,0,45306
31958,3556.19,0,0,0,0,423.65,1648,0,45763
32008,3618.82,0,0,0,0,70.31,1653,0,45857
32058,3576.54,0,0,0,0,22.31,1654,0,45857
32108,3533.57,0,0,0,0,21.78,1654,0,45857
32158,3587.66,0,0,0,0,-35.68,1654,0,45857
32208,3561.25,0,0,0,0,28.12,1654,0,45857
32258,3608.37,0,0,0,0,-30.98,1654,0,45857
32308,3593.67,0,0,0,0,33.02,1654,0,45857
32358,3617.94,0,0,0,0,-41.41,1654,0,45857
32408,3594.54,0,0,0,0,30.40,1654,0,45857
32458,3617.07,0,0,0,0,-24.26,1654,0,45857
32508,3594.54,0,0,0,0,32.16,1654,0,45857
32558,3607.50,0,0,0,0,-24.99,1654,0,45857
32608,3584.23,0,0,0,0,22.41,1654,0,45857
32658,3635.48,0,0,0,0,-42.67,1654,0,45857
32708,3602.31,0,0,0,0,28.78,1654,0,45857
32758,3650.52,0,0,0,0,-34.32,1654,0,45857
32808,3620.56,0,0,0,0,30.85,1654,0,45857
32858,3660.32,0,0,0,0,-38.01,1654,0,45857
32908,3610.98,0,0,0,0,30.68,1654,0,45857
32958,3612.72,0,0,0,0,0.00,1654,0,45857
33008,3593.67,0,0,0,0,23.40,1654,0,45857
33058,3636.36,0,0,0,0,-42.69,1654,0,45857
33108,3593.67,0,0,0,0,17.30,1654,0,45857
33158,3752.81,-1,-2,0,-11,-277.37,1657,0,45868
33208,3602.31,0,0,0,0,20.01,1657,0,45868
33258,3631.08,0,0,0,0,-27.91,1657,0,45868
33308,3568.88,0,0,0,0,29.11,1657,0,45868
33358,3587.66,0,0,0,0,-3.43,1657,0,45868
33408,3568.03,0,0,0,0,30.82,1657,0,45868
33458,3577.39,0,0,0,0,-43.82,1657,0,45868
33508,3558.72,0,0,0,0,39.27,1657,0,45868
33558,3591.09,0,0,0,0,-22.21,1657,0,45868
33608,3584.23,0,0,0,0,33.72,1657,0,45868
33658,3597.98,0,0,0,0,-12.90,1657,0,45868
33708,3532.74,0,1,0,0,28.52,1658,0,45868
33758,3579.95,0,0,0,0,-38.88,1658,0,45868
33808,3551.98,0,0,0,0,18.60,1658,0,45868
33858,3570.58,0,0,0,0,-18.60,1658,0,45868
33908,3550.30,0,0,0,0,38.22,1658,0,45868
33958,3582.52,0,0,0,0,-13.64,1658,0,45868
34008,3541.91,0,0,0,0,10.06,1658,0,45868
34058,3598.85,0,0,0,0,27.95,1658,0,45868
34108,3532.74,0,1,0,0,19.24,1659,0,45868
34158,3579.95,0,0,0,0,-38.04,1659,0,45868
34208,3541.91,0,0,0,0,19.34,1659,0,45868
34258,3559.56,0,0,0,0,-16.81,1659,0,45868
34308,3581.66,0,0,0,0,-53.91,1660,0,45868
34358,3564.64,0,0,0,0,154.68,1665,0,45980
34408,3530.24,0,1,0,0,341.72,1671,0,49215
34458,3530.24,0,1,0,0,275.90,1677,0,51741
34508,3590.23,0,0,0,0,165.40,1680,0,51752
34558,3553.66,0,0,0,0,103.98,1682,0,51758
34608,3578.24,0,0,0,0,-19.53,1682,0,51758
34658,3507.95,0,1,0,0,24.79,1684,0,51758
34708,3546.10,0,0,0,0,-23.32,1685,0,51758
34758,3520.30,0,1,0,0,24.12,1687,0,51758
34808,3545.26,0,0,0,0,-19.17,1689,0,51758
34859,3531.90,0,1,0,0,29.35,1690,0,51758
34909,3560.41,0,0,0,0,-17.66,1690,0,51758
34959,3507.95,0,1,0,0,24.79,1692,0,51758
35009,3544.42,0,0,0,0,-21.64,1693,0,51758
35059,3523.61,0,1,0,0,30.05,1695,0,51758
35109,3535.23,0,0,0,0,-35.47,1697,0,51758
35159,3536.07,0,0,0,0,19.28,1698,0,51758
35209,3551.98,0,0,0,0,-1.68,1698,0,51758
35259,3550.30,0,0,0,0,32.22,1699,0,51758
35309,3617.07,0,0,0,0,-39.68,1699,0,51758
35359,3575.69,0,0,0,0,32.69,1699,0,51758
35409,3617.94,0,0,0,0,-40.55,1699,0,51758
35459,3597.12,0,0,0,0,-10.32,1699,0,51758
35509,3557.87,0,0,0,0,405.14,1708,0,52126
35559,3557.87,0,0,0,0,369.85,1716,0,52419
35609,3712.87,-2,-1,0,-2,-155.84,1727,0,52747
35659,3635.48,0,0,0,0,34.69,1728,0,52747
35709,3651.41,0,0,0,0,-29.10,1728,0,52747
35759,3611.85,0,0,0,0,28.05,1728,0,52747
35809,3661.22,0,0,0,0,-38.90,1728,0,52747
35859,3644.31,0,0,0,0,25.86,1729,0,52747
35909,3651.41,0,0,0,0,-19.45,1729,0,52747
35959,3558.72,0,0,0,0,82.06,1729,0,52747
36009,3660.32,0,0,0,0,-28.36,1730,0,52749
36059,3612.72,0,0,0,0,28.94,1730,0,52749
36109,3611.85,0,0,0,0,-8.68,1730,0,52749
36159,3551.14,0,0,0,0,28.82,1730,0,52749
36209,3608.37,0,0,0,0,-38.64,1730,0,52749
36259,3524.44,0,1,0,0,26.70,1731,0,52749
36310,3509.59,0,1,0,0,23.14,1733,0,52749
36360,3535.23,0,0,0,0,-38.73,1734,0,52749
36410,3557.87,0,0,0,0,405.14,1746,0,53201
36460,3743.45,0,-2,0,0,-55.23,1753,0,53268
36510,3567.18,0,0,0,0,200.72,1758,0,53282
36560,3590.23,0,0,0,0,125.40,1760,0,53291
36610,3580.81,0,0,0,0,92.96,1762,0,53296
36660,3617.07,0,0,0,0,-29.41,1762,0,53296
36710,3569.73,0,0,0,0,23.09,1762,0,53296
36760,3598.85,0,0,0,0,24.81,1762,0,53296
36810,3579.10,0,0,0,0,99.18,1764,0,53296
36860,3588.52,0,0,0,0,-37.38,1764,0,53296
36910,3551.98,0,0,0,0,37.40,1764,0,53296
36960,3587.66,0,0,0,0,-26.41,1764,0,53296
37010,3566.33,0,0,0,0,39.44,1764,0,53296
37060,3542.75,0,0,0,0,30.38,1764,0,53296
37110,3533.57,0,0,0,0,29.38,1765,0,53296
37160,3527.75,0,1,0,0,-3.32,1767,0,53296
37210,3509.59,0,1,0,0,17.33,1770,0,53296
37260,3527.75,0,1,0,0,-28.80,1773,0,53296
37310,3505.49,0,1,0,0,29.74,1775,0,53296
37360,3563.79,0,0,0,0,-40.18,1776,0,53296
37410,3559.56,0,0,0,0,20.39,1776,0,53296
37460,3588.52,0,0,0,0,-23.88,1776,0,53296
37510,3559.56,0,0,0,0,20.39,1776,0,53296
37560,3616.20,0,0,0,0,-37.10,1776,0,53296
37610,3583.37,0,0,0,0,33.70,1776,0,53296
37660,3616.20,0,0,0,0,-21.66,1776,0,53296
37710,3568.88,0,0,0,0,20.50,1776,0,53296
37760,3569.73,0,0,0,0,26.53,1776,0,53296
37810,3557.03,0,0,0,0,408.08,1786,0,53688
37860,3558.72,0,0,0,0,369.01,1794,0,53977
37910,3558.72,0,0,0,0,359.78,1801,0,54202
37960,3531.07,0,1,0,0,343.89,1809,0,58845
38010,3531.07,0,1,0,0,355.94,1816,0,62953
38060,3557.87,0,0,0,0,402.00,1823,0,63159
38110,3622.31,0,0,0,0,109.03,1824,0,63165
38160,3576.54,0,0,0,0,179.10,1828,0,63177
38210,3581.66,0,0,0,0,92.11,1830,0,63184
38260,3568.88,0,0,0,0,27.38,1830,0,63184
38310,3597.12,0,0,0,0,-42.62,1830,0,63184
38360,3551.98,0,0,0,0,27.12,1830,0,63184
38410,3532.74,0,1,0,0,22.61,1831,0,63184
38460,3531.90,0,1,0,0,23.44,1833,0,63184
38510,3573.13,0,0,0,0,-40.39,1834,0,63184
38560,3499.77,0,1,0,0,23.84,1836,0,63184
38610,3555.34,0,0,0,0,-31.74,1837,0,63184
38660,3534.40,0,0,0,0,28.54,1838,0,63184
38710,3551.14,0,0,0,0,-8.39,1838,0,63184
38760,3551.98,0,0,0,0,17.75,1838,0,63184
38810,3588.52,0,0,0,0,-24.72,1838,0,63184
38860,3569.73,0,0,0,0,27.39,1838,0,63184
38910,3579.10,0,0,0,0,-28.80,1838,0,63184
38960,3551.98,0,0,0,0,18.60,1838,0,63184
39010,3579.95,0,0,0,0,-27.98,1838,0,63184
39060,3578.24,0,0,0,0,19.74,1838,0,63184
39110,3616.20,0,0,0,0,-31.97,1838,0,63184
39160,3603.17,0,0,0,0,33.19,1838,0,63184
39211,3626.69,0,0,0,0,-29.57,1838,0,63184
39261,3579.10,0,0,0,0,18.89,1838,0,63184
39311,3605.77,0,0,0,0,-36.04,1838,0,63184
39361,3583.37,0,0,0,0,24.13,1838,0,63184
39411,3598.85,0,0,0,0,24.67,1838,0,63184
39461,3570.58,0,0,0,0,17.08,1838,0,63184
39511,3608.37,0,0,0,0,-35.24,1838,0,63184
39561,3570.58,0,0,0,0,17.94,1838,0,63184
39611,3562.95,0,0,0,0,32.45,1838,0,63184
39661,3557.03,0,0,0,0,408.08,1848,0,63586
39711,3557.87,0,0,0,0,369.85,1856,0,63880
39761,3557.87,0,0,0,0,395.74,1864,0,64104
39811,3558.72,0,0,0,0,367.98,1871,0,64358
39861,3628.45,0,0,0,0,143.24,1873,0,64365
39911,3530.24,0,1,0,0,335.74,1879,0,68323
39961,3557.03,0,0,0,0,427.03,1886,0,68542
40011,3749.06,-1,-2,0,0,-34.35,1897,0,68832
40061,3634.60,0,0,0,0,35.57,1898,0,68832
40111,3680.08,0,-1,0,0,-43.72,1900,0,68832
40161,3612.72,0,0,0,0,19.24,1900,0,68832
40211,3651.41,0,0,0,0,-21.21,1900,0,68832
40261,3641.66,0,0,0,0,18.66,1900,0,68832
40311,3620.56,0,0,0,0,11.40,1900,0,68832
40361,3593.67,0,0,0,0,28.64,1900,0,68832
40411,3629.32,0,0,0,0,-35.65,1900,0,68832
40461,3560.41,0,0,0,0,28.11,1900,0,68832
40511,3605.77,0,0,0,0,-30.94,1900,0,68832
40561,3592.81,0,0,0,0,33.88,1900,0,68832
40611,3617.07,0,0,0,0,-23.40,1900,0,68832
40662,3594.54,0,0,0,0,22.54,1900,0,68832
40712,3631.08,0,0,0,0,-18.37,1900,0,68832
40762,3610.98,0,0,0,0,30.68,1900,0,68832
40812,3616.20,0,0,0,0,-3.48,1900,0,68832
40862,3583.37,0,0,0,0,25.00,1900,0,68832
40912,3616.20,0,0,0,0,-37.10,1900,0,68832
40962,3592.81,0,0,0,0,24.26,1900,0,68832
41012,3568.03,0,0,0,0,25.64,1900,0,68832
41062,3569.73,0,0,0,0,28.26,1900,0,68832
41112,3597.98,0,0,0,0,-19.74,1900,0,68832
41162,3584.23,0,0,0,0,23.27,1900,0,68832
41212,3630.20,0,0,0,0,-37.39,1900,0,68832
41262,3611.85,0,0,0,0,28.93,1900,0,68832
41312,3631.96,0,0,0,0,-19.24,1900,0,68832
41362,3603.17,0,0,0,0,37.61,1900,0,68832
41412,3640.78,0,0,0,0,-38.47,1900,0,68832
41462,3601.44,0,0,0,0,-39.22,1900,0,68832
41512,3631.96,0,0,0,0,-10.52,1900,0,68832
41562,3585.09,0,0,0,0,31.11,1900,0,68832
41612,3616.20,0,0,0,0,-13.90,1900,0,68832
41662,3593.67,0,0,0,0,33.02,1900,0,68832
41712,3643.43,0,0,0,0,-48.89,1900,0,68832
41762,3631.96,0,0,0,0,18.56,1900,0,68832
41812,3660.32,0,0,0,0,-27.48,1900,0,68832
41862,3604.04,0,0,0,0,36.74,1900,0,68832
41912,3650.52,0,0,0,0,-38.68,1900,0,68832
41962,3631.96,0,0,0,0,18.56,1900,0,68832
42012,3648.75,0,0,0,0,-22.93,1901,0,68832
42062,3623.19,0,0,0,0,27.33,1901,0,68832
42112,3611.85,0,0,0,0,-9.54,1901,0,68832
42162,3602.31,0,0,0,0,33.18,1901,0,68832
42212,3631.08,0,0,0,0,-27.91,1901,0,68832
42262,3593.67,0,0,0,0,18.17,1901,0,68832
42312,3635.48,0,0,0,0,-41.81,1901,0,68832
42362,3603.17,0,0,0,0,27.03,1901,0,68832
42412,3610.98,0,0,0,0,-7.81,1901,0,68832
42462,3578.24,0,0,0,0,10.27,1901,0,68832
42512,3607.50,0,0,0,0,-23.27,1901,0,68832
42562,3592.81,0,0,0,0,14.69,1901,0,68832
42612,3617.07,0,0,0,0,-33.70,1901,0,68832
42662,3592.81,0,0,0,0,33.88,1901,0,68832
42712,3591.09,0,0,0,0,12.08,1901,0,68832
42762,3591.95,0,0,0,0,25.99,1901,0,68832
42812,3616.20,0,0,0,0,-31.97,1901,0,68832
42862,3603.17,0,0,0,0,42.03,1901,0,68832
42912,3597.98,0,0,0,0,-4.31,1901,0,68832
42962,3584.23,0,0,0,0,23.27,1901,0,68832
43012,3607.50,0,0,0,0,-32.67,1901,0,68832
43062,3550.30,0,0,0,0,29.66,1901,0,68832
43112,3570.58,0,0,0,0,-11.02,1901,0,68832
43162,3559.56,0,0,0,0,29.81,1901,0,68832
43212,3579.10,0,0,0,0,-20.38,1901,0,68832
43262,3551.14,0,0,0,0,28.82,1901,0,68832
43312,3569.73,0,0,0,0,24.81,1901,0,68832
43362,3594.54,0,0,0,0,178.10,1905,0,68846
43412,3548.62,0,0,0,0,148.70,1908,0,68856
43462,3541.08,0,0,0,0,24.41,1908,0,68856
43512,3523.61,0,1,0,0,39.34,1910,0,68856
43563,3535.23,0,0,0,0,-11.63,1911,0,68856
43613,3490.81,0,1,0,0,27.02,1914,0,68856
43663,3536.07,0,0,0,0,-40.38,1916,0,68856
43713,3496.50,0,1,0,0,40.40,1918,0,68856
43763,3536.90,0,0,0,0,-31.41,1919,0,68856
43813,3515.35,0,1,0,0,29.91,1921,0,68856
43863,3499.77,0,1,0,0,8.18,1924,0,68856
43913,3481.89,0,1,0,0,17.87,1927,0,68856
43963,3518.65,0,1,0,0,-27.84,1930,0,68856
44013,3507.95,0,1,0,0,-14.71,1932,0,68856
44063,3457.81,0,2,0,0,358.01,1943,0,73577
44113,3547.78,0,0,0,0,112.55,1943,0,73577
44163,3533.57,0,0,0,0,24.31,1944,0,73577
44213,3572.28,0,0,0,0,-47.84,1945,0,73577
44263,3551.14,0,0,0,0,10.12,1945,0,73577
44313,3606.64,0,0,0,0,-36.91,1945,0,73577
44363,3533.57,0,0,0,0,25.99,1945,0,73577
44413,3597.12,0,0,0,0,-36.71,1945,0,73577
44463,3597.98,0,0,0,0,-24.85,1945,0,73577
44513,3625.82,0,0,0,0,-32.14,1945,0,73577
44563,3583.37,0,0,0,0,33.70,1945,0,73577
44613,3645.20,0,0,0,0,-51.53,1945,0,73577
44663,3623.19,0,0,0,0,37.13,1945,0,73577
44713,3640.78,0,0,0,0,-18.46,1945,0,73577
44763,3622.31,0,0,0,0,29.10,1945,0,73577
44813,3680.08,0,-1,0,0,-39.30,1946,0,73577
44863,3668.38,0,-1,0,0,21.66,1948,0,73577
44913,3674.67,0,-1,0,0,0.00,1951,0,73577
44963,3664.79,0,0,0,0,25.24,1952,0,73577
45014,3651.41,0,0,0,0,14.28,1953,0,73577
45064,3626.69,0,0,0,0,40.79,1954,0,73577
45114,3656.75,0,0,0,0,142.64,1957,0,73588
45165,3762.23,-8,-2,0,-7,-206.04,1968,0,73872
45215,3645.20,0,0,0,0,25.87,1969,0,73872
45265,3640.78,0,0,0,0,-11.45,1970,0,73872
45315,3603.17,0,0,0,0,38.49,1970,0,73872
45365,3598.85,0,0,0,0,29.81,1970,0,73872
45415,3541.08,0,0,0,0,20.18,1970,0,73872
45465,3551.98,0,0,0,0,-1.68,1970,0,73872
45515,3573.98,0,0,0,0,-45.40,1971,0,73872
45565,3547.78,0,0,0,0,171.54,1977,0,74000
45615,3556.19,0,0,0,0,68.75,1978,0,74000
45665,3519.47,0,1,0,0,25.79,1980,0,74000
45715,3555.34,0,0,0,0,-31.74,1981,0,74000
45765,3550.30,0,0,0,0,29.66,1981,0,74000
45815,3553.66,0,0,0,0,-35.01,1983,0,74000
45865,3542.75,0,0,0,0,20.20,1984,0,74000
45915,3570.58,0,0,0,0,-18.60,1984,0,74000
45965,3551.98,0,0,0,0,37.40,1984,0,74000
46015,3606.64,0,0,0,0,-36.06,1984,0,74000
46065,3570.58,0,0,0,0,27.41,1984,0,74000
46115,3627.57,0,0,0,0,-45.05,1984,0,74000
46166,3592.81,0,0,0,0,42.67,1984,0,74000
46216,3639.89,0,0,0,0,-36.72,1984,0,74000
46266,3622.31,0,0,0,0,38.01,1984,0,74000
46316,3661.22,0,0,0,0,-29.25,1984,0,74000
46366,3641.66,0,0,0,0,18.66,1984,0,74000
46416,3660.32,0,0,0,0,-15.12,1985,0,74000
46466,3639.01,0,0,0,0,41.07,1986,0,74000
46516,3670.17,0,-1,0,0,-46.99,1987,0,74000
46566,3621.44,0,0,0,0,10.52,1987,0,74000
46616,3651.41,0,0,0,0,-29.10,1987,0,74000
46666,3593.67,0,0,0,0,28.64,1987,0,74000
46716,3621.44,0,0,0,0,-18.27,1987,0,74000
46766,3584.23,0,0,0,0,32.84,1987,0,74000
46816,3626.69,0,0,0,0,-33.88,1987,0,74000
46866,3511.24,0,1,0,0,119.85,1988,0,74000
46916,3579.95,0,0,0,0,-27.98,1988,0,74002
46966,3559.56,0,0,0,0,29.81,1988,0,74002
47016,3579.95,0,0,0,0,-18.70,1988,0,74002
47066,3569.73,0,0,0,0,27.39,1988,0,74002
47116,3597.12,0,0,0,0,-35.87,1988,0,74002
47166,3573.98,0,0,0,0,33.52,1988,0,74002
47216,3573.13,0,0,0,0,-40.39,1989,0,74002
47266,3522.78,0,1,0,0,47.80,1990,0,74002
47316,3569.73,0,0,0,0,-27.82,1990,0,74002
47366,3542.75,0,0,0,0,26.98,1990,0,74002
47416,3578.24,0,0,0,0,-17.84,1990,0,74002
47466,3568.03,0,0,0,0,20.49,1990,0,74002
47516,3607.50,0,0,0,0,-30.11,1990,0,74002
47566,3560.41,0,0,0,0,27.25,1990,0,74002
47616,3626.69,0,0,0,0,-42.46,1990,0,74002
47666,3563.79,0,0,0,0,24.72,1990,0,74002
47716,3626.69,0,0,0,0,-42.46,1990,0,74002
47766,3593.67,0,0,0,0,18.17,1990,0,74002
47816,3640.78,0,0,0,0,-37.61,1990,0,74002
47866,3611.85,0,0,0,0,29.81,1990,0,74002
47916,3616.20,0,0,0,0,-31.97,1990,0,74002
47966,3574.83,0,0,0,0,24.02,1990,0,74002
48016,3597.12,0,0,0,0,-12.89,1990,0,74002
48066,3584.23,0,0,0,0,23.27,1990,0,74002
48116,3570.58,0,0,0,0,-29.50,1990,0,74002
48166,3568.88,0,0,0,0,19.64,1990,0,74002
48216,3568.03,0,0,0,0,28.23,1990,0,74002
48266,3766.95,0,-2,0,0,-45.79,1997,0,74112
48316,3557.87,0,0,0,0,367.80,2004,0,74406
48366,3558.72,0,0,0,0,369.01,2011,0,74662
48416,3557.87,0,0,0,0,372.94,2018,0,74874
48466,3556.19,0,0,0,0,443.81,2027,0,75131
48516,3779.29,0,-2,0,0,163.93,2038,0,75452
48566,3557.87,0,0,0,0,406.18,2046,0,75696
48617,3868.97,-2744,-4,0,-2741,-310.25,2058,0,78716
48667,3617.07,0,0,0,0,73.87,2059,0,78716
48717,3597.98,0,0,0,0,-22.30,2059,0,78716
48768,3584.23,0,0,0,0,14.62,2059,0,78716
48818,3551.14,0,0,0,0,23.70,2059,0,78716
48868,3533.57,0,0,0,0,20.09,2060,0,78716
48918,3533.57,0,0,0,0,28.53,2060,0,78716
48968,3547.78,0,0,0,0,174.31,2066,0,78827
49018,3490.81,0,1,0,0,34.46,2069,0,78827
49068,3517.82,0,1,0,0,-20.50,2072,0,78827
49118,3473.03,0,1,0,0,25.92,2075,0,78827
49168,3518.65,0,1,0,0,-27.84,2078,0,78827
49218,3498.95,0,1,0,0,27.97,2081,0,78827
49268,3544.42,0,0,0,0,-29.90,2082,0,78827
49318,3525.26,0,1,0,0,22.51,2084,0,78827
49368,3527.75,0,1,0,0,4.15,2086,0,78827
49418,3515.35,0,1,0,0,39.15,2088,0,78827
49468,3554.50,0,0,0,0,-39.98,2089,0,78827
49518,3541.91,0,0,0,0,19.34,2089,0,78827
49568,3561.25,0,0,0,0,-19.34,2089,0,78827
49618,3568.88,0,0,0,0,-23.62,2089,0,78827
49668,3557.87,0,0,0,0,404.09,2099,0,79200
49718,3609.24,0,0,0,0,64.53,2101,0,79200
49768,3593.67,0,0,0,0,91.83,2103,0,79202
49818,3628.45,0,0,0,0,78.00,2105,0,79207
49868,3594.54,0,0,0,0,157.34,2108,0,79218
49918,3634.60,0,0,0,0,159.98,2112,0,79232
49968,3529.41,0,1,0,0,325.64,2119,0,83076
50018,3592.81,0,0,0,0,14.69,2119,0,83076
50068,3584.23,0,0,0,0,33.72,2119,0,83076
50118,3630.20,0,0,0,0,-37.39,2119,0,83076
50168,3604.04,0,0,0,0,27.05,2119,0,83076
50219,3631.96,0,0,0,0,20.34,2119,0,83076
50269,3608.37,0,0,0,0,128.55,2122,0,83084
50319,3648.75,0,0,0,0,147.76,2126,0,83097
50369,3557.87,0,0,0,0,407.23,2134,0,83331
50419,3775.48,-1,-2,0,0,2.85,2146,0,83612
50469,3690.04,0,-1,0,0,-35.07,2148,0,83612
50519,3684.60,0,-1,0,0,37.49,2150,0,83612
50569,3670.17,0,-1,0,0,-5.38,2152,0,83612
50619,3654.97,0,0,0,0,25.11,2153,0,83612
50669,3680.08,0,-1,0,0,-25.11,2155,0,83612
50719,3654.97,0,0,0,0,15.20,2156,0,83612
50769,3670.17,0,-1,0,0,-24.97,2158,0,83612
50819,3654.97,0,0,0,0,25.11,2159,0,83612
50869,3670.17,0,-1,0,0,-24.97,2161,0,83612
50919,3635.48,0,0,0,0,24.84,2161,0,83612
50969,3670.17,0,-1,0,0,-24.97,2163,0,83612
51019,3592.81,0,0,0,0,29.50,2163,0,83612
51069,3660.32,0,0,0,0,-47.61,2163,0,83612
51119,3594.54,0,0,0,0,26.90,2163,0,83612
51169,3603.17,0,0,0,0,7.81,2163,0,83612
51219,3593.67,0,0,0,0,22.53,2163,0,83612
51269,3635.48,0,0,0,0,-42.67,2163,0,83612
51319,3615.33,0,0,0,0,29.87,2163,0,83612
51369,3612.72,0,0,0,0,0.00,2163,0,83612
51419,3593.67,0,0,0,0,33.02,2163,0,83612
51469,3617.07,0,0,0,0,-24.26,2163,0,83612
51519,3593.67,0,0,0,0,22.53,2163,0,83612
51569,3579.10,0,0,0,0,14.58,2163,0,83612
51619,3574.83,0,0,0,0,31.80,2163,0,83612
51670,3626.69,0,0,0,0,-43.32,2163,0,83612
51720,3563.79,0,0,0,0,33.33,2163,0,83612
51770,3597.98,0,0,0,0,-32.50,2163,0,83612
51820,3582.52,0,0,0,0,24.99,2163,0,83612
51870,3627.57,0,0,0,0,-43.34,2163,0,83612
51920,3582.52,0,0,0,0,24.99,2163,0,83612
51970,3626.69,0,0,0,0,-33.02,2163,0,83612
52020,3593.67,0,0,0,0,8.63,2163,0,83612
52070,3602.31,0,0,0,0,0.87,2163,0,83612
52120,3569.73,0,0,0,0,37.77,2163,0,83612
52170,3626.69,0,0,0,0,-42.46,2163,0,83612
52220,3584.23,0,0,0,0,31.97,2163,0,83612
52270,3616.20,0,0,0,0,-22.53,2163,0,83612
52320,3593.67,0,0,0,0,42.69,2163,0,83612
52370,3607.50,0,0,0,0,-14.69,2163,0,83612
52420,3576.54,0,0,0,0,22.31,2163,0,83612
52470,3636.36,0,0,0,0,-51.28,2163,0,83612
52520,3587.66,0,0,0,0,26.80,2163,0,83612
52570,3636.36,0,0,0,0,-52.99,2163,0,83612
52620,3602.31,0,0,0,0,33.18,2163,0,83612
52670,3631.08,0,0,0,0,-27.91,2163,0,83612
52720,3603.17,0,0,0,0,27.91,2163,0,83612
52770,3617.07,0,0,0,0,-32.84,2163,0,83612
52820,3594.54,0,0,0,0,23.41,2163,0,83612
52870,3631.08,0,0,0,0,-28.78,2163,0,83612
52920,3507.13,0,1,0,0,94.31,2164,0,83612
52970,3626.69,0,0,0,0,-32.16,2165,0,83618
53020,3562.10,0,0,0,0,24.70,2165,0,83618
53070,3579.10,0,0,0,0,-0.85,2165,0,83618
53120,3560.41,0,0,0,0,19.54,2165,0,83618
53170,3588.52,0,0,0,0,-20.49,2165,0,83618
53220,3561.25,0,0,0,0,37.59,2165,0,83618
53270,3587.66,0,0,0,0,-35.68,2165,0,83618
53320,3512.06,0,1,0,0,96.31,2166,0,83618
53370,3598.85,0,0,0,0,94.79,2166,0,83618
53420,3541.91,0,0,0,0,18.50,2166,0,83618
53470,3561.25,0,0,0,0,-19.34,2166,0,83618
53520,3569.73,0,0,0,0,-34.49,2166,0,83618
53570,3557.87,0,0,0,0,405.14,2176,0,84033
53620,3723.01,0,-1,0,0,-34.79,2182,0,84091
53670,3557.87,0,0,0,0,191.19,2186,0,84104
53720,3612.72,0,0,0,0,61.05,2188,0,84108
53770,3546.94,0,0,0,0,61.43,2189,0,84108
53820,3606.64,0,0,0,0,-30.95,2189,0,84108
53870,3573.98,0,0,0,0,31.79,2189,0,84108
53920,3588.52,0,0,0,0,4.30,2189,0,84108
53970,3579.10,0,0,0,0,18.02,2189,0,84108
54020,3626.69,0,0,0,0,-44.18,2189,0,84108
54070,3594.54,0,0,0,0,29.53,2189,0,84108
54120,3625.82,0,0,0,0,-32.14,2189,0,84108
54170,3612.72,0,0,0,0,31.60,2189,0,84108
54220,3640.78,0,0,0,0,-28.06,2189,0,84108
54270,3620.56,0,0,0,0,29.96,2189,0,84108
54320,3631.96,0,0,0,0,-7.02,2189,0,84108
54370,3602.31,0,0,0,0,34.06,2189,0,84108
54420,3631.08,0,0,0,0,-27.91,2189,0,84108
54470,3583.37,0,0,0,0,22.40,2189,0,84108
54520,3646.09,0,0,0,0,-44.65,2189,0,84108
54571,3603.17,0,0,0,0,21.77,2189,0,84108
54621,3660.32,0,0,0,0,-35.38,2189,0,84108
54671,3636.36,0,0,0,0,44.62,2190,0,84108
54721,3676.47,0,-1,0,0,98.06,2193,0,84117
54771,3557.03,0,0,0,0,442.97,2202,0,84384
54822,3824.58,-1809,-3,0,-1807,-265.86,2213,0,86519
54872,3626.69,0,0,0,0,54.29,2214,0,86519
54922,3603.17,0,0,0,0,24.40,2214,0,86519
54972,3621.44,0,0,0,0,-18.27,2214,0,86519
55022,3602.31,0,0,0,0,28.78,2214,0,86519
55072,3606.64,0,0,0,0,-36.91,2214,0,86519
55122,3601.44,0,0,0,0,-32.86,2214,0,86519
55172,3626.69,0,0,0,0,-33.02,2214,0,86519
55222,3612.72,0,0,0,0,19.24,2214,0,86519
55272,3640.78,0,0,0,0,-19.34,2214,0,86519
55322,3631.96,0,0,0,0,18.56,2214,0,86519
55372,3649.63,0,0,0,0,-14.15,2214,0,86519
55422,3631.96,0,0,0,0,8.82,2214,0,86519
55472,3621.44,0,0,0,0,10.52,2214,0,86519
55522,3603.17,0,0,0,0,23.52,2214,0,86519
55572,3631.08,0,0,0,0,-27.91,2214,0,86519
55622,3603.17,0,0,0,0,33.19,2214,0,86519
55672,3648.75,0,0,0,0,-36.03,2214,0,86519
55723,3641.66,0,0,0,0,18.66,2214,0,86519
55773,3680.08,0,-1,0,0,-27.78,2215,0,86519
55823,3654.97,0,0,0,0,35.07,2216,0,86519
55873,3660.32,0,0,0,0,-38.88,2216,0,86519
55923,3631.96,0,0,0,0,29.25,2216,0,86519
55973,3670.17,0,-1,0,0,-39.09,2217,0,86519
56023,3646.09,0,0,0,0,33.99,2218,0,86519
56073,3680.08,0,-1,0,0,-25.11,2220,0,86519
56123,3641.66,0,0,0,0,18.66,2220,0,86519
56173,3670.17,0,-1,0,0,-26.74,2221,0,86519
56223,3646.09,0,0,0,0,24.09,2222,0,86519
56273,3680.08,0,-1,0,0,-45.48,2224,0,86519
56323,3636.36,0,0,0,0,33.81,2225,0,86519
56373,3641.66,0,0,0,0,-19.35,2225,0,86519
56423,3612.72,0,0,0,0,37.81,2225,0,86519
56473,3602.31,0,0,0,0,20.01,2225,0,86519
56523,3592.81,0,0,0,0,24.26,2225,0,86519
56573,3580.81,0,0,0,0,12.87,2225,0,86519
56623,3583.37,0,0,0,0,33.70,2225,0,86519
56673,3624.94,0,0,0,0,-31.26,2225,0,86519
56723,3593.67,0,0,0,0,28.64,2225,0,86519
56773,3640.78,0,0,0,0,-37.61,2225,0,86519
56823,3593.67,0,0,0,0,37.41,2225,0,86519
56873,3617.07,0,0,0,0,-43.94,2225,0,86519
56923,3592.81,0,0,0,0,43.55,2225,0,86519
56973,3592.81,0,0,0,0,-42.52,2225,0,86519
57023,3522.78,0,1,0,0,29.20,2226,0,86519
57073,3517.00,0,1,0,0,15.74,2228,0,86519
57123,3514.53,0,1,0,0,31.57,2230,0,86519
57174,3579.95,0,0,0,0,-38.04,2230,0,86519
57224,3541.08,0,0,0,0,29.50,2230,0,86519
57274,3579.95,0,0,0,0,-28.82,2230,0,86519
57324,3559.56,0,0,0,0,29.81,2230,0,86519
57374,3633.72,0,0,0,-2,-155.06,2231,0,86521
57424,3542.75,0,0,0,0,27.83,2231,0,86521
57474,3578.24,0,0,0,0,-44.68,2231,0,86521
57524,3551.14,0,0,0,0,37.38,2231,0,86521
57574,3569.73,0,0,0,0,-17.75,2231,0,86521
57624,3551.98,0,0,0,0,16.90,2231,0,86521
57674,3587.66,0,0,0,0,-36.52,2231,0,86521
57724,3562.10,0,0,0,0,36.75,2231,0,86521
57774,3547.78,0,0,0,0,38.17,2231,0,86521
57824,3774.53,0,-2,0,0,-85.41,2238,0,86573
57874,3529.41,0,1,0,0,322.67,2245,0,90648
57924,3530.24,0,1,0,0,296.29,2251,0,93461
57974,3544.42,0,0,0,0,162.94,2254,0,93470
58024,3568.88,0,0,0,0,-31.14,2254,0,93470
58074,3499.77,0,1,0,0,16.41,2256,0,93470
58124,3536.90,0,0,0,0,-45.28,2258,0,93470
58174,3504.67,0,1,0,0,21.42,2261,0,93470
58224,3508.77,0,1,0,0,-18.78,2264,0,93470
58274,3481.89,0,1,0,0,36.75,2267,0,93470
58324,3491.62,0,1,0,0,4.88,2269,0,93470
58374,3490.81,0,1,0,0,27.02,2272,0,93470
58424,3544.42,0,0,0,0,-34.01,2274,0,93470
58474,3523.61,0,1,0,0,30.89,2276,0,93470
58524,3573.98,0,0,0,0,-42.08,2277,0,93470
58574,3589.38,0,0,0,0,-34.87,2277,0,93470
58624,3557.87,0,0,0,0,405.14,2288,0,93881
58674,3528.58,0,1,0,0,289.18,2293,0,95916
58724,3530.24,0,1,0,0,351.75,2299,0,99769
58774,3558.72,0,0,0,0,355.69,2305,0,99968
58824,3557.87,0,0,0,0,384.31,2313,0,100196
58874,3774.53,0,-2,0,0,-87.22,2319,0,100245
58924,3553.66,0,0,0,0,245.73,2324,0,100261
58974,3525.26,0,1,0,0,30.92,2325,0,100261
59024,3524.44,0,1,0,0,19.99,2327,0,100261
59074,3509.59,0,1,0,0,22.31,2329,0,100261
59124,3499.77,0,1,0,0,27.16,2332,0,100261
59174,3555.34,0,0,0,0,-41.64,2333,0,100261
59224,3490.81,0,1,0,0,27.02,2336,0,100261
59274,3553.66,0,0,0,0,-44.89,2338,0,100261
59324,3533.57,0,0,0,0,29.38,2339,0,100261
59374,3507.13,0,1,0,0,44.85,2340,0,100261
59424,3552.82,0,0,0,0,22.01,2340,0,100261
59474,3564.64,0,0,0,0,-55.87,2342,0,100261
59524,3524.44,0,1,0,0,30.07,2344,0,100261
59574,3597.12,0,0,0,0,-54.37,2344,0,100261
59624,3583.37,0,0,0,0,33.70,2344,0,100261
59674,3596.26,0,0,0,0,-12.03,2344,0,100261
59724,3584.23,0,0,0,0,31.97,2344,0,100261
59774,3591.09,0,0,0,0,12.94,2344,0,100261
59824,3631.96,0,0,0,0,-1.76,2344,0,100261
59875,3837.30,-2016,-3,0,-2014,-279.42,2358,0,102710
59925,3594.54,0,0,0,0,66.68,2358,0,102710
59975,3626.69,0,0,0,0,-33.88,2358,0,102710
60025,3622.31,0,0,0,0,22.89,2358,0,102710
60075,3631.96,0,0,0,0,-9.65,2358,0,102710
60125,3603.17,0,0,0,0,33.19,2358,0,102710
60175,3640.78,0,0,0,0,-28.06,2358,0,102710
60225,3594.54,0,0,0,0,27.78,2358,0,102710
60275,3626.69,0,0,0,0,-32.16,2358,0,102710
60325,3613.59,0,0,0,0,21.90,2358,0,102710
60375,3617.07,0,0,0,0,-25.12,2358,0,102710
60425,3603.17,0,0,0,0,23.52,2358,0,102710
60475,3587.66,0,0,0,0,6.02,2358,0,102710
60525,3569.73,0,0,0,0,27.39,2358,0,102710
60575,3617.07,0,0,0,0,-34.56,2358,0,102710
60625,3603.17,0,0,0,0,33.19,2358,0,102710
60675,3645.20,0,0,0,0,-52.39,2358,0,102710
60725,3612.72,0,0,0,0,37.81,2358,0,102710
60775,3660.32,0,0,0,0,-47.61,2358,0,102710
60825,3631.96,0,0,0,0,28.36,2358,0,102710
60875,3651.41,0,0,0,0,-19.45,2358,0,102710
60925,3646.09,0,0,0,0,24.09,2359,0,102710
60975,3631.08,0,0,0,0,24.78,2360,0,102710
61025,3631.96,0,0,0,0,18.56,2360,0,102710
61075,3603.17,0,0,0,0,19.14,2360,0,102710
61125,3574.83,0,0,0,0,32.67,2360,0,102710
61175,3626.69,0,0,0,0,-51.86,2360,0,102710
61225,3568.88,0,0,0,0,19.64,2360,0,102710
61275,3634.60,0,0,0,0,-50.37,2360,0,102710
61325,3592.81,0,0,0,0,33.88,2360,0,102710
61375,3640.78,0,0,0,0,-37.61,2360,0,102710
61425,3557.03,0,0,0,0,96.16,2360,0,102710
61475,3608.37,0,0,0,0,-33.54,2360,0,102710
61526,3583.37,0,0,0,0,34.57,2360,0,102710
61576,3607.50,0,0,0,0,-12.97,2360,0,102710
61626,3593.67,0,0,0,0,33.02,2360,0,102710
61676,3621.44,0,0,0,0,-8.72,2360,0,102710
61726,3594.54,0,0,0,0,40.95,2360,0,102710
61776,3617.94,0,0,0,0,-67.65,2360,0,102710
61826,3591.09,0,0,0,0,141.18,2362,0,102719
61876,3607.50,0,0,0,0,-46.25,2362,0,102719
61926,3594.54,0,0,0,0,22.54,2362,0,102719
61976,3636.36,0,0,0,0,-42.69,2362,0,102719
62026,3612.72,0,0,0,0,36.92,2362,0,102719
62076,3601.44,0,0,0,0,40.69,2362,0,102719
62126,3591.95,0,0,0,0,15.55,2362,0,102719
62176,3560.41,0,0,0,0,23.82,2362,0,102719
62226,3561.25,0,0,0,0,20.41,2362,0,102719
62276,3597.98,0,0,0,0,-46.85,2362,0,102719
62326,3568.03,0,0,0,0,29.95,2362,0,102719
62376,3626.69,0,0,0,0,-48.45,2362,0,102719
62426,3626.69,0,0,0,0,-32.16,2362,0,102719
62476,3557.87,0,0,0,0,400.95,2372,0,103137
62526,3646.09,0,0,0,0,132.25,2382,0,103417
62576,3670.17,0,-1,0,0,-47.86,2383,0,103417
62626,3612.72,0,0,0,0,31.60,2383,0,103417
62676,3641.66,0,0,0,0,-21.10,2383,0,103417
62726,3631.96,0,0,0,0,19.45,2383,0,103417
62776,3671.97,0,-1,0,0,-30.31,2384,0,103417
62826,3645.20,0,0,0,0,34.88,2385,0,103417
62876,3690.04,0,-1,0,0,-35.07,2387,0,103417
62926,3675.57,0,-1,0,0,33.63,2389,0,103417
62976,3680.08,0,-1,0,0,-38.42,2390,0,103417
63026,3664.79,0,0,0,0,28.88,2391,0,103417
63076,3704.62,0,-1,0,0,-29.95,2394,0,103417
63126,3664.79,0,0,0,0,9.88,2396,0,103417
63176,3700.05,0,-1,0,0,-34.36,2398,0,103417
63226,3654.97,0,0,0,0,25.11,2399,0,103417
63276,3680.08,0,-1,0,0,-34.88,2401,0,103417
63326,3654.97,0,0,0,0,35.07,2402,0,103417
63376,3650.52,0,0,0,0,-29.08,2402,0,103417
63426,3626.69,0,0,0,0,33.63,2402,0,103417
63476,3612.72,0,0,0,0,9.60,2402,0,103417
63526,3604.04,0,0,0,0,32.33,2402,0,103417
63576,3607.50,0,0,0,0,-28.41,2402,0,103417
63626,3568.03,0,0,0,0,29.95,2402,0,103417
63676,3616.20,0,0,0,0,-31.97,2402,0,103417
63726,3568.88,0,0,0,0,29.11,2402,0,103417
63776,3616.20,0,0,0,0,-22.53,2402,0,103417
63826,3607.50,0,0,0,0,37.70,2402,0,103417
63876,3612.72,0,0,0,0,-9.55,2402,0,103417
63926,3593.67,0,0,0,0,33.89,2402,0,103417
63976,3650.52,0,0,0,0,-39.55,2402,0,103417
64026,3591.95,0,0,0,0,11.22,2402,0,103417
64076,3636.36,0,0,0,0,-42.69,2402,0,103417
64126,3560.41,0,0,0,0,28.11,2402,0,103417
64176,3561.25,0,0,0,0,-2.53,2402,0,103417
64226,3544.42,0,0,0,0,20.22,2403,0,103417
64276,3570.58,0,0,0,0,-29.50,2403,0,103417
64326,3559.56,0,0,0,0,19.53,2403,0,103417
64376,3608.37,0,0,0,0,-40.34,2403,0,103417
64427,3550.30,0,0,0,0,11.80,2403,0,103417
64477,3608.37,0,0,0,0,-37.79,2403,0,103417
64527,3584.23,0,0,0,0,22.41,2403,0,103417
64577,3597.98,0,0,0,0,-46.85,2403,0,103417
64627,3544.42,0,0,0,0,26.15,2403,0,103417
64677,3598.85,0,0,0,0,33.93,2403,0,103417
64727,3560.41,0,0,0,0,18.69,2403,0,103417
64777,3568.88,0,0,0,0,-3.39,2403,0,103417
64827,3551.98,0,0,0,0,26.27,2403,0,103417
64877,3532.74,0,1,0,0,19.24,2404,0,103417
64927,3532.74,0,1,0,0,21.77,2406,0,103417
64977,3559.56,0,0,0,0,-25.99,2406,0,103417
65027,3526.09,0,1,0,0,0.00,2408,0,103417
65077,3577.39,0,0,0,0,110.83,2413,0,103465
65127,3593.67,0,0,0,0,21.65,2414,0,103465
65177,3559.56,0,0,0,0,28.10,2414,0,103465
65227,3589.38,0,0,0,0,-25.58,2414,0,103465
65277,3579.10,0,0,0,0,18.89,2414,0,103465
65327,3617.94,0,0,0,0,-33.72,2414,0,103465
65377,3604.04,0,0,0,0,22.66,2414,0,103465
65427,3630.20,0,0,0,0,-27.90,2414,0,103465
65477,3610.98,0,0,0,0,28.92,2414,0,103465
65527,3670.17,0,-1,0,0,-37.33,2415,0,103465
65577,3646.09,0,0,0,0,34.90,2416,0,103465
65627,3651.41,0,0,0,0,131.69,2418,0,103473
65677,3635.48,0,0,0,0,95.86,2419,0,103473
65727,3530.24,0,1,0,0,341.72,2426,0,107186
65777,3558.72,0,0,0,0,388.65,2433,0,107398
65827,3558.72,0,0,0,0,369.01,2440,0,107642
65878,3711.03,-1,-1,0,-1,-153.16,2452,0,107972
65928,3603.17,0,0,0,0,17.39,2452,0,107972
65978,3639.89,0,0,0,0,-27.18,2452,0,107972
66028,3578.24,0,0,0,0,14.57,2452,0,107972
66078,3625.82,0,0,0,0,-41.59,2452,0,107972
66128,3603.17,0,0,0,0,27.91,2452,0,107972
66178,3640.78,0,0,0,0,-28.06,2452,0,107972
66228,3606.64,0,0,0,0,13.93,2452,0,107972
66278,3640.78,0,0,0,0,-28.06,2452,0,107972
66328,3585.09,0,0,0,0,27.63,2452,0,107972
66378,3640.78,0,0,0,0,-37.61,2452,0,107972
66428,3611.85,0,0,0,0,38.68,2452,0,107972
66478,3603.17,0,0,0,0,0.00,2452,0,107972
66528,3583.37,0,0,0,0,24.13,2452,0,107972
66578,3636.36,0,0,0,0,-52.13,2452,0,107972
66629,3469.81,0,1,0,0,118.70,2453,0,107972
66679,3621.44,0,0,0,0,-21.73,2455,0,107982
66729,3593.67,0,0,0,0,37.41,2455,0,107982
66779,3631.96,0,0,0,0,-19.24,2455,0,107982
66829,3602.31,0,0,0,0,38.47,2455,0,107982
66879,3607.50,0,0,0,0,-47.94,2455,0,107982
66929,3593.67,0,0,0,0,32.14,2455,0,107982
66979,3607.50,0,0,0,0,-15.55,2455,0,107982
67030,3584.23,0,0,0,0,21.54,2455,0,107982
67080,3598.85,0,0,0,0,28.10,2455,0,107982
67130,3559.56,0,0,0,0,29.81,2455,0,107982
67180,3605.77,0,0,0,0,-30.94,2455,0,107982
67230,3583.37,0,0,0,0,33.70,2455,0,107982
67280,3606.64,0,0,0,0,-22.41,2455,0,107982
67330,3617.94,0,0,0,0,-33.72,2455,0,107982
67380,3557.87,0,0,0,0,403.04,2465,0,108402
67430,3743.45,0,-2,0,0,-54.32,2472,0,108468
67480,3529.41,0,1,0,0,297.12,2479,0,111645
67530,3530.24,0,1,0,0,302.15,2485,0,114454
67580,3531.07,0,1,0,0,366.04,2492,0,118526
67630,3558.72,0,0,0,0,401.15,2499,0,118731
67680,3585.09,0,0,0,0,156.50,2501,0,118738
67730,3623.19,0,0,0,0,80.52,2503,0,118746
67780,3589.38,0,0,0,0,135.48,2505,0,118755
67830,3594.54,0,0,0,0,108.25,2507,0,118763
67880,3547.78,0,0,0,0,100.08,2508,0,118763
67930,3555.34,0,0,0,0,-30.08,2509,0,118763
67980,3541.08,0,0,0,0,14.27,2510,0,118763
68030,3568.88,0,0,0,0,-16.90,2510,0,118763
68080,3533.57,0,0,0,0,26.84,2510,0,118763
68130,3541.91,0,0,0,0,0.00,2510,0,118763
68180,3532.74,0,1,0,0,31.06,2512,0,118763
68230,3570.58,0,0,0,0,-29.50,2512,0,118763
68280,3524.44,0,1,0,0,32.59,2513,0,118763
68330,3536.90,0,0,0,0,-46.09,2515,0,118763
68380,3473.03,0,1,0,0,17.78,2518,0,118763
68430,3481.89,0,1,0,0,10.54,2521,0,118763
68480,3498.95,0,1,0,0,-30.74,2523,0,118763
68530,3549.46,0,0,0,0,168.94,2530,0,118885
68580,3545.26,0,0,0,0,70.07,2531,0,118885
68630,3533.57,0,0,0,0,20.93,2532,0,118885
68680,3597.12,0,0,0,0,-29.94,2532,0,118885
68730,3584.23,0,0,0,0,21.54,2532,0,118885
68780,3621.44,0,0,0,0,-20.00,2532,0,118885
68830,3559.56,0,0,0,0,19.53,2532,0,118885
68880,3607.50,0,0,0,0,-33.52,2532,0,118885
68930,3585.09,0,0,0,0,31.99,2532,0,118885
68980,3636.36,0,0,0,0,-43.55,2532,0,118885
69030,3611.85,0,0,0,0,28.93,2532,0,118885
69080,3620.56,0,0,0,0,-19.99,2532,0,118885
69130,3574.83,0,0,0,0,32.67,2532,0,118885
69180,3625.82,0,0,0,0,-31.28,2532,0,118885
69230,3622.31,0,0,0,0,22.89,2532,0,118885
69280,3680.98,0,-1,0,0,-49.02,2533,0,118885
69330,3654.97,0,0,0,0,13.41,2534,0,118885
69380,3680.08,0,-1,0,0,-22.43,2536,0,118885
69430,3646.09,0,0,0,0,26.78,2537,0,118885
69480,3695.49,0,-1,0,0,-26.22,2540,0,118885
69531,3826.53,-1839,-3,0,-1837,-267.81,2550,0,120926
69581,3529.41,0,1,0,0,306.91,2554,0,122953
69632,3765.06,-8,-2,0,-9,-235.65,2560,0,124875
69682,3622.31,0,0,0,0,29.10,2560,0,124875
69732,3579.10,0,0,0,0,-15.31,2560,0,124875
69782,3506.31,0,1,0,0,27.26,2561,0,124875
69832,3518.65,0,1,0,0,-27.84,2564,0,124875
69882,3503.85,0,1,0,0,-11.42,2566,0,124875
69932,3549.46,0,0,0,0,167.10,2573,0,125001
69982,3486.75,0,1,0,0,-29.73,2576,0,125001
70032,3456.22,0,2,0,0,16.80,2580,0,125001
70082,3433.28,0,2,0,0,22.15,2585,0,125001
70132,3424.66,0,2,0,0,29.97,2591,0,125001
70182,3454.63,0,2,0,0,-21.35,2597,0,125001
70232,3441.95,1,2,0,0,21.46,2603,0,125001
70282,3459.41,0,2,0,0,25.72,2606,0,125001
70332,3499.77,0,1,0,0,187.55,2612,0,125057
70382,3490.81,0,1,0,0,13.05,2616,0,125057
70432,3536.90,0,0,0,0,-27.31,2618,0,125057
70482,3541.08,0,0,0,0,23.56,2619,0,125057
70532,3597.98,0,0,0,0,-46.85,2619,0,125057
70582,3594.54,0,0,0,0,32.16,2619,0,125057
70632,3640.78,0,0,0,0,-28.06,2619,0,125057
70682,3639.01,0,0,0,0,31.16,2620,0,125057
70732,3700.96,0,-1,0,0,-45.99,2622,0,125057
70782,3684.60,0,-1,0,0,30.11,2625,0,125057
70832,3724.86,0,-1,0,0,-16.58,2628,0,125057
70882,3673.77,0,-1,0,0,32.68,2631,0,125057
70932,3529.41,0,1,0,0,276.73,2635,0,126403
70982,3879.98,-2984,-4,0,-2981,-322.10,2649,0,129704
71032,3529.41,0,1,0,0,306.91,2653,0,131698
71083,3813.88,-1953,-3,0,-1954,-283.64,2660,0,136119
71133,3637.25,0,0,0,0,106.20,2662,0,136123
71183,3589.38,0,0,0,0,-5.15,2662,0,136123
71233,3551.14,0,0,0,0,19.44,2662,0,136123
71283,3505.49,0,1,0,0,28.08,2663,0,136123
71333,3490.81,0,1,0,0,36.94,2666,0,136123
71383,3490.81,0,1,0,0,21.25,2668,0,136123
71433,3490.81,0,1,0,0,197.41,2674,0,136197
71483,3441.95,0,2,0,0,26.26,2679,0,136197
71533,3471.42,0,1,0,0,-24.73,2683,0,136197
71583,3464.20,0,2,0,0,25.79,2688,0,136197
71633,3490.81,0,1,0,0,-9.72,2691,0,136197
71683,3419.97,0,2,0,0,13.31,2697,0,136197
71733,3446.69,0,2,0,0,-8.69,2702,0,136197
71783,3445.90,0,2,0,0,-31.38,2706,0,136197
71833,3354.20,0,3,0,0,363.27,2715,0,136289
71883,3443.53,0,2,0,0,37.56,2718,0,136300
71933,3532.74,0,1,0,0,13.36,2719,0,136302
71983,3551.98,0,0,0,0,-10.06,2719,0,136302
72033,3550.30,0,0,0,0,29.66,2719,0,136302
72083,3626.69,0,0,0,0,-53.56,2719,0,136302
72133,3603.17,0,0,0,0,23.52,2719,0,136302
72183,3640.78,0,0,0,0,-28.06,2719,0,136302
72233,3623.19,0,0,0,0,37.13,2719,0,136302
72283,3649.63,0,0,0,0,-36.92,2719,0,136302
72333,3631.96,0,0,0,0,29.25,2719,0,136302
72383,3680.08,0,-1,0,0,-34.88,2721,0,136302
72433,3664.79,0,0,0,0,35.26,2722,0,136302
72483,3646.09,0,0,0,0,26.78,2724,0,136302
72534,3655.86,0,0,0,0,26.93,2725,0,136302
72584,3670.17,0,-1,0,0,65.82,2728,0,136302
72634,3557.87,0,0,0,0,350.41,2734,0,136503
72684,3557.03,0,0,0,0,466.57,2743,0,136786
72734,3680.98,0,-1,0,0,97.36,2755,0,137139
72784,3641.66,0,0,0,0,19.55,2755,0,137139
72834,3670.17,0,-1,0,0,-38.21,2756,0,137139
72884,3645.20,0,0,0,0,24.97,2757,0,137139
72934,3670.17,0,-1,0,0,-47.86,2758,0,137139
72984,3645.20,0,0,0,0,25.87,2759,0,137139
73034,3680.08,0,-1,0,0,-28.67,2760,0,137139
73084,3631.96,0,0,0,0,8.82,2760,0,137139
73134,3670.17,0,-1,0,0,-47.86,2761,0,137139
73184,3635.48,0,0,0,0,35.59,2762,0,137139
73234,3640.78,0,0,0,0,-38.47,2762,0,137139
73284,3612.72,0,0,0,0,37.81,2762,0,137139
73334,3622.31,0,0,0,0,-1.75,2762,0,137139
73384,3610.98,0,0,0,0,30.68,2762,0,137139
73434,3641.66,0,0,0,0,-28.94,2762,0,137139
73484,3594.54,0,0,0,0,26.03,2762,0,137139
73534,3660.32,0,0,0,0,-57.15,2762,0,137139
73584,3603.17,0,0,0,0,19.14,2762,0,137139
73634,3649.63,0,0,0,0,-46.46,2762,0,137139
73684,3602.31,0,0,0,0,20.01,2762,0,137139
73734,3670.17,0,-1,0,0,-47.86,2763,0,137139
73784,3621.44,0,0,0,0,29.97,2763,0,137139
73834,3650.52,0,0,0,0,-37.81,2763,0,137139
73884,3604.04,0,0,0,0,46.49,2763,0,137139
73934,3626.69,0,0,0,0,-31.29,2763,0,137139
73984,3612.72,0,0,0,0,37.81,2763,0,137139
74034,3630.20,0,0,0,0,-27.03,2763,0,137139
74084,3612.72,0,0,0,0,19.24,2763,0,137139
74134,3661.22,0,0,0,0,-38.90,2763,0,137139
74184,3631.96,0,0,0,0,28.36,2763,0,137139
74234,3640.78,0,0,0,0,4.42,2764,0,137139
74284,3620.56,0,0,0,0,21.10,2764,0,137139
74334,3631.96,0,0,0,0,-14.89,2764,0,137139
74384,3585.09,0,0,0,0,26.76,2764,0,137139
74434,3625.82,0,0,0,0,-33.00,2764,0,137139
74484,3612.72,0,0,0,0,21.88,2764,0,137139
74534,3591.95,0,0,0,0,11.22,2764,0,137139
74584,3583.37,0,0,0,0,24.13,2764,0,137139
74634,3607.50,0,0,0,0,-47.10,2764,0,137139
74684,3584.23,0,0,0,0,32.84,2764,0,137139
74734,3569.73,0,0,0,0,26.53,2764,0,137139
74784,3550.30,0,0,0,0,38.22,2764,0,137139
74834,3597.98,0,0,0,0,-38.42,2764,0,137139
74884,3541.08,0,0,0,0,29.50,2764,0,137139
74934,3607.50,0,0,0,0,-47.10,2764,0,137139
74984,3583.37,0,0,0,0,33.70,2764,0,137139
75034,3607.50,0,0,0,0,-47.94,2764,0,137139
75084,3568.88,0,0,0,0,29.97,2764,0,137139
75134,3562.10,0,0,0,0,24.70,2764,0,137139
75184,3568.88,0,0,0,0,20.50,2764,0,137139
75234,3617.07,0,0,0,0,-33.70,2764,0,137139
75284,3591.95,0,0,0,0,24.25,2764,0,137139
75334,3621.44,0,0,0,0,-18.27,2764,0,137139
75384,3604.04,0,0,0,0,13.04,2764,0,137139
75435,3640.78,0,0,0,0,-28.06,2764,0,137139
75485,3611.85,0,0,0,0,28.93,2764,0,137139
75535,3617.07,0,0,0,0,-43.94,2764,0,137139
75585,3592.81,0,0,0,0,24.26,2764,0,137139
75635,3586.80,0,0,0,0,7.74,2764,0,137139
75685,3584.23,0,0,0,0,23.27,2764,0,137139
75735,3597.12,0,0,0,0,-3.45,2764,0,137139
75785,3584.23,0,0,0,0,23.27,2764,0,137139
75835,3626.69,0,0,0,0,-53.56,2764,0,137139
75885,3603.17,0,0,0,0,23.52,2764,0,137139
75935,3591.95,0,0,0,0,24.25,2764,0,137139
75985,3583.37,0,0,0,0,33.70,2764,0,137139
76035,3586.80,0,0,0,0,7.74,2764,0,137139
76085,3583.37,0,0,0,0,24.13,2764,0,137139
76135,3615.33,0,0,0,0,-20.79,2764,0,137139
76185,3612.72,0,0,0,0,37.81,2764,0,137139
76235,3626.69,0,0,0,0,-41.61,2764,0,137139
76285,3603.17,0,0,0,0,23.52,2764,0,137139
76335,3611.85,0,0,0,0,-6.94,2764,0,137139
76385,3601.44,0,0,0,0,-30.43,2764,0,137139
76435,3640.78,0,0,0,0,-37.61,2764,0,137139
76485,3622.31,0,0,0,0,19.35,2764,0,137139
76535,3641.66,0,0,0,0,-19.35,2764,0,137139
76585,3631.96,0,0,0,0,18.56,2764,0,137139
76635,3611.85,0,0,0,0,20.11,2764,0,137139
76685,3603.17,0,0,0,0,24.40,2764,0,137139
76735,3708.28,0,-1,0,-4,-168.88,2765,0,137143
76785,3577.39,0,0,0,0,24.05,2765,0,137143
76835,3635.48,0,0,0,0,-42.67,2765,0,137143
76886,3601.44,0,0,0,0,-18.27,2765,0,137143
76936,3631.08,0,0,0,0,-18.37,2765,0,137143
76986,3603.17,0,0,0,0,19.14,2765,0,137143
77036,3607.50,0,0,0,0,-36.93,2765,0,137143
77086,3584.23,0,0,0,0,23.27,2765,0,137143
77136,3634.60,0,0,0,0,-31.43,2765,0,137143
77186,3631.96,0,0,0,0,16.79,2765,0,137143
77236,3660.32,0,0,0,0,-18.66,2765,0,137143
77286,3635.48,0,0,0,0,45.50,2766,0,137143
77336,3640.78,0,0,0,0,-28.06,2766,0,137143
77386,3631.08,0,0,0,0,19.44,2766,0,137143
77436,3660.32,0,0,0,0,-18.66,2766,0,137143
77486,3622.31,0,0,0,0,19.35,2766,0,137143
77536,3672.87,0,-1,0,0,-40.91,2767,0,137143
77586,3651.41,0,0,0,0,8.91,2767,0,137143
77636,3680.08,0,-1,0,0,-15.28,2769,0,137143
77686,3601.44,0,0,0,0,21.12,2769,0,137143
77736,3640.78,0,0,0,0,-28.06,2769,0,137143
77786,3631.96,0,0,0,0,18.56,2769,0,137143
77836,3650.52,0,0,0,0,-28.21,2769,0,137143
77886,3641.66,0,0,0,0,16.88,2769,0,137143
77936,3604.90,0,0,0,0,17.41,2769,0,137143
77986,3612.72,0,0,0,0,15.73,2769,0,137143
78036,3641.66,0,0,0,0,-30.68,2769,0,137143
78086,3603.17,0,0,0,0,28.79,2769,0,137143
78136,3631.08,0,0,0,0,-18.37,2769,0,137143
78186,3612.72,0,0,0,0,27.18,2769,0,137143
78236,3631.96,0,0,0,0,-19.24,2769,0,137143
78286,3612.72,0,0,0,0,28.06,2769,0,137143
78336,3602.31,0,0,0,0,20.01,2769,0,137143
78386,3592.81,0,0,0,0,33.88,2769,0,137143
78436,3626.69,0,0,0,0,-33.02,2769,0,137143
78486,3612.72,0,0,0,0,28.94,2769,0,137143
78536,3631.08,0,0,0,0,0.88,2769,0,137143
78586,3583.37,0,0,0,0,17.20,2769,0,137143
78636,3616.20,0,0,0,0,-27.68,2769,0,137143
78686,3583.37,0,0,0,0,24.13,2769,0,137143
78736,3626.69,0,0,0,0,-33.02,2769,0,137143
78786,3586.80,0,0,0,0,11.18,2769,0,137143
78836,3617.07,0,0,0,0,-23.40,2769,0,137143
78886,3603.17,0,0,0,0,22.64,2769,0,137143
78936,3640.78,0,0,0,0,-28.06,2769,0,137143
78986,3592.81,0,0,0,0,8.63,2769,0,137143
79036,3607.50,0,0,0,0,-13.83,2769,0,137143
79086,3591.95,0,0,0,0,34.74,2769,0,137143
79136,3624.94,0,0,0,0,-30.40,2769,0,137143
79186,3603.17,0,0,0,0,42.03,2769,0,137143
79236,3631.08,0,0,0,0,-18.37,2769,0,137143
79286,3603.17,0,0,0,0,18.27,2769,0,137143
79336,3619.69,0,0,0,0,-16.52,2769,0,137143
79386,3582.52,0,0,0,0,33.68,2769,0,137143
79436,3631.96,0,0,0,0,-28.79,2769,0,137143
79486,3612.72,0,0,0,0,28.94,2769,0,137143
79536,3610.98,0,0,0,0,9.59,2769,0,137143
79586,3603.17,0,0,0,0,33.19,2769,0,137143
79636,3626.69,0,0,0,0,-33.02,2769,0,137143
79686,3603.17,0,0,0,0,27.91,2769,0,137143
79736,3639.89,0,0,0,0,-18.45,2769,0,137143
79787,3612.72,0,0,0,0,28.06,2769,0,137143
79837,3660.32,0,0,0,0,-28.36,2769,0,137143
79887,3622.31,0,0,0,0,25.55,2769,0,137143
79937,3646.97,0,0,0,0,104.90,2771,0,137149
79987,3558.72,0,0,0,0,346.51,2777,0,137349
80037,3558.72,0,0,0,0,430.64,2785,0,137581
80087,3558.72,0,0,0,0,369.01,2793,0,137864
80137,3530.24,0,1,0,0,336.73,2798,0,140505
80187,3530.24,0,1,0,0,350.74,2805,0,144737
80237,3590.23,0,0,0,0,173.88,2809,0,144750
80287,3572.28,0,0,0,0,156.28,2812,0,144761
80337,3553.66,0,0,0,0,139.10,2814,0,144766
80387,3541.08,0,0,0,0,25.26,2815,0,144766
80437,3490.81,0,1,0,0,24.54,2817,0,144766
80487,3490.81,0,1,0,0,26.19,2820,0,144766
80537,3517.00,0,1,0,0,-17.23,2823,0,144766
80587,3490.81,0,1,0,0,27.84,2826,0,144766
80637,3555.34,0,0,0,0,-44.93,2828,0,144766
80687,3523.61,0,1,0,0,22.49,2830,0,144766
80737,3553.66,0,0,0,0,-28.40,2831,0,144766
80787,3562.95,0,0,0,0,90.25,2833,0,144772
80837,3587.66,0,0,0,0,-17.93,2833,0,144772
80887,3560.41,0,0,0,0,28.97,2833,0,144772
80937,3617.07,0,0,0,0,-39.68,2833,0,144772
80987,3574.83,0,0,0,0,31.80,2833,0,144772
81037,3617.07,0,0,0,0,-37.12,2833,0,144772
81087,3593.67,0,0,0,0,33.02,2833,0,144772
81137,3631.08,0,0,0,0,-28.78,2833,0,144772
81187,3605.77,0,0,0,0,62.61,2834,0,144772
81238,3578.24,0,0,0,0,-8.52,2834,0,144772
81288,3569.73,0,0,0,0,27.39,2834,0,144772
81338,3607.50,0,0,0,0,-24.13,2834,0,144772
81388,3593.67,0,0,0,0,33.02,2834,0,144772
81438,3645.20,0,0,0,0,-53.25,2834,0,144772
81488,3582.52,0,0,0,0,29.33,2834,0,144772
81538,3578.24,0,0,0,0,15.43,2834,0,144772
81588,3579.95,0,0,0,0,10.28,2834,0,144772
81638,3617.07,0,0,0,0,-34.56,2834,0,144772
81688,3574.83,0,0,0,0,30.94,2834,0,144772
81738,3608.37,0,0,0,0,-16.42,2834,0,144772
81788,3604.04,0,0,0,0,11.29,2834,0,144772
81838,3603.17,0,0,0,0,33.19,2834,0,144772
81888,3557.87,0,0,0,0,403.04,2844,0,145178
81938,3557.87,0,0,0,0,369.85,2852,0,145457
81989,3702.79,0,-1,0,0,-139.00,2863,0,145768
82039,3690.04,0,-1,0,0,-44.84,2865,0,145768
82089,3664.79,0,0,0,0,25.24,2866,0,145768
82139,3680.08,0,-1,0,0,-24.22,2868,0,145768
82189,3664.79,0,0,0,0,25.24,2869,0,145768
82239,3680.08,0,-1,0,0,-25.11,2871,0,145768
82289,3654.97,0,0,0,0,25.11,2872,0,145768
82339,3684.60,0,-1,0,0,-9.93,2875,0,145768
82390,3679.18,0,-1,0,0,30.94,2877,0,145768
82440,3693.67,0,-1,0,0,-8.17,2880,0,145768
82490,3664.79,0,0,0,0,28.88,2882,0,145768
82540,3690.04,0,-1,0,0,-25.24,2884,0,145768
82590,3665.69,0,0,0,0,14.39,2885,0,145768
82640,3690.04,0,-1,0,0,-24.35,2887,0,145768
82690,3664.79,0,0,0,0,11.68,2889,0,145768
82740,3650.52,0,0,0,0,3.56,2890,0,145768
82790,3638.13,0,0,0,0,39.24,2891,0,145768
82840,3638.13,0,0,0,0,112.81,2894,0,145778
82890,3530.24,0,1,0,0,346.73,2901,0,150024
82940,3558.72,0,0,0,0,344.48,2907,0,150203
82990,3553.66,0,0,0,0,225.63,2912,0,150219
83040,3570.58,0,0,0,0,-11.86,2912,0,150219
83090,3492.43,0,1,0,0,32.83,2914,0,150219
83140,3554.50,0,0,0,0,-39.98,2915,0,150219
83190,3502.22,0,1,0,0,33.02,2917,0,150219
83240,3535.23,0,0,0,0,-44.43,2919,0,150219
83290,3524.44,0,1,0,0,39.36,2921,0,150219
83340,3518.65,0,1,0,0,4.96,2923,0,150219
83390,3515.35,0,1,0,0,29.07,2925,0,150219
83440,3563.79,0,0,0,0,-31.06,2926,0,150219
83490,3550.30,0,0,0,0,20.28,2926,0,150219
83540,3524.44,0,1,0,0,16.64,2927,0,150219
83590,3527.75,0,1,0,0,25.91,2929,0,150219
83640,3527.75,0,1,0,0,4.15,2931,0,150219
83690,3553.66,0,0,0,0,-39.96,2932,0,150219
83740,3549.46,0,0,0,0,168.02,2938,0,150342
83790,3528.58,0,1,0,0,278.53,2943,0,152084
83840,3548.62,0,0,0,0,115.28,2944,0,152089
83890,3607.50,0,0,0,0,-40.32,2944,0,152089
83940,3593.67,0,0,0,0,35.65,2944,0,152089
83990,3617.07,0,0,0,0,-35.41,2944,0,152089
84040,3541.08,0,0,0,0,22.72,2944,0,152089
84090,3589.38,0,0,0,0,-37.40,2944,0,152089
84140,3559.56,0,0,0,0,20.39,2944,0,152089
84190,3579.95,0,0,0,0,-20.39,2944,0,152089
84240,3560.41,0,0,0,0,19.54,2944,0,152089
84290,3579.95,0,0,0,0,-14.47,2944,0,152089
84340,3561.25,0,0,0,0,37.59,2944,0,152089
84390,3578.24,0,0,0,0,-26.27,2944,0,152089
84440,3551.98,0,0,0,0,26.27,2944,0,152089
84490,3550.30,0,0,0,0,1.68,2944,0,152089
84540,3541.08,0,0,0,0,32.05,2945,0,152089
84590,3573.13,0,0,0,0,-49.52,2946,0,152089
84640,3531.90,0,1,0,0,31.89,2948,0,152089
84690,3578.24,0,0,0,0,-44.68,2948,0,152089
84740,3561.25,0,0,0,0,28.12,2948,0,152089
84790,3526.92,0,1,0,0,36.87,2949,0,152089
84840,3550.30,0,0,0,0,28.80,2949,0,152089
84890,3588.52,0,0,0,0,-23.88,2949,0,152089
84940,3531.90,0,1,0,0,29.35,2950,0,152089
84990,3589.38,0,0,0,0,-29.81,2950,0,152089
85040,3608.37,0,0,0,0,-39.49,2950,0,152089
85090,3549.46,0,0,0,0,168.02,2955,0,152203
85140,3530.24,0,1,0,0,340.73,2961,0,155253
85190,3557.87,0,0,0,0,356.53,2967,0,155448
85240,3558.72,0,0,0,0,377.26,2975,0,155659
85291,3558.72,0,0,0,0,430.64,2983,0,155897
85341,3558.72,0,0,0,0,367.98,2991,0,156207
85392,3732.27,-5,-1,0,-5,-175.24,3002,0,156520
85442,3651.41,0,0,0,0,8.91,3002,0,156520
85492,3631.96,0,0,0,0,23.01,3003,0,156520
85542,3640.78,0,0,0,0,19.55,3003,0,156520
85592,3651.41,0,0,0,0,-6.21,3004,0,156520
85642,3631.96,0,0,0,0,18.56,3004,0,156520
85692,3622.31,0,0,0,0,8.77,3004,0,156520
85742,3602.31,0,0,0,0,24.39,3004,0,156520
85792,3640.78,0,0,0,0,-28.06,3004,0,156520
85842,3603.17,0,0,0,0,19.14,3004,0,156520
85892,3631.96,0,0,0,0,-20.98,3004,0,156520
85942,3613.59,0,0,0,0,17.49,3004,0,156520
85992,3626.69,0,0,0,0,-33.02,3004,0,156520
86042,3597.98,0,0,0,0,77.58,3005,0,156520
86092,3588.52,0,0,0,0,-5.14,3005,0,156520
86142,3575.69,0,0,0,0,31.82,3005,0,156520
86192,3579.10,0,0,0,0,-4.26,3005,0,156520
86242,3568.88,0,0,0,0,29.11,3005,0,156520
86292,3561.25,0,0,0,0,12.73,3005,0,156520
86342,3541.91,0,0,0,0,28.67,3005,0,156520
86392,3571.43,0,0,0,0,-30.35,3005,0,156520
86443,3568.88,0,0,0,0,20.50,3005,0,156520
86493,3607.50,0,0,0,0,-47.10,3005,0,156520
86543,3561.25,0,0,0,0,26.41,3005,0,156520
86593,3588.52,0,0,0,0,-19.64,3005,0,156520
86643,3597.98,0,0,0,0,-37.58,3005,0,156520
86694,3804.21,-1520,-3,0,-1518,-246.34,3019,0,158447
86744,3642.54,0,0,0,0,-68.56,3019,0,158447
86794,3557.87,0,0,0,0,400.95,3030,0,158905
86844,3690.04,0,-1,0,0,94.02,3037,0,158964
86894,3681.88,0,-1,0,0,-124.01,3049,0,159300
86944,3603.17,0,0,0,0,28.79,3049,0,159300
86994,3636.36,0,0,0,0,-43.55,3049,0,159300
87044,3650.52,0,0,0,0,-48.22,3049,0,159300
87094,3557.87,0,0,0,0,400.95,3059,0,159737
87144,3557.87,0,0,0,0,369.85,3067,0,160017
87194,3711.03,-1,-1,0,-1,-153.16,3080,0,160383
87244,3594.54,0,0,0,0,28.65,3080,0,160383
87294,3660.32,0,0,0,0,-47.61,3080,0,160383
87344,3612.72,0,0,0,0,19.24,3080,0,160383
87394,3660.32,0,0,0,0,-38.01,3080,0,160383
87444,3654.97,0,0,0,0,15.20,3081,0,160383
87494,3651.41,0,0,0,0,13.38,3082,0,160383
87544,3655.86,0,0,0,0,24.22,3083,0,160383
87595,3680.08,0,-1,0,0,-25.11,3085,0,160383
87645,3752.81,0,-2,0,0,-129.63,3087,0,160383
87695,3694.58,0,-1,0,0,-10.89,3090,0,160383
87745,3675.57,0,-1,0,0,28.13,3093,0,160383
87795,3670.17,0,-1,0,0,-28.51,3094,0,160383
87845,3646.09,0,0,0,0,33.99,3095,0,160383
87895,3651.41,0,0,0,0,-19.45,3095,0,160383
87945,3631.96,0,0,0,0,29.25,3095,0,160383
87995,3639.89,0,0,0,0,-27.18,3095,0,160383
88045,3616.20,0,0,0,0,24.58,3095,0,160383
88095,3631.96,0,0,0,0,-20.98,3095,0,160383
88145,3568.88,0,0,0,0,24.80,3095,0,160383
88195,3561.25,0,0,0,0,11.88,3095,0,160383
88245,3559.56,0,0,0,0,29.81,3095,0,160383
88295,3578.24,0,0,0,0,-8.52,3095,0,160383
88345,3561.25,0,0,0,0,16.99,3095,0,160383
88395,3578.24,0,0,0,0,-17.84,3095,0,160383
88445,3564.64,0,0,0,0,32.48,3095,0,160383
88495,3597.98,0,0,0,0,-27.41,3095,0,160383
88545,3550.30,0,0,0,0,38.22,3095,0,160383
88595,3589.38,0,0,0,0,-20.50,3095,0,160383
88645,3551.14,0,0,0,0,45.99,3095,0,160383
88695,3573.13,0,0,0,0,-41.23,3096,0,160383
88745,3550.30,0,0,0,0,20.28,3096,0,160383
88795,3588.52,0,0,0,0,-28.11,3096,0,160383
88845,3588.52,0,0,0,0,27.68,3096,0,160383
88895,3588.52,0,0,0,0,-5.14,3096,0,160383
88945,3531.90,0,1,0,0,29.35,3097,0,160383
88995,3571.43,0,0,0,0,-30.35,3097,0,160383
89046,3500.58,0,1,0,0,23.85,3099,0,160383
89096,3508.77,0,1,0,0,22.30,3101,0,160383
89146,3549.46,0,0,0,0,170.78,3107,0,160476
89196,3522.78,0,1,0,0,64.88,3109,0,160476
89246,3447.48,0,2,0,0,77.78,3112,0,160476
89296,3542.75,0,0,0,0,32.94,3112,0,160483
89346,3597.98,0,0,0,0,-35.04,3112,0,160483
89396,3568.88,0,0,0,0,20.50,3112,0,160483
89446,3634.60,0,0,0,0,-49.52,3112,0,160483
89496,3603.17,0,0,0,0,23.52,3112,0,160483
89546,3660.32,0,0,0,0,-47.61,3112,0,160483
89596,3631.96,0,0,0,0,29.25,3112,0,160483
89646,3680.98,0,-1,0,0,-40.20,3113,0,160483
89696,3654.97,0,0,0,0,35.07,3114,0,160483
89746,3710.12,0,-1,0,0,-44.43,3116,0,160483
89796,3679.18,0,-1,0,0,54.95,3119,0,160483
89846,3879.98,-2992,-4,0,-2989,-322.95,3131,0,163742
89896,3530.24,0,1,0,0,273.00,3135,0,165230
89946,3798.43,-10,-2,0,-10,-266.53,3141,0,167386
89996,3591.95,0,0,0,0,17.29,3141,0,167386
90046,3503.04,0,1,0,0,29.70,3143,0,167386
90096,3473.83,0,1,0,0,32.48,3145,0,167386
90146,3354.20,0,3,0,0,365.11,3154,0,167488
90196,3429.36,0,2,0,0,40.46,3157,0,167488
90246,3437.21,0,2,0,0,-33.54,3163,0,167488
90296,3361.72,0,3,0,0,15.90,3171,0,167488
90346,3410.64,0,2,0,0,-49.67,3179,0,167488
90396,3428.57,0,2,0,0,-50.19,3184,0,167488
90446,3552.82,0,0,0,0,-50.60,3192,0,167604
90496,3436.43,0,2,0,0,-42.76,3199,0,167604
90546,3433.28,0,2,0,0,30.12,3205,0,167604
90596,3498.95,0,1,0,0,-57.00,3210,0,167604
90646,3473.03,0,1,0,0,39.03,3214,0,167604
90696,3554.50,0,0,0,0,-39.98,3215,0,167604
90746,3542.75,0,0,0,0,29.53,3216,0,167604
90796,3608.37,0,0,0,0,-37.79,3216,0,167604
90846,3603.17,0,0,0,0,23.52,3216,0,167604
90896,3670.17,0,-1,0,0,-58.33,3217,0,167604
90946,3641.66,0,0,0,0,8.86,3217,0,167604
90996,3700.05,0,-1,0,0,-49.53,3218,0,167604
91046,3684.60,0,-1,0,0,25.52,3220,0,167604
91096,3704.62,0,-1,0,0,0.00,3223,0,167604
91146,3684.60,0,-1,0,0,31.03,3226,0,167604
91196,3723.93,0,-1,0,0,-29.35,3229,0,167604
91246,3709.20,0,-1,0,0,26.79,3233,0,167604
91296,3723.93,0,-1,0,0,-16.57,3236,0,167604
91346,3690.04,0,-1,0,0,45.02,3240,0,167604
91396,3671.07,0,-1,0,0,-6.28,3242,0,167604
91446,3654.97,0,0,0,0,15.20,3243,0,167604
91496,3684.60,0,-1,0,0,-17.12,3246,0,167604
91546,3650.52,0,0,0,0,91.99,3248,0,167604
91596,3529.41,0,1,0,0,315.76,3254,0,170762
91646,3557.03,0,0,0,0,437.64,3261,0,170969
91696,3695.49,0,-1,0,0,84.75,3268,0,171050
91746,3566.33,0,0,0,0,194.01,3270,0,171056
91796,3590.23,0,0,0,0,54.97,3271,0,171060
91846,3541.08,0,0,0,0,36.31,3271,0,171060
91896,3552.82,0,0,0,0,-10.91,3271,0,171060
91947,3542.75,0,0,0,0,27.83,3272,0,171060
91997,3597.98,0,0,0,0,-46.01,3272,0,171060
92047,3534.40,0,0,0,0,17.58,3272,0,171060
92097,3621.44,0,0,0,0,-105.26,3273,0,171060
92147,3573.98,0,0,0,0,33.52,3273,0,171060
92197,3597.98,0,0,0,0,-24.00,3273,0,171060
92247,3569.73,0,0,0,0,27.39,3273,0,171060
92297,3607.50,0,0,0,0,-37.77,3273,0,171060
92347,3532.74,0,1,0,0,19.24,3274,0,171060
92397,3517.00,0,1,0,0,7.44,3276,0,171060
92447,3505.49,0,1,0,0,30.58,3278,0,171060
92497,3563.79,0,0,0,0,-53.38,3279,0,171060
92547,3532.74,0,1,0,0,40.39,3281,0,171060
92597,3553.66,0,0,0,0,-53.08,3283,0,171060
92647,3498.95,0,1,0,0,28.80,3286,0,171060
92697,3562.95,0,0,0,0,-38.51,3287,0,171060
92747,3542.75,0,0,0,0,35.50,3287,0,171060
92797,3560.41,0,0,0,0,31.55,3287,0,171060
92847,3557.87,0,0,0,0,404.09,3297,0,171472
92897,3564.64,0,0,0,0,180.68,3300,0,171480
92947,3613.59,0,0,0,0,51.21,3301,0,171483
92997,3603.17,0,0,0,0,86.87,3302,0,171485
93047,3636.36,0,0,0,0,97.77,3305,0,171493
93097,3530.24,0,1,0,0,282.67,3311,0,173904
93147,3529.41,0,1,0,0,346.56,3318,0,177694
93197,3551.14,0,0,0,0,13.50,3318,0,177694
93247,3570.58,0,0,0,0,-17.76,3318,0,177694
93297,3535.23,0,0,0,0,39.60,3318,0,177694
93347,3519.47,0,1,0,0,-29.48,3321,0,177694
93398,3516.17,0,1,0,0,19.06,3323,0,177694
93448,3563.79,0,0,0,0,-40.18,3324,0,177694
93498,3492.43,0,1,0,0,15.52,3327,0,177694
93548,3507.95,0,1,0,0,0.82,3330,0,177694
93598,3473.03,0,1,0,0,36.57,3333,0,177694
93648,3517.82,0,1,0,0,-35.93,3336,0,177694
93698,3512.06,0,1,0,0,14.86,3339,0,177694
93748,3573.98,0,0,0,0,-51.20,3340,0,177694
93798,3559.56,0,0,0,0,29.81,3340,0,177694
93848,3597.98,0,0,0,0,-38.42,3340,0,177694
93898,3574.83,0,0,0,0,32.67,3340,0,177694
93948,3635.48,0,0,0,0,-40.95,3340,0,177694
93998,3629.32,0,0,0,0,-25.29,3340,0,177694
94049,3836.32,-1878,-3,0,-1876,-277.60,3353,0,179972
94099,3630.20,0,0,0,0,90.96,3354,0,179972
94149,3639.01,0,0,0,0,-35.84,3354,0,179972
94199,3612.72,0,0,0,0,37.81,3354,0,179972
94249,3617.94,0,0,0,0,-33.72,3354,0,179972
94299,3603.17,0,0,0,0,33.19,3354,0,179972
94349,3640.78,0,0,0,0,-28.93,3354,0,179972
94399,3594.54,0,0,0,0,27.78,3354,0,179972
94449,3631.96,0,0,0,0,-19.24,3354,0,179972
94499,3615.33,0,0,0,0,34.31,3354,0,179972
94550,3622.31,0,0,0,0,-18.28,3354,0,179972
94600,3612.72,0,0,0,0,23.65,3354,0,179972
94650,3603.17,0,0,0,0,7.81,3354,0,179972
94700,3603.17,0,0,0,0,21.77,3354,0,179972
94750,3631.08,0,0,0,0,-8.77,3354,0,179972
94800,3613.59,0,0,0,0,27.19,3354,0,179972
94850,3602.31,0,0,0,0,20.01,3354,0,179972
94900,3587.66,0,0,0,0,29.41,3354,0,179972
94950,3617.07,0,0,0,0,-23.40,3354,0,179972
95000,3601.44,0,0,0,0,-26.18,3354,0,179972
95050,3641.66,0,0,0,0,-19.35,3354,0,179972
95100,3593.67,0,0,0,0,26.89,3354,0,179972
95150,3630.20,0,0,0,0,-27.03,3354,0,179972
95200,3541.08,0,0,0,0,29.50,3354,0,179972
95250,3608.37,0,0,0,0,-30.98,3354,0,179972
95300,3587.66,0,0,0,0,29.41,3354,0,179972
95350,3631.08,0,0,0,0,-28.78,3354,0,179972
95400,3592.81,0,0,0,0,9.49,3354,0,179972
95450,3626.69,0,0,0,0,-44.18,3354,0,179972
95500,3542.75,0,0,0,0,26.13,3354,0,179972
95550,3607.50,0,0,0,0,-44.56,3354,0,179972
95600,3583.37,0,0,0,0,33.70,3354,0,179972
95650,3598.85,0,0,0,0,24.54,3354,0,179972
95700,3524.44,0,1,0,0,72.69,3355,0,179972
95750,3547.78,0,0,0,0,58.86,3355,0,179972
95800,3557.87,0,0,0,0,403.04,3366,0,180389
95850,3558.72,0,0,0,0,367.98,3374,0,180668
95900,3557.03,0,0,0,0,454.74,3383,0,180949
95951,3868.97,-2744,-4,0,-2741,-310.25,3396,0,184024
96001,3616.20,0,0,0,0,94.83,3397,0,184024
96051,3670.17,0,-1,0,0,-28.51,3398,0,184024
96101,3610.98,0,0,0,0,10.46,3398,0,184024
96151,3670.17,0,-1,0,0,-47.86,3399,0,184024
96201,3635.48,0,0,0,0,34.69,3400,0,184024
96251,3626.69,0,0,0,0,-33.02,3400,0,184024
96301,3612.72,0,0,0,0,33.37,3400,0,184024
96351,3636.36,0,0,0,0,-43.55,3400,0,184024
96401,3622.31,0,0,0,0,28.21,3400,0,184024
96451,3612.72,0,0,0,0,8.72,3400,0,184024
96501,3593.67,0,0,0,0,32.14,3400,0,184024
96551,3650.52,0,0,0,0,-37.81,3400,0,184024
96601,3646.09,0,0,0,0,24.09,3401,0,184024
96651,3650.52,0,0,0,0,5.34,3402,0,184024
96701,3622.31,0,0,0,0,38.90,3402,0,184024
96751,3651.41,0,0,0,0,-20.33,3402,0,184024
96801,3601.44,0,0,0,0,18.37,3402,0,184024
96851,3631.08,0,0,0,0,-27.91,3402,0,184024
96901,3603.17,0,0,0,0,19.14,3402,0,184024
96951,3636.36,0,0,0,0,-43.55,3402,0,184024
97001,3620.56,0,0,0,0,20.21,3402,0,184024
97051,3612.72,0,0,0,0,19.24,3402,0,184024
97101,3612.72,0,0,0,0,28.06,3402,0,184024
97152,3630.20,0,0,0,0,-27.03,3402,0,184024
97202,3612.72,0,0,0,0,28.94,3402,0,184024
97252,3617.94,0,0,0,0,-43.11,3402,0,184024
97302,3594.54,0,0,0,0,22.54,3402,0,184024
97352,3618.82,0,0,0,0,103.27,3404,0,184033
97402,3594.54,0,0,0,0,27.78,3404,0,184033
97452,3579.10,0,0,0,0,-27.12,3404,0,184033
97502,3568.88,0,0,0,0,20.50,3404,0,184033
97552,3569.73,0,0,0,0,4.25,3404,0,184033
97602,3550.30,0,0,0,0,29.66,3404,0,184033
97652,3551.98,0,0,0,0,6.74,3404,0,184033
97702,3550.30,0,0,0,0,20.28,3404,0,184033
97752,3574.83,0,0,0,0,27.47,3405,0,184033
97802,3559.56,0,0,0,0,11.02,3405,0,184033
97852,3598.85,0,0,0,0,24.67,3405,0,184033
97902,3560.41,0,0,0,0,18.69,3405,0,184033
97952,3579.95,0,0,0,0,-38.88,3405,0,184033
98002,3551.98,0,0,0,0,37.40,3405,0,184033
98052,3551.14,0,0,0,0,41.68,3405,0,184033
98102,3545.26,0,0,0,0,112.38,3408,0,184043
98152,3570.58,0,0,0,0,-30.34,3409,0,184043
98202,3554.50,0,0,0,0,-54.74,3411,0,184043
98252,3473.03,0,1,0,0,26.74,3414,0,184043
98302,3544.42,0,0,0,0,-44.66,3416,0,184043
98352,3523.61,0,1,0,0,30.05,3418,0,184043
98402,3554.50,0,0,0,0,-36.68,3420,0,184043
98452,3524.44,0,1,0,0,29.22,3422,0,184043
98502,3579.95,0,0,0,0,-37.20,3422,0,184043
98552,3560.41,0,0,0,0,31.55,3422,0,184043
98603,3568.88,0,0,0,0,1.70,3422,0,184043
98653,3561.25,0,0,0,0,26.41,3422,0,184043
98703,3598.85,0,0,0,0,25.76,3422,0,184043
98753,3565.49,0,0,0,0,42.02,3422,0,184043
98803,3597.98,0,0,0,0,-46.85,3422,0,184043
98853,3574.83,0,0,0,0,32.67,3422,0,184043
98903,3626.69,0,0,0,0,-33.88,3422,0,184043
98953,3612.72,0,0,0,0,31.60,3422,0,184043
99003,3650.52,0,0,0,0,-37.81,3422,0,184043
99053,3631.96,0,0,0,0,29.25,3422,0,184043
99103,3636.36,0,0,0,0,-42.69,3422,0,184043
99153,3622.31,0,0,0,0,29.10,3422,0,184043
99203,3650.52,0,0,0,0,-37.81,3422,0,184043
99253,3559.56,0,0,0,0,34.11,3422,0,184043
99303,3481.89,0,1,0,0,24.42,3424,0,184043
99354,3386.77,2,3,0,0,37.11,3431,0,184043
99404,3327.42,0,4,0,7,43.37,3438,0,184050
99454,3258.74,0,5,0,5,16.37,3451,0,184071
99504,3161.89,11,6,0,8,29.60,3468,0,184099
99554,3099.17,3,7,0,11,33.66,3482,0,184119
99604,3027.86,43,8,0,41,136.70,3505,0,184269
99654,3007.22,0,8,0,-19,-69.50,3522,0,184315
99704,2864.78,8,11,0,0,1.09,3554,0,184355
99755,2809.51,22,11,0,22,78.43,3575,0,184383
99805,2866.42,-25,11,0,-54,-189.29,3599,0,184471
99855,2677.14,27,13,0,15,58.59,3637,0,184551
99905,2618.26,0,14,0,-14,-54.59,3666,0,184594
99955,2561.04,26,15,0,20,77.95,3695,0,184619
100005,2509.20,0,16,0,-12,-48.97,3728,0,184655
100055,2447.38,19,17,0,13,54.70,3761,0,184669
100105,2410.03,0,17,0,-12,-50.79,3796,0,184701
100155,2322.34,18,19,0,9,42.47,3833,0,184720
100205,2231.15,23,20,0,9,43.65,3872,0,184740
100255,2250.22,22,20,0,5,24.92,3911,0,184755
100305,2175.49,11,21,0,16,74.74,3932,0,184771
100355,2139.19,0,21,0,-2,-13.64,3975,0,184784
100405,2065.55,27,23,0,16,75.78,4019,0,184800
100455,2033.07,24,23,0,1,7.75,4065,0,184806
100505,2006.15,28,23,0,5,26.92,4088,0,184811
100555,1954.40,24,24,0,0,4.85,4136,0,184820
100605,1901.38,34,25,0,9,53.02,4161,0,184829
100655,1899.70,16,25,0,-9,-46.93,4212,0,184846
100705,1844.11,36,26,0,10,55.59,4238,0,184856
100755,1884.42,0,25,0,-32,-174.05,4291,0,184910
100805,1741.15,52,27,0,25,143.27,4318,0,184935
100855,1688.43,35,28,0,7,46.28,4373,0,184943
100905,1682.37,29,28,0,1,6.06,4401,0,184944
100955,1629.20,29,29,0,0,2.30,4459,0,184952
101005,1576.46,38,30,0,8,52.74,4489,0,184960
101055,1574.47,30,30,0,0,1.99,4519,0,184960
101105,1520.22,39,31,0,8,54.25,4550,0,184968
101155,1466.56,39,32,0,7,53.81,4613,0,184975
101206,1465.27,32,32,0,0,1.29,4645,0,184975
101256,1409.24,39,32,0,7,56.03,4677,0,184982
101306,1411.10,31,32,0,0,-1.86,4709,0,184982
101356,1353.30,40,33,0,7,57.80,4742,0,184989
101406,1354.04,33,33,0,0,-0.73,4775,0,184989
101456,1296.01,41,34,0,7,58.03,4809,0,184996
101506,1255.34,40,35,0,5,40.67,4844,0,185001
101556,1299.04,24,34,0,-10,-76.84,4913,0,185014
101606,1178.78,50,36,0,14,120.26,4949,0,185028
101656,1181.75,36,36,0,0,-2.97,4985,0,185028
101706,1181.75,36,36,0,0,-2.97,4985,0,185028
101756,1118.48,44,37,0,7,63.27,5022,0,185035
101806,1121.66,37,37,0,0,-3.18,5059,0,185035
101856,1063.30,44,38,0,6,58.36,5097,0,185041
101906,1058.72,38,38,0,0,4.58,5135,0,185041
101956,1000.53,43,38,0,5,58.19,5173,0,185046
102006,991.15,39,39,0,0,9.39,5212,0,185046
102056,991.15,39,39,0,0,9.39,5212,0,185046
102106,921.21,46,40,0,6,69.94,5252,0,185052
102156,925.13,40,40,0,0,-3.92,5292,0,185052
102206,856.90,46,41,0,5,68.23,5333,0,185057
102256,856.90,46,41,0,5,68.23,5333,0,185057
102306,853.97,41,41,0,0,2.93,5374,0,185057
102356,785.38,47,42,0,5,68.59,5416,0,185062
102406,785.38,47,42,0,5,68.59,5416,0,185062
102456,778.33,42,42,0,0,7.05,5458,0,185062
102506,714.05,47,43,0,4,64.28,5501,0,185066
102556,714.05,47,43,0,4,64.28,5501,0,185066
102606,691.72,44,43,0,1,22.33,5544,0,185067
102656,691.72,44,43,0,1,22.33,5544,0,185067
102706,619.66,48,44,0,4,72.07,5588,0,185071
102756,619.66,48,44,0,4,72.07,5588,0,185071
102806,594.11,46,45,0,1,25.55,5633,0,185072
102856,594.11,46,45,0,1,25.55,5633,0,185072
102906,594.11,46,45,0,1,25.55,5633,0,185072
102956,505.46,50,46,0,4,88.65,5679,0,185076
103006,505.46,50,46,0,4,88.65,5679,0,185076
103056,480.91,47,46,0,1,24.55,5725,0,185077
103106,480.91,47,46,0,1,24.55,5725,0,185077
103156,480.91,47,46,0,1,24.55,5725,0,185077
103206,371.43,52,48,0,4,109.48,5773,0,185081
103256,371.43,52,48,0,4,109.48,5773,0,185081
103306,371.43,52,48,0,4,109.48,5773,0,185081
103356,371.43,52,48,0,4,109.48,5773,0,185081
103406,303.88,51,49,0,2,67.55,5822,0,185083
103456,303.88,51,49,0,2,67.55,5822,0,185083
103506,303.88,51,49,0,2,67.55,5822,0,185083
103556,303.88,51,49,0,2,67.55,5822,0,185083
104415,58.70,-51,49,0,2,67.55,5822,0,185083
104465,58.70,-51,49,0,2,67.55,5822,0,185083
104515,58.70,-51,49,0,2,67.55,5822,0,185083
104565,58.70,-51,49,0,2,67.55,5822,0,185083
104615,58.70,-51,49,0,2,67.55,5822,0,185083
104665,58.70,-51,49,0,2,67.55,5822,0,185083
104715,58.70,-51,49,0,2,67.55,5822,0,185083
104765,58.70,-51,49,0,2,67.55,5822,0,185083
104815,58.70,-51,49,0,2,67.55,5822,0,185083
104865,58.70,-51,49,0,2,67.55,5822,0,185083
104915,58.70,-51,49,0,2,67.55,5822,0,185083
104965,58.70,-51,49,0,2,67.55,5822,0,185083
105015,58.70,-51,49,0,2,67.55,5822,0,185083
105065,58.70,-51,49,0,2,67.55,5822,0,185083
105115,58.70,-51,49,0,2,67.55,5822,0,185083
105165,58.70,-51,49,0,2,67.55,5822,0,185083
105216,58.70,-51,49,0,2,67.55,5822,0,185083
105266,58.70,-51,49,0,2,67.55,5822,0,185083
105316,58.70,-51,49,0,2,67.55,5822,0,185083
105366,58.70,-51,49,0,2,67.55,5822,0,185083
105416,58.70,-51,49,0,2,67.55,5822,0,185083
105466,58.70,-51,49,0,2,67.55,5822,0,185083
105516,58.70,-51,49,0,2,67.55,5822,0,185083
105566,58.70,-51,49,0,2,67.55,5822,0,185083
105616,58.70,-51,49,0,2,67.55,5822,0,185083
105666,58.70,-51,49,0,2,67.55,5822,0,185083
105716,58.70,-51,49,0,2,67.55,5822,0,185083
105766,58.70,-51,49,0,2,67.55,5822,0,185083
105816,58.70,-51,49,0,2,67.55,5822,0,185083
105866,58.70,-51,49,0,2,67.55,5822,0,185083
105916,58.70,-51,49,0,2,67.55,5822,0,185083
105966,58.70,-51,49,0,2,67.55,5822,0,185083
106016,58.70,-51,49,0,2,67.55,5822,0,185083
106066,58.70,-51,49,0,2,67.55,5822,0,185083
106116,58.70,-51,49,0,2,67.55,5822,0,185083
106166,58.70,-51,49,0,2,67.55,5822,0,185083
