------ Microcontroller Engine Governor - Version: 1.16 ------
-------------------------------------------------------------
PID Gains:        Kp: 0.015000   Ki: 0.000000   Kd: 6.000000
-------------------------------------------------------------
Set RPM:             3600    |  Min RPM:                300
                             |
RPM Precision        2       |  PID I Precision:         72
                             |
Start Steps:         850     |  Max Steps:               1200
                             |
RPM Calc Interval:   1       |  Num Magnets:             1
                             |
LCD Update Interval: 400     |  Serial Update Interval:  50
-------------------------------------------------------------

Time,RPM,Steps Remaining, PID p, PID i, PID d, RPM Change
1560,0.00,0,0,0,0,0.00
1610,0.00,0,0,0,0,0.00
1660,0.00,0,0,0,0,0.00
1710,0.00,0,0,0,0,0.00
1760,0.00,0,0,0,0,0.00
1810,0.00,0,0,0,0,0.00
1860,0.00,0,0,0,0,0.00
1910,0.00,0,0,0,0,0.00
1960,0.00,0,0,0,0,0.00
2010,0.00,0,0,0,0,0.00
2060,0.00,0,0,0,0,0.00
2110,0.00,0,0,0,0,0.00
2160,0.00,0,0,0,0,0.00
2210,0.00,0,0,0,0,0.00
2260,0.00,0,0,0,0,0.00
2310,0.00,0,0,0,0,0.00
2360,0.00,0,0,0,0,0.00
2410,inf,0,0,0,0,inf
2460,inf,0,0,0,0,inf
2510,inf,0,0,0,0,inf
2560,477.92,15,46,0,0,inf
2610,477.92,0,46,0,0,inf
2660,623.75,0,44,0,-9,-145.83
2710,1046.61,0,38,0,-44,-422.86
2760,1043.33,18,38,0,0,3.28
2810,1400.69,0,32,0,-49,-357.36
2860,1399.65,0,33,0,0,1.05
2910,1597.44,21,30,0,-1,-9.13
2960,1833.74,0,26,0,-44,-236.30
3010,2036.66,-2,23,0,-39,-195.04
3060,2203.61,-8,20,0,-35,-159.46
3110,2344.85,-9,18,0,-31,-131.81
3160,2462.65,-9,17,0,-29,-117.07
3210,2585.32,-16,15,0,-37,-143.11
3260,2618.71,0,14,0,-20,-78.93
3310,2753.81,0,12,0,-4,-15.08
3360,2844.14,11,11,0,2,7.57
3410,2920.56,4,10,0,5,17.16
3460,2982.11,0,9,0,7,24.51
3510,3186.74,0,6,0,-10,-34.82
3560,3192.17,8,6,0,7,22.58
3610,3085.78,42,7,0,52,175.08
3660,3491.62,0,1,0,0,47.79
3710,3351.21,0,3,0,0,62.54
3760,3510.41,0,1,0,0,-56.58
3810,3516.17,0,1,0,0,1.65
3860,3592.81,0,0,0,0,-45.88
3910,3582.52,0,0,0,0,11.16
3960,3665.69,0,0,0,0,-47.74
4011,3656.75,0,0,0,0,29.66
4061,3692.76,0,-1,0,0,-18.99
4111,3693.67,0,-1,0,0,21.04
4161,3744.38,0,-2,0,0,-36.10
4211,3750.00,0,-2,0,0,13.17
4261,3801.32,0,-3,0,0,-42.86
4311,3801.32,-1,-3,0,0,-22.98
4361,3795.55,0,-2,0,0,16.40
4411,3831.42,0,-3,0,0,-24.31
4461,3765.06,0,-2,0,0,35.29
4511,3789.79,0,-2,0,0,-19.05
4561,3768.84,0,-2,0,0,21.91
4611,3801.32,0,-3,0,0,-16.31
4661,3955.70,-152,-5,0,-149,-397.82
4711,3557.87,0,0,0,0,363.69
4761,3833.38,0,-3,0,0,-273.81
4811,3602.31,0,0,0,0,14.77
4861,3573.98,0,0,0,0,24.00
4911,3490.81,0,1,0,0,28.67
4961,3426.22,1,2,0,0,6.27
5011,3380.66,0,3,0,0,5.34
5061,3350.46,0,3,0,0,37.84
5111,3165.89,43,6,0,44,142.44
5161,3341.50,-51,3,0,-57,-164.21
5212,3175.28,66,6,0,74,223.00
5262,3166.56,9,6,0,14,45.43
5312,3340.01,-42,3,0,-51,-163.39
5362,3362.47,-21,3,0,-26,-21.72
5412,3340.76,-22,3,0,-41,-123.94
5462,3362.47,-15,3,0,-28,-23.21
5512,3387.53,-21,3,0,-31,-36.33
5562,3360.97,-16,3,0,-21,-19.47
5612,3349.71,0,3,0,14,46.26
5662,3503.85,0,1,0,0,28.05
5712,3420.75,0,2,0,0,16.46
5762,3487.56,0,1,0,0,-55.85
5812,3449.07,0,2,0,0,17.54
5862,3516.17,0,1,0,0,-43.95
5912,3489.18,0,1,0,0,26.99
5962,3572.28,0,0,0,0,-44.53
6012,3554.50,0,0,0,0,29.73
6062,3617.07,0,0,0,0,9.62
6112,3616.20,0,0,0,0,34.32
6162,3655.86,0,0,0,0,-48.36
6212,3644.31,0,0,0,0,40.28
6262,3704.62,0,-1,0,0,-40.72
6312,3682.79,0,-1,0,0,30.08
6362,3744.38,0,-2,0,0,-41.59
6412,3718.39,0,-1,0,0,34.42
6462,3753.75,0,-2,0,0,-21.48
6512,3737.85,0,-2,0,0,37.63
6562,3734.13,0,-2,0,0,-36.82
6612,3708.28,0,-1,0,0,34.23
6662,3674.67,0,-1,0,0,21.73
6712,3644.31,0,0,0,0,33.06
6762,3672.87,0,-1,0,0,41.84
6812,3557.87,0,0,0,0,303.13
6862,3700.96,0,-1,0,0,-133.78
6912,3574.83,0,0,0,0,20.56
6962,3501.40,0,1,0,0,89.69
7012,3481.09,0,1,0,0,26.05
7062,3462.60,0,2,0,0,27.39
7112,3449.07,0,2,0,0,11.94
7162,3475.44,0,1,0,0,-20.81
7212,3463.40,0,2,0,0,29.84
7262,3494.06,0,1,0,0,-12.97
7312,3453.83,0,2,0,0,21.61
7362,3462.60,0,2,0,0,21.72
7412,3716.55,0,-1,0,0,-198.73
7462,3527.75,0,1,0,0,17.51
7512,3584.23,0,0,0,0,-48.16
7562,3588.52,0,0,0,0,14.65
7612,3617.07,0,0,0,0,-10.44
7662,3620.56,0,0,0,0,8.76
7712,3674.67,0,-1,0,0,-47.10
7762,3663.90,0,0,0,0,30.68
7812,3712.87,0,-1,0,0,-29.18
7862,3732.27,0,-1,0,0,-22.16
7912,3710.12,0,-1,0,0,32.40
7962,3752.81,0,-2,0,0,-34.42
8012,3683.69,0,-1,0,0,19.10
8062,3724.86,0,-1,0,0,-31.19
8112,3699.14,0,-1,0,0,34.99
8162,3712.87,0,-1,0,0,-30.08
8212,3672.87,0,-1,0,0,29.92
8262,3675.57,0,-1,0,0,-12.57
8312,3646.09,0,0,0,0,18.71
8363,3646.09,0,0,0,0,-39.45
8413,3606.64,0,0,0,0,20.06
8463,3655.86,0,0,0,0,-37.92
8513,3617.94,0,0,0,0,16.66
8563,3626.69,0,0,0,0,-18.32
8613,3617.94,0,0,0,0,27.26
8663,3593.67,0,0,0,0,-28.19
8713,3568.03,0,0,0,0,35.14
8763,3564.64,0,0,0,0,14.46
8813,3556.19,0,0,0,0,19.50
8863,3574.83,0,0,0,0,-37.93
8913,3546.10,0,0,0,0,10.93
8963,3529.41,0,1,0,0,16.69
9013,3537.74,0,0,0,0,15.08
9063,3564.64,0,0,0,0,-17.70
9113,3556.19,0,0,0,0,17.79
9163,3565.49,0,0,0,0,-28.58
9213,3546.10,0,0,0,0,28.73
9263,3497.32,0,1,0,0,9.81
9313,3528.58,0,1,0,0,16.68
9363,3546.94,0,0,0,0,-10.04
9413,3536.90,0,0,0,0,37.93
9463,3537.74,0,0,0,0,27.75
9513,3630.20,0,0,0,0,104.86
9563,3532.74,0,1,0,0,93.08
9613,3585.09,0,0,0,0,-39.82
9663,3578.24,0,0,0,0,24.93
9713,3615.33,0,0,0,0,16.63
9763,3606.64,0,0,0,0,24.45
9814,3636.36,0,0,0,0,-28.86
9864,3626.69,0,0,0,0,26.50
9914,3646.09,0,0,0,0,1.77
9964,3636.36,0,0,0,0,25.75
10014,3663.90,0,0,0,0,20.70
10064,3712.87,0,-1,0,0,-40.00
10114,3682.79,0,-1,0,0,20.00
10164,3701.88,0,-1,0,0,-8.20
10214,3645.20,0,0,0,0,18.70
10264,3694.58,0,-1,0,0,-48.49
10314,3654.08,0,0,0,0,30.52
10364,3654.97,0,0,0,0,-38.77
10414,3582.52,0,0,0,0,15.47
10464,3626.69,0,0,0,0,-18.32
10514,3589.38,0,0,0,0,27.70
10564,3612.72,0,0,0,0,-32.76
10614,3589.38,0,0,0,0,32.06
10664,3610.98,0,0,0,0,-12.99
10714,3579.10,0,0,0,0,23.21
10764,3611.85,0,0,0,0,-22.47
10814,3554.50,0,0,0,0,21.18
10864,3610.98,0,0,0,0,-41.25
10914,3578.24,0,0,0,0,24.93
10964,3603.17,0,0,0,0,-30.04
11014,3584.23,0,0,0,0,17.21
11064,3593.67,0,0,0,0,-5.16
11114,3555.34,0,0,0,0,10.14
11164,3582.52,0,0,0,0,-17.03
11214,3569.73,0,0,0,0,31.71
11264,3520.30,0,1,0,0,32.52
11314,3579.95,0,0,0,0,251.47
11364,3582.52,0,0,0,0,202.49
11414,3620.56,0,0,0,0,174.98
11464,3557.87,0,0,0,0,314.09
11514,3739.72,-1,-2,0,0,-180.15
11564,3675.57,0,-1,0,0,-39.21
11614,3626.69,0,0,0,0,29.17
11664,3675.57,0,-1,0,0,-38.32
11714,3646.09,0,0,0,0,13.34
11764,3665.69,0,0,0,0,-11.61
11814,3654.08,0,0,0,0,30.52
11864,3684.60,0,-1,0,0,-38.51
11914,3663.90,0,0,0,0,30.68
11964,3682.79,0,-1,0,0,-9.02
12014,3672.87,0,-1,0,0,26.27
12064,3663.90,0,0,0,0,20.70
12114,3651.41,0,0,0,0,-17.69
12164,3640.78,0,0,0,0,-43.65
12214,3608.37,0,0,0,0,17.44
12264,3626.69,0,0,0,0,-19.19
12314,3589.38,0,0,0,0,22.47
12364,3584.23,0,0,0,0,5.15
12414,3536.90,0,0,0,0,19.29
12464,3593.67,0,0,0,0,-39.17
12514,3521.95,0,1,0,0,25.82
12564,3568.03,0,0,0,0,-39.45
12614,3556.19,0,0,0,0,35.77
12664,3562.95,0,0,0,0,-43.47
12715,3536.90,0,0,0,0,20.13
12765,3557.03,0,0,0,0,-20.13
12815,3513.70,0,1,0,0,17.37
12865,3572.28,0,0,0,0,-44.53
12915,3534.40,0,0,0,0,5.84
12965,3560.41,0,0,0,0,171.86
13015,3587.66,0,0,0,0,39.91
13065,3574.83,0,0,0,0,17.12
13115,3603.17,0,0,0,0,-56.23
13165,3588.52,0,0,0,0,23.33
13215,3652.30,0,0,0,0,-53.45
13265,3635.48,0,0,0,0,30.21
13315,3668.38,0,-1,0,0,-6.27
13365,3649.63,0,0,0,0,17.85
13415,3692.76,0,-1,0,0,31.17
13465,3812.91,-2,-3,0,0,-253.35
13515,3682.79,0,-1,0,0,16.35
13565,3655.86,0,0,0,0,7.14
13615,3617.07,0,0,0,0,19.29
13665,3598.85,0,0,0,0,29.16
13715,3600.58,0,0,0,0,-35.46
13765,3644.31,0,0,0,0,-36.81
13815,3563.79,0,0,0,0,25.58
13865,3619.69,0,0,0,0,-31.17
13915,3607.50,0,0,0,0,23.58
13965,3601.44,0,0,0,0,11.90
14015,3587.66,0,0,0,0,24.19
14065,3612.72,0,0,0,0,-28.49
14115,3577.39,0,0,0,0,15.42
14166,3621.44,0,0,0,0,-33.78
14216,3538.57,0,0,0,0,34.56
14266,3544.42,0,0,0,0,-55.24
14316,3570.58,0,0,0,0,-47.80
14366,3537.74,0,0,0,0,217.90
14416,3587.66,0,0,0,0,29.41
14466,3518.65,0,1,0,0,31.65
14516,3584.23,0,0,0,0,-38.13
14566,3579.10,0,0,0,0,33.62
14616,3584.23,0,0,0,0,4.29
14666,3578.24,0,0,0,0,24.93
14716,3639.89,0,0,0,0,-41.91
14766,3617.07,0,0,0,0,19.29
14816,3654.97,0,0,0,0,-27.40
14866,3644.31,0,0,0,0,30.35
14916,3654.97,0,0,0,0,-14.19
14966,3637.25,0,0,0,0,17.73
15016,3685.50,0,-1,0,0,-49.14
15066,3620.56,0,0,0,0,113.57
15116,3603.17,0,0,0,0,-23.22
15166,3565.49,0,0,0,0,24.75
15216,3612.72,0,0,0,0,-25.92
15266,3579.10,0,0,0,0,27.54
15316,3621.44,0,0,0,0,-39.78
15366,3589.38,0,0,0,0,33.81
15416,3621.44,0,0,0,0,-22.59
15466,3607.50,0,0,0,0,19.19
15516,3611.85,0,0,0,0,-24.19
15566,3579.95,0,0,0,0,30.16
15616,3631.96,0,0,0,0,-44.30
15666,3616.20,0,0,0,0,29.00
15716,3617.07,0,0,0,0,0.87
15766,3589.38,0,0,0,0,64.70
15816,3591.95,0,0,0,0,-35.77
15866,3573.13,0,0,0,0,20.54
15916,3622.31,0,0,0,0,-32.94
15966,3564.64,0,0,0,0,29.04
16016,3584.23,0,0,0,0,-36.45
16066,3578.24,0,0,0,0,24.93
16116,3583.37,0,0,0,0,-37.27
16166,3560.41,0,0,0,0,64.53
16216,3612.72,0,0,0,0,-39.59
16266,3573.98,0,0,0,0,9.39
16316,3574.83,0,0,0,0,3.41
16366,3563.79,0,0,0,0,29.88
16416,3556.19,0,0,0,0,7.60
16466,3555.34,0,0,0,0,19.49
16516,3593.67,0,0,0,0,-19.69
16566,3556.19,0,0,0,0,29.76
16616,3603.17,0,0,0,0,-37.68
16666,3587.66,0,0,0,0,15.51
16716,3593.67,0,0,0,0,-38.33
16766,3589.38,0,0,0,0,31.19
16816,3626.69,0,0,0,0,-20.06
16866,3608.37,0,0,0,0,27.11
16916,3610.98,0,0,0,0,-44.64
16966,3596.26,0,0,0,0,77.51
17016,3601.44,0,0,0,0,29.27
17067,3578.24,0,0,0,0,34.47
17117,3584.23,0,0,0,0,-20.44
17167,3577.39,0,0,0,0,24.05
17217,3565.49,0,0,0,0,13.61
17267,3573.13,0,0,0,0,20.54
17317,3631.08,0,0,0,0,-39.13
17367,3559.56,0,0,0,0,66.25
17417,3565.49,0,0,0,0,3.39
17467,3563.79,0,0,0,0,29.88
17517,3631.08,0,0,0,0,-42.57
17567,3582.52,0,0,0,0,6.00
17617,3631.08,0,0,0,0,-33.10
17667,3617.07,0,0,0,0,18.41
17717,3597.98,0,0,0,0,8.65
17767,3579.10,0,0,0,0,25.80
17817,3538.57,0,0,0,0,16.77
17867,3712.87,0,-1,0,0,19.40
17917,3585.94,0,0,0,0,233.77
17967,3557.87,0,0,0,0,302.14
18017,3624.94,0,0,0,0,88.85
18067,3621.44,0,0,0,0,155.00
18117,3596.26,0,0,0,0,252.85
18167,3563.79,0,0,0,0,312.18
18217,3557.87,0,0,0,0,372.94
18267,3558.72,0,0,0,0,306.26
18317,3585.94,0,0,0,0,87.83
18367,3578.24,0,0,0,0,61.65
18417,3503.04,0,1,0,0,27.21
18467,3552.82,0,0,0,0,-34.17
18518,3528.58,0,1,0,0,15.00
18568,3530.24,0,1,0,0,-2.49
18618,3520.30,0,1,0,0,23.29
18668,3472.22,0,1,0,0,21.84
18718,3472.22,0,1,0,0,20.21
18768,3489.18,0,1,0,0,-8.91
18818,3489.18,0,1,0,0,17.95
18868,3525.26,0,1,0,0,-27.13
18918,3509.59,0,1,0,0,26.48
18968,3512.88,0,1,0,0,28.20
19018,3663.90,0,0,0,0,68.37
19068,3559.56,0,0,0,0,164.37
19118,3626.69,0,0,0,0,39.00
19168,3607.50,0,0,0,0,36.81
19218,3630.20,0,0,0,0,-28.76
19268,3615.33,0,0,0,0,16.63
19318,3596.26,0,0,0,0,91.96
19368,3606.64,0,0,0,0,87.95
19418,3669.28,0,-1,0,0,117.65
19468,3639.89,0,0,0,0,96.10
19518,3846.15,-2,-3,0,0,-288.28
19568,3653.19,0,0,0,0,20.58
19618,3646.09,0,0,0,0,19.60
19668,3655.86,0,0,0,0,-11.55
19718,3626.69,0,0,0,0,19.39
19768,3610.11,0,0,0,0,16.58
19818,3589.38,0,0,0,0,32.94
19868,3591.95,0,0,0,0,-27.32
19918,3578.24,0,0,0,0,24.93
19968,3583.37,0,0,0,0,0.86
20018,3556.19,0,0,0,0,17.79
20068,3602.31,0,0,0,0,-36.82
20118,3568.88,0,0,0,0,34.29
20168,3527.75,0,1,0,0,26.75
20218,3712.87,0,-1,0,0,20.33
20268,3563.79,0,0,0,0,201.27
20318,3603.17,0,0,0,0,-30.04
20368,3608.37,0,0,0,0,34.17
20418,3655.86,0,0,0,0,-35.30
20468,3644.31,0,0,0,0,72.24
20519,3739.72,-1,-2,0,0,-181.84
20569,3639.89,0,0,0,0,4.42
20619,3626.69,0,0,0,0,19.39
20669,3684.60,0,-1,0,0,-49.12
20719,3626.69,0,0,0,0,9.67
20769,3664.79,0,0,0,0,-46.85
20819,3617.07,0,0,0,0,29.01
20869,3593.67,0,0,0,0,-6.02
20919,3588.52,0,0,0,0,32.05
20969,3542.75,0,0,0,0,65.62
21019,3596.26,0,0,0,0,30.43
21069,3639.89,0,0,0,0,-41.91
21120,3564.64,0,0,0,0,23.88
21170,3620.56,0,0,0,0,-43.17
21220,3608.37,0,0,0,0,17.44
21270,3602.31,0,0,0,0,-12.93
21320,3607.50,0,0,0,0,24.46
21370,3626.69,0,0,0,0,-20.06
21420,3574.83,0,0,0,0,21.43
21470,3612.72,0,0,0,0,-37.03
21520,3574.83,0,0,0,0,18.84
21570,3611.85,0,0,0,0,-46.36
21620,3588.52,0,0,0,0,24.20
21670,3582.52,0,0,0,0,6.86
21720,3565.49,0,0,0,0,9.35
21770,3593.67,0,0,0,0,-29.88
21820,3579.10,0,0,0,0,33.62
21870,3546.94,0,0,0,0,24.49
21920,3703.70,0,-1,0,0,28.57
21970,3579.10,0,0,0,0,240.61
22020,3634.60,0,0,0,0,182.19
22070,3621.44,0,0,0,0,46.94
22120,3678.27,0,-1,0,0,119.19
22170,3822.63,-2,-3,0,0,-263.07
22220,3663.90,0,0,0,0,21.61
22270,3694.58,0,-1,0,0,-31.58
22320,3682.79,0,-1,0,0,20.00
22370,3702.79,0,-1,0,0,-29.02
22420,3673.77,0,-1,0,0,18.99
22470,3682.79,0,-1,0,0,-9.02
22520,3663.90,0,0,0,0,35.24
22571,3675.57,0,-1,0,0,-39.21
22621,3654.08,0,0,0,0,35.05
22671,3655.86,0,0,0,0,-29.17
22721,3646.09,0,0,0,0,18.71
22771,3655.86,0,0,0,0,-1.78
22821,3598.85,0,0,0,0,24.59
22871,3557.03,0,0,0,0,30.63
22921,3536.90,0,0,0,0,28.58
22971,3584.23,0,0,0,0,-37.29
23021,3573.13,0,0,0,0,24.85
23071,3574.83,0,0,0,0,-37.93
23121,3508.77,0,1,0,0,18.98
23171,3535.23,0,0,0,0,-25.64
23221,3537.74,0,0,0,0,15.08
23271,3555.34,0,0,0,0,-17.61
23321,3527.75,0,1,0,0,34.35
23371,3553.66,0,0,0,0,-26.74
23421,3550.30,0,0,0,0,82.54
23471,3529.41,0,1,0,0,15.85
23521,3683.69,0,-1,0,0,48.58
23571,3487.56,0,1,0,0,160.30
23621,3562.10,0,0,0,0,-45.93
23671,3565.49,0,0,0,0,28.19
23721,3631.08,0,0,0,0,-47.71
23771,3597.98,0,0,0,0,17.34
23821,3684.60,0,-1,0,0,-66.65
23871,3663.90,0,0,0,0,20.70
23921,3713.79,0,-1,0,0,-30.10
23971,3846.15,-2,-3,0,0,-288.28
24022,3692.76,0,-1,0,0,30.25
24072,3733.20,0,-1,0,0,-38.62
24122,3663.00,0,0,0,0,19.79
24172,3684.60,0,-1,0,0,-30.52
24222,3636.36,0,0,0,0,21.28
24272,3617.07,0,0,0,0,-0.87
24322,3607.50,0,0,0,0,7.83
24372,3615.33,0,0,0,0,-6.96
24422,3607.50,0,0,0,0,19.19
24472,3625.82,0,0,0,0,-18.31
24522,3545.26,0,0,0,0,18.53
24572,3584.23,0,0,0,0,-47.33
24622,3554.50,0,0,0,0,23.74
24672,3534.40,0,0,0,0,-36.27
24722,3490.00,0,1,0,0,27.00
24772,3499.77,0,1,0,0,-10.58
24822,3498.95,0,1,0,0,-23.51
24872,3485.94,0,1,0,0,45.13
24922,3516.17,0,1,0,0,-18.04
24972,3500.58,0,1,0,0,34.65
25022,3548.62,0,0,0,0,-28.32
25072,3507.13,0,1,0,0,18.96
25122,3576.54,0,0,0,0,-47.96
25172,3564.64,0,0,0,0,28.18
25222,3612.72,0,0,0,0,-47.23
25272,3597.98,0,0,0,0,13.86
25322,3626.69,0,0,0,0,-10.49
25372,3616.20,0,0,0,0,19.28
25422,3601.44,0,0,0,0,26.23
25472,3608.37,0,0,0,0,22.71
25522,3646.09,0,0,0,0,-29.89
25572,3626.69,0,0,0,0,39.00
25622,3685.50,0,-1,0,0,-41.19
25672,3663.90,0,0,0,0,21.61
25722,3685.50,0,-1,0,0,-42.07
25772,3663.90,0,0,0,0,30.68
25822,3688.22,0,-1,0,0,-35.03
25872,3636.36,0,0,0,0,9.72
25922,3684.60,0,-1,0,0,-38.51
25972,3644.31,0,0,0,0,30.35
26022,3636.36,0,0,0,0,-28.86
26072,3608.37,0,0,0,0,16.57
26122,3624.94,0,0,0,0,-16.57
26172,3627.57,0,0,0,0,7.91
26222,3605.77,0,0,0,0,28.83
26272,3636.36,0,0,0,0,26.64
26322,3626.69,0,0,0,0,28.28
26372,3605.77,0,0,0,0,112.62
26422,3593.67,0,0,0,0,-20.54
26472,3578.24,0,0,0,0,28.39
26522,3622.31,0,0,0,0,-37.23
26572,3573.98,0,0,0,0,13.68
26622,3630.20,0,0,0,0,-41.69
26672,3608.37,0,0,0,0,33.29
26722,3603.17,0,0,0,0,-37.68
26772,3589.38,0,0,0,0,32.94
26822,3610.98,0,0,0,0,-45.49
26872,3587.66,0,0,0,0,15.51
26923,3592.81,0,0,0,0,-4.30
26973,3556.19,0,0,0,0,35.77
27023,3593.67,0,0,0,0,-46.74
27073,3568.03,0,0,0,0,35.14
27123,3572.28,0,0,0,0,-44.53
27173,3565.49,0,0,0,0,28.19
27223,3611.85,0,0,0,0,-36.16
27273,3574.83,0,0,0,0,17.98
27323,3612.72,0,0,0,0,-23.34
27373,3546.10,0,0,0,0,29.59
27423,3593.67,0,0,0,0,-37.49
27473,3578.24,0,0,0,0,23.20
27523,3584.23,0,0,0,0,-28.04
27573,3555.34,0,0,0,0,38.33
27623,3562.10,0,0,0,0,-34.35
27673,3529.41,0,1,0,0,25.93
27723,3573.98,0,0,0,0,-27.04
27773,3498.13,0,1,0,0,29.62
27823,3556.19,0,0,0,0,-28.44
27873,3556.19,0,0,0,0,26.33
27923,3603.17,0,0,0,0,-35.14
27973,3597.98,0,0,0,0,23.45
28023,3582.52,0,0,0,0,-25.49
28073,3587.66,0,0,0,0,25.06
28123,3579.95,0,0,0,0,31.02
28173,3796.51,0,-2,0,0,-64.24
28224,3738.78,-1,-2,0,0,-180.06
28274,3634.60,0,0,0,0,40.07
28324,3655.86,0,0,0,0,-47.49
28374,3654.08,0,0,0,0,21.49
28424,3692.76,0,-1,0,0,-19.89
28474,3693.67,0,-1,0,0,19.20
28524,3712.87,0,-1,0,0,-8.25
28574,3672.87,0,-1,0,0,29.92
28624,3683.69,0,-1,0,0,-10.82
28674,3663.90,0,0,0,0,30.68
28724,3723.01,0,-1,0,0,-49.24
28774,3683.69,0,-1,0,0,30.10
28824,3702.79,0,-1,0,0,-20.00
28874,3673.77,0,-1,0,0,18.99
28924,3674.67,0,-1,0,0,-24.15
28974,3654.08,0,0,0,0,39.59
29024,3654.97,0,0,0,0,-42.25
29074,3611.85,0,0,0,0,56.53
29124,3617.94,0,0,0,0,37.92
29174,3587.66,0,0,0,0,90.62
29224,3584.23,0,0,0,0,-0.86
29274,3565.49,0,0,0,0,21.31
29324,3546.10,0,0,0,0,0.84
29374,3510.41,0,1,0,0,43.25
29424,3543.59,0,0,0,0,-33.99
29474,3519.47,0,1,0,0,28.30
29524,3572.28,0,0,0,0,-44.53
29574,3527.75,0,1,0,0,28.44
29624,3540.24,0,0,0,0,-11.66
29674,3527.75,0,1,0,0,25.91
29724,3534.40,0,0,0,0,-14.10
29774,3489.18,0,1,0,0,28.64
29824,3526.92,0,1,0,0,-23.07
29874,3510.41,0,1,0,0,77.24
29924,3498.13,0,1,0,0,25.47
29974,3541.08,0,0,0,0,75.12
30024,3545.26,0,0,0,0,17.68
30074,3584.23,0,0,0,0,-20.44
30124,3565.49,0,0,0,0,17.89
30174,3611.85,0,0,0,0,-37.01
30224,3608.37,0,0,0,0,22.71
30274,3706.45,0,-1,0,0,-130.76
30324,3582.52,0,0,0,0,15.47
30374,3630.20,0,0,0,0,-39.11
30424,3626.69,0,0,0,0,18.51
30474,3665.69,0,0,0,0,-39.87
30524,3646.09,0,0,0,0,18.71
30574,3692.76,0,-1,0,0,-19.89
30624,3644.31,0,0,0,0,44.81
30674,3803.25,-2,-3,0,0,-238.61
30724,3644.31,0,0,0,0,29.45
30774,3646.09,0,0,0,0,19.60
30824,3674.67,0,-1,0,0,-28.58
30874,3587.66,0,0,0,0,29.41
30924,3575.69,0,0,0,0,-30.42
30974,3527.75,0,1,0,0,37.73
31024,3527.75,0,1,0,0,24.23
31074,3512.06,0,1,0,0,132.26
31124,3509.59,0,1,0,0,28.14
31174,3562.95,0,0,0,0,-35.19
31224,3514.53,0,1,0,0,16.55
31275,3562.95,0,0,0,0,-35.19
31325,3500.58,0,1,0,0,34.65
31375,3562.95,0,0,0,0,-43.47
31425,3527.75,0,1,0,0,31.81
31475,3529.41,0,1,0,0,-47.52
31525,3529.41,0,1,0,0,15.01
31575,3592.81,0,0,0,0,-45.04
31625,3577.39,0,0,0,0,25.78
31675,3603.17,0,0,0,0,-13.80
31725,3579.10,0,0,0,0,32.75
31775,3631.08,0,0,0,0,-34.82
31825,3606.64,0,0,0,0,20.06
31875,3639.01,0,0,0,0,-21.07
31925,3625.82,0,0,0,0,19.38
31975,3646.09,0,0,0,0,-29.01
32025,3626.69,0,0,0,0,38.10
32075,3665.69,0,0,0,0,-21.37
32125,3644.31,0,0,0,0,40.28
32175,3654.97,0,0,0,0,-48.33
32225,3654.08,0,0,0,0,21.49
32275,3555.34,0,0,0,0,98.74
32325,3608.37,0,0,0,0,25.35
32375,3654.97,0,0,0,0,-27.40
32425,3644.31,0,0,0,0,32.16
32475,3617.07,0,0,0,0,23.70
32525,3607.50,0,0,0,0,21.82
32575,3597.98,0,0,0,0,0.86
32625,3597.12,0,0,0,0,14.72
32675,3636.36,0,0,0,0,-27.99
32726,3617.94,0,0,0,0,27.26
32776,3674.67,0,-1,0,0,-47.10
32826,3607.50,0,0,0,0,19.19
32876,3645.20,0,0,0,0,-38.56
32926,3626.69,0,0,0,0,19.39
32976,3617.94,0,0,0,0,-0.87
33026,3607.50,0,0,0,0,17.44
33076,3646.09,0,0,0,0,-28.14
33126,3565.49,0,0,0,0,23.03
33176,3574.83,0,0,0,0,-38.77
33226,3546.10,0,0,0,0,19.39
33276,3565.49,0,0,0,0,-10.14
33326,3555.34,0,0,0,0,22.90
33376,3574.83,0,0,0,0,-9.35
33426,3569.73,0,0,0,0,32.58
33476,3550.30,0,0,0,0,-21.71
33526,3536.07,0,0,0,0,29.42
33576,3593.67,0,0,0,0,-29.04
33626,3574.83,0,0,0,0,18.84
33676,3574.83,0,0,0,0,5.12
33726,3556.19,0,0,0,0,28.04
33776,3603.17,0,0,0,0,-30.04
33826,3588.52,0,0,0,0,14.65
33876,3650.52,0,0,0,0,-52.54
33926,3597.98,0,0,0,0,10.39
33976,3646.09,0,0,0,0,-28.14
34026,3617.07,0,0,0,0,29.01
34076,3606.64,0,0,0,0,20.06
34126,3596.26,0,0,0,0,16.46
34176,3620.56,0,0,0,0,-31.19
34226,3598.85,0,0,0,0,-38.27
34276,3621.44,0,0,0,0,-22.59
34326,3589.38,0,0,0,0,22.47
34376,3636.36,0,0,0,0,-19.29
34426,3587.66,0,0,0,0,29.41
34476,3631.96,0,0,0,0,-43.44
34526,3607.50,0,0,0,0,37.70
34576,3636.36,0,0,0,0,-28.86
34626,3566.33,0,0,0,0,20.47
34676,3611.85,0,0,0,0,-28.47
34726,3598.85,0,0,0,0,-27.78
34776,3613.59,0,0,0,0,-14.74
34826,3597.98,0,0,0,0,23.45
34876,3635.48,0,0,0,0,-28.85
34926,3617.07,0,0,0,0,29.01
34976,3645.20,0,0,0,0,-17.63
35026,3617.07,0,0,0,0,29.01
35076,3635.48,0,0,0,0,-8.79
35126,3606.64,0,0,0,0,32.37
35176,3628.45,0,0,0,0,-29.60
35226,3607.50,0,0,0,0,33.27
35276,3597.98,0,0,0,0,18.22
35326,3598.85,0,0,0,0,-48.29
35376,3584.23,0,0,0,0,-15.35
35426,3579.10,0,0,0,0,24.07
35476,3621.44,0,0,0,0,-32.06
35526,3589.38,0,0,0,0,35.56
35576,3593.67,0,0,0,0,-28.19
35627,3587.66,0,0,0,0,25.06
35677,3640.78,0,0,0,0,-42.79
35727,3588.52,0,0,0,0,26.81
35777,3598.85,0,0,0,0,-31.17
35827,3589.38,0,0,0,0,22.47
35877,3605.77,0,0,0,0,-6.92
35927,3589.38,0,0,0,0,36.44
35977,3592.81,0,0,0,0,-45.88
36027,3573.13,0,0,0,0,20.54
36077,3622.31,0,0,0,0,-34.66
36127,3605.77,0,0,0,0,24.43
36177,3611.85,0,0,0,0,-46.36
36227,3579.95,0,0,0,0,32.76
36277,3611.85,0,0,0,0,-23.33
36327,3573.98,0,0,0,0,11.10
36377,3602.31,0,0,0,0,-24.06
36427,3589.38,0,0,0,0,31.19
36477,3612.72,0,0,0,0,-48.93
36527,3608.37,0,0,0,0,22.71
36577,3646.09,0,0,0,0,-29.01
36627,3626.69,0,0,0,0,19.39
36677,3626.69,0,0,0,0,-0.88
36727,3608.37,0,0,0,0,31.52
36777,3610.98,0,0,0,0,-45.49
36827,3587.66,0,0,0,0,25.06
36877,3582.52,0,0,0,0,16.33
36927,3586.80,0,0,0,0,16.37
36977,3636.36,0,0,0,0,-28.86
37027,3583.37,0,0,0,0,14.61
37078,3631.96,0,0,0,0,-42.59
37128,3579.95,0,0,0,0,23.22
37178,3622.31,0,0,0,0,-42.36
37228,3554.50,0,0,0,0,10.14
37278,3593.67,0,0,0,0,-28.19
37328,3565.49,0,0,0,0,26.47
37378,3529.41,0,1,0,0,24.25
37428,3605.77,0,0,0,0,-1.73
37478,3597.12,0,0,0,0,25.19
37528,3600.58,0,0,0,0,-35.65
37578,3597.12,0,0,0,0,41.01
37628,3591.95,0,0,0,0,0.00
37678,3597.98,0,0,0,0,7.78
37728,3644.31,0,0,0,0,-36.81
37778,3617.07,0,0,0,0,22.82
37828,3636.36,0,0,0,0,-25.39
37878,3617.94,0,0,0,0,24.60
37928,3606.64,0,0,0,0,152.76
37978,3559.56,0,0,0,0,411.84
38028,3635.48,0,0,0,0,165.84
38078,3557.87,0,0,0,0,362.67
38128,3559.56,0,0,0,0,439.37
38178,3692.76,0,-1,0,0,40.44
38228,3528.58,0,1,0,0,216.74
38278,3528.58,0,1,0,0,31.83
38328,3503.04,0,1,0,0,34.70
38378,3546.94,0,0,0,0,33.01
38428,3573.13,0,0,0,0,-12.72
38478,3565.49,0,0,0,0,17.03
38528,3611.85,0,0,0,0,-28.47
38578,3598.85,0,0,0,0,-21.62
38628,3617.07,0,0,0,0,-10.44
38678,3608.37,0,0,0,0,18.32
38728,3619.69,0,0,0,0,-20.84
38778,3578.24,0,0,0,0,33.60
38828,3585.09,0,0,0,0,-30.58
38878,3564.64,0,0,0,0,29.90
38928,3573.13,0,0,0,0,-2.55
38978,3573.98,0,0,0,0,19.69
39028,3631.08,0,0,0,0,-33.96
39078,3554.50,0,0,0,0,34.01
39128,3602.31,0,0,0,0,-33.43
39178,3574.83,0,0,0,0,18.84
39228,3621.44,0,0,0,0,-32.92
39278,3607.50,0,0,0,0,29.74
39328,3574.83,0,0,0,0,-11.04
39378,3555.34,0,0,0,0,37.47
39428,3574.83,0,0,0,0,-20.33
39478,3536.90,0,0,0,0,20.13
39528,3584.23,0,0,0,0,-38.13
39578,3573.13,0,0,0,0,20.54
39628,3553.66,0,0,0,0,-25.91
39678,3520.30,0,1,0,0,16.60
39728,3583.37,0,0,0,0,-36.44
39778,3536.90,0,0,0,0,22.66
39828,3692.76,0,-1,0,0,40.44
39878,3601.44,0,-2,0,0,-375.41
39928,3559.56,0,0,0,0,169.92
39979,3592.81,0,0,0,0,153.44
40029,3591.95,0,0,0,0,76.42
40079,3640.78,0,0,0,0,28.50
40129,3639.89,0,0,0,0,147.99
40179,3811.94,-2,-3,0,0,-252.38
40229,3692.76,0,-1,0,0,-19.89
40279,3646.09,0,0,0,0,17.81
40329,3655.86,0,0,0,0,-9.77
40379,3583.37,0,0,0,0,13.75
40429,3611.85,0,0,0,0,-28.47
40479,3598.85,0,0,0,0,-28.62
40529,3631.08,0,0,0,0,-34.82
40579,3616.20,0,0,0,0,20.16
40629,3601.44,0,0,0,0,11.97
40679,3578.24,0,0,0,0,24.06
40729,3593.67,0,0,0,0,-38.33
40779,3519.47,0,1,0,0,18.26
40829,3537.74,0,0,0,0,20.98
40879,3644.31,0,0,0,0,87.96
40929,3556.19,0,0,0,0,28.04
40979,3564.64,0,0,0,0,7.64
41029,3565.49,0,0,0,0,17.89
41079,3621.44,0,0,0,0,-32.92
41129,3589.38,0,0,0,0,32.94
41179,3617.07,0,0,0,0,-6.96
41229,3598.85,0,0,0,0,-33.76
41279,3644.31,0,0,0,0,-36.81
41329,3617.07,0,0,0,0,19.29
41379,3674.67,0,-1,0,0,-47.10
41430,3636.36,0,0,0,0,27.53
41480,3673.77,0,-1,0,0,50.16
41530,3750.00,-1,-2,0,0,-190.44
41580,3635.48,0,0,0,0,20.38
41630,3617.94,0,0,0,0,26.37
41680,3616.20,0,0,0,0,19.28
41730,3646.09,0,0,0,0,-29.01
41780,3626.69,0,0,0,0,27.39
41830,3601.44,0,0,0,0,17.25
41880,3557.03,0,0,0,0,16.10
41930,3546.10,0,0,0,0,10.09
41980,3585.94,0,0,0,0,-125.74
42030,3663.90,0,0,0,0,66.52
42080,3536.07,0,0,0,0,-53.37
42130,3520.30,0,1,0,0,23.29
42180,3573.98,0,0,0,0,-36.25
42230,3566.33,0,0,0,0,7.65
42280,3612.72,0,0,0,0,-38.74
42330,3598.85,0,0,0,0,-31.20
42380,3700.05,0,-1,0,0,-183.05
42430,3617.94,0,0,0,0,17.54
42480,3654.97,0,0,0,0,-28.28
42530,3617.07,0,0,0,0,9.62
42580,3665.69,0,0,0,0,-29.33
42630,3652.30,0,0,0,0,24.17
42680,3675.57,0,-1,0,0,-39.21
42730,3626.69,0,0,0,0,29.17
42780,3678.27,0,-1,0,0,-41.91
42830,3649.63,0,0,0,0,19.64
42880,3698.22,0,-1,0,0,49.90
42930,3669.28,0,-1,0,0,108.11
42980,3739.72,-1,-2,0,0,-181.00
43030,3646.09,0,0,0,0,-9.72
43080,3626.69,0,0,0,0,38.10
43130,3635.48,0,0,0,0,-27.11
43180,3607.50,0,0,0,0,32.39
43230,3584.23,0,0,0,0,-20.44
43280,3578.24,0,0,0,0,24.93
43330,3606.64,0,0,0,0,-7.79
43380,3582.52,0,0,0,0,11.16
43430,3621.44,0,0,0,0,-22.59
43480,3593.67,0,0,0,0,-1.72
43530,3754.69,0,-2,0,0,-24.28
43580,3675.57,0,-1,0,0,52.99
43630,3550.30,0,0,0,0,181.05
43680,3625.82,0,0,0,0,49.75
43730,3605.77,0,0,0,0,109.86
43780,3639.89,0,0,0,0,126.11
43830,3597.12,0,0,0,0,19.95
43880,3636.36,0,0,0,0,-11.42
43930,3634.60,0,0,0,0,92.11
43980,3932.88,-198,-4,0,-195,-489.35
44030,3669.28,0,-1,0,0,81.66
44080,3626.69,0,0,0,0,38.10
44130,3654.97,0,0,0,0,-37.03
44180,3579.10,0,0,0,0,29.27
44230,3602.31,0,0,0,0,-4.32
44280,3579.10,0,0,0,0,24.07
44331,3603.17,0,0,0,0,-37.68
44381,3549.46,0,0,0,0,25.38
44431,3499.77,0,1,0,0,25.50
44481,3541.08,0,0,0,0,191.20
44531,3511.24,0,1,0,0,30.68
44581,3585.09,0,0,0,0,-48.18
44631,3546.10,0,0,0,0,20.23
44681,3584.23,0,0,0,0,-20.44
44731,3579.10,0,0,0,0,24.07
44781,3582.52,0,0,0,0,-25.49
44831,3587.66,0,0,0,0,34.66
44881,3630.20,0,0,0,0,-39.11
44931,3597.98,0,0,0,0,38.38
44981,3612.72,0,0,0,0,-42.14
45031,3607.50,0,0,0,0,33.27
45081,3646.09,0,0,0,0,-20.27
45131,3617.07,0,0,0,0,19.29
45181,3636.36,0,0,0,0,-9.67
45231,3625.82,0,0,0,0,10.55
45281,3646.09,0,0,0,0,-18.52
45331,3616.20,0,0,0,0,29.00
45381,3636.36,0,0,0,0,-19.29
45431,3637.25,0,0,0,0,18.62
45481,3655.86,0,0,0,0,-15.97
45531,3636.36,0,0,0,0,9.72
45581,3646.97,0,0,0,0,-10.61
45631,3617.07,0,0,0,0,23.70
45681,3665.69,0,0,0,0,-31.09
45731,3644.31,0,0,0,0,71.32
45782,3771.69,-1,-2,0,0,-212.97
45832,3667.48,0,-1,0,0,-31.12
45882,3588.52,0,0,0,0,28.56
45932,3631.08,0,0,0,0,-33.96
45982,3556.19,0,0,0,0,22.06
46032,3593.67,0,0,0,0,-28.19
46082,3584.23,0,0,0,0,-24.67
46132,3568.88,0,0,0,0,162.46
46182,3568.88,0,0,0,0,39.49
46232,3556.19,0,0,0,0,27.19
46282,3565.49,0,0,0,0,-28.58
46332,3565.49,0,0,0,0,28.19
46382,3591.95,0,0,0,0,-23.07
46432,3597.12,0,0,0,0,66.78
46482,3625.82,0,0,0,0,-18.31
46532,3583.37,0,0,0,0,14.61
46582,3639.89,0,0,0,0,-41.91
46632,3637.25,0,0,0,0,18.62
46682,3617.07,0,0,0,0,20.17
46732,3617.94,0,0,0,0,21.95
46782,3590.23,0,0,0,0,8.61
46832,3579.10,0,0,0,0,27.54
46882,3603.17,0,0,0,0,-24.93
46932,3577.39,0,0,0,0,24.05
46982,3640.78,0,0,0,0,-43.65
47032,3626.69,0,0,0,0,29.17
47082,3603.17,0,0,0,0,-19.80
47132,3573.13,0,0,0,0,20.54
47182,3603.17,0,0,0,0,-30.04
47232,3583.37,0,0,0,0,12.02
47282,3622.31,0,0,0,0,-39.80
47332,3589.38,0,0,0,0,21.60
47382,3584.23,0,0,0,0,-0.86
47432,3579.95,0,0,0,0,31.89
47482,3593.67,0,0,0,0,-13.72
47532,3578.24,0,0,0,0,34.47
47582,3621.44,0,0,0,0,-41.49
47632,3598.85,0,0,0,0,-18.26
47682,3611.85,0,0,0,0,-22.47
47732,3579.95,0,0,0,0,42.36
47782,3584.23,0,0,0,0,-38.13
47832,3556.19,0,0,0,0,37.49
47882,3601.44,0,0,0,0,15.32
47932,3563.79,0,0,0,0,20.44
47982,3622.31,0,0,0,0,-44.07
48032,3546.94,0,0,0,0,29.60
48082,3612.72,0,0,0,0,-42.99
48132,3574.83,0,0,0,0,18.84
48182,3573.13,0,0,0,0,6.82
48232,3579.10,0,0,0,0,24.07
48282,3565.49,0,0,0,0,23.03
48332,3565.49,0,0,0,0,28.19
48382,3591.95,0,0,0,0,-15.42
48432,3564.64,0,0,0,0,23.02
48482,3585.09,0,0,0,0,-48.18
48532,3564.64,0,0,0,0,19.59
48582,3622.31,0,0,0,0,-49.18
48632,3597.98,0,0,0,0,21.71
48683,3584.23,0,0,0,0,3.43
48733,3536.90,0,0,0,0,28.58
48783,3592.81,0,0,0,0,-38.31
48833,3565.49,0,0,0,0,21.31
48883,3603.17,0,0,0,0,-18.94
48933,3603.17,0,0,0,0,-21.51
48983,3775.48,0,-2,0,0,-45.07
49033,3635.48,0,0,0,0,46.40
49083,3597.12,0,0,0,0,127.73
49133,3630.20,0,0,0,0,135.80
49183,3557.87,0,0,0,0,312.09
49233,3709.20,0,-1,0,0,-141.17
49283,3645.20,0,0,0,0,-18.51
49333,3626.69,0,0,0,0,19.39
49383,3646.09,0,0,0,0,-9.72
49433,3608.37,0,0,0,0,27.99
49483,3607.50,0,0,0,0,8.70
49533,3592.81,0,0,0,0,8.63
49583,3574.83,0,0,0,0,22.29
49633,3577.39,0,0,0,0,16.28
49683,3612.72,0,0,0,0,-37.88
49733,3556.19,0,0,0,0,25.47
49783,3654.08,0,0,0,0,78.19
49833,3610.98,0,0,0,0,174.03
49883,3587.66,0,0,0,0,218.48
49933,3612.72,0,0,0,0,-25.06
49983,3597.98,0,0,0,0,15.60
50033,3631.08,0,0,0,0,-41.71
50083,3606.64,0,0,0,0,18.30
50134,3644.31,0,0,0,0,33.96
50184,3620.56,0,0,0,0,175.94
50234,3762.23,-1,-2,0,0,-204.35
50284,3674.67,0,-1,0,0,-18.81
50334,3617.94,0,0,0,0,27.26
50384,3644.31,0,0,0,0,-35.94
50434,3610.11,0,0,0,0,16.58
50484,3583.37,0,0,0,0,-3.42
50534,3554.50,0,0,0,0,30.58
50584,3538.57,0,0,0,0,15.93
50634,3552.82,0,0,0,0,-44.05
50684,3521.95,0,1,0,0,154.52
50734,3574.83,0,0,0,0,-28.73
50784,3508.77,0,1,0,0,10.70
50834,3568.88,0,0,0,0,-40.30
50884,3489.18,0,1,0,0,31.12
50934,3545.26,0,0,0,0,-29.09
50984,3509.59,0,1,0,0,35.67
51034,3555.34,0,0,0,0,-16.77
51084,3555.34,0,0,0,0,22.90
51134,3574.83,0,0,0,0,-37.93
51184,3570.58,0,0,0,0,32.59
51234,3570.58,0,0,0,0,-14.39
51284,3556.19,0,0,0,0,16.94
51334,3591.95,0,0,0,0,-29.85
51384,3565.49,0,0,0,0,28.19
51434,3603.17,0,0,0,0,-34.29
51484,3589.38,0,0,0,0,22.47
51534,3622.31,0,0,0,0,-34.66
51584,3588.52,0,0,0,0,32.92
51634,3585.94,0,0,0,0,22.43
51684,3597.98,0,0,0,0,19.09
51734,3636.36,0,0,0,0,-19.29
51784,3608.37,0,0,0,0,18.32
51834,3626.69,0,0,0,0,-20.06
51884,3617.07,0,0,0,0,29.01
51934,3573.98,0,0,0,0,0.00
51984,3565.49,0,0,0,0,27.33
52034,3592.81,0,0,0,0,-7.73
52084,3588.52,0,0,0,0,14.65
52134,3592.81,0,0,0,0,-9.44
52184,3603.17,0,0,0,0,-23.22
52234,3733.20,0,-1,0,0,-3.71
52284,3624.06,0,0,0,0,206.38
52335,3699.14,0,-1,0,0,-141.26
52385,3617.94,0,0,0,0,27.26
52435,3646.09,0,0,0,0,-19.39
52485,3646.09,0,0,0,0,19.60
52535,3636.36,0,0,0,0,16.83
52585,3636.36,0,0,0,0,7.95
52635,3607.50,0,0,0,0,28.86
52685,3617.07,0,0,0,0,14.01
52736,3597.12,0,0,0,0,19.95
52786,3556.19,0,0,0,0,27.19
52836,3611.85,0,0,0,0,-46.36
52886,3607.50,0,0,0,0,23.58
52936,3654.97,0,0,0,0,-38.77
52986,3646.09,0,0,0,0,19.60
53036,3627.57,0,0,0,0,16.75
53086,3597.98,0,0,0,0,27.83
53136,3635.48,0,0,0,0,-19.28
53186,3607.50,0,0,0,0,38.58
53236,3610.98,0,0,0,0,-45.49
53286,3587.66,0,0,0,0,25.06
53336,3619.69,0,0,0,0,-26.88
53386,3608.37,0,0,0,0,32.41
53436,3636.36,0,0,0,0,-18.42
53486,3616.20,0,0,0,0,20.16
53536,3621.44,0,0,0,0,-22.59
53586,3555.34,0,0,0,0,28.88
53636,3603.17,0,0,0,0,-30.04
53686,3551.98,0,0,0,0,54.66
53736,3591.95,0,0,0,0,-35.77
53786,3565.49,0,0,0,0,28.19
53836,3584.23,0,0,0,0,-28.04
53886,3577.39,0,0,0,0,25.78
53936,3620.56,0,0,0,0,-31.19
53986,3546.10,0,0,0,0,23.63
54036,3593.67,0,0,0,0,-32.42
54086,3591.95,0,0,0,0,143.11
54136,3612.72,0,0,0,0,-37.88
54187,3589.38,0,0,0,0,22.47
54237,3557.03,0,0,0,0,14.40
54287,3723.01,0,-1,0,0,10.19
54337,3578.24,0,0,0,0,241.47
54387,3645.20,0,0,0,0,172.56
54438,3700.96,0,-1,0,0,-142.24
54488,3644.31,0,0,0,0,33.96
54538,3675.57,0,-1,0,0,-29.48
54588,3617.94,0,0,0,0,18.42
54638,3646.09,0,0,0,0,-8.84
54688,3596.26,0,0,0,0,30.43
54738,3631.08,0,0,0,0,-42.57
54788,3597.98,0,0,0,0,19.09
54838,3635.48,0,0,0,0,-27.98
54888,3589.38,0,0,0,0,30.32
54938,3612.72,0,0,0,0,-25.06
54988,3547.78,0,0,0,0,26.20
55038,3555.34,0,0,0,0,10.14
55088,3556.19,0,0,0,0,26.33
55138,3603.17,0,0,0,0,-26.63
55188,3602.31,0,0,0,0,-30.03
55238,3785.97,0,-2,0,0,-55.55
55288,3757.52,0,-2,0,0,-28.95
55339,3644.31,0,0,0,0,85.17
55389,3634.60,0,0,0,0,98.60
55439,3634.60,0,0,0,0,194.86
55489,3801.32,-2,-3,0,0,-242.60
55539,3705.53,0,-1,0,0,-42.53
55589,3682.79,0,-1,0,0,21.83
55639,3723.01,0,-1,0,0,-30.25
55689,3784.06,0,-2,0,0,-124.63
55739,3694.58,0,-1,0,0,-30.68
55789,3683.69,0,-1,0,0,31.02
55839,3702.79,0,-1,0,0,-29.02
55889,3693.67,0,-1,0,0,18.28
55939,3724.86,0,-1,0,0,-30.28
55989,3702.79,0,-1,0,0,30.41
56039,3655.86,0,0,0,0,-1.78
56089,3639.01,0,0,0,0,26.68
56139,3625.82,0,0,0,0,-18.31
56189,3579.95,0,0,0,0,25.82
56239,3584.23,0,0,0,0,3.43
56289,3519.47,0,1,0,0,27.46
56339,3584.23,0,0,0,0,-38.13
56389,3573.13,0,0,0,0,20.54
56439,3601.44,0,0,0,0,23.19
56489,3583.37,0,0,0,0,38.94
56539,3565.49,0,0,0,0,-19.39
56589,3520.30,0,1,0,0,36.73
56639,3535.23,0,0,0,0,-46.05
56689,3520.30,0,1,0,0,31.68
56739,3574.83,0,0,0,0,-37.93
56790,3546.10,0,0,0,0,28.73
56840,3562.95,0,0,0,0,-35.19
56890,3493.25,0,1,0,0,19.63
56940,3507.13,0,1,0,0,-17.95
56990,3498.95,0,1,0,0,27.14
57040,3463.40,0,2,0,0,15.26
57090,3528.58,0,1,0,0,16.68
57140,3529.41,0,1,0,0,31.84
57190,3601.44,0,0,0,0,18.65
57240,3563.79,0,0,0,0,29.88
57290,3546.94,0,0,0,0,44.16
57340,3605.77,0,0,0,0,6.08
57390,3645.20,0,0,0,0,-36.83
57440,3617.94,0,0,0,0,37.92
57490,3665.69,0,0,0,0,-39.00
57540,3655.86,0,0,0,0,8.93
57590,3684.60,0,-1,0,0,-38.51
57640,3673.77,0,-1,0,0,18.99
57690,3684.60,0,-1,0,0,125.41
57740,3857.03,-114,-3,0,-112,-299.16
57790,3683.69,0,-1,0,0,150.66
57840,3682.79,0,-1,0,0,0.00
57890,3663.90,0,0,0,0,30.68
57940,3587.66,0,0,0,0,29.41
57990,3565.49,0,0,0,0,10.20
58040,3611.85,0,0,0,0,-35.31
58090,3541.08,0,0,0,0,13.43
58140,3575.69,0,0,0,0,-38.78
58190,3494.87,0,1,0,0,34.54
58240,3500.58,0,1,0,0,40.49
58290,3508.77,0,1,0,0,-35.75
58340,3481.09,0,1,0,0,17.05
58390,3525.26,0,1,0,0,-34.46
58440,3463.40,0,2,0,0,8.82
58490,3490.00,0,1,0,0,-8.91
58540,3472.22,0,1,0,0,25.10
58590,3489.18,0,1,0,0,-8.10
58640,3498.13,0,1,0,0,28.79
58690,3535.23,0,0,0,0,-45.24
58740,3562.95,0,0,0,0,-40.16
58790,3532.74,0,1,0,0,197.68
58840,3574.83,0,0,0,0,-21.17
58890,3565.49,0,0,0,0,28.19
58940,3636.36,0,0,0,0,-11.42
58990,3636.36,0,0,0,0,18.61
59040,3654.97,0,0,0,0,-37.90
59090,3634.60,0,0,0,0,39.17
59140,3698.22,0,-1,0,0,66.84
59190,3648.75,0,0,0,0,119.15
59240,3855.05,-112,-3,0,-110,-295.49
59290,3683.69,0,-1,0,0,162.46
59340,3646.09,0,0,0,0,18.71
59390,3626.69,0,0,0,0,0.88
59440,3617.94,0,0,0,0,28.14
59490,3582.52,0,0,0,0,16.33
59540,3584.23,0,0,0,0,9.45
59590,3612.72,0,0,0,0,-35.33
59640,3527.75,0,1,0,0,27.59
59691,3566.33,0,0,0,0,-30.27
59741,3545.26,0,0,0,0,39.82
59791,3539.41,0,0,0,0,-10.82
59841,3548.62,0,0,0,0,-15.88
59891,3496.50,0,1,0,0,160.25
59941,3492.43,0,1,0,0,-32.23
59991,3480.28,0,1,0,0,19.49
60041,3507.13,0,1,0,0,-35.71
60091,3498.13,0,1,0,0,10.64
60141,3528.58,0,1,0,0,46.25
60191,3537.74,0,0,0,0,15.08
60241,3564.64,0,0,0,0,-16.86
60291,3546.94,0,0,0,0,17.70
60341,3612.72,0,0,0,0,-47.23
60391,3597.98,0,0,0,0,33.98
60441,3636.36,0,0,0,0,-19.29
60491,3574.83,0,0,0,0,12.83
60541,3626.69,0,0,0,0,14.08
60591,3606.64,0,0,0,0,39.45
60641,3620.56,0,0,0,0,-41.47
60691,3607.50,0,0,0,0,38.58
60741,3631.08,0,0,0,0,-33.10
60791,3607.50,0,0,0,0,18.31
60841,3611.85,0,0,0,0,-37.87
60891,3607.50,0,0,0,0,22.70
60941,3605.77,0,0,0,0,-5.19
60991,3579.95,0,0,0,0,23.22
61041,3630.20,0,0,0,0,-32.22
61091,3597.12,0,0,0,0,28.69
61142,3654.97,0,0,0,0,-46.60
61192,3644.31,0,0,0,0,30.35
61242,3654.97,0,0,0,0,-5.34
61292,3636.36,0,0,0,0,28.43
61342,3645.20,0,0,0,0,-44.62
61392,3626.69,0,0,0,0,19.39
61442,3665.69,0,0,0,0,-21.37
61492,3636.36,0,0,0,0,29.33
61542,3694.58,0,-1,0,0,-40.50
61592,3663.00,0,0,0,0,31.58
61642,3694.58,0,-1,0,0,-41.39
61692,3663.00,0,0,0,0,22.50
61742,3678.27,0,-1,0,0,-54.21
61792,3635.48,0,0,0,0,30.21
61842,3674.67,0,-1,0,0,-33.89
61892,3598.85,0,0,0,0,8.79
61942,3664.79,0,0,0,0,-38.10
61992,3627.57,0,0,0,0,27.40
62042,3631.08,0,0,0,0,-51.13
62092,3576.54,0,0,0,0,23.17
62142,3568.03,0,0,0,0,11.92
62192,3563.79,0,0,0,0,29.88
62242,3603.17,0,0,0,0,-27.49
62292,3597.98,0,0,0,0,22.58
62342,3644.31,0,0,0,0,-35.94
62392,3588.52,0,0,0,0,19.85
62442,3640.78,0,0,0,0,-42.79
62492,3617.07,0,0,0,0,38.79
62542,3587.66,0,0,0,0,-10.27
62592,3579.95,0,0,0,0,31.02
62642,3602.31,0,0,0,0,-33.43
62692,3588.52,0,0,0,0,24.20
62742,3584.23,0,0,0,0,14.62
62792,3569.73,0,0,0,0,33.44
62842,3575.69,0,0,0,0,-38.78
62892,3565.49,0,0,0,0,28.19
62942,3552.82,0,0,0,0,-24.24
62992,3546.10,0,0,0,0,38.13
63042,3575.69,0,0,0,0,-21.18
63092,3546.10,0,0,0,0,19.39
63142,3537.74,0,0,0,0,17.61
63192,3489.18,0,1,0,0,17.95
63242,3512.06,0,1,0,0,-48.65
63293,3511.24,0,1,0,0,32.35
63343,3621.44,0,0,0,0,-172.37
63393,3562.10,0,0,0,0,-46.75
63443,3555.34,0,0,0,0,221.09
63493,3606.64,0,0,0,0,82.49
63543,3598.85,0,0,0,0,-27.56
63593,3626.69,0,0,0,0,-11.36
63643,3627.57,0,0,0,0,1.76
63693,3656.75,0,0,0,0,-2.67
63744,3633.72,0,0,0,0,196.72
63794,3791.71,-1,-2,0,0,-232.15
63844,3672.87,0,-1,0,0,0.00
63894,3663.00,0,0,0,0,21.59
63944,3665.69,0,0,0,0,-21.37
63994,3607.50,0,0,0,0,18.31
64044,3588.52,0,0,0,0,18.99
64094,3555.34,0,0,0,0,19.49
64144,3577.39,0,0,0,0,-13.60
64194,3565.49,0,0,0,0,18.74
64244,3591.95,0,0,0,0,-17.97
64294,3578.24,0,0,0,0,24.93
64344,3592.81,0,0,0,0,-9.44
64394,3547.78,0,0,0,0,16.86
64444,3555.34,0,0,0,0,28.03
64494,3723.01,0,-1,0,0,9.26
64544,3557.87,0,0,0,0,295.19
64594,3597.12,0,0,0,0,211.92
64644,3573.98,0,0,0,0,199.60
64694,3557.03,0,0,0,0,18.65
64744,3556.19,0,0,0,0,18.65
64794,3584.23,0,0,0,0,-8.54
64844,3564.64,0,0,0,0,10.19
64894,3593.67,0,0,0,0,-29.04
64944,3585.09,0,0,0,0,16.35
64994,3540.24,0,0,0,0,-11.66
65044,3536.90,0,0,0,0,7.52
65094,3593.67,0,0,0,0,-39.17
65144,3555.34,0,0,0,0,19.49
65195,3601.44,0,0,0,0,26.47
65245,3538.57,0,0,0,0,16.77
65295,3565.49,0,0,0,0,-27.75
65345,3564.64,0,0,0,0,10.19
65395,3591.95,0,0,0,0,-27.32
65445,3577.39,0,0,0,0,24.05
65495,3603.17,0,0,0,0,-29.19
65545,3546.10,0,0,0,0,10.09
65595,3593.67,0,0,0,0,-29.04
65645,3589.38,0,0,0,0,31.19
65695,3584.23,0,0,0,0,-5.99
65745,3579.10,0,0,0,0,24.07
65795,3565.49,0,0,0,0,23.03
65845,3573.13,0,0,0,0,11.10
65895,3621.44,0,0,0,0,-30.34
65945,3589.38,0,0,0,0,22.47
65995,3575.69,0,0,0,0,-29.59
66045,3555.34,0,0,0,0,19.49
66095,3593.67,0,0,0,0,-29.88
66145,3579.10,0,0,0,0,24.07
66195,3621.44,0,0,0,0,-23.45
66245,3589.38,0,0,0,0,32.06
66295,3603.17,0,0,0,0,-13.80
66345,3588.52,0,0,0,0,23.33
66395,3579.95,0,0,0,0,28.42
66445,3620.56,0,0,0,0,123.82
66495,3610.98,0,0,0,0,185.53
66545,3597.98,0,0,0,0,207.19
66595,3583.37,0,0,0,0,194.01
66646,3592.81,0,0,0,0,176.98
66696,3568.88,0,0,0,0,143.99
66746,3626.69,0,0,0,0,39.89
66796,3551.14,0,0,0,0,105.62
66846,3569.73,0,0,0,0,31.71
66896,3564.64,0,0,0,0,10.19
66946,3620.56,0,0,0,0,-48.29
66996,3546.10,0,0,0,0,13.46
67046,3527.75,0,1,0,0,19.19
67096,3536.07,0,0,0,0,17.59
67146,3584.23,0,0,0,0,-38.13
67196,3546.10,0,0,0,0,28.73
67246,3584.23,0,0,0,0,-38.13
67296,3569.73,0,0,0,0,33.44
67346,3582.52,0,0,0,0,-13.64
67396,3587.66,0,0,0,0,27.67
67446,3630.20,0,0,0,0,-41.69
67496,3608.37,0,0,0,0,17.44
67546,3626.69,0,0,0,0,-8.75
67596,3597.98,0,0,0,0,33.10
67646,3645.20,0,0,0,0,-18.51
67696,3598.85,0,0,0,0,23.58
67746,3636.36,0,0,0,0,-28.86
67796,3625.82,0,0,0,0,13.19
67846,3674.67,0,-1,0,0,-38.31
67896,3634.60,0,0,0,0,40.07
67946,3654.08,0,0,0,0,-37.01
67996,3626.69,0,0,0,0,19.39
68046,3655.86,0,0,0,0,-18.62
68096,3646.09,0,0,0,0,19.60
68146,3655.86,0,0,0,0,-11.55
68196,3675.57,0,-1,0,0,-73.26
68246,3631.08,0,0,0,0,-33.10
68296,3626.69,0,0,0,0,29.17
68346,3655.86,0,0,0,0,-29.17
68396,3663.90,0,0,0,0,10.77
68446,3684.60,0,-1,0,0,-20.70
68496,3626.69,0,0,0,0,22.94
68546,3655.86,0,0,0,0,8.04
68596,3604.04,0,0,0,0,172.40
68646,3624.94,0,0,0,0,180.24
68696,3557.87,0,0,0,0,308.10
68746,3566.33,0,0,0,0,-16.88
68796,3563.79,0,0,0,0,23.01
68846,3610.98,0,0,0,0,-36.14
68896,3574.83,0,0,0,0,17.12
68946,3603.17,0,0,0,0,-24.93
68996,3567.18,0,0,0,0,34.26
69046,3602.31,0,0,0,0,-32.58
69096,3527.75,0,1,0,0,19.19
69146,3564.64,0,0,0,0,-8.45
69196,3557.03,0,0,0,0,16.10
69246,3584.23,0,0,0,0,-9.40
69296,3573.13,0,0,0,0,20.54
69346,3574.83,0,0,0,0,-37.93
69396,3549.46,0,0,0,0,34.77
69446,3575.69,0,0,0,0,-21.18
69496,3555.34,0,0,0,0,10.14
69547,3520.30,0,1,0,0,24.96
69597,3529.41,0,1,0,0,22.57
69647,3573.13,0,0,0,0,-34.56
69697,3565.49,0,0,0,0,26.47
69747,3592.81,0,0,0,0,-27.33
69797,3558.72,0,0,0,0,34.10
69847,3575.69,0,0,0,0,-30.42
69897,3555.34,0,0,0,0,19.49
69947,3500.58,0,1,0,0,37.99
69997,3517.00,0,1,0,0,-28.63
70047,3716.55,0,-1,0,0,-202.02
70097,3585.09,0,0,0,0,-44.01
70147,3546.10,0,0,0,0,19.39
70197,3608.37,0,0,0,0,-34.39
70247,3606.64,0,0,0,0,24.45
70297,3636.36,0,0,0,0,-19.29
70347,3626.69,0,0,0,0,28.28
70397,3664.79,0,0,0,0,-37.22
70447,3673.77,0,-1,0,0,25.37
70497,3689.13,0,-1,0,0,-17.16
70547,3835.34,-2,-3,0,0,-276.62
70597,3708.28,0,-1,0,0,24.92
70647,3723.01,0,-1,0,0,-40.22
70697,3692.76,0,-1,0,0,29.32
70747,3702.79,0,-1,0,0,-8.21
70797,3682.79,0,-1,0,0,30.08
70847,3712.87,0,-1,0,0,-19.20
70897,3693.67,0,-1,0,0,30.26
70947,3675.57,0,-1,0,0,-31.25
70998,3632.84,0,0,0,0,42.73
71048,3589.38,0,0,0,0,19.00
71098,3577.39,0,0,0,0,25.78
71148,3582.52,0,0,0,0,-3.42
71198,3574.83,0,0,0,0,7.68
71248,3574.83,0,0,0,0,-11.04
71298,3563.79,0,0,0,0,20.44
71348,3565.49,0,0,0,0,-0.85
71398,3554.50,0,0,0,0,21.18
71448,3546.94,0,0,0,0,16.01
71498,3472.22,0,1,0,0,25.91
71548,3516.17,0,1,0,0,-43.95
71598,3490.81,0,1,0,0,25.37
71648,3533.57,0,0,0,0,-34.62
71698,3528.58,0,1,0,0,33.52
71748,3527.75,0,1,0,0,20.02
71798,3583.37,0,0,0,0,154.48
71848,3559.56,0,0,0,0,97.19
71898,3593.67,0,0,0,0,-19.69
71948,3574.83,0,0,0,0,17.12
71998,3621.44,0,0,0,0,-33.78
72048,3607.50,0,0,0,0,32.39
72098,3597.12,0,0,0,0,19.95
72148,3565.49,0,0,0,0,17.89
72198,3602.31,0,0,0,0,-25.77
72248,3588.52,0,0,0,0,23.33
72298,3646.09,0,0,0,0,-39.45
72348,3627.57,0,0,0,0,17.63
72398,3646.09,0,0,0,0,-9.72
72448,3634.60,0,0,0,0,40.07
72498,3674.67,0,-1,0,0,-28.58
72548,3626.69,0,0,0,0,32.74
72598,3655.86,0,0,0,0,6.25
72648,3620.56,0,0,0,0,159.68
72698,3751.88,-1,-2,0,0,-194.00
72748,3636.36,0,0,0,0,17.72
72798,3597.98,0,0,0,0,27.83
72848,3607.50,0,0,0,0,0.87
72898,3584.23,0,0,0,0,8.58
72948,3611.85,0,0,0,0,-19.89
72998,3607.50,0,0,0,0,22.70
73048,3626.69,0,0,0,0,13.20
73098,3729.49,0,-1,0,0,-169.92
73148,3605.77,0,0,0,0,21.80
73198,3573.98,0,0,0,0,9.39
73248,3611.85,0,0,0,0,-29.33
73298,3588.52,0,0,0,0,14.65
73348,3597.98,0,0,0,0,20.83
73398,3591.95,0,0,0,0,152.43
73448,3591.95,0,0,0,0,142.18
73498,3624.94,0,0,0,0,89.77
73548,3559.56,0,0,0,0,145.97
73598,3588.52,0,0,0,0,58.46
73648,3573.13,0,0,0,0,18.82
73698,3574.83,0,0,0,0,-28.73
73748,3559.56,0,0,0,0,43.61
73798,3561.25,0,0,0,0,-41.78
73848,3556.19,0,0,0,0,22.06
73899,3602.31,0,0,0,0,-32.58
73949,3564.64,0,0,0,0,10.19
73999,3620.56,0,0,0,0,-43.17
74049,3597.12,0,0,0,0,15.59
74099,3583.37,0,0,0,0,15.48
74149,3494.87,0,1,0,0,33.71
74199,3419.19,0,2,0,0,25.91
74249,3323.00,14,4,0,14,42.50
74299,3341.50,-25,3,0,-45,-129.51
74349,3165.89,0,6,0,-6,-21.24
74399,3167.23,-36,6,0,-46,-139.37
74449,3009.03,5,8,0,11,37.90
74499,2979.74,46,9,0,41,136.82
74549,2865.88,5,11,0,7,27.08
74599,2754.31,55,12,0,64,234.92
74649,2792.26,90,12,0,85,314.62
74699,2730.75,5,13,0,6,23.06
74749,2654.87,7,14,0,12,47.35
74799,2604.62,3,14,0,11,41.82
74849,2618.71,-15,14,0,-31,-119.96
74899,2410.03,35,17,0,21,88.31
74949,2502.92,0,16,0,-17,-74.16
74999,2317.32,30,19,0,14,60.99
75049,2361.83,10,18,0,-6,-27.20
75099,2272.04,13,19,0,19,89.79
75149,2228.83,4,20,0,6,29.53
75199,2153.01,9,21,0,4,22.80
75249,2113.27,31,22,0,20,97.16
75299,2078.43,22,22,0,3,14.50
75350,2059.87,2,23,0,3,18.55
75400,2005.88,23,23,0,0,3.76
75450,1956.18,24,24,0,0,4.60
75500,1910.58,33,25,0,8,45.60
75550,1858.74,34,26,0,8,45.30
75600,1855.75,26,26,0,0,2.99
75650,1804.84,26,26,0,0,0.00
75700,1756.85,35,27,0,8,47.99
75750,1703.58,36,28,0,8,50.19
75800,1703.00,28,28,0,0,0.58
75850,1651.07,37,29,0,8,51.92
75900,1601.37,37,29,0,8,51.16
75950,1598.81,30,30,0,0,2.56
76000,1548.63,37,30,0,7,50.18
76050,1493.88,39,31,0,8,54.59
76100,1497.30,31,31,0,0,-3.43
76150,1442.17,39,32,0,7,55.14
76200,1442.59,32,32,0,0,-0.42
76250,1387.60,40,33,0,7,54.98
76300,1389.53,33,33,0,0,-1.93
76350,1344.21,31,33,0,-2,-18.53
76400,1278.77,42,34,0,8,65.43
76450,1279.86,34,34,0,0,-1.09
76500,1222.79,41,35,0,6,57.07
76550,1225.59,35,35,0,0,-2.80
76600,1164.51,43,36,0,7,61.08
76650,1168.32,36,36,0,0,-3.81
76700,1105.05,44,37,0,7,63.26
76750,1110.04,37,37,0,0,-4.99
76800,1110.04,37,37,0,0,-4.99
76850,1055.07,43,38,0,5,54.97
76900,1046.10,38,38,0,0,8.98
76950,978.54,45,39,0,6,67.56
77000,983.22,39,39,0,0,-4.68
77050,983.22,39,39,0,0,-4.68
77100,908.54,46,40,0,6,74.68
77150,930.35,38,40,0,-2,-21.81
77200,852.08,47,41,0,6,78.27
77250,852.08,47,41,0,6,78.27
77300,847.03,41,41,0,0,5.05
77350,773.24,47,42,0,5,73.79
77400,773.24,47,42,0,5,73.79
77450,769.55,42,42,0,0,3.69
77500,705.48,47,43,0,4,64.06
77550,705.48,47,43,0,4,64.06
77600,681.20,44,43,0,1,24.28
77650,681.20,44,43,0,1,24.28
77700,608.15,48,44,0,4,73.05
77750,608.15,48,44,0,4,73.05
77800,579.40,46,45,0,1,28.75
77850,579.40,46,45,0,1,28.75
77900,579.40,46,45,0,1,28.75
77950,494.17,50,46,0,4,85.23
78000,494.17,50,46,0,4,85.23
78050,451.07,48,47,0,1,43.10
78100,451.07,48,47,0,1,43.10
78150,451.07,48,47,0,1,43.10
78200,451.07,48,47,0,1,43.10
78251,332.58,52,49,0,3,118.49
78301,332.58,52,49,0,3,118.49
78351,332.58,52,49,0,3,118.49
78401,332.58,52,49,0,3,118.49
79242,59.02,-52,49,0,3,118.49
79292,59.02,-52,49,0,3,118.49
79342,59.02,-52,49,0,3,118.49
79392,59.02,-52,49,0,3,118.49
79442,59.02,-52,49,0,3,118.49
79492,59.02,-52,49,0,3,118.49
79542,59.02,-52,49,0,3,118.49
79592,59.02,-52,49,0,3,118.49
79642,59.02,-52,49,0,3,118.49
79692,59.02,-52,49,0,3,118.49
79742,59.02,-52,49,0,3,118.49
