------ Microcontroller Engine Governor - Version: 1.12 ------
-------------------------------------------------------------
PID Gains:        Kp: 0.010000   Ki: 0.000000   Kd: 3.000000
-------------------------------------------------------------
Set RPM:             3600    |  Min RPM:                300
                             |
RPM Precision        2       |  PID I Precision:         22
                             |
Start Steps:         900     |  Max Steps:               1200
                             |
RPM Calc Interval:   1       |  Num Magnets:             1
                             |
LCD Update Interval: 400     |  Serial Update Interval:  50
-------------------------------------------------------------

Time,RPM,Steps Remaining, PID p, PID i, PID d
1814,0.00,0,0,0,0
1864,0.00,0,0,0,0
1914,0.00,0,0,0,0
1964,0.00,0,0,0,0
2014,0.00,0,0,0,0
2064,0.00,0,0,0,0
2114,0.00,0,0,0,0
2164,0.00,0,0,0,0
2214,0.00,0,0,0,0
2264,0.00,0,0,0,0
2314,0.00,0,0,0,0
2364,0.00,0,0,0,0
2414,0.00,0,0,0,0
2464,0.00,0,0,0,0
2514,0.00,0,0,0,0
2564,0.00,0,0,0,0
2614,inf,0,0,0,0
2664,inf,0,0,0,0
2714,614.63,4,29,0,0
2764,614.63,0,29,0,0
2814,667.79,0,29,0,-1
2864,1009.22,0,25,0,-17
2914,1005.29,10,25,0,0
2964,1301.63,0,22,0,-18
3014,1303.44,0,22,0,0
3064,1509.21,0,20,0,-15
3115,1723.15,0,18,0,-17
3165,1729.51,0,18,0,0
3215,1900.66,4,16,0,0
3265,2040.26,12,15,0,0
3315,2177.38,0,14,0,-14
3365,2311.60,0,12,0,-14
3415,2444.59,0,11,0,-14
3465,2552.32,0,10,0,-14
3515,2637.13,8,9,0,3
3565,2693.48,1,9,0,2
3615,2797.46,0,8,0,1
3665,2978.55,-2,6,0,-13
3715,3058.10,0,5,0,-14
3765,3083.25,2,5,0,3
3815,3155.24,0,4,0,1
3865,3334.07,-17,2,0,-31
3915,3345.23,0,2,0,-1
3965,3408.32,0,1,0,0
4015,3425.44,0,1,0,0
4065,3469.01,0,1,0,0
4115,3555.34,0,0,0,0
4165,3551.98,0,0,0,0
4215,3636.36,0,0,0,0
4265,3640.78,0,0,0,0
4315,3685.50,0,0,0,0
4365,3736.92,0,-1,0,0
4415,3741.58,0,-1,0,0
4465,3771.69,0,-1,0,0
4515,3761.28,0,-1,0,0
4566,3822.63,0,-2,0,0
4616,3809.04,0,-2,0,0
4666,3842.21,0,-2,0,0
4716,3911.34,-27,-3,0,-27
4766,3775.48,0,-1,0,0
4816,3945.29,-28,-3,0,-34
4866,3774.53,0,-1,0,0
4916,3783.10,0,-1,0,0
4966,3731.34,0,-1,0,0
5016,3690.04,0,0,0,0
5066,3655.86,0,0,0,0
5116,3575.69,0,0,0,0
5166,3527.75,0,0,0,0
5216,3510.41,0,0,0,0
5266,3465.80,0,1,0,0
5316,3477.05,0,1,0,0
5366,3417.63,0,1,0,0
5416,3412.97,0,1,0,0
5466,3396.74,0,2,0,0
5516,3422.31,0,1,0,0
5566,3443.53,0,1,0,0
5616,3434.07,0,1,0,0
5666,3417.63,0,1,0,0
5716,3424.66,0,1,0,0
5766,3477.86,0,1,0,0
5816,3479.47,0,1,0,0
5866,3535.23,0,0,0,0
5916,3518.65,0,0,0,0
5966,3575.69,0,0,0,0
6016,3594.54,0,0,0,0
6066,3579.95,0,0,0,0
6116,3622.31,0,0,0,0
6166,3608.37,0,0,0,0
6216,3640.78,0,0,0,0
6266,3644.31,0,0,0,0
6316,3660.32,0,0,0,0
6366,3675.57,0,0,0,0
6416,3626.69,0,0,0,0
6466,3665.69,0,0,0,0
6516,3646.97,0,0,0,0
6566,3675.57,0,0,0,0
6616,3637.25,0,0,0,0
6666,3697.31,0,0,0,0
6716,3680.08,0,0,0,0
6766,3715.63,0,-1,0,0
6816,3700.96,0,-1,0,0
6866,3695.49,0,0,0,0
6916,3671.07,0,0,0,0
6966,3705.53,0,-1,0,0
7016,3675.57,0,0,0,0
7066,3685.50,0,0,0,0
7116,3680.08,0,0,0,0
7166,3717.47,0,-1,0,0
7216,3699.14,0,0,0,0
7266,3934.94,-72,-3,0,-71
7316,3740.65,0,-1,0,0
7366,3710.12,0,-1,0,0
7416,3696.40,0,0,0,0
7467,3666.59,0,0,0,0
7517,3585.09,0,0,0,0
7567,3576.54,0,0,0,0
7617,3573.98,0,0,0,0
7667,3547.78,0,0,0,0
7717,3528.58,0,0,0,0
7767,3452.24,0,1,0,0
7817,3494.87,0,1,0,0
7867,3504.67,0,0,0,0
7917,3670.17,0,0,0,0
7967,3522.78,0,0,0,0
8017,3519.47,0,0,0,0
8067,3518.65,0,0,0,0
8117,3503.04,0,0,0,0
8167,3557.03,0,0,0,0
8217,3529.41,0,0,0,0
8267,3564.64,0,0,0,0
8317,3546.10,0,0,0,0
8367,3612.72,0,0,0,0
8417,3585.09,0,0,0,0
8467,3617.07,0,0,0,0
8517,3608.37,0,0,0,0
8567,3637.25,0,0,0,0
8617,3607.50,0,0,0,0
8667,3636.36,0,0,0,0
8717,3617.94,0,0,0,0
8767,3612.72,0,0,0,0
8817,3598.85,0,0,0,0
8867,3641.66,0,0,0,0
8918,3594.54,0,0,0,0
8968,3607.50,0,0,0,0
9018,3608.37,0,0,0,0
9068,3631.96,0,0,0,0
9118,3617.07,0,0,0,0
9168,3602.31,0,0,0,0
9218,3599.71,0,0,0,0
9268,3641.66,0,0,0,0
9318,3625.82,0,0,0,0
9368,3631.96,0,0,0,0
9418,3627.57,0,0,0,0
9468,3651.41,0,0,0,0
9518,3636.36,0,0,0,0
9568,3665.69,0,0,0,0
9618,3627.57,0,0,0,0
9668,3665.69,0,0,0,0
9718,3646.97,0,0,0,0
9768,3665.69,0,0,0,0
9818,3646.97,0,0,0,0
9868,3660.32,0,0,0,0
9918,3626.69,0,0,0,0
9968,3627.57,0,0,0,0
10018,3617.07,0,0,0,0
10068,3665.69,0,0,0,0
10118,3655.86,0,0,0,0
10168,3695.49,0,0,0,0
10218,3675.57,0,0,0,0
10268,3690.04,0,0,0,0
10318,3650.52,0,0,0,0
10368,3646.97,0,0,0,0
10418,3685.50,0,0,0,0
10468,3685.50,0,0,0,0
10518,3714.71,0,-1,0,0
10568,3689.13,0,0,0,0
10618,3705.53,0,-1,0,0
10668,3690.04,0,0,0,0
10718,3705.53,0,-1,0,0
10768,3690.04,0,0,0,0
10818,3675.57,0,0,0,0
10868,3655.86,0,0,0,0
10918,3641.66,0,0,0,0
10968,3617.94,0,0,0,0
11018,3621.44,0,0,0,0
11068,3608.37,0,0,0,0
11118,3653.19,0,0,0,0
11168,3617.94,0,0,0,0
11218,3626.69,0,0,0,0
11268,3599.71,0,0,0,0
11318,3626.69,0,0,0,0
11368,3597.12,0,0,0,0
11418,3593.67,0,0,0,0
11468,3570.58,0,0,0,0
11518,3582.52,0,0,0,0
11568,3555.34,0,0,0,0
11618,3603.17,0,0,0,0
11668,3584.23,0,0,0,0
11718,3573.98,0,0,0,0
11768,3571.43,0,0,0,0
11819,3593.67,0,0,0,0
11869,3528.58,0,0,0,0
11919,3568.03,0,0,0,0
11969,3547.78,0,0,0,0
12019,3573.98,0,0,0,0
12069,3562.10,0,0,0,0
12119,3573.98,0,0,0,0
12169,3557.03,0,0,0,0
12219,3538.57,0,0,0,0
12269,3519.47,0,0,0,0
12319,3541.08,0,0,0,0
12369,3511.24,0,0,0,0
12419,3510.41,0,0,0,0
12469,3546.94,0,0,0,0
12519,3519.47,0,0,0,0
12569,3483.51,0,1,0,0
12619,3475.44,0,1,0,0
12669,3521.95,0,0,0,0
12719,3480.28,0,1,0,0
12769,3521.95,0,0,0,0
12819,3519.47,0,0,0,0
12869,3557.03,0,0,0,0
12919,3557.03,0,0,0,0
12969,3546.10,0,0,0,0
13019,3529.41,0,0,0,0
13069,3575.69,0,0,0,0
13119,3560.41,0,0,0,0
13169,3610.98,0,0,0,0
13219,3598.85,0,0,0,0
13270,3626.69,0,0,0,0
13320,3593.67,0,0,0,0
13370,3622.31,0,0,0,0
13420,3597.98,0,0,0,0
13470,3625.82,0,0,0,0
13520,3611.85,0,0,0,0
13570,3641.66,0,0,0,0
13620,3625.82,0,0,0,0
13670,3617.07,0,0,0,0
13720,3598.85,0,0,0,0
13770,3641.66,0,0,0,0
13820,3625.82,0,0,0,0
13870,3655.86,0,0,0,0
13920,3629.32,0,0,0,0
13970,3617.94,0,0,0,0
14020,3579.10,0,0,0,0
14070,3607.50,0,0,0,0
14120,3598.85,0,0,0,0
14170,3614.46,0,0,0,0
14220,3592.81,0,0,0,0
14270,3629.32,0,0,0,0
14320,3611.85,0,0,0,0
14370,3608.37,0,0,0,0
14420,3602.31,0,0,0,0
14470,3622.31,0,0,0,0
14520,3608.37,0,0,0,0
14570,3651.41,0,0,0,0
14620,3570.58,0,0,0,0
14670,3631.96,0,0,0,0
14720,3552.82,0,0,0,0
14770,3597.98,0,0,0,0
14820,3584.23,0,0,0,0
14870,3598.85,0,0,0,0
14920,3547.78,0,0,0,0
14970,3602.31,0,0,0,0
15020,3603.17,0,0,0,0
15070,3592.81,0,0,0,0
15120,3610.98,0,0,0,0
15170,3603.17,0,0,0,0
15220,3598.85,0,-2,0,0
15270,3589.38,0,0,0,0
15320,3601.44,0,-1,0,0
15370,3588.52,0,0,0,0
15420,3610.98,0,0,0,0
15470,3606.64,0,0,0,0
15520,3631.96,0,0,0,0
15570,3571.43,0,0,0,0
15620,3617.94,0,0,0,0
15670,3585.09,0,0,0,0
15720,3607.50,0,0,0,0
15770,3598.85,0,0,0,0
15820,3583.37,0,0,0,0
15870,3569.73,0,0,0,0
15920,3557.03,0,0,0,0
15970,3555.34,0,0,0,0
16020,3603.17,0,0,0,0
16070,3574.83,0,0,0,0
16120,3617.94,0,0,0,0
16171,3585.09,0,0,0,0
16221,3608.37,0,0,0,0
16271,3598.85,0,0,0,0
16321,3636.36,0,0,0,0
16371,3607.50,0,0,0,0
16421,3631.96,0,0,0,0
16471,3617.94,0,0,0,0
16521,3656.75,0,0,0,0
16571,3646.97,0,0,0,0
16621,3636.36,0,0,0,0
16671,3618.82,0,0,0,0
16721,3651.41,0,0,0,0
16771,3606.64,0,0,0,0
16821,3641.66,0,0,0,0
16871,3626.69,0,0,0,0
16921,3646.09,0,0,0,0
16971,3641.66,0,0,0,0
17021,3637.25,0,0,0,0
17071,3646.09,0,0,0,0
17121,3617.07,0,0,0,0
17171,3661.22,0,0,0,0
17221,3637.25,0,0,0,0
17271,3636.36,0,0,0,0
17321,3627.57,0,0,0,0
17371,3656.75,0,0,0,0
17421,3646.97,0,0,0,0
17471,3666.59,0,0,0,0
17521,3646.97,0,0,0,0
17571,3675.57,0,0,0,0
17622,3665.69,0,0,0,0
17672,3675.57,0,0,0,0
17722,3646.09,0,0,0,0
17772,3637.25,0,0,0,0
17822,3612.72,0,0,0,0
17872,3631.08,0,0,0,0
17922,3617.94,0,0,0,0
17972,3720.24,0,-1,0,0
18022,3637.25,0,0,0,0
18072,3665.69,0,0,0,0
18122,3646.97,0,0,0,0
18172,3666.59,0,0,0,0
18222,3627.57,0,0,0,0
18272,3666.59,0,0,0,0
18322,3637.25,0,0,0,0
18372,3653.19,0,0,0,0
18422,3617.94,0,0,0,0
18472,3621.44,0,0,0,0
18522,3618.82,0,0,0,0
18572,3656.75,0,0,0,0
18622,3585.09,0,0,0,0
18672,3617.94,0,0,0,0
18722,3589.38,0,0,0,0
18772,3610.98,0,0,0,0
18822,3598.85,0,0,0,0
18872,3607.50,0,0,0,0
18922,3585.09,0,0,0,0
18972,3594.54,0,0,0,0
19022,3568.88,0,0,0,0
19072,3606.64,0,0,0,0
19122,3583.37,0,0,0,0
19172,3638.13,0,0,0,0
19222,3617.94,0,0,0,0
19272,3667.48,0,0,0,0
19322,3646.97,0,0,0,0
19372,3655.86,0,0,0,0
19422,3608.37,0,0,0,0
19472,3631.96,0,0,0,0
19522,3598.85,0,0,0,0
19572,3646.97,0,0,0,0
19622,3617.94,0,0,0,0
19672,3608.37,0,0,0,0
19722,3584.23,0,0,0,0
19772,3573.98,0,0,0,0
19822,3570.58,0,0,0,0
19872,3603.17,0,0,0,0
19922,3546.10,0,0,0,0
19972,3530.24,0,0,0,0
20022,3570.58,0,0,0,0
20072,3591.95,0,0,0,0
20122,3568.88,0,0,0,0
20172,3585.09,0,0,0,0
20222,3551.14,0,0,0,0
20272,3593.67,0,0,0,0
20322,3561.25,0,0,0,0
20372,3526.09,0,0,0,0
20422,3561.25,0,0,0,0
20472,3585.09,0,0,0,0
20523,3569.73,0,0,0,0
20573,3603.17,0,0,0,0
20623,3585.09,0,0,0,0
20673,3608.37,0,0,0,0
20723,3575.69,0,0,0,0
20773,3580.81,0,0,0,0
20823,3584.23,0,0,0,0
20873,3626.69,0,0,0,0
20923,3598.85,0,0,0,0
20973,3604.04,0,0,0,0
21023,3585.09,0,0,0,0
21073,3631.96,0,0,0,0
21123,3597.98,0,0,0,0
21173,3496.50,0,1,0,0
21223,3592.81,0,0,0,0
21273,3622.31,0,0,0,0
21323,3598.85,0,0,0,0
21373,3631.96,0,0,0,0
21423,3570.58,0,0,0,0
21473,3636.36,0,0,0,0
21523,3606.64,0,0,0,0
21573,3603.17,0,0,0,0
21623,3561.25,0,0,0,0
21673,3592.81,0,0,0,0
21723,3573.98,0,0,0,0
21773,3546.10,0,0,0,0
21823,3538.57,0,0,0,0
21873,3546.94,0,0,0,0
21923,3566.33,0,0,0,0
21974,3650.52,0,0,0,0
22024,3593.67,0,0,0,0
22074,3570.58,0,0,0,0
22124,3627.57,0,0,0,0
22174,3620.56,0,0,0,0
22224,3781.19,0,-1,0,0
22274,3617.94,0,0,0,0
22324,3589.38,0,0,0,0
22374,3641.66,0,0,0,0
22424,3627.57,0,0,0,0
22474,3665.69,0,0,0,0
22524,3636.36,0,0,0,0
22574,3665.69,0,0,0,0
22624,3594.54,0,0,0,0
22674,3631.96,0,0,0,0
22724,3627.57,0,0,0,0
22774,3675.57,0,0,0,0
22824,3637.25,0,0,0,0
22874,3655.86,0,0,0,0
22924,3626.69,0,0,0,0
22974,3617.07,0,0,0,0
23024,3593.67,0,0,0,0
23074,3637.25,0,0,0,0
23124,3617.94,0,0,0,0
23174,3651.41,0,0,0,0
23224,3617.94,0,0,0,0
23274,3637.25,0,0,0,0
23324,3589.38,0,0,0,0
23374,3617.07,0,0,0,0
23424,3598.85,0,0,0,0
23474,3661.22,0,0,0,0
23524,3637.25,0,0,0,0
23574,3617.07,0,0,0,0
23624,3608.37,0,0,0,0
23674,3641.66,0,0,0,0
23724,3617.94,0,0,0,0
23774,3651.41,0,0,0,0
23824,3593.67,0,0,0,0
23874,3631.96,0,0,0,0
23924,3617.94,0,0,0,0
23974,3624.94,0,0,0,0
24024,3598.85,0,0,0,0
24074,3593.67,0,0,0,0
24124,3573.13,0,0,0,0
24174,3606.64,0,0,0,0
24224,3583.37,0,0,0,0
24274,3631.96,0,0,0,0
24324,3617.94,0,0,0,0
24374,3640.78,0,0,0,0
24424,3626.69,0,0,0,0
24474,3666.59,0,0,0,0
24524,3594.54,0,0,0,0
24574,3627.57,0,0,0,0
24624,3570.58,0,0,0,0
24674,3582.52,0,0,0,0
24724,3570.58,0,0,0,0
24774,3627.57,0,0,0,0
24824,3597.98,0,0,0,0
24875,3617.07,0,0,0,0
24925,3604.04,0,0,0,0
24975,3620.56,0,0,0,0
25025,3608.37,0,0,0,0
25075,3656.75,0,0,0,0
25125,3637.25,0,0,0,0
25175,3608.37,0,0,0,0
25225,3599.71,0,0,0,0
25275,3590.23,0,0,0,0
25325,3565.49,0,0,0,0
25375,3604.04,0,0,0,0
25425,3590.23,0,0,0,0
25475,3617.94,0,0,0,0
25525,3582.52,0,0,0,0
25575,3613.59,0,0,0,0
25625,3565.49,0,0,0,0
25675,3608.37,0,0,0,0
25725,3608.37,0,0,0,0
25775,3649.63,0,0,0,0
25825,3637.25,0,0,0,0
25875,3655.86,0,0,0,0
25925,3627.57,0,0,0,0
25975,3637.25,0,0,0,0
26025,3602.31,0,0,0,0
26075,3631.96,0,0,0,0
26125,3627.57,0,0,0,0
26175,3641.66,0,0,0,0
26225,3617.94,0,0,0,0
26275,3656.75,0,0,0,0
26326,3593.67,0,0,0,0
26376,3631.08,0,0,0,0
26426,3601.44,0,0,0,0
26476,3624.94,0,0,0,0
26526,3617.94,0,0,0,0
26576,3655.86,0,0,0,0
26626,3608.37,0,0,0,0
26676,3655.86,0,0,0,0
26726,3608.37,0,0,0,0
26776,3651.41,0,0,0,0
26826,3505.49,0,0,0,0
26876,3640.78,0,0,0,0
26926,3627.57,0,0,0,0
26976,3646.97,0,0,0,0
27026,3646.97,0,0,0,0
27076,3675.57,0,0,0,0
27126,3656.75,0,0,0,0
27176,3666.59,0,0,0,0
27226,3620.56,0,0,0,0
27276,3646.09,0,0,0,0
27326,3646.97,0,0,0,0
27376,3598.85,0,0,0,0
27426,3626.69,0,0,0,0
27476,3566.33,0,0,0,0
27526,3570.58,0,0,0,0
27576,3627.57,0,0,0,0
27626,3562.10,0,0,0,0
27676,3612.72,0,0,0,0
27726,3593.67,0,0,0,0
27776,3617.94,0,0,0,0
27826,3599.71,0,0,0,0
27876,3575.69,0,0,0,0
27926,3547.78,0,0,0,0
27976,3557.03,0,0,0,0
28026,3546.10,0,0,0,0
28076,3575.69,0,0,0,0
28126,3560.41,0,0,0,0
28176,3565.49,0,0,0,0
28226,3520.30,0,0,0,0
28276,3574.83,0,0,0,0
28326,3528.58,0,0,0,0
28376,3547.78,0,0,0,0
28426,3529.41,0,0,0,0
28476,3573.98,0,0,0,0
28526,3562.10,0,0,0,0
28576,3564.64,0,0,0,0
28626,3510.41,0,0,0,0
28676,3557.03,0,0,0,0
28726,3519.47,0,0,0,0
28776,3527.75,0,0,0,0
28826,3573.98,0,0,0,0
28876,3529.41,0,0,0,0
28926,3611.85,0,0,0,0
28976,3602.31,0,0,0,0
29026,3617.94,0,0,0,0
29076,3598.85,0,0,0,0
29126,3666.59,0,0,0,0
29176,3655.86,0,0,0,0
29227,3685.50,0,0,0,0
29277,3695.49,0,0,0,0
29327,3666.59,0,0,0,0
29377,3705.53,0,-1,0,0
29427,3690.04,0,0,0,0
29477,3715.63,0,-1,0,0
29527,3690.04,0,0,0,0
29577,3707.36,0,-1,0,0
29627,3680.08,0,0,0,0
29677,3665.69,0,0,0,0
29727,3625.82,0,0,0,0
29777,3641.66,0,0,0,0
29827,3637.25,0,0,0,0
29877,3646.09,0,0,0,0
29927,3637.25,0,0,0,0
29977,3675.57,0,0,0,0
30027,3665.69,0,0,0,0
30077,3686.41,0,0,0,0
30127,3667.48,0,0,0,0
30177,3697.31,0,0,0,0
30227,3705.53,0,-1,0,0
30277,3700.05,0,-1,0,0
30327,3729.49,0,-1,0,0
30377,3700.05,0,-1,0,0
30427,3715.63,0,-1,0,0
30477,3675.57,0,0,0,0
30527,3627.57,0,0,0,0
30577,3584.23,0,0,0,0
30627,3576.54,0,0,0,0
30678,3568.88,0,0,0,0
30728,3598.85,0,0,0,0
30778,3579.95,0,0,0,0
30828,3556.19,0,0,0,0
30878,3503.04,0,0,0,0
30928,3538.57,0,0,0,0
30978,3501.40,0,0,0,0
31028,3496.50,0,1,0,0
31078,3521.95,0,0,0,0
31128,3474.64,0,1,0,0
31178,3512.88,0,0,0,0
31228,3501.40,0,0,0,0
31278,3541.91,0,0,0,0
31328,3520.30,0,0,0,0
31378,3547.78,0,0,0,0
31428,3510.41,0,0,0,0
31478,3555.34,0,0,0,0
31528,3519.47,0,0,0,0
31578,3555.34,0,0,0,0
31628,3528.58,0,0,0,0
31678,3575.69,0,0,0,0
31728,3520.30,0,0,0,0
31778,3538.57,0,0,0,0
31828,3564.64,0,0,0,0
31878,3557.03,0,0,0,0
31928,3592.81,0,0,0,0
31978,3579.95,0,0,0,0
32028,3598.85,0,0,0,0
32078,3587.66,0,0,0,0
32128,3636.36,0,0,0,0
32178,3606.64,0,0,0,0
32228,3614.46,0,0,0,0
32278,3589.38,0,0,0,0
32328,3626.69,0,0,0,0
32378,3598.85,0,0,0,0
32428,3640.78,0,0,0,0
32478,3574.83,0,0,0,0
32528,3626.69,0,0,0,0
32578,3607.50,0,0,0,0
32628,3611.85,0,0,0,0
32678,3575.69,0,0,0,0
32728,3625.82,0,0,0,0
32778,3546.10,0,0,0,0
32828,3593.67,0,0,0,0
32878,3587.66,0,0,0,0
32928,3567.18,0,0,0,0
32978,3573.98,0,0,0,0
33028,3598.85,0,0,0,0
33078,3566.33,0,0,0,0
33128,3602.31,0,0,0,0
33178,3567.18,0,0,0,0
33228,3589.38,0,0,0,0
33278,3597.12,0,0,0,0
33328,3627.57,0,0,0,0
33378,3583.37,0,0,0,0
33428,3612.72,0,0,0,0
33478,3573.98,0,0,0,0
33528,3627.57,0,0,0,0
33579,3597.12,0,0,0,0
33629,3611.85,0,0,0,0
33679,3553.66,0,0,0,0
33729,3640.78,0,0,0,0
33779,3577.39,0,0,0,0
33829,3631.96,0,0,0,0
33879,3604.04,0,0,0,0
33929,3627.57,0,0,0,0
33979,3598.85,0,0,0,0
34029,3602.31,0,0,0,0
34079,3539.41,0,0,0,0
34129,3584.23,0,0,0,0
34179,3579.95,0,0,0,0
34229,3579.95,0,0,0,0
34279,3568.88,0,0,0,0
34329,3612.72,0,0,0,0
34379,3598.85,0,0,0,0
34429,3585.09,0,0,0,0
34479,3579.95,0,0,0,0
34529,3550.30,0,0,0,0
34579,3551.98,0,0,0,0
34629,3603.17,0,0,0,0
34679,3590.23,0,0,0,0
34729,3636.36,0,0,0,0
34779,3608.37,0,0,0,0
34829,3574.83,0,0,0,0
34879,3559.56,0,0,0,0
34929,3575.69,0,0,0,0
34979,3569.73,0,0,0,0
35030,3584.23,0,0,0,0
35080,3561.25,0,0,0,0
35130,3607.50,0,0,0,0
35180,3599.71,0,0,0,0
35230,3617.94,0,0,0,0
35280,3608.37,0,0,0,0
35330,3608.37,0,0,0,0
35380,3603.17,0,0,0,0
35430,3598.85,0,-2,0,0
35480,3589.38,0,0,0,0
35530,3621.44,0,0,0,0
35580,3570.58,0,0,0,0
35630,3585.09,0,0,0,0
35680,3636.36,0,0,0,0
35730,3584.23,0,0,0,0
35780,3598.85,0,0,0,0
35830,3570.58,0,0,0,0
35880,3606.64,0,0,0,0
35930,3529.41,0,0,0,0
35980,3538.57,0,0,0,0
36030,3528.58,0,0,0,0
36080,3573.98,0,0,0,0
36130,3538.57,0,0,0,0
36180,3573.98,0,0,0,0
36230,3561.25,0,0,0,0
36280,3603.17,0,0,0,0
36330,3576.54,0,0,0,0
36380,3593.67,0,0,0,0
36430,3557.03,0,0,0,0
36480,3583.37,0,0,0,0
36530,3562.10,0,0,0,0
36580,3574.83,0,0,0,0
36630,3538.57,0,0,0,0
36680,3583.37,0,0,0,0
36730,3547.78,0,0,0,0
36780,3573.98,0,0,0,0
36830,3551.98,0,0,0,0
36880,3585.09,0,0,0,0
36930,3560.41,0,0,0,0
36980,3612.72,0,0,0,0
37030,3538.57,0,0,0,0
37080,3547.78,0,0,0,0
37130,3583.37,0,0,0,0
37180,3551.98,0,0,0,0
37230,3583.37,0,0,0,0
37280,3547.78,0,0,0,0
37330,3576.54,0,0,0,0
37380,3547.78,0,0,0,0
37430,3592.81,0,0,0,0
37480,3561.25,0,0,0,0
37530,3574.83,0,0,0,0
37580,3538.57,0,0,0,0
37630,3573.98,0,0,0,0
37680,3551.98,0,0,0,0
37730,3556.19,0,0,0,0
37780,3551.98,0,0,0,0
37830,3602.31,0,0,0,0
37880,3547.78,0,0,0,0
37931,3546.10,0,0,0,0
37981,3528.58,0,0,0,0
38031,3574.83,0,0,0,0
38081,3546.10,0,0,0,0
38131,3555.34,0,0,0,0
38181,3536.90,0,0,0,0
38231,3537.74,0,0,0,0
38281,3519.47,0,0,0,0
38331,3510.41,0,0,0,0
38381,3502.22,0,0,0,0
38431,3501.40,0,0,0,0
38481,3546.10,0,0,0,0
38531,3495.69,0,1,0,0
38581,3505.49,0,0,0,0
38631,3492.43,0,1,0,0
38681,3527.75,0,0,0,0
38731,3528.58,0,0,0,0
38781,3565.49,0,0,0,0
38831,3547.78,0,0,0,0
38881,3519.47,0,0,0,0
38931,3582.52,0,0,0,0
38981,3551.14,0,0,0,0
39031,3575.69,0,0,0,0
39081,3568.88,0,0,0,0
39131,3547.78,0,0,0,0
39181,3547.78,0,0,0,0
39231,3593.67,0,0,0,0
39281,3573.98,0,0,0,0
39331,3588.52,0,0,0,0
39382,3575.69,0,0,0,0
39432,3566.33,0,0,0,0
39482,3556.19,0,0,0,0
39532,3564.64,0,0,0,0
39582,3561.25,0,0,0,0
39632,3575.69,0,0,0,0
39682,3565.49,0,0,0,0
39732,3610.11,0,0,0,0
39782,3602.31,0,0,0,0
39832,3583.37,0,0,0,0
39882,3578.24,0,0,0,0
39932,3604.04,0,0,0,0
39982,3570.58,0,0,0,0
40032,3627.57,0,0,0,0
40082,3557.03,0,0,0,0
40132,3586.80,0,0,0,0
40182,3585.09,0,0,0,0
40232,3607.50,0,0,0,0
40282,3584.23,0,0,0,0
40332,3594.54,0,0,0,0
40382,3579.95,0,0,0,0
40432,3627.57,0,0,0,0
40482,3608.37,0,0,0,0
40532,3621.44,0,0,0,0
40582,3617.07,0,0,0,0
40632,3637.25,0,0,0,0
40682,3608.37,0,0,0,0
40732,3651.41,0,0,0,0
40782,3637.25,0,0,0,0
40832,3685.50,0,0,0,0
40882,3646.97,0,0,0,0
40932,3675.57,0,0,0,0
40982,3646.09,0,0,0,0
41032,3675.57,0,0,0,0
41082,3685.50,0,0,0,0
41132,3685.50,0,0,0,0
41182,3666.59,0,0,0,0
41232,3613.59,0,0,0,0
41282,3608.37,0,0,0,0
41332,3639.89,0,0,0,0
41382,3627.57,0,0,0,0
41432,3641.66,0,0,0,0
41482,3627.57,0,0,0,0
41532,3607.50,0,0,0,0
41582,3598.85,0,0,0,0
41632,3612.72,0,0,0,0
41682,3574.83,0,0,0,0
41732,3625.82,0,0,0,0
41782,3617.94,0,0,0,0
41832,3646.97,0,0,0,0
41882,3606.64,0,0,0,0
41932,3631.96,0,0,0,0
41982,3617.94,0,0,0,0
42032,3631.96,0,0,0,0
42082,3608.37,0,0,0,0
42132,3582.52,0,0,0,0
42182,3588.52,0,0,0,0
42232,3569.73,0,0,0,0
42283,3561.25,0,0,0,0
42333,3585.09,0,0,0,0
42383,3583.37,0,0,0,0
42433,3597.12,0,0,0,0
42483,3592.81,0,0,0,0
42533,3612.72,0,0,0,0
42583,3577.39,0,0,0,0
42633,3603.17,0,0,0,0
42683,3584.23,0,0,0,0
42733,3603.17,0,0,0,0
42783,3583.37,0,0,0,0
42833,3601.44,0,0,0,0
42883,3583.37,0,0,0,0
42933,3625.82,0,0,0,0
42983,3590.23,0,0,0,0
43033,3610.98,0,0,0,0
43083,3574.83,0,0,0,0
43133,3630.20,0,0,0,0
43183,3608.37,0,0,0,0
43233,3626.69,0,0,0,0
43283,3627.57,0,0,0,0
43333,3608.37,0,0,0,0
43383,3592.81,0,0,0,0
43433,3634.60,0,0,0,0
43483,3608.37,0,0,0,0
43533,3631.96,0,0,0,0
43583,3606.64,0,0,0,0
43633,3625.82,0,0,0,0
43683,3617.94,0,0,0,0
43734,3636.36,0,0,0,0
43784,3627.57,0,0,0,0
43834,3608.37,0,0,0,0
43884,3585.09,0,0,0,0
43934,3627.57,0,0,0,0
43984,3597.98,0,0,0,0
44034,3635.48,0,0,0,0
44084,3617.94,0,0,0,0
44134,3603.17,0,0,0,0
44184,3584.23,0,0,0,0
44234,3617.07,0,0,0,0
44284,3588.52,0,0,0,0
44334,3608.37,0,0,0,0
44384,3608.37,0,0,0,0
44434,3641.66,0,0,0,0
44484,3598.85,0,0,0,0
44534,3617.94,0,0,0,0
44584,3604.04,0,0,0,0
44634,3597.98,0,0,0,0
44684,3574.83,0,0,0,0
44734,3613.59,0,0,0,0
44784,3585.09,0,0,0,0
44834,3631.96,0,0,0,0
44884,3617.94,0,0,0,0
44934,3592.81,0,0,0,0
44984,3599.71,0,0,0,0
45034,3641.66,0,0,0,0
45084,3593.67,0,0,0,0
45134,3641.66,0,0,0,0
45184,3570.58,0,0,0,0
45234,3612.72,0,0,0,0
45284,3555.34,0,0,0,0
45334,3593.67,0,0,0,0
45384,3638.13,0,0,0,0
45434,3617.07,0,0,0,0
45484,3598.85,0,0,0,0
45534,3641.66,0,0,0,0
45584,3608.37,0,0,0,0
45634,3665.69,0,0,0,0
45684,3646.97,0,0,0,0
45734,3675.57,0,0,0,0
45784,3669.28,0,0,0,0
45834,3635.48,0,0,0,0
45884,3627.57,0,0,0,0
45934,3655.86,0,0,0,0
45984,3637.25,0,0,0,0
46034,3666.59,0,0,0,0
46084,3646.97,0,0,0,0
46134,3656.75,0,0,0,0
46184,3639.01,0,0,0,0
46234,3676.47,0,0,0,0
46284,3646.97,0,0,0,0
46334,3637.25,0,0,0,0
46384,3627.57,0,0,0,0
46434,3687.32,0,0,0,0
46484,3608.37,0,0,0,0
46534,3655.86,0,0,0,0
46584,3599.71,0,0,0,0
46635,3646.97,0,0,0,0
46685,3665.69,0,0,0,0
46735,3656.75,0,0,0,0
46785,3685.50,0,0,0,0
46835,3617.94,0,0,0,0
46885,3665.69,0,0,0,0
46935,3625.82,0,0,0,0
46985,3668.38,0,0,0,0
47035,3617.94,0,0,0,0
47085,3656.75,0,0,0,0
47135,3637.25,0,0,0,0
47185,3665.69,0,0,0,0
47235,3627.57,0,0,0,0
47285,3665.69,0,0,0,0
47335,3637.25,0,0,0,0
47385,3603.17,0,0,0,0
47435,3636.36,0,0,0,0
47485,3637.25,0,0,0,0
47535,3607.50,0,0,0,0
47585,3665.69,0,0,0,0
47635,3637.25,0,0,0,0
47685,3685.50,0,0,0,0
47735,3656.75,0,0,0,0
47785,3666.59,0,0,0,0
47835,3656.75,0,0,0,0
47885,3666.59,0,0,0,0
47935,3646.09,0,0,0,0
47985,3665.69,0,0,0,0
48035,3655.86,0,0,0,0
48086,3627.57,0,0,0,0
48136,3622.31,0,0,0,0
48186,3629.32,0,0,0,0
48236,3666.59,0,0,0,0
48286,3637.25,0,0,0,0
48336,3635.48,0,0,0,0
48386,3617.94,0,0,0,0
48436,3666.59,0,0,0,0
48486,3637.25,0,0,0,0
48536,3665.69,0,0,0,0
48586,3646.97,0,0,0,0
48636,3637.25,0,0,0,0
48686,3627.57,0,0,0,0
48736,3651.41,0,0,0,0
48786,3646.97,0,0,0,0
48836,3665.69,0,0,0,0
48886,3637.25,0,0,0,0
48936,3675.57,0,0,0,0
48986,3604.04,0,0,0,0
49036,3651.41,0,0,0,0
49086,3575.69,0,0,0,0
49136,3617.94,0,0,0,0
49186,3608.37,0,0,0,0
49236,3631.96,0,0,0,0
49286,3637.25,0,0,0,0
49336,3675.57,0,0,0,0
49386,3655.86,0,0,0,0
49436,3645.20,0,0,0,0
49486,3636.36,0,0,0,0
49536,3646.09,0,0,0,0
49586,3646.09,0,0,0,0
49636,3685.50,0,0,0,0
49686,3617.94,0,0,0,0
49736,3625.82,0,0,0,0
49786,3617.94,0,0,0,0
49836,3661.22,0,0,0,0
49886,3646.97,0,0,0,0
49936,3676.47,0,0,0,0
49986,3598.85,0,0,0,0
50036,3592.81,0,0,0,0
50086,3583.37,0,0,0,0
50136,3617.94,0,0,0,0
50186,3607.50,0,0,0,0
50236,3622.31,0,0,0,0
50286,3598.85,0,0,0,0
50336,3555.34,0,0,0,0
50386,3465.80,0,1,0,0
50436,3391.36,0,2,0,0
50486,3301.78,6,2,0,9
50536,3243.94,0,3,0,5
50586,3171.25,15,4,0,23
50636,3078.19,12,5,0,11
50686,3018.72,0,5,0,6
50736,2953.34,4,6,0,1
50786,2896.31,0,7,0,1
50836,2839.30,0,7,0,1
50886,2740.73,8,8,0,5
50936,2685.28,4,9,0,6
50987,2630.66,0,9,0,5
51037,2572.90,0,10,0,5
51087,2515.09,0,10,0,6
51137,2463.05,0,11,0,6
51187,2458.61,0,11,0,-6
51237,2399.62,0,12,0,-7
51287,2299.20,0,13,0,7
51337,2247.53,0,13,0,5
51387,2194.91,3,14,0,4
51437,2138.28,9,14,0,4
51487,2087.39,16,15,0,4
51537,2079.29,0,15,0,0
51587,2031.42,1,15,0,0
51637,1976.81,13,16,0,0
51687,1934.98,0,16,0,4
51737,1882.77,11,17,0,4
51787,1879.23,0,17,0,0
51837,1825.71,17,17,0,0
51887,1780.84,21,18,0,3
51937,1729.90,21,18,0,3
51987,1726.52,18,18,0,0
52037,1675.79,19,19,0,0
52087,1626.55,22,19,0,3
52137,1624.08,19,19,0,0
52187,1574.80,20,20,0,0
52237,1516.38,24,20,0,4
52287,1527.96,20,20,0,0
52337,1470.16,25,21,0,4
52387,1470.01,21,21,0,0
52438,1442.59,18,21,0,-3
52488,1362.65,27,22,0,5
52538,1365.00,22,22,0,0
52588,1309.01,25,22,0,3
52638,1310.27,22,22,0,0
52688,1252.71,26,23,0,3
52738,1255.76,23,23,0,0
52788,1195.79,27,24,0,3
52838,1199.52,24,24,0,0
52888,1138.35,27,24,0,3
52938,1141.55,24,24,0,0
52988,1082.72,28,25,0,3
53038,1081.86,25,25,0,0
53088,1026.06,27,25,0,2
53138,1026.06,27,25,0,2
53188,1018.33,25,25,0,0
53238,953.35,29,26,0,3
53288,954.08,26,26,0,0
53338,886.11,29,27,0,2
53388,886.11,29,27,0,2
53438,885.06,27,27,0,0
53488,810.99,30,27,0,3
53538,810.99,30,27,0,3
53588,810.33,27,27,0,0
53638,748.76,30,28,0,2
53688,748.76,30,28,0,2
53738,725.16,28,28,0,0
53788,725.16,28,28,0,0
53838,657.26,31,29,0,2
53888,657.26,31,29,0,2
53938,629.12,29,29,0,0
53988,629.12,29,29,0,0
54038,549.69,32,30,0,2
54088,549.69,32,30,0,2
54138,511.37,30,30,0,0
54188,511.37,30,30,0,0
54238,511.37,30,30,0,0
54288,412.42,33,31,0,2
54338,412.42,33,31,0,2
54388,412.42,33,31,0,2
54438,412.42,33,31,0,2
54488,343.55,33,32,0,1
54538,343.55,33,32,0,1
54588,343.55,33,32,0,1
54638,343.55,33,32,0,1
55512,56.35,-33,32,0,1