Microcontroller Governor - Abrupt Load Decrease(1500 W)
Trial: 7
Date: 4-5-2023
Time: 3:45 PM
Ambient Temp: 81
Head Temp: 208.9

------ Microcontroller Engine Governor - Version: 1.16 ------
-------------------------------------------------------------
PID Gains:  Kp: 0.013  KpAlt: 0.025  Kd: 0.100  KdAlt: 4.000
-------------------------------------------------------------
Set RPM:             3600    |  Min RPM:                 300
                             |
RPM Precision:       20      |  PID Kp Alt Range:        70
                             |
Start Steps:         850     |  Max Steps:               1200
                             |
RPM Calc Interval:   1       |  Num Magnets:             1
                             |
LCD Update Interval: 400     |  Serial Update Interval:  50
-------------------------------------------------------------

Time,RPM,Steps Remaining, PID p, PID p Alt, PID d, RPM Change, P Cmd, P Alt Cmd, D Cmd
1737,0.00,0,0,0,0,0.00,0,0,0
1787,0.00,0,0,0,0,0.00,0,0,0
1837,0.00,0,0,0,0,0.00,0,0,0
1887,0.00,0,0,0,0,0.00,0,0,0
1937,0.00,0,0,0,0,0.00,0,0,0
1987,0.00,0,0,0,0,0.00,0,0,0
2037,0.00,0,0,0,0,0.00,0,0,0
2087,0.00,0,0,0,0,0.00,0,0,0
2137,0.00,0,0,0,0,0.00,0,0,0
2187,0.00,0,0,0,0,0.00,0,0,0
2237,0.00,0,0,0,0,0.00,0,0,0
2287,0.00,0,0,0,0,0.00,0,0,0
2337,0.00,0,0,0,0,0.00,0,0,0
2387,0.00,0,0,0,0,0.00,0,0,0
2437,0.00,0,0,0,0,0.00,0,0,0
2487,0.00,0,0,0,0,0.00,0,0,0
2537,0.00,0,0,0,0,0.00,0,0,0
2587,0.00,0,0,0,0,0.00,0,0,0
2637,0.00,0,0,0,0,0.00,0,0,0
2688,0.00,0,0,0,0,0.00,0,0,0
2738,0.00,0,0,0,0,0.00,0,0,0
2788,0.00,0,0,0,0,0.00,0,0,0
2838,0.00,0,0,0,0,0.00,0,0,0
2888,0.00,0,0,0,0,0.00,0,0,0
2938,0.00,0,0,0,0,0.00,0,0,0
2988,0.00,0,0,0,0,0.00,0,0,0
3038,0.00,0,0,0,0,0.00,0,0,0
3088,0.00,0,0,0,0,0.00,0,0,0
3138,0.00,0,0,0,0,0.00,0,0,0
3188,0.00,0,0,0,0,0.00,0,0,0
3238,0.00,0,0,0,0,0.00,0,0,0
3288,0.00,0,0,0,0,0.00,0,0,0
3338,0.00,0,0,0,0,0.00,0,0,0
3388,0.00,0,0,0,0,0.00,0,0,0
3438,0.00,0,0,0,0,0.00,0,0,0
3488,0.00,0,0,0,0,0.00,0,0,0
3538,0.00,0,0,0,0,0.00,0,0,0
3588,0.00,0,0,0,0,0.00,0,0,0
3638,0.00,0,0,0,0,0.00,0,0,0
3688,0.00,0,0,0,0,0.00,0,0,0
3738,0.00,0,0,0,0,0.00,0,0,0
3788,0.00,0,0,0,0,0.00,0,0,0
3838,0.00,0,0,0,0,0.00,0,0,0
3888,0.00,0,0,0,0,0.00,0,0,0
3938,0.00,0,0,0,0,0.00,0,0,0
3988,0.00,0,0,0,0,0.00,0,0,0
4038,0.00,0,0,0,0,0.00,0,0,0
4088,0.00,0,0,0,0,0.00,0,0,0
4139,0.00,0,0,0,0,0.00,0,0,0
4189,0.00,0,0,0,0,0.00,0,0,0
4239,0.00,0,0,0,0,0.00,0,0,0
4289,0.00,0,0,0,0,0.00,0,0,0
4339,0.00,0,0,0,0,0.00,0,0,0
4389,0.00,0,0,0,0,0.00,0,0,0
4439,0.00,0,0,0,0,0.00,0,0,0
4489,0.00,0,0,0,0,0.00,0,0,0
4539,0.00,0,0,0,0,0.00,0,0,0
4589,0.00,0,0,0,0,0.00,0,0,0
4639,0.00,0,0,0,0,0.00,0,0,0
4689,0.00,0,0,0,0,0.00,0,0,0
4739,0.00,0,0,0,0,0.00,0,0,0
4789,0.00,0,0,0,0,0.00,0,0,0
4839,0.00,0,0,0,0,0.00,0,0,0
4889,0.00,0,0,0,0,0.00,0,0,0
4939,0.00,0,0,0,0,0.00,0,0,0
4989,0.00,0,0,0,0,0.00,0,0,0
5039,0.00,0,0,0,0,0.00,0,0,0
5089,0.00,0,0,0,0,0.00,0,0,0
5139,0.00,0,0,0,0,0.00,0,0,0
5189,0.00,0,0,0,0,0.00,0,0,0
5239,0.00,0,0,0,0,0.00,0,0,0
5289,0.00,0,0,0,0,0.00,0,0,0
5339,0.00,0,0,0,0,0.00,0,0,0
5389,0.00,0,0,0,0,0.00,0,0,0
5439,0.00,0,0,0,0,0.00,0,0,0
5489,0.00,0,0,0,0,0.00,0,0,0
5539,0.00,0,0,0,0,0.00,0,0,0
5590,0.00,0,0,0,0,0.00,0,0,0
5640,0.00,0,0,0,0,0.00,0,0,0
5690,0.00,0,0,0,0,0.00,0,0,0
5740,0.00,0,0,0,0,0.00,0,0,0
5790,0.00,0,0,0,0,0.00,0,0,0
5840,0.00,0,0,0,0,0.00,0,0,0
5890,0.00,0,0,0,0,0.00,0,0,0
5940,0.00,0,0,0,0,0.00,0,0,0
5990,0.00,0,0,0,0,0.00,0,0,0
6040,0.00,0,0,0,0,0.00,0,0,0
6090,0.00,0,0,0,0,0.00,0,0,0
6140,0.00,0,0,0,0,0.00,0,0,0
6190,0.00,0,0,0,0,0.00,0,0,0
6240,0.00,0,0,0,0,0.00,0,0,0
6290,0.00,0,0,0,0,0.00,0,0,0
6340,0.00,0,0,0,0,0.00,0,0,0
6390,0.00,0,0,0,0,0.00,0,0,0
6440,0.00,0,0,0,0,0.00,0,0,0
6490,0.00,0,0,0,0,0.00,0,0,0
6540,0.00,0,0,0,0,0.00,0,0,0
6590,0.00,0,0,0,0,0.00,0,0,0
6640,0.00,0,0,0,0,0.00,0,0,0
6690,0.00,0,0,0,0,0.00,0,0,0
6740,0.00,0,0,0,0,0.00,0,0,0
6790,0.00,0,0,0,0,0.00,0,0,0
6840,0.00,0,0,0,0,0.00,0,0,0
6890,0.00,0,0,0,0,0.00,0,0,0
6940,0.00,0,0,0,0,0.00,0,0,0
6990,0.00,0,0,0,0,0.00,0,0,0
7040,0.00,0,0,0,0,0.00,0,0,0
7090,0.00,0,0,0,0,0.00,0,0,0
7140,0.00,0,0,0,0,0.00,0,0,0
7190,0.00,0,0,0,0,0.00,0,0,0
7240,0.00,0,0,0,0,0.00,0,0,0
7290,0.00,0,0,0,0,0.00,0,0,0
7340,0.00,0,0,0,0,0.00,0,0,0
7390,0.00,0,0,0,0,0.00,0,0,0
7440,0.00,0,0,0,0,0.00,0,0,0
7490,0.00,0,0,0,0,0.00,0,0,0
7540,0.00,0,0,0,0,0.00,0,0,0
7590,0.00,0,0,0,0,0.00,0,0,0
7640,0.00,0,0,0,0,0.00,0,0,0
7690,0.00,0,0,0,0,0.00,0,0,0
7740,0.00,0,0,0,0,0.00,0,0,0
7790,0.00,0,0,0,0,0.00,0,0,0
7840,0.00,0,0,0,0,0.00,0,0,0
7890,0.00,0,0,0,0,0.00,0,0,0
7940,0.00,0,0,0,0,0.00,0,0,0
7990,0.00,0,0,0,0,0.00,0,0,0
8040,0.00,0,0,0,0,0.00,0,0,0
8090,0.00,0,0,0,0,0.00,0,0,0
8140,0.00,0,0,0,0,0.00,0,0,0
8190,0.00,0,0,0,0,0.00,0,0,0
8240,0.00,0,0,0,0,0.00,0,0,0
8290,0.00,0,0,0,0,0.00,0,0,0
8340,0.00,0,0,0,0,0.00,0,0,0
8390,0.00,0,0,0,0,0.00,0,0,0
8440,0.00,0,0,0,0,0.00,0,0,0
8491,0.00,0,0,0,0,0.00,0,0,0
8541,0.00,0,0,0,0,0.00,0,0,0
8591,0.00,0,0,0,0,0.00,0,0,0
8641,0.00,0,0,0,0,0.00,0,0,0
8691,0.00,0,0,0,0,0.00,0,0,0
8741,0.00,0,0,0,0,0.00,0,0,0
8791,0.00,0,0,0,0,0.00,0,0,0
8841,0.00,0,0,0,0,0.00,0,0,0
8891,0.00,0,0,0,0,0.00,0,0,0
8941,0.00,0,0,0,0,0.00,0,0,0
8991,0.00,0,0,0,0,0.00,0,0,0
9041,0.00,0,0,0,0,0.00,0,0,0
9091,0.00,0,0,0,0,0.00,0,0,0
9141,0.00,0,0,0,0,0.00,0,0,0
9191,0.00,0,0,0,0,0.00,0,0,0
9241,0.00,0,0,0,0,0.00,0,0,0
9291,0.00,0,0,0,0,0.00,0,0,0
9341,0.00,0,0,0,0,0.00,0,0,0
9391,0.00,0,0,0,0,0.00,0,0,0
9441,0.00,0,0,0,0,0.00,0,0,0
9491,0.00,0,0,0,0,0.00,0,0,0
9541,0.00,0,0,0,0,0.00,0,0,0
9591,0.00,0,0,0,0,0.00,0,0,0
9641,0.00,0,0,0,0,0.00,0,0,0
9691,0.00,0,0,0,0,0.00,0,0,0
9741,inf,0,0,0,0,inf,0,0,0
9791,inf,0,0,0,0,inf,0,0,0
9841,inf,0,0,0,0,inf,0,0,0
9891,423.19,24,41,0,0,inf,41,0,0
9942,973.90,0,34,0,-36,-550.71,75,0,36
9992,973.90,0,34,0,-36,-550.71,75,0,36
10042,905.14,0,35,0,4,68.76,110,0,40
10092,911.02,10,34,0,0,-5.88,144,0,40
10142,885.43,30,35,0,1,25.60,179,0,41
10192,1188.78,2,31,0,-23,-303.35,210,0,64
10242,1191.14,27,31,0,0,-2.36,241,0,64
10292,1533.74,0,26,0,-35,-342.60,267,0,99
10342,1545.28,0,26,0,-1,-11.53,293,0,100
10392,1781.26,14,23,0,0,-4.85,339,0,127
10442,2001.87,0,20,0,-29,-220.61,359,0,156
10492,2283.45,-15,17,0,-54,-353.70,397,0,219
10542,2388.54,0,15,0,-30,-190.73,430,0,261
10592,2582.20,0,13,0,-14,-81.78,457,0,293
10642,2672.84,10,12,0,1,10.04,493,0,319
10692,2795.38,0,10,0,0,10.98,513,0,319
10742,2917.72,0,8,0,0,-1.70,529,0,319
10792,3145.97,0,5,0,0,66.02,548,0,320
10842,3243.94,0,4,0,0,5.62,562,0,320
10893,3458.61,0,1,0,0,-110.40,569,0,320
10942,3503.04,0,1,0,0,-76.81,572,0,320
10992,3567.18,0,0,0,0,82.45,574,1,327
11042,3723.93,0,-1,0,0,-26.62,576,1,327
11092,3721.16,0,-1,0,0,13.90,586,1,331
11142,3736.92,0,-1,0,0,21.54,590,1,331
11192,3810.98,0,-2,0,0,-36.44,596,1,331
11242,3786.92,0,-2,0,0,36.68,602,1,331
11292,3835.34,0,-3,0,0,-35.94,609,1,331
11342,3810.01,0,-2,0,0,39.11,616,1,331
11392,3861.00,0,-3,0,0,-48.09,624,1,331
11442,3826.53,0,-2,0,0,-13.62,637,1,336
11492,3798.43,0,-2,0,0,51.67,644,1,336
11542,3834.36,0,-3,0,0,-48.39,652,1,336
11592,3796.51,0,-2,0,0,52.61,659,1,336
11642,3810.98,0,-2,0,0,-25.96,665,1,336
11692,3761.28,0,-2,0,0,31.38,671,1,336
11742,3760.34,0,-2,0,0,36.17,680,2,339
11792,3735.06,0,-1,0,0,-24.94,683,2,339
11842,3711.95,0,-1,0,0,34.30,686,2,339
11892,3700.05,0,-1,0,0,-25.38,688,2,339
11942,3675.57,0,0,0,0,44.67,689,3,339
11992,3699.14,0,-1,0,0,-23.57,691,3,339
12042,3675.57,0,0,0,0,31.80,692,4,339
12092,3723.01,0,-1,0,0,-47.44,694,4,339
12142,3675.57,0,0,0,0,48.36,696,4,339
12192,3719.32,0,-1,0,0,-55.42,698,5,339
12242,3594.54,0,-1,0,0,-52.76,699,6,339
12292,3699.14,0,-1,0,0,-18.16,703,6,345
12342,3663.90,0,0,-1,0,28.86,704,7,345
12392,3502.22,0,1,0,0,366.75,709,7,361
12442,3682.79,0,-1,0,0,-43.78,719,7,366
12492,3640.78,0,0,-1,0,42.92,720,9,366
12542,3642.54,0,0,-1,0,-37.64,720,10,366
12592,3592.81,0,0,0,0,-41.89,720,10,366
12642,3624.94,0,0,0,0,-31.26,720,10,366
12692,3534.40,0,0,1,0,43.84,720,11,366
12742,3576.54,0,0,0,0,-43.80,720,12,366
12792,3577.39,0,0,0,0,-34.64,720,13,366
12843,3507.95,0,1,0,0,396.27,728,13,371
12893,3547.78,0,0,1,0,125.09,730,14,381
12943,3509.59,0,1,0,0,48.28,731,15,381
12993,3557.03,0,0,1,0,-49.90,732,17,381
13043,3520.30,0,1,0,0,37.57,734,18,381
13093,3566.33,0,0,0,0,-44.38,735,18,381
13143,3534.40,0,0,1,0,29.39,735,20,381
13193,3587.66,0,0,1,0,32.75,735,21,381
13243,3546.10,0,0,1,0,41.56,735,23,381
13293,3597.12,0,0,1,0,53.61,735,24,381
13343,3555.34,0,0,1,0,30.60,735,26,381
13393,3597.98,0,0,1,0,43.50,735,27,381
13443,3459.41,0,1,0,0,152.44,736,27,381
13493,3608.37,0,0,0,0,158.83,737,27,392
13543,3585.94,0,0,0,0,158.83,737,27,392
13593,3619.69,0,0,0,0,-37.25,737,27,392
13643,3593.67,0,0,0,0,-40.81,737,27,392
13693,3629.32,0,0,0,0,-35.65,737,27,392
13743,3586.80,0,0,0,0,-35.65,737,27,392
13793,3600.58,0,0,0,0,36.21,737,27,392
13843,3568.03,0,0,0,0,32.55,737,27,392
13893,3610.98,0,0,0,0,46.43,737,27,392
13943,3554.50,0,0,1,0,33.16,737,29,392
13993,3587.66,0,0,1,0,33.16,737,30,392
14043,3533.57,0,0,1,0,42.97,737,32,392
14093,3587.66,0,0,1,0,32.95,737,33,392
14143,3554.50,0,0,1,0,44.35,737,35,392
14193,3598.85,0,0,1,0,45.19,737,36,392
14243,3554.50,0,0,1,0,44.35,737,38,392
14294,3585.94,0,0,1,0,51.12,737,39,392
14344,3534.40,0,0,1,0,30.24,737,41,392
14394,3545.26,0,0,1,0,30.42,737,42,392
14444,3593.67,0,-4,0,-4,-700.58,745,42,397
14494,3502.22,0,1,0,0,394.90,752,42,432
14544,3502.22,0,1,0,0,317.49,757,42,448
14594,3569.73,0,0,0,0,237.38,760,42,460
14644,3611.85,0,0,0,0,50.20,760,42,460
14694,3566.33,0,0,0,0,35.97,760,42,460
14744,3611.85,0,0,0,0,35.06,760,42,460
14794,3555.34,0,0,1,0,41.78,760,43,460
14844,3611.85,0,0,0,0,19.71,760,43,460
14894,3567.18,0,0,0,0,40.32,760,43,460
14944,3610.98,0,0,0,0,42.97,760,43,460
14994,3557.87,0,0,1,0,42.70,760,44,460
15044,3575.69,0,0,0,0,-42.12,760,45,460
15094,3544.42,0,0,1,0,44.09,760,47,460
15144,3531.07,0,0,1,0,13.35,760,49,460
15194,3521.13,0,1,0,0,24.97,762,50,460
15244,3564.64,0,0,0,0,-32.73,762,52,460
15294,3534.40,0,0,1,0,40.43,762,54,460
15344,3574.83,0,0,0,0,-40.43,762,55,460
15394,3564.64,0,0,0,0,22.16,762,56,460
15444,3611.85,0,0,0,0,23.19,762,56,460
15494,3584.23,0,-1,0,0,-146.30,763,57,460
15544,3629.32,0,0,0,0,-36.51,763,57,460
15594,3592.81,0,0,0,0,-22.61,763,57,460
15644,3627.57,0,0,0,0,-35.62,763,58,460
15694,3570.58,0,0,0,0,52.61,763,58,460
15744,3610.98,0,0,1,0,53.97,763,59,460
15794,3586.80,0,0,0,0,37.00,763,59,460
15844,3600.58,0,0,0,0,24.89,763,59,460
15894,3571.43,0,0,0,0,51.76,763,59,460
15944,3620.56,0,0,0,0,-38.90,763,59,460
15994,3593.67,0,0,0,0,-43.24,763,59,460
16044,3639.01,0,0,0,0,-47.06,763,59,460
16094,3613.59,0,0,-1,0,-55.91,763,60,460
16144,3652.30,0,0,-1,0,-36.97,763,62,460
16194,3613.59,0,0,-1,0,-29.96,763,63,460
16244,3653.19,0,0,-1,0,-37.86,763,65,460
16294,3625.82,0,0,0,0,32.72,763,66,460
16344,3662.11,0,0,-1,0,-35.42,763,68,460
16394,3614.46,0,0,-1,0,-20.32,763,69,460
16444,3652.30,0,0,-1,0,-36.97,763,71,460
16494,3602.31,0,0,-1,0,-43.08,763,72,460
16544,3633.72,0,0,0,0,-18.39,763,73,460
16594,3603.17,0,0,-1,0,-59.69,763,74,460
16644,3652.30,0,0,-1,0,-48.26,763,76,460
16694,3615.33,0,0,-1,0,-52.82,763,77,460
16744,3622.31,0,0,0,0,-19.14,763,78,460
16794,3581.66,0,0,0,0,-44.94,763,78,460
16844,3618.82,0,0,0,0,-40.65,763,78,460
16894,3570.58,0,0,0,0,49.99,763,78,460
16944,3543.59,0,0,1,0,-7.52,763,80,460
16994,3511.24,0,1,0,0,44.11,765,81,460
17044,3557.87,0,0,1,0,-48.28,766,83,460
17094,3521.95,0,1,0,0,36.77,768,84,460
17144,3574.83,0,0,0,0,-40.43,768,85,460
17195,3546.10,0,0,1,0,51.02,768,87,460
17245,3598.85,0,0,1,0,32.31,768,88,460
17295,3575.69,0,0,0,0,24.89,768,88,460
17345,3624.06,0,0,0,0,-56.03,768,88,460
17395,3581.66,0,0,0,0,-48.52,768,88,460
17445,3621.44,0,0,0,0,-50.01,768,88,460
17495,3624.06,0,0,0,0,-44.97,768,88,460
17545,3583.37,0,-6,0,-6,-845.85,778,88,467
17595,3628.45,0,0,0,0,454.30,788,88,473
17645,3638.13,0,0,0,0,-44.45,800,88,481
17695,3604.04,0,0,0,0,-40.16,800,88,481
17745,3629.32,0,0,0,0,-37.37,800,88,481
17795,3629.32,0,0,0,0,-39.95,800,88,481
17845,3549.46,0,0,1,0,466.61,809,89,487
17895,3585.94,0,-3,0,-4,-612.44,815,89,492
17945,3501.40,0,1,0,0,334.92,822,89,520
17995,3580.81,0,-1,0,-7,-207.32,824,89,527
18045,3539.41,0,0,1,0,61.17,825,90,527
18095,3565.49,0,0,0,0,-29.42,825,91,527
18145,3532.74,0,0,1,0,32.75,825,93,527
18195,3555.34,0,0,1,0,-33.39,826,94,527
18245,3493.25,0,1,0,0,30.36,828,94,527
18295,3534.40,0,0,1,0,-35.45,829,96,527
18345,3498.95,0,1,0,0,47.99,831,97,527
18395,3533.57,0,0,1,0,-23.15,832,99,527
18445,3498.95,0,1,0,0,47.15,834,100,527
18495,3536.07,0,0,1,0,-37.12,835,102,527
18545,3511.24,0,1,0,0,33.19,837,103,527
18595,3568.88,0,0,0,0,-48.58,838,104,527
18646,3533.57,0,0,1,0,45.53,839,105,527
18696,3569.73,0,0,0,0,-47.78,840,105,527
18746,3576.54,0,0,0,0,-36.30,840,106,527
18796,3539.41,0,0,1,0,390.38,848,107,532
18846,3503.04,0,1,0,0,289.63,854,107,548
18896,3546.94,0,0,1,0,186.26,856,108,555
18946,3586.80,0,0,0,0,17.53,856,108,555
18996,3554.50,0,0,1,0,40.03,856,110,555
19046,3600.58,0,0,0,0,26.43,856,110,555
19096,3546.10,0,0,1,0,52.75,856,111,555
19146,3576.54,0,0,0,0,-42.14,856,112,555
19196,3526.92,0,0,0,0,53.88,856,112,555
19246,3576.54,0,0,0,0,-31.28,856,113,555
19296,3544.42,0,0,1,0,31.26,856,115,555
19346,3587.66,0,0,1,0,33.16,856,116,555
19396,3564.64,0,0,0,0,24.74,856,116,555
19446,3598.85,0,0,0,0,35.06,856,116,555
19496,3544.42,0,0,1,0,41.52,856,118,555
19546,3600.58,0,0,0,0,34.21,856,118,555
19596,3566.33,0,0,0,0,34.24,856,118,555
19646,3610.11,0,0,0,0,26.58,856,118,555
19696,3581.66,0,0,0,0,-39.76,856,118,555
19746,3609.24,0,0,0,0,-47.66,856,118,555
19796,3567.18,0,0,0,0,45.53,856,118,555
19846,3611.85,0,0,0,0,43.80,856,118,555
19896,3554.50,0,0,1,0,45.21,856,119,555
19946,3597.98,0,0,1,0,44.37,856,120,555
19996,3545.26,0,0,1,0,42.40,856,122,555
20046,3600.58,0,0,0,0,35.90,856,122,555
20096,3564.64,0,0,0,0,24.74,856,122,555
20146,3597.12,0,0,1,0,31.47,856,123,555
20196,3555.34,0,0,1,0,31.46,856,125,555
20246,3589.38,0,0,0,0,31.62,856,125,555
20297,3477.05,0,1,0,0,123.52,857,125,555
20347,3598.85,0,0,1,0,124.91,858,126,562
20397,3577.39,0,0,0,0,34.46,858,126,562
20447,3619.69,0,0,0,0,-45.80,858,126,562
20497,3582.52,0,0,0,0,-55.53,858,126,562
20547,3620.56,0,0,0,0,-27.75,858,126,562
20597,3586.80,0,0,0,0,-27.75,858,126,562
20647,3639.01,0,0,0,0,-45.34,858,126,562
20697,3604.90,0,0,0,0,-48.78,858,126,562
20747,3610.11,0,0,-1,0,-38.53,858,127,562
20797,3582.52,0,0,0,0,-38.90,858,127,562
20847,3639.89,0,0,0,0,-57.38,858,127,562
20897,3604.90,0,0,0,0,-30.52,858,127,562
20947,3643.43,0,0,-1,0,-39.39,858,129,562
20997,3593.67,0,0,0,0,-25.34,858,129,562
21047,3643.43,0,0,-1,0,-39.39,858,131,562
21097,3603.17,0,0,0,0,-42.75,858,131,562
21147,3633.72,0,0,0,0,-29.68,858,132,562
21197,3593.67,0,0,0,0,-51.38,858,132,562
21248,3610.98,0,0,0,0,-34.77,858,132,562
21298,3568.03,0,0,0,0,32.55,858,132,562
21348,3611.85,0,0,0,0,42.10,858,132,562
21398,3569.73,0,0,0,0,54.33,858,132,562
21448,3610.11,0,0,0,0,32.73,858,132,562
21498,3576.54,0,0,0,0,34.44,858,132,562
21548,3582.52,0,0,0,0,-47.53,858,132,562
21598,3605.77,0,-5,0,-5,-810.06,867,132,567
21648,3581.66,0,-5,0,-5,-823.57,876,132,573
21698,3604.04,0,-5,0,-5,-765.01,885,132,578
21748,3551.14,0,0,1,0,404.56,893,133,582
21798,3502.22,0,1,0,0,329.20,900,133,608
21848,3546.10,0,0,1,0,175.06,902,134,617
21898,3577.39,0,0,0,0,-33.80,902,135,617
21948,3534.40,0,0,1,0,31.08,902,137,617
21998,3546.94,0,0,1,0,-23.33,902,138,617
22048,3498.95,0,1,0,0,47.15,904,139,617
22098,3545.26,0,0,1,0,-34.02,905,141,617
22148,3510.41,0,1,0,0,35.69,907,142,617
22198,3556.19,0,0,1,0,-44.95,908,144,617
22248,3521.13,0,1,0,0,35.90,910,145,617
22298,3567.18,0,0,0,0,-46.88,911,146,617
22348,3521.95,0,1,0,0,37.61,913,147,617
22398,3579.10,0,0,0,0,-56.32,914,147,617
22448,3521.13,0,1,0,0,34.22,915,149,617
22498,3575.69,0,0,0,0,-42.12,915,150,617
22548,3545.26,0,0,1,0,42.40,915,152,617
22598,3587.66,0,0,1,0,43.23,915,153,617
22648,3598.85,0,0,1,0,39.88,915,154,617
22699,3549.46,0,0,1,0,493.67,925,155,623
22749,3595.40,0,-4,0,-4,-684.38,933,155,628
22799,3501.40,0,1,0,0,342.78,940,155,660
22849,3581.66,0,0,0,-6,-194.21,941,155,666
22899,3564.64,0,0,0,0,33.35,941,156,666
22949,3610.98,0,0,0,0,22.21,941,156,666
22999,3569.73,0,0,0,0,56.09,941,156,666
23049,3601.44,0,0,0,0,45.53,941,156,666
23099,3586.80,0,0,0,0,30.01,941,156,666
23149,3634.60,0,0,0,0,-42.65,941,156,666
23199,3581.66,0,0,0,0,-38.23,941,156,666
23249,3628.45,0,0,0,0,-36.49,941,156,666
23299,3581.66,0,0,-1,0,-64.46,941,157,666
23349,3610.98,0,0,0,0,39.47,941,157,666
23399,3580.81,0,0,0,0,-51.78,941,157,666
23449,3639.01,0,0,0,0,-45.34,941,157,666
23499,3615.33,0,0,-1,0,-41.32,941,158,666
23549,3610.98,0,0,-1,0,-37.86,941,159,666
23599,3591.95,0,0,0,0,-53.41,941,159,666
23649,3618.82,0,0,0,0,-53.41,941,159,666
23699,3591.95,0,0,0,0,-43.40,941,159,666
23749,3643.43,0,0,-1,0,-38.53,941,160,666
23799,3593.67,0,0,0,0,-34.81,941,160,666
23849,3639.01,0,0,0,0,-47.06,941,160,666
23899,3591.95,0,0,0,0,-30.55,941,160,666
23949,3624.94,0,0,0,0,-31.26,941,160,666
23999,3593.67,0,0,0,0,-50.49,941,160,666
24049,3619.69,0,0,0,0,-45.34,941,160,666
24099,3582.52,0,0,0,0,-30.45,941,160,666
24150,3610.98,0,0,0,0,-46.81,941,160,666
24200,3582.52,0,0,0,0,-44.07,941,160,666
24250,3601.44,0,0,0,0,34.44,941,160,666
24300,3578.24,0,0,0,0,32.73,941,160,666
24350,3589.38,0,0,0,0,-44.94,941,160,666
24400,3555.34,0,0,1,0,40.92,941,161,666
24450,3610.98,0,0,0,0,32.47,941,161,666
24500,3581.66,0,0,0,0,-50.91,941,161,666
24550,3620.56,0,0,0,0,-33.76,941,161,666
24600,3594.54,0,0,0,0,-39.09,941,161,666
24650,3619.69,0,0,-1,0,-53.32,941,162,666
24700,3577.39,0,0,0,0,33.59,941,162,666
24750,3610.98,0,0,0,0,-46.67,941,162,666
24800,3578.24,0,0,0,0,41.45,941,162,666
24850,3629.32,0,0,0,0,-46.81,941,162,666
24900,3582.52,0,0,0,0,-45.80,941,162,666
24950,3629.32,0,0,0,0,-47.66,941,162,666
25000,3593.67,0,0,0,0,-48.78,941,162,666
25050,3642.54,0,0,-1,0,-37.64,941,163,666
25100,3592.81,0,0,0,0,-43.61,941,163,666
25150,3629.32,0,0,0,0,-35.65,941,163,666
25200,3592.81,0,0,-1,0,-57.65,941,164,666
25250,3610.11,0,0,0,0,-33.00,941,164,666
25300,3582.52,0,0,0,0,-43.24,941,164,666
25350,3629.32,0,0,0,0,-35.65,941,164,666
25400,3591.95,0,0,0,0,-32.26,941,164,666
25450,3639.01,0,0,0,0,-45.34,941,164,666
25500,3603.17,0,0,-1,0,-57.93,941,165,666
25550,3631.96,0,0,0,0,-27.92,941,166,666
25600,3593.67,0,0,0,0,-47.92,941,166,666
25650,3612.72,0,0,0,0,42.95,941,166,666
25700,3581.66,0,0,0,0,-38.90,941,166,666
25750,3620.56,0,0,0,0,-38.05,941,166,666
25800,3593.67,0,0,0,0,-48.52,941,166,666
25850,3629.32,0,0,0,0,-35.65,941,166,666
25900,3604.90,0,0,0,0,-50.49,941,166,666
25950,3643.43,0,0,-1,0,-40.26,941,167,666
26000,3603.17,0,0,-1,0,-35.06,941,168,666
26050,3643.43,0,0,-1,0,-38.53,941,169,666
26100,3602.31,0,0,-1,0,-36.79,941,170,666
26150,3652.30,0,0,-1,0,-37.84,941,172,666
26200,3603.17,0,0,-1,0,-45.69,941,173,666
26250,3629.32,0,0,0,0,-35.65,941,173,666
26300,3592.81,0,0,0,0,-39.95,941,173,666
26350,3618.82,0,0,0,0,-39.95,941,173,666
26400,3569.73,0,0,0,0,66.63,941,173,666
26450,3618.82,0,0,0,0,-53.46,941,173,666
26500,3557.87,0,0,1,0,54.84,941,174,666
26550,3599.71,0,0,0,0,28.28,941,174,666
26600,3568.03,0,0,0,0,42.08,941,174,666
26650,3601.44,0,0,0,0,38.77,941,174,666
26700,3571.43,0,0,0,0,51.76,941,174,666
26750,3634.60,0,0,0,0,-63.17,941,174,666
26800,3571.43,0,0,0,0,60.53,941,174,666
26850,3611.85,0,0,0,0,42.08,941,174,666
26900,3567.18,0,0,0,0,44.66,941,174,666
26950,3598.85,0,0,1,0,44.14,941,175,666
27000,3546.10,0,0,1,0,51.02,941,177,666
27051,3597.12,0,0,1,0,43.50,941,178,666
27101,3555.34,0,0,1,0,32.31,941,180,666
27151,3598.85,0,0,1,0,51.36,941,181,666
27201,3566.33,0,0,0,0,93.10,942,182,669
27251,3598.85,0,0,0,0,32.55,942,182,669
27301,3577.39,0,0,0,0,23.19,942,182,669
27351,3611.85,0,0,0,0,34.44,942,182,669
27401,3586.80,0,0,0,0,40.42,942,182,669
27451,3630.20,0,0,0,0,-49.40,942,182,669
27501,3593.67,0,0,0,0,-48.52,942,182,669
27551,3630.20,0,0,0,0,-47.69,942,182,669
27601,3579.95,0,0,0,0,67.02,942,183,669
27651,3629.32,0,0,0,0,-46.81,942,183,669
27701,3576.54,0,0,0,0,34.44,942,183,669
27751,3608.37,0,0,1,0,41.86,942,184,669
27801,3577.39,0,0,0,0,34.46,942,184,669
27851,3597.98,0,0,1,0,42.70,942,185,669
27901,3573.13,0,0,0,0,25.72,942,186,669
27951,3611.85,0,0,0,0,32.72,942,186,669
28001,3585.94,0,0,0,0,41.27,942,186,669
28051,3639.01,0,0,0,0,-57.35,942,186,669
28101,3568.88,0,0,0,0,41.23,942,186,669
28151,3623.19,0,0,0,0,-51.76,942,186,669
28201,3582.52,0,0,0,0,-42.54,942,186,669
28251,3629.32,0,0,0,0,-46.81,942,186,669
28301,3604.04,0,0,0,0,-32.28,942,186,669
28351,3647.86,0,0,-1,0,-55.05,942,187,669
28401,3579.95,0,0,0,0,64.36,942,188,669
28451,3620.56,0,0,0,0,-37.19,942,188,669
28502,3582.52,0,0,0,0,-46.67,942,188,669
28552,3623.19,0,0,0,0,-45.80,942,188,669
28602,3582.52,0,0,0,0,-44.94,942,188,669
28652,3619.69,0,0,0,0,-54.73,942,188,669
28702,3593.67,0,0,0,0,-34.62,942,188,669
28752,3620.56,0,0,0,0,-28.61,942,188,669
28802,3744.38,0,-1,0,0,42409.46,1496,188,669
28852,3647.86,0,0,-1,0,-52.46,1498,189,669
28902,3576.54,0,0,0,0,33.57,1498,189,669
28952,3622.31,0,0,0,0,-44.92,1498,189,669
29002,3592.81,0,0,0,0,-44.94,1498,189,669
29052,3619.69,0,0,0,0,-33.88,1498,189,669
29102,3575.69,0,0,0,0,24.89,1498,189,669
29152,3618.82,0,0,0,0,24.89,1498,189,669
29202,3532.74,0,0,1,0,23.45,1498,191,669
29252,3523.61,0,0,0,0,51.23,1498,191,669
29302,3582.52,0,-5,0,-5,-764.25,1507,191,675
29352,3551.14,0,0,1,0,351.05,1514,192,678
29402,3589.38,0,-2,0,-14,-362.56,1518,192,692
29452,3546.10,0,0,1,0,47.58,1518,193,692
29502,3575.69,0,0,0,0,-29.59,1518,194,692
29552,3534.40,0,0,1,0,29.39,1518,196,692
29602,3569.73,0,0,0,0,-46.95,1519,196,692
29652,3520.30,0,1,0,0,38.42,1520,197,692
29702,3567.18,0,0,0,0,-46.88,1521,198,692
29752,3520.30,0,1,0,0,21.61,1522,200,692
29802,3546.94,0,0,1,0,-37.35,1523,202,692
29852,3480.28,0,1,0,0,32.60,1526,202,692
29902,3535.23,0,0,1,0,-44.43,1528,203,692
29952,3500.58,0,1,0,0,44.68,1530,204,692
30002,3604.04,0,1,0,0,86.88,1531,205,692
30052,3511.24,0,1,0,0,44.11,1533,206,692
30102,3534.40,0,0,1,0,31.08,1533,207,692
30152,3594.54,0,-4,0,-4,-712.18,1541,207,697
30202,3501.40,0,1,0,0,355.63,1548,207,730
30252,3559.56,0,0,1,0,110.61,1549,208,737
30302,3532.74,0,0,1,0,31.90,1549,209,737
30352,3588.52,0,0,1,0,32.11,1549,210,737
30402,3545.26,0,0,1,0,31.28,1549,212,737
30452,3598.85,0,0,1,0,44.32,1549,213,737
30502,3568.03,0,0,0,0,42.95,1549,213,737
30552,3619.69,0,0,0,0,42.95,1549,213,737
30602,3593.67,0,0,0,0,-41.67,1549,213,737
30652,3648.75,0,0,-1,0,-55.07,1549,214,737
30702,3602.31,0,0,-1,0,-50.74,1549,215,737
30752,3642.54,0,0,-1,0,-38.51,1549,217,737
30802,3544.42,0,0,1,0,98.12,1549,219,737
30852,3586.80,0,0,1,0,76.36,1549,220,737
30902,3563.79,0,0,0,0,23.87,1549,221,737
30952,3600.58,0,0,0,0,26.43,1549,221,737
31002,3586.80,0,0,0,0,23.19,1549,221,737
31052,3623.19,0,0,0,0,-45.80,1549,221,737
31102,3582.52,0,0,0,0,-56.36,1549,221,737
31152,3629.32,0,0,0,0,-36.51,1549,221,737
31202,3583.37,0,0,-1,0,-60.23,1549,222,737
31252,3627.57,0,0,0,0,-34.76,1549,223,737
31302,3604.04,0,0,0,0,-39.30,1549,223,737
31352,3632.84,0,0,0,0,-28.80,1549,224,737
31403,3603.17,0,0,-1,0,-39.36,1549,225,737
31453,3653.19,0,0,-1,0,-37.86,1549,227,737
31503,3614.46,0,0,-1,0,-56.34,1549,228,737
31553,3652.30,0,0,-1,0,-36.97,1549,230,737
31603,3604.04,0,0,-1,0,-54.61,1549,231,737
31653,3651.41,0,0,-1,0,-36.95,1549,233,737
31703,3604.90,0,0,-1,0,-34.36,1549,234,737
31753,3671.97,0,0,0,0,-58.38,1549,235,737
31803,3562.95,0,0,0,0,33.31,1549,235,737
31853,3589.38,0,0,0,0,24.71,1549,235,737
31903,3564.64,0,0,0,0,34.21,1549,235,737
31953,3598.85,0,0,1,0,42.64,1549,236,737
32003,3571.43,0,0,0,0,27.42,1549,237,737
32053,3612.72,0,0,0,0,45.53,1549,237,737
32103,3570.58,0,0,0,0,52.61,1549,237,737
32153,3629.32,0,0,0,0,-47.66,1549,237,737
32203,3577.39,0,0,0,0,34.46,1549,237,737
32253,3611.85,0,0,0,0,53.46,1549,237,737
32303,3582.52,0,0,0,0,-43.22,1549,237,737
32353,3638.13,0,0,0,0,-44.45,1549,237,737
32403,3604.04,0,0,0,0,-40.81,1549,237,737
32453,3629.32,0,0,0,0,-35.65,1549,237,737
32503,3582.52,0,0,0,0,-40.81,1549,237,737
32553,3619.69,0,0,0,0,-43.30,1549,237,737
32603,3577.39,0,0,0,0,33.59,1549,237,737
32653,3610.98,0,0,0,0,26.58,1549,237,737
32703,3577.39,0,0,0,0,34.46,1549,237,737
32753,3619.69,0,0,0,0,-45.80,1549,237,737
32803,3557.87,0,0,1,0,42.70,1549,238,737
32854,3600.58,0,0,0,0,36.77,1549,238,737
32904,3577.39,0,0,0,0,32.72,1549,238,737
32954,3619.69,0,0,0,0,32.72,1549,238,737
33004,3568.88,0,0,0,0,41.23,1549,238,737
33054,3611.85,0,0,0,0,35.31,1549,238,737
33104,3582.52,0,0,0,0,-57.21,1549,238,737
33154,3620.56,0,0,0,0,-35.48,1549,238,737
33204,3593.67,0,0,0,0,-39.07,1549,238,737
33254,3637.25,0,0,0,0,3.53,1549,239,737
33304,3580.81,0,0,0,0,-47.06,1549,239,737
33354,3610.98,0,0,0,0,-57.32,1549,239,737
33404,3585.09,0,0,0,0,-57.32,1549,239,737
33454,3629.32,0,0,0,0,-42.52,1549,239,737
33504,3593.67,0,0,0,0,-50.49,1549,239,737
33554,3629.32,0,0,0,0,-35.65,1549,239,737
33604,3593.67,0,0,0,0,-57.24,1549,239,737
33654,3638.13,0,0,0,0,-45.31,1549,240,737
33704,3569.73,0,0,0,0,79.02,1549,241,737
33754,3568.03,0,0,0,0,-46.90,1550,242,737
33804,3543.59,0,0,1,0,32.95,1550,244,737
33854,3576.54,0,0,0,0,-32.11,1550,245,737
33904,3546.10,0,0,1,0,28.73,1550,247,737
33954,3575.69,0,0,0,0,-37.95,1550,248,737
34004,3555.34,0,0,1,0,30.60,1550,250,737
34054,3601.44,0,0,1,0,-3.37,1550,251,737
34104,3562.95,0,0,0,0,35.90,1550,252,737
34154,3597.98,0,0,1,0,42.70,1550,253,737
34204,3568.88,0,0,0,0,41.23,1550,254,737
34254,3611.85,0,0,0,0,50.89,1550,254,737
34304,3612.72,0,0,0,0,35.31,1550,254,737
34354,3595.40,0,-4,0,-4,-618.45,1557,254,752
34404,3651.41,0,0,-1,0,361.43,1565,255,757
34454,3662.11,0,0,-1,0,-55.47,1576,256,765
34504,3626.69,0,0,0,0,36.31,1576,257,765
34554,3671.97,0,0,0,0,-53.15,1576,257,765
34604,3613.59,0,0,-1,0,-39.60,1576,258,765
34654,3662.11,0,0,-1,0,-46.78,1576,260,765
34704,3624.94,0,0,0,0,24.70,1576,261,765
34754,3662.11,0,0,-1,0,-35.42,1576,263,765
34804,3616.20,0,0,-1,0,-44.16,1576,264,765
34854,3740.65,-3,-1,0,-6,-193.71,1577,266,771
34904,3626.69,0,0,0,0,34.52,1577,267,771
34954,3650.52,0,0,-1,0,-25.58,1577,269,771
35004,3614.46,0,0,-1,0,-45.69,1577,270,771
35054,3632.84,0,0,0,0,-30.54,1577,271,771
35104,3591.95,0,0,0,0,-38.42,1577,271,771
35154,3618.82,0,0,-1,0,-53.25,1577,272,771
35204,3566.33,0,0,0,0,34.24,1577,272,771
35254,3602.31,0,0,0,0,43.80,1577,272,771
35304,3559.56,0,0,1,0,50.55,1577,273,771
35354,3597.98,0,0,1,0,50.16,1577,274,771
35404,3554.50,0,0,1,0,43.48,1577,276,771
35454,3576.54,0,0,0,0,-31.28,1577,277,771
35504,3554.50,0,0,1,0,33.16,1577,279,771
35554,3587.66,0,0,1,0,32.30,1577,280,771
35604,3576.54,0,0,0,0,-21.19,1577,281,771
35654,3548.62,0,0,1,0,533.02,1588,282,779
35704,3595.40,0,-4,0,-4,-708.22,1596,282,784
35755,3501.40,0,1,0,0,380.59,1603,282,818
35805,3614.46,0,-2,0,-13,-333.71,1606,282,831
35855,3568.03,0,0,0,0,205.55,1610,282,845
35905,3603.17,0,-1,0,-6,-193.61,1612,282,851
35955,3559.56,0,0,1,0,95.41,1613,284,851
36005,3564.64,0,0,0,0,-26.07,1613,285,851
36055,3428.57,0,2,0,0,150.53,1615,285,851
36105,3557.03,0,0,1,0,-32.59,1616,286,861
36155,3521.95,0,1,0,0,37.61,1617,287,861
36205,3557.03,0,0,1,0,-45.79,1618,289,861
36255,3520.30,0,1,0,0,25.80,1620,290,861
36305,3567.18,0,0,0,0,-55.95,1621,291,861
36355,3520.30,0,1,0,0,37.57,1623,292,861
36405,3564.64,0,0,0,0,-31.07,1623,293,861
36455,3545.26,0,0,1,0,31.28,1623,295,861
36505,3576.54,0,0,0,0,-32.11,1623,296,861
36555,3545.26,0,0,1,0,42.40,1623,298,861
36605,3587.66,0,0,1,0,34.00,1623,299,861
36655,3553.66,0,0,1,0,45.19,1623,301,861
36705,3611.85,0,0,0,0,41.21,1623,301,861
36755,3586.80,0,0,0,0,32.75,1623,301,861
36805,3629.32,0,0,0,0,-35.65,1623,301,861
36855,3526.92,0,0,0,0,115.62,1623,302,861
36905,3619.69,0,-1,0,-5,-180.44,1624,302,866
36955,3581.66,0,0,0,0,-36.53,1624,302,866
37005,3620.56,0,0,0,0,-33.76,1624,302,866
37055,3582.52,0,0,0,0,-58.58,1624,302,866
37105,3612.72,0,0,0,0,39.68,1624,302,866
37155,3568.03,0,0,0,0,44.69,1624,302,866
37206,3610.98,0,0,0,0,-55.16,1624,302,866
37256,3557.87,0,0,1,0,53.97,1624,303,866
37306,3599.71,0,0,0,0,39.70,1624,303,866
37356,3545.26,0,0,1,0,31.28,1624,304,866
37406,3576.54,0,0,0,0,-31.28,1624,305,866
37456,3574.83,0,0,0,0,-32.92,1624,306,866
37506,3551.14,0,0,1,0,420.27,1632,307,871
37556,3593.67,0,0,0,0,-99.77,1632,307,871
37606,3545.26,0,0,1,0,35.55,1632,309,871
37656,3586.80,0,0,1,0,39.82,1632,310,871
37706,3557.03,0,0,1,0,137.55,1634,311,880
37756,3564.64,0,0,0,0,-10.98,1634,312,880
37806,3544.42,0,0,1,0,32.11,1634,314,880
37856,3587.66,0,0,1,0,41.54,1634,315,880
37906,3555.34,0,0,1,0,43.50,1634,317,880
37956,3585.94,0,0,1,0,51.02,1634,318,880
38006,3546.10,0,0,1,0,40.70,1634,320,880
38056,3574.83,0,0,0,0,-40.43,1634,321,880
38106,3546.10,0,0,1,0,97.33,1635,323,883
38156,3585.94,0,0,1,0,30.42,1635,324,883
38206,3555.34,0,0,1,0,31.46,1635,326,883
38256,3586.80,0,0,1,0,29.74,1635,327,883
38306,3546.10,0,0,1,0,40.70,1635,329,883
38356,3609.24,0,0,1,0,45.21,1635,330,883
38406,3553.66,0,0,1,0,34.00,1635,332,883
38456,3598.85,0,0,1,0,34.87,1635,333,883
38506,3570.58,0,0,0,0,80.83,1635,335,883
38556,3629.32,0,0,0,0,-48.52,1635,335,883
38606,3586.80,0,0,0,0,-48.52,1635,335,883
38656,3639.01,0,0,0,0,-43.61,1635,335,883
38706,3603.17,0,0,-1,0,-58.48,1635,336,883
38756,3576.54,0,0,0,0,26.63,1635,337,883
38806,3564.64,0,0,0,0,21.30,1635,338,883
38856,3610.11,0,0,1,0,43.57,1635,339,883
38906,3546.10,0,0,1,0,148.48,1637,340,891
38956,3598.85,0,0,0,0,34.21,1637,340,891
39006,3534.40,0,0,1,0,42.14,1637,341,891
39056,3534.40,0,0,1,0,40.43,1637,342,891
39106,3605.77,0,-4,0,-4,-742.50,1645,342,896
39156,3540.24,0,0,1,0,375.19,1653,343,900
39206,3503.04,0,1,0,0,275.30,1658,343,915
39256,3547.78,0,0,1,0,155.93,1659,345,919
39306,3586.80,0,0,1,0,44.87,1659,346,919
39356,3534.40,0,0,1,0,40.43,1659,348,919
39406,3567.18,0,0,0,0,-44.40,1660,348,919
39456,3522.78,0,1,0,0,45.25,1662,348,919
39506,3555.34,0,0,1,0,-45.75,1663,350,919
39556,3522.78,0,1,0,0,43.55,1665,350,919
39606,3568.03,0,0,0,0,-47.73,1666,351,919
39656,3522.78,0,1,0,0,56.32,1668,351,919
39706,3587.66,0,0,1,0,49.13,1668,352,919
39756,3545.26,0,0,1,0,53.59,1668,354,919
39806,3610.11,0,0,1,0,43.46,1668,355,919
39856,3555.34,0,0,1,0,43.50,1668,357,919
39906,3598.85,0,0,1,0,43.80,1668,358,919
39956,3555.34,0,0,1,0,41.78,1668,360,919
40006,3597.12,0,0,1,0,51.02,1668,361,919
40056,3566.33,0,0,0,0,34.24,1668,361,919
40107,3623.19,0,0,0,0,-50.91,1668,361,919
40157,3746.25,0,-1,0,0,2864.59,3902,361,3352
40207,3707.36,0,-1,0,0,-43.47,3904,362,3352
40257,3687.32,0,-1,0,0,22.80,3907,362,3352
40307,3723.93,0,-1,0,0,-13.82,3910,362,3352
40357,3723.01,0,-1,0,0,23.25,3913,362,3352
40407,3770.74,0,-2,0,0,-33.82,3918,362,3352
40457,3735.99,0,-1,0,0,24.35,3922,362,3352
40507,3797.47,0,-2,0,0,-36.18,3928,362,3352
40557,3834.36,-2,-3,0,0,-49.34,3937,363,3353
40607,3810.01,0,-2,0,0,14.57,3943,363,3353
40657,3823.60,0,-2,0,0,-11.66,3950,363,3353
40707,3761.28,0,-2,0,0,23.73,3956,363,3353
40757,3762.23,0,-2,0,0,11.36,3962,363,3353
40807,3735.99,0,-1,0,0,10.26,3965,363,3353
40857,3722.08,0,-1,0,0,-3.69,3968,363,3353
40907,3657.64,0,0,-1,0,89.55,3970,364,3353
40957,3650.52,0,0,-1,0,35.89,3979,365,3357
41007,3627.57,0,0,0,0,9.68,3979,366,3357
41057,3616.20,0,0,0,0,-19.25,3979,366,3357
41107,3633.72,0,0,0,0,-19.26,3979,366,3357
41157,3591.95,0,0,0,0,-21.87,3979,366,3357
41207,3591.95,0,0,0,0,-42.65,3979,366,3357
41257,3585.94,0,0,0,0,23.07,3979,366,3357
41307,3582.52,0,0,0,0,-43.38,3979,366,3357
41357,3582.52,0,-5,0,-6,-852.30,3989,366,3364
41407,3573.13,0,0,0,0,422.61,3998,366,3368
41457,3551.14,0,0,1,0,367.36,4005,367,3373
41507,3536.07,0,0,1,0,180.48,4008,368,3386
41558,3565.49,0,0,0,0,2.54,4008,368,3386
41608,3493.25,0,1,0,0,32.02,4009,369,3386
41658,3533.57,0,0,1,0,-29.71,4010,370,3386
41708,3512.06,0,1,0,0,34.04,4012,371,3386
41758,3563.79,0,0,0,0,-31.06,4012,373,3386
41808,3521.95,0,1,0,0,30.87,4013,375,3386
41858,3575.69,0,0,0,0,-42.12,4013,376,3386
41908,3564.64,0,0,0,0,23.02,4013,377,3386
41958,3608.37,0,0,1,0,34.89,4013,378,3386
42008,3556.19,0,0,1,0,32.33,4013,379,3386
42058,3574.83,0,0,0,0,-42.10,4013,381,3386
42108,3523.61,0,0,0,0,73.51,4013,382,3386
42158,3619.69,0,0,-1,0,-129.58,4013,383,3386
42208,3604.90,0,0,0,0,-42.52,4013,383,3386
42258,3643.43,0,0,-1,0,-28.10,4013,385,3386
42308,3605.77,0,0,0,0,-4.37,4013,385,3386
42358,3663.00,0,0,-1,0,-49.42,4013,387,3386
42408,3641.66,0,0,-1,0,30.31,4013,389,3386
42458,3641.66,0,0,-1,0,-26.33,4013,391,3386
42508,3626.69,0,0,0,0,35.42,4013,392,3386
42558,3660.32,0,0,-1,0,-18.66,4013,394,3386
42608,3626.69,0,0,0,0,35.42,4013,395,3386
42658,3662.11,0,0,-1,0,-23.98,4013,397,3386
42708,3653.19,0,0,-1,0,19.68,4013,399,3386
42758,3660.32,0,0,-1,0,3.58,4014,401,3386
42808,3651.41,0,0,-1,0,21.46,4014,403,3386
42858,3638.13,0,0,0,0,14.17,4015,404,3386
42908,3562.95,0,0,0,0,23.86,4015,404,3386
42958,3587.66,0,0,1,0,23.75,4015,405,3386
43008,3577.39,0,0,0,0,34.46,4015,405,3386
43058,3599.71,0,0,0,0,14.54,4015,405,3386
43108,3573.13,0,0,0,0,16.25,4015,405,3386
43158,3599.71,0,0,0,0,11.06,4015,405,3386
43208,3586.80,0,0,0,0,11.06,4015,405,3386
43258,3555.34,0,0,1,0,22.05,4015,406,3386
43308,3508.77,0,1,0,0,23.13,4016,408,3386
43358,3565.49,0,0,0,0,-34.41,4016,410,3386
43408,3531.07,0,0,1,0,27.65,4016,412,3386
43458,3587.66,0,0,1,0,31.46,4016,413,3386
43508,3532.74,0,0,1,0,1.66,4016,415,3386
43558,3575.69,0,0,0,0,-30.42,4016,416,3386
43608,3564.64,0,0,0,0,21.30,4016,417,3386
43658,3552.82,0,0,1,0,3.37,4016,419,3386
43708,3545.26,0,0,1,0,29.57,4016,421,3386
43758,3555.34,0,0,1,0,32.31,4016,422,3386
43808,3605.77,0,-6,0,-6,-910.50,4027,422,3393
43858,3593.67,0,-6,0,-6,-923.05,4038,422,3400
43908,3639.01,0,0,0,0,524.19,4050,422,3407
43958,3715.63,0,-1,0,0,181.49,4057,422,3443
44008,3636.36,0,0,0,0,26.64,4067,423,3451
44058,3684.60,0,-1,0,0,-32.30,4069,424,3451
44108,3637.25,0,0,0,0,23.97,4069,426,3451
44158,3697.31,0,-1,0,0,-44.12,4070,427,3451
44208,3674.67,0,0,0,0,34.53,4071,428,3451
44258,3649.63,0,0,-1,0,-12.39,4071,430,3451
44308,3625.82,0,0,0,0,24.71,4071,431,3451
44358,3650.52,0,0,-1,0,-25.58,4071,433,3451
44408,3585.94,0,0,-1,0,-25.58,4071,433,3451
44459,3627.57,0,0,0,0,-40.77,4071,433,3451
44509,3576.54,0,0,0,0,24.90,4071,433,3451
44559,3588.52,0,0,0,0,25.76,4071,433,3451
44609,3545.26,0,0,1,0,32.13,4071,434,3451
44659,3585.94,0,0,1,0,8.39,4071,436,3451
44709,3564.64,0,0,0,0,32.48,4071,437,3451
44759,3566.33,0,0,0,0,-44.38,4072,438,3451
44809,3564.64,0,0,0,0,22.16,4072,439,3451
44859,3575.69,0,0,0,0,-30.42,4072,440,3451
44909,3573.13,0,0,0,0,13.67,4072,441,3451
44959,3626.69,0,0,0,0,16.74,4072,443,3451
45009,3577.39,0,0,0,0,33.59,4072,443,3451
45059,3573.98,0,0,0,0,13.68,4072,443,3451
45109,3501.40,0,1,0,0,300.88,4078,443,3469
45159,3579.95,0,0,0,0,213.67,4081,443,3480
45209,3602.31,0,-1,0,-9,-245.58,4084,443,3489
45259,3578.24,0,0,0,0,86.55,4085,444,3491
45309,3585.94,0,0,1,0,4.20,4085,446,3491
45359,3693.67,0,-1,0,-7,-207.73,4087,447,3498
45409,3587.66,0,0,1,0,23.76,4087,448,3498
45459,3544.42,0,0,1,0,44.95,4087,449,3498
45509,3576.54,0,0,0,0,-45.46,4087,451,3498
45559,3532.74,0,0,1,0,20.92,4087,454,3498
45609,3574.83,0,0,0,0,-29.57,4087,455,3498
45659,3573.98,0,0,0,0,23.14,4087,456,3498
45709,3619.69,0,0,0,0,23.14,4087,456,3498
45759,3729.49,0,-1,0,-7,-213.31,4089,456,3505
45809,3651.41,0,0,-1,0,-46.51,4089,457,3505
45859,3614.46,0,0,-1,0,-24.60,4089,458,3505
45910,3642.54,0,0,-1,0,-28.09,4089,460,3505
45960,3638.13,0,0,0,0,15.06,4089,461,3505
46010,3661.22,0,0,-1,0,-20.44,4090,463,3505
46060,3641.66,0,0,-1,0,32.11,4090,464,3505
46110,3671.97,0,0,0,0,-19.67,4091,465,3505
46160,3604.90,0,0,0,0,13.24,4091,466,3505
46210,3591.95,0,0,0,0,-21.79,4091,466,3505
46260,3585.94,0,0,0,0,23.92,4091,466,3505
46310,3638.13,0,0,0,0,-41.87,4091,466,3505
46360,3563.79,0,0,0,0,18.73,4091,466,3505
46410,3598.85,0,0,0,0,26.58,4091,466,3505
46460,3577.39,0,0,0,0,24.05,4091,466,3505
46510,3610.98,0,0,0,0,24.05,4091,466,3505
46560,3585.94,0,0,0,0,24.05,4091,466,3505
46610,3619.69,0,0,0,0,24.05,4091,466,3505
46660,3592.81,0,0,0,0,-17.43,4091,466,3505
46710,3618.82,0,0,0,0,-17.43,4091,466,3505
46760,3604.04,0,0,-1,0,-41.10,4091,467,3505
46810,3600.58,0,0,0,0,25.72,4091,467,3505
46860,3585.09,0,0,0,0,24.04,4091,467,3505
46910,3648.75,0,0,-1,0,-55.07,4091,468,3505
46960,3605.77,0,0,0,0,-27.08,4091,468,3505
47010,3604.90,0,0,0,0,-34.12,4091,468,3505
47060,3567.18,0,0,0,0,9.36,4091,468,3505
47110,3544.42,0,0,1,0,28.71,4091,469,3505
47160,3556.19,0,0,1,0,6.76,4091,471,3505
47210,3612.72,0,0,0,0,11.96,4091,471,3505
47260,3596.26,0,0,0,0,11.96,4091,471,3505
47310,3610.98,0,0,0,0,-40.99,4091,471,3505
47360,3606.64,0,0,0,0,-30.33,4091,471,3505
47410,3653.19,0,0,-1,0,-38.73,4091,472,3505
47460,3615.33,0,0,-1,0,-25.48,4091,473,3505
47510,3619.69,0,0,-1,0,-25.48,4091,473,3505
47560,3554.50,0,0,1,0,10.14,4091,474,3505
47610,3611.85,0,0,0,0,23.01,4091,474,3505
47660,3593.67,0,0,0,0,-42.52,4091,474,3505
47710,3587.66,0,0,1,0,33.14,4091,475,3505
47760,3574.83,0,0,0,0,37.01,4091,475,3505
47810,3553.66,0,0,1,0,-22.59,4091,478,3505
47860,3541.91,0,0,1,0,16.81,4091,480,3505
47910,3587.66,0,0,1,0,20.22,4091,481,3505
47960,3555.34,0,0,1,0,21.19,4091,483,3505
48010,3556.19,0,0,1,0,16.09,4091,484,3505
48060,3555.34,0,0,1,0,20.34,4091,486,3505
48110,3623.19,0,0,0,0,-50.91,4091,486,3505
48160,3606.64,0,0,0,0,-39.95,4091,486,3505
48210,3627.57,0,0,0,0,-31.31,4091,486,3505
48260,3615.33,0,0,-1,0,-32.45,4091,487,3505
48310,3614.46,0,0,-1,0,-38.75,4091,488,3505
48360,3614.46,0,0,0,0,-51.38,4091,488,3505
48410,3673.77,0,0,0,0,-47.08,4091,489,3505
48460,3626.69,0,0,0,0,34.52,4091,490,3505
48510,3616.20,0,0,0,0,33.63,4091,491,3505
48560,3559.56,0,0,1,0,63.63,4091,492,3505
48610,3652.30,0,0,-1,0,-35.23,4092,493,3505
48660,3626.69,0,0,0,0,23.83,4092,494,3505
48710,3650.52,0,0,-1,0,-12.40,4092,496,3505
48760,3626.69,0,0,0,0,25.61,4092,497,3505
48811,3672.87,0,0,0,0,-35.62,4092,498,3505
48861,3641.66,0,0,-1,0,32.11,4092,499,3505
48911,3661.22,0,0,-1,0,-24.85,4092,501,3505
48961,3585.09,0,0,0,0,31.01,4092,501,3505
49011,3643.43,0,0,-1,0,-39.39,4092,502,3505
49061,3573.98,0,0,0,0,20.55,4092,502,3505
49111,3578.24,0,0,0,0,-4.26,4092,502,3505
49161,3554.50,0,0,1,0,34.87,4092,503,3505
49211,3544.42,0,0,1,0,-22.47,4093,505,3505
49261,3543.59,0,0,1,0,21.90,4093,507,3505
49311,3554.50,0,0,1,0,-21.77,4093,509,3505
49361,3544.42,0,0,1,0,21.06,4093,511,3505
49411,3545.26,0,0,1,0,-41.41,4095,512,3505
49461,3569.73,0,0,0,0,-42.81,4095,512,3505
49511,3559.56,0,0,1,0,519.85,4106,513,3513
49561,3606.64,0,-4,0,-4,-729.91,4114,513,3518
49611,3562.10,0,0,0,0,350.26,4122,513,3521
49661,3501.40,0,1,0,0,340.81,4128,513,3539
49711,3590.23,0,-2,0,-14,-339.27,4131,513,3553
49761,3649.63,0,0,-1,0,-16.79,4131,514,3553
49811,3604.04,0,-1,0,-4,-172.88,4132,515,3557
49861,3603.17,0,-1,0,-7,-210.36,4134,515,3564
49911,3571.43,0,0,0,0,105.04,4135,515,3568
49961,3555.34,0,0,1,0,10.14,4135,517,3568
50011,3534.40,0,0,1,0,35.33,4135,519,3568
50061,3513.70,0,1,0,0,8.25,4137,519,3568
50111,3490.81,0,1,0,0,11.41,4140,519,3568
50161,3481.09,0,1,0,0,11.35,4143,519,3568
50211,3469.81,0,1,0,0,13.70,4146,519,3568
50262,3535.23,0,0,1,0,-54.96,4148,520,3568
50312,3509.59,0,1,0,0,34.83,4150,521,3568
50362,3555.34,0,0,1,0,-51.49,4151,522,3568
50412,3556.19,0,0,1,0,12.69,4151,523,3568
50462,3600.58,0,0,0,0,11.10,4151,523,3568
50512,3531.90,0,0,1,0,24.28,4151,525,3568
50562,3611.85,0,0,0,0,8.51,4151,525,3568
50612,3568.03,0,0,0,0,33.41,4151,525,3568
50662,3557.03,0,0,1,0,19.51,4151,526,3568
50712,3628.45,0,0,0,0,454.30,4162,526,3575
50762,3624.06,0,0,0,0,-8.73,4174,526,3584
50812,3605.77,0,0,0,0,-8.73,4174,526,3584
50862,3614.46,0,0,0,0,-26.19,4174,526,3584
50912,3639.01,0,0,0,0,46.49,4186,526,3591
50962,3671.97,0,0,0,0,-30.31,4186,527,3591
51012,3653.19,0,0,-1,0,20.58,4186,528,3591
51062,3614.46,0,0,-1,0,19.62,4186,530,3591
51112,3556.19,0,0,1,0,25.47,4186,531,3591
51162,3610.11,0,0,1,0,25.47,4186,531,3591
51212,3541.91,0,0,1,0,15.12,4186,533,3591
51262,3611.85,0,0,0,0,23.01,4186,533,3591
51312,3604.90,0,0,0,0,-33.76,4186,533,3591
51362,3627.57,0,0,0,0,-33.89,4186,533,3591
51412,3616.20,0,0,0,0,-30.52,4186,533,3591
51462,3652.30,0,0,-1,0,-36.10,4186,534,3591
51512,3638.13,0,0,0,0,12.40,4186,535,3591
51562,3649.63,0,0,-1,0,-11.51,4186,537,3591
51612,3592.81,0,0,0,0,-26.20,4186,537,3591
51662,3642.54,0,0,-1,0,-37.64,4186,538,3591
51712,3626.69,0,0,0,0,16.74,4186,539,3591
51762,3626.69,0,0,0,0,-0.88,4186,540,3591
51812,3615.33,0,0,-1,0,-47.61,4186,541,3591
51862,3592.81,0,0,-1,0,-47.61,4186,541,3591
51912,3568.03,0,0,0,0,33.41,4186,541,3591
51962,3554.50,0,0,1,0,22.89,4186,542,3591
52012,3556.19,0,0,1,0,18.65,4186,544,3591
52062,3564.64,0,0,0,0,20.45,4186,544,3591
52112,3548.62,0,0,1,0,476.07,4196,545,3599
52162,3501.40,0,1,0,0,375.57,4204,545,3623
52212,3516.17,0,1,0,0,289.97,4208,545,3637
52262,3559.56,0,0,1,0,123.23,4210,546,3642
52312,3572.28,0,0,0,0,16.24,4210,547,3642
52362,3546.10,0,0,1,0,39.84,4210,549,3642
52412,3611.85,0,0,0,0,22.16,4210,549,3642
52462,3604.90,0,0,0,0,-45.97,4210,549,3642
52512,3620.56,0,0,0,0,-33.76,4210,549,3642
52562,3604.04,0,0,0,0,-39.28,4210,549,3642
52612,3623.19,0,0,0,0,-6.99,4210,549,3642
52662,3615.33,0,0,0,0,0.00,4210,549,3642
52712,3662.11,0,0,-1,0,-34.54,4210,550,3642
52762,3594.54,0,0,0,0,24.86,4210,550,3642
52812,3617.94,0,0,0,0,24.86,4210,550,3642
52862,3593.67,0,0,0,0,-27.02,4210,550,3642
52912,3615.33,0,0,0,0,-27.02,4210,550,3642
52962,3595.40,0,0,0,0,-27.02,4210,550,3642
53012,3586.80,0,0,0,0,-32.17,4210,550,3642
53062,3613.59,0,0,-1,0,16.93,4210,552,3642
53112,3650.52,0,0,-1,0,-14.16,4210,554,3642
53163,3638.13,0,0,0,0,18.63,4210,555,3642
53213,3604.90,0,0,0,0,18.63,4210,555,3642
53263,3615.33,0,0,-1,0,-61.77,4210,556,3642
53313,3660.32,0,0,-1,0,78.46,4211,558,3648
53363,3617.07,0,-3,0,-3,-490.41,4216,558,3651
53413,3716.55,0,-1,0,0,175.51,4223,558,3686
53463,3639.01,0,0,0,0,545.09,4234,558,3694
53513,3716.55,0,-1,0,0,179.55,4241,558,3731
53563,3671.97,0,0,0,0,-55.77,4252,558,3739
53613,3614.46,0,0,0,0,-13.19,4252,558,3739
53663,3685.50,0,-1,0,0,-48.26,4253,559,3739
53713,3663.00,0,0,-1,0,21.59,4254,561,3739
53763,3707.36,0,-1,0,0,-43.47,4256,562,3739
53813,3676.47,0,0,0,0,30.89,4257,563,3739
53863,3663.00,0,0,-1,0,24.31,4259,564,3739
53913,3664.79,0,0,-1,0,8.08,4259,566,3739
53963,3615.33,0,0,0,0,30.94,4259,567,3739
54013,3604.90,0,0,0,0,-35.67,4259,567,3739
54063,3613.59,0,0,-1,0,-44.73,4259,568,3739
54113,3580.81,0,0,-1,0,-44.73,4259,568,3739
54163,3633.72,0,0,0,0,-28.82,4259,568,3739
54213,3615.33,0,0,-1,0,-32.44,4259,569,3739
54263,3620.56,0,0,0,0,-28.61,4259,569,3739
54313,3613.59,0,0,-1,0,-51.72,4259,570,3739
54363,3555.34,0,0,1,0,17.79,4259,571,3739
54413,3556.19,0,0,1,0,20.35,4259,573,3739
54463,3576.54,0,0,0,0,-42.97,4259,574,3739
54513,3563.79,0,0,0,0,35.06,4259,575,3739
54563,3598.85,0,0,1,0,22.75,4259,576,3739
54614,3533.57,0,0,1,0,30.22,4259,578,3739
54664,3598.85,0,0,1,0,21.90,4259,579,3739
54714,3586.80,0,0,0,0,25.72,4259,579,3739
54764,3562.95,0,0,0,0,-28.54,4259,580,3739
54814,3563.79,0,0,0,0,34.19,4259,581,3739
54864,3555.34,0,0,1,0,27.17,4259,582,3739
54914,3564.64,0,0,0,0,-34.40,4259,583,3739
54964,3528.58,0,0,0,0,373.60,4266,583,3744
55014,3535.23,0,0,1,0,197.04,4269,584,3757
55064,3533.57,0,0,1,0,29.38,4270,585,3757
55114,3610.98,0,0,0,0,1.70,4270,585,3757
55164,3531.90,0,0,1,0,17.55,4270,587,3757
55214,3611.85,0,0,0,0,15.38,4270,587,3757
55264,3616.20,0,0,0,0,-33.05,4270,587,3757
55314,3585.09,0,0,0,0,-15.76,4270,587,3757
55364,3591.95,0,0,0,0,-55.50,4270,587,3757
55414,3643.43,0,0,-1,0,-39.39,4270,588,3757
55464,3615.33,0,0,-1,0,-35.21,4270,589,3757
55514,3650.52,0,0,-1,0,-29.96,4270,591,3757
55564,3577.39,0,0,0,0,28.38,4270,591,3757
55614,3643.43,0,0,-1,0,-39.39,4270,592,3757
55664,3649.63,0,0,-1,0,12.47,4270,594,3757
55714,3671.97,0,0,0,0,-27.66,4270,595,3757
55764,3640.78,0,0,-1,0,44.73,4271,596,3757
55814,3500.58,0,1,0,0,340.65,4276,596,3772
55864,3650.52,0,0,-1,0,196.62,4280,597,3780
55914,3716.55,0,-1,0,0,178.54,4287,597,3816
55964,3681.88,0,-1,0,0,-31.36,4299,598,3824
56014,3604.90,0,0,0,0,30.05,4299,599,3824
56064,3662.11,0,0,-1,0,-58.07,4299,601,3824
56114,3641.66,0,0,-1,0,32.11,4299,602,3824
56164,3582.52,0,0,-1,0,32.11,4299,602,3824
56214,3577.39,0,0,0,0,34.46,4299,602,3824
56264,3616.20,0,0,0,0,-92.69,4299,603,3824
56314,3554.50,0,0,1,0,28.01,4299,604,3824
56364,3563.79,0,0,0,0,24.72,4299,604,3824
56414,3584.23,0,-4,0,-4,-645.62,4307,604,3829
56464,3501.40,0,1,0,0,354.64,4314,604,3860
56514,3536.07,0,0,1,0,182.33,4316,605,3869
56564,3544.42,0,0,1,0,27.86,4316,606,3869
56614,3598.85,0,0,1,0,21.13,4316,607,3869
56664,3596.26,0,0,0,0,27.42,4316,607,3869
56714,3615.33,0,0,0,0,-29.56,4316,607,3869
56764,3605.77,0,0,0,0,-29.56,4316,607,3869
56814,3641.66,0,0,-1,0,-25.46,4316,608,3869
56864,3638.13,0,0,0,0,23.98,4316,609,3869
56914,3582.52,0,0,0,0,12.31,4316,609,3869
56964,3573.13,0,0,0,0,26.58,4316,610,3869
57014,3620.56,0,0,0,0,-38.05,4316,610,3869
57064,3599.71,0,0,0,0,-38.05,4316,610,3869
57114,3652.30,0,0,-1,0,-47.40,4316,611,3869
57164,3627.57,0,0,0,0,10.56,4316,611,3869
57214,3662.11,0,0,-1,0,-29.27,4316,612,3869
57264,3663.90,0,0,-1,0,30.68,4317,614,3869
57314,3640.78,0,0,-1,0,33.89,4318,615,3869
57364,3628.45,0,0,0,0,92.71,4319,615,3869
57414,3637.25,0,0,0,0,141.09,4322,615,3882
57464,3513.70,0,1,0,0,340.36,4328,615,3900
57515,3502.22,0,1,0,0,315.55,4332,615,3915
57565,3590.23,0,-2,0,-12,-306.22,4335,615,3927
57615,3624.06,0,0,0,0,159.99,4339,615,3941
57665,3501.40,0,1,0,0,339.83,4345,615,3958
57715,3501.40,0,1,0,0,380.59,4350,615,3975
57765,3617.94,0,-4,0,-3,-512.90,4355,615,3978
57815,3617.07,0,-6,0,-5,-815.20,4365,615,3983
57865,3520.30,0,1,0,0,340.70,4371,615,4003
57915,3501.40,0,1,0,0,341.80,4377,615,4019
57965,3501.40,0,1,0,0,355.63,4382,615,4035
58015,3652.30,0,0,-1,0,255.98,4387,616,4037
58065,3615.33,0,0,0,0,455.99,4397,616,4044
58115,3623.19,0,0,0,0,-21.75,4397,616,4044
58165,3501.40,0,1,0,0,392.68,4404,616,4080
58215,3651.41,0,0,-1,0,22.36,4412,617,4084
58265,3698.22,0,-1,0,0,-45.92,4414,618,4084
58315,3624.94,0,0,0,0,24.70,4414,620,4084
58365,3661.22,0,0,-1,0,-33.65,4414,621,4084
58415,3653.19,0,0,-1,0,20.58,4414,622,4084
58465,3660.32,0,0,-1,0,-10.69,4414,625,4084
58515,3586.80,0,0,0,0,31.00,4414,625,4084
58565,3629.32,0,0,0,0,-42.52,4414,625,4084
58615,3587.66,0,0,0,0,-42.52,4414,625,4084
58665,3577.39,0,0,0,0,-32.13,4414,626,4084
58715,3572.28,0,0,0,0,27.43,4414,626,4084
58765,3556.19,0,0,1,0,10.99,4414,627,4084
58815,3544.42,0,0,1,0,32.11,4414,629,4084
58865,3611.85,0,0,0,0,24.84,4414,629,4084
58915,3555.34,0,0,1,0,26.32,4414,630,4084
58966,3510.41,0,1,0,0,30.66,4415,631,4084
59016,3501.40,0,1,0,0,362.59,4423,631,4109
59066,3514.53,0,1,0,0,203.87,4426,631,4119
59116,3564.64,0,0,0,0,-27.74,4426,632,4119
59166,3555.34,0,0,1,0,38.33,4426,634,4119
59216,3536.90,0,0,1,0,-9.15,4426,636,4119
59266,3535.23,0,0,1,0,32.80,4427,637,4119
59316,3599.71,0,0,0,0,22.16,4427,637,4119
59366,3542.75,0,0,1,0,2.51,4427,639,4119
59416,3587.66,0,0,1,0,20.21,4427,640,4119
59466,3521.13,0,1,0,0,11.61,4428,641,4119
59516,3575.69,0,0,0,0,-43.78,4428,643,4119
59566,3544.42,0,0,1,0,21.06,4428,645,4119
59616,3587.66,0,0,1,0,21.06,4428,646,4119
59666,3577.39,0,0,0,0,23.19,4428,646,4119
59716,3619.69,0,0,0,0,23.19,4428,646,4119
59766,3614.46,0,0,-1,0,-40.26,4428,647,4119
59816,3623.19,0,0,0,0,-47.50,4428,647,4119
59866,3612.72,0,0,-1,0,-42.85,4428,648,4119
59916,3673.77,0,0,0,0,-47.08,4428,649,4119
59966,3626.69,0,0,0,0,34.52,4428,650,4119
60016,3672.87,0,0,0,0,-20.57,4429,651,4119
60066,3650.52,0,0,-1,0,34.98,4430,653,4119
60116,3596.26,0,0,-1,0,6.21,4430,654,4119
60166,3604.90,0,0,0,0,-33.76,4430,654,4119
60216,3624.94,0,0,0,0,-10.48,4430,654,4119
60266,3613.59,0,0,-1,0,-41.97,4430,655,4119
60316,3650.52,0,0,-1,0,-23.83,4430,657,4119
60366,3564.64,0,0,0,0,29.90,4430,657,4119
60416,3574.83,0,0,0,0,-29.57,4430,658,4119
60466,3563.79,0,0,0,0,35.06,4430,659,4119
60516,3600.58,0,0,0,0,16.24,4430,659,4119
60566,3586.80,0,0,0,0,25.74,4430,659,4119
60616,3592.81,0,0,0,0,-33.76,4430,659,4119
60666,3586.80,0,0,0,0,16.28,4430,659,4119
60716,3629.32,0,0,0,0,-35.65,4430,659,4119
60766,3615.33,0,0,-1,0,-31.55,4430,660,4119
60816,3546.94,0,0,1,0,34.72,4430,661,4119
60866,3566.33,0,0,0,0,9.35,4430,662,4119
60916,3534.40,0,0,1,0,29.39,4430,663,4119
60966,3542.75,0,0,1,0,14.28,4431,665,4119
61016,3611.85,0,0,0,0,23.86,4431,665,4119
61066,3605.77,0,0,0,0,23.86,4431,665,4119
61116,3583.37,0,0,0,0,-23.56,4431,665,4119
61166,3554.50,0,0,1,0,22.04,4431,667,4119
61216,3556.19,0,0,1,0,6.76,4431,668,4119
61266,3544.42,0,0,1,0,31.26,4431,670,4119
61316,3582.52,0,0,1,0,31.26,4431,670,4119
61366,3617.07,0,-6,0,-5,-838.61,4441,670,4124
61416,3642.54,0,0,-1,0,-36.78,4452,671,4131
61466,3626.69,0,0,0,0,35.42,4452,672,4131
61516,3631.96,0,0,0,0,-26.19,4452,672,4131
61566,3625.82,0,0,0,0,27.37,4452,673,4131
61616,3623.19,0,0,0,0,-18.29,4452,673,4131
61666,3624.94,0,0,0,0,18.49,4452,674,4131
61716,3662.11,0,0,-1,0,-24.86,4452,676,4131
61766,3638.13,0,0,0,0,23.09,4452,678,4131
61816,3673.77,0,0,0,0,-37.41,4452,679,4131
61867,3652.30,0,0,-1,0,43.19,4453,681,4131
61917,3624.06,0,0,0,0,-6.99,4453,681,4131
61967,3615.33,0,0,0,0,-33.14,4453,681,4131
62017,3604.90,0,0,0,0,-22.80,4453,681,4131
62067,3596.26,0,0,0,0,28.36,4453,681,4131
62117,3610.98,0,0,0,0,28.36,4453,681,4131
62167,3586.80,0,0,0,0,28.36,4453,681,4131
62217,3620.56,0,0,0,0,-28.61,4453,681,4131
62267,3592.81,0,0,0,0,-40.81,4453,681,4131
62317,3643.43,0,0,-1,0,-27.23,4453,683,4131
62367,3604.90,0,0,0,0,-8.74,4453,683,4131
62417,3633.72,0,0,0,0,-30.55,4453,683,4131
62467,3614.46,0,0,-1,0,-57.93,4453,684,4131
62517,3642.54,0,0,-1,0,-26.34,4453,685,4131
62567,3604.04,0,0,0,0,-5.24,4453,685,4131
62617,3652.30,0,0,-1,0,-36.10,4453,686,4131
62667,3626.69,0,0,0,0,15.85,4453,687,4131
62717,3662.11,0,0,-1,0,-36.29,4453,689,4131
62767,3663.90,0,0,-1,0,22.51,4454,690,4131
62817,3672.87,0,0,0,0,-35.62,4454,691,4131
62867,3648.75,0,0,-1,0,12.47,4454,694,4131
62917,3563.79,0,0,0,0,31.61,4454,694,4131
62967,3563.79,0,0,0,0,23.01,4454,695,4131
63017,3564.64,0,0,0,0,-32.73,4454,697,4131
63067,3555.34,0,0,1,0,21.19,4454,699,4131
63117,3535.23,0,0,1,0,33.65,4454,700,4131
63167,3532.74,0,0,1,0,15.04,4454,702,4131
63217,3575.69,0,0,0,0,-31.26,4454,703,4131
63267,3531.90,0,0,1,0,20.91,4454,706,4131
63318,3597.98,0,0,1,0,28.73,4454,707,4131
63368,3563.79,0,0,0,0,23.87,4454,707,4131
63418,3574.83,0,0,0,0,-41.26,4454,709,4131
63468,3573.98,0,0,0,0,23.14,4454,710,4131
63518,3610.11,0,0,0,0,-48.33,4454,710,4131
63568,3586.80,0,0,0,0,-48.33,4454,710,4131
63618,3591.95,0,0,0,0,-38.14,4454,710,4131
63668,3639.89,0,0,0,0,388.03,4463,710,4136
63718,3560.41,0,0,0,0,494.74,4472,710,4143
63768,3500.58,0,1,0,0,389.46,4480,710,4168
63818,3536.07,0,0,1,0,219.57,4484,711,4180
63868,3521.95,0,1,0,0,46.93,4486,711,4180
63918,3511.24,0,1,0,0,37.38,4488,712,4180
63968,3501.40,0,1,0,0,19.73,4490,713,4180
64018,3481.09,0,1,0,0,21.13,4493,713,4180
64068,3449.86,0,1,0,0,-10.28,4497,713,4180
64118,3439.58,0,2,0,0,30.23,4502,713,4180
64168,3481.09,0,1,0,0,-31.22,4505,713,4180
64218,3469.81,0,1,0,0,22.62,4508,713,4180
64268,3481.09,0,1,0,0,30.97,4510,713,4180
64318,3407.54,0,2,0,0,307.17,4516,713,4196
64368,3504.67,0,1,0,0,19.76,4517,713,4196
64418,3557.87,0,0,1,0,-48.28,4518,715,4196
64468,3501.40,0,1,0,0,13.13,4520,715,4196
64518,3568.03,0,0,0,0,-47.73,4521,716,4196
64568,3502.22,0,1,0,0,7.37,4523,717,4196
64618,3568.03,0,0,0,0,-47.73,4524,718,4196
64668,3544.42,0,0,1,0,21.06,4524,720,4196
64718,3579.10,0,0,0,0,-34.67,4524,721,4196
64768,3521.95,0,1,0,0,20.80,4525,723,4196
64818,3575.69,0,0,0,0,-30.42,4525,724,4196
64868,3573.13,0,0,0,0,26.58,4525,724,4196
64918,3574.83,0,0,0,0,-42.93,4525,726,4196
64968,3582.52,0,0,1,0,22.86,4525,727,4196
65018,3643.43,0,0,-1,0,-39.39,4525,728,4196
65068,3638.13,0,0,0,0,14.17,4525,729,4196
65118,3684.60,0,-1,0,0,-43.82,4527,730,4196
65168,3651.41,0,0,-1,0,21.46,4527,732,4196
65218,3671.97,0,0,0,0,-22.34,4527,734,4196
65268,3653.19,0,0,-1,0,19.68,4527,736,4196
65318,3684.60,0,-1,0,0,-33.19,4529,737,4196
65368,3603.17,0,0,0,0,6.19,4529,738,4196
65418,3663.00,0,0,-1,0,-48.55,4529,740,4196
65468,3638.13,0,0,0,0,11.51,4529,742,4196
65518,3673.77,0,0,0,0,-47.08,4529,743,4196
65568,3616.20,0,0,0,0,11.43,4529,743,4196
65618,3614.46,0,0,-1,0,-36.99,4529,744,4196
65668,3615.33,0,0,0,0,-48.75,4529,744,4196
65718,3614.46,0,0,-1,0,-42.32,4529,745,4196
65768,3596.26,0,0,-1,0,-42.32,4529,745,4196
65818,3583.37,0,0,0,0,-31.31,4529,745,4196
65868,3573.13,0,0,0,0,16.25,4529,745,4196
65918,3576.54,0,0,0,0,-32.95,4529,746,4196
65968,3572.28,0,0,0,0,26.57,4529,747,4196
66018,3581.66,0,0,0,0,-50.03,4529,747,4196
66068,3531.90,0,0,1,0,21.76,4529,750,4196
66118,3531.07,0,0,1,0,14.19,4529,752,4196
66168,3531.07,0,0,1,0,15.03,4530,754,4196
66219,3577.39,0,0,0,0,-32.97,4530,755,4196
66269,3512.88,0,1,0,0,8.25,4532,756,4196
66319,3568.03,0,0,0,0,-46.90,4533,757,4196
66369,3543.59,0,0,1,0,21.90,4533,759,4196
66419,3600.58,0,0,0,0,11.06,4533,759,4196
66469,3585.94,0,0,0,0,11.06,4533,759,4196
66519,3596.26,0,0,0,0,11.06,4533,759,4196
66569,3652.30,0,0,-1,0,358.39,4541,760,4212
66619,3694.58,0,-1,0,0,-32.47,4554,761,4221
66669,3663.90,0,0,-1,0,31.59,4555,763,4221
66719,3624.06,0,0,0,0,-8.73,4555,764,4221
66769,3614.46,0,0,-1,0,-40.26,4555,765,4221
66819,3629.32,0,0,0,0,-34.79,4555,765,4221
66869,3638.13,0,0,0,0,24.88,4555,766,4221
66919,3624.06,0,0,0,0,29.13,4555,767,4221
66969,3625.82,0,0,0,0,27.37,4555,768,4221
67019,3650.52,0,0,-1,0,-12.40,4555,770,4221
67069,3626.69,0,0,0,0,35.42,4555,771,4221
67119,3662.11,0,0,-1,0,-46.78,4555,773,4221
67169,3592.81,0,0,-1,0,-73.42,4555,774,4221
67219,3642.54,0,0,-1,0,-39.37,4555,775,4221
67269,3613.59,0,0,-1,0,-35.91,4555,776,4221
67319,3633.72,0,0,0,0,-19.26,4555,777,4221
67369,3615.33,0,0,-1,0,-30.68,4555,778,4221
67419,3610.11,0,0,-1,0,-30.68,4555,778,4221
67469,3580.81,0,0,0,0,-32.05,4555,778,4221
67519,3609.24,0,0,0,0,-45.01,4555,778,4221
67569,3562.95,0,0,0,0,35.04,4555,778,4221
67619,3610.98,0,0,0,0,35.04,4555,778,4221
67670,3586.80,0,0,0,0,35.04,4555,778,4221
67720,3577.39,0,0,0,0,-32.97,4555,779,4221
67770,3553.66,0,0,1,0,34.00,4555,781,4221
67820,3579.10,0,0,0,0,-6.82,4555,781,4221
67870,3572.28,0,0,0,0,17.10,4555,781,4221
67920,3552.82,0,0,1,0,5.90,4555,783,4221
67970,3511.24,0,1,0,0,67.01,4557,783,4221
68020,3521.95,0,1,0,0,33.39,4558,784,4221
68070,3582.52,0,-5,0,-5,-813.47,4568,784,4227
68120,3551.14,0,0,1,0,401.43,4576,785,4231
68170,3501.40,0,1,0,0,338.85,4583,785,4250
68220,3546.94,0,0,1,0,258.24,4586,786,4263
68270,3603.17,0,-1,0,-8,-217.79,4588,786,4271
68320,3577.39,0,0,0,0,24.05,4588,786,4271
68370,3686.41,0,-1,0,-3,-159.49,4589,786,4274
68420,3545.26,0,0,1,0,38.11,4589,787,4274
68470,3535.23,0,0,1,0,-14.11,4590,789,4274
68520,3509.59,0,1,0,0,35.67,4592,790,4274
68570,3557.03,0,0,1,0,-36.73,4593,792,4274
68620,3521.95,0,1,0,0,11.62,4595,793,4274
68670,3546.10,0,0,1,0,-36.51,4596,795,4274
68720,3491.62,0,1,0,0,12.23,4598,795,4274
68770,3533.57,0,0,1,0,-39.51,4600,796,4274
68820,3533.57,0,0,1,0,34.46,4601,797,4274
68870,3543.59,0,0,1,0,-1.67,4601,800,4274
68920,3555.34,0,0,1,0,14.38,4601,801,4274
68970,3589.38,0,0,0,0,35.04,4601,801,4274
69020,3555.34,0,0,1,0,11.84,4601,802,4274
69070,3600.58,0,0,0,0,35.04,4601,802,4274
69120,3598.85,0,0,0,0,23.19,4601,802,4274
69170,3596.26,0,-5,0,-5,-738.78,4610,802,4279
69220,3636.36,0,0,0,0,25.75,4620,803,4285
69270,3624.94,0,0,0,0,28.25,4620,804,4285
69320,3576.54,0,0,0,0,24.90,4620,804,4285
69370,3618.82,0,0,0,0,24.90,4620,804,4285
69420,3616.20,0,0,0,0,-42.75,4620,804,4285
69470,3653.19,0,0,-1,0,-37.86,4620,806,4285
69520,3638.13,0,0,0,0,12.40,4620,807,4285
69570,3677.37,0,-1,0,0,-83.70,4621,808,4285
69620,3615.33,0,0,-1,0,-49.01,4621,809,4285
69670,3662.11,0,0,-1,0,-23.98,4621,811,4285
69720,3614.46,0,0,-1,0,-7.97,4621,813,4285
69770,3643.43,0,0,-1,0,-38.53,4621,814,4285
69820,3626.69,0,0,0,0,36.31,4621,815,4285
69870,3629.32,0,0,0,0,-33.93,4621,815,4285
69920,3562.95,0,0,0,0,29.01,4621,815,4285
69970,3559.56,0,0,1,0,27.24,4621,816,4285
70020,3564.64,0,0,0,0,21.30,4621,817,4285
70070,3589.38,0,0,0,0,23.88,4621,817,4285
70120,3576.54,0,0,0,0,35.31,4621,817,4285
70170,3581.66,0,0,0,0,35.31,4621,817,4285
70220,3526.09,0,0,0,0,85231.31,5728,817,4285
70270,3454.63,0,1,0,0,541.11,5738,817,4290
70320,3379.14,0,2,0,0,19.91,5744,817,4290
70370,3301.78,0,3,0,0,16.80,5753,817,4290
70420,3216.81,2,4,0,0,25.03,5765,817,4290
70470,3169.91,0,5,0,0,19.55,5775,817,4290
70520,3076.29,0,6,0,0,42.21,5793,817,4290
70571,3027.25,0,7,0,0,38.36,5806,817,4290
70621,2955.08,1,8,0,0,23.47,5829,817,4290
70671,2902.48,0,9,0,0,15.81,5846,817,4290
70721,2810.04,8,10,0,0,41.67,5874,817,4290
70771,2761.92,1,10,0,0,33.46,5894,817,4290
70821,2702.22,0,11,0,0,39.01,5916,817,4290
70871,2644.57,1,12,0,8,44.57,5939,817,4300
70921,2595.16,0,13,0,7,39.66,5964,817,4308
70971,2504.17,43,14,0,31,189.79,6004,817,4431
71021,2520.16,11,14,0,2,18.34,6031,817,4438
71071,2389.30,16,15,0,6,39.07,6061,817,4458
71121,2371.54,15,15,0,5,34.62,6091,817,4465
71171,2286.93,20,17,0,5,36.13,6124,817,4477
71221,2298.50,0,16,0,-1,-11.56,6140,817,4478
71271,2283.11,0,17,0,-15,-99.06,6175,817,4509
71321,2168.88,10,18,0,9,67.25,6210,817,4524
71371,2134.32,4,19,0,-4,-30.83,6248,817,4537
71421,2066.97,27,19,0,12,90.68,6285,817,4552
71471,2028.40,1,20,0,5,38.57,6305,817,4557
71521,2015.05,10,20,0,5,36.94,6345,817,4565
71571,1962.84,18,21,0,0,4.63,6387,817,4571
71621,1919.39,3,21,0,5,43.45,6408,817,4576
71671,1866.60,28,22,0,6,50.82,6451,817,4582
71721,1867.76,22,22,0,0,-1.16,6473,817,4582
71771,1819.06,23,23,0,0,-0.22,6519,817,4587
71821,1768.87,28,23,0,5,50.20,6542,817,4592
71871,1719.99,29,24,0,5,49.51,6589,817,4597
71921,1718.21,24,24,0,0,1.77,6613,817,4597
71971,1666.30,25,25,0,0,3.52,6663,817,4602
72022,1618.47,30,25,0,5,47.82,6688,817,4607
72072,1619.35,25,25,0,0,-0.87,6713,817,4607
72122,1568.22,26,26,0,0,-2.46,6765,817,4612
72172,1516.22,32,27,0,5,51.99,6792,817,4617
72222,1517.14,27,27,0,0,-0.92,6819,817,4617
72272,1463.84,32,27,0,5,53.30,6846,817,4622
72322,1466.85,27,27,0,0,-3.01,6873,817,4622
72372,1414.43,28,28,0,0,-3.19,6929,817,4627
72422,1359.19,34,29,0,5,55.24,6958,817,4632
72472,1361.90,29,29,0,0,-2.72,6987,817,4632
72522,1305.26,33,29,0,4,56.65,7016,817,4636
72572,1307.30,29,29,0,0,-2.05,7045,817,4636
72622,1252.09,34,30,0,4,55.22,7075,817,4640
72672,1254.18,30,30,0,0,-2.09,7105,817,4640
72722,1195.79,35,31,0,4,58.39,7136,817,4644
72772,1200.58,31,31,0,0,-4.79,7167,817,4644
72822,1140.16,35,31,0,4,60.41,7198,817,4648
72872,1144.69,31,31,0,0,-4.52,7229,817,4648
72922,1086.56,36,32,0,4,58.13,7261,817,4652
72972,1086.88,32,32,0,0,-0.31,7293,817,4652
73022,1033.34,36,33,0,3,53.54,7326,817,4655
73072,1033.34,36,33,0,3,53.54,7326,817,4655
73122,1023.54,33,33,0,0,9.80,7359,817,4655
73172,958.34,38,34,0,4,65.20,7393,817,4659
73222,961.66,34,34,0,0,-3.32,7427,817,4659
73272,899.17,38,35,0,3,62.49,7462,817,4662
73322,899.17,38,35,0,3,62.49,7462,817,4662
73372,895.63,35,35,0,0,3.54,7497,817,4662
73422,829.97,39,36,0,3,65.66,7533,817,4665
73472,829.97,39,36,0,3,65.66,7533,817,4665
73522,824.13,36,36,0,0,5.84,7569,817,4665
73572,751.65,40,37,0,3,72.48,7606,817,4668
73622,751.65,40,37,0,3,72.48,7606,817,4668
73672,745.19,37,37,0,0,6.46,7643,817,4668
73722,745.19,37,37,0,0,6.46,7643,817,4668
73772,680.92,39,37,0,2,64.27,7680,817,4670
73822,656.63,39,38,0,1,24.29,7718,817,4671
73872,656.63,39,38,0,1,24.29,7718,817,4671
73922,656.63,39,38,0,1,24.29,7718,817,4671
73972,581.26,41,39,0,2,75.37,7757,817,4673
74022,581.26,41,39,0,2,75.37,7757,817,4673
74072,552.75,40,39,0,1,28.51,7796,817,4674
74122,552.75,40,39,0,1,28.51,7796,817,4674
74172,463.56,42,40,0,2,89.19,7836,817,4676
74222,463.56,42,40,0,2,89.19,7836,817,4676
74272,463.56,42,40,0,2,89.19,7836,817,4676
74322,415.62,42,41,0,1,47.95,7877,817,4677
74372,415.62,42,41,0,1,47.95,7877,817,4677
74422,415.62,42,41,0,1,47.95,7877,817,4677
74472,415.62,42,41,0,1,47.95,7877,817,4677
75331,117.17,-42,41,0,1,47.95,7877,817,4677
75381,117.17,-42,41,0,1,47.95,7877,817,4677
75431,117.17,-42,41,0,1,47.95,7877,817,4677
75481,117.17,-42,41,0,1,47.95,7877,817,4677
75531,117.17,-42,41,0,1,47.95,7877,817,4677
75581,0.00,-42,41,0,1,47.95,7877,817,4677
75631,0.00,-42,41,0,1,47.95,7877,817,4677
75681,0.00,-42,41,0,1,47.95,7877,817,4677
75731,0.00,-42,41,0,1,47.95,7877,817,4677
75781,0.00,-42,41,0,1,47.95,7877,817,4677
75831,0.00,-42,41,0,1,47.95,7877,817,4677
75881,0.00,-42,41,0,1,47.95,7877,817,4677
75931,0.00,-42,41,0,1,47.95,7877,817,4677
75981,0.00,-42,41,0,1,47.95,7877,817,4677
76032,0.00,-42,41,0,1,47.95,7877,817,4677
76082,0.00,-42,41,0,1,47.95,7877,817,4677
76132,0.00,-42,41,0,1,47.95,7877,817,4677
76182,0.00,-42,41,0,1,47.95,7877,817,4677
76232,0.00,-42,41,0,1,47.95,7877,817,4677
76282,0.00,-42,41,0,1,47.95,7877,817,4677
76332,0.00,-42,41,0,1,47.95,7877,817,4677
76382,0.00,-42,41,0,1,47.95,7877,817,4677
76432,0.00,-42,41,0,1,47.95,7877,817,4677
76482,0.00,-42,41,0,1,47.95,7877,817,4677
76532,0.00,-42,41,0,1,47.95,7877,817,4677
76582,0.00,-42,41,0,1,47.95,7877,817,4677
76632,0.00,-42,41,0,1,47.95,7877,817,4677
76682,0.00,-42,41,0,1,47.95,7877,817,4677
76732,0.00,-42,41,0,1,47.95,7877,817,4677
76782,0.00,-42,41,0,1,47.95,7877,817,4677
76832,0.00,-42,41,0,1,47.95,7877,817,4677
76882,0.00,-42,41,0,1,47.95,7877,817,4677
76932,0.00,-42,41,0,1,47.95,7877,817,4677
76982,0.00,-42,41,0,1,47.95,7877,817,4677
77032,0.00,-42,41,0,1,47.95,7877,817,4677
77082,0.00,-42,41,0,1,47.95,7877,817,4677
77132,0.00,-42,41,0,1,47.95,7877,817,4677
77182,0.00,-42,41,0,1,47.95,7877,817,4677
77232,0.00,-42,41,0,1,47.95,7877,817,4677
77282,0.00,-42,41,0,1,47.95,7877,817,4677
77332,0.00,-42,41,0,1,47.95,7877,817,4677
77382,0.00,-42,41,0,1,47.95,7877,817,4677
77432,0.00,-42,41,0,1,47.95,7877,817,4677
77483,0.00,-42,41,0,1,47.95,7877,817,4677
77533,0.00,-42,41,0,1,47.95,7877,817,4677
77583,0.00,-42,41,0,1,47.95,7877,817,4677
77633,0.00,-42,41,0,1,47.95,7877,817,4677
77683,0.00,-42,41,0,1,47.95,7877,817,4677
77733,0.00,-42,41,0,1,47.95,7877,817,4677
77783,0.00,-42,41,0,1,47.95,7877,817,4677
77833,0.00,-42,41,0,1,47.95,7877,817,4677
77883,0.00,-42,41,0,1,47.95,7877,817,4677
77933,0.00,-42,41,0,1,47.95,7877,817,4677
77983,0.00,-42,41,0,1,47.95,7877,817,4677
78033,0.00,-42,41,0,1,47.95,7877,817,4677
78083,0.00,-42,41,0,1,47.95,7877,817,4677
78133,0.00,-42,41,0,1,47.95,7877,817,4677
78183,0.00,-42,41,0,1,47.95,7877,817,4677
78233,0.00,-42,41,0,1,47.95,7877,817,4677
78283,0.00,-42,41,0,1,47.95,7877,817,4677
78333,0.00,-42,41,0,1,47.95,7877,817,4677
78383,0.00,-42,41,0,1,47.95,7877,817,4677
78433,0.00,-42,41,0,1,47.95,7877,817,4677
78483,0.00,-42,41,0,1,47.95,7877,817,4677
78533,0.00,-42,41,0,1,47.95,7877,817,4677
78583,0.00,-42,41,0,1,47.95,7877,817,4677
78633,0.00,-42,41,0,1,47.95,7877,817,4677
78683,0.00,-42,41,0,1,47.95,7877,817,4677
78733,0.00,-42,41,0,1,47.95,7877,817,4677
78783,0.00,-42,41,0,1,47.95,7877,817,4677
78833,0.00,-42,41,0,1,47.95,7877,817,4677
78883,0.00,-42,41,0,1,47.95,7877,817,4677
78934,0.00,-42,41,0,1,47.95,7877,817,4677
78984,0.00,-42,41,0,1,47.95,7877,817,4677
79034,0.00,-42,41,0,1,47.95,7877,817,4677
79084,0.00,-42,41,0,1,47.95,7877,817,4677
79134,0.00,-42,41,0,1,47.95,7877,817,4677
79184,0.00,-42,41,0,1,47.95,7877,817,4677
79234,0.00,-42,41,0,1,47.95,7877,817,4677
79284,0.00,-42,41,0,1,47.95,7877,817,4677
79334,0.00,-42,41,0,1,47.95,7877,817,4677
79384,0.00,-42,41,0,1,47.95,7877,817,4677
79434,0.00,-42,41,0,1,47.95,7877,817,4677
79484,0.00,-42,41,0,1,47.95,7877,817,4677
79534,0.00,-42,41,0,1,47.95,7877,817,4677
79584,0.00,-42,41,0,1,47.95,7877,817,4677
79634,0.00,-42,41,0,1,47.95,7877,817,4677
79684,0.00,-42,41,0,1,47.95,7877,817,4677
79734,0.00,-42,41,0,1,47.95,7877,817,4677
79784,0.00,-42,41,0,1,47.95,7877,817,4677
79834,0.00,-42,41,0,1,47.95,7877,817,4677
79884,0.00,-42,41,0,1,47.95,7877,817,4677
79934,0.00,-42,41,0,1,47.95,7877,817,4677
79984,0.00,-42,41,0,1,47.95,7877,817,4677
80034,0.00,-42,41,0,1,47.95,7877,817,4677
80084,0.00,-42,41,0,1,47.95,7877,817,4677
80134,0.00,-42,41,0,1,47.95,7877,817,4677
80184,0.00,-42,41,0,1,47.95,7877,817,4677
80234,0.00,-42,41,0,1,47.95,7877,817,4677
80284,0.00,-42,41,0,1,47.95,7877,817,4677
