Microcontroller Governor - Abrupt Load Decrease(1500 W)
Trial: 1
Date: 4-5-2023
Time: 3:32 PM
Ambient Temp: 82
Head Temp: 221.1

------ Microcontroller Engine Governor - Version: 1.16 ------
-------------------------------------------------------------
PID Gains:  Kp: 0.013  KpAlt: 0.025  Kd: 0.100  KdAlt: 4.000
-------------------------------------------------------------
Set RPM:             3600    |  Min RPM:                 300
                             |
RPM Precision:       20      |  PID Kp Alt Range:        70
                             |
Start Steps:         850     |  Max Steps:               1200
                             |
RPM Calc Interval:   1       |  Num Magnets:             1
                             |
LCD Update Interval: 400     |  Serial Update Interval:  50
-------------------------------------------------------------

Time,RPM,Steps Remaining, PID p, PID p Alt, PID d, RPM Change, P Cmd, P Alt Cmd, D Cmd
1715,0.00,0,0,0,0,0.00,0,0,0
1765,0.00,0,0,0,0,0.00,0,0,0
1815,0.00,0,0,0,0,0.00,0,0,0
1865,0.00,0,0,0,0,0.00,0,0,0
1915,0.00,0,0,0,0,0.00,0,0,0
1965,0.00,0,0,0,0,0.00,0,0,0
2015,0.00,0,0,0,0,0.00,0,0,0
2065,0.00,0,0,0,0,0.00,0,0,0
2115,0.00,0,0,0,0,0.00,0,0,0
2165,0.00,0,0,0,0,0.00,0,0,0
2215,0.00,0,0,0,0,0.00,0,0,0
2265,0.00,0,0,0,0,0.00,0,0,0
2315,0.00,0,0,0,0,0.00,0,0,0
2365,0.00,0,0,0,0,0.00,0,0,0
2415,0.00,0,0,0,0,0.00,0,0,0
2465,0.00,0,0,0,0,0.00,0,0,0
2515,0.00,0,0,0,0,0.00,0,0,0
2565,0.00,0,0,0,0,0.00,0,0,0
2615,0.00,0,0,0,0,0.00,0,0,0
2665,0.00,0,0,0,0,0.00,0,0,0
2715,0.00,0,0,0,0,0.00,0,0,0
2765,0.00,0,0,0,0,0.00,0,0,0
2816,0.00,0,0,0,0,0.00,0,0,0
2866,0.00,0,0,0,0,0.00,0,0,0
2916,0.00,0,0,0,0,0.00,0,0,0
2966,0.00,0,0,0,0,0.00,0,0,0
3016,0.00,0,0,0,0,0.00,0,0,0
3066,0.00,0,0,0,0,0.00,0,0,0
3116,0.00,0,0,0,0,0.00,0,0,0
3166,0.00,0,0,0,0,0.00,0,0,0
3216,0.00,0,0,0,0,0.00,0,0,0
3266,0.00,0,0,0,0,0.00,0,0,0
3316,0.00,0,0,0,0,0.00,0,0,0
3366,0.00,0,0,0,0,0.00,0,0,0
3416,0.00,0,0,0,0,0.00,0,0,0
3466,0.00,0,0,0,0,0.00,0,0,0
3516,0.00,0,0,0,0,0.00,0,0,0
3566,0.00,0,0,0,0,0.00,0,0,0
3616,0.00,0,0,0,0,0.00,0,0,0
3666,0.00,0,0,0,0,0.00,0,0,0
3716,0.00,0,0,0,0,0.00,0,0,0
3766,0.00,0,0,0,0,0.00,0,0,0
3816,0.00,0,0,0,0,0.00,0,0,0
3866,0.00,0,0,0,0,0.00,0,0,0
3916,0.00,0,0,0,0,0.00,0,0,0
3966,0.00,0,0,0,0,0.00,0,0,0
4016,0.00,0,0,0,0,0.00,0,0,0
4066,0.00,0,0,0,0,0.00,0,0,0
4116,0.00,0,0,0,0,0.00,0,0,0
4166,0.00,0,0,0,0,0.00,0,0,0
4216,0.00,0,0,0,0,0.00,0,0,0
4267,0.00,0,0,0,0,0.00,0,0,0
4317,0.00,0,0,0,0,0.00,0,0,0
4367,0.00,0,0,0,0,0.00,0,0,0
4417,0.00,0,0,0,0,0.00,0,0,0
4467,0.00,0,0,0,0,0.00,0,0,0
4517,0.00,0,0,0,0,0.00,0,0,0
4567,0.00,0,0,0,0,0.00,0,0,0
4617,0.00,0,0,0,0,0.00,0,0,0
4667,0.00,0,0,0,0,0.00,0,0,0
4717,0.00,0,0,0,0,0.00,0,0,0
4767,0.00,0,0,0,0,0.00,0,0,0
4817,0.00,0,0,0,0,0.00,0,0,0
4867,0.00,0,0,0,0,0.00,0,0,0
4917,0.00,0,0,0,0,0.00,0,0,0
4967,0.00,0,0,0,0,0.00,0,0,0
5017,0.00,0,0,0,0,0.00,0,0,0
5067,0.00,0,0,0,0,0.00,0,0,0
5117,0.00,0,0,0,0,0.00,0,0,0
5167,0.00,0,0,0,0,0.00,0,0,0
5217,0.00,0,0,0,0,0.00,0,0,0
5267,0.00,0,0,0,0,0.00,0,0,0
5317,0.00,0,0,0,0,0.00,0,0,0
5367,0.00,0,0,0,0,0.00,0,0,0
5417,0.00,0,0,0,0,0.00,0,0,0
5467,0.00,0,0,0,0,0.00,0,0,0
5517,0.00,0,0,0,0,0.00,0,0,0
5567,0.00,0,0,0,0,0.00,0,0,0
5617,0.00,0,0,0,0,0.00,0,0,0
5667,0.00,0,0,0,0,0.00,0,0,0
5718,0.00,0,0,0,0,0.00,0,0,0
5768,0.00,0,0,0,0,0.00,0,0,0
5818,0.00,0,0,0,0,0.00,0,0,0
5868,0.00,0,0,0,0,0.00,0,0,0
5918,0.00,0,0,0,0,0.00,0,0,0
5968,0.00,0,0,0,0,0.00,0,0,0
6018,0.00,0,0,0,0,0.00,0,0,0
6068,0.00,0,0,0,0,0.00,0,0,0
6118,0.00,0,0,0,0,0.00,0,0,0
6168,0.00,0,0,0,0,0.00,0,0,0
6218,0.00,0,0,0,0,0.00,0,0,0
6268,0.00,0,0,0,0,0.00,0,0,0
6318,0.00,0,0,0,0,0.00,0,0,0
6368,0.00,0,0,0,0,0.00,0,0,0
6418,0.00,0,0,0,0,0.00,0,0,0
6468,0.00,0,0,0,0,0.00,0,0,0
6518,0.00,0,0,0,0,0.00,0,0,0
6568,0.00,0,0,0,0,0.00,0,0,0
6618,0.00,0,0,0,0,0.00,0,0,0
6668,0.00,0,0,0,0,0.00,0,0,0
6718,0.00,0,0,0,0,0.00,0,0,0
6768,0.00,0,0,0,0,0.00,0,0,0
6818,0.00,0,0,0,0,0.00,0,0,0
6868,0.00,0,0,0,0,0.00,0,0,0
6918,0.00,0,0,0,0,0.00,0,0,0
6968,0.00,0,0,0,0,0.00,0,0,0
7018,0.00,0,0,0,0,0.00,0,0,0
7068,0.00,0,0,0,0,0.00,0,0,0
7118,0.00,0,0,0,0,0.00,0,0,0
7168,0.00,0,0,0,0,0.00,0,0,0
7218,0.00,0,0,0,0,0.00,0,0,0
7268,0.00,0,0,0,0,0.00,0,0,0
7318,0.00,0,0,0,0,0.00,0,0,0
7368,0.00,0,0,0,0,0.00,0,0,0
7418,0.00,0,0,0,0,0.00,0,0,0
7468,0.00,0,0,0,0,0.00,0,0,0
7518,0.00,0,0,0,0,0.00,0,0,0
7568,0.00,0,0,0,0,0.00,0,0,0
7618,0.00,0,0,0,0,0.00,0,0,0
7668,0.00,0,0,0,0,0.00,0,0,0
7718,0.00,0,0,0,0,0.00,0,0,0
7768,0.00,0,0,0,0,0.00,0,0,0
7818,0.00,0,0,0,0,0.00,0,0,0
7868,0.00,0,0,0,0,0.00,0,0,0
7918,0.00,0,0,0,0,0.00,0,0,0
7968,0.00,0,0,0,0,0.00,0,0,0
8018,0.00,0,0,0,0,0.00,0,0,0
8068,0.00,0,0,0,0,0.00,0,0,0
8118,0.00,0,0,0,0,0.00,0,0,0
8168,0.00,0,0,0,0,0.00,0,0,0
8218,0.00,0,0,0,0,0.00,0,0,0
8268,0.00,0,0,0,0,0.00,0,0,0
8318,0.00,0,0,0,0,0.00,0,0,0
8368,0.00,0,0,0,0,0.00,0,0,0
8418,0.00,0,0,0,0,0.00,0,0,0
8468,0.00,0,0,0,0,0.00,0,0,0
8518,0.00,0,0,0,0,0.00,0,0,0
8568,0.00,0,0,0,0,0.00,0,0,0
8619,0.00,0,0,0,0,0.00,0,0,0
8669,0.00,0,0,0,0,0.00,0,0,0
8719,0.00,0,0,0,0,0.00,0,0,0
8769,0.00,0,0,0,0,0.00,0,0,0
8819,0.00,0,0,0,0,0.00,0,0,0
8869,0.00,0,0,0,0,0.00,0,0,0
8919,0.00,0,0,0,0,0.00,0,0,0
8969,0.00,0,0,0,0,0.00,0,0,0
9019,0.00,0,0,0,0,0.00,0,0,0
9069,0.00,0,0,0,0,0.00,0,0,0
9119,0.00,0,0,0,0,0.00,0,0,0
9169,0.00,0,0,0,0,0.00,0,0,0
9219,0.00,0,0,0,0,0.00,0,0,0
9269,0.00,0,0,0,0,0.00,0,0,0
9319,0.00,0,0,0,0,0.00,0,0,0
9369,0.00,0,0,0,0,0.00,0,0,0
9419,0.00,0,0,0,0,0.00,0,0,0
9469,0.00,0,0,0,0,0.00,0,0,0
9519,0.00,0,0,0,0,0.00,0,0,0
9569,0.00,0,0,0,0,0.00,0,0,0
9619,0.00,0,0,0,0,0.00,0,0,0
9669,0.00,0,0,0,0,0.00,0,0,0
9719,0.00,0,0,0,0,0.00,0,0,0
9769,inf,0,0,0,0,inf,0,0,0
9819,inf,0,0,0,0,inf,0,0,0
9869,502.97,24,40,0,0,inf,40,0,0
9919,502.97,0,40,0,0,inf,40,0,0
9969,598.40,20,39,0,-3,-95.43,79,0,3
10019,598.40,0,39,0,-3,-95.43,79,0,3
10070,851.16,0,35,0,-14,-252.76,114,0,17
10120,836.40,10,35,0,0,14.76,149,0,17
10170,1200.19,0,31,0,-29,-363.79,180,0,46
10220,1197.41,6,31,0,0,2.78,211,0,46
10270,1486.77,0,27,0,-28,-289.35,238,0,74
10320,1794.47,0,23,0,-34,-294.02,288,0,109
10370,1799.21,0,23,0,0,-4.74,311,0,109
10420,2042.48,0,20,0,-2,-17.10,351,0,141
10470,2258.36,1,17,0,-1,-12.51,385,0,171
10520,2435.06,0,15,0,0,1.58,415,0,200
10570,2593.81,0,13,0,2,14.43,440,0,233
10620,2878.53,4,9,0,0,-137.80,470,0,233
10670,2993.41,0,7,0,0,-129.18,486,0,233
10720,3100.45,2,6,0,0,14.81,506,0,233
10770,3216.12,0,4,0,0,6.91,514,0,233
10820,3409.87,0,2,0,0,19.49,522,0,240
10870,3490.81,0,1,0,0,7.33,526,0,240
10920,3657.64,0,0,-1,0,-91.31,526,1,240
10970,3700.05,0,-1,0,0,31.29,528,2,240
11020,3711.03,0,-1,0,0,-35.46,530,2,240
11070,3711.03,0,-1,0,0,23.10,533,2,240
11120,3758.46,0,-2,0,0,-32.67,537,2,240
11170,3732.27,0,-1,0,0,88.41,550,2,262
11220,3723.01,0,-1,0,0,12.98,553,2,262
11270,3784.06,0,-2,0,0,-60.12,558,2,262
11320,3735.99,0,-1,0,0,49.02,562,2,262
11370,3795.55,0,-2,0,0,-46.48,567,2,262
11420,3786.92,0,-2,0,0,34.73,573,2,262
11470,3849.11,0,-3,0,0,-49.72,581,2,262
11520,3847.14,-2,-3,0,0,-50.63,591,2,264
11570,3811.94,0,-2,0,0,35.20,598,2,264
11620,3849.11,0,-3,0,0,-26.49,606,2,264
11670,3823.60,0,-2,0,0,38.39,613,2,264
11720,3873.97,0,-3,0,0,-39.61,622,2,264
11770,3785.97,0,-2,0,0,29.86,628,2,264
11820,4127.68,-8,-6,0,-4,-588.28,645,3,274
11870,3824.58,0,-2,0,0,-29.03,651,3,274
11920,3785.01,0,-2,0,0,38.59,657,3,274
11970,3798.43,0,-2,0,0,-13.42,663,3,274
12020,3735.99,0,-1,0,0,49.98,668,3,274
12070,3770.74,0,-2,0,0,-33.82,673,3,274
12120,3723.93,0,-1,0,0,43.02,677,3,274
12171,3688.22,0,-1,0,0,43.12,682,3,284
12221,3711.03,0,-1,0,0,-35.46,684,3,284
12271,3652.30,0,0,-1,0,32.30,685,5,284
12321,3683.69,0,-1,0,0,-42.92,687,6,284
12371,3615.33,0,0,-1,0,-27.51,687,7,284
12421,3643.43,0,0,-1,0,-39.39,687,9,284
12471,3592.81,0,0,0,0,-26.20,687,9,284
12521,3610.98,0,0,0,0,48.99,687,9,284
12571,3557.03,0,0,1,0,43.55,687,10,284
12621,3587.66,0,0,1,0,45.21,687,11,284
12672,3545.26,0,0,1,0,32.13,687,12,284
12722,3585.94,0,0,1,0,30.60,687,13,284
12772,3534.40,0,0,1,0,30.24,687,15,284
12822,3576.54,0,0,0,0,-42.14,687,16,284
12872,3545.26,0,0,1,0,36.40,687,17,284
12922,3587.66,0,0,1,0,33.82,687,18,284
12972,3587.66,0,0,1,0,37.36,687,19,284
13022,3502.22,0,1,0,0,339.99,694,19,313
13072,3614.46,0,-2,0,-11,-288.50,697,19,324
13122,3545.26,0,0,1,0,180.52,700,20,336
13172,3587.66,0,0,1,0,-7.57,700,22,336
13222,3531.90,0,0,1,0,75.60,701,23,336
13272,3575.69,0,0,0,0,-34.61,701,24,336
13322,3534.40,0,0,1,0,40.43,701,26,336
13372,3576.54,0,0,0,0,-38.80,701,27,336
13422,3546.10,0,0,1,0,52.75,701,29,336
13472,3585.94,0,0,1,0,21.20,701,30,336
13522,3546.10,0,0,1,0,51.02,701,32,336
13572,3598.85,0,0,1,0,50.55,701,33,336
13622,3566.33,0,0,0,0,34.24,701,33,336
13672,3621.44,0,0,0,0,-71.98,701,34,336
13722,3568.88,0,0,0,0,42.10,701,34,336
13772,3624.06,0,0,0,0,-48.38,701,34,336
13822,3593.67,0,0,0,0,-42.36,701,34,336
13872,3630.20,0,0,0,0,-45.12,701,34,336
13922,3582.52,0,0,0,0,-44.09,701,34,336
13972,3611.85,0,0,0,0,37.05,701,34,336
14022,3582.52,0,0,0,0,-47.48,701,34,336
14072,3630.20,0,0,0,0,-45.12,701,34,336
14123,3592.81,0,0,0,0,-39.09,701,34,336
14173,3639.01,0,0,0,0,-46.20,701,35,336
14223,3603.17,0,0,-1,0,-41.97,701,36,336
14273,3633.72,0,0,0,0,-31.42,701,37,336
14323,3591.95,0,0,0,0,-38.42,701,37,336
14373,3638.13,0,0,0,0,-45.31,701,38,336
14423,3593.67,0,0,0,0,-31.34,701,38,336
14473,3639.01,0,0,0,0,-47.92,701,39,336
14523,3580.81,0,0,0,0,-31.42,701,39,336
14573,3628.45,0,0,0,0,-45.93,701,39,336
14623,3591.95,0,0,0,0,-40.83,701,39,336
14673,3620.56,0,0,0,0,-26.89,701,39,336
14723,3586.80,0,0,0,0,-26.89,701,39,336
14773,3639.01,0,0,0,0,-46.20,701,39,336
14823,3510.41,0,1,0,0,34.85,702,40,336
14873,3575.69,0,0,0,0,-43.78,702,42,336
14923,3545.26,0,0,1,0,43.26,702,44,336
14973,3598.85,0,0,1,0,32.30,702,45,336
15023,3562.95,0,0,0,0,24.71,702,46,336
15073,3600.58,0,0,0,0,32.56,702,46,336
15123,3568.03,0,0,0,0,42.95,702,46,336
15173,3597.98,0,0,1,0,44.43,702,47,336
15223,3586.80,0,0,0,0,29.11,702,47,336
15273,3610.98,0,0,0,0,-38.14,702,47,336
15323,3586.80,0,0,0,0,42.10,702,47,336
15373,3639.01,0,0,0,0,-45.34,702,47,336
15423,3592.81,0,0,-1,0,-58.51,702,48,336
15473,3641.66,0,0,-1,0,-38.49,702,50,336
15523,3604.04,0,0,-1,0,-43.93,702,51,336
15574,3652.30,0,0,-1,0,-38.71,702,53,336
15624,3592.81,0,0,0,0,-15.69,702,53,336
15674,3639.01,0,0,0,0,-45.34,702,53,336
15724,3533.57,0,0,1,0,31.07,702,54,336
15774,3588.52,0,0,1,0,32.97,702,55,336
15824,3544.42,0,0,1,0,32.11,702,57,336
15874,3576.54,0,0,0,0,-22.04,702,58,336
15924,3545.26,0,0,1,0,42.40,702,60,336
15974,3600.58,0,0,0,0,25.57,702,60,336
16024,3563.79,0,0,0,0,35.06,702,60,336
16074,3623.19,0,0,0,0,-45.80,702,60,336
16124,3582.52,0,0,0,0,-55.50,702,60,336
16174,3591.09,0,0,-1,0,-60.03,702,61,336
16224,3629.32,0,0,0,0,400.77,711,61,341
16274,3638.13,0,0,0,0,-43.59,721,61,349
16324,3604.04,0,0,0,0,-40.16,721,61,349
16374,3638.13,0,0,0,0,-43.59,721,61,349
16424,3593.67,0,0,0,0,-47.87,721,61,349
16474,3592.81,0,0,-1,0,-47.99,721,62,349
16524,3591.95,0,0,0,0,447.30,731,62,355
16574,3610.98,0,0,0,0,-30.36,731,62,355
16624,3571.43,0,0,0,0,51.76,731,62,355
16674,3616.20,0,0,0,0,-40.65,731,62,355
16724,3578.24,0,0,0,0,32.73,731,62,355
16774,3577.39,0,0,0,0,34.46,731,62,355
16824,3501.40,0,1,0,0,344.75,737,62,373
16874,3501.40,0,1,0,0,343.77,742,62,389
16924,3579.10,0,0,0,0,142.99,744,62,398
16974,3526.92,0,0,0,0,65.89,745,62,398
17024,3557.87,0,0,1,0,-42.52,746,63,398
17074,3580.81,0,1,0,0,47.99,748,63,398
17124,3536.07,0,0,1,0,-37.12,749,65,398
17174,3498.95,0,1,0,0,35.45,751,66,398
17224,3544.42,0,0,1,0,-40.57,752,67,398
17274,3498.95,0,1,0,0,47.15,754,68,398
17324,3567.18,0,0,0,0,-55.95,755,69,398
17374,3522.78,0,1,0,0,43.55,757,69,398
17424,3565.49,0,0,0,0,-34.41,757,71,398
17474,3532.74,0,0,1,0,39.54,757,72,398
17524,3577.39,0,0,0,0,-32.97,757,73,398
17574,3554.50,0,0,1,0,33.16,757,75,398
17624,3598.85,0,0,1,0,45.19,757,76,398
17674,3568.03,0,0,0,0,32.55,757,76,398
17724,3611.85,0,0,0,0,42.95,757,76,398
17774,3611.85,0,0,0,0,48.05,757,76,398
17824,3571.43,0,0,0,0,528.05,768,76,405
17874,3617.94,0,-6,0,-5,-863.05,778,76,411
17924,3582.52,0,-6,0,-6,-922.59,789,76,418
17974,3502.22,0,1,0,0,349.86,795,76,437
18024,3557.03,0,0,1,0,263.65,798,77,451
18074,3580.81,0,-1,0,-10,-252.21,801,77,461
18124,3522.78,0,1,0,0,53.76,803,77,461
18174,3544.42,0,0,1,0,-23.30,804,79,461
18224,3520.30,0,1,0,0,35.89,806,80,461
18274,3571.43,0,0,0,0,-50.30,807,81,461
18324,3532.74,0,0,1,0,20.92,807,84,461
18374,3567.18,0,0,0,0,-44.40,808,84,461
18424,3533.57,0,0,1,0,41.26,808,86,461
18475,3565.49,0,0,0,0,-32.75,808,87,461
18525,3532.74,0,0,1,0,43.80,808,89,461
18575,3598.85,0,0,1,0,44.11,808,90,461
18625,3554.50,0,0,1,0,43.48,808,92,461
18675,3610.11,0,0,0,0,35.92,808,92,461
18725,3534.40,0,0,1,0,41.28,808,94,461
18775,3585.94,0,0,1,0,42.14,808,95,461
18825,3564.64,0,0,0,0,21.30,808,96,461
18875,3587.66,0,0,1,0,41.86,808,97,461
18925,3557.03,0,0,1,0,44.41,808,98,461
18975,3611.85,0,0,0,0,35.90,808,98,461
19025,3554.50,0,0,1,0,45.21,808,99,461
19075,3625.82,0,0,0,0,-57.79,808,99,461
19125,3577.39,0,0,0,0,35.33,808,99,461
19175,3630.20,0,0,0,0,-47.69,808,99,461
19225,3594.54,0,0,0,0,-44.94,808,99,461
19275,3639.01,0,0,0,0,-56.49,808,99,461
19325,3591.95,0,0,-1,0,-56.77,808,100,461
19375,3601.44,0,0,0,0,-42.65,808,100,461
19425,3582.52,0,0,0,0,32.56,808,100,461
19475,3617.07,0,0,0,0,-40.67,808,100,461
19525,3593.67,0,0,0,0,-39.07,808,100,461
19575,3643.43,0,0,-1,0,-38.53,808,101,461
19625,3592.81,0,0,0,0,-41.87,808,101,461
19675,3642.54,0,0,-1,0,-37.64,808,102,461
19725,3602.31,0,0,-1,0,-45.69,808,103,461
19775,3600.58,0,0,0,0,42.95,808,103,461
19825,3582.52,0,0,0,0,-39.76,808,103,461
19875,3606.64,0,0,0,0,-45.93,808,103,461
19926,3577.39,0,0,0,0,31.85,808,104,461
19976,3630.20,0,0,0,0,-45.12,808,104,461
20026,3595.40,0,0,0,0,-45.12,808,104,461
20076,3572.28,0,0,0,0,10.24,808,104,461
20127,3555.34,0,0,1,0,32.31,808,106,461
20177,3598.85,0,0,0,0,35.06,808,106,461
20227,3600.58,0,0,0,0,21.46,808,106,461
20277,3571.43,0,0,0,0,485.92,817,106,467
20327,3628.45,0,0,0,0,429.99,826,106,473
20377,3648.75,0,0,-1,0,-55.07,838,107,481
20427,3604.04,0,0,-1,0,-35.91,838,108,481
20477,3576.54,0,0,0,0,-31.28,838,109,481
20527,3576.54,0,0,0,0,-25.40,838,110,481
20577,3545.26,0,0,1,0,184.23,841,111,493
20627,3563.79,0,0,0,0,19.58,841,111,493
20677,3519.47,0,1,0,0,64.76,843,111,493
20727,3548.62,0,0,1,0,-19.20,843,113,493
20777,3521.13,0,1,0,0,35.90,845,114,493
20827,3556.19,0,0,1,0,-44.95,846,116,493
20877,3532.74,0,0,1,0,36.14,847,117,493
20927,3568.03,0,0,0,0,-46.08,848,117,493
20977,3511.24,0,1,0,0,41.58,849,119,493
21027,3579.10,0,0,0,0,-66.22,850,119,493
21078,3533.57,0,0,1,0,42.97,850,121,493
21128,3587.66,0,0,1,0,43.26,850,122,493
21178,3563.79,0,0,0,0,35.06,850,123,493
21228,3588.52,0,0,0,0,23.88,850,123,493
21278,3563.79,0,0,0,0,35.06,850,124,493
21328,3600.58,0,0,0,0,35.11,850,124,493
21378,3577.39,0,0,0,0,34.46,850,124,493
21428,3630.20,0,0,0,0,-47.69,850,124,493
21478,3593.67,0,0,0,0,-39.95,850,124,493
21528,3632.84,0,0,0,0,-29.67,850,125,493
21578,3604.04,0,0,-1,0,-50.86,850,126,493
21628,3604.90,0,0,-1,0,-36.74,850,127,493
21678,3568.03,0,0,0,0,44.69,850,127,493
21728,3612.72,0,0,0,0,43.82,850,127,493
21778,3576.54,0,0,0,0,43.15,850,127,493
21828,3619.69,0,0,0,0,43.15,850,127,493
21878,3593.67,0,0,0,0,-39.09,850,127,493
21928,3620.56,0,0,0,0,-38.05,850,127,493
21978,3593.67,0,0,0,0,-45.82,850,127,493
22028,3624.06,0,0,0,0,-19.16,850,127,493
22078,3593.67,0,0,0,0,-47.03,850,127,493
22128,3620.56,0,0,0,0,-26.89,850,127,493
22178,3585.94,0,0,0,0,41.47,850,127,493
22228,3628.45,0,0,0,0,-45.93,850,127,493
22278,3581.66,0,0,0,0,-44.94,850,127,493
22328,3639.01,0,0,0,0,-45.34,850,127,493
22378,3594.54,0,0,0,0,-40.81,850,127,493
22428,3629.32,0,0,0,0,-35.65,850,127,493
22478,3604.04,0,0,0,0,-32.26,850,127,493
22528,3641.66,0,0,-1,0,-37.62,850,129,493
22578,3615.33,0,0,-1,0,-44.80,850,130,493
22628,3653.19,0,0,-1,0,-39.60,850,132,493
22678,3604.04,0,0,-1,0,-44.82,850,133,493
22728,3652.30,0,0,-1,0,-36.97,850,135,493
22778,3604.04,0,0,-1,0,-52.87,850,136,493
22828,3639.01,0,0,0,0,-46.20,850,137,493
22878,3593.67,0,0,0,0,-48.80,850,137,493
22928,3639.01,0,0,0,0,-47.06,850,137,493
22978,3603.17,0,0,0,0,-47.06,850,137,493
23028,3629.32,0,0,0,0,-35.65,850,137,493
23078,3593.67,0,0,0,0,-51.35,850,137,493
23128,3564.64,0,0,0,0,17.88,850,137,493
23178,3532.74,0,0,1,0,32.75,850,139,493
23228,3586.80,0,0,1,0,42.14,850,140,493
23278,3521.95,0,1,0,0,30.87,851,142,493
23328,3568.03,0,0,0,0,-46.08,852,142,493
23378,3576.54,0,0,0,0,-44.63,852,143,493
23428,3526.92,0,0,0,0,483.77,862,143,500
23478,3582.52,0,1,0,0,14.86,863,143,500
23528,3546.94,0,0,1,0,19.40,863,145,500
23578,3564.64,0,0,0,0,-16.86,863,146,500
23628,3545.26,0,0,1,0,30.42,863,148,500
23678,3585.94,0,0,1,0,30.60,863,149,500
23728,3564.64,0,0,0,0,32.48,863,150,500
23778,3610.98,0,0,0,0,34.24,863,150,500
23828,3582.52,0,0,0,0,-51.76,863,150,500
23878,3611.85,0,0,0,0,32.72,863,150,500
23928,3633.72,0,0,0,0,-80.90,863,151,500
23979,3639.01,0,0,0,0,-46.20,863,151,500
24029,3573.13,0,0,0,0,26.58,863,151,500
24079,3611.85,0,0,0,0,25.72,863,151,500
24129,3571.43,0,0,0,0,52.64,863,151,500
24179,3568.03,0,0,0,0,-57.62,864,152,500
24229,3533.57,0,0,1,0,42.12,864,154,500
24279,3576.54,0,0,0,0,-22.88,864,155,500
24329,3558.72,0,0,1,0,40.13,864,157,500
24379,3621.44,0,0,0,0,-63.56,864,158,500
24429,3593.67,0,0,0,0,-55.16,864,158,500
24479,3638.13,0,0,0,0,-44.45,864,158,500
24529,3592.81,0,0,0,0,-39.30,864,158,500
24579,3652.30,0,0,-1,0,-36.97,864,160,500
24629,3615.33,0,0,-1,0,-52.87,864,161,500
24679,3672.87,0,0,0,0,-47.05,864,162,500
24729,3628.45,0,0,0,0,32.77,864,163,500
24779,3674.67,0,0,0,0,-36.54,864,164,500
24829,3630.20,0,0,0,0,43.57,864,164,500
24879,3683.69,0,-1,0,0,-42.03,865,165,500
24929,3640.78,0,0,-1,0,44.73,866,166,500
24979,3660.32,0,0,-1,0,-19.55,867,168,500
25029,3604.04,0,0,-1,0,-25.47,867,169,500
25079,3643.43,0,0,-1,0,-41.12,867,171,500
25129,3604.90,0,0,-1,0,-36.79,867,172,500
25179,3653.19,0,0,-1,0,-38.73,867,174,500
25229,3613.59,0,0,-1,0,-23.73,867,175,500
25279,3652.30,0,0,-1,0,-49.13,867,177,500
25329,3603.17,0,0,-1,0,-49.85,867,178,500
25379,3643.43,0,0,-1,0,-32.45,867,180,500
25430,3568.88,0,0,0,0,41.23,867,180,500
25480,3610.98,0,0,0,0,41.23,867,180,500
25530,3524.44,0,0,0,0,77.00,867,180,500
25580,3587.66,0,0,1,0,60.07,867,181,500
25630,3544.42,0,0,1,0,32.11,867,183,500
25680,3599.71,0,0,1,0,32.11,867,184,500
25730,3522.78,0,1,0,0,41.86,868,185,500
25780,3579.10,0,0,0,0,-57.97,869,186,500
25830,3534.40,0,0,1,0,29.39,869,188,500
25880,3574.83,0,0,0,0,-40.43,869,189,500
25930,3551.14,0,0,1,0,34.81,869,191,500
25980,3597.12,0,0,1,0,41.78,869,192,500
26030,3544.42,0,0,1,0,54.42,869,194,500
26080,3589.38,0,0,0,0,24.71,869,194,500
26130,3562.95,0,0,0,0,35.90,869,195,500
26180,3611.85,0,0,0,0,25.58,869,195,500
26230,3568.03,0,0,0,0,42.95,869,195,500
26280,3623.19,0,0,0,0,-47.50,869,195,500
26330,3583.37,0,0,0,0,-53.77,869,195,500
26380,3630.20,0,0,0,0,-38.25,869,195,500
26430,3603.17,0,0,0,0,-32.28,869,195,500
26480,3639.01,0,0,0,0,-46.20,869,195,500
26530,3593.67,0,0,0,0,-48.78,869,195,500
26580,3652.30,0,0,-1,0,-50.00,869,197,500
26630,3603.17,0,0,-1,0,-48.15,869,198,500
26680,3648.75,0,0,-1,0,-55.93,869,199,500
26730,3604.90,0,0,-1,0,-50.71,869,200,500
26780,3642.54,0,0,-1,0,-38.51,869,202,500
26830,3604.04,0,0,-1,0,-44.80,869,203,500
26880,3653.19,0,0,-1,0,-39.60,869,205,500
26930,3604.04,0,0,-1,0,-32.61,869,206,500
26980,3652.30,0,0,-1,0,-38.71,869,208,500
27030,3615.33,0,0,-1,0,-43.06,869,209,500
27080,3652.30,0,0,-1,0,-37.84,869,211,500
27130,3591.95,0,0,0,0,-24.48,869,211,500
27180,3639.01,0,0,0,0,-45.34,869,211,500
27230,3582.52,0,0,0,0,-50.49,869,211,500
27280,3611.85,0,0,0,0,41.43,869,211,500
27330,3577.39,0,0,0,0,23.19,869,211,500
27380,3587.66,0,0,0,0,32.55,869,211,500
27430,3555.34,0,0,1,0,42.64,869,213,500
27480,3589.38,0,0,0,0,35.04,869,213,500
27530,3563.79,0,0,0,0,25.58,869,213,500
27580,3600.58,0,0,0,0,33.41,869,213,500
27630,3573.98,0,0,0,0,24.87,869,213,500
27680,3611.85,0,0,0,0,24.89,869,213,500
27730,3577.39,0,0,0,0,23.19,869,213,500
27780,3589.38,0,0,0,0,40.36,869,213,500
27830,3553.66,0,0,1,0,45.19,869,215,500
27880,3598.85,0,0,1,0,51.36,869,216,500
27930,3564.64,0,0,0,0,23.02,869,217,500
27980,3599.71,0,0,0,0,33.41,869,217,500
28030,3566.33,0,0,0,0,34.24,869,217,500
28080,3562.95,0,0,0,0,36.77,869,217,500
28130,3617.94,0,-4,0,-4,-660.06,877,217,505
28180,3562.10,0,0,0,0,408.26,885,217,509
28230,3501.40,0,1,0,0,340.81,892,217,537
28280,3547.78,0,0,1,0,246.81,895,218,549
28331,3591.09,0,-1,0,-9,-231.40,897,218,558
28381,3549.46,0,0,1,0,73.73,898,219,558
28431,3599.71,0,0,0,0,23.90,898,219,558
28481,3567.18,0,0,0,0,48.15,898,219,558
28531,3611.85,0,0,0,0,31.62,898,219,558
28581,3577.39,0,0,0,0,33.59,898,219,558
28631,3611.85,0,0,0,0,46.74,898,219,558
28681,3582.52,0,0,0,0,-52.61,898,219,558
28731,3629.32,0,0,0,0,-47.66,898,219,558
28781,3582.52,0,0,0,0,-34.70,898,219,558
28831,3629.32,0,0,0,0,-36.51,898,219,558
28881,3592.81,0,0,0,0,-39.95,898,219,558
28931,3639.01,0,0,0,0,-47.06,898,219,558
28981,3604.04,0,0,-1,0,-39.37,898,220,558
29031,3632.84,0,0,0,0,-30.54,898,221,558
29081,3591.09,0,0,-1,0,-41.97,898,222,558
29131,3639.01,0,0,0,0,-41.03,898,223,558
29181,3536.07,0,0,1,0,46.45,898,224,558
29231,3587.66,0,0,1,0,33.80,898,225,558
29281,3554.50,0,0,1,0,22.04,898,227,558
29331,3598.85,0,0,1,0,22.90,898,228,558
29381,3564.64,0,0,0,0,33.35,898,229,558
29431,7190.80,-945,-46,0,-909,-3636.29,944,230,1467
29481,3503.04,0,1,0,0,310.85,949,230,1484
29531,3563.79,0,0,0,0,-14.34,949,231,1484
29581,3534.40,0,0,1,0,42.99,949,233,1484
29631,3575.69,0,0,0,0,-29.59,949,234,1484
29681,3537.74,0,0,1,0,48.21,949,236,1484
29731,3568.03,0,0,0,0,-56.79,950,237,1484
29782,3531.90,0,0,1,0,25.13,951,239,1484
29832,3576.54,0,0,0,0,-43.80,951,240,1484
29882,3533.57,0,0,1,0,42.97,951,242,1484
29932,3563.79,0,0,0,0,-17.69,951,243,1484
29982,3534.40,0,0,1,0,42.99,951,245,1484
30032,3574.83,0,0,0,0,-29.57,951,246,1484
30082,3546.10,0,0,1,0,51.02,951,248,1484
30132,3546.10,0,0,1,0,41.56,951,249,1484
30182,3594.54,0,-5,0,-6,-868.83,961,249,1491
30232,3560.41,0,0,0,0,462.12,970,249,1497
30282,3617.94,0,-4,0,-4,-649.31,977,249,1502
30332,3562.95,0,0,0,0,379.24,984,249,1506
30382,3513.70,0,1,0,0,339.37,991,249,1534
30432,3562.95,0,0,0,0,29.87,991,250,1535
30482,3599.71,0,0,0,0,34.32,991,250,1535
30532,3585.09,0,0,0,0,23.17,991,250,1535
30582,3618.82,0,0,0,0,-41.61,991,250,1535
30632,3570.58,0,0,0,0,52.61,991,250,1535
30682,3619.69,0,0,0,0,-50.86,991,250,1535
30732,3575.69,0,0,0,0,25.76,991,250,1535
30782,3612.72,0,0,0,0,34.44,991,250,1535
30832,3586.80,0,0,0,0,34.47,991,250,1535
30882,3629.32,0,0,0,0,-48.52,991,250,1535
30932,3582.52,0,0,0,0,51.08,991,250,1535
30982,3612.72,0,0,0,0,27.49,991,250,1535
31032,3568.03,0,0,0,0,44.69,991,250,1535
31082,3597.98,0,0,1,0,45.21,991,251,1535
31132,3572.28,0,0,0,0,27.43,991,251,1535
31182,3607.50,0,0,0,0,27.43,991,251,1535
31232,3577.39,0,0,0,0,32.72,991,251,1535
31282,3589.38,0,0,0,0,24.72,991,251,1535
31332,3554.50,0,0,1,0,33.16,991,253,1535
31382,3589.38,0,0,0,0,23.86,991,253,1535
31432,3573.13,0,0,0,0,26.58,991,253,1535
31482,3600.58,0,0,0,0,24.00,991,253,1535
31532,3567.18,0,0,0,0,43.80,991,253,1535
31582,3624.06,0,0,0,0,-56.03,991,253,1535
31632,3567.18,0,0,0,0,45.53,991,253,1535
31682,3623.19,0,0,0,0,-50.91,991,253,1535
31732,3596.26,0,0,0,0,45.80,991,253,1535
31782,3620.56,0,0,0,0,-38.05,991,253,1535
31832,3585.94,0,0,0,0,41.47,991,253,1535
31882,3637.25,0,0,0,0,-54.73,991,253,1535
31932,3591.95,0,0,0,0,-41.69,991,253,1535
31982,3621.44,0,0,0,0,-16.54,991,253,1535
32032,3593.67,0,0,0,0,-20.13,991,253,1535
32082,3642.54,0,0,-1,0,-39.37,991,255,1535
32132,3604.90,0,0,0,0,-26.22,991,255,1535
32182,3610.11,0,0,0,0,-17.41,991,255,1535
32232,3582.52,0,0,0,0,-49.21,991,255,1535
32282,3629.32,0,0,0,0,-42.52,991,255,1535
32332,3593.67,0,0,0,0,-40.81,991,255,1535
32382,3619.69,0,0,0,0,-42.69,991,255,1535
32432,3586.80,0,0,0,0,-42.69,991,255,1535
32482,3620.56,0,0,0,0,-35.48,991,255,1535
32532,3591.95,0,0,0,0,-50.52,991,255,1535
32582,3617.94,0,0,0,0,-45.29,991,255,1535
32632,3570.58,0,0,0,0,58.75,991,255,1535
32683,3610.11,0,0,0,0,35.07,991,255,1535
32733,3568.03,0,0,0,0,44.69,991,255,1535
32783,3587.66,0,0,1,0,44.41,991,256,1535
32833,3568.03,0,0,0,0,32.55,991,256,1535
32883,3598.85,0,0,0,0,42.97,991,256,1535
32933,3557.03,0,0,1,0,43.55,991,257,1535
32983,3586.80,0,0,1,0,44.32,991,258,1535
33033,3563.79,0,0,0,0,35.06,991,259,1535
33083,3599.71,0,0,0,0,33.41,991,259,1535
33133,3562.95,0,0,0,0,26.43,991,259,1535
33183,3598.85,0,0,1,0,35.72,991,260,1535
33233,3559.56,0,0,1,0,52.28,991,261,1535
33283,3576.54,0,0,0,0,-31.28,991,262,1535
33334,3555.34,0,0,1,0,33.17,991,264,1535
33384,3586.80,0,0,1,0,17.79,991,265,1535
33434,3555.34,0,0,1,0,41.78,991,267,1535
33484,3611.85,0,0,0,0,31.85,991,267,1535
33534,3582.52,0,0,0,0,-33.76,991,267,1535
33584,3581.66,0,0,0,0,-44.18,991,267,1535
33634,3686.41,0,-1,0,0,233.11,999,267,1550
33684,3594.54,0,-6,0,-5,-828.95,1009,267,1557
33734,3639.89,0,0,0,0,449.53,1020,267,1564
33784,3638.13,0,0,0,0,-44.45,1032,267,1572
33835,3604.04,0,0,-1,0,-59.66,1032,268,1572
33885,3652.30,0,0,-1,0,-36.97,1032,270,1572
33935,3615.33,0,0,-1,0,-43.31,1032,271,1572
33985,3672.87,0,0,0,0,-47.05,1032,272,1572
34035,3625.82,0,0,0,0,111.11,1033,273,1577
34085,3673.77,0,0,0,0,-43.57,1033,273,1577
34135,3640.78,0,0,-1,0,44.73,1034,274,1577
34185,3686.41,0,-1,0,0,-47.40,1036,274,1577
34235,3630.20,0,0,0,0,42.67,1036,275,1577
34285,3685.50,0,-1,0,0,-55.30,1037,275,1577
34335,3641.66,0,0,-1,0,30.31,1037,277,1577
34385,3671.97,0,0,0,0,-31.19,1038,278,1577
34435,3629.32,0,0,0,0,60.71,1039,278,1577
34485,3662.11,0,0,-1,0,-35.42,1039,280,1577
34535,3617.07,0,0,0,0,-54.03,1039,280,1577
34585,3652.30,0,0,-1,0,-48.26,1039,282,1577
34635,3604.04,0,0,-1,0,-45.66,1039,283,1577
34685,3631.96,0,0,0,0,-27.92,1039,284,1577
34735,3582.52,0,0,0,0,-22.62,1039,284,1577
34785,3624.06,0,0,0,0,-46.67,1039,284,1577
34835,3582.52,0,0,0,0,-46.70,1039,284,1577
34885,3630.20,0,0,0,0,-47.69,1039,284,1577
34935,3566.33,0,0,0,0,34.24,1039,284,1577
34985,3610.98,0,0,0,0,41.23,1039,284,1577
35035,3585.09,0,0,0,0,43.80,1039,284,1577
35085,3610.11,0,0,0,0,33.59,1039,284,1577
35135,3563.79,0,0,0,0,35.92,1039,284,1577
35185,3600.58,0,0,0,0,24.72,1039,284,1577
35235,3566.33,0,0,0,0,35.11,1039,284,1577
35286,3598.85,0,0,0,0,35.06,1039,284,1577
35336,3567.18,0,0,0,0,44.66,1039,284,1577
35386,3611.85,0,0,0,0,27.43,1039,284,1577
35436,3572.28,0,0,0,0,50.03,1039,284,1577
35486,3600.58,0,0,0,0,52.61,1039,284,1577
35536,3553.66,0,0,1,0,45.19,1039,286,1577
35586,3599.71,0,0,0,0,33.33,1039,286,1577
35636,3577.39,0,0,0,0,23.19,1039,286,1577
35686,3611.85,0,0,0,0,26.57,1039,286,1577
35736,3568.03,0,0,0,0,43.82,1039,286,1577
35786,3589.38,0,0,0,0,35.92,1039,286,1577
35836,3563.79,0,0,0,0,25.58,1039,286,1577
35886,3587.66,0,0,1,0,43.55,1039,287,1577
35936,3558.72,0,0,1,0,41.86,1039,288,1577
35986,3597.98,0,0,1,0,50.16,1039,289,1577
36036,3555.34,0,0,1,0,43.50,1039,291,1577
36086,3589.38,0,0,0,0,25.72,1039,291,1577
36136,3610.98,0,0,0,0,27.28,1039,291,1577
36186,3572.28,0,0,0,0,569.08,1051,291,1584
36236,3501.40,0,1,0,0,314.42,1056,291,1601
36286,3568.03,0,0,0,0,200.81,1059,291,1611
36336,3591.09,0,-1,0,-8,-224.77,1061,291,1619
36386,3548.62,0,0,1,0,93.04,1062,293,1619
36436,3567.18,0,0,0,0,-22.76,1062,294,1619
36486,3526.92,0,0,0,0,57.31,1062,295,1619
36536,3546.10,0,0,1,0,-25.80,1063,297,1619
36586,3511.24,0,1,0,0,34.02,1065,298,1619
36636,3557.03,0,0,1,0,-35.90,1066,300,1619
36686,3521.95,0,1,0,0,33.39,1068,301,1619
36736,3557.03,0,0,1,0,-36.73,1069,303,1619
36786,3533.57,0,0,1,0,36.16,1069,304,1619
36836,3546.10,0,0,1,0,-23.32,1070,305,1619
36886,3509.59,0,1,0,0,46.60,1072,306,1619
36936,3557.87,0,0,1,0,-35.92,1073,307,1619
36986,3521.95,0,1,0,0,35.08,1075,308,1619
37036,3579.95,0,0,0,0,-56.34,1075,308,1619
37086,3546.10,0,0,1,0,39.84,1075,310,1619
37136,3555.34,0,0,1,0,42.64,1075,311,1619
37186,3594.54,0,-6,0,-6,-896.00,1086,311,1626
37236,3549.46,0,0,1,0,496.94,1096,312,1632
37286,3606.64,0,-4,0,-4,-656.22,1104,312,1637
37336,3501.40,0,1,0,0,390.66,1111,312,1673
37386,3614.46,0,0,-1,-2,-155.35,1111,313,1675
37436,3562.10,0,0,0,0,34.16,1111,313,1675
37486,3597.12,0,0,1,0,47.94,1111,314,1675
37536,3568.03,0,0,0,0,46.43,1111,314,1675
37586,3623.19,0,0,0,0,-46.65,1111,314,1675
37636,3582.52,0,0,0,0,-41.65,1111,314,1675
37686,3619.69,0,0,0,0,-40.67,1111,314,1675
37736,3582.52,0,0,0,0,-50.08,1111,314,1675
37786,3620.56,0,0,0,0,-35.48,1111,314,1675
37836,3592.81,0,0,0,0,-47.92,1111,314,1675
37886,3639.01,0,0,0,0,-41.89,1111,314,1675
37936,3604.04,0,0,-1,0,-56.15,1111,315,1675
37986,3653.19,0,0,-1,0,-41.34,1111,317,1675
38036,3614.46,0,0,-1,0,-60.76,1111,318,1675
38086,3652.30,0,0,-1,0,-36.10,1111,320,1675
38136,3615.33,0,0,-1,0,-46.80,1111,321,1675
38187,3652.30,0,0,-1,0,57.82,1112,322,1675
38237,3502.22,0,1,0,0,363.76,1117,322,1693
38287,3663.90,0,0,-1,0,340.37,1123,323,1696
38337,3653.19,0,0,-1,0,-48.29,1134,324,1704
38387,3604.04,0,0,-1,0,-47.40,1134,325,1704
38437,3602.31,0,0,-1,0,-42.94,1134,326,1704
38487,3604.90,0,0,0,0,-2.65,1134,326,1704
38537,3633.72,0,0,0,0,-30.55,1134,327,1704
38587,3593.67,0,0,0,0,-27.86,1134,327,1704
38637,3600.58,0,0,0,0,39.66,1134,327,1704
38687,3577.39,0,0,0,0,33.59,1134,327,1704
38737,3600.58,0,0,0,0,35.31,1134,327,1704
38787,3600.58,0,0,0,0,25.74,1134,327,1704
38837,3573.13,0,0,0,0,366.98,1141,327,1719
38887,3606.64,0,-5,0,-4,-732.03,1150,327,1724
38937,3584.23,0,-4,0,-3,-595.05,1157,327,1738
38987,3639.89,0,0,0,0,297.11,1164,327,1750
39037,3616.20,0,-5,0,-5,-757.95,1173,327,1756
39087,3673.77,0,0,0,0,491.74,1184,327,1763
39138,3660.32,0,0,-1,0,-31.87,1193,328,1769
39188,3625.82,0,0,0,0,35.40,1193,329,1769
39238,3662.11,0,0,-1,0,-47.65,1193,331,1769
39288,3615.33,0,0,-1,0,-55.47,1193,332,1769
39339,3662.11,0,0,-1,0,-46.78,1193,334,1769
39389,3603.17,0,0,-1,0,-48.29,1193,335,1769
39439,3610.98,0,0,-1,0,-48.29,1193,335,1769
39489,3568.03,0,0,0,0,42.95,1193,335,1769
39539,3623.19,0,0,0,0,-56.01,1193,335,1769
39589,3544.42,0,0,1,0,33.82,1193,336,1769
39639,3598.85,0,0,1,0,42.40,1193,337,1769
39689,3564.64,0,0,0,0,33.35,1193,338,1769
39739,3600.58,0,0,0,0,33.35,1193,338,1769
39789,3553.66,0,0,1,0,35.72,1193,339,1769
39839,3589.38,0,0,0,0,34.18,1193,339,1769
39890,3553.66,0,0,1,0,46.05,1193,341,1769
39940,3559.56,0,0,1,0,49.68,1193,342,1769
39990,3605.77,0,-5,0,-6,-849.61,1203,342,1776
40040,3570.58,0,0,0,0,463.85,1212,342,1782
40090,3606.64,0,-4,0,-4,-679.75,1220,342,1787
40140,3573.13,0,0,0,0,366.98,1227,342,1791
40190,3501.40,0,1,0,0,362.59,1234,342,1821
40240,3501.40,0,1,0,0,354.64,1239,342,1837
40290,3611.85,0,0,0,0,122.18,1240,342,1843
40340,3575.69,0,0,0,0,29.22,1240,342,1843
40390,3600.58,0,0,0,0,24.77,1240,342,1843
40440,5959.48,-16,-30,0,0,502666.37,7835,342,10828
40491,3675.57,0,0,0,0,38.22,7836,342,10828
40541,3672.87,0,0,0,0,154.64,7838,343,10839
40591,3923.62,-4,-4,0,-1,-207.07,7849,343,10878
40641,3747.19,0,-1,0,0,-37.07,7852,343,10878
40691,3735.06,0,-1,0,0,24.34,7856,343,10878
40741,3734.13,0,-1,0,0,-24.01,7859,343,10878
40791,3674.67,0,0,0,0,23.56,7861,343,10878
40841,3723.01,0,-1,0,0,-35.69,7864,343,10878
40891,3674.67,0,0,0,0,24.47,7866,343,10878
40941,3700.96,0,-1,0,0,-25.39,7868,343,10878
40991,3675.57,0,0,0,0,35.46,7870,343,10878
41041,3698.22,0,-1,0,0,-10.91,7873,343,10878
41091,3652.30,0,0,-1,0,23.27,7874,344,10878
41141,3723.01,0,-1,0,0,-45.64,7877,344,10878
41191,3640.78,0,0,-1,0,51.99,7878,346,10878
41241,3635.48,0,0,0,0,116.39,7880,346,10889
41291,3513.70,0,1,0,0,340.36,7886,346,10906
41341,3595.40,0,-4,0,-3,-489.00,7891,346,10909
41391,3562.10,0,0,0,0,344.15,7897,346,10923
41441,3597.98,0,0,1,0,26.38,7897,347,10923
41491,3572.28,0,0,0,0,25.71,7897,347,10923
41541,3576.54,0,0,0,0,-19.51,7897,348,10923
41591,3562.95,0,0,0,0,24.71,7897,348,10923
41641,3589.38,0,0,0,0,11.93,7897,348,10923
41691,46012.27,-19872,-551,0,-19332,-42434.02,8448,348,30255
41741,3551.98,0,0,1,0,228.26,8451,349,30255
41791,3546.10,0,0,1,0,21.93,8451,350,30255
41841,3589.38,0,0,0,0,22.16,8451,350,30255
41891,3554.50,0,0,1,0,33.16,8451,352,30255
41942,3574.83,0,0,0,0,-43.76,8451,354,30255
41992,3555.34,0,0,1,0,8.45,8451,356,30255
42042,3589.38,0,0,0,0,35.04,8451,356,30255
42092,3568.03,0,0,0,0,21.35,8451,356,30255
42142,3611.85,0,0,0,0,26.43,8451,356,30255
42192,3532.74,0,0,1,0,22.61,8451,358,30255
42242,3576.54,0,0,0,0,-34.63,8451,360,30255
42292,3573.13,0,0,0,0,25.72,8451,361,30255
42342,3619.69,0,0,0,0,25.72,8451,361,30255
42392,3553.66,0,0,1,0,38.29,8451,362,30255
42442,3600.58,0,0,0,0,8.50,8451,362,30255
42492,3568.88,0,0,0,0,29.97,8451,362,30255
42542,3585.94,0,0,1,0,20.23,8451,363,30255
42592,3585.09,0,0,0,0,16.21,8451,363,30255
42642,3627.57,0,0,0,0,-31.31,8451,363,30255
42692,3625.82,0,0,0,0,22.04,8451,364,30255
42742,3639.01,0,0,0,0,-13.19,8451,364,30255
42792,3615.33,0,0,-1,0,-26.45,8451,365,30255
42842,3627.57,0,0,0,0,-2.63,8451,366,30255
42892,3616.20,0,0,0,0,-22.74,8451,366,30255
42942,3672.87,0,0,0,0,-34.74,8451,367,30255
42992,3626.69,0,0,0,0,34.52,8451,368,30255
43042,3661.22,0,0,-1,0,-19.55,8451,370,30255
43092,3652.30,0,0,-1,0,32.30,8452,372,30255
43142,3633.72,0,0,0,0,-28.82,8452,372,30255
43192,3615.33,0,0,-1,0,-29.96,8452,373,30255
43242,3633.72,0,0,0,0,-18.39,8452,374,30255
43292,3547.78,0,0,1,0,71.04,8452,375,30255
43342,3633.72,0,0,0,0,-26.22,8452,375,30255
43392,3564.64,0,0,0,0,25.60,8452,375,30255
43442,3600.58,0,0,0,0,24.87,8452,375,30255
43492,3596.26,0,0,0,0,24.87,8452,375,30255
43542,3574.83,0,0,0,0,-17.80,8452,376,30255
43592,3573.98,0,0,0,0,14.54,8452,376,30255
43642,3601.44,0,0,0,0,14.54,8452,376,30255
43692,3478.66,0,1,0,0,77.52,8453,377,30255
43742,3566.33,0,0,0,0,-46.86,8454,377,30255
43792,3555.34,0,0,1,0,31.46,8454,379,30255
43842,3575.69,0,0,0,0,-30.42,8454,380,30255
43892,3577.39,0,0,0,0,32.72,8454,380,30255
43942,3610.11,0,0,0,0,-44.92,8454,380,30255
43992,3564.64,0,0,0,0,26.46,8454,380,30255
44042,3611.85,0,0,0,0,13.68,8454,380,30255
44092,3567.18,0,0,0,0,6.80,8454,380,30255
44142,3558.72,0,0,1,0,670.21,8468,381,30265
44192,3605.77,0,-5,0,-4,-751.14,8477,381,30270
44242,3572.28,0,0,0,0,448.09,8486,381,30275
44292,3629.32,0,0,0,0,341.03,8494,381,30280
44342,3626.69,0,0,0,0,164.06,8497,381,30293
44392,3500.58,0,1,0,0,393.50,8503,381,30314
44442,3604.90,0,-5,0,-4,-610.28,8510,381,30318
44492,3639.89,0,0,0,0,33.88,8521,381,30325
44542,3650.52,0,0,-1,0,-12.40,8521,383,30325
44592,3626.69,0,0,0,0,23.83,8521,384,30325
44642,3662.11,0,0,-1,0,-23.98,8521,386,30325
44692,3586.80,0,0,0,0,32.78,8521,386,30325
44742,3662.11,0,0,-1,0,-58.94,8521,387,30325
44792,3640.78,0,0,-1,0,32.09,8521,388,30325
44843,3627.57,0,0,0,0,-0.88,8521,389,30325
44893,3616.20,0,0,0,0,-50.49,8521,389,30325
44943,3639.01,0,0,0,0,-13.19,8521,390,30325
44993,3572.28,0,0,0,0,14.52,8521,390,30325
45043,3600.58,0,0,0,0,25.57,8521,390,30325
45093,3573.98,0,0,0,0,15.39,8521,390,30325
45143,3589.38,0,0,0,0,25.72,8521,390,30325
45193,3585.09,0,0,0,0,10.28,8521,390,30325
45243,44378.70,-32482,-530,0,-31953,-40756.39,9051,390,62278
45293,3597.12,0,-3,0,0,-147.93,9055,390,62278
45343,3586.80,0,0,0,0,-37.48,9055,390,62278
45393,3575.69,0,0,0,0,24.89,9055,390,62278
45443,3599.71,0,0,0,0,24.89,9055,390,62278
45493,3556.19,0,0,1,0,10.99,9055,391,62278
45543,3534.40,0,0,1,0,30.24,9055,392,62278
45593,3570.58,0,0,0,0,497.77,9066,392,62285
45643,3540.24,0,0,1,0,402.98,9074,393,62290
45693,3503.04,0,1,0,0,236.68,9079,393,62305
45743,3440.37,0,2,0,0,17.45,9083,393,62305
45793,3502.22,0,1,0,0,-32.41,9086,393,62305
45843,3503.04,0,1,0,0,9.02,9089,393,62305
45893,3535.23,0,0,1,0,-20.71,9090,394,62305
45943,3520.30,0,1,0,0,14.10,9092,395,62305
45993,3502.22,0,1,0,0,18.08,9094,396,62305
46043,3469.81,0,1,0,0,22.62,9097,396,62305
46093,3490.81,0,1,0,0,-9.72,9100,396,62305
46143,3493.25,0,1,0,0,-17.00,9102,396,62305
46193,3501.40,0,1,0,0,347.71,9110,396,62329
46243,3557.87,0,0,1,0,55.71,9111,397,62329
46294,3481.09,0,1,0,0,29.33,9113,398,62329
46344,3533.57,0,0,1,0,-41.14,9115,399,62329
46394,3531.07,0,0,1,0,15.03,9116,401,62329
46444,3576.54,0,0,0,0,-31.28,9116,402,62329
46494,3573.13,0,0,0,0,14.53,9116,403,62329
46544,3606.64,0,0,0,0,14.53,9116,403,62329
46594,3596.26,0,0,0,0,14.53,9116,403,62329
46644,3638.13,0,0,0,0,-42.73,9116,403,62329
46694,3616.20,0,0,0,0,-24.48,9116,403,62329
46744,3651.41,0,0,-1,0,-23.84,9116,404,62329
46794,3637.25,0,0,0,0,23.97,9116,405,62329
46844,3684.60,0,-1,0,0,-34.96,9117,407,62329
46894,3675.57,0,0,0,0,20.83,9118,408,62329
46944,3663.90,0,0,-1,0,10.77,9119,409,62329
46994,3638.13,0,0,0,0,11.51,9119,411,62329
47044,3671.97,0,0,0,0,-18.78,9119,412,62329
47094,3653.19,0,0,-1,0,21.48,9119,414,62329
47144,3625.82,0,0,0,0,90.74,9121,414,62335
47194,3501.40,0,1,0,0,327.08,9125,414,62350
47244,3614.46,0,0,-1,0,45.19,9126,415,62357
47294,3604.04,0,-1,0,-4,-168.23,9127,416,62361
47344,3629.32,0,0,0,0,131.96,9130,416,62372
47394,3502.22,0,1,0,0,326.27,9135,416,62388
47444,3603.17,0,-2,0,-10,-268.07,9138,416,62398
47494,3602.31,0,-2,0,-13,-335.62,9141,416,62411
47544,3600.58,0,-2,0,-13,-335.62,9141,416,62411
47594,3585.09,0,-2,0,-13,-335.62,9141,416,62411
47644,3542.75,0,0,1,0,-5.01,9141,419,62411
47694,3470.62,0,1,0,0,20.19,9144,419,62411
47744,3503.04,0,1,0,0,-22.76,9147,419,62411
47794,3460.21,0,1,0,0,32.23,9150,419,62411
47844,3439.58,0,2,0,0,9.49,9154,419,62411
47894,3438.79,0,2,0,0,11.07,9159,419,62411
47944,3460.21,0,1,0,0,-10.35,9162,419,62411
47994,3438.79,0,2,0,0,5.53,9166,419,62411
48044,3448.28,0,1,0,0,186.33,9171,419,62425
48094,3491.62,0,1,0,0,-21.81,9174,419,62425
48144,3428.57,0,2,0,0,83.49,9178,419,62425
48194,3545.26,0,0,1,0,-34.85,9179,420,62425
48244,3554.50,0,0,1,0,15.23,9179,421,62425
48294,3598.85,0,0,1,0,22.04,9179,422,62425
48344,3593.67,0,0,0,0,-51.74,9179,422,62425
48394,3663.00,0,0,-1,0,-46.80,9179,423,62425
48444,3596.26,0,0,0,0,30.16,9179,423,62425
48494,3662.11,0,0,-1,0,-45.91,9179,424,62425
48544,3637.25,0,0,0,0,23.97,9179,425,62425
48594,3638.13,0,0,0,0,13.28,9180,426,62425
48644,3638.13,0,0,0,0,14.17,9180,427,62425
48694,3672.87,0,0,0,0,-21.46,9181,428,62425
48744,3592.81,0,0,0,0,8.79,9181,428,62425
48794,3653.19,0,0,-1,0,-49.15,9181,429,62425
48844,3626.69,0,0,0,0,23.83,9181,430,62425
48894,3661.22,0,0,-1,0,-35.40,9181,432,62425
48944,3648.75,0,0,-1,0,13.36,9181,434,62425
48994,3684.60,0,-1,0,0,-35.85,9182,436,62425
49044,3615.33,0,0,0,0,6.19,9182,437,62425
49094,3632.84,0,0,0,0,-27.94,9182,437,62425
49144,3624.94,0,0,0,0,25.58,9182,438,62425
49195,3633.72,0,0,0,0,-28.82,9182,438,62425
49245,3586.80,0,0,0,0,-28.82,9182,438,62425
49295,3642.54,0,0,-1,0,-36.78,9182,439,62425
49345,3603.17,0,0,0,0,-11.35,9182,439,62425
49395,3545.26,0,0,1,0,27.87,9182,440,62425
49445,3544.42,0,0,1,0,31.26,9182,442,62425
49495,3534.40,0,0,1,0,29.39,9182,443,62425
49545,3543.59,0,0,1,0,10.07,9182,446,62425
49595,3531.90,0,0,1,0,13.36,9182,448,62425
49645,3541.91,0,0,1,0,15.96,9183,450,62425
49695,3600.58,0,0,0,0,9.35,9183,450,62425
49745,3532.74,0,0,1,0,22.61,9183,452,62425
49795,3599.71,0,0,0,0,23.02,9183,452,62425
49845,3594.54,0,0,0,0,20.61,9183,452,62425
49895,3611.85,0,0,0,0,15.38,9183,452,62425
49945,3591.95,0,0,0,0,15.38,9183,452,62425
49995,3642.54,0,0,-1,0,-39.37,9183,453,62425
50045,3615.33,0,0,-1,0,-34.36,9183,454,62425
50095,3662.11,0,0,-1,0,-37.17,9183,456,62425
50145,3596.26,0,0,0,0,23.10,9183,456,62425
50195,3649.63,0,0,-1,0,-29.07,9183,458,62425
50245,3626.69,0,0,0,0,25.61,9183,459,62425
50295,3650.52,0,0,-1,0,-12.40,9183,461,62425
50345,3626.69,0,0,0,0,23.83,9183,462,62425
50395,3662.11,0,0,-1,0,-24.86,9183,464,62425
50445,3630.20,0,0,0,0,43.57,9183,464,62425
50495,3646.97,0,0,-1,0,-54.16,9183,465,62425
50545,3562.95,0,0,0,0,32.45,9183,465,62425
50595,3586.80,0,0,1,0,10.85,9183,467,62425
50646,3567.18,0,0,0,0,42.93,9183,468,62425
50696,3542.75,0,0,1,0,-10.84,9183,471,62425
50746,3545.26,0,0,1,0,19.38,9183,473,62425
50796,3566.33,0,0,0,0,-44.38,9184,474,62425
50846,3543.59,0,0,1,0,33.80,9184,476,62425
50896,3588.52,0,0,1,0,21.06,9184,477,62425
50946,3564.64,0,0,0,0,23.02,9184,478,62425
50996,3588.52,0,0,0,0,21.46,9184,478,62425
51046,3575.69,0,0,0,0,25.76,9184,478,62425
51096,3637.25,0,0,0,0,-43.57,9184,478,62425
51146,3566.33,0,0,0,0,6.80,9184,478,62425
51196,3619.69,0,0,0,0,6.80,9184,478,62425
51246,3603.17,0,0,0,0,-43.61,9184,478,62425
51296,3600.58,0,0,0,0,14.47,9184,478,62425
51346,3614.46,0,0,0,0,-46.20,9184,478,62425
51396,3650.52,0,0,-1,0,-23.83,9184,480,62425
51446,3653.19,0,0,-1,0,18.78,9184,482,62425
51496,3696.40,0,-1,0,0,-44.99,9186,483,62425
51546,3676.47,0,0,0,0,42.85,9187,484,62425
51596,3625.82,0,0,0,0,11.43,9187,485,62425
51646,3615.33,0,0,-1,0,-40.24,9187,486,62425
51696,3639.01,0,0,0,0,-14.07,9187,487,62425
51746,3591.95,0,0,0,0,-10.48,9187,487,62425
51796,3633.72,0,0,0,0,-26.22,9187,487,62425
51846,3626.69,0,0,0,0,16.74,9187,488,62425
51896,3564.64,0,0,0,0,21.30,9187,488,62425
51946,3542.75,0,0,1,0,11.75,9187,491,62425
51996,3589.38,0,0,0,0,22.15,9187,491,62425
52046,3577.39,0,0,0,0,34.46,9187,491,62425
52096,3586.80,0,0,1,0,10.07,9187,493,62425
52146,3582.52,0,0,1,0,32.30,9187,494,62425
52196,3619.69,0,0,1,0,32.30,9187,494,62425
52246,3604.90,0,0,0,0,-33.91,9187,494,62425
52296,3633.72,0,0,0,0,-18.39,9187,495,62425
52346,3604.04,0,0,0,0,-41.03,9187,495,62425
52396,3643.43,0,0,-1,0,-28.97,9187,496,62425
52446,3615.33,0,0,-1,0,-34.36,9187,497,62425
52496,3663.00,0,0,-1,0,-48.55,9187,499,62425
52546,3576.54,0,0,0,0,28.36,9187,499,62425
52596,3675.57,0,0,0,0,-127.79,9187,500,62425
52646,3614.46,0,0,-1,0,-28.96,9187,501,62425
52696,3583.37,0,0,-1,0,-28.96,9187,501,62425
52746,3572.28,0,0,0,0,17.10,9187,501,62425
52796,3600.58,0,0,0,0,24.89,9187,501,62425
52846,3586.80,0,0,0,0,24.89,9187,501,62425
52896,3639.01,0,0,0,0,-53.92,9187,501,62425
52946,3564.64,0,0,0,0,22.16,9187,501,62425
52996,3602.31,0,0,0,0,33.57,9187,501,62425
53046,3596.26,0,0,0,0,33.57,9187,501,62425
53096,3583.37,0,0,0,0,33.57,9187,501,62425
53146,3577.39,0,0,0,0,23.19,9187,501,62425
53196,3610.11,0,0,0,0,-44.05,9187,501,62425
53246,3604.90,0,0,0,0,-48.78,9187,501,62425
53296,3577.39,0,0,0,0,27.51,9187,501,62425
53346,3573.98,0,0,0,0,13.68,9187,502,62425
53396,3591.09,0,0,0,0,14.53,9187,502,62425
53446,3532.74,0,0,1,0,11.69,9187,504,62425
53496,3521.95,0,1,0,0,18.29,9188,505,62425
53547,3594.54,0,-4,0,-4,-744.91,9196,505,62430
53597,3562.10,0,0,0,0,390.47,9204,505,62434
53647,3502.22,0,1,0,0,276.12,9210,505,62458
53697,3570.58,0,0,0,0,132.21,9211,506,62462
53747,3591.95,0,0,-1,0,-123.12,9211,508,62462
53797,3582.52,0,0,0,0,-79.07,9211,509,62462
53847,3615.33,0,0,0,0,-79.07,9211,509,62462
53897,3565.49,0,0,0,0,11.90,9211,509,62462
53947,3627.57,0,0,0,0,-43.34,9211,509,62462
53997,3614.46,0,0,-1,0,-48.15,9211,510,62462
54047,3661.22,0,0,-1,0,-35.40,9211,512,62462
54097,3652.30,0,0,-1,0,28.68,9212,514,62462
54147,3699.14,0,-1,0,0,205.08,9217,514,62464
54197,3675.57,0,0,0,0,295.84,9223,514,62467
54247,3603.17,0,0,0,0,513.79,9234,514,62475
54297,3619.69,0,0,0,0,513.79,9234,514,62475
54347,3593.67,0,0,0,0,-28.74,9234,514,62475
54397,3564.64,0,0,0,0,17.88,9234,514,62475
54447,3604.90,0,-6,0,-6,-922.39,9245,514,62482
54497,3501.40,0,1,0,0,358.61,9252,514,62502
54547,3515.35,0,1,0,0,214.14,9255,514,62512
54597,3498.95,0,1,0,0,42.96,9257,515,62512
54647,3501.40,0,1,0,0,-21.12,9260,515,62512
54697,3459.41,0,1,0,0,0.80,9263,515,62512
54747,3491.62,0,1,0,0,-21.81,9266,515,62512
54797,3428.57,0,2,0,0,21.29,9270,515,62512
54847,3482.70,0,1,0,0,-33.63,9273,515,62512
54897,3480.28,0,1,0,0,10.53,9276,515,62512
54947,3481.09,0,1,0,0,30.15,9278,515,62512
54998,3474.64,0,1,0,0,465.48,9289,515,62518
55048,3489.18,0,1,0,0,57.75,9292,516,62518
55098,3491.62,0,1,0,0,0.81,9294,517,62518
55148,3480.28,0,1,0,0,12.15,9297,517,62518
55198,3524.44,0,0,0,0,-23.04,9299,517,62518
55248,3532.74,0,0,1,0,22.61,9300,519,62518
55298,3568.03,0,0,0,0,-47.73,9301,520,62518
55348,3562.95,0,0,0,0,24.71,9301,521,62518
55398,3587.66,0,0,0,0,24.00,9301,521,62518
55448,3594.54,0,0,0,0,24.00,9301,521,62518
55498,3643.43,0,0,-1,0,-39.39,9301,522,62518
55548,3605.77,0,0,-1,0,-39.39,9301,522,62518
55598,3662.11,0,0,-1,0,-47.65,9301,523,62518
55648,3641.66,0,0,-1,0,32.11,9301,524,62518
55698,3683.69,0,-1,0,0,-20.69,9303,525,62518
55748,3675.57,0,0,0,0,31.80,9304,526,62518
55798,3723.93,0,-1,0,0,-25.71,9307,526,62518
55848,3700.05,0,-1,0,0,64.07,9310,527,62518
55898,3711.95,0,-1,0,0,-1.84,9313,527,62518
55948,3663.00,0,0,-1,0,24.31,9315,528,62518
55998,3672.87,0,0,0,0,-20.57,9316,529,62518
56048,3663.90,0,0,-1,0,71.16,9317,530,62518
56098,3686.41,0,-1,0,0,271.37,9324,530,62521
56148,3637.25,0,0,0,0,-9.68,9335,530,62529
56198,3594.54,0,0,0,0,-9.68,9335,530,62529
56248,3584.23,0,-4,0,-4,-697.64,9343,530,62533
56298,3606.64,0,-4,0,-4,-678.12,9351,530,62537
56348,3501.40,0,1,0,0,397.74,9359,530,62562
56398,3568.88,0,0,0,0,161.54,9362,530,62573
56448,3498.95,0,1,0,0,37.12,9364,531,62573
56498,3490.81,0,1,0,0,-10.53,9367,531,62573
56548,3419.19,0,2,0,0,30.67,9371,531,62573
56598,3470.62,0,1,0,0,-31.83,9375,531,62573
56648,3449.86,0,1,0,0,40.95,9379,531,62573
56698,3481.89,0,1,0,0,-32.83,9382,531,62573
56748,3490.81,0,1,0,0,-45.70,9385,531,62573
56798,3309.80,12,3,0,23,588.33,9397,531,62627
56848,3451.45,0,1,0,0,72.16,9400,531,62627
56898,3439.58,0,2,0,0,31.04,9405,531,62627
56948,3449.86,0,1,0,0,-51.58,9410,531,62627
56998,3449.07,0,1,0,0,31.21,9414,531,62627
57048,3523.61,0,0,0,0,-51.39,9416,531,62627
57098,3449.86,0,1,0,0,20.75,9419,531,62627
57148,3481.09,0,1,0,0,30.15,9421,531,62627
57198,3500.58,0,1,0,0,376.39,9429,531,62653
57248,3536.07,0,0,1,0,157.60,9432,532,62663
57298,3597.12,0,0,1,0,28.07,9432,533,62663
57348,3564.64,0,0,0,0,21.30,9432,533,62663
57398,3623.19,0,0,0,0,-50.91,9432,533,62663
57448,3635.48,0,0,0,0,-9.67,9432,533,62663
57498,3662.11,0,0,-1,0,-39.80,9432,534,62663
57548,3625.82,0,0,0,0,27.37,9432,535,62663
57598,3683.69,0,-1,0,0,-32.28,9433,537,62663
57648,3501.40,0,1,0,0,374.57,9438,537,62680
57698,3673.77,0,0,0,0,180.29,9441,538,62689
57748,3783.10,-1,-2,0,0,-66.55,9450,538,62727
57798,3651.41,0,0,-1,0,33.19,9451,540,62727
57848,3662.11,0,0,-1,0,-23.10,9451,542,62727
57899,3652.30,0,0,-1,0,32.30,9452,544,62727
57949,3627.57,0,0,0,0,-0.88,9452,545,62727
57999,3615.33,0,0,-1,0,-41.32,9452,546,62727
58049,3556.19,0,0,1,0,25.47,9452,547,62727
58099,3555.34,0,0,1,0,21.19,9452,549,62727
58149,3601.44,0,0,0,0,24.84,9452,549,62727
58199,3587.66,0,0,0,0,24.84,9452,549,62727
58249,3610.98,0,0,0,0,-38.16,9452,549,62727
58299,3586.80,0,0,0,0,-38.16,9452,549,62727
58349,3610.98,0,0,0,0,-38.16,9452,549,62727
58399,3586.80,0,0,0,0,31.02,9452,549,62727
58449,3591.95,0,0,0,0,31.02,9452,549,62727
58499,3577.39,0,0,0,0,24.05,9452,549,62727
58549,3555.34,0,0,1,0,32.31,9452,550,62727
58599,3551.14,0,0,1,0,417.12,9461,551,62733
58649,3320.05,9,3,0,20,490.92,9469,551,62781
58699,3596.26,0,-2,0,0,-134.72,9471,551,62793
58749,3592.81,0,-1,0,-4,-169.15,9472,551,62797
58799,3558.72,0,0,1,0,141.33,9474,552,62803
58849,3562.95,0,0,0,0,25.57,9474,553,62803
58899,3563.79,0,0,0,0,18.73,9474,553,62803
58949,3544.42,0,0,1,0,32.11,9474,555,62803
58999,3557.03,0,0,1,0,-47.44,9475,557,62803
59049,3533.57,0,0,1,0,24.31,9475,559,62803
59099,3586.80,0,0,1,0,26.18,9475,560,62803
59149,3583.37,0,0,1,0,33.98,9475,561,62803
59199,3624.06,0,0,0,0,-20.03,9475,561,62803
59249,3612.72,0,0,-1,0,-41.10,9475,562,62803
59299,3624.06,0,0,0,0,-7.86,9475,562,62803
59350,3626.69,0,0,0,0,25.61,9475,563,62803
59400,3594.54,0,0,0,0,-10.55,9475,563,62803
59450,3603.17,0,0,0,0,18.85,9475,563,62803
59500,3642.54,0,0,-1,0,-26.34,9475,564,62803
59550,3596.26,0,0,-1,0,-26.34,9475,564,62803
59600,3633.72,0,0,0,0,-30.55,9475,564,62803
59650,3616.20,0,0,0,0,-23.61,9475,564,62803
59700,3650.52,0,0,-1,0,-23.83,9475,566,62803
59750,3627.57,0,0,0,0,6.15,9475,566,62803
59800,3662.11,0,0,-1,0,-35.42,9475,568,62803
59850,3585.09,0,0,0,0,33.66,9475,568,62803
59900,3609.24,0,0,0,0,-38.10,9475,568,62803
59950,3545.26,0,0,1,0,18.53,9475,569,62803
60000,3585.94,0,0,1,0,17.79,9475,570,62803
60050,3585.09,0,0,0,0,5.99,9475,570,62803
60100,3576.54,0,0,0,0,-45.46,9475,572,62803
60150,3571.43,0,0,0,0,27.42,9475,573,62803
60200,3556.19,0,0,1,0,17.79,9475,574,62803
60250,3566.33,0,0,0,0,10.20,9475,575,62803
60300,3610.11,0,0,0,0,24.05,9475,575,62803
60350,3575.69,0,0,0,0,25.76,9475,575,62803
60400,3628.45,0,0,0,0,-33.05,9475,575,62803
60450,3615.33,0,0,-1,0,-40.45,9475,576,62803
60500,3629.32,0,0,0,0,-42.52,9475,576,62803
60550,3626.69,0,0,0,0,14.97,9475,577,62803
60600,3662.11,0,0,-1,0,-35.42,9475,579,62803
60650,3586.80,0,0,0,0,22.22,9475,579,62803
60700,3639.01,0,0,0,0,-43.61,9475,579,62803
60750,3626.69,0,0,0,0,25.61,9475,580,62803
60800,3610.11,0,0,0,0,25.61,9475,580,62803
60850,3604.04,0,0,0,0,-38.42,9475,580,62803
60900,3591.95,0,0,0,0,-38.42,9475,580,62803
60950,3595.40,0,0,0,0,16.27,9475,580,62803
61000,3633.72,0,0,0,0,-29.68,9475,580,62803
61050,3585.09,0,0,0,0,-29.68,9475,580,62803
61100,3641.66,0,0,-1,0,-36.76,9475,581,62803
61150,3626.69,0,0,0,0,26.50,9475,582,62803
61200,3624.94,0,0,0,0,-8.74,9475,582,62803
61250,3604.90,0,0,0,0,-22.74,9475,582,62803
61300,3661.22,0,0,-1,0,-35.40,9475,584,62803
61350,3615.33,0,0,-1,0,-8.86,9475,586,62803
61400,3620.56,0,0,0,0,-38.05,9475,586,62803
61450,3614.46,0,0,-1,0,-49.90,9475,587,62803
61500,3567.18,0,0,0,0,5.95,9475,587,62803
61550,3562.95,0,0,0,0,25.57,9475,588,62803
61600,3598.85,0,0,1,0,34.86,9475,589,62803
61650,3520.30,0,1,0,0,24.96,9476,590,62803
61700,3563.79,0,0,0,0,-20.21,9476,592,62803
61750,3557.03,0,0,1,0,17.80,9476,594,62803
61800,3574.83,0,0,0,0,-18.65,9476,595,62803
61850,3585.94,0,0,0,0,12.73,9476,595,62803
61900,3618.82,0,0,0,0,-40.75,9476,595,62803
61950,3544.42,0,0,1,0,20.22,9476,596,62803
62000,3599.71,0,0,0,0,33.31,9476,596,62803
62050,3596.26,0,0,0,0,33.31,9476,596,62803
62100,3630.20,0,0,0,0,-36.53,9476,596,62803
62150,3587.66,0,0,0,0,-36.53,9476,596,62803
62200,3651.41,0,0,-1,0,-36.08,9476,597,62803
62251,3641.66,0,0,-1,0,32.11,9476,598,62803
62301,3698.22,0,-1,0,0,22.01,9478,598,62803
62351,3663.90,0,0,-1,0,32.50,9479,600,62803
62401,3700.05,0,-1,0,0,-24.48,9481,600,62803
62451,3625.82,0,0,0,0,26.49,9482,601,62803
62501,3650.52,0,0,-1,0,-23.83,9482,603,62803
62551,3614.46,0,0,-1,0,-36.12,9482,604,62803
62601,3610.11,0,0,-1,0,-36.12,9482,604,62803
62651,3614.46,0,0,0,0,-29.68,9482,604,62803
62701,3557.03,0,0,1,0,3.38,9482,605,62803
62751,3562.95,0,0,0,0,24.71,9482,606,62803
62801,3543.59,0,0,1,0,30.40,9482,607,62803
62851,3520.30,0,1,0,0,33.36,9483,609,62803
62901,3534.40,0,0,1,0,-41.97,9485,610,62803
62951,3541.91,0,0,1,0,16.81,9485,612,62803
63001,3577.39,0,0,0,0,-34.64,9485,614,62803
63051,3566.33,0,0,0,0,11.91,9485,614,62803
63101,3611.85,0,0,0,0,22.31,9485,614,62803
63151,3586.80,0,0,0,0,22.31,9485,614,62803
63201,3628.45,0,0,0,0,-34.77,9485,614,62803
63251,3604.90,0,0,0,0,-28.74,9485,614,62803
63301,3595.40,0,0,-1,0,-42.07,9485,615,62803
63351,3555.34,0,0,1,0,11.84,9485,616,62803
63401,3611.85,0,0,0,0,24.84,9485,616,62803
63451,3629.32,0,0,0,0,-35.65,9485,616,62803
63501,3585.09,0,-6,0,-6,-907.68,9496,616,62811
63551,3614.46,0,0,0,0,509.22,9508,616,62818
63601,3662.11,0,0,-1,0,-35.42,9508,618,62818
63651,3664.79,0,0,-1,0,8.08,9508,620,62818
63702,3688.22,0,-1,0,0,-12.65,9510,620,62818
63752,3653.19,0,0,-1,0,18.78,9510,622,62818
63802,3616.20,0,0,0,0,29.16,9510,623,62818
63852,3575.69,0,0,0,0,25.76,9510,623,62818
63902,3641.66,0,0,-1,0,-36.76,9510,624,62818
63952,3638.13,0,0,0,0,15.06,9510,625,62818
64002,3672.87,0,0,0,0,-31.21,9510,626,62818
64052,3614.46,0,0,0,0,20.28,9510,627,62818
64102,3662.11,0,0,-1,0,-35.42,9510,629,62818
64152,3615.33,0,0,0,0,-11.44,9510,629,62818
64202,3633.72,0,0,0,0,-17.52,9510,629,62818
64252,3593.67,0,0,0,0,-22.74,9510,629,62818
64302,3602.31,0,0,0,0,26.63,9510,629,62818
64352,3596.26,0,0,0,0,26.63,9510,629,62818
64402,3620.56,0,0,0,0,-25.17,9510,629,62818
64452,3604.04,0,0,0,0,-29.60,9510,629,62818
64502,3585.94,0,0,0,0,-25.29,9510,629,62818
64552,3557.03,0,0,1,0,17.80,9510,631,62818
64602,3557.03,0,0,1,0,-35.90,9511,633,62818
64652,3545.26,0,0,1,0,42.40,9511,635,62818
64702,3536.90,0,0,1,0,-23.20,9513,636,62818
64752,3533.57,0,0,1,0,34.46,9514,637,62818
64802,3501.40,0,1,0,0,18.90,9516,637,62818
64852,3562.10,0,0,0,0,408.26,9525,637,62824
64902,3501.40,0,1,0,0,357.62,9532,637,62857
64952,3609.24,0,0,-1,-3,-164.29,9532,638,62860
65002,3616.20,0,0,0,0,-27.86,9532,638,62860
65052,3618.82,0,0,0,0,-80.80,9532,638,62860
65102,3624.94,0,0,0,0,141.07,9535,638,62870
65152,3501.40,0,1,0,0,391.67,9541,638,62889
65202,3617.94,0,-1,0,0,-63.08,9542,639,62889
65252,3614.46,0,-2,0,-13,-324.70,9545,639,62902
65302,3501.40,0,1,0,0,370.57,9551,639,62922
65352,3501.40,0,1,0,0,393.69,9556,639,62940
65402,3573.13,0,0,0,0,335.16,9562,639,62943
65452,3502.22,0,1,0,0,338.03,9569,639,62962
65502,3531.07,0,0,1,0,28.49,9570,641,62968
65552,3459.41,0,1,0,0,21.68,9573,641,62968
65602,3418.41,0,2,0,0,21.16,9579,641,62968
65652,3409.09,0,2,0,0,10.10,9584,641,62968
65702,3399.05,0,2,0,0,20.14,9590,641,62968
65752,3379.14,1,2,0,0,9.93,9596,641,62968
65802,3368.52,0,3,0,0,-21.80,9602,641,62968
65852,3309.80,0,3,0,0,9.52,9611,641,62968
65902,3358.71,0,3,0,0,-40.13,9620,641,62968
65952,3347.47,0,3,0,0,19.54,9629,641,62968
66002,3357.96,0,3,0,0,38.78,9634,641,62968
66052,3329.63,5,3,0,15,368.59,9644,641,63005
66102,3389.06,0,2,0,0,71.14,9649,641,63005
66152,3387.53,0,2,0,0,11.51,9655,641,63005
66202,3397.51,0,2,0,0,20.91,9662,641,63005
66252,3481.09,0,1,0,0,-51.73,9666,641,63005
66304,3484.32,0,1,0,0,40.12,9668,641,63005
66354,3579.10,0,0,0,0,-55.49,9668,641,63005
66404,3573.13,0,0,0,0,24.85,9668,642,63005
66454,3643.43,0,0,-1,0,-40.26,9668,643,63005
66504,3653.19,0,0,-1,0,18.78,9668,644,63005
66554,3711.95,0,-1,0,0,-36.38,9670,644,63005
66604,3724.86,0,-1,0,0,-2.77,9673,644,63005
66654,3759.40,0,-2,0,0,-25.27,9677,644,63005
66704,3762.23,0,-2,0,0,21.83,9682,644,63005
66754,3809.04,0,-2,0,0,-23.07,9688,644,63005
66804,3799.39,0,-2,0,0,22.26,9694,644,63005
66854,3785.97,0,-2,0,0,28.89,9700,644,63005
66904,3721.16,0,-1,0,0,25.09,9712,644,63010
66954,3699.14,0,-1,0,0,22.95,9715,644,63010
67004,3746.25,0,-1,0,0,-34.30,9718,644,63010
67054,3674.67,0,0,0,0,12.65,9720,644,63010
67104,3711.03,0,-1,0,0,-35.46,9722,644,63010
67154,3676.47,0,0,0,0,56.73,9723,644,63010
67204,3605.77,0,0,-1,0,26.84,9723,645,63010
67254,3585.94,0,0,0,0,26.67,9723,645,63010
67304,3589.38,0,0,0,0,29.25,9723,645,63010
67354,3521.95,0,1,0,0,24.15,9724,646,63010
67404,3546.10,0,0,1,0,-25.80,9725,648,63010
67454,3470.62,0,1,0,0,31.60,9728,648,63010
67504,3430.14,0,2,0,0,18.14,9731,648,63010
67554,3495.69,0,1,0,0,405.48,9741,648,63016
67604,3489.18,0,1,0,0,68.69,9744,649,63016
67654,3501.40,0,1,0,0,-34.80,9747,649,63016
67704,3510.41,0,1,0,0,24.82,9749,650,63016
67755,3566.33,0,0,0,0,-45.21,9750,651,63016
67805,3502.22,0,1,0,0,18.08,9752,652,63016
67855,3563.79,0,0,0,0,-32.72,9752,654,63016
67905,3564.64,0,0,0,0,22.16,9752,655,63016
67955,3552.82,0,0,1,0,-18.42,9752,658,63016
68005,3564.64,0,0,0,0,21.30,9752,659,63016
68055,3630.20,0,0,0,0,-47.69,9752,659,63016
68105,3626.69,0,0,0,0,30.95,9752,660,63016
68155,3662.11,0,0,-1,0,-23.98,9752,662,63016
68205,3663.00,0,0,-1,0,21.59,9753,664,63016
68255,3723.01,0,-1,0,0,-35.69,9756,664,63016
68305,3700.05,0,-1,0,0,35.94,9759,664,63016
68355,3699.14,0,-1,0,0,-24.47,9761,664,63016
68405,3687.32,0,-1,0,0,11.82,9764,664,63016
68455,3735.99,0,-1,0,0,-36.85,9767,664,63016
68505,3674.67,0,0,0,0,24.47,9769,664,63016
68555,3640.78,0,0,-1,0,52.89,9770,665,63016
68605,3501.40,0,1,0,0,337.86,9775,665,63031
68655,3663.00,0,0,-1,0,383.39,9781,666,63035
68705,3695.49,0,-1,0,0,-31.59,9790,667,63039
68755,3675.57,0,0,0,0,20.83,9791,668,63039
68805,3627.57,0,0,0,0,12.32,9791,668,63039
68855,3615.33,0,0,-1,0,-29.84,9791,669,63039
68905,3652.30,0,0,-1,0,-36.97,9791,671,63039
68955,3615.33,0,0,-1,0,-20.32,9791,672,63039
69005,3610.98,0,0,-1,0,-20.32,9791,672,63039
69055,3593.67,0,0,0,0,-20.89,9791,672,63039
69105,3589.38,0,0,0,0,24.91,9791,672,63039
69155,3575.69,0,0,0,0,27.49,9791,672,63039
69206,3566.33,0,0,0,0,11.06,9791,672,63039
69256,3556.19,0,0,1,0,20.35,9791,674,63039
69306,3587.66,0,0,0,0,30.76,9791,674,63039
69356,3556.19,0,0,1,0,21.20,9791,675,63039
69406,3589.38,0,0,0,0,21.30,9791,675,63039
69456,3587.66,0,0,1,0,29.81,9791,676,63039
69506,3582.52,0,-6,0,-5,-872.78,9802,676,63045
69556,3536.07,0,0,1,0,212.06,9805,677,63058
69606,3560.41,0,0,0,0,70.67,9805,678,63058
69656,3532.74,0,0,1,0,29.36,9805,679,63058
69706,3531.07,0,0,1,0,15.86,9806,681,63058
69756,3541.91,0,0,1,0,-9.18,9806,684,63058
69806,3531.07,0,0,1,0,26.80,9806,686,63058
69856,3512.06,0,1,0,0,-30.16,9808,686,63058
69906,3520.30,0,1,0,0,14.93,9810,687,63058
69956,3502.22,0,1,0,0,32.18,9811,688,63058
70006,3429.36,0,2,0,0,30.85,9815,688,63058
70056,3349.71,1,3,0,0,28.67,9822,688,63058
70106,3298.88,0,3,0,0,27.80,9828,688,63058
70156,3216.81,0,4,0,0,26.43,9840,688,63058
70206,3143.99,3,5,0,0,17.23,9855,688,63058
70256,3092.78,0,6,0,0,16.67,9867,688,63058
70306,3002.40,3,7,0,0,32.19,9888,688,63058
70356,2948.69,0,8,0,0,38.17,9903,688,63058
70406,2880.74,8,9,0,0,13.90,9929,688,63058
70456,2824.33,1,10,0,0,19.81,9948,688,63058
70506,2768.04,0,10,0,0,18.51,9968,688,63058
70556,2714.93,0,11,0,0,20.30,9990,688,63058
70606,2717.39,7,11,0,0,-23.43,10025,688,63106
70656,2487.97,28,14,0,20,118.91,10051,688,63144
70706,2520.58,25,14,0,20,116.55,10077,688,63189
70756,2487.56,0,14,0,-10,-62.73,10106,688,63214
70806,2405.77,18,15,0,15,97.56,10135,688,63231
70856,2388.92,0,15,0,-8,-53.19,10166,688,63250
70906,2297.44,19,16,0,12,78.23,10197,688,63264
70956,2294.28,3,16,0,-7,-46.08,10230,688,63278
71006,2197.80,22,18,0,6,43.35,10265,688,63291
71056,2192.66,0,18,0,0,5.14,10283,688,63291
71106,2139.80,0,18,0,1,7.04,10319,688,63298
71156,2088.85,8,19,0,0,6.71,10357,688,63304
71206,2040.82,17,20,0,0,6.13,10397,688,63309
71256,1999.20,3,20,0,5,41.62,10417,688,63314
71306,1945.53,16,21,0,6,45.71,10458,688,63321
71356,1945.27,0,21,0,0,0.25,10479,688,63321
71406,1909.13,18,21,0,-3,-30.13,10522,688,63332
71456,1845.47,22,22,0,0,3.41,10566,688,63339
71506,1797.70,28,23,0,5,47.77,10589,688,63344
71556,1795.33,23,23,0,0,2.37,10612,688,63344
71606,1848.88,0,22,0,-23,-190.33,10659,688,63382
71656,1697.79,41,24,0,17,151.09,10683,688,63399
71706,1649.98,30,25,0,5,46.66,10732,688,63404
71756,1648.71,25,25,0,0,1.27,10757,688,63404
71806,1596.42,31,26,0,5,52.29,10783,688,63409
71856,1546.39,31,26,0,5,53.27,10835,688,63414
71906,1547.67,26,26,0,0,-1.28,10861,688,63414
71956,1496.56,32,27,0,5,51.11,10888,688,63419
72006,1497.16,27,27,0,0,-0.60,10915,688,63419
72056,1446.20,27,27,0,0,-0.14,10970,688,63423
72107,1393.92,32,28,0,4,52.28,10998,688,63427
72157,1394.31,28,28,0,0,-0.39,11026,688,63427
72207,1341.80,33,29,0,4,52.51,11055,688,63431
72257,1342.76,29,29,0,0,-0.96,11084,688,63431
72307,1288.88,34,30,0,4,53.88,11114,688,63435
72357,1291.21,30,30,0,0,-2.33,11144,688,63435
72407,1233.55,34,30,0,4,57.66,11174,688,63439
72457,1237.11,30,30,0,0,-3.56,11204,688,63439
72507,1179.06,35,31,0,4,58.05,11235,688,63443
72557,1182.59,31,31,0,0,-3.53,11266,688,63443
72607,1121.66,36,32,0,4,60.93,11298,688,63447
72657,1127.14,32,32,0,0,-5.48,11330,688,63447
72707,1070.59,36,32,0,4,56.55,11362,688,63451
72757,1068.76,32,32,0,0,1.83,11394,688,63451
72807,1013.86,36,33,0,3,54.90,11427,688,63454
72857,1005.09,33,33,0,0,8.76,11460,688,63454
72907,1005.09,33,33,0,0,8.76,11460,688,63454
72957,939.44,38,34,0,4,65.66,11494,688,63458
73007,942.21,34,34,0,0,-2.77,11528,688,63458
73057,877.45,38,35,0,3,64.76,11563,688,63461
73107,877.45,38,35,0,3,64.76,11563,688,63461
73157,874.99,35,35,0,0,2.46,11598,688,63461
73207,808.06,39,36,0,3,66.93,11634,688,63464
73257,808.06,39,36,0,3,66.93,11634,688,63464
73307,802.31,36,36,0,0,5.75,11670,688,63464
73357,720.77,40,37,0,3,81.54,11707,688,63467
73407,720.77,40,37,0,3,81.54,11707,688,63467
73457,719.98,37,37,0,0,0.80,11744,688,63467
73507,719.98,37,37,0,0,0.80,11744,688,63467
73558,652.29,40,38,0,2,67.69,11782,688,63469
73608,652.29,40,38,0,2,67.69,11782,688,63469
73658,628.30,39,38,0,1,23.99,11820,688,63470
73708,628.30,39,38,0,1,23.99,11820,688,63470
73758,549.25,41,39,0,2,79.05,11859,688,63472
73808,549.25,41,39,0,2,79.05,11859,688,63472
73858,516.99,41,40,0,1,32.26,11899,688,63473
73908,516.99,41,40,0,1,32.26,11899,688,63473
73958,516.99,41,40,0,1,32.26,11899,688,63473
74008,421.06,43,41,0,2,95.93,11940,688,63475
74058,421.06,43,41,0,2,95.93,11940,688,63475
74108,421.06,43,41,0,2,95.93,11940,688,63475
74158,363.50,43,42,0,1,57.56,11982,688,63476
74208,363.50,43,42,0,1,57.56,11982,688,63476
74258,363.50,43,42,0,1,57.56,11982,688,63476
74308,363.50,43,42,0,1,57.56,11982,688,63476
74358,363.50,43,42,0,1,57.56,11982,688,63476
75187,58.30,-43,42,0,1,57.56,11982,688,63476
75237,58.30,-43,42,0,1,57.56,11982,688,63476
75287,58.30,-43,42,0,1,57.56,11982,688,63476
75337,58.30,-43,42,0,1,57.56,11982,688,63476
75387,58.30,-43,42,0,1,57.56,11982,688,63476
75437,0.00,-43,42,0,1,57.56,11982,688,63476
75487,0.00,-43,42,0,1,57.56,11982,688,63476
75537,0.00,-43,42,0,1,57.56,11982,688,63476
75587,0.00,-43,42,0,1,57.56,11982,688,63476
75637,0.00,-43,42,0,1,57.56,11982,688,63476
75687,0.00,-43,42,0,1,57.56,11982,688,63476
75737,0.00,-43,42,0,1,57.56,11982,688,63476
75787,0.00,-43,42,0,1,57.56,11982,688,63476
75837,0.00,-43,42,0,1,57.56,11982,688,63476
75887,0.00,-43,42,0,1,57.56,11982,688,63476
75937,0.00,-43,42,0,1,57.56,11982,688,63476
75987,0.00,-43,42,0,1,57.56,11982,688,63476
76037,0.00,-43,42,0,1,57.56,11982,688,63476
76087,0.00,-43,42,0,1,57.56,11982,688,63476
76137,0.00,-43,42,0,1,57.56,11982,688,63476
76187,0.00,-43,42,0,1,57.56,11982,688,63476
76237,0.00,-43,42,0,1,57.56,11982,688,63476
76288,0.00,-43,42,0,1,57.56,11982,688,63476
76338,0.00,-43,42,0,1,57.56,11982,688,63476
76388,0.00,-43,42,0,1,57.56,11982,688,63476
76438,0.00,-43,42,0,1,57.56,11982,688,63476
76488,0.00,-43,42,0,1,57.56,11982,688,63476
76538,0.00,-43,42,0,1,57.56,11982,688,63476
76588,0.00,-43,42,0,1,57.56,11982,688,63476
76638,0.00,-43,42,0,1,57.56,11982,688,63476
76688,0.00,-43,42,0,1,57.56,11982,688,63476
76738,0.00,-43,42,0,1,57.56,11982,688,63476
76788,0.00,-43,42,0,1,57.56,11982,688,63476
76838,0.00,-43,42,0,1,57.56,11982,688,63476
76888,0.00,-43,42,0,1,57.56,11982,688,63476
76938,0.00,-43,42,0,1,57.56,11982,688,63476
76988,0.00,-43,42,0,1,57.56,11982,688,63476
77038,0.00,-43,42,0,1,57.56,11982,688,63476
77088,0.00,-43,42,0,1,57.56,11982,688,63476
77138,0.00,-43,42,0,1,57.56,11982,688,63476
77188,0.00,-43,42,0,1,57.56,11982,688,63476
77238,0.00,-43,42,0,1,57.56,11982,688,63476
77288,0.00,-43,42,0,1,57.56,11982,688,63476
77338,0.00,-43,42,0,1,57.56,11982,688,63476
77388,0.00,-43,42,0,1,57.56,11982,688,63476
77438,0.00,-43,42,0,1,57.56,11982,688,63476
77488,0.00,-43,42,0,1,57.56,11982,688,63476
77538,0.00,-43,42,0,1,57.56,11982,688,63476
77588,0.00,-43,42,0,1,57.56,11982,688,63476
77638,0.00,-43,42,0,1,57.56,11982,688,63476
77688,0.00,-43,42,0,1,57.56,11982,688,63476
77739,0.00,-43,42,0,1,57.56,11982,688,63476
77789,0.00,-43,42,0,1,57.56,11982,688,63476
77839,0.00,-43,42,0,1,57.56,11982,688,63476
77889,0.00,-43,42,0,1,57.56,11982,688,63476
77939,0.00,-43,42,0,1,57.56,11982,688,63476
77989,0.00,-43,42,0,1,57.56,11982,688,63476
78039,0.00,-43,42,0,1,57.56,11982,688,63476
78089,0.00,-43,42,0,1,57.56,11982,688,63476
78139,0.00,-43,42,0,1,57.56,11982,688,63476
78189,0.00,-43,42,0,1,57.56,11982,688,63476
78239,0.00,-43,42,0,1,57.56,11982,688,63476
78289,0.00,-43,42,0,1,57.56,11982,688,63476
78339,0.00,-43,42,0,1,57.56,11982,688,63476
78389,0.00,-43,42,0,1,57.56,11982,688,63476
78439,0.00,-43,42,0,1,57.56,11982,688,63476
78489,0.00,-43,42,0,1,57.56,11982,688,63476
78539,0.00,-43,42,0,1,57.56,11982,688,63476
78589,0.00,-43,42,0,1,57.56,11982,688,63476
78639,0.00,-43,42,0,1,57.56,11982,688,63476
78689,0.00,-43,42,0,1,57.56,11982,688,63476
78739,0.00,-43,42,0,1,57.56,11982,688,63476
78789,0.00,-43,42,0,1,57.56,11982,688,63476
78839,0.00,-43,42,0,1,57.56,11982,688,63476
78889,0.00,-43,42,0,1,57.56,11982,688,63476
78939,0.00,-43,42,0,1,57.56,11982,688,63476
78989,0.00,-43,42,0,1,57.56,11982,688,63476
79039,0.00,-43,42,0,1,57.56,11982,688,63476
79089,0.00,-43,42,0,1,57.56,11982,688,63476
79139,0.00,-43,42,0,1,57.56,11982,688,63476
79190,0.00,-43,42,0,1,57.56,11982,688,63476
79240,0.00,-43,42,0,1,57.56,11982,688,63476
79290,0.00,-43,42,0,1,57.56,11982,688,63476
79340,0.00,-43,42,0,1,57.56,11982,688,63476
79390,0.00,-43,42,0,1,57.56,11982,688,63476
79440,0.00,-43,42,0,1,57.56,11982,688,63476
79490,0.00,-43,42,0,1,57.56,11982,688,63476
79540,0.00,-43,42,0,1,57.56,11982,688,63476
79590,0.00,-43,42,0,1,57.56,11982,688,63476
79640,0.00,-43,42,0,1,57.56,11982,688,63476
79690,0.00,-43,42,0,1,57.56,11982,688,63476
79740,0.00,-43,42,0,1,57.56,11982,688,63476
79790,0.00,-43,42,0,1,57.56,11982,688,63476
79840,0.00,-43,42,0,1,57.56,11982,688,63476
79890,0.00,-43,42,0,1,57.56,11982,688,63476
79940,0.00,-43,42,0,1,57.56,11982,688,63476
79990,0.00,-43,42,0,1,57.56,11982,688,63476
80040,0.00,-43,42,0,1,57.56,11982,688,63476
80090,0.00,-43,42,0,1,57.56,11982,688,63476
80140,0.00,-43,42,0,1,57.56,11982,688,63476
80190,0.00,-43,42,0,1,57.56,11982,688,63476
80240,0.00,-43,42,0,1,57.56,11982,688,63476
80290,0.00,-43,42,0,1,57.56,11982,688,63476
80340,0.00,-43,42,0,1,57.56,11982,688,63476
80390,0.00,-43,42,0,1,57.56,11982,688,63476
80440,0.00,-43,42,0,1,57.56,11982,688,63476
80490,0.00,-43,42,0,1,57.56,11982,688,63476
80540,0.00,-43,42,0,1,57.56,11982,688,63476
80590,0.00,-43,42,0,1,57.56,11982,688,63476
80640,0.00,-43,42,0,1,57.56,11982,688,63476
80690,0.00,-43,42,0,1,57.56,11982,688,63476
80740,0.00,-43,42,0,1,57.56,11982,688,63476
