Microcontroller Governor - Abrupt Load Decrease(1500 W)
Trial: 2
Date: 4-5-2023
Time: 3:34 PM
Ambient Temp: 82
Head Temp: 215.7

------ Microcontroller Engine Governor - Version: 1.16 ------
-------------------------------------------------------------
PID Gains:  Kp: 0.013  KpAlt: 0.025  Kd: 0.100  KdAlt: 4.000
-------------------------------------------------------------
Set RPM:             3600    |  Min RPM:                 300
                             |
RPM Precision:       20      |  PID Kp Alt Range:        70
                             |
Start Steps:         850     |  Max Steps:               1200
                             |
RPM Calc Interval:   1       |  Num Magnets:             1
                             |
LCD Update Interval: 400     |  Serial Update Interval:  50
-------------------------------------------------------------

Time,RPM,Steps Remaining, PID p, PID p Alt, PID d, RPM Change, P Cmd, P Alt Cmd, D Cmd
1736,0.00,0,0,0,0,0.00,0,0,0
1786,0.00,0,0,0,0,0.00,0,0,0
1836,0.00,0,0,0,0,0.00,0,0,0
1886,0.00,0,0,0,0,0.00,0,0,0
1936,0.00,0,0,0,0,0.00,0,0,0
1986,0.00,0,0,0,0,0.00,0,0,0
2036,0.00,0,0,0,0,0.00,0,0,0
2086,0.00,0,0,0,0,0.00,0,0,0
2136,0.00,0,0,0,0,0.00,0,0,0
2186,0.00,0,0,0,0,0.00,0,0,0
2236,0.00,0,0,0,0,0.00,0,0,0
2286,0.00,0,0,0,0,0.00,0,0,0
2336,0.00,0,0,0,0,0.00,0,0,0
2386,0.00,0,0,0,0,0.00,0,0,0
2436,0.00,0,0,0,0,0.00,0,0,0
2486,0.00,0,0,0,0,0.00,0,0,0
2536,0.00,0,0,0,0,0.00,0,0,0
2586,0.00,0,0,0,0,0.00,0,0,0
2636,0.00,0,0,0,0,0.00,0,0,0
2686,0.00,0,0,0,0,0.00,0,0,0
2736,0.00,0,0,0,0,0.00,0,0,0
2786,0.00,0,0,0,0,0.00,0,0,0
2836,0.00,0,0,0,0,0.00,0,0,0
2886,0.00,0,0,0,0,0.00,0,0,0
2936,0.00,0,0,0,0,0.00,0,0,0
2987,0.00,0,0,0,0,0.00,0,0,0
3037,0.00,0,0,0,0,0.00,0,0,0
3087,0.00,0,0,0,0,0.00,0,0,0
3137,0.00,0,0,0,0,0.00,0,0,0
3187,0.00,0,0,0,0,0.00,0,0,0
3237,0.00,0,0,0,0,0.00,0,0,0
3287,0.00,0,0,0,0,0.00,0,0,0
3337,0.00,0,0,0,0,0.00,0,0,0
3387,0.00,0,0,0,0,0.00,0,0,0
3437,0.00,0,0,0,0,0.00,0,0,0
3487,0.00,0,0,0,0,0.00,0,0,0
3537,0.00,0,0,0,0,0.00,0,0,0
3587,0.00,0,0,0,0,0.00,0,0,0
3637,0.00,0,0,0,0,0.00,0,0,0
3687,0.00,0,0,0,0,0.00,0,0,0
3737,0.00,0,0,0,0,0.00,0,0,0
3787,0.00,0,0,0,0,0.00,0,0,0
3837,0.00,0,0,0,0,0.00,0,0,0
3887,0.00,0,0,0,0,0.00,0,0,0
3937,0.00,0,0,0,0,0.00,0,0,0
3987,0.00,0,0,0,0,0.00,0,0,0
4037,0.00,0,0,0,0,0.00,0,0,0
4087,0.00,0,0,0,0,0.00,0,0,0
4137,0.00,0,0,0,0,0.00,0,0,0
4187,0.00,0,0,0,0,0.00,0,0,0
4237,0.00,0,0,0,0,0.00,0,0,0
4287,0.00,0,0,0,0,0.00,0,0,0
4337,0.00,0,0,0,0,0.00,0,0,0
4387,0.00,0,0,0,0,0.00,0,0,0
4438,0.00,0,0,0,0,0.00,0,0,0
4488,0.00,0,0,0,0,0.00,0,0,0
4538,0.00,0,0,0,0,0.00,0,0,0
4588,0.00,0,0,0,0,0.00,0,0,0
4638,0.00,0,0,0,0,0.00,0,0,0
4688,0.00,0,0,0,0,0.00,0,0,0
4738,0.00,0,0,0,0,0.00,0,0,0
4788,0.00,0,0,0,0,0.00,0,0,0
4838,0.00,0,0,0,0,0.00,0,0,0
4888,0.00,0,0,0,0,0.00,0,0,0
4938,0.00,0,0,0,0,0.00,0,0,0
4988,0.00,0,0,0,0,0.00,0,0,0
5038,0.00,0,0,0,0,0.00,0,0,0
5088,0.00,0,0,0,0,0.00,0,0,0
5138,0.00,0,0,0,0,0.00,0,0,0
5188,0.00,0,0,0,0,0.00,0,0,0
5238,0.00,0,0,0,0,0.00,0,0,0
5288,0.00,0,0,0,0,0.00,0,0,0
5338,0.00,0,0,0,0,0.00,0,0,0
5388,0.00,0,0,0,0,0.00,0,0,0
5438,0.00,0,0,0,0,0.00,0,0,0
5488,0.00,0,0,0,0,0.00,0,0,0
5538,0.00,0,0,0,0,0.00,0,0,0
5588,0.00,0,0,0,0,0.00,0,0,0
5638,0.00,0,0,0,0,0.00,0,0,0
5688,0.00,0,0,0,0,0.00,0,0,0
5738,0.00,0,0,0,0,0.00,0,0,0
5788,0.00,0,0,0,0,0.00,0,0,0
5838,0.00,0,0,0,0,0.00,0,0,0
5888,0.00,0,0,0,0,0.00,0,0,0
5938,0.00,0,0,0,0,0.00,0,0,0
5988,0.00,0,0,0,0,0.00,0,0,0
6038,0.00,0,0,0,0,0.00,0,0,0
6088,0.00,0,0,0,0,0.00,0,0,0
6138,0.00,0,0,0,0,0.00,0,0,0
6188,0.00,0,0,0,0,0.00,0,0,0
6238,0.00,0,0,0,0,0.00,0,0,0
6288,0.00,0,0,0,0,0.00,0,0,0
6338,0.00,0,0,0,0,0.00,0,0,0
6388,0.00,0,0,0,0,0.00,0,0,0
6438,0.00,0,0,0,0,0.00,0,0,0
6488,0.00,0,0,0,0,0.00,0,0,0
6538,0.00,0,0,0,0,0.00,0,0,0
6588,0.00,0,0,0,0,0.00,0,0,0
6638,0.00,0,0,0,0,0.00,0,0,0
6688,0.00,0,0,0,0,0.00,0,0,0
6738,0.00,0,0,0,0,0.00,0,0,0
6788,0.00,0,0,0,0,0.00,0,0,0
6838,0.00,0,0,0,0,0.00,0,0,0
6888,0.00,0,0,0,0,0.00,0,0,0
6938,0.00,0,0,0,0,0.00,0,0,0
6988,0.00,0,0,0,0,0.00,0,0,0
7038,0.00,0,0,0,0,0.00,0,0,0
7088,0.00,0,0,0,0,0.00,0,0,0
7138,0.00,0,0,0,0,0.00,0,0,0
7188,0.00,0,0,0,0,0.00,0,0,0
7238,0.00,0,0,0,0,0.00,0,0,0
7288,0.00,0,0,0,0,0.00,0,0,0
7339,0.00,0,0,0,0,0.00,0,0,0
7389,0.00,0,0,0,0,0.00,0,0,0
7439,0.00,0,0,0,0,0.00,0,0,0
7489,0.00,0,0,0,0,0.00,0,0,0
7539,0.00,0,0,0,0,0.00,0,0,0
7589,0.00,0,0,0,0,0.00,0,0,0
7639,0.00,0,0,0,0,0.00,0,0,0
7689,0.00,0,0,0,0,0.00,0,0,0
7739,0.00,0,0,0,0,0.00,0,0,0
7789,0.00,0,0,0,0,0.00,0,0,0
7839,0.00,0,0,0,0,0.00,0,0,0
7889,0.00,0,0,0,0,0.00,0,0,0
7939,0.00,0,0,0,0,0.00,0,0,0
7989,0.00,0,0,0,0,0.00,0,0,0
8039,0.00,0,0,0,0,0.00,0,0,0
8089,0.00,0,0,0,0,0.00,0,0,0
8139,0.00,0,0,0,0,0.00,0,0,0
8189,0.00,0,0,0,0,0.00,0,0,0
8239,0.00,0,0,0,0,0.00,0,0,0
8289,0.00,0,0,0,0,0.00,0,0,0
8339,0.00,0,0,0,0,0.00,0,0,0
8389,0.00,0,0,0,0,0.00,0,0,0
8439,0.00,0,0,0,0,0.00,0,0,0
8489,0.00,0,0,0,0,0.00,0,0,0
8539,0.00,0,0,0,0,0.00,0,0,0
8589,0.00,0,0,0,0,0.00,0,0,0
8639,0.00,0,0,0,0,0.00,0,0,0
8689,0.00,0,0,0,0,0.00,0,0,0
8739,0.00,0,0,0,0,0.00,0,0,0
8790,0.00,0,0,0,0,0.00,0,0,0
8840,0.00,0,0,0,0,0.00,0,0,0
8890,0.00,0,0,0,0,0.00,0,0,0
8940,0.00,0,0,0,0,0.00,0,0,0
8990,0.00,0,0,0,0,0.00,0,0,0
9040,0.00,0,0,0,0,0.00,0,0,0
9090,0.00,0,0,0,0,0.00,0,0,0
9140,0.00,0,0,0,0,0.00,0,0,0
9190,0.00,0,0,0,0,0.00,0,0,0
9240,0.00,0,0,0,0,0.00,0,0,0
9290,0.00,0,0,0,0,0.00,0,0,0
9340,0.00,0,0,0,0,0.00,0,0,0
9390,0.00,0,0,0,0,0.00,0,0,0
9440,0.00,0,0,0,0,0.00,0,0,0
9490,0.00,0,0,0,0,0.00,0,0,0
9540,0.00,0,0,0,0,0.00,0,0,0
9590,0.00,0,0,0,0,0.00,0,0,0
9640,0.00,0,0,0,0,0.00,0,0,0
9690,0.00,0,0,0,0,0.00,0,0,0
9740,0.00,0,0,0,0,0.00,0,0,0
9790,0.00,0,0,0,0,0.00,0,0,0
9840,0.00,0,0,0,0,0.00,0,0,0
9890,0.00,0,0,0,0,0.00,0,0,0
9940,inf,0,0,0,0,inf,0,0,0
9990,inf,0,0,0,0,inf,0,0,0
10040,505.32,39,40,0,0,inf,40,0,0
10090,505.32,0,40,0,0,inf,40,0,0
10140,1002.94,0,33,0,-33,-497.62,73,0,33
10190,934.11,10,34,0,4,68.83,107,0,37
10240,935.45,21,34,0,0,-1.34,141,0,37
10290,935.45,0,34,0,0,-1.34,141,0,37
10340,918.44,0,34,0,1,17.01,175,0,38
10390,1325.91,17,29,0,-9,-104.11,234,0,71
10440,1541.78,0,26,0,-22,-215.87,260,0,93
10490,1552.31,0,26,0,-1,-10.53,286,0,94
10540,1821.05,13,23,0,-1,-10.55,332,0,126
10590,2063.27,17,19,0,-1,-12.41,371,0,157
10640,2249.55,0,17,0,-28,-186.28,388,0,185
10690,2446.18,0,14,0,-28,-177.92,419,0,215
10740,2504.17,40,14,0,28,164.87,460,0,292
10790,2844.14,0,9,0,0,-43.54,479,0,293
10840,2880.18,0,9,0,0,5.54,497,0,293
10890,3117.21,0,6,0,0,-114.81,517,0,293
10940,3225.11,3,4,0,0,6.25,531,0,293
10990,3328.16,0,3,0,0,0.74,537,0,293
11040,3523.61,0,0,0,0,-95.82,541,0,293
11090,3565.49,0,0,0,0,13.61,542,0,293
11140,3709.20,0,-1,0,0,-70.19,543,0,293
11190,3760.34,0,-2,0,0,12.29,548,0,293
11240,3849.11,-1,-3,0,0,26.85,559,0,293
11290,3914.40,0,-4,0,0,-54.39,569,0,293
11340,3888.02,0,-3,0,0,38.68,579,0,293
11390,3849.11,0,-3,0,0,38.91,589,0,293
11440,3799.39,0,-2,0,0,43.80,596,0,293
11490,3784.06,0,-2,0,0,37.60,604,1,295
11540,3810.01,0,-2,0,0,-35.47,610,1,295
11590,3735.99,0,-1,0,0,35.70,615,1,295
11640,3785.01,0,-2,0,0,-36.89,620,1,295
11691,3750.00,0,-1,0,0,45.55,624,1,295
11741,3783.10,0,-2,0,0,-33.10,629,1,295
11791,3711.95,0,-1,0,0,41.80,632,1,295
11841,3698.22,0,-1,0,0,48.03,637,1,304
11891,3747.19,0,-1,0,0,-37.07,640,1,304
11941,3710.12,0,-1,0,0,38.01,643,1,304
11991,3759.40,0,-2,0,0,-48.36,647,1,304
12041,3711.95,0,-1,0,0,47.45,651,1,304
12091,3746.25,0,-1,0,0,-48.03,654,1,304
12141,3688.22,0,-1,0,0,47.77,657,1,304
12191,3700.05,0,-1,0,0,-24.48,659,1,304
12241,3641.66,0,0,-1,0,30.31,659,3,304
12291,3695.49,0,-1,0,0,-54.71,661,4,304
12341,3630.20,0,0,0,0,44.47,661,4,304
12391,3684.60,0,-1,0,0,-42.94,662,5,304
12441,3641.66,0,0,-1,0,32.11,662,6,304
12491,3684.60,0,-1,0,0,-36.74,663,7,304
12541,3651.41,0,0,-1,0,85.51,664,8,304
12591,3675.57,0,0,0,0,274.92,670,8,307
12641,3652.30,0,0,-1,0,272.35,676,9,310
12691,3617.07,0,0,0,0,472.17,687,9,317
12741,3653.19,0,0,-1,0,-38.73,687,11,317
12791,3604.04,0,0,-1,0,-44.80,687,12,317
12841,3629.32,0,0,0,0,-37.37,687,12,317
12891,3593.67,0,0,0,0,-37.33,687,12,317
12941,3601.44,0,0,-1,0,-47.10,687,13,317
12991,3564.64,0,0,0,0,21.30,687,14,317
13041,3590.23,0,0,0,0,24.74,687,14,317
13091,3600.58,0,0,0,0,21.36,687,14,317
13142,3549.46,0,0,1,0,468.76,696,15,323
13192,3502.22,0,1,0,0,377.76,703,15,347
13242,3535.23,0,0,1,0,222.28,707,16,359
13292,3565.49,0,0,0,0,5.09,708,16,359
13342,3521.95,0,1,0,0,32.55,710,17,359
13392,3546.10,0,0,1,0,-24.97,711,19,359
13442,3512.88,0,1,0,0,55.15,713,19,359
13492,3544.42,0,0,1,0,-31.54,714,20,359
13542,3509.59,0,1,0,0,36.51,716,21,359
13592,3555.34,0,0,1,0,-33.39,717,23,359
13642,3509.59,0,1,0,0,47.44,719,24,359
13692,3567.18,0,0,0,0,-46.05,720,25,359
13742,3522.78,0,1,0,0,43.55,722,25,359
13792,3558.72,0,0,1,0,-35.11,722,26,359
13842,3488.37,0,1,0,0,70.35,723,27,359
13892,3544.42,0,0,1,0,-22.47,724,28,359
13942,3521.13,0,1,0,0,34.22,726,29,359
13992,3579.10,0,0,0,0,-56.32,727,29,359
14042,3587.66,0,0,1,0,48.86,727,30,359
14092,3503.04,0,1,0,0,267.70,732,30,374
14142,3581.66,0,-1,0,-3,-161.74,734,30,377
14192,3531.07,0,0,1,0,71.23,734,31,377
14242,3512.06,0,1,0,0,-41.44,737,31,377
14292,3482.70,0,1,0,0,40.91,739,31,377
14342,3545.26,0,0,1,0,-56.89,740,33,377
14392,3498.95,0,1,0,0,46.31,742,34,377
14442,3544.42,0,0,1,0,-34.01,743,36,377
14492,3511.24,0,1,0,0,55.10,745,36,377
14542,3579.10,0,0,0,0,-56.32,746,36,377
14592,3544.42,0,0,1,0,32.11,746,38,377
14642,3587.66,0,0,1,0,41.54,746,39,377
14692,3562.95,0,0,0,0,35.90,746,40,377
14742,3587.66,0,0,1,0,35.51,746,41,377
14792,3568.03,0,0,0,0,32.55,746,41,377
14842,3589.38,0,0,0,0,26.58,746,41,377
14892,3557.03,0,0,1,0,44.41,746,42,377
14942,3623.19,0,0,0,0,-56.01,746,42,377
14992,3582.52,0,0,0,0,-56.03,746,42,377
15042,3629.32,0,0,0,0,-44.24,746,42,377
15092,3604.04,0,0,0,0,-38.23,746,42,377
15142,3653.19,0,0,-1,0,-49.15,746,43,377
15192,3614.46,0,0,-1,0,-56.34,746,44,377
15242,3671.97,0,0,0,0,-53.15,746,44,377
15292,3641.66,0,0,-1,0,32.11,746,45,377
15342,3672.87,0,0,0,0,-33.86,747,45,377
15392,3652.30,0,0,-1,0,31.39,748,47,377
15442,3696.40,0,-1,0,0,-32.50,750,48,377
15492,3662.11,0,0,-1,0,103.90,752,49,380
15542,3700.05,0,-1,0,0,-24.48,754,49,380
15592,3652.30,0,0,-1,0,32.30,755,51,380
15642,3683.69,0,-1,0,0,-31.39,757,52,380
15692,3630.20,0,0,0,0,42.67,757,52,380
15742,3662.11,0,0,-1,0,-35.42,757,54,380
15792,3626.69,0,0,0,0,35.42,757,55,380
15842,3652.30,0,0,-1,0,-36.97,757,57,380
15892,3604.90,0,0,0,0,-19.33,757,57,380
15942,3641.66,0,0,-1,0,-37.62,757,58,380
15992,3604.90,0,0,0,0,-42.75,757,58,380
16043,3633.72,0,0,0,0,-28.82,757,58,380
16093,3591.95,0,0,-1,0,-40.22,757,59,380
16143,3612.72,0,0,0,0,41.41,757,59,380
16193,3563.79,0,0,0,0,35.92,757,59,380
16243,3531.07,0,0,1,0,18.38,757,61,380
16293,3499.77,0,1,0,0,37.13,759,62,380
16343,3545.26,0,0,1,0,-34.02,760,64,380
16393,3520.30,0,1,0,0,14.93,762,65,380
16443,3566.33,0,0,0,0,-55.10,763,66,380
16493,3534.40,0,0,1,0,43.84,764,67,380
16543,3598.85,0,0,1,0,31.29,764,68,380
16593,3555.34,0,0,1,0,30.60,764,70,380
16643,3597.12,0,0,1,0,32.31,764,71,380
16693,3557.87,0,0,1,0,42.70,764,72,380
16743,3587.66,0,0,1,0,32.97,764,73,380
16793,3544.42,0,0,1,0,32.11,764,75,380
16843,3576.54,0,0,0,0,-22.88,764,76,380
16893,3577.39,0,0,0,0,-25.41,764,77,380
16943,3549.46,0,0,1,0,450.54,774,78,386
16993,3592.81,0,0,-1,0,-144.96,775,79,386
17043,3571.43,0,0,0,0,49.14,775,80,386
17093,3624.94,0,0,0,0,-48.40,775,80,386
17143,3582.52,0,0,0,0,-47.82,775,80,386
17193,3626.69,0,0,0,0,18.51,775,81,386
17243,3602.31,0,-1,0,-4,-173.88,776,82,390
17293,3647.86,0,0,-1,0,-52.46,776,84,390
17343,3615.33,0,0,-1,0,-51.90,776,85,390
17393,3648.75,0,0,-1,0,79.81,777,87,395
17443,3502.22,0,1,0,0,367.75,783,87,414
17494,3663.00,0,0,-1,0,329.54,789,88,417
17544,3548.62,0,0,1,0,520.84,799,89,425
17594,3594.54,0,-4,0,-4,-682.24,807,89,430
17644,3501.40,0,1,0,0,369.57,814,89,464
17694,3590.23,0,-1,0,-10,-250.59,816,89,474
17744,3546.94,0,0,1,0,96.49,817,91,474
17794,3597.98,0,0,1,0,33.20,817,92,474
17844,3557.87,0,0,1,0,42.70,817,93,474
17894,3590.23,0,0,0,0,25.57,817,93,474
17944,3562.95,0,0,0,0,24.71,817,94,474
17994,3599.71,0,0,0,0,32.55,817,94,474
18044,3578.24,0,0,0,0,33.60,817,94,474
18094,3624.06,0,0,0,0,-48.38,817,94,474
18144,3571.43,0,0,0,0,51.76,817,94,474
18194,3576.54,0,0,0,0,-31.28,817,95,474
18244,3545.26,0,0,1,0,53.59,817,97,474
18294,3568.03,0,0,0,0,-23.61,817,98,474
18344,3553.66,0,0,1,0,34.00,817,100,474
18394,3587.66,0,0,1,0,22.90,817,101,474
18444,3553.66,0,0,1,0,45.19,817,103,474
18494,3600.58,0,0,0,0,23.86,817,103,474
18544,3573.13,0,0,0,0,25.72,817,103,474
18594,3610.98,0,0,0,0,26.58,817,103,474
18644,3586.80,0,0,0,0,31.02,817,103,474
18694,3635.48,0,0,0,0,-52.96,817,103,474
18744,3593.67,0,0,0,0,-48.78,817,103,474
18794,3650.52,0,0,-1,0,-46.49,817,105,474
18844,3585.94,0,0,-1,0,-46.49,817,105,474
18894,3639.01,0,0,0,0,-46.20,817,105,474
18944,3604.90,0,0,0,0,-31.40,817,105,474
18994,3651.41,0,0,-1,0,-36.08,817,107,474
19044,3615.33,0,0,-1,0,-23.74,817,108,474
19094,3671.07,0,0,0,0,-56.61,817,109,474
19144,3626.69,0,0,0,0,35.42,817,110,474
19194,3643.43,0,0,-1,0,-28.10,817,112,474
19244,3592.81,0,0,-1,0,-35.06,817,113,474
19294,3642.54,0,0,-1,0,-40.24,817,115,474
19344,3602.31,0,0,-1,0,-35.04,817,116,474
19394,3629.32,0,0,0,0,-36.51,817,117,474
19444,3593.67,0,0,0,0,-41.67,817,117,474
19494,3621.44,0,0,0,0,-29.49,817,117,474
19544,3582.52,0,0,0,0,-31.42,817,117,474
19594,3629.32,0,0,0,0,-35.65,817,117,474
19644,3591.95,0,0,0,0,-49.63,817,117,474
19694,3619.69,0,0,0,0,-38.25,817,117,474
19744,3582.52,0,0,0,0,-25.17,817,117,474
19794,3629.32,0,0,0,0,-35.65,817,117,474
19844,3582.52,0,0,0,0,-47.53,817,117,474
19894,3529.41,0,0,0,0,46.27,817,117,474
19944,3568.03,0,0,0,0,47.30,817,118,474
19994,3624.06,0,0,0,0,-46.67,817,118,474
20044,3593.67,0,0,0,0,-45.82,817,118,474
20094,3639.01,0,0,0,0,-45.34,817,118,474
20144,3593.67,0,0,0,0,-39.97,817,118,474
20194,3639.01,0,0,0,0,-46.20,817,118,474
20244,3595.40,0,0,0,0,-46.20,817,118,474
20294,3629.32,0,0,0,0,-36.51,817,118,474
20344,3604.90,0,0,0,0,-32.26,817,118,474
20395,3555.34,0,0,1,0,35.75,817,120,474
20445,3533.57,0,0,1,0,31.07,817,122,474
20495,3575.69,0,0,0,0,-30.42,817,123,474
20545,3470.62,0,1,0,0,28.33,819,124,474
20595,3535.23,0,0,1,0,-54.15,821,125,474
20645,3500.58,0,1,0,0,44.68,823,126,474
20695,3488.37,0,1,0,0,46.03,824,127,474
20745,3548.62,0,0,1,0,461.01,834,128,481
20795,3503.04,0,1,0,0,283.89,840,128,508
20845,3563.79,0,0,0,0,29.02,841,128,508
20895,3545.26,0,0,1,0,33.84,841,130,508
20945,3585.94,0,0,1,0,24.53,841,131,508
20995,3546.10,0,0,1,0,41.56,841,133,508
21045,3600.58,0,0,0,0,23.88,841,133,508
21095,3562.95,0,0,0,0,25.57,841,133,508
21145,3610.98,0,0,0,0,34.24,841,133,508
21195,3575.69,0,0,0,0,44.01,841,133,508
21245,3611.85,0,0,0,0,45.53,841,133,508
21295,3577.39,0,0,0,0,32.72,841,133,508
21345,3624.06,0,0,0,0,-48.38,841,133,508
21395,3593.67,0,0,0,0,-42.36,841,133,508
21445,3639.01,0,0,0,0,-47.06,841,133,508
21495,3603.17,0,0,0,0,-47.06,841,133,508
21545,3648.75,0,0,-1,0,-54.21,841,135,508
21595,3604.04,0,0,-1,0,-35.91,841,136,508
21645,3662.11,0,0,-1,0,-47.65,841,138,508
21695,3615.33,0,0,-1,0,-56.34,841,139,508
21745,3652.30,0,0,-1,0,-36.97,841,141,508
21795,3615.33,0,0,-1,0,-43.93,841,142,508
21846,3651.41,0,0,-1,0,-36.08,841,144,508
21896,3604.04,0,0,-1,0,-35.06,841,145,508
21946,3643.43,0,0,-1,0,-39.39,841,147,508
21996,3602.31,0,0,-1,0,-50.74,841,148,508
22046,3643.43,0,0,-1,0,-35.06,841,149,508
22096,3563.79,0,0,0,0,34.19,841,149,508
22146,3611.85,0,0,0,0,23.95,841,149,508
22196,3575.69,0,0,0,0,24.89,841,149,508
22246,3611.85,0,0,0,0,43.82,841,149,508
22296,3577.39,0,0,0,0,32.72,841,149,508
22346,3587.66,0,0,1,0,31.50,841,150,508
22396,3562.95,0,0,0,0,35.90,841,151,508
22446,3597.98,0,0,1,0,42.72,841,152,508
22496,3558.72,0,0,1,0,50.52,841,154,508
22546,3611.85,0,0,0,0,42.93,841,154,508
22596,3568.03,0,0,0,0,43.82,841,154,508
22646,3611.85,0,0,0,0,32.55,841,154,508
22696,3557.87,0,0,1,0,42.70,841,155,508
22746,3600.58,0,0,0,0,23.17,841,155,508
22796,3573.98,0,0,0,0,24.87,841,155,508
22846,3612.72,0,0,0,0,43.82,841,155,508
22896,3582.52,0,0,0,0,-43.24,841,155,508
22946,3629.32,0,0,0,0,-42.52,841,155,508
22996,3593.67,0,0,0,0,-50.49,841,155,508
23046,3610.98,0,0,0,0,-35.65,841,155,508
23096,3568.88,0,0,0,0,41.23,841,155,508
23146,3610.98,0,0,0,0,41.23,841,155,508
23196,3533.57,0,0,1,0,33.61,841,156,508
23246,3576.54,0,0,0,0,-45.46,841,158,508
23296,3554.50,0,0,1,0,22.04,841,160,508
23346,3587.66,0,0,1,0,23.74,841,161,508
23396,3562.95,0,0,0,0,35.90,841,162,508
23446,3600.58,0,0,0,0,33.41,841,162,508
23496,3577.39,0,0,0,0,32.72,841,162,508
23546,3619.69,0,0,0,0,32.72,841,162,508
23596,3582.52,0,0,0,0,-37.35,841,162,508
23646,3630.20,0,0,0,0,-49.40,841,162,508
23696,3592.81,0,0,0,0,-37.37,841,162,508
23746,3639.01,0,0,0,0,-46.20,841,162,508
23796,3615.33,0,0,0,0,-21.00,841,162,508
23846,3662.11,0,0,-1,0,-59.80,841,164,508
23896,3580.81,0,0,0,0,-32.20,841,164,508
23946,3629.32,0,0,0,0,-45.10,841,164,508
23996,3593.67,0,0,0,0,-50.49,841,164,508
24046,3638.13,0,0,0,0,-45.31,841,164,508
24096,3602.31,0,0,-1,0,-31.57,841,165,508
24146,3642.54,0,0,-1,0,-38.51,841,167,508
24196,3615.33,0,0,-1,0,-46.53,841,168,508
24246,3653.19,0,0,-1,0,-49.15,841,170,508
24296,3615.33,0,0,-1,0,-26.36,841,171,508
24346,3672.87,0,0,0,0,-73.16,841,172,508
24396,3615.33,0,0,-1,0,-38.73,841,173,508
24446,3615.33,0,0,-1,0,-33.42,841,174,508
24496,3581.66,0,0,0,0,-47.69,841,174,508
24546,3600.58,0,0,0,0,35.29,841,174,508
24596,3568.03,0,0,0,0,42.95,841,174,508
24646,3623.19,0,0,0,0,-53.46,841,174,508
24696,3582.52,0,0,0,0,-44.07,841,174,508
24747,3616.20,0,0,0,0,-44.07,841,174,508
24797,3582.52,0,0,0,0,-42.36,841,174,508
24847,3610.11,0,0,0,0,-42.36,841,174,508
24897,3586.80,0,0,0,0,32.72,841,174,508
24947,3610.98,0,0,0,0,-37.26,841,174,508
24997,3568.88,0,0,0,0,42.97,841,174,508
25047,3620.56,0,0,0,0,-33.76,841,174,508
25097,3585.94,0,0,0,0,43.17,841,174,508
25147,3616.20,0,0,0,0,43.17,841,174,508
25197,3586.80,0,0,0,0,43.17,841,174,508
25247,3611.85,0,0,0,0,37.07,841,174,508
25297,3568.03,0,0,0,0,44.69,841,174,508
25347,3574.83,0,0,0,0,-16.11,841,175,508
25397,3545.26,0,0,1,0,30.42,841,177,508
25447,3598.85,0,0,1,0,30.60,841,178,508
25497,3597.98,0,0,1,0,40.13,841,179,508
25547,3571.43,0,0,0,0,471.70,850,179,514
25597,3604.90,0,-5,0,-5,-761.90,859,179,520
25647,3560.41,0,0,0,0,436.39,868,179,525
25697,3603.17,0,-1,0,-5,-175.83,870,179,530
25747,3568.03,0,0,0,0,98.56,871,180,531
25797,3604.90,0,0,0,0,-8.51,871,180,531
25847,3557.87,0,0,1,0,47.03,871,182,531
25897,3599.71,0,0,0,0,18.80,871,182,531
25947,3555.34,0,0,1,0,28.88,871,183,531
25997,3585.94,0,0,1,0,32.33,871,184,531
26047,3545.26,0,0,1,0,31.28,871,186,531
26097,3587.66,0,0,1,0,19.50,871,187,531
26147,3562.95,0,0,0,0,35.90,871,188,531
26198,3600.58,0,0,0,0,27.29,871,188,531
26248,3568.88,0,0,0,0,42.97,871,188,531
26298,3612.72,0,0,0,0,42.10,871,188,531
26348,3577.39,0,0,0,0,42.30,871,188,531
26398,3611.85,0,0,0,0,35.33,871,188,531
26448,3567.18,0,0,0,0,33.39,871,188,531
26498,3610.11,0,0,1,0,51.41,871,189,531
26548,3558.72,0,0,1,0,52.26,871,190,531
26598,3587.66,0,0,1,0,41.54,871,191,531
26648,3553.66,0,0,1,0,45.19,871,193,531
26698,3576.54,0,0,0,0,-31.28,871,194,531
26748,3545.26,0,0,1,0,36.40,871,195,531
26798,3586.80,0,0,1,0,45.53,871,196,531
26848,3562.95,0,0,0,0,24.71,871,197,531
26898,3589.38,0,0,0,0,26.43,871,197,531
26948,3563.79,0,0,0,0,35.06,871,198,531
26998,3598.85,0,0,0,0,33.39,871,198,531
27048,3566.33,0,0,0,0,35.11,871,198,531
27098,3611.85,0,0,0,0,43.80,871,198,531
27148,3581.66,0,0,0,0,-46.81,871,198,531
27198,3612.72,0,0,0,0,49.02,871,198,531
27248,3586.80,0,0,0,0,49.02,871,198,531
27298,3639.01,0,0,0,0,-56.49,871,198,531
27348,3592.81,0,0,0,0,-47.92,871,198,531
27398,3619.69,0,0,0,0,-36.51,871,198,531
27448,3593.67,0,0,0,0,-46.65,871,198,531
27498,3629.32,0,0,0,0,-35.65,871,198,531
27548,3583.37,0,0,0,0,-41.67,871,198,531
27598,3639.01,0,0,0,0,-47.06,871,198,531
27648,3591.09,0,0,-1,0,-49.13,871,199,531
27698,3610.98,0,0,0,0,49.04,871,199,531
27748,3576.54,0,0,0,0,35.31,871,199,531
27798,3609.24,0,0,0,0,-45.78,871,199,531
27848,3555.34,0,0,1,0,32.31,871,200,531
27898,3600.58,0,0,0,0,22.16,871,200,531
27948,3576.54,0,0,0,0,35.31,871,200,531
27998,3568.88,0,0,0,0,42.97,871,200,531
28048,3605.77,0,-5,0,-5,-828.78,880,200,537
28098,3571.43,0,0,0,0,465.17,889,200,543
28148,3616.20,0,-5,0,-5,-710.33,898,200,549
28198,3571.43,0,0,0,0,451.10,907,200,555
28248,3605.77,0,-4,0,-4,-686.53,915,200,560
28298,3569.73,0,0,0,0,133.06,917,200,568
28348,3592.81,0,0,-1,0,-114.24,917,202,568
28398,3557.87,0,0,1,0,43.57,917,204,568
28448,3597.12,0,0,1,0,46.94,917,205,568
28498,3555.34,0,0,1,0,38.33,917,206,568
28548,3590.23,0,0,0,0,12.81,917,206,568
28598,3562.95,0,0,0,0,24.71,917,207,568
28648,3576.54,0,0,0,0,-22.04,917,208,568
28698,3553.66,0,0,1,0,34.00,917,210,568
28748,3587.66,0,0,1,0,33.82,917,211,568
28798,3546.10,0,0,1,0,43.28,917,213,568
28848,3608.37,0,0,1,0,43.50,917,214,568
28898,3555.34,0,0,1,0,41.78,917,216,568
28948,3587.66,0,0,1,0,19.50,917,217,568
28998,3562.95,0,0,0,0,35.90,917,218,568
29048,3611.85,0,0,0,0,34.26,917,218,568
29099,3578.24,0,0,0,0,32.73,917,218,568
29149,3630.20,0,0,0,0,-48.54,917,218,568
29199,3582.52,0,0,0,0,-34.72,917,218,568
29249,3628.45,0,0,0,0,-34.77,917,218,568
29299,3604.90,0,0,0,0,-49.63,917,218,568
29349,3633.72,0,0,0,0,-28.82,917,218,568
29399,3604.04,0,0,0,0,-40.16,917,218,568
29449,3633.72,0,0,0,0,-28.82,917,218,568
29499,3603.17,0,0,0,0,-50.52,917,218,568
29549,3642.54,0,0,-1,0,-38.51,917,219,568
29599,3604.90,0,0,0,0,-33.26,917,219,568
29649,3639.01,0,0,0,0,-46.20,917,219,568
29699,3592.81,0,0,-1,0,-41.12,917,220,568
29749,3643.43,0,0,-1,0,-39.39,917,222,568
29799,3603.17,0,0,-1,0,-53.35,917,223,568
29849,3633.72,0,0,0,0,-28.82,917,223,568
29899,3592.81,0,0,-1,0,-50.84,917,224,568
29949,3633.72,0,0,0,0,-31.42,917,225,568
29999,3680.98,0,-1,0,0,-116.34,918,225,568
30049,3590.23,0,0,0,0,48.14,918,225,568
30099,3556.19,0,0,1,0,19.50,918,227,568
30149,3610.98,0,0,1,0,33.17,918,228,568
30199,3563.79,0,0,0,0,25.58,918,228,568
30249,3600.58,0,0,0,0,32.55,918,228,568
30299,3578.24,0,0,0,0,31.86,918,228,568
30349,3600.58,0,0,0,0,35.31,918,228,568
30399,3588.52,0,0,1,0,4.22,918,229,568
30449,3608.37,0,0,1,0,45.32,918,230,568
30499,3575.69,0,0,0,0,36.16,918,230,568
30550,3622.31,0,0,0,0,-44.92,918,230,568
30600,3581.66,0,0,0,0,-45.80,918,230,568
30650,3618.82,0,0,0,0,-38.90,918,230,568
30700,3585.09,0,0,0,0,49.09,918,230,568
30750,3628.45,0,0,0,0,-33.05,918,230,568
30800,3604.90,0,0,0,0,-38.21,918,230,568
30850,3612.72,0,0,0,0,27.51,918,230,568
30900,3575.69,0,0,0,0,26.62,918,230,568
30950,3610.98,0,0,0,0,24.04,918,230,568
31000,3585.09,0,0,0,0,24.04,918,230,568
31050,3628.45,0,0,0,0,-34.77,918,230,568
31100,3593.67,0,0,0,0,-40.81,918,230,568
31150,3633.72,0,0,0,0,-28.82,918,230,568
31200,3604.90,0,0,-1,0,-29.81,918,231,568
31250,3652.30,0,0,-1,0,-48.26,918,233,568
31300,3604.04,0,0,-1,0,-46.55,918,234,568
31350,3642.54,0,0,-1,0,-41.10,918,236,568
31400,3604.04,0,0,-1,0,-35.93,918,237,568
31450,3624.06,0,0,0,0,-19.16,918,237,568
31500,3582.52,0,0,0,0,-31.19,918,237,568
31550,3610.98,0,0,0,0,26.58,918,237,568
31600,3584.23,0,0,0,0,39.55,918,237,568
31650,3612.72,0,0,0,0,34.46,918,237,568
31700,3582.52,0,0,0,0,-32.05,918,237,568
31750,3629.32,0,0,0,0,-42.52,918,237,568
31800,3586.80,0,0,0,0,-42.52,918,237,568
31850,3630.20,0,0,0,0,-47.69,918,237,568
31900,3594.54,0,0,0,0,-48.78,918,237,568
31950,3629.32,0,0,0,0,-37.37,918,237,568
32000,3591.95,0,0,-1,0,-41.97,918,238,568
32050,3643.43,0,0,-1,0,-38.53,918,239,568
32100,3520.30,0,1,0,0,35.04,919,240,568
32150,3575.69,0,0,0,0,-43.78,919,242,568
32200,3534.40,0,0,1,0,40.43,919,244,568
32250,3574.83,0,0,0,0,-29.57,919,245,568
32300,3555.34,0,0,1,0,31.46,919,247,568
32350,3600.58,0,0,0,0,22.16,919,247,568
32400,3600.58,0,0,0,0,40.17,919,247,568
32450,3571.43,0,0,0,0,542.67,930,247,575
32500,3583.37,0,-6,0,-6,-886.80,941,247,582
32550,3549.46,0,0,1,0,489.32,950,248,587
32600,3501.40,0,1,0,0,352.66,958,248,610
32650,3535.23,0,0,1,0,44.72,958,249,610
32700,3563.79,0,0,0,0,-25.22,958,250,610
32750,3520.30,0,1,0,0,35.89,960,251,610
32800,3557.87,0,0,1,0,-48.28,961,253,610
32850,3521.95,0,1,0,0,23.31,963,254,610
32900,3568.03,0,0,0,0,-46.90,964,255,610
32950,3532.74,0,0,1,0,32.75,964,257,610
33000,3574.83,0,0,0,0,-42.10,964,258,610
33050,3537.74,0,0,1,0,48.21,964,260,610
33100,3586.80,0,0,1,0,38.99,964,261,610
33150,3555.34,0,0,1,0,30.60,964,263,610
33200,3541.08,0,0,1,0,21.87,964,264,610
33250,3568.03,0,0,0,0,36.87,964,264,610
33300,3611.85,0,0,0,0,36.20,964,264,610
33350,3585.94,0,0,0,0,36.20,964,264,610
33400,3620.56,0,0,0,0,-38.05,964,264,610
33451,3582.52,0,0,0,0,-57.24,964,264,610
33501,3619.69,0,0,0,0,-56.49,964,264,610
33551,3586.80,0,0,0,0,51.66,964,264,610
33601,3619.69,0,0,0,0,-36.39,964,264,610
33651,3593.67,0,0,0,0,-49.21,964,264,610
33701,3639.01,0,0,0,0,-45.34,964,264,610
33751,3555.34,0,0,1,0,34.89,964,265,610
33801,3609.24,0,0,1,0,42.64,964,266,610
33851,3576.54,0,0,0,0,35.31,964,266,610
33901,3598.85,0,0,1,0,44.09,964,267,610
33951,3563.79,0,0,0,0,34.19,964,268,610
34001,3611.85,0,0,0,0,31.86,964,268,610
34051,3577.39,0,0,0,0,35.33,964,268,610
34101,3629.32,0,0,0,0,-46.81,964,268,610
34151,3583.37,0,0,0,0,-40.81,964,268,610
34201,3612.72,0,0,0,0,31.85,964,268,610
34251,3582.52,0,0,0,0,-52.61,964,268,610
34301,3619.69,0,0,0,0,-45.05,964,268,610
34351,3582.52,0,0,0,0,-58.09,964,268,610
34401,3633.72,0,0,0,0,-29.68,964,268,610
34451,3602.31,0,0,-1,0,-40.24,964,269,610
34501,3653.19,0,0,-1,0,-38.73,964,271,610
34551,3613.59,0,0,-1,0,-44.80,964,272,610
34601,3642.54,0,0,-1,0,-38.51,964,274,610
34651,3604.90,0,0,0,0,-42.73,964,274,610
34701,3604.90,0,0,-1,0,-50.07,964,275,610
34751,3568.03,0,0,0,0,42.95,964,275,610
34801,3612.72,0,0,0,0,37.90,964,275,610
34851,3578.24,0,0,0,0,31.00,964,275,610
34902,3611.85,0,0,0,0,46.41,964,275,610
34952,3568.03,0,0,0,0,44.69,964,275,610
35002,3611.85,0,0,0,0,51.76,964,275,610
35052,3582.52,0,0,0,0,-32.05,964,275,610
35102,3620.56,0,0,0,0,-38.05,964,275,610
35152,3582.52,0,0,0,0,-45.82,964,275,610
35202,3610.98,0,0,0,0,-45.82,964,275,610
35252,3568.03,0,0,0,0,33.41,964,275,610
35302,3623.19,0,0,0,0,-44.94,964,275,610
35352,3582.52,0,0,0,0,-57.21,964,275,610
35402,3629.32,0,0,0,0,-35.65,964,275,610
35452,3582.52,0,0,0,0,-48.75,964,275,610
35502,3521.95,0,1,0,0,31.71,965,276,610
35552,3578.24,0,0,0,0,131.87,968,276,623
35602,3521.13,0,1,0,0,38.44,970,277,623
35652,3544.42,0,0,1,0,-31.54,971,279,623
35702,3521.13,0,1,0,0,35.90,973,280,623
35752,3576.54,0,0,0,0,-45.46,973,282,623
35802,3534.40,0,0,1,0,36.18,973,283,623
35852,3574.83,0,0,0,0,-40.43,973,284,623
35902,3546.10,0,0,1,0,40.70,973,286,623
35952,3509.59,0,1,0,0,36.51,974,287,623
36002,3488.37,0,1,0,0,46.86,976,288,623
36052,3557.03,0,0,1,0,-56.45,977,290,623
36102,3531.07,0,0,1,0,27.65,977,292,623
36152,3587.66,0,0,1,0,33.80,977,293,623
36202,3572.28,0,0,0,0,26.57,977,294,623
36252,3622.31,0,0,0,0,-54.28,977,294,623
36302,3585.09,0,0,0,0,44.07,977,294,623
36352,3629.32,0,0,0,0,-35.65,977,294,623
36402,3593.67,0,0,0,0,-50.49,977,294,623
36452,3652.30,0,0,-1,0,-48.26,977,296,623
36502,3618.82,0,0,0,0,-52.28,977,296,623
36552,3673.77,0,0,0,0,-47.08,977,297,623
36602,3641.66,0,0,-1,0,32.11,977,298,623
36652,3684.60,0,-1,0,0,-33.19,979,299,623
36702,3604.90,0,0,0,0,7.03,979,299,623
36752,3639.01,0,0,0,0,-45.34,979,299,623
36802,3603.17,0,0,-1,0,-51.72,979,300,623
36852,3633.72,0,0,0,0,-31.42,979,300,623
36902,3602.31,0,0,0,0,-39.30,979,300,623
36952,3643.43,0,0,-1,0,-40.26,979,302,623
37002,3615.33,0,0,-1,0,-47.40,979,303,623
37052,3653.19,0,0,-1,0,-49.15,979,305,623
37102,3615.33,0,0,-1,0,-46.53,979,306,623
37152,3652.30,0,0,-1,0,-37.84,979,308,623
37202,3593.67,0,0,0,0,-16.56,979,308,623
37252,3634.60,0,0,0,0,-40.93,979,308,623
37302,3603.17,0,0,-1,0,-39.34,979,309,623
37352,3638.13,0,0,0,0,-44.45,979,309,623
37402,3586.80,0,0,0,0,-44.45,979,309,623
37452,3630.20,0,0,0,0,-43.40,979,309,623
37502,3593.67,0,0,0,0,-39.09,979,309,623
37552,3582.52,0,0,0,0,-45.34,979,309,623
37602,3553.66,0,0,1,0,45.19,979,311,623
37652,3590.23,0,0,0,0,22.15,979,311,623
37702,3573.13,0,0,0,0,26.58,979,311,623
37752,3623.19,0,0,0,0,-51.76,979,311,623
37803,3577.39,0,0,0,0,24.05,979,311,623
37853,3629.32,0,0,0,0,-46.81,979,311,623
37903,3582.52,0,0,0,0,-46.65,979,311,623
37953,3612.72,0,0,0,0,51.66,979,311,623
38003,3593.67,0,0,0,0,-44.09,979,311,623
38053,3631.96,0,0,0,0,-27.06,979,311,623
38103,3594.54,0,0,0,0,-36.48,979,311,623
38153,3591.95,0,0,0,0,-33.03,979,311,623
38203,3520.30,0,1,0,0,34.20,980,313,623
38253,3579.10,0,0,0,0,-56.32,981,313,623
38303,3544.42,0,0,1,0,21.06,981,315,623
38353,3587.66,0,0,1,0,32.97,981,316,623
38403,3554.50,0,0,1,0,44.35,981,318,623
38453,3612.72,0,0,0,0,35.90,981,318,623
38503,3583.37,0,0,0,0,-49.18,981,318,623
38553,3611.85,0,0,0,0,58.75,981,318,623
38603,3593.67,0,0,0,0,-46.79,981,318,623
38653,3639.01,0,0,0,0,-46.20,981,318,623
38703,3603.17,0,0,0,0,-31.42,981,318,623
38753,3643.43,0,0,-1,0,-28.10,981,320,623
38803,3604.04,0,0,-1,0,-34.17,981,321,623
38853,3660.32,0,0,-1,0,-44.99,981,323,623
38903,3626.69,0,0,0,0,36.31,981,324,623
38953,3673.77,0,0,0,0,-35.64,981,325,623
39003,3630.20,0,0,0,0,43.57,981,325,623
39053,3650.52,0,0,-1,0,-25.58,981,327,623
39103,3625.82,0,0,0,0,23.82,981,328,623
39153,3623.19,0,0,0,0,-20.88,981,329,623
39203,3592.81,0,0,0,0,-39.09,981,329,623
39254,3634.60,0,0,0,0,-40.93,981,329,623
39304,3604.90,0,0,0,0,-28.74,981,329,623
39354,3633.72,0,0,0,0,-30.55,981,329,623
39404,3602.31,0,0,-1,0,-48.15,981,330,623
39454,3633.72,0,0,0,0,-29.68,981,331,623
39504,3521.95,0,1,0,0,51.18,982,331,623
39554,3568.03,0,0,0,0,-46.90,983,332,623
39604,3534.40,0,0,1,0,41.28,983,334,623
39654,3569.73,0,0,0,0,-60.14,984,335,623
39704,3533.57,0,0,1,0,45.53,985,336,623
39754,3587.66,0,0,1,0,31.26,985,337,623
39804,3587.66,0,0,1,0,40.72,985,338,623
39854,3571.43,0,0,0,0,484.82,995,338,629
39904,3601.44,0,-2,0,-13,-334.15,999,338,642
39954,3566.33,0,0,0,0,183.67,1002,338,654
40004,3616.20,0,0,0,-4,-173.75,1003,338,658
40054,3569.73,0,0,0,0,111.25,1005,338,662
40104,3592.81,0,0,-1,0,-90.70,1005,340,662
40154,3573.13,0,0,0,0,26.58,1005,340,662
40204,3598.85,0,0,0,0,28.20,1005,340,662
40254,3567.18,0,0,0,0,44.66,1005,340,662
40304,3598.85,0,0,1,0,22.90,1005,341,662
40354,3555.34,0,0,1,0,21.19,1005,343,662
40404,3745.32,0,-1,0,0,6103.66,2177,343,26435
40454,3625.82,0,0,0,0,23.82,2177,345,26435
40504,3695.49,0,-1,0,0,-31.59,2179,346,26435
40554,3699.14,0,-1,0,0,40.58,2181,346,26435
40604,3735.99,0,-1,0,0,24.35,2184,346,26435
40654,3770.74,0,-2,0,0,25.77,2198,346,26456
40704,3772.64,0,-2,0,0,11.42,2203,346,26456
40754,3810.98,0,-2,0,0,-12.55,2209,346,26456
40804,3811.94,0,-2,0,0,37.17,2216,346,26456
40854,3821.66,0,-2,0,0,-23.23,2222,346,26456
40904,3736.92,0,-1,0,0,34.77,2227,346,26456
40954,3760.34,0,-2,0,0,-16.89,2232,346,26456
41004,3758.46,-1,-2,0,0,-25.26,2244,346,26461
41054,3737.85,0,-1,0,0,32.89,2248,346,26461
41104,3785.97,0,-2,0,0,-23.74,2254,346,26461
41154,3711.03,0,-1,0,0,24.96,2257,346,26461
41204,3700.05,0,-1,0,0,-25.38,2259,346,26461
41254,3663.00,0,0,-1,0,24.31,2261,347,26461
41304,3596.26,0,0,0,0,28.40,2261,347,26461
41354,3596.26,0,0,0,0,24.83,2261,347,26461
41404,3614.46,0,0,0,0,-29.56,2261,347,26461
41454,3575.69,0,0,0,0,35.29,2261,347,26461
41504,3563.79,0,0,0,0,-32.72,2261,349,26461
41554,3491.62,0,1,0,0,17.97,2263,350,26461
41604,3523.61,0,0,0,0,-41.71,2265,350,26461
41654,3503.04,0,1,0,0,19.74,2268,350,26461
41704,3547.78,0,0,1,0,-20.85,2268,351,26461
41754,3545.26,0,0,1,0,35.55,2268,352,26461
41804,3598.85,0,0,1,0,20.34,2268,353,26461
41854,3577.39,0,0,0,0,33.59,2268,353,26461
41904,3543.59,0,0,1,0,10.92,2268,355,26461
41954,3601.44,0,-1,0,-13,-325.35,2271,355,26474
42004,3591.95,0,-2,0,-12,-311.77,2274,355,26486
42054,3624.94,0,0,0,0,159.12,2277,355,26498
42104,3568.88,0,0,0,0,286.17,2282,355,26515
42155,3627.57,0,0,0,0,402.52,2289,355,26519
42205,3549.46,0,0,1,0,476.31,2298,356,26526
42255,3584.23,0,-3,0,-4,-608.24,2304,356,26531
42305,3501.40,0,1,0,0,319.28,2310,356,26549
42355,3581.66,0,-1,0,-7,-204.95,2312,356,26556
42405,3501.40,0,1,0,0,73.43,2314,356,26556
42455,3449.07,0,1,0,0,15.93,2317,356,26556
42505,3428.57,0,2,0,0,23.67,2322,356,26556
42555,3408.32,0,2,0,0,-29.18,2328,356,26556
42605,3337.78,1,3,0,0,21.68,2336,356,26556
42655,3337.78,0,3,0,0,19.42,2342,356,26556
42705,3398.28,0,2,0,0,40.51,2350,356,26556
42755,3398.28,0,2,0,0,9.26,2357,356,26556
42805,3439.58,0,2,0,0,-20.39,2363,356,26556
42855,3438.79,0,2,0,0,21.42,2368,356,26556
42905,3512.88,0,1,0,0,-41.46,2371,356,26556
42955,3509.59,0,1,0,0,24.81,2373,357,26556
43005,3587.66,0,0,1,0,21.91,2373,358,26556
43055,3587.66,0,0,1,0,28.10,2373,359,26556
43105,3584.23,0,-4,0,-4,-636.87,2380,359,26571
43155,3652.30,0,0,-1,0,307.57,2387,360,26586
43205,3694.58,0,-1,0,0,-44.06,2399,361,26594
43255,3687.32,0,-1,0,0,20.05,2401,362,26594
43305,3722.08,0,-1,0,0,-10.13,2404,362,26594
43355,3722.08,0,-1,0,0,24.17,2407,362,26594
43405,3771.69,0,-2,0,0,-35.70,2412,362,26594
43455,3773.58,0,-2,0,0,35.46,2418,362,26594
43505,3760.34,0,-2,0,0,14.19,2424,362,26594
43555,3748.13,0,-1,0,0,36.89,2428,362,26594
43606,3748.13,0,-1,0,0,12.21,2433,362,26594
43656,3744.38,0,-1,0,0,-34.27,2443,362,26598
43706,3778.34,0,-2,0,0,-122.48,2446,363,26598
43756,3683.69,0,-1,0,0,-20.69,2448,364,26598
43806,3624.94,0,0,0,0,35.38,2448,366,26598
43856,3653.19,0,0,-1,0,-36.99,2448,367,26598
43906,3613.59,0,0,-1,0,-35.25,2448,368,26598
43956,3600.58,0,0,0,0,36.87,2448,368,26598
44006,3573.98,0,0,0,0,17.11,2448,368,26598
44056,3556.19,0,0,1,0,16.09,2448,369,26598
44106,3546.94,0,0,1,0,20.24,2449,370,26598
44156,3531.90,0,0,1,0,14.19,2449,372,26598
44206,3546.94,0,0,1,0,-37.35,2450,373,26598
44256,3507.95,0,1,0,0,474.00,2460,373,26604
44306,3557.03,0,0,1,0,183.62,2464,374,26619
44356,3520.30,0,1,0,0,37.57,2466,375,26619
44406,3513.70,0,1,0,0,-29.38,2469,375,26619
44456,3498.95,0,1,0,0,35.45,2471,376,26619
44506,3524.44,0,0,0,0,-14.84,2472,377,26619
44556,3501.40,0,1,0,0,12.30,2475,377,26619
44606,3535.23,0,0,1,0,-35.47,2476,379,26619
44656,3542.75,0,0,1,0,14.28,2477,381,26619
44706,3589.38,0,0,0,0,23.86,2477,381,26619
44756,3586.80,0,0,0,0,21.35,2477,381,26619
44806,3624.06,0,0,0,0,-18.29,2477,381,26619
44856,3564.64,0,0,0,0,21.30,2477,381,26619
44906,3613.59,0,0,0,0,17.10,2477,381,26619
44956,3627.57,0,0,0,0,11.44,2477,381,26619
45006,3662.11,0,0,-1,0,-37.17,2477,383,26619
45056,3628.45,0,0,0,0,10.56,2477,383,26619
45106,3695.49,0,-1,0,0,-45.86,2478,385,26619
45156,3652.30,0,0,-1,0,31.39,2479,387,26619
45206,3638.13,0,0,0,0,-1.76,2479,388,26619
45256,3638.13,0,0,0,0,23.09,2479,389,26619
45306,3617.94,0,0,0,0,23.09,2479,389,26619
45356,3626.69,0,0,0,0,22.05,2479,390,26619
45406,3672.87,0,0,0,0,-23.23,2479,392,26619
45456,3603.17,0,0,0,0,21.17,2479,393,26619
45506,3572.28,0,0,0,0,21.40,2479,393,26619
45556,3573.98,0,0,0,0,11.96,2479,394,26619
45606,3600.58,0,0,0,0,26.43,2479,394,26619
45656,3542.75,0,0,1,0,12.60,2479,396,26619
45706,3587.66,0,0,1,0,9.29,2479,397,26619
45756,3552.82,0,0,1,0,3.37,2479,399,26619
45806,3598.85,0,0,1,0,9.29,2479,400,26619
45856,3596.26,0,0,0,0,28.27,2479,400,26619
45906,3582.52,0,0,0,0,28.27,2479,400,26619
45956,3572.28,0,0,0,0,17.96,2479,400,26619
46006,3630.20,0,0,0,0,-43.40,2479,400,26619
46056,3562.95,0,0,0,0,32.45,2479,400,26619
46106,3629.32,0,0,0,0,-37.37,2479,400,26619
46156,3615.33,0,0,-1,0,-41.97,2479,401,26619
46206,3653.19,0,0,-1,0,-39.60,2479,403,26619
46256,3638.13,0,0,0,0,23.98,2479,404,26619
46306,3648.75,0,0,-1,0,-7.09,2479,406,26619
46356,3626.69,0,0,0,0,23.83,2479,407,26619
46406,3610.98,0,0,0,0,23.83,2479,407,26619
46456,3604.90,0,0,0,0,-54.78,2479,407,26619
46507,3610.98,0,0,0,0,-54.78,2479,407,26619
46557,3585.94,0,0,0,0,-54.78,2479,407,26619
46607,3604.04,0,0,0,0,-46.02,2479,407,26619
46657,3581.66,0,0,0,0,-46.02,2479,407,26619
46707,3648.75,0,0,-1,0,-55.07,2479,408,26619
46757,3626.69,0,0,0,0,26.50,2479,409,26619
46807,3619.69,0,0,0,0,26.50,2479,409,26619
46857,3604.90,0,0,0,0,-42.73,2479,409,26619
46907,3594.54,0,0,-1,0,-42.96,2479,410,26619
46957,3555.34,0,0,1,0,11.84,2479,411,26619
47007,3611.85,0,0,0,0,25.71,2479,411,26619
47057,3604.90,0,0,0,0,-34.76,2479,411,26619
47107,3531.07,0,0,1,0,23.43,2479,413,26619
47157,3545.26,0,0,1,0,21.92,2480,414,26619
47207,3587.66,0,0,0,0,21.30,2480,414,26619
47257,3744.38,0,-1,0,0,39987.40,3002,414,35069
47307,3619.69,0,-2,0,0,-19.73,3004,414,35069
47357,3604.90,0,-2,0,0,-19.73,3004,414,35069
47407,3581.66,0,0,0,0,-20.04,3004,414,35069
47457,3567.18,0,0,0,0,8.50,3004,415,35069
47507,3601.44,0,0,0,0,8.50,3004,415,35069
47557,3583.37,0,0,0,0,24.90,3004,415,35069
47607,3577.39,0,0,0,0,38.81,3004,415,35069
47657,3991.48,0,-5,0,0,24257.10,3339,415,35076
47707,3501.40,0,1,0,0,390.66,3346,415,35125
47757,3591.95,0,0,-1,0,17.07,3347,416,35130
47807,3593.67,0,0,0,0,-64.38,3347,417,35130
47857,3616.20,0,0,0,0,-39.80,3347,417,35130
47907,3581.66,0,0,-1,0,-82.26,3347,418,35130
47958,3521.13,0,1,0,0,32.53,3348,419,35130
48008,3521.13,0,1,0,0,35.90,3350,420,35130
48058,3490.81,0,1,0,0,31.15,3352,421,35130
48108,3480.28,0,1,0,0,21.94,3355,421,35130
48158,3544.42,0,0,1,0,-48.73,3356,422,35130
48208,3520.30,0,1,0,0,14.93,3358,423,35130
48258,3559.56,0,0,1,0,186.69,4027,424,44250
48308,3531.90,0,0,1,0,15.03,4028,426,44250
48358,3576.54,0,0,0,0,-45.46,4028,428,44250
48408,3545.26,0,0,1,0,18.53,4028,430,44250
48458,3611.85,0,0,0,0,22.16,4028,430,44250
48508,3573.98,0,0,0,0,18.83,4028,430,44250
48558,3643.43,0,0,-1,0,-40.26,4028,431,44250
48608,3649.63,0,0,-1,0,13.37,4028,433,44250
48658,3695.49,0,-1,0,0,-46.74,4029,435,44250
48708,3616.20,0,0,0,0,30.05,4029,436,44250
48758,3672.87,0,0,0,0,-47.93,4029,437,44250
48808,3615.33,0,0,0,0,9.68,4029,437,44250
48858,3662.11,0,0,-1,0,-46.78,4029,438,44250
48908,3652.30,0,0,-1,0,32.30,4030,439,44250
48958,3652.30,0,0,-1,0,-45.66,4030,440,44250
49008,3649.63,0,0,-1,0,12.47,4030,442,44250
49058,3626.69,0,0,0,0,24.72,4031,443,44250
49108,3614.46,0,0,-1,0,-27.20,4031,444,44250
49158,3661.22,0,0,-1,0,-23.09,4031,446,44250
49208,3596.26,0,0,0,0,31.01,4031,446,44250
49258,3611.85,0,0,0,0,16.24,4031,446,44250
49308,3587.66,0,0,0,0,16.24,4031,446,44250
49358,3635.48,0,0,0,0,-60.65,4031,446,44250
49408,3582.52,0,0,0,0,-60.65,4031,446,44250
49458,3639.01,0,0,0,0,-47.06,4031,446,44250
49508,3614.46,0,0,0,0,-21.76,4031,446,44250
49558,3662.11,0,0,-1,0,-45.91,4031,447,44250
49608,3603.17,0,0,0,0,-16.65,4031,447,44250
49658,3600.58,0,0,0,0,28.28,4031,447,44250
49708,3543.59,0,0,1,0,10.92,4031,449,44250
49758,3581.66,0,0,1,0,13.50,4031,450,44250
49808,3564.64,0,0,0,0,23.02,4031,451,44250
49858,3568.03,0,0,0,0,-46.90,4032,452,44250
49908,3554.50,0,0,1,0,32.30,4032,454,44250
49958,3587.66,0,0,0,0,26.58,4032,454,44250
50008,3510.41,0,1,0,0,34.01,4033,455,44250
50058,3568.03,0,0,0,0,-46.90,4034,456,44250
50108,3556.19,0,0,1,0,20.35,4034,458,44250
50158,3601.44,0,0,0,0,17.91,4034,458,44250
50208,3593.67,0,0,0,0,-38.05,4034,458,44250
50258,3573.13,0,0,0,0,13.67,4034,458,44250
50308,3589.38,0,0,0,0,8.49,4034,458,44250
50358,3501.40,0,1,0,0,339.83,4041,458,44269
50408,3501.40,0,1,0,0,393.69,4046,458,44287
50458,3639.89,0,0,0,0,407.60,4053,458,44291
50508,3614.46,0,0,0,0,527.66,4065,458,44299
50558,3742.51,-8,-1,0,-8,-227.16,4067,459,44307
50608,3626.69,0,0,0,0,26.50,4067,460,44307
50658,3673.77,0,0,0,0,-33.88,4067,460,44307
50708,3641.66,0,0,-1,0,32.11,4067,461,44307
50758,3641.66,0,0,-1,0,-37.62,4067,462,44307
50808,3603.17,0,0,-1,0,-36.79,4067,463,44307
50859,3578.24,0,0,0,0,37.08,4067,463,44307
50909,3577.39,0,0,0,0,23.19,4067,463,44307
50959,3624.94,0,0,0,0,-28.68,4067,463,44307
51009,3544.42,0,0,1,0,29.56,4067,464,44307
51059,3534.40,0,0,1,0,-32.18,4069,465,44307
51109,3546.10,0,0,1,0,-29.10,4070,466,44307
51159,3538.57,0,0,1,0,511.11,4080,467,44314
51209,3568.88,0,0,0,0,67.48,4081,467,44317
51259,3563.79,0,0,0,0,18.73,4081,468,44317
51309,3611.85,0,0,0,0,38.72,4081,468,44317
51359,3583.37,0,0,0,0,-50.13,4081,468,44317
51409,3600.58,0,0,0,0,19.58,4081,468,44317
51459,3582.52,0,0,0,0,-45.80,4081,468,44317
51509,3609.24,0,0,1,0,19.50,4081,469,44317
51559,3603.17,0,0,0,0,-47.50,4081,469,44317
51609,3643.43,0,0,-1,0,-28.97,4081,471,44317
51659,3636.36,0,0,0,0,23.96,4081,472,44317
51709,3695.49,0,-1,0,0,-47.63,4083,473,44317
51759,3676.47,0,0,0,0,66.98,4084,473,44317
51809,3688.22,0,-1,0,0,28.33,4086,473,44317
51859,3733.20,0,-1,0,0,-46.79,4095,473,44321
51909,3649.63,0,0,-1,0,13.37,4096,475,44321
51959,3672.87,0,0,0,0,-34.74,4096,476,44321
52009,3652.30,0,0,-1,0,31.39,4097,478,44321
52059,3604.90,0,0,0,0,18.58,4097,478,44321
52109,3577.39,0,0,0,0,33.59,4097,478,44321
52159,3485.94,0,1,0,0,46.80,4098,479,44321
52209,3532.74,0,0,1,0,31.90,4098,480,44321
52259,3531.07,0,0,1,0,23.43,4098,482,44321
52310,3581.66,0,-6,0,-6,-928.83,4109,482,44328
52360,3529.41,0,0,0,0,448.31,4117,482,44334
52410,3557.03,0,0,1,0,163.21,4121,483,44353
52460,3531.07,0,0,1,0,25.96,4122,485,44353
52510,3576.54,0,0,0,0,-25.40,4122,486,44353
52560,3511.24,0,1,0,0,25.67,4123,488,44353
52610,3565.49,0,0,0,0,-8.46,4123,489,44353
52660,3543.59,0,0,1,0,33.80,4123,491,44353
52710,3544.42,0,0,1,0,-32.37,4125,492,44353
52760,3545.26,0,0,1,0,23.62,4125,493,44353
52810,3565.49,0,0,0,0,-23.57,4125,495,44353
52860,3553.66,0,0,1,0,34.00,4125,497,44353
52910,3599.71,0,0,0,0,33.59,4125,497,44353
52960,3604.04,0,0,0,0,21.47,4125,497,44353
53010,3643.43,0,0,-1,0,-27.23,4125,498,44353
53060,3573.13,0,0,0,0,23.13,4125,498,44353
53110,3639.01,0,0,0,0,-52.21,4125,498,44353
53160,3615.33,0,0,-1,0,-39.57,4125,499,44353
53210,3624.06,0,0,0,0,-8.73,4125,500,44353
53260,3604.04,0,0,0,0,-29.61,4125,500,44353
53310,3638.13,0,0,0,0,-44.45,4125,500,44353
53360,3624.94,0,0,0,0,27.36,4125,501,44353
53410,3616.20,0,0,0,0,18.59,4125,502,44353
53460,3616.20,0,0,0,0,-44.47,4125,502,44353
53510,3639.01,0,0,0,0,-12.32,4125,503,44353
53560,3616.20,0,0,0,0,-17.57,4125,503,44353
53610,3672.87,0,0,0,0,-46.18,4125,504,44353
53660,3663.90,0,0,-1,0,31.59,4126,506,44353
53710,3688.22,0,-1,0,0,-12.65,4128,506,44353
53760,3663.00,0,0,-1,0,32.49,4129,508,44353
53810,3643.43,0,0,-1,0,-28.97,4129,510,44353
53860,3593.67,0,0,0,0,-6.12,4129,510,44353
53910,3633.72,0,0,0,0,-28.82,4129,510,44353
53960,3586.80,0,0,0,0,-28.82,4129,510,44353
54010,3600.58,0,0,0,0,22.15,4129,510,44353
54060,3586.80,0,0,0,0,28.30,4129,510,44353
54110,3563.79,0,0,0,0,23.01,4129,510,44353
54160,3567.18,0,0,0,0,8.50,4129,511,44353
54210,3589.38,0,0,0,0,24.89,4129,511,44353
54260,3554.50,0,0,1,0,23.74,4129,512,44353
54310,3544.42,0,0,1,0,-34.83,4130,514,44353
54360,3534.40,0,0,1,0,42.99,4131,515,44353
54410,3546.10,0,0,1,0,-24.15,4132,516,44353
54460,3521.95,0,1,0,0,22.47,4134,517,44353
54510,3697.31,0,-1,0,0,47.07,4664,517,75962
54560,3576.54,0,0,0,0,24.04,4664,517,75962
54610,3589.38,0,0,0,0,26.59,4664,517,75962
54660,3554.50,0,0,1,0,22.04,4664,519,75962
54710,3587.66,0,0,0,0,14.54,4664,519,75962
54760,3586.80,0,0,0,0,9.41,4664,519,75962
54810,3598.85,0,0,1,0,17.79,4664,520,75962
54860,3593.67,0,0,0,0,-46.65,4664,520,75962
54910,3624.06,0,0,0,0,-10.48,4664,521,75962
54960,3626.69,0,0,0,0,25.61,4664,522,75962
55010,3615.33,0,0,-1,0,30.30,4664,523,75962
55060,3604.04,0,0,-1,0,30.30,4664,523,75962
55110,3643.43,0,0,-1,0,-28.97,4664,525,75962
55160,3626.69,0,0,0,0,36.31,4664,526,75962
55211,3673.77,0,0,0,0,-35.64,4664,527,75962
55261,3652.30,0,0,-1,0,43.19,4665,529,75962
55311,3662.11,0,0,-1,0,-37.17,4665,531,75962
55361,3586.80,0,0,0,0,33.66,4665,531,75962
55411,3639.01,0,0,0,0,-54.78,4665,531,75962
55461,3604.04,0,0,0,0,-38.42,4665,531,75962
55511,3633.72,0,0,0,0,-19.26,4665,532,75962
55561,3604.04,0,0,0,0,-22.73,4665,532,75962
55611,3642.54,0,0,-1,0,-36.78,4665,533,75962
55661,3593.67,0,0,0,0,-17.43,4665,533,75962
55711,3624.94,0,0,0,0,-20.90,4665,533,75962
55761,3555.34,0,0,1,0,26.32,4665,534,75962
55811,3611.85,0,0,0,0,26.53,4665,534,75962
55861,3573.98,0,0,0,0,8.54,4665,534,75962
55911,3553.66,0,0,1,0,2.53,4665,536,75962
55961,3555.34,0,0,1,0,10.14,4665,538,75962
56011,3578.24,0,0,0,0,-15.30,4665,538,75962
56061,3541.91,0,0,1,0,13.43,4665,541,75962
56111,3553.66,0,0,1,0,-20.09,4665,543,75962
56161,3557.87,0,0,1,0,-30.12,4665,544,75962
56211,3519.47,0,1,0,0,394.93,4674,544,75967
56261,3591.09,0,-1,0,-13,-335.37,4677,544,75980
56311,3560.41,0,0,0,0,114.26,4678,544,75986
56361,3577.39,0,0,0,0,-9.36,4678,544,75986
56411,3509.59,0,1,0,0,33.16,4679,546,75986
56461,3534.40,0,0,1,0,-22.34,4681,547,75986
56511,3469.81,0,1,0,0,31.59,4684,547,75986
56561,3503.04,0,1,0,0,-53.97,4687,547,75986
56611,3485.13,0,1,0,0,26.93,4690,547,75986
56662,3544.42,0,0,1,0,-42.21,4692,548,75986
56712,3521.95,0,1,0,0,24.15,4693,549,75986
56762,3512.06,0,1,0,0,-31.78,4696,549,75986
56812,3509.59,0,1,0,0,25.64,4698,550,75986
56862,3567.18,0,0,0,0,-45.23,4699,551,75986
56912,3564.64,0,0,0,0,21.30,4699,552,75986
56962,3586.80,0,0,0,0,21.30,4699,552,75986
57012,3640.78,0,0,-1,0,341.17,4706,553,76001
57062,3604.90,0,-6,0,-5,-837.28,4716,553,76008
57112,3650.52,0,0,-1,0,22.35,4727,554,76015
57162,3638.13,0,0,0,0,10.62,4727,556,76015
57212,3626.69,0,0,0,0,25.61,4727,557,76015
57262,3662.11,0,0,-1,0,-35.42,4727,559,76015
57312,3653.19,0,0,-1,0,19.68,4727,560,76015
57362,3648.75,0,0,-1,0,0.89,4727,563,76015
57412,3640.78,0,0,-1,0,32.09,4727,564,76015
57462,3707.36,0,-1,0,0,-43.47,4729,565,76015
57512,3637.25,0,0,0,0,23.08,4729,567,76015
57562,3647.86,0,0,-1,0,1.78,4729,570,76015
57612,3637.25,0,0,0,0,13.28,4729,571,76015
57662,3573.98,0,0,0,0,11.10,4729,571,76015
57712,3563.79,0,0,0,0,23.87,4729,572,76015
57762,3557.03,0,0,1,0,-35.90,4730,574,76015
57812,3541.91,0,0,1,0,38.89,4730,575,76015
57862,3600.58,0,0,0,0,14.52,4730,575,76015
57912,3531.07,0,0,1,0,24.27,4730,577,76015
57962,3544.42,0,0,1,0,-51.99,4732,578,76015
58012,3557.03,0,0,1,0,-51.54,4733,579,76015
58062,3549.46,0,0,1,0,460.17,4743,580,76021
58112,3501.40,0,1,0,0,363.58,4750,580,76044
58162,3545.26,0,0,1,0,20.23,4750,581,76044
58212,3574.83,0,0,0,0,-17.80,4750,582,76044
58262,3573.98,0,0,0,0,10.25,4750,583,76044
58312,3629.32,0,0,0,0,-36.51,4750,583,76044
58362,3604.04,0,0,0,0,-25.29,4750,583,76044
58412,3589.38,0,0,0,0,2.54,4750,583,76044
58462,3582.52,0,0,0,0,-51.78,4750,583,76044
58512,3586.80,0,0,1,0,27.88,4750,584,76044
58562,3532.74,0,0,1,0,22.61,4750,586,76044
58612,3587.66,0,0,0,0,20.44,4750,586,76044
58662,3591.95,0,0,0,0,-57.70,4750,586,76044
58712,3662.11,0,0,-1,0,-46.78,4750,588,76044
58762,3652.30,0,0,-1,0,33.20,4751,589,76044
58812,3671.97,0,0,0,0,-22.34,4751,591,76044
58862,3604.04,0,0,0,0,10.61,4751,592,76044
58912,3611.85,0,0,0,0,30.73,4751,592,76044
58962,3593.67,0,0,0,0,-46.81,4751,592,76044
59012,3600.58,0,0,0,0,30.73,4751,592,76044
59062,3582.52,0,0,0,0,-32.05,4751,592,76044
59112,3585.94,0,0,1,0,20.23,4751,593,76044
59162,3596.26,0,0,1,0,26.38,4751,594,76044
59212,3651.41,0,0,-1,0,-46.51,4751,595,76044
59262,3641.66,0,0,-1,0,30.31,4751,596,76044
59312,3616.20,0,0,0,0,29.34,4751,597,76044
59362,3625.82,0,0,0,0,26.49,4751,598,76044
59412,3639.01,0,0,0,0,-12.32,4751,599,76044
59462,3570.58,0,0,0,0,71.08,4751,600,76044
59512,3629.32,0,0,0,0,-33.06,4751,600,76044
59563,3604.90,0,0,0,0,-13.96,4751,600,76044
59613,3643.43,0,0,-1,0,-28.97,4751,601,76044
59663,3585.94,0,0,-1,0,-28.97,4751,601,76044
59713,3653.19,0,0,-1,0,-49.15,4751,602,76044
59763,3573.98,0,0,0,0,21.42,4751,602,76044
59813,3610.98,0,0,0,0,21.42,4751,602,76044
59863,3586.80,0,0,0,0,21.42,4751,602,76044
59913,3610.11,0,0,0,0,25.72,4751,602,76044
59963,3594.54,0,0,0,0,-37.37,4751,602,76044
60013,3597.12,0,0,1,0,28.88,4751,603,76044
60063,3577.39,0,0,0,0,33.59,4751,603,76044
60113,3591.95,0,0,0,0,33.59,4751,603,76044
60163,3545.26,0,0,1,0,22.77,4751,604,76044
60213,3587.66,0,0,1,0,19.49,4751,605,76044
60263,3582.52,0,0,0,0,-53.46,4751,605,76044
60313,3610.11,0,0,0,0,-48.56,4751,605,76044
60363,3596.26,0,0,0,0,-48.56,4751,605,76044
60413,3565.49,0,0,0,0,-21.06,4751,606,76044
60463,3639.89,0,0,0,0,105.43,5263,606,89409
60513,3585.94,0,0,1,0,32.15,5263,607,89409
60563,3564.64,0,0,0,0,22.16,5263,608,89409
60613,3597.12,0,0,1,0,29.57,5263,609,89409
60663,3575.69,0,0,0,0,37.03,5263,609,89409
60713,3572.28,0,0,0,0,10.24,5263,609,89409
60763,3556.19,0,0,1,0,18.65,5263,611,89409
60813,3600.58,0,0,0,0,37.76,5263,611,89409
60863,3562.95,0,0,0,0,26.43,5263,611,89409
60913,3600.58,0,0,0,0,24.71,5263,611,89409
60963,3531.90,0,0,1,0,22.60,5263,613,89409
61014,3565.49,0,0,0,0,-34.41,5263,615,89409
61064,3543.59,0,0,1,0,32.10,5263,617,89409
61114,3511.24,0,1,0,0,19.84,5264,618,89409
61164,3551.14,0,0,1,0,376.59,5273,619,89414
61214,3503.85,0,1,0,0,273.53,5279,619,89430
61264,3614.46,0,-1,0,-5,-183.64,5280,620,89435
61314,3601.44,0,-2,0,-11,-287.59,5283,620,89446
61364,3633.72,0,0,0,0,-22.74,5283,620,89446
61414,3617.94,0,-1,0,0,-90.70,5284,620,89446
61464,3515.35,0,1,0,0,297.56,5288,620,89458
61514,3617.94,0,-4,0,-2,-430.43,5293,620,89460
61564,3745.32,0,-1,0,0,4036.78,5351,620,90588
61614,3627.57,0,0,0,0,615.71,5363,620,90596
61664,3661.22,0,0,-1,0,25.19,5374,621,90602
61714,3640.78,0,0,-1,0,33.89,5375,622,90602
61764,3627.57,0,0,0,0,9.68,5375,622,90602
61814,3627.57,0,0,0,0,-1.75,5375,623,90602
61864,3659.43,0,0,-1,0,-88.85,5375,624,90602
61914,3596.26,0,0,-1,0,18.65,5375,625,90602
61964,3591.09,0,0,0,0,21.43,5375,625,90602
62014,3639.01,0,0,0,0,-47.06,5375,625,90602
62064,3614.46,0,0,-1,0,-50.86,5375,626,90602
62114,3662.11,0,0,-1,0,-23.98,5375,628,90602
62164,3581.66,0,0,0,0,14.96,5375,629,90602
62214,3597.12,0,0,1,0,23.76,5375,630,90602
62264,3591.95,0,0,1,0,23.76,5375,630,90602
62314,3609.24,0,0,0,0,-43.53,5375,630,90602
62364,3594.54,0,0,0,0,-43.53,5375,630,90602
62414,3618.82,0,0,0,0,-43.53,5375,630,90602
62464,3604.90,0,0,0,0,-39.95,5375,630,90602
62514,3643.43,0,0,-1,0,-28.97,5375,632,90602
62564,3603.17,0,0,-1,0,-35.91,5375,633,90602
62614,3589.38,0,0,0,0,31.59,5375,633,90602
62664,3578.24,0,0,0,0,21.47,5375,633,90602
62714,3556.19,0,0,1,0,22.06,5375,634,90602
62764,3576.54,0,0,0,0,-34.63,5375,635,90602
62814,3518.65,0,1,0,0,409.08,5384,635,90607
62864,3579.10,0,0,0,0,151.32,5387,635,90620
62914,3568.03,0,0,0,0,90.51,5388,636,90623
62964,3547.78,0,0,1,0,-22.51,5388,638,90623
63014,3532.74,0,0,1,0,31.06,5388,640,90623
63064,3446.69,0,1,0,0,45.74,5391,640,90623
63114,3491.62,0,1,0,0,30.33,5393,640,90623
63164,3490.81,0,1,0,0,-30.60,5396,640,90623
63214,3490.81,0,1,0,0,22.07,5399,640,90623
63264,3533.57,0,0,1,0,-32.17,5401,641,90623
63314,3521.13,0,1,0,0,25.81,5403,642,90623
63364,3491.62,0,1,0,0,8.96,5405,643,90623
63414,3512.06,0,1,0,0,-43.05,5407,643,90623
63464,3495.69,0,1,0,0,512.86,5419,643,90630
63514,3535.23,0,0,1,0,194.25,5423,644,90645
63564,3521.95,0,1,0,0,15.78,5425,645,90645
63614,3546.10,0,0,1,0,-41.43,5427,646,90645
63664,3531.07,0,0,1,0,27.65,5427,648,90645
63714,3563.79,0,0,0,0,-29.39,5427,649,90645
63764,3555.34,0,0,1,0,31.46,5427,651,90645
63814,3556.19,0,0,1,0,12.69,5427,652,90645
63864,3567.18,0,0,0,0,7.65,5427,653,90645
63915,3620.56,0,0,0,0,-36.34,5427,653,90645
63965,3586.80,0,0,0,0,-36.34,5427,653,90645
64015,3643.43,0,0,-1,0,-28.10,5427,654,90645
64065,3625.82,0,0,0,0,24.71,5427,655,90645
64115,3619.69,0,0,0,0,24.71,5427,655,90645
64165,3616.20,0,0,0,0,-47.06,5427,655,90645
64215,3604.04,0,0,0,0,30.95,5427,656,90645
64265,3581.66,0,0,0,0,30.95,5427,656,90645
64315,3618.82,0,0,0,0,30.95,5427,656,90645
64365,3585.09,0,0,0,0,30.95,5427,656,90645
64415,3600.58,0,0,0,0,-42.48,5427,656,90645
64465,3585.94,0,0,0,0,20.62,5427,656,90645
64515,3598.85,0,0,1,0,23.75,5427,657,90645
64565,3596.26,0,0,0,0,19.75,5427,657,90645
64615,3623.19,0,0,0,0,-19.15,5427,657,90645
64665,3555.34,0,0,1,0,26.32,5427,658,90645
64715,3587.66,0,0,1,0,31.28,5427,659,90645
64765,3585.09,0,0,0,0,27.25,5427,659,90645
64815,3618.82,0,0,0,0,-41.61,5427,659,90645
64865,3604.04,0,0,0,0,-40.16,5427,659,90645
64915,3661.22,0,0,-1,0,-36.28,5427,661,90645
64965,3626.69,0,0,0,0,23.83,5427,662,90645
65015,3662.11,0,0,-1,0,-35.42,5427,664,90645
65065,3641.66,0,0,-1,0,32.11,5427,665,90645
65115,3662.11,0,0,-1,0,-45.91,5427,666,90645
65165,3653.19,0,0,-1,0,20.58,5427,667,90645
65215,3637.25,0,0,0,0,14.17,5428,668,90645
65265,3566.33,0,0,0,0,10.20,5428,668,90645
65315,3610.11,0,0,0,0,10.20,5428,668,90645
65366,3576.54,0,0,0,0,24.04,5428,668,90645
65416,3574.83,0,0,0,0,-31.25,5428,670,90645
65466,3573.13,0,0,0,0,14.53,5428,670,90645
65516,3550.30,0,0,1,0,66.78,5428,671,90645
65566,3545.26,0,0,1,0,20.23,5428,673,90645
65616,3611.85,0,0,0,0,23.98,5428,673,90645
65666,3533.57,0,0,1,0,33.61,5428,674,90645
65716,3598.85,0,0,1,0,29.56,5428,675,90645
65766,3544.42,0,0,1,0,23.61,5428,676,90645
65816,3532.74,0,0,1,0,11.69,5428,678,90645
65866,3532.74,0,0,1,0,24.29,5429,680,90645
65916,3596.26,0,0,1,0,0.83,5429,681,90645
65966,3532.74,0,0,1,0,12.52,5429,683,90645
66016,3574.83,0,0,0,0,-42.10,5429,685,90645
66066,3573.13,0,0,0,0,24.85,5429,686,90645
66116,3600.58,0,0,0,0,22.16,5429,686,90645
66166,3576.54,0,0,0,0,34.44,5429,686,90645
66216,3591.95,0,0,0,0,-45.78,5429,686,90645
66266,3610.11,0,0,1,0,34.92,5429,687,90645
66316,3502.22,0,1,0,0,367.75,5435,687,90665
66366,3652.30,0,0,-1,0,310.71,5440,688,90668
66416,3592.81,0,-6,0,-5,-828.14,5450,688,90675
66466,3595.40,0,-5,0,-4,-786.84,5459,688,90680
66516,3595.40,0,-5,0,-4,-718.87,5468,688,90684
66566,3573.13,0,0,0,0,406.71,5476,688,90688
66616,3559.56,0,0,1,0,87.41,5477,690,90688
66666,3576.54,0,0,0,0,-5.96,5477,690,90688
66716,3589.38,0,0,1,0,23.72,5477,691,90688
66766,3610.98,0,0,1,0,23.72,5477,691,90688
66816,3616.20,0,0,0,0,-42.63,5477,691,90688
66866,3594.54,0,0,0,0,-17.52,5477,691,90688
66916,3573.13,0,0,0,0,24.85,5477,691,90688
66966,3620.56,0,0,0,0,-26.03,5477,691,90688
67016,3596.26,0,0,0,0,-26.03,5477,691,90688
67066,3629.32,0,0,0,0,-36.51,5477,691,90688
67116,3688.22,0,-1,0,0,-115.94,5478,691,90688
67166,3650.52,0,0,-1,0,-13.28,5478,693,90688
67216,3592.81,0,0,0,0,-20.15,5478,693,90688
67266,3586.80,0,0,0,0,-41.79,5478,693,90688
67316,3542.75,0,0,1,0,15.13,5478,696,90688
67366,3600.58,0,0,0,0,22.15,5478,696,90688
67416,3585.94,0,0,0,0,28.30,5478,696,90688
67466,3639.01,0,0,0,0,-51.35,5478,696,90688
67516,3593.67,0,0,0,0,-51.35,5478,696,90688
67566,3614.46,0,0,-1,0,-47.10,5478,697,90688
67616,3596.26,0,0,-1,0,-47.10,5478,697,90688
67666,3652.30,0,0,-1,0,-47.40,5478,698,90688
67716,3638.13,0,0,0,0,23.98,5478,699,90688
67766,3632.84,0,0,0,0,-29.67,5478,699,90688
67816,3580.81,0,0,0,0,-29.67,5478,699,90688
67866,3583.37,0,0,0,0,-29.67,5478,699,90688
67916,3568.03,0,0,0,0,29.95,5478,700,90688
67966,3629.32,0,0,0,0,-33.06,5478,700,90688
68016,3555.34,0,0,1,0,26.32,5478,701,90688
68066,3575.69,0,0,0,0,-41.28,5478,702,90688
68116,3563.79,0,0,0,0,35.92,5478,702,90688
68166,3587.66,0,0,1,0,20.92,5478,704,90688
68216,3581.66,0,0,0,0,26.41,5478,704,90688
68267,3643.43,0,0,-1,0,-40.26,5478,705,90688
68317,3615.33,0,0,-1,0,-36.12,5478,706,90688
68367,3623.19,0,0,0,0,-45.80,5478,706,90688
68417,3614.46,0,0,-1,0,-57.93,5478,707,90688
68467,3567.18,0,0,0,0,0.00,5478,707,90688
68517,3555.34,0,0,1,0,21.19,5478,709,90688
68567,3590.23,0,0,0,0,31.83,5478,709,90688
68617,3520.30,0,1,0,0,24.12,5479,710,90688
68667,3599.71,0,0,1,0,34.67,5479,711,90688
68717,3584.23,0,0,0,0,22.32,5479,711,90688
68767,3597.12,0,0,1,0,4.22,5479,713,90688
68817,3604.04,0,0,0,0,-52.61,5479,713,90688
68867,3661.22,0,0,-1,0,-35.40,5479,715,90688
68917,3603.17,0,0,0,0,1.76,5479,715,90688
68967,3652.30,0,0,-1,0,-36.97,5479,717,90688
69017,3638.13,0,0,0,0,0.00,5479,717,90688
69067,3638.13,0,0,0,0,-0.88,5479,718,90688
69117,3628.45,0,0,0,0,9.68,5479,718,90688
69167,3673.77,0,0,0,0,-35.64,5479,719,90688
69217,3614.46,0,0,0,0,8.79,5479,719,90688
69267,3643.43,0,0,-1,0,-27.23,5479,720,90688
69317,3639.89,0,0,0,0,33.88,5479,720,90688
69367,3626.69,0,0,0,0,24.72,5480,721,90688
69417,3625.82,0,0,0,0,27.37,5480,722,90688
69467,3671.97,0,0,0,0,-22.34,5480,724,90688
69517,3565.49,0,0,0,0,61.21,5480,725,90688
69567,3595.40,0,0,0,0,-108.28,5480,725,90688
69617,3531.90,0,0,1,0,13.36,5480,727,90688
69667,3564.64,0,0,0,0,-31.07,5480,728,90688
69718,3556.19,0,0,1,0,20.35,5480,730,90688
69768,3531.90,0,0,1,0,13.36,5480,732,90688
69818,3449.86,0,1,0,0,31.22,5483,732,90688
69868,3369.27,0,2,0,0,29.78,5489,732,90688
69918,3320.05,0,3,0,0,27.41,5495,732,90688
69968,3232.06,0,4,0,1,306.51,5506,733,90708
70018,3170.58,0,5,0,0,10.08,5520,733,90708
70068,3110.10,0,6,0,0,16.21,5532,733,90708
70118,3026.63,0,7,0,0,30.85,5552,733,90708
70168,2972.06,0,8,0,0,36.96,5567,733,90708
70218,2903.04,3,9,0,0,9.02,5592,733,90708
70268,2844.14,0,9,0,0,15.18,5610,733,90708
70318,2795.38,0,10,0,0,13.61,5630,733,90708
70368,2815.32,6,10,0,0,-121.35,5662,733,90726
70418,2594.71,19,13,0,15,86.74,5686,733,90766
70468,2621.92,2,12,0,4,28.73,5710,733,90780
70518,2539.36,2,13,0,6,37.52,5736,733,90794
70568,2482.62,1,14,0,6,40.08,5764,733,90802
70618,2425.22,4,15,0,8,48.80,5793,733,90811
70668,2388.54,0,15,0,-6,-37.81,5824,733,90828
70718,2319.11,14,16,0,14,100.64,5855,733,90846
70768,2297.79,0,16,0,-6,-42.83,5888,733,90861
70818,2218.61,16,17,0,11,74.97,5921,733,90872
70868,2205.56,6,18,0,-5,-34.48,5957,733,90883
70918,2162.63,0,18,0,6,42.93,5975,733,90889
70968,2200.06,0,18,0,-33,-229.49,6014,733,90946
71018,2061.57,14,19,0,9,71.84,6052,733,90964
71068,2060.72,3,20,0,-13,-98.14,6093,733,90990
71118,1972.13,8,21,0,11,88.60,6114,733,91001
71168,1950.33,7,21,0,-3,-24.04,6156,733,91009
71218,1912.05,0,21,0,4,38.29,6177,733,91013
71268,1864.74,22,22,0,0,3.02,6221,733,91018
71318,1817.30,28,23,0,5,47.44,6244,733,91023
71368,1846.38,10,22,0,-12,-104.63,6290,733,91043
71418,1765.33,32,23,0,9,81.05,6313,733,91052
71468,1718.41,24,24,0,0,-0.59,6361,733,91057
71518,1669.26,30,25,0,5,49.15,6386,733,91062
71568,1620.22,30,25,0,5,46.63,6436,733,91067
71618,1616.90,25,25,0,0,3.32,6461,733,91067
71668,1569.37,30,26,0,4,47.54,6487,733,91071
71718,1566.42,26,26,0,0,2.95,6513,733,91071
71768,1569.20,16,26,0,-10,-98.90,6566,733,91090
71818,1464.13,37,27,0,10,105.07,6593,733,91100
71868,1467.28,27,27,0,0,-3.15,6620,733,91100
71918,1414.69,32,28,0,4,52.59,6648,733,91104
71968,1415.50,28,28,0,0,-0.80,6676,733,91104
72018,1380.33,25,28,0,-3,-33.34,6733,733,91113
72068,1309.93,35,29,0,6,70.40,6762,733,91119
72118,1311.07,29,29,0,0,-1.15,6791,733,91119
72168,1255.23,34,30,0,4,55.84,6821,733,91123
72218,1258.92,30,30,0,0,-3.69,6851,733,91123
72268,1200.00,35,31,0,4,58.92,6882,733,91127
72318,1205.01,31,31,0,0,-5.01,6913,733,91127
72368,1144.51,35,31,0,4,60.50,6944,733,91131
72418,1148.81,31,31,0,0,-4.30,6975,733,91131
72468,1090.12,36,32,0,4,58.69,7007,733,91135
72518,1091.78,32,32,0,0,-1.67,7039,733,91135
72568,1091.78,32,32,0,0,-1.67,7039,733,91135
72619,1038.78,36,33,0,3,53.00,7072,733,91138
72669,1028.67,33,33,0,0,10.12,7105,733,91138
72719,962.90,38,34,0,4,65.77,7139,733,91142
72769,966.37,34,34,0,0,-3.47,7173,733,91142
72819,966.37,34,34,0,0,-3.47,7173,733,91142
72869,902.42,38,35,0,3,63.95,7208,733,91145
72919,901.12,35,35,0,0,1.30,7243,733,91145
72969,833.52,38,35,0,3,67.60,7278,733,91148
73019,833.52,38,35,0,3,67.60,7278,733,91148
73069,830.43,36,36,0,0,3.09,7314,733,91148
73119,750.11,41,37,0,4,80.31,7351,733,91152
73169,750.11,41,37,0,4,80.31,7351,733,91152
73219,751.31,37,37,0,0,-1.20,7388,733,91152
73269,751.31,37,37,0,0,-1.20,7388,733,91152
73319,685.49,40,37,0,3,65.82,7425,733,91155
73369,685.49,40,37,0,3,65.82,7425,733,91155
73419,661.81,39,38,0,1,23.68,7463,733,91156
73469,661.81,39,38,0,1,23.68,7463,733,91156
73519,587.87,41,39,0,2,73.95,7502,733,91158
73569,587.87,41,39,0,2,73.95,7502,733,91158
73619,559.08,40,39,0,1,28.79,7541,733,91159
73669,559.08,40,39,0,1,28.79,7541,733,91159
73719,470.78,42,40,0,2,88.30,7581,733,91161
73769,470.78,42,40,0,2,88.30,7581,733,91161
73819,470.78,42,40,0,2,88.30,7581,733,91161
73869,424.78,42,41,0,1,46.00,7622,733,91162
73919,424.78,42,41,0,1,46.00,7622,733,91162
73969,424.78,42,41,0,1,46.00,7622,733,91162
74019,424.78,42,41,0,1,46.00,7622,733,91162
74875,117.17,-42,41,0,1,46.00,7622,733,91162
74925,117.17,-42,41,0,1,46.00,7622,733,91162
74975,117.17,-42,41,0,1,46.00,7622,733,91162
75025,117.17,-42,41,0,1,46.00,7622,733,91162
75075,117.17,-42,41,0,1,46.00,7622,733,91162
75125,0.00,-42,41,0,1,46.00,7622,733,91162
75175,0.00,-42,41,0,1,46.00,7622,733,91162
75225,0.00,-42,41,0,1,46.00,7622,733,91162
75275,0.00,-42,41,0,1,46.00,7622,733,91162
75325,0.00,-42,41,0,1,46.00,7622,733,91162
75375,0.00,-42,41,0,1,46.00,7622,733,91162
75425,0.00,-42,41,0,1,46.00,7622,733,91162
75475,0.00,-42,41,0,1,46.00,7622,733,91162
75525,0.00,-42,41,0,1,46.00,7622,733,91162
75575,0.00,-42,41,0,1,46.00,7622,733,91162
75625,0.00,-42,41,0,1,46.00,7622,733,91162
75675,0.00,-42,41,0,1,46.00,7622,733,91162
75725,0.00,-42,41,0,1,46.00,7622,733,91162
75776,0.00,-42,41,0,1,46.00,7622,733,91162
75826,0.00,-42,41,0,1,46.00,7622,733,91162
75876,0.00,-42,41,0,1,46.00,7622,733,91162
75926,0.00,-42,41,0,1,46.00,7622,733,91162
75976,0.00,-42,41,0,1,46.00,7622,733,91162
76026,0.00,-42,41,0,1,46.00,7622,733,91162
76076,0.00,-42,41,0,1,46.00,7622,733,91162
76126,0.00,-42,41,0,1,46.00,7622,733,91162
76176,0.00,-42,41,0,1,46.00,7622,733,91162
76226,0.00,-42,41,0,1,46.00,7622,733,91162
76276,0.00,-42,41,0,1,46.00,7622,733,91162
76326,0.00,-42,41,0,1,46.00,7622,733,91162
76376,0.00,-42,41,0,1,46.00,7622,733,91162
76426,0.00,-42,41,0,1,46.00,7622,733,91162
76476,0.00,-42,41,0,1,46.00,7622,733,91162
76526,0.00,-42,41,0,1,46.00,7622,733,91162
76576,0.00,-42,41,0,1,46.00,7622,733,91162
76626,0.00,-42,41,0,1,46.00,7622,733,91162
76676,0.00,-42,41,0,1,46.00,7622,733,91162
76726,0.00,-42,41,0,1,46.00,7622,733,91162
76776,0.00,-42,41,0,1,46.00,7622,733,91162
76826,0.00,-42,41,0,1,46.00,7622,733,91162
76876,0.00,-42,41,0,1,46.00,7622,733,91162
76926,0.00,-42,41,0,1,46.00,7622,733,91162
76976,0.00,-42,41,0,1,46.00,7622,733,91162
77026,0.00,-42,41,0,1,46.00,7622,733,91162
77076,0.00,-42,41,0,1,46.00,7622,733,91162
77126,0.00,-42,41,0,1,46.00,7622,733,91162
77176,0.00,-42,41,0,1,46.00,7622,733,91162
77227,0.00,-42,41,0,1,46.00,7622,733,91162
77277,0.00,-42,41,0,1,46.00,7622,733,91162
77327,0.00,-42,41,0,1,46.00,7622,733,91162
77377,0.00,-42,41,0,1,46.00,7622,733,91162
77427,0.00,-42,41,0,1,46.00,7622,733,91162
77477,0.00,-42,41,0,1,46.00,7622,733,91162
77527,0.00,-42,41,0,1,46.00,7622,733,91162
77577,0.00,-42,41,0,1,46.00,7622,733,91162
77627,0.00,-42,41,0,1,46.00,7622,733,91162
77677,0.00,-42,41,0,1,46.00,7622,733,91162
77727,0.00,-42,41,0,1,46.00,7622,733,91162
77777,0.00,-42,41,0,1,46.00,7622,733,91162
77827,0.00,-42,41,0,1,46.00,7622,733,91162
77877,0.00,-42,41,0,1,46.00,7622,733,91162
77927,0.00,-42,41,0,1,46.00,7622,733,91162
77977,0.00,-42,41,0,1,46.00,7622,733,91162
78027,0.00,-42,41,0,1,46.00,7622,733,91162
78077,0.00,-42,41,0,1,46.00,7622,733,91162
78127,0.00,-42,41,0,1,46.00,7622,733,91162
78177,0.00,-42,41,0,1,46.00,7622,733,91162
78227,0.00,-42,41,0,1,46.00,7622,733,91162
78277,0.00,-42,41,0,1,46.00,7622,733,91162
78327,0.00,-42,41,0,1,46.00,7622,733,91162
78377,0.00,-42,41,0,1,46.00,7622,733,91162
78427,0.00,-42,41,0,1,46.00,7622,733,91162
78477,0.00,-42,41,0,1,46.00,7622,733,91162
78527,0.00,-42,41,0,1,46.00,7622,733,91162
78577,0.00,-42,41,0,1,46.00,7622,733,91162
78627,0.00,-42,41,0,1,46.00,7622,733,91162
78678,0.00,-42,41,0,1,46.00,7622,733,91162
78728,0.00,-42,41,0,1,46.00,7622,733,91162
78778,0.00,-42,41,0,1,46.00,7622,733,91162
78828,0.00,-42,41,0,1,46.00,7622,733,91162
78878,0.00,-42,41,0,1,46.00,7622,733,91162
78928,0.00,-42,41,0,1,46.00,7622,733,91162
78978,0.00,-42,41,0,1,46.00,7622,733,91162
79028,0.00,-42,41,0,1,46.00,7622,733,91162
79078,0.00,-42,41,0,1,46.00,7622,733,91162
79128,0.00,-42,41,0,1,46.00,7622,733,91162
79178,0.00,-42,41,0,1,46.00,7622,733,91162
79228,0.00,-42,41,0,1,46.00,7622,733,91162
79278,0.00,-42,41,0,1,46.00,7622,733,91162
79328,0.00,-42,41,0,1,46.00,7622,733,91162
79378,0.00,-42,41,0,1,46.00,7622,733,91162
79428,0.00,-42,41,0,1,46.00,7622,733,91162
79478,0.00,-42,41,0,1,46.00,7622,733,91162
79528,0.00,-42,41,0,1,46.00,7622,733,91162
79578,0.00,-42,41,0,1,46.00,7622,733,91162
79628,0.00,-42,41,0,1,46.00,7622,733,91162
79678,0.00,-42,41,0,1,46.00,7622,733,91162
79728,0.00,-42,41,0,1,46.00,7622,733,91162
79778,0.00,-42,41,0,1,46.00,7622,733,91162
79828,0.00,-42,41,0,1,46.00,7622,733,91162
79878,0.00,-42,41,0,1,46.00,7622,733,91162
79928,0.00,-42,41,0,1,46.00,7622,733,91162
79978,0.00,-42,41,0,1,46.00,7622,733,91162
80028,0.00,-42,41,0,1,46.00,7622,733,91162
80078,0.00,-42,41,0,1,46.00,7622,733,91162
80128,0.00,-42,41,0,1,46.00,7622,733,91162
80178,0.00,-42,41,0,1,46.00,7622,733,91162
