Microcontroller Governor - Abrupt Load Decrease(1500 W)
Trial: 3
Date: 4-5-2023
Time: 3:37 PM
Ambient Temp: 82
Head Temp: 219.3

------ Microcontroller Engine Governor - Version: 1.16 ------
-------------------------------------------------------------
PID Gains:  Kp: 0.013  KpAlt: 0.025  Kd: 0.100  KdAlt: 4.000
-------------------------------------------------------------
Set RPM:             3600    |  Min RPM:                 300
                             |
RPM Precision:       20      |  PID Kp Alt Range:        70
                             |
Start Steps:         850     |  Max Steps:               1200
                             |
RPM Calc Interval:   1       |  Num Magnets:             1
                             |
LCD Update Interval: 400     |  Serial Update Interval:  50
-------------------------------------------------------------

Time,RPM,Steps Remaining, PID p, PID p Alt, PID d, RPM Change, P Cmd, P Alt Cmd, D Cmd
1737,0.00,0,0,0,0,0.00,0,0,0
1787,0.00,0,0,0,0,0.00,0,0,0
1837,0.00,0,0,0,0,0.00,0,0,0
1887,0.00,0,0,0,0,0.00,0,0,0
1937,0.00,0,0,0,0,0.00,0,0,0
1987,0.00,0,0,0,0,0.00,0,0,0
2037,0.00,0,0,0,0,0.00,0,0,0
2087,0.00,0,0,0,0,0.00,0,0,0
2137,0.00,0,0,0,0,0.00,0,0,0
2187,0.00,0,0,0,0,0.00,0,0,0
2237,0.00,0,0,0,0,0.00,0,0,0
2287,0.00,0,0,0,0,0.00,0,0,0
2337,0.00,0,0,0,0,0.00,0,0,0
2387,0.00,0,0,0,0,0.00,0,0,0
2437,0.00,0,0,0,0,0.00,0,0,0
2487,0.00,0,0,0,0,0.00,0,0,0
2537,0.00,0,0,0,0,0.00,0,0,0
2587,0.00,0,0,0,0,0.00,0,0,0
2637,0.00,0,0,0,0,0.00,0,0,0
2688,0.00,0,0,0,0,0.00,0,0,0
2738,0.00,0,0,0,0,0.00,0,0,0
2788,0.00,0,0,0,0,0.00,0,0,0
2838,0.00,0,0,0,0,0.00,0,0,0
2888,0.00,0,0,0,0,0.00,0,0,0
2938,0.00,0,0,0,0,0.00,0,0,0
2988,0.00,0,0,0,0,0.00,0,0,0
3038,0.00,0,0,0,0,0.00,0,0,0
3088,0.00,0,0,0,0,0.00,0,0,0
3138,0.00,0,0,0,0,0.00,0,0,0
3188,0.00,0,0,0,0,0.00,0,0,0
3238,0.00,0,0,0,0,0.00,0,0,0
3288,0.00,0,0,0,0,0.00,0,0,0
3338,0.00,0,0,0,0,0.00,0,0,0
3388,0.00,0,0,0,0,0.00,0,0,0
3438,0.00,0,0,0,0,0.00,0,0,0
3488,0.00,0,0,0,0,0.00,0,0,0
3538,0.00,0,0,0,0,0.00,0,0,0
3588,0.00,0,0,0,0,0.00,0,0,0
3638,0.00,0,0,0,0,0.00,0,0,0
3688,0.00,0,0,0,0,0.00,0,0,0
3738,0.00,0,0,0,0,0.00,0,0,0
3788,0.00,0,0,0,0,0.00,0,0,0
3838,0.00,0,0,0,0,0.00,0,0,0
3888,0.00,0,0,0,0,0.00,0,0,0
3938,0.00,0,0,0,0,0.00,0,0,0
3988,0.00,0,0,0,0,0.00,0,0,0
4038,0.00,0,0,0,0,0.00,0,0,0
4088,0.00,0,0,0,0,0.00,0,0,0
4139,0.00,0,0,0,0,0.00,0,0,0
4189,0.00,0,0,0,0,0.00,0,0,0
4239,0.00,0,0,0,0,0.00,0,0,0
4289,0.00,0,0,0,0,0.00,0,0,0
4339,0.00,0,0,0,0,0.00,0,0,0
4389,0.00,0,0,0,0,0.00,0,0,0
4439,0.00,0,0,0,0,0.00,0,0,0
4489,0.00,0,0,0,0,0.00,0,0,0
4539,0.00,0,0,0,0,0.00,0,0,0
4589,0.00,0,0,0,0,0.00,0,0,0
4639,0.00,0,0,0,0,0.00,0,0,0
4689,0.00,0,0,0,0,0.00,0,0,0
4739,0.00,0,0,0,0,0.00,0,0,0
4789,0.00,0,0,0,0,0.00,0,0,0
4839,0.00,0,0,0,0,0.00,0,0,0
4889,0.00,0,0,0,0,0.00,0,0,0
4939,0.00,0,0,0,0,0.00,0,0,0
4989,0.00,0,0,0,0,0.00,0,0,0
5039,0.00,0,0,0,0,0.00,0,0,0
5089,0.00,0,0,0,0,0.00,0,0,0
5139,0.00,0,0,0,0,0.00,0,0,0
5189,0.00,0,0,0,0,0.00,0,0,0
5239,0.00,0,0,0,0,0.00,0,0,0
5289,0.00,0,0,0,0,0.00,0,0,0
5339,0.00,0,0,0,0,0.00,0,0,0
5389,0.00,0,0,0,0,0.00,0,0,0
5439,0.00,0,0,0,0,0.00,0,0,0
5489,0.00,0,0,0,0,0.00,0,0,0
5539,0.00,0,0,0,0,0.00,0,0,0
5590,0.00,0,0,0,0,0.00,0,0,0
5640,0.00,0,0,0,0,0.00,0,0,0
5690,0.00,0,0,0,0,0.00,0,0,0
5740,0.00,0,0,0,0,0.00,0,0,0
5790,0.00,0,0,0,0,0.00,0,0,0
5840,0.00,0,0,0,0,0.00,0,0,0
5890,0.00,0,0,0,0,0.00,0,0,0
5940,0.00,0,0,0,0,0.00,0,0,0
5990,0.00,0,0,0,0,0.00,0,0,0
6040,0.00,0,0,0,0,0.00,0,0,0
6090,0.00,0,0,0,0,0.00,0,0,0
6140,0.00,0,0,0,0,0.00,0,0,0
6190,0.00,0,0,0,0,0.00,0,0,0
6240,0.00,0,0,0,0,0.00,0,0,0
6290,0.00,0,0,0,0,0.00,0,0,0
6340,0.00,0,0,0,0,0.00,0,0,0
6390,0.00,0,0,0,0,0.00,0,0,0
6440,0.00,0,0,0,0,0.00,0,0,0
6490,0.00,0,0,0,0,0.00,0,0,0
6540,0.00,0,0,0,0,0.00,0,0,0
6590,0.00,0,0,0,0,0.00,0,0,0
6640,0.00,0,0,0,0,0.00,0,0,0
6690,0.00,0,0,0,0,0.00,0,0,0
6740,0.00,0,0,0,0,0.00,0,0,0
6790,0.00,0,0,0,0,0.00,0,0,0
6840,0.00,0,0,0,0,0.00,0,0,0
6890,0.00,0,0,0,0,0.00,0,0,0
6940,0.00,0,0,0,0,0.00,0,0,0
6990,0.00,0,0,0,0,0.00,0,0,0
7040,0.00,0,0,0,0,0.00,0,0,0
7090,0.00,0,0,0,0,0.00,0,0,0
7140,0.00,0,0,0,0,0.00,0,0,0
7190,0.00,0,0,0,0,0.00,0,0,0
7240,0.00,0,0,0,0,0.00,0,0,0
7290,0.00,0,0,0,0,0.00,0,0,0
7340,0.00,0,0,0,0,0.00,0,0,0
7390,0.00,0,0,0,0,0.00,0,0,0
7440,0.00,0,0,0,0,0.00,0,0,0
7490,0.00,0,0,0,0,0.00,0,0,0
7540,0.00,0,0,0,0,0.00,0,0,0
7590,0.00,0,0,0,0,0.00,0,0,0
7640,0.00,0,0,0,0,0.00,0,0,0
7690,0.00,0,0,0,0,0.00,0,0,0
7740,0.00,0,0,0,0,0.00,0,0,0
7790,0.00,0,0,0,0,0.00,0,0,0
7840,0.00,0,0,0,0,0.00,0,0,0
7890,0.00,0,0,0,0,0.00,0,0,0
7940,0.00,0,0,0,0,0.00,0,0,0
7990,0.00,0,0,0,0,0.00,0,0,0
8040,0.00,0,0,0,0,0.00,0,0,0
8090,0.00,0,0,0,0,0.00,0,0,0
8140,0.00,0,0,0,0,0.00,0,0,0
8190,0.00,0,0,0,0,0.00,0,0,0
8240,0.00,0,0,0,0,0.00,0,0,0
8290,0.00,0,0,0,0,0.00,0,0,0
8340,0.00,0,0,0,0,0.00,0,0,0
8390,0.00,0,0,0,0,0.00,0,0,0
8440,0.00,0,0,0,0,0.00,0,0,0
8491,0.00,0,0,0,0,0.00,0,0,0
8541,0.00,0,0,0,0,0.00,0,0,0
8591,0.00,0,0,0,0,0.00,0,0,0
8641,0.00,0,0,0,0,0.00,0,0,0
8691,0.00,0,0,0,0,0.00,0,0,0
8741,0.00,0,0,0,0,0.00,0,0,0
8791,0.00,0,0,0,0,0.00,0,0,0
8841,0.00,0,0,0,0,0.00,0,0,0
8891,0.00,0,0,0,0,0.00,0,0,0
8941,0.00,0,0,0,0,0.00,0,0,0
8991,0.00,0,0,0,0,0.00,0,0,0
9041,0.00,0,0,0,0,0.00,0,0,0
9091,0.00,0,0,0,0,0.00,0,0,0
9141,0.00,0,0,0,0,0.00,0,0,0
9191,0.00,0,0,0,0,0.00,0,0,0
9241,0.00,0,0,0,0,0.00,0,0,0
9291,0.00,0,0,0,0,0.00,0,0,0
9341,0.00,0,0,0,0,0.00,0,0,0
9391,0.00,0,0,0,0,0.00,0,0,0
9441,0.00,0,0,0,0,0.00,0,0,0
9491,0.00,0,0,0,0,0.00,0,0,0
9541,0.00,0,0,0,0,0.00,0,0,0
9591,0.00,0,0,0,0,0.00,0,0,0
9641,0.00,0,0,0,0,0.00,0,0,0
9691,0.00,0,0,0,0,0.00,0,0,0
9741,0.00,0,0,0,0,0.00,0,0,0
9791,0.00,0,0,0,0,0.00,0,0,0
9841,inf,0,0,0,0,inf,0,0,0
9891,inf,0,0,0,0,inf,0,0,0
9942,inf,0,0,0,0,inf,0,0,0
9992,505.10,1,40,0,0,inf,40,0,0
10042,505.10,0,40,0,0,inf,40,0,0
10092,580.59,1,39,0,-2,-75.48,79,0,2
10142,820.88,11,36,0,-12,-240.30,115,0,14
10192,820.88,0,36,0,-12,-240.30,115,0,14
10242,806.97,0,36,0,0,13.91,151,0,14
10292,1149.95,0,31,0,-26,-342.98,182,0,40
10342,1150.84,0,31,0,0,-0.88,213,0,40
10392,1529.68,20,26,0,-2,-21.83,266,0,77
10442,1768.87,0,23,0,-28,-239.19,289,0,105
10492,1988.86,-2,20,0,-29,-214.76,332,0,134
10542,1988.07,0,20,0,0,0.79,352,0,134
10592,2174.54,0,18,0,-2,-17.51,388,0,160
10642,2359.60,0,16,0,-1,-12.19,420,0,187
10692,2520.58,0,14,0,2,14.06,447,0,218
10742,2823.80,4,10,0,0,16.04,479,0,223
10792,2960.92,0,8,0,0,-144.01,497,0,223
10842,3067.48,2,6,0,0,14.50,517,0,223
10892,3187.42,0,5,0,0,9.51,527,0,223
10942,3407.54,0,2,0,0,-113.73,535,0,223
10992,3492.43,0,1,0,0,9.78,539,0,223
11042,3697.31,0,-1,0,0,-137.75,540,1,223
11092,3735.06,0,-1,0,0,8.39,542,2,223
11142,3761.28,0,-2,0,0,12.30,548,2,223
11192,3761.28,0,-2,0,0,31.38,553,2,223
11242,3831.42,0,-3,0,0,14.74,570,2,229
11292,3810.01,0,-2,0,0,0.97,577,2,229
11342,3774.53,0,-2,0,0,34.51,583,2,229
11392,3834.36,0,-3,0,0,-47.43,590,2,229
11442,3763.17,0,-2,0,0,21.84,596,2,229
11492,3809.04,0,-2,0,0,-34.51,602,2,229
11542,3784.06,-1,-2,0,0,-50.86,610,3,232
11592,3749.06,0,-1,0,0,34.04,614,3,232
11642,3797.47,0,-2,0,0,-49.34,619,3,232
11692,3760.34,0,-2,0,0,38.09,624,3,232
11742,3785.01,0,-2,0,0,-24.67,630,3,232
11792,3750.00,0,-1,0,0,47.47,635,3,232
11842,3773.58,0,-2,0,0,-25.46,640,3,232
11892,3735.99,0,-1,0,0,47.11,644,3,232
11942,3710.12,0,-1,0,0,48.34,656,3,237
11992,3723.93,0,-1,0,0,-23.88,659,3,237
12042,3674.67,0,0,0,0,48.34,661,3,237
12092,3719.32,0,-1,0,0,-55.42,663,4,237
12142,3675.57,0,0,0,0,31.80,664,5,237
12192,3695.49,0,-1,0,0,-31.59,666,6,237
12242,3664.79,0,0,-1,0,32.52,667,8,237
12292,3697.31,0,-1,0,0,-33.42,669,9,237
12342,3663.00,0,0,-1,0,45.28,670,11,237
12392,3700.05,0,-1,0,0,-24.48,672,11,237
12442,3652.30,0,0,-1,0,55.06,673,13,237
12492,3683.69,0,-1,0,0,-31.39,675,14,237
12542,3641.66,0,0,-1,0,30.31,675,16,237
12592,3674.67,0,0,0,0,-37.42,675,16,237
12642,3557.87,0,0,1,0,96.21,675,18,237
12692,3643.43,0,0,-1,0,-24.61,676,19,241
12742,3604.04,0,0,-1,0,-24.59,676,20,241
12792,3627.57,0,0,0,0,-3.51,676,20,241
12843,3570.58,0,0,0,0,79.06,676,21,241
12893,3564.64,0,0,0,0,29.04,676,21,241
12943,3521.95,0,1,0,0,35.08,677,23,241
12993,3557.03,0,0,1,0,-46.62,678,24,241
13043,3490.81,0,1,0,0,66.22,680,25,241
13093,3557.87,0,0,1,0,-34.27,680,26,241
13143,3522.78,0,1,0,0,41.01,681,27,241
13193,3557.03,0,0,1,0,-36.73,682,29,241
13243,3512.88,0,1,0,0,53.45,684,29,241
13293,3546.10,0,0,1,0,-36.51,685,31,241
13343,3520.30,0,1,0,0,36.73,687,32,241
13393,3555.34,0,0,1,0,-33.39,688,34,241
13443,3512.88,0,1,0,0,44.15,690,35,241
13493,3563.79,0,0,0,0,-31.89,690,37,241
13543,3546.10,0,0,1,0,39.84,690,39,241
13593,3575.69,0,0,0,0,-29.59,690,40,241
13643,3546.94,0,0,1,0,39.01,690,42,241
13693,3609.24,0,0,1,0,51.02,690,43,241
13743,3610.11,0,0,1,0,53.05,690,44,241
13793,3501.40,0,1,0,0,319.28,695,44,258
13843,3580.81,0,-2,0,-12,-317.92,698,44,270
13893,3545.26,0,0,1,0,192.59,701,45,283
13943,3596.26,0,0,1,0,7.53,701,46,283
13993,3562.95,0,0,0,0,35.90,701,46,283
14043,3610.98,0,0,0,0,43.92,701,46,283
14093,3534.40,0,0,1,0,43.84,701,47,283
14143,3574.83,0,0,0,0,-40.43,701,48,283
14193,3498.95,0,1,0,0,32.12,702,50,283
14243,3555.34,0,0,1,0,-45.75,703,52,283
14294,3545.26,0,0,1,0,21.92,704,53,283
14344,3586.80,0,0,1,0,19.50,704,54,283
14394,3568.88,0,0,0,0,39.49,704,55,283
14444,3611.85,0,0,0,0,45.53,704,55,283
14494,3583.37,0,0,0,0,-45.95,704,55,283
14544,3647.86,0,0,-1,0,-55.05,704,56,283
14594,3604.04,0,0,-1,0,-60.52,704,57,283
14644,3643.43,0,0,-1,0,-39.39,704,59,283
14694,3614.46,0,0,-1,0,-53.74,704,60,283
14744,3578.24,0,0,0,0,25.79,704,61,283
14794,3553.66,0,0,1,0,34.00,704,63,283
14844,3589.38,0,0,0,0,26.43,704,63,283
14894,3568.03,0,0,0,0,33.41,704,63,283
14944,3623.19,0,0,0,0,-45.80,704,63,283
14994,3582.52,0,0,0,0,-44.09,704,63,283
15044,3639.01,0,0,0,0,-45.34,704,63,283
15094,3582.52,0,0,0,0,-39.09,704,63,283
15144,3647.86,0,0,-1,0,-55.91,704,64,283
15194,3581.66,0,0,0,0,-33.06,704,64,283
15244,3619.69,0,0,0,0,-41.53,704,64,283
15294,3591.95,0,0,0,0,-40.83,704,64,283
15344,3648.75,0,0,-1,0,-55.07,704,65,283
15394,3596.26,0,0,-1,0,-55.07,704,65,283
15444,3639.01,0,0,0,0,-45.34,704,65,283
15494,3592.81,0,-1,0,-5,-175.12,705,65,288
15544,3623.19,0,0,0,0,-52.61,705,65,288
15594,3586.80,0,0,0,0,44.94,705,65,288
15644,3620.56,0,0,0,0,-35.48,705,65,288
15694,3585.94,0,0,0,0,-35.48,705,65,288
15744,3627.57,0,0,0,0,-33.89,705,65,288
15794,3604.90,0,0,0,0,-31.40,705,65,288
15844,3614.46,0,0,-1,0,-43.84,705,66,288
15894,3582.52,0,0,0,0,-39.00,705,66,288
15944,3630.20,0,0,0,0,-49.40,705,66,288
15994,3593.67,0,0,0,0,-47.64,705,66,288
16044,3647.86,0,0,-1,0,-55.05,705,68,288
16094,3592.81,0,0,-1,0,-51.63,705,69,288
16144,3652.30,0,0,-1,0,-48.26,705,71,288
16194,3613.59,0,0,-1,0,-49.87,705,72,288
16244,3629.32,0,0,0,0,-36.51,705,72,288
16294,3582.52,0,0,0,0,-58.09,705,72,288
16344,3639.01,0,0,0,0,-46.20,705,73,288
16394,3591.95,0,0,-1,0,-56.77,705,74,288
16444,3627.57,0,0,0,0,-33.89,705,74,288
16494,3580.81,0,0,0,0,-22.62,705,74,288
16544,3610.98,0,0,0,0,43.84,705,74,288
16594,3585.09,0,0,0,0,37.00,705,74,288
16644,3622.31,0,0,0,0,-44.07,705,74,288
16694,3592.81,0,0,0,0,-36.46,705,74,288
16744,3639.01,0,0,0,0,-45.34,705,74,288
16794,3743.45,0,-1,0,0,38870.19,1213,75,25079
16844,3629.32,0,0,0,0,-33.93,1215,75,25079
16894,3593.67,0,0,0,0,-39.95,1215,75,25079
16944,3631.96,0,0,0,0,-27.92,1215,75,25079
16994,3593.67,0,0,0,0,-48.78,1215,75,25079
17044,3629.32,0,0,0,0,-36.51,1215,75,25079
17094,3582.52,0,0,0,0,-46.94,1215,75,25079
17144,3629.32,0,0,0,0,-47.66,1215,75,25079
17195,3577.39,0,0,0,0,33.59,1215,75,25079
17245,3600.58,0,0,0,0,34.44,1215,75,25079
17295,3576.54,0,0,0,0,24.04,1215,75,25079
17345,3586.80,0,0,0,0,35.92,1215,75,25079
17395,3554.50,0,0,1,0,43.48,1215,77,25079
17445,3598.85,0,0,1,0,45.19,1215,78,25079
17495,3563.79,0,0,0,0,27.30,1215,78,25079
17545,3610.11,0,0,0,0,25.60,1215,78,25079
17595,3575.69,0,0,0,0,36.16,1215,78,25079
17645,3623.19,0,0,0,0,-53.46,1215,78,25079
17695,3586.80,0,0,0,0,44.94,1215,78,25079
17745,3610.98,0,0,0,0,-42.52,1215,78,25079
17795,3570.58,0,0,0,0,49.99,1215,78,25079
17845,3610.98,0,0,0,0,-51.74,1215,78,25079
17895,3577.39,0,0,0,0,28.38,1215,78,25079
17945,3600.58,0,0,0,0,26.43,1215,78,25079
17995,3562.95,0,0,0,0,35.90,1215,79,25079
18045,3597.12,0,0,1,0,41.86,1215,80,25079
18095,3545.26,0,0,1,0,31.28,1215,81,25079
18145,3546.10,0,0,1,0,39.84,1215,82,25079
18195,3593.67,0,-5,0,-6,-864.86,1225,82,25086
18245,3540.24,0,0,1,0,437.48,1233,83,25091
18295,3516.17,0,1,0,0,302.56,1239,83,25116
18345,3536.90,0,0,1,0,157.68,1241,84,25123
18395,3586.80,0,0,1,0,16.95,1241,85,25123
18445,3546.10,0,0,1,0,40.70,1241,87,25123
18495,3589.38,0,0,0,0,23.02,1241,87,25123
18545,3563.79,0,0,0,0,25.58,1241,87,25123
18595,3598.85,0,0,1,0,35.72,1241,88,25123
18646,3558.72,0,0,1,0,41.86,1241,89,25123
18696,3550.30,0,0,1,0,-50.53,1242,91,25123
18746,3510.41,0,1,0,0,45.77,1244,92,25123
18796,3557.87,0,0,1,0,-48.28,1245,94,25123
18846,3523.61,0,0,0,0,42.73,1246,94,25123
18896,3575.69,0,0,0,0,-41.28,1246,95,25123
18946,3555.34,0,0,1,0,31.46,1246,97,25123
18996,3600.58,0,0,0,0,20.45,1246,97,25123
19046,3572.28,0,0,0,0,26.57,1246,98,25123
19096,3612.72,0,0,0,0,35.29,1246,98,25123
19146,3583.37,0,0,0,0,-48.38,1246,98,25123
19196,3629.32,0,0,0,0,-35.65,1246,98,25123
19246,3592.81,0,0,0,0,-40.81,1246,98,25123
19296,3619.69,0,0,-1,0,-50.62,1246,99,25123
19346,3582.52,0,0,0,0,-41.67,1246,99,25123
19396,3630.20,0,0,0,0,-47.69,1246,99,25123
19446,3594.54,0,0,0,0,-40.81,1246,99,25123
19496,3602.31,0,0,0,0,-39.18,1246,99,25123
19546,3602.31,0,0,-1,0,-17.68,1246,100,25123
19596,3647.86,0,0,-1,0,-55.91,1246,102,25123
19646,3615.33,0,0,-1,0,-47.40,1246,103,25123
19696,3662.11,0,0,-1,0,-46.78,1246,105,25123
19746,3626.69,0,0,0,0,35.42,1246,106,25123
19796,3662.11,0,0,-1,0,-35.42,1246,108,25123
19846,3613.59,0,0,-1,0,-21.20,1246,109,25123
19896,3628.45,0,0,0,0,-45.93,1246,109,25123
19946,3593.67,0,0,0,0,-49.63,1246,109,25123
19996,3648.75,0,0,-1,0,-55.93,1246,110,25123
20046,3582.52,0,0,0,0,-41.85,1246,110,25123
20096,3587.66,0,0,1,0,49.28,1246,111,25123
20146,3562.95,0,0,0,0,35.90,1246,112,25123
20196,3610.11,0,0,1,0,43.55,1246,113,25123
20246,3568.03,0,0,0,0,42.95,1246,113,25123
20296,3521.95,0,1,0,0,44.38,1247,113,25123
20346,3509.59,0,1,0,0,35.67,1249,114,25123
20396,3568.03,0,0,0,0,-46.90,1250,115,25123
20446,3523.61,0,0,0,0,43.57,1251,115,25123
20496,3535.23,0,0,1,0,43.01,1251,116,25123
20546,3593.67,0,-5,0,-5,-792.05,1261,116,25129
20596,3562.10,0,0,0,0,376.98,1269,116,25133
20646,3501.40,0,1,0,0,364.58,1276,116,25162
20696,3502.22,0,1,0,0,328.22,1280,116,25177
20746,3629.32,0,0,0,0,-47.66,1281,116,25183
20796,3576.54,0,0,0,0,38.79,1281,116,25183
20846,3599.71,0,0,0,0,33.54,1281,116,25183
20896,3567.18,0,0,0,0,41.19,1281,116,25183
20946,3590.23,0,0,0,0,29.16,1281,116,25183
20996,3555.34,0,0,1,0,40.05,1281,118,25183
21046,3574.83,0,0,0,0,-28.73,1281,119,25183
21096,3526.92,0,0,0,0,61.59,1281,120,25183
21146,3534.40,0,0,1,0,-50.89,1282,121,25183
21196,3488.37,0,1,0,0,46.86,1284,122,25183
21246,3534.40,0,0,1,0,-44.41,1285,124,25183
21296,3511.24,0,1,0,0,24.00,1287,125,25183
21346,3546.10,0,0,1,0,-36.51,1288,127,25183
21396,3510.41,0,1,0,0,46.62,1290,128,25183
21446,3566.33,0,0,0,0,-43.55,1291,128,25183
21496,3533.57,0,0,1,0,45.53,1292,129,25183
21547,3578.24,0,0,0,0,-14.45,1292,130,25183
21597,3554.50,0,0,1,0,33.16,1292,132,25183
21647,3608.37,0,0,1,0,42.64,1292,133,25183
21697,3577.39,0,0,0,0,23.19,1292,133,25183
21747,3623.19,0,0,0,0,-47.50,1292,133,25183
21797,3571.43,0,0,0,0,50.89,1292,133,25183
21847,3580.81,0,0,0,0,-50.01,1292,133,25183
21897,3615.33,0,-5,0,-5,-786.12,1301,133,25188
21947,3595.40,0,-6,0,-6,-904.76,1311,133,25195
21997,3627.57,0,0,0,0,492.18,1322,133,25202
22047,3629.32,0,0,0,0,-35.65,1334,133,25211
22097,3577.39,0,0,0,0,33.59,1334,133,25211
22147,3567.18,0,0,0,0,33.39,1334,133,25211
22197,3501.40,0,1,0,0,339.83,1341,133,25230
22247,3502.22,0,1,0,0,340.98,1346,133,25245
22297,3602.31,0,-2,0,-13,-326.51,1349,133,25258
22347,3451.45,0,1,0,0,333.56,1354,133,25273
22397,3545.26,0,0,1,0,51.00,1354,134,25273
22447,3499.77,0,1,0,0,52.21,1356,135,25273
22497,3534.40,0,0,1,0,-44.41,1357,137,25273
22547,3419.19,0,2,0,0,30.67,1361,137,25273
22597,3470.62,0,1,0,0,-52.20,1365,137,25273
22647,3417.63,0,2,0,0,52.98,1370,137,25273
22697,3470.62,0,1,0,0,-42.04,1374,137,25273
22747,3470.62,0,1,0,0,-34.98,1377,137,25273
22797,3440.37,0,2,0,0,236.10,1383,137,25290
22847,3490.81,0,1,0,0,-44.91,1387,137,25290
22897,3460.21,0,1,0,0,42.83,1390,137,25290
22947,3523.61,0,0,0,0,-43.33,1392,137,25290
22998,3498.95,0,1,0,0,36.28,1394,138,25290
23048,3567.18,0,0,0,0,-55.95,1395,139,25290
23098,3522.78,0,1,0,0,43.55,1397,139,25290
23148,3588.52,0,0,1,0,33.61,1397,140,25290
23198,3545.26,0,0,1,0,53.59,1397,142,25290
23248,3610.11,0,0,1,0,41.78,1397,143,25290
23298,3568.03,0,0,0,0,42.08,1397,143,25290
23348,3639.01,0,0,0,0,-57.35,1397,143,25290
23398,3592.81,0,0,0,0,-49.63,1397,143,25290
23448,3652.30,0,0,-1,0,-48.26,1397,145,25290
23498,3615.33,0,0,-1,0,-55.47,1397,146,25290
23548,3583.37,0,0,-1,0,-36.97,1397,147,25290
23598,3615.33,0,0,-1,0,32.50,1398,148,25290
23648,3661.22,0,0,-1,0,-31.01,1398,149,25290
23698,3617.07,0,0,0,0,-43.54,1398,149,25290
23748,3661.22,0,0,-1,0,-31.89,1399,150,25290
23798,3626.69,0,0,0,0,36.31,1399,151,25290
23848,3624.06,0,0,0,0,-20.03,1399,152,25290
23898,3593.67,0,0,0,0,-29.66,1399,152,25290
23948,3620.56,0,0,0,0,-39.76,1399,152,25290
23998,3580.81,0,0,0,0,-39.09,1399,152,25290
24048,3628.45,0,0,0,0,-34.77,1399,152,25290
24098,3604.90,0,0,0,0,-39.30,1399,152,25290
24148,3652.30,0,0,-1,0,-47.40,1399,153,25290
24198,3613.59,0,0,-1,0,-44.82,1399,154,25290
24248,3639.01,0,0,0,0,-45.34,1399,154,25290
24298,3604.04,0,0,0,0,-40.16,1399,154,25290
24348,3642.54,0,0,-1,0,-39.37,1399,155,25290
24398,3604.04,0,0,-1,0,-50.74,1399,156,25290
24448,3632.84,0,0,0,0,-28.80,1399,157,25290
24498,3592.81,0,0,-1,0,-41.10,1399,158,25290
24548,3632.84,0,0,0,0,-28.80,1399,159,25290
24598,3592.81,0,0,-1,0,-59.37,1399,160,25290
24648,3648.75,0,0,-1,0,-57.65,1399,162,25290
24698,3582.52,0,0,0,0,-33.93,1399,162,25290
24748,3630.20,0,0,0,0,-49.40,1399,162,25290
24798,3568.03,0,0,0,0,43.82,1399,162,25290
24848,3611.85,0,0,0,0,25.76,1399,162,25290
24898,3571.43,0,0,0,0,52.64,1399,162,25290
24948,3610.11,0,0,0,0,52.64,1399,162,25290
24998,3582.52,0,0,0,0,-38.90,1399,162,25290
25048,3623.19,0,0,0,0,-45.80,1399,162,25290
25098,3582.52,0,0,0,0,-48.78,1399,162,25290
25148,3620.56,0,0,0,0,-38.90,1399,162,25290
25198,3571.43,0,0,0,0,50.01,1399,162,25290
25248,3611.85,0,0,0,0,35.31,1399,162,25290
25298,3568.03,0,0,0,0,32.55,1399,162,25290
25348,3587.66,0,0,0,0,35.06,1399,162,25290
25398,3566.33,0,0,0,0,34.24,1399,162,25290
25448,3521.95,0,1,0,0,31.71,1400,163,25290
25498,3489.18,0,1,0,0,45.22,1402,164,25290
25548,3555.34,0,0,1,0,-55.58,1403,166,25290
25598,3521.13,0,1,0,0,35.90,1405,167,25290
25648,3533.57,0,0,1,0,44.68,1405,168,25290
25698,3595.40,0,-4,0,-4,-646.34,1413,168,25295
25748,3501.40,0,1,0,0,379.58,1420,168,25329
25798,3602.31,0,-2,0,-13,-345.77,1423,168,25342
25848,3502.22,0,1,0,0,282.79,1428,168,25357
25899,3603.17,0,-1,0,-3,-161.79,1429,169,25360
25949,3558.72,0,0,1,0,130.41,1431,170,25366
25999,3576.54,0,0,0,0,-7.66,1431,170,25366
26049,3523.61,0,0,0,0,41.88,1431,171,25366
26099,3547.78,0,0,1,0,-20.02,1431,173,25366
26149,3521.95,0,1,0,0,23.31,1433,174,25366
26199,3536.07,0,0,1,0,-24.83,1434,176,25366
26249,3511.24,0,1,0,0,22.33,1436,177,25366
26299,3546.94,0,0,1,0,-47.99,1437,179,25366
26349,3511.24,0,1,0,0,33.19,1439,180,25366
26399,3546.10,0,0,1,0,-34.86,1440,182,25366
26449,3512.88,0,1,0,0,55.15,1442,182,25366
26499,3557.03,0,0,1,0,-58.08,1443,184,25366
26549,3520.30,0,1,0,0,36.73,1445,185,25366
26599,3563.79,0,0,0,0,-31.06,1445,187,25366
26650,3536.90,0,0,1,0,49.04,1445,189,25366
26700,3586.80,0,0,1,0,42.42,1445,190,25366
26750,3555.34,0,0,1,0,42.64,1445,192,25366
26800,3566.33,0,0,0,0,41.17,1445,192,25366
26850,3617.07,0,-4,0,-3,-594.80,1452,192,25379
26900,3501.40,0,1,0,0,390.66,1459,192,25414
26950,3651.41,0,0,-1,0,339.01,1466,193,25417
27000,3662.11,0,0,-1,0,-45.91,1477,194,25425
27051,3626.69,0,0,0,0,35.42,1477,195,25425
27101,3661.22,0,0,-1,0,-31.01,1477,196,25425
27151,3630.20,0,0,0,0,41.77,1477,197,25425
27201,3684.60,0,-1,0,0,-43.82,1479,198,25425
27251,3640.78,0,0,-1,0,44.73,1480,200,25425
27301,3627.57,0,0,0,0,1.76,1481,200,25425
27351,3593.67,0,0,0,0,-36.49,1481,200,25425
27401,3641.66,0,0,-1,0,-37.62,1481,202,25425
27451,3604.04,0,0,-1,0,-36.79,1481,203,25425
27501,3642.54,0,0,-1,0,-28.96,1481,205,25425
27551,3568.03,0,0,0,0,33.41,1481,205,25425
27601,3611.85,0,0,0,0,31.68,1481,205,25425
27651,3586.80,0,0,0,0,37.01,1481,205,25425
27701,3620.56,0,0,0,0,-38.90,1481,205,25425
27751,3583.37,0,0,0,0,-37.33,1481,205,25425
27801,3629.32,0,0,0,0,-36.51,1481,205,25425
27851,3591.95,0,0,0,0,-50.49,1481,205,25425
27901,3638.13,0,0,0,0,-45.31,1481,206,25425
27951,3582.52,0,0,0,0,-32.20,1481,206,25425
28001,3639.01,0,0,0,0,-45.34,1481,206,25425
28051,3593.67,0,0,0,0,-29.61,1481,206,25425
28101,3620.56,0,0,0,0,-38.05,1481,206,25425
28151,3580.81,0,0,0,0,-56.38,1481,206,25425
28201,3608.37,0,0,0,0,-51.15,1481,206,25425
28251,3575.69,0,0,0,0,37.03,1481,206,25425
28301,3621.44,0,0,0,0,-50.01,1481,206,25425
28351,3575.69,0,0,0,0,35.29,1481,206,25425
28401,3663.90,0,0,-1,0,-113.60,1481,208,25425
28451,3592.81,0,0,0,0,-34.62,1481,208,25425
28502,3629.32,0,0,0,0,-35.65,1481,208,25425
28552,3592.81,0,0,0,0,-39.28,1481,208,25425
28602,3652.30,0,0,-1,0,-50.00,1481,210,25425
28652,3613.59,0,0,-1,0,-49.87,1481,211,25425
28702,3643.43,0,0,-1,0,-38.53,1481,212,25425
28752,3568.03,0,0,0,0,51.66,1481,212,25425
28802,3613.59,0,0,0,0,26.58,1481,212,25425
28852,3577.39,0,0,0,0,35.33,1481,212,25425
28902,3611.85,0,0,0,0,24.85,1481,212,25425
28952,3567.18,0,0,0,0,34.26,1481,212,25425
29002,3610.98,0,0,0,0,34.26,1481,212,25425
29052,3498.95,0,1,0,0,34.62,1482,213,25425
29102,3498.95,0,1,0,0,35.45,1483,214,25425
29152,3551.14,0,0,1,0,432.93,1492,215,25431
29202,3410.64,0,2,0,0,323.49,1498,215,25457
29252,3546.10,0,0,1,0,-50.41,1499,216,25457
29302,3510.41,0,1,0,0,33.17,1501,217,25457
29352,3535.23,0,0,1,0,-25.64,1502,219,25457
29402,3510.41,0,1,0,0,44.93,1504,220,25457
29452,3568.03,0,0,0,0,-45.25,1505,220,25457
29502,3543.59,0,0,1,0,26.99,1505,221,25457
29552,3598.85,0,0,1,0,31.26,1505,222,25457
29602,3499.77,0,1,0,0,99.08,1506,223,25457
29652,3621.44,0,0,0,0,-61.88,1506,224,25461
29702,3585.09,0,0,0,0,44.05,1506,224,25461
29752,3627.57,0,0,0,0,-45.05,1506,224,25461
29802,3591.95,0,0,0,0,-39.97,1506,224,25461
29852,3648.75,0,0,-1,0,-55.93,1506,226,25461
29902,3577.39,0,0,0,0,42.30,1506,226,25461
29952,3630.20,0,0,0,0,-36.53,1506,226,25461
30002,3586.80,0,0,0,0,-36.53,1506,226,25461
30052,3601.44,0,0,0,0,-36.53,1506,226,25461
30102,3577.39,0,0,0,0,33.59,1506,226,25461
30152,3620.56,0,0,0,0,-37.19,1506,226,25461
30202,3582.52,0,0,0,0,-58.06,1506,226,25461
30252,3648.75,0,0,-1,0,-57.65,1506,228,25461
30302,3585.09,0,0,-1,0,-57.65,1506,228,25461
30352,3618.82,0,0,0,0,-44.24,1506,228,25461
30402,3592.81,0,0,0,0,-39.09,1506,228,25461
30452,3610.11,0,0,0,0,-37.39,1506,228,25461
30502,3576.54,0,0,0,0,35.31,1506,228,25461
30552,3628.45,0,0,0,0,-45.93,1506,228,25461
30602,3593.67,0,0,0,0,-50.49,1506,228,25461
30652,3629.32,0,0,0,0,-36.51,1506,228,25461
30702,3604.90,0,0,0,0,-41.03,1506,228,25461
30752,3647.86,0,0,-1,0,-55.91,1506,229,25461
30802,3604.04,0,0,-1,0,-46.53,1506,230,25461
30852,3642.54,0,0,-1,0,-39.37,1506,232,25461
30902,3591.95,0,0,-1,0,-52.46,1506,233,25461
30952,3599.71,0,0,0,0,34.24,1506,233,25461
31002,3558.72,0,0,1,0,51.39,1506,234,25461
31052,3546.94,0,0,1,0,-53.69,1507,235,25461
31102,3521.95,0,1,0,0,46.08,1509,235,25461
31152,3568.88,0,0,0,0,-45.27,1509,235,25461
31202,3563.79,0,0,0,0,-33.55,1509,236,25461
31252,3536.90,0,0,1,0,587.38,1521,237,25470
31302,3595.40,0,-4,0,-4,-737.24,1529,237,25475
31352,3551.14,0,0,1,0,349.02,1535,238,25478
31403,3503.04,0,1,0,0,275.30,1540,238,25493
31453,3558.72,0,0,1,0,181.00,1541,240,25500
31503,3581.66,0,1,0,0,49.13,1542,240,25500
31553,3536.90,0,0,1,0,49.90,1542,242,25500
31603,3585.94,0,0,1,0,35.53,1542,243,25500
31653,3557.03,0,0,1,0,20.36,1542,245,25500
31703,3587.66,0,0,1,0,30.60,1542,246,25500
31753,3553.66,0,0,1,0,45.19,1542,248,25500
31803,3598.85,0,0,1,0,39.82,1542,249,25500
31853,3562.95,0,0,0,0,35.90,1542,250,25500
31903,3622.31,0,0,0,0,-54.28,1542,250,25500
31953,3585.94,0,0,0,0,44.92,1542,250,25500
32003,3638.13,0,0,0,0,-55.61,1542,250,25500
32053,3585.94,0,0,0,0,-55.61,1542,250,25500
32103,3629.32,0,0,0,0,-35.65,1542,250,25500
32153,3592.81,0,0,0,0,-32.22,1542,250,25500
32203,3647.86,0,0,-1,0,-56.77,1542,252,25500
32253,3602.31,0,0,-1,0,-53.35,1542,253,25500
32303,3653.19,0,0,-1,0,-50.02,1542,255,25500
32353,3604.04,0,0,-1,0,-23.72,1542,256,25500
32403,3652.30,0,0,-1,0,-48.26,1542,258,25500
32453,3603.17,0,0,-1,0,-34.34,1542,259,25500
32503,3611.85,0,0,0,0,46.41,1542,259,25500
32553,3559.56,0,0,1,0,52.28,1542,260,25500
32603,3585.94,0,0,1,0,40.92,1542,261,25500
32653,3563.79,0,0,0,0,35.92,1542,261,25500
32703,3586.80,0,0,1,0,46.05,1542,262,25500
32753,3553.66,0,0,1,0,34.86,1542,264,25500
32803,3598.85,0,0,1,0,31.44,1542,265,25500
32854,3573.98,0,0,0,0,24.87,1542,266,25500
32904,3598.85,0,0,0,0,33.35,1542,266,25500
32954,3576.54,0,0,0,0,35.31,1542,266,25500
33004,3611.85,0,0,0,0,42.08,1542,266,25500
33054,3581.66,0,0,0,0,-47.50,1542,266,25500
33104,3610.98,0,0,0,0,-42.40,1542,266,25500
33154,3571.43,0,0,0,0,51.76,1542,266,25500
33204,3612.72,0,0,0,0,51.71,1542,266,25500
33254,3600.58,0,0,0,0,-6.82,1542,266,25500
33304,3619.69,0,0,0,0,-27.87,1542,266,25500
33354,3593.67,0,0,0,0,-38.21,1542,266,25500
33404,3639.01,0,0,0,0,-45.34,1542,266,25500
33454,3592.81,0,0,0,0,-49.63,1542,266,25500
33504,3639.01,0,0,0,0,-56.49,1542,266,25500
33554,3593.67,0,0,0,0,-41.69,1542,266,25500
33604,3643.43,0,0,-1,0,-41.12,1542,268,25500
33654,3633.72,0,0,0,0,-36.60,1542,268,25500
33704,3653.19,0,0,-1,0,-49.15,1542,269,25500
33754,3603.17,0,0,-1,0,-49.15,1542,270,25500
33804,3652.30,0,0,-1,0,-48.26,1542,272,25500
33854,3604.04,0,0,-1,0,-35.25,1542,273,25500
33904,3652.30,0,0,-1,0,-50.00,1542,275,25500
33954,3615.33,0,0,-1,0,-50.76,1542,276,25500
34004,3652.30,0,0,-1,0,-49.13,1542,278,25500
34054,3593.67,0,0,0,0,-15.78,1542,278,25500
34104,3572.28,0,0,0,0,10.24,1542,278,25500
34154,3536.90,0,0,1,0,49.90,1542,280,25500
34204,3575.69,0,0,0,0,-28.75,1542,281,25500
34254,3546.94,0,0,1,0,39.01,1542,283,25500
34304,3585.94,0,0,1,0,39.84,1542,284,25500
34354,3546.10,0,0,1,0,40.70,1542,286,25500
34404,3598.85,0,0,1,0,50.78,1542,287,25500
34454,3557.87,0,0,1,0,40.97,1542,289,25500
34504,3611.85,0,0,0,0,42.06,1542,289,25500
34554,3577.39,0,0,0,0,33.59,1542,289,25500
34604,3623.19,0,0,0,0,-56.85,1542,289,25500
34654,3582.52,0,0,0,0,-44.94,1542,289,25500
34704,3639.01,0,0,0,0,-46.20,1542,289,25500
34754,3592.81,0,0,0,0,-49.63,1542,289,25500
34804,3643.43,0,0,-1,0,-39.39,1542,291,25500
34854,3604.04,0,0,-1,0,-48.29,1542,292,25500
34904,3638.13,0,0,0,0,-46.17,1542,292,25500
34954,3591.95,0,0,0,0,-53.09,1542,292,25500
35004,3628.45,0,0,0,0,-45.93,1542,292,25500
35054,3581.66,0,0,0,0,-40.81,1542,292,25500
35104,3629.32,0,0,0,0,-36.51,1542,293,25500
35154,3568.88,0,0,0,0,41.23,1542,293,25500
35204,3611.85,0,0,0,0,49.14,1542,293,25500
35254,3564.64,0,0,0,0,47.21,1542,293,25500
35304,3585.94,0,0,1,0,50.55,1542,294,25500
35354,3546.10,0,0,1,0,51.02,1542,296,25500
35404,3610.11,0,0,1,0,50.52,1542,297,25500
35454,3623.19,0,0,0,0,-60.24,1542,297,25500
35504,3495.69,0,1,0,0,539.82,1553,297,25508
35554,3557.03,0,0,1,0,-34.25,1554,299,25508
35604,3520.30,0,1,0,0,35.89,1556,300,25508
35654,3535.23,0,0,1,0,-54.96,1558,301,25508
35704,3511.24,0,1,0,0,22.33,1560,302,25508
35755,3546.10,0,0,1,0,-36.51,1561,304,25508
35805,3521.95,0,1,0,0,46.08,1563,304,25508
35855,3591.09,0,0,0,0,53.78,1563,304,25508
35905,3555.34,0,0,1,0,31.46,1563,306,25508
35955,3610.11,0,0,1,0,50.50,1563,307,25508
36005,3577.39,0,0,0,0,34.46,1563,307,25508
36055,3610.11,0,0,1,0,49.68,1563,308,25508
36105,3580.81,0,0,0,0,-59.40,1563,308,25508
36155,3610.98,0,0,0,0,-52.03,1563,308,25508
36205,3582.52,0,0,0,0,-48.54,1563,308,25508
36255,3610.98,0,0,0,0,44.69,1563,308,25508
36305,3593.67,0,0,0,0,-45.10,1563,308,25508
36355,3648.75,0,0,-1,0,-55.07,1563,309,25508
36405,3626.69,0,0,0,0,23.83,1563,310,25508
36455,3653.19,0,0,-1,0,-37.86,1563,312,25508
36505,3628.45,0,0,0,0,43.52,1563,312,25508
36555,3663.00,0,0,-1,0,-45.06,1563,313,25508
36605,3638.13,0,0,0,0,23.09,1563,314,25508
36655,3685.50,0,-1,0,0,-56.18,1564,314,25508
36705,3641.66,0,0,-1,0,32.11,1564,315,25508
36755,3695.49,0,-1,0,0,-54.71,1566,316,25508
36805,3641.66,0,0,-1,0,31.21,1566,318,25508
36855,3683.69,0,-1,0,0,-31.39,1568,319,25508
36905,3651.41,0,0,-1,0,45.90,1569,321,25508
36955,3673.77,0,0,0,0,-37.41,1569,322,25508
37005,3604.04,0,0,-1,0,-26.46,1569,323,25508
37055,3653.19,0,0,-1,0,-39.60,1569,325,25508
37105,3604.04,0,0,-1,0,-40.30,1569,326,25508
37155,3647.86,0,0,-1,0,-49.01,1569,327,25508
37206,3582.52,0,0,0,0,-32.17,1569,327,25508
37256,3630.20,0,0,0,0,-48.54,1569,327,25508
37306,3577.39,0,0,0,0,35.33,1569,327,25508
37356,3611.85,0,0,0,0,33.54,1569,327,25508
37406,3568.03,0,0,0,0,42.08,1569,327,25508
37456,3597.12,0,0,1,0,46.10,1569,328,25508
37506,3562.95,0,0,0,0,31.59,1569,329,25508
37556,3600.58,0,0,0,0,37.61,1569,329,25508
37606,3568.03,0,0,0,0,43.82,1569,329,25508
37656,3612.72,0,0,0,0,42.95,1569,329,25508
37706,3576.54,0,0,0,0,37.05,1569,329,25508
37756,3610.98,0,0,0,0,32.55,1569,329,25508
37806,3575.69,0,0,0,0,36.16,1569,329,25508
37856,3619.69,0,0,0,0,36.16,1569,329,25508
37906,3558.72,0,0,1,0,41.86,1569,330,25508
37956,3587.66,0,0,1,0,32.28,1569,331,25508
38006,3545.26,0,0,1,0,42.40,1569,333,25508
38056,3597.98,0,0,1,0,43.48,1569,334,25508
38106,3559.56,0,0,1,0,41.88,1569,335,25508
38156,3599.71,0,0,0,0,30.76,1569,335,25508
38206,3575.69,0,0,0,0,36.16,1569,335,25508
38256,3638.13,0,0,0,0,-55.61,1569,335,25508
38306,3581.66,0,0,0,0,-58.06,1569,335,25508
38356,3598.85,0,0,0,0,36.87,1569,335,25508
38406,3576.54,0,0,0,0,35.31,1569,335,25508
38456,3600.58,0,0,0,0,33.57,1569,335,25508
38506,3559.56,0,0,1,0,49.68,1569,337,25508
38556,3585.94,0,0,1,0,40.92,1569,338,25508
38606,3553.66,0,0,1,0,35.72,1569,339,25508
38656,3587.66,0,0,1,0,40.41,1569,340,25508
38706,3554.50,0,0,1,0,33.16,1569,342,25508
38756,3600.58,0,0,0,0,35.04,1569,342,25508
38806,3578.24,0,0,0,0,32.73,1569,342,25508
38856,3629.32,0,0,0,0,-46.81,1569,342,25508
38906,3555.34,0,0,1,0,32.31,1569,343,25508
38956,3610.11,0,0,0,0,32.48,1569,343,25508
39006,3581.66,0,0,0,0,-49.21,1569,343,25508
39056,3627.57,0,0,0,0,-40.77,1569,343,25508
39106,3594.54,0,0,0,0,-50.49,1569,343,25508
39156,3652.30,0,0,-1,0,-48.26,1569,345,25508
39206,3613.59,0,0,-1,0,-54.61,1569,346,25508
39256,3872.97,-1,-3,0,0,-129.52,2078,347,49762
39306,3613.59,0,0,-1,0,-33.45,2078,348,49762
39356,3633.72,0,0,0,0,-28.82,2078,348,49762
39406,3593.67,0,0,0,0,-31.34,2078,348,49762
39456,3620.56,0,0,0,0,-28.61,2078,348,49762
39506,3582.52,0,0,0,0,-39.93,2078,348,49762
39556,3619.69,0,0,0,0,-39.80,2078,348,49762
39606,3568.88,0,0,0,0,40.36,2078,348,49762
39656,3589.38,0,0,0,0,34.44,2078,348,49762
39706,3562.95,0,0,0,0,26.43,2078,349,49762
39756,3598.85,0,0,1,0,32.31,2078,350,49762
39806,3555.34,0,0,1,0,31.46,2078,352,49762
39856,3545.26,0,0,1,0,27.87,2078,353,49762
39906,3503.04,0,1,0,0,262.97,2083,353,49777
39956,3515.35,0,1,0,0,128.96,2084,355,49777
40006,3557.03,0,0,1,0,-37.56,2085,356,49777
40056,3502.22,0,1,0,0,59.04,2087,356,49777
40107,3546.10,0,0,1,0,-46.33,2088,358,49777
40157,3500.58,0,1,0,0,54.76,2090,359,49777
40207,3557.03,0,0,1,0,-36.73,2091,361,49777
40257,3543.59,0,0,1,0,26.14,2091,362,49777
40307,3598.85,0,0,1,0,31.26,2091,363,49777
40357,3557.87,0,0,1,0,51.36,2091,365,49777
40407,3587.66,0,0,1,0,42.38,2091,366,49777
40457,3564.64,0,0,0,0,34.21,2091,367,49777
40507,3670.17,0,0,0,0,-53.97,2091,367,49777
40557,3818.74,0,-2,0,0,-72.48,8299,367,99472
40607,3748.13,0,-1,0,0,-48.08,8302,367,99472
40657,3736.92,0,-1,0,0,34.77,8306,367,99472
40707,3809.04,0,-2,0,0,-46.81,8312,367,99472
40757,3773.58,0,-2,0,0,36.42,8318,367,99472
40807,3808.07,0,-2,0,0,-0.97,8332,367,99478
40857,3836.32,0,-3,0,0,-25.34,8340,367,99478
40907,3771.69,0,-2,0,0,14.28,8346,367,99478
40957,3811.94,0,-2,0,0,-38.36,8352,367,99478
41007,3772.64,0,-2,0,0,39.31,8358,367,99478
41057,3770.74,0,-2,0,0,-45.88,8363,367,99478
41108,3773.58,-1,-2,0,0,-13.24,8370,367,99478
41158,3750.00,0,-1,0,0,34.06,8375,367,99478
41208,3746.25,0,-1,0,0,-24.17,8378,367,99478
41259,3735.06,0,-1,0,0,11.19,8381,367,99478
41309,3760.34,0,-2,0,0,-25.28,8386,367,99478
41359,3735.99,0,-1,0,0,24.35,8390,367,99478
41409,3664.79,0,0,-1,0,10.78,8391,368,99478
41459,3641.66,0,0,-1,0,32.11,8391,369,99478
41509,3648.75,0,0,-1,0,-1.77,8391,371,99478
41559,3568.03,0,0,0,0,44.69,8391,371,99478
41609,3553.66,0,0,1,0,-9.24,8391,373,99478
41659,3544.42,0,0,1,0,32.11,8391,375,99478
41709,3512.06,0,1,0,0,21.51,8392,376,99478
41759,3470.62,0,1,0,0,41.44,8395,376,99478
41809,3502.22,0,1,0,0,-53.15,8398,376,99478
41859,3481.09,0,1,0,0,32.62,8401,376,99478
41909,3490.81,0,1,0,0,-21.00,8404,376,99478
41959,3493.25,0,1,0,0,29.53,8407,376,99478
42009,3501.40,0,1,0,0,20.55,8409,376,99478
42059,3494.87,0,1,0,0,529.81,8421,376,99485
42109,3492.43,0,1,0,0,184.04,8425,376,99500
42159,3557.03,0,0,1,0,-48.26,8426,378,99500
42209,3556.19,0,0,1,0,12.69,8426,379,99500
42259,3585.94,0,0,1,0,17.68,8426,380,99500
42309,3585.94,0,0,0,0,23.84,8426,380,99500
42359,3641.66,0,0,-1,0,-36.76,8426,381,99500
42409,3638.13,0,0,0,0,23.98,8426,382,99500
42459,3663.00,0,0,-1,0,-58.10,8426,383,99500
42509,3638.13,0,0,0,0,23.98,8426,384,99500
42559,3594.54,0,0,0,0,0.00,8426,384,99500
42609,3581.66,0,0,0,0,26.51,8426,384,99500
42659,3639.01,0,0,0,0,-46.20,8426,384,99500
42710,3626.69,0,0,0,0,16.74,8426,385,99500
42760,3673.77,0,0,0,0,-44.44,8426,385,99500
42810,3663.90,0,0,-1,0,30.68,8427,386,99500
42860,3687.32,0,-1,0,0,11.82,8429,386,99500
42910,3663.00,0,0,-1,0,294.78,8435,387,99503
42960,3673.77,0,0,0,0,23.54,8448,387,99511
43010,3700.05,0,-1,0,0,-24.48,8450,387,99511
43060,3686.41,0,-1,0,0,24.62,8453,387,99511
43110,3695.49,0,-1,0,0,-31.59,8455,388,99511
43160,3699.14,0,-1,0,0,20.18,8457,389,99511
43210,3675.57,0,0,0,0,24.48,8459,389,99511
43260,3640.78,0,0,-1,0,44.73,8460,391,99511
43310,3614.46,0,0,-1,0,-2.65,8460,392,99511
43360,3593.67,0,0,0,0,-36.34,8460,392,99511
43410,3629.32,0,0,0,0,-35.65,8460,392,99511
43460,3573.98,0,0,0,0,24.87,8460,392,99511
43510,3601.44,0,0,0,0,24.87,8460,392,99511
43560,3541.91,0,0,1,0,13.43,8460,394,99511
43610,3599.71,0,0,1,0,31.26,8460,395,99511
43660,3567.18,0,0,0,0,33.39,8460,395,99511
43710,3576.54,0,0,0,0,-12.75,8460,395,99511
43760,3564.64,0,0,0,0,21.30,8460,396,99511
43810,3555.34,0,0,1,0,9.29,8460,397,99511
43860,3545.26,0,0,1,0,18.53,8460,399,99511
43910,3585.94,0,0,1,0,29.74,8460,400,99511
43960,3531.90,0,0,1,0,20.07,8460,402,99511
44010,3548.62,0,0,1,0,545.27,8472,403,99519
44060,3540.24,0,0,1,0,443.82,8480,404,99524
44110,3503.04,0,1,0,0,287.71,8486,404,99548
44160,3575.69,0,0,0,0,27.49,8487,404,99548
44210,3562.95,0,0,0,0,23.00,8487,404,99548
44260,3555.34,0,0,1,0,-33.39,8488,406,99548
44310,3531.07,0,0,1,0,22.59,8488,409,99548
44360,3565.49,0,0,0,0,-21.06,8488,410,99548
44410,3564.64,0,0,0,0,23.02,8488,411,99548
44460,3598.85,0,0,0,0,15.39,8488,411,99548
44510,3564.64,0,0,0,0,24.74,8488,411,99548
44560,3601.44,0,0,0,0,0.00,8488,411,99548
44610,3593.67,0,0,0,0,-40.83,8488,411,99548
44660,3591.95,0,0,0,0,-40.83,8488,411,99548
44710,3586.80,0,0,0,0,-40.83,8488,411,99548
44760,3632.84,0,0,0,0,-29.67,8488,411,99548
44810,3613.59,0,0,-1,0,-32.45,8488,412,99548
44860,3653.19,0,0,-1,0,-37.86,8488,414,99548
44910,3614.46,0,0,0,0,-15.78,8488,414,99548
44960,3653.19,0,0,-1,0,-37.86,8488,416,99548
45010,3636.36,0,0,0,0,12.38,8488,418,99548
45060,3633.72,0,0,0,0,-28.82,8488,418,99548
45110,3615.33,0,0,-1,0,-29.07,8488,419,99548
45160,3601.44,0,0,-1,0,-29.07,8488,419,99548
45210,3604.90,0,0,0,0,-42.54,8488,419,99548
45260,3628.45,0,0,0,0,-41.65,8488,419,99548
45310,3604.90,0,0,0,0,-41.65,8488,419,99548
45360,3624.06,0,0,0,0,-6.99,8488,419,99548
45410,3596.26,0,0,0,0,-6.99,8488,419,99548
45460,3643.43,0,0,-1,0,-40.26,8488,420,99548
45510,3572.28,0,0,0,0,23.98,8488,420,99548
45560,3574.83,0,0,0,0,-42.10,8488,422,99548
45611,3557.03,0,0,1,0,17.80,8488,424,99548
45661,3543.59,0,0,1,0,19.36,8488,425,99548
45711,3545.26,0,0,1,0,21.92,8489,426,99548
45761,3563.79,0,0,0,0,-17.69,8489,427,99548
45811,3557.03,0,0,1,0,17.80,8489,429,99548
45861,3543.59,0,0,1,0,21.05,8489,430,99548
45911,3544.42,0,0,1,0,31.26,8489,432,99548
45961,3588.52,0,0,0,0,21.30,8489,432,99548
46011,3556.19,0,0,1,0,21.20,8489,433,99548
46061,3629.32,0,0,0,0,-42.52,8489,433,99548
46111,3615.33,0,0,0,0,-37.53,8489,433,99548
46161,3624.06,0,0,0,0,-8.73,8489,434,99548
46211,3562.95,0,0,0,0,27.29,8489,434,99548
46261,3573.13,0,0,0,0,9.39,8489,434,99548
46311,3556.19,0,0,1,0,20.35,8489,436,99548
46361,3623.19,0,0,0,0,-50.06,8489,436,99548
46411,3615.33,0,0,0,0,-38.42,8489,436,99548
46461,3619.69,0,0,0,0,-38.42,8489,436,99548
46511,3615.33,0,0,-1,0,-44.82,8489,437,99548
46561,3627.57,0,0,0,0,3.51,8489,437,99548
46611,3616.20,0,0,0,0,-17.50,8489,437,99548
46661,3627.57,0,0,0,0,-0.88,8489,438,99548
46711,3626.69,0,0,0,0,15.85,8489,439,99548
46761,3672.87,0,0,0,0,-23.23,8489,441,99548
46811,3675.57,0,0,0,0,19.92,8490,442,99548
46861,3700.05,0,-1,0,0,-24.48,8492,442,99548
46911,3687.32,0,-1,0,0,22.80,8495,442,99548
46961,3675.57,0,0,0,0,11.75,8497,442,99548
47011,3663.00,0,0,-1,0,20.69,8498,444,99548
47062,3637.25,0,0,0,0,10.61,8498,446,99548
47112,3615.33,0,0,0,0,-20.13,8498,446,99548
47162,3643.43,0,0,-1,0,-27.23,8498,447,99548
47212,3573.98,0,0,0,0,20.55,8498,447,99548
47262,3599.71,0,0,0,0,26.58,8498,447,99548
47312,3554.50,0,0,1,0,23.74,8498,448,99548
47362,3590.23,0,0,1,0,21.06,8498,449,99548
47412,3585.94,0,0,0,0,29.83,8498,449,99548
47462,3566.33,0,0,0,0,11.06,8498,449,99548
47512,3567.18,0,0,0,0,8.50,8498,450,99548
47562,3600.58,0,0,0,0,25.58,8498,450,99548
47612,3521.13,0,1,0,0,24.13,8499,451,99548
47662,3536.07,0,0,1,0,-42.82,8501,452,99548
47712,3521.13,0,1,0,0,35.90,8503,453,99548
47762,3549.46,0,0,1,0,-39.04,8504,455,99548
47812,3533.57,0,0,1,0,36.16,8504,456,99548
47862,3586.80,0,0,1,0,30.58,8504,457,99548
47912,3566.33,0,0,0,0,11.91,8504,457,99548
47962,3543.59,0,0,1,0,21.90,8504,458,99548
48012,3562.10,0,0,0,0,394.64,8512,458,99553
48062,3501.40,0,1,0,0,333.94,8519,458,99583
48112,3579.95,0,0,0,0,187.95,8522,458,99594
48162,3517.82,0,1,0,0,141.61,8524,459,99600
48212,3590.23,0,1,0,0,141.61,8524,459,99600
48262,3580.81,0,0,0,0,12.84,8524,459,99600
48312,3578.24,0,0,0,0,-13.61,8524,459,99600
48362,3502.22,0,1,0,0,19.74,8526,460,99600
48412,3503.04,0,1,0,0,-12.23,8529,460,99600
48462,3449.07,0,1,0,0,32.02,8532,460,99600
48512,3481.89,0,1,0,0,-32.83,8535,460,99600
48562,3483.51,0,1,0,0,28.55,8538,460,99600
48612,3534.40,0,0,1,0,-41.97,8540,461,99600
48662,3531.07,0,0,1,0,25.96,8541,463,99600
48712,3565.49,0,0,0,0,-21.06,8541,464,99600
48762,3534.40,0,0,1,0,31.93,8541,466,99600
48812,3564.64,0,0,0,0,21.30,8541,466,99600
48862,3501.40,0,1,0,0,385.62,8548,466,99633
48912,3536.07,0,0,1,0,170.38,8551,467,99643
48962,3566.33,0,0,0,0,12.76,8551,467,99643
49012,3531.07,0,0,1,0,13.35,8551,470,99643
49062,3587.66,0,0,1,0,5.86,8551,472,99643
49112,3573.98,0,0,0,0,15.39,8551,472,99643
49162,3610.11,0,0,0,0,26.58,8551,472,99643
49212,3604.90,0,0,0,0,-37.37,8551,472,99643
49262,3633.72,0,0,0,0,-17.52,8551,472,99643
49312,3624.94,0,0,0,0,27.36,8551,473,99643
49362,3616.20,0,0,0,0,40.87,8551,473,99643
49412,3615.33,0,0,0,0,-30.52,8551,473,99643
49462,3661.22,0,0,-1,0,-34.52,8551,475,99643
49512,3627.57,0,0,0,0,9.68,8551,475,99643
49562,3673.77,0,0,0,0,-41.81,8551,476,99643
49612,3641.66,0,0,-1,0,28.51,8551,478,99643
49662,3663.90,0,0,-1,0,35.24,8552,479,99643
49712,3639.89,0,0,0,0,264.32,8557,479,99646
49762,3602.31,0,-2,0,-10,-265.68,8560,479,99656
49812,3503.04,0,1,0,0,329.36,8567,479,99674
49862,3638.13,0,0,0,0,90.43,8568,479,99677
49912,3557.87,0,0,1,0,183.71,8570,480,99688
49963,3540.24,0,0,1,0,73.35,8571,481,99688
50013,3520.30,0,1,0,0,26.64,8573,482,99688
50063,3557.03,0,0,1,0,-36.73,8574,484,99688
50113,3521.95,0,1,0,0,24.15,8575,485,99688
50163,3546.10,0,0,1,0,-25.80,8576,487,99688
50213,3531.90,0,0,1,0,70.40,8577,488,99688
50263,3510.41,0,1,0,0,23.99,8578,489,99688
50313,3499.77,0,1,0,0,35.47,8580,490,99688
50363,3546.10,0,0,1,0,-35.69,8581,492,99688
50413,3521.13,0,1,0,0,35.90,8583,493,99688
50463,3563.79,0,0,0,0,-31.06,8583,495,99688
50513,3520.30,0,1,0,0,32.52,8584,497,99688
50563,3533.57,0,0,1,0,-24.80,8585,499,99688
50613,3522.78,0,1,0,0,-13.19,8587,499,99688
50663,3538.57,0,0,1,0,485.03,8597,500,99695
50713,3500.58,0,1,0,0,390.47,8604,500,99720
50763,3568.03,0,0,0,0,237.14,8608,500,99734
50813,3612.72,0,-2,0,-12,-310.82,8611,500,99746
50863,3536.07,0,0,1,0,198.06,8614,501,99758
50913,3585.94,0,0,1,0,11.83,8614,502,99758
50963,3534.40,0,0,1,0,38.73,8614,504,99758
51013,3546.10,0,0,1,0,-23.32,8615,506,99758
51063,3511.24,0,1,0,0,34.86,8617,507,99758
51113,3502.22,0,1,0,0,-32.41,8620,507,99758
51163,3501.40,0,1,0,0,12.30,8623,507,99758
51213,3524.44,0,0,0,0,-22.22,8625,507,99758
51263,3480.28,0,1,0,0,21.94,8628,507,99758
51313,3480.28,0,1,0,0,-41.49,8632,507,99758
51363,3469.81,0,1,0,0,-14.39,8634,507,99758
51414,3472.22,0,1,0,0,472.03,8645,507,99764
51464,3510.41,0,1,0,0,36.52,8648,508,99764
51514,3504.67,0,1,0,0,23.91,8650,508,99764
51564,3546.10,0,0,1,0,-25.80,8651,510,99764
51614,3543.59,0,0,1,0,13.44,8652,512,99764
51664,3610.11,0,0,1,0,18.65,8652,513,99764
51714,3575.69,0,0,0,0,25.76,8652,513,99764
51764,3599.71,0,0,0,0,-44.88,8652,513,99764
51814,3620.56,0,0,0,0,-33.76,8652,513,99764
51864,3605.77,0,0,0,0,-1.75,8652,513,99764
51914,3617.07,0,0,0,0,-39.09,8652,513,99764
51964,3673.77,0,0,0,0,-48.83,8652,514,99764
52014,3651.41,0,0,-1,0,33.19,8653,516,99764
52064,3637.25,0,0,0,0,11.50,8653,518,99764
52114,3624.06,0,0,0,0,29.13,8653,519,99764
52164,3609.24,0,0,0,0,29.13,8653,519,99764
52214,3593.67,0,0,0,0,-28.61,8653,519,99764
52264,3619.69,0,0,0,0,-28.64,8653,519,99764
52314,3572.28,0,0,0,0,10.24,8653,519,99764
52364,3599.71,0,0,0,0,10.24,8653,519,99764
52414,3580.81,0,0,0,0,-44.94,8653,519,99764
52464,3598.85,0,0,1,0,31.26,8653,520,99764
52514,3586.80,0,0,0,0,21.46,8653,520,99764
52564,3610.11,0,0,0,0,21.46,8653,520,99764
52614,3584.23,0,0,0,0,21.46,8653,520,99764
52664,3568.03,0,0,0,0,0.00,8653,520,99764
52714,3571.43,0,0,0,0,27.42,8653,521,99764
52764,3648.75,0,0,-1,0,-55.07,8653,522,99764
52814,3625.82,0,0,0,0,17.61,8653,523,99764
52864,3660.32,0,0,-1,0,-11.57,8653,526,99764
52914,3604.90,0,0,0,0,32.75,8653,526,99764
52964,3662.11,0,0,-1,0,-46.78,8653,527,99764
53014,3628.45,0,0,0,0,22.08,8653,528,99764
53064,3600.58,0,0,0,0,24.91,8653,528,99764
53114,3577.39,0,0,0,0,24.91,8653,528,99764
53164,3647.86,0,0,-1,0,-54.18,8653,529,99764
53214,3617.07,0,0,0,0,-14.02,8653,529,99764
53264,3604.90,0,0,0,0,30.95,8653,530,99764
53314,3593.67,0,0,0,0,-36.53,8653,530,99764
53364,3586.80,0,0,0,0,-45.34,8653,530,99764
53414,3577.39,0,0,0,0,11.98,8653,530,99764
53464,3572.28,0,0,0,0,14.52,8653,530,99764
53514,3502.22,0,1,0,0,18.08,8655,531,99764
53564,3565.49,0,0,0,0,-34.41,8655,533,99764
53614,3545.26,0,0,1,0,31.28,8655,535,99764
53664,3577.39,0,0,0,0,-55.44,8656,536,99764
53714,3509.59,0,1,0,0,27.31,8657,537,99764
53764,3576.54,0,0,0,0,-33.79,8657,539,99764
53814,3576.54,0,0,0,0,11.12,8657,540,99764
53864,3629.32,0,0,0,0,-33.93,8657,540,99764
53914,3615.33,0,0,-1,0,-58.80,8657,541,99764
53964,3620.56,0,0,0,0,-26.89,8657,541,99764
54014,3604.90,0,0,0,0,-41.67,8657,541,99764
54064,3631.96,0,0,0,0,-16.63,8657,542,99764
54114,3625.82,0,0,0,0,17.61,8657,543,99764
54164,3648.75,0,0,-1,0,-18.54,8657,544,99764
54214,3639.01,0,0,0,0,22.21,8657,545,99764
54264,3652.30,0,0,-1,0,-48.26,8657,546,99764
54315,3604.04,0,0,0,0,-14.90,8657,546,99764
54365,3614.46,0,0,-1,0,-44.71,8657,547,99764
54415,3604.90,0,0,0,0,-33.91,8657,547,99764
54465,3662.11,0,0,-1,0,-46.78,8657,549,99764
54515,3616.20,0,0,0,0,-8.80,8657,549,99764
54565,3661.22,0,0,-1,0,-23.97,8657,551,99764
54615,3585.09,0,0,0,0,0.88,8657,551,99764
54665,3642.54,0,0,-1,0,-38.51,8657,553,99764
54715,3615.33,0,0,-1,0,-37.64,8657,554,99764
54765,3624.94,0,0,0,0,-9.61,8657,555,99764
54815,3553.66,0,0,1,0,28.86,8657,556,99764
54865,3600.58,0,0,0,0,23.00,8657,556,99764
54915,3586.80,0,0,0,0,25.74,8657,556,99764
54965,3572.28,0,0,0,0,10.24,8657,556,99764
55015,3512.88,0,1,0,0,7.42,8659,557,99764
55065,3576.54,0,0,0,0,-45.46,8659,559,99764
55115,3533.57,0,0,1,0,42.97,8659,561,99764
55165,3545.26,0,0,1,0,-42.23,8661,562,99764
55215,3557.03,0,0,1,0,-42.50,8662,563,99764
55265,3559.56,0,0,1,0,518.74,8673,564,99772
55315,3615.33,0,-5,0,-5,-778.36,8682,564,99778
55365,3604.04,0,-6,0,-5,-839.55,8692,564,99784
55415,3604.90,0,-7,0,-6,-948.70,8703,564,99791
55465,3648.75,0,0,-1,0,-55.07,8717,565,99799
55515,3643.43,0,0,-1,0,-26.36,8717,566,99799
55565,3604.90,0,-6,0,-5,-794.22,8727,566,99805
55615,3627.57,0,0,0,0,477.52,8737,566,99812
55665,3585.94,0,-7,0,-7,-993.29,8749,566,99821
55715,3600.58,0,0,0,0,20.46,8749,566,99821
55766,3593.67,0,-6,0,-6,-913.55,8760,566,99828
55816,3616.20,0,-7,0,-6,-966.95,8772,566,99835
55866,3639.01,0,0,0,0,-45.34,8784,566,99843
55916,3615.33,0,0,-1,0,-43.95,8784,567,99843
55966,3642.54,0,0,-1,0,-39.37,8784,568,99843
56016,3638.13,0,0,0,0,23.09,8784,569,99843
56066,3673.77,0,0,0,0,-35.64,8784,570,99843
56116,3652.30,0,0,-1,0,43.19,8785,572,99843
56166,3586.80,0,0,-1,0,8.87,8785,573,99843
56216,3582.52,0,0,0,0,-55.18,8785,573,99843
56266,3576.54,0,0,0,0,-10.20,8785,573,99843
56316,3573.13,0,0,0,0,14.53,8785,574,99843
56366,3629.32,0,0,0,0,-44.24,8785,574,99843
56416,3580.81,0,0,0,0,-32.05,8785,574,99843
56466,3576.54,0,0,0,0,-32.11,8785,575,99843
56516,3554.50,0,0,1,0,-4.21,8785,577,99843
56566,3562.10,0,0,0,0,407.20,8793,577,99848
56616,3573.13,0,0,0,0,338.21,8800,577,99862
56666,3501.40,0,1,0,0,317.34,8806,577,99880
56716,3609.24,0,0,-1,-3,-161.60,8806,578,99883
56766,3594.54,0,0,-1,-3,-161.60,8806,578,99883
56816,3624.06,0,0,0,0,-51.78,8806,578,99883
56866,3564.64,0,0,0,0,19.59,8806,578,99883
56916,3601.44,0,0,0,0,19.59,8806,578,99883
56966,3604.90,0,0,0,0,-38.27,8806,578,99883
57016,3589.38,0,0,0,0,17.87,8806,578,99883
57066,3591.09,0,0,0,0,11.13,8806,578,99883
57116,3582.52,0,0,0,0,-33.85,8806,578,99883
57166,3562.95,0,0,0,0,24.71,8806,579,99883
57216,3635.48,0,0,0,0,-58.94,8806,579,99883
57266,3603.17,0,0,0,0,-29.61,8806,579,99883
57316,3624.06,0,0,0,0,-20.03,8806,580,99883
57366,3614.46,0,0,-1,0,-51.72,8806,581,99883
57416,3662.11,0,0,-1,0,-35.42,8806,583,99883
57466,3720.24,0,-1,0,-6,-191.66,8807,583,99889
57516,3600.58,0,0,0,0,18.75,8807,583,99889
57566,3604.90,0,0,0,0,-47.92,8807,583,99889
57616,3641.66,0,0,-1,0,-25.46,8807,584,99889
57666,3637.25,0,0,0,0,24.86,8807,585,99889
57716,3661.22,0,0,-1,0,-14.24,8807,588,99889
57766,3651.41,0,0,-1,0,36.81,8808,589,99889
57816,3592.81,0,0,0,0,-2.63,8808,589,99889
57866,3577.39,0,0,0,0,14.56,8808,589,99889
57916,3581.66,0,0,0,0,-43.17,8808,589,99889
57966,3573.98,0,0,0,0,11.96,8808,589,99889
58016,3557.03,0,0,1,0,10.15,8808,590,99889
58066,3562.95,0,0,0,0,24.71,8808,591,99889
58116,3567.18,0,0,0,0,0.00,8808,591,99889
58166,3544.42,0,0,1,0,32.11,8808,593,99889
58216,3555.34,0,0,1,0,-43.29,8810,594,99889
58266,3492.43,0,1,0,0,20.45,8813,594,99889
58316,3566.33,0,0,0,0,-44.38,8814,595,99889
58366,3564.64,0,0,0,0,21.30,8814,596,99889
58416,3611.85,0,0,0,0,23.19,8814,596,99889
58466,3604.90,0,0,0,0,-48.54,8814,596,99889
58516,3652.30,0,0,-1,0,-36.97,8814,597,99889
58566,3648.75,0,0,-1,0,13.36,8814,599,99889
58616,3683.69,0,-1,0,0,-32.28,8816,600,99889
58667,3638.13,0,0,0,0,10.62,8816,602,99889
58717,3650.52,0,0,-1,0,-13.28,8816,604,99889
58767,3638.13,0,0,0,0,23.09,8816,605,99889
58817,3624.06,0,0,0,0,-20.89,8816,605,99889
58867,3613.59,0,0,-1,0,-41.10,8816,606,99889
58917,3628.45,0,0,0,0,-33.05,8816,606,99889
58967,3563.79,0,0,0,0,18.73,8816,606,99889
59017,3601.44,0,0,0,0,15.38,8816,606,99889
59067,3577.39,0,0,0,0,22.32,8816,606,99889
59117,3522.78,0,1,0,0,0.00,8818,607,99889
59167,3531.90,0,0,1,0,14.19,8819,609,99889
59217,3585.94,0,0,1,0,8.45,8819,610,99889
59267,3522.78,0,1,0,0,20.81,8820,611,99889
59317,3574.83,0,0,0,0,-29.57,8820,612,99889
59367,3564.64,0,0,0,0,33.35,8820,613,99889
59417,3557.03,0,0,1,0,-35.08,8821,615,99889
59467,3556.19,0,0,1,0,20.35,8821,617,99889
59517,3622.31,0,0,0,0,-49.18,8821,617,99889
59567,3585.09,0,0,0,0,-49.18,8821,617,99889
59617,3643.43,0,0,-1,0,-38.53,8821,618,99889
59667,3616.20,0,0,0,0,-18.39,8821,618,99889
59717,3662.11,0,0,-1,0,-23.98,8821,620,99889
59767,3663.00,0,0,-1,0,21.59,8822,622,99889
59817,3685.50,0,-1,0,0,-21.61,8824,623,99889
59867,3604.90,0,0,0,0,26.50,8824,624,99889
59917,3662.11,0,0,-1,0,-58.94,8824,625,99889
59967,3572.28,0,0,0,0,23.98,8824,625,99889
60017,3588.52,0,0,1,0,21.91,8824,626,99889
60067,3586.80,0,0,0,0,20.49,8824,626,99889
60118,3541.91,0,0,1,0,3.35,8824,628,99889
60168,3543.59,0,0,1,0,35.51,8825,629,99889
60218,3587.66,0,0,1,0,33.14,8825,630,99889
60268,3586.80,0,0,0,0,8.56,8825,630,99889
60318,3592.81,0,0,0,0,-42.52,8825,630,99889
60368,3604.90,0,0,0,0,-35.48,8825,630,99889
60418,3641.66,0,0,-1,0,-26.33,8825,632,99889
60468,3626.69,0,0,0,0,22.94,8825,633,99889
60518,3672.87,0,0,0,0,-35.62,8825,634,99889
60568,3593.67,0,0,0,0,10.55,8825,634,99889
60618,3662.11,0,0,-1,0,-46.78,8825,636,99889
60668,3615.33,0,0,-1,0,-22.08,8825,637,99889
60718,3625.82,0,0,0,0,26.49,8826,638,99889
60768,3614.46,0,0,-1,0,-41.97,8826,639,99889
60818,3662.11,0,0,-1,0,-35.42,8826,641,99889
60868,3625.82,0,0,0,0,24.71,8826,642,99889
60918,3616.20,0,0,0,0,31.84,8826,643,99889
60968,3626.69,0,0,0,0,15.85,8826,644,99889
61018,3650.52,0,0,-1,0,-23.83,8826,646,99889
61068,3573.98,0,0,0,0,19.69,8826,646,99889
61118,3576.54,0,0,0,0,-31.28,8826,647,99889
61168,3498.95,0,1,0,0,33.79,8827,649,99889
61218,3545.26,0,0,1,0,-34.02,8828,651,99889
61268,3542.75,0,0,1,0,15.97,8828,653,99889
61318,3587.66,0,0,1,0,19.49,8828,654,99889
61368,3563.79,0,0,0,0,35.06,8828,655,99889
61418,3564.64,0,0,0,0,23.88,8828,655,99889
61468,3583.37,0,-5,0,-5,-798.51,8838,655,99896
61518,3551.14,0,0,1,0,508.40,8848,656,99902
61568,3502.22,0,1,0,0,326.27,8853,656,99920
61618,3585.09,0,-1,0,-6,-186.00,8854,656,99926
61668,3610.98,0,-1,0,-6,-186.00,8854,656,99926
61718,3544.42,0,0,1,0,27.86,8854,657,99926
61768,3611.85,0,0,0,0,30.82,8854,657,99926
61818,3586.80,0,0,0,0,37.87,8854,657,99926
61868,3643.43,0,0,-1,0,-41.12,8854,658,99926
61918,3638.13,0,0,0,0,23.98,8854,659,99926
61968,3660.32,0,0,-1,0,-8.02,8854,662,99926
62018,3640.78,0,0,-1,0,42.92,8855,663,99926
62068,3501.40,0,1,0,0,377.58,8860,663,99944
62118,3616.20,0,-6,0,-4,-624.52,8868,663,99948
62168,3627.57,0,0,0,0,522.96,8879,663,99955
62218,3501.40,0,1,0,0,395.72,8886,663,99990
62268,3501.40,0,1,0,0,380.59,8892,663,100009
62318,3628.45,0,0,0,0,306.50,8898,663,100012
62368,3501.40,0,1,0,0,361.59,8905,663,100035
62418,3525.26,0,0,0,0,179.35,8907,663,100044
62468,3575.69,0,0,0,0,-20.34,8907,664,100044
62518,3555.34,0,0,1,0,31.46,8907,666,100044
62568,3547.78,0,0,1,0,-22.51,8907,667,100044
62618,3541.91,0,0,1,0,17.65,8907,669,100044
62668,3577.39,0,0,0,0,-32.13,8907,670,100044
62718,3563.79,0,0,0,0,26.44,8907,671,100044
62768,3587.66,0,0,1,0,11.83,8907,672,100044
62818,3575.69,0,0,0,0,24.89,8907,672,100044
62868,3618.82,0,0,0,0,24.89,8907,672,100044
62918,3566.33,0,0,0,0,7.65,8907,672,100044
62968,3557.03,0,0,1,0,18.65,8907,673,100044
63019,3553.66,0,0,1,0,34.00,8907,675,100044
63069,3610.11,0,0,0,0,13.68,8907,675,100044
63119,3602.31,0,0,-1,0,-55.85,8907,676,100044
63169,3642.54,0,0,-1,0,-26.34,8907,677,100044
63219,3626.69,0,0,0,0,16.74,8907,678,100044
63269,3633.72,0,0,0,0,-28.82,8907,678,100044
63319,3638.13,0,0,0,0,15.06,8907,679,100044
63369,3638.13,0,0,0,0,-0.88,8907,680,100044
63419,3625.82,0,0,0,0,27.37,8907,681,100044
63469,3604.90,0,0,0,0,21.17,8907,682,100044
63519,3652.30,0,0,-1,0,-84.27,8907,683,100044
63569,3624.06,0,0,0,0,-19.16,8907,683,100044
63619,3563.79,0,0,0,0,27.30,8907,683,100044
63669,3591.95,0,0,0,0,27.30,8907,683,100044
63719,3555.34,0,0,1,0,11.84,8907,684,100044
63769,3589.38,0,0,0,0,23.00,8907,684,100044
63819,3596.26,0,0,0,0,11.98,8907,684,100044
63869,3589.38,0,0,0,0,29.04,8907,684,100044
63919,3598.85,0,0,0,0,23.04,8907,684,100044
63969,3629.32,0,0,0,0,-36.51,8907,684,100044
64019,3577.39,0,0,0,0,32.72,8907,684,100044
64069,3565.49,0,0,0,0,-20.23,8907,685,100044
64119,3567.18,0,0,0,0,9.36,8907,686,100044
64169,3610.98,0,0,0,0,25.72,8907,686,100044
64219,3604.90,0,0,0,0,-29.47,8907,686,100044
64269,3586.80,0,0,0,0,-31.46,8907,686,100044
64319,3617.94,0,1,0,0,47.66,8908,686,100044
64369,3587.66,0,0,1,0,19.37,8908,687,100044
64419,3531.07,0,0,1,0,12.51,8908,690,100044
64470,3574.83,0,0,0,0,-42.10,8908,692,100044
64520,3573.13,0,0,0,0,24.85,8908,693,100044
64570,3575.69,0,0,0,0,-42.95,8908,695,100044
64620,3583.37,0,0,0,0,13.59,8908,695,100044
64670,3582.52,0,0,0,0,13.59,8908,695,100044
64720,3489.18,0,1,0,0,78.85,8909,695,100044
64770,3559.56,0,0,1,0,566.98,8920,696,100051
64820,3503.04,0,1,0,0,298.28,8925,696,100066
64870,3570.58,0,0,0,0,109.50,8927,696,100070
64920,3615.33,0,0,-1,0,-97.33,8927,698,100070
64970,3604.04,0,0,-1,0,-109.45,8927,700,100070
65020,3660.32,0,0,-1,0,63.61,8929,701,100077
65070,3501.40,0,1,0,0,390.66,8935,701,100096
65120,3606.64,0,-2,0,0,-120.92,8937,702,100096
65170,3591.09,0,-2,0,-13,-333.69,8941,702,100109
65220,3602.31,0,-2,0,-14,-359.73,8945,702,100123
65270,3591.95,0,-2,0,-14,-362.18,8949,702,100137
65320,3636.36,0,0,0,0,160.14,8952,702,100150
65370,3502.22,0,1,0,0,350.85,8958,702,100169
65420,3511.24,0,1,0,0,28.17,8959,704,100169
65470,3460.21,0,1,0,0,39.56,8962,704,100169
65520,3438.79,0,2,0,0,0.00,8967,704,100169
65570,3449.07,0,1,0,0,31.21,8970,704,100169
65620,3470.62,0,1,0,0,-42.04,8974,704,100169
65670,3418.41,0,2,0,0,31.45,8979,704,100169
65720,3417.63,0,2,0,0,20.37,8983,704,100169
65770,3453.83,0,1,0,0,482.14,8995,704,100175
65820,3427.79,0,2,0,0,12.58,9001,704,100175
65870,3481.09,0,1,0,0,-42.30,9005,704,100175
65920,3438.79,0,2,0,0,11.07,9009,704,100175
65970,3501.40,0,1,0,0,-51.54,9012,704,100175
66020,3469.81,0,1,0,0,21.81,9015,704,100175
66070,3470.62,0,1,0,0,-21.55,9018,704,100175
66120,3469.81,0,1,0,0,21.81,9021,704,100175
66170,3438.79,0,2,0,0,29.42,9024,704,100175
66220,3521.95,0,1,0,0,79.49,9028,704,100175
66270,3509.59,0,1,0,0,37.35,9030,705,100175
66320,3576.54,0,0,0,0,-43.80,9030,706,100175
66370,3572.28,0,0,0,0,15.38,9030,707,100175
66420,3563.79,0,0,0,0,-31.06,9030,709,100175
66470,3582.52,0,0,1,0,11.81,9030,710,100175
66520,3639.01,0,0,0,0,-44.47,9030,710,100175
66570,3638.13,0,0,0,0,23.98,9030,711,100175
66620,3683.69,0,-1,0,0,-42.03,9031,712,100175
66670,3687.32,0,-1,0,0,23.72,9034,712,100175
66720,3722.08,0,-1,0,0,-34.77,9037,712,100175
66770,3711.95,0,-1,0,0,39.92,9040,712,100175
66820,3736.92,0,-1,0,0,234.49,9046,712,100177
66870,3758.46,0,-2,0,0,-37.30,9059,712,100183
66920,3710.12,0,-1,0,0,36.14,9062,712,100183
66970,3722.08,0,-1,0,0,-34.77,9065,712,100183
67020,3699.14,0,-1,0,0,10.98,9068,712,100183
67070,3711.03,0,-1,0,0,-10.07,9071,712,100183
67120,3648.75,0,0,-1,0,15.15,9072,714,100183
67170,3582.52,0,0,0,0,-20.86,9072,714,100183
67220,3576.54,0,0,0,0,24.90,9072,714,100183
67270,3601.44,0,0,0,0,-46.65,9072,714,100183
67320,3584.23,0,0,0,0,24.05,9072,714,100183
67371,3576.54,0,0,0,0,-34.63,9072,716,100183
67421,3554.50,0,0,1,0,10.98,9072,718,100183
67471,3545.26,0,0,1,0,17.68,9072,719,100183
67521,3531.07,0,0,1,0,23.43,9072,722,100183
67571,3481.89,0,1,0,0,30.99,9075,722,100183
67621,3469.81,0,1,0,0,21.00,9078,722,100183
67671,3469.81,0,1,0,0,11.27,9080,722,100183
67721,3535.23,0,0,1,0,174.88,9084,723,100201
67771,3479.47,0,1,0,0,26.02,9087,723,100201
67821,3534.40,0,0,1,0,-30.55,9088,724,100201
67871,3509.59,0,1,0,0,36.51,9090,725,100201
67921,3588.52,0,0,1,0,21.91,9090,726,100201
67971,3575.69,0,0,0,0,37.90,9090,726,100201
68021,3604.90,0,0,0,0,-47.50,9090,726,100201
68071,3586.80,0,0,0,0,25.80,9090,726,100201
68121,3632.84,0,0,0,0,-27.94,9090,726,100201
68171,3614.46,0,0,-1,0,-51.72,9090,727,100201
68221,3652.30,0,0,-1,0,-36.97,9090,729,100201
68271,3639.01,0,0,0,0,23.10,9090,730,100201
68321,3673.77,0,0,0,0,-35.64,9090,731,100201
68371,3675.57,0,0,0,0,8.12,9091,732,100201
68421,3684.60,0,-1,0,0,-21.59,9093,733,100201
68471,3615.33,0,0,0,0,26.51,9093,734,100201
68521,3649.63,0,0,-1,0,-22.07,9093,735,100201
68571,3616.20,0,0,0,0,-11.41,9093,735,100201
68621,3639.01,0,0,0,0,-12.32,9093,736,100201
68671,3625.82,0,0,0,0,36.29,9093,737,100201
68721,3662.11,0,0,-1,0,-31.03,9093,739,100201
68771,3665.69,0,0,-1,0,65.65,9094,741,100207
68822,3674.67,0,0,0,0,257.18,9100,741,100210
68872,3632.84,0,0,0,0,-16.64,9110,741,100218
68922,3604.04,0,0,-1,0,-41.32,9110,742,100218
68972,3611.85,0,0,0,0,24.91,9110,742,100218
69022,3557.03,0,0,1,0,22.92,9110,743,100218
69072,3548.62,0,0,1,0,516.42,9121,744,100226
69122,3573.13,0,0,0,0,381.52,9129,744,100231
69172,3531.90,0,0,1,0,67.81,9130,745,100231
69222,3534.40,0,0,1,0,-25.63,9132,746,100231
69272,3531.07,0,0,1,0,15.03,9133,748,100231
69322,3565.49,0,0,0,0,-32.75,9133,749,100231
69372,3562.95,0,0,0,0,25.57,9133,750,100231
69422,3591.95,0,0,0,0,25.57,9133,750,100231
69472,3573.98,0,0,0,0,16.25,9133,750,100231
69522,3589.38,0,0,0,0,24.00,9133,750,100231
69572,3573.98,0,0,0,0,26.59,9133,750,100231
69622,3624.06,0,0,0,0,-46.67,9133,750,100231
69672,3603.17,0,0,0,0,-32.26,9133,750,100231
69722,3598.85,0,0,1,0,21.20,9133,751,100231
69772,3596.26,0,0,1,0,21.20,9133,751,100231
69822,3590.23,0,0,0,0,-36.58,9133,751,100231
69872,3586.80,0,0,0,0,26.44,9133,751,100231
69922,3613.59,0,0,0,0,-38.14,9133,751,100231
69972,3591.95,0,0,0,0,-38.14,9133,751,100231
70022,3599.71,0,0,0,0,-38.14,9133,751,100231
70072,3573.13,0,0,0,0,25.72,9133,751,100231
70122,3583.37,0,0,0,0,25.72,9133,751,100231
70172,3491.62,0,1,0,0,30.33,9135,752,100231
70222,3418.41,0,2,0,0,21.16,9140,752,100231
70272,3369.27,0,2,0,0,25.93,9144,752,100231
70322,3279.41,0,4,0,1,251.67,9153,753,100248
70372,3209.24,0,5,0,0,23.52,9166,753,100248
70422,3161.22,0,5,0,0,16.74,9176,753,100248
70472,2999.40,0,7,0,2,480.07,9194,753,100273
70522,3003.00,5,7,0,0,16.93,9214,753,100273
70572,2948.11,0,8,0,0,15.73,9230,753,100273
70622,2895.75,0,9,0,0,12.91,9247,753,100273
70672,2803.74,4,10,0,0,42.56,9275,753,100273
70722,2748.76,0,11,0,0,38.82,9296,753,100273
70772,2695.42,3,11,0,7,38.81,9318,753,100280
70822,2660.05,0,12,0,0,5.20,9342,753,100285
70872,2593.81,51,13,0,41,225.74,9380,753,100368
70922,2526.53,8,13,0,0,0.43,9406,753,100378
70972,2473.21,7,14,0,0,0.41,9434,753,100386
71022,2415.07,8,15,0,0,5.07,9464,753,100394
71072,2362.20,10,16,0,1,7.84,9495,753,100401
71122,2313.03,11,16,0,0,2.86,9527,753,100408
71173,2248.54,17,17,0,1,13.22,9561,753,100416
71223,2221.56,0,17,0,3,26.97,9578,753,100419
71273,2162.01,4,18,0,6,46.47,9614,753,100426
71323,2111.78,11,19,0,6,47.42,9651,753,100432
71373,2064.69,18,19,0,5,38.80,9689,753,100438
71424,2055.92,0,20,0,1,8.77,9709,753,100439
71474,2006.42,2,20,0,0,5.65,9749,753,100444
71524,1956.69,16,21,0,1,8.72,9791,753,100450
71574,1915.22,1,21,0,5,41.47,9812,753,100455
71624,1878.05,23,22,0,1,16.13,9856,753,100458
71674,1861.27,24,22,0,2,16.78,9878,753,100460
71724,1815.10,23,23,0,0,-0.44,9924,753,100465
71774,1766.16,28,23,0,5,48.94,9947,753,100470
71824,1717.03,29,24,0,5,46.64,9994,753,100475
71874,1715.66,24,24,0,0,1.37,10018,753,100475
71924,1666.30,25,25,0,0,-1.29,10068,753,100480
71974,1616.73,30,25,0,5,49.57,10093,753,100485
72024,1616.55,25,25,0,0,0.17,10118,753,100485
72074,1565.44,26,26,0,0,-0.49,10170,753,100490
72124,1515.00,32,27,0,5,50.44,10197,753,100495
72174,1515.76,27,27,0,0,-0.77,10224,753,100495
72224,1460.14,32,27,0,5,55.63,10251,753,100500
72274,1469.15,27,27,0,0,-9.01,10278,753,100500
72324,1420.72,27,28,0,-1,-13.33,10334,753,100506
72374,1359.68,34,29,0,5,61.04,10363,753,100511
72424,1362.15,29,29,0,0,-2.47,10392,753,100511
72474,1307.19,33,29,0,4,54.96,10421,753,100515
72524,1311.30,29,29,0,0,-4.11,10450,753,100515
72574,1253.87,34,30,0,4,57.44,10480,753,100519
72624,1255.86,30,30,0,0,-1.99,10510,753,100519
72674,1199.04,35,31,0,4,56.82,10541,753,100523
72724,1200.96,31,31,0,0,-1.92,10572,753,100523
72774,1141.99,35,31,0,4,58.97,10603,753,100527
72824,1147.49,31,31,0,0,-5.50,10634,753,100527
72875,1085.78,36,32,0,4,61.71,10666,753,100531
72925,1089.64,32,32,0,0,-3.86,10698,753,100531
72975,1035.77,36,33,0,3,53.87,10731,753,100534
73025,1035.77,36,33,0,3,53.87,10731,753,100534
73075,1016.81,34,33,0,1,18.96,10764,753,100535
73125,970.69,36,34,0,2,46.13,10798,753,100537
73175,964.69,34,34,0,0,5.99,10832,753,100537
73225,902.69,38,35,0,3,62.00,10867,753,100540
73275,902.69,38,35,0,3,62.00,10867,753,100540
73325,899.60,35,35,0,0,3.09,10902,753,100540
73375,834.40,38,35,0,3,65.20,10937,753,100543
73425,834.40,38,35,0,3,65.20,10937,753,100543
73475,828.36,36,36,0,0,6.04,10973,753,100543
73525,746.71,41,37,0,4,81.65,11010,753,100547
73575,746.71,41,37,0,4,81.65,11010,753,100547
73625,747.76,37,37,0,0,-1.04,11047,753,100547
73675,747.76,37,37,0,0,-1.04,11047,753,100547
73725,682.47,39,37,0,2,65.29,11084,753,100549
73775,658.82,39,38,0,1,23.65,11122,753,100550
73825,658.82,39,38,0,1,23.65,11122,753,100550
73875,584.84,41,39,0,2,73.98,11161,753,100552
73925,584.84,41,39,0,2,73.98,11161,753,100552
73975,584.84,41,39,0,2,73.98,11161,753,100552
74025,555.78,40,39,0,1,29.06,11200,753,100553
74075,555.78,40,39,0,1,29.06,11200,753,100553
74125,467.35,42,40,0,2,88.43,11240,753,100555
74175,467.35,42,40,0,2,88.43,11240,753,100555
74225,467.35,42,40,0,2,88.43,11240,753,100555
74275,421.11,42,41,0,1,46.24,11281,753,100556
74326,421.11,42,41,0,1,46.24,11281,753,100556
74376,421.11,42,41,0,1,46.24,11281,753,100556
74426,421.11,42,41,0,1,46.24,11281,753,100556
75276,117.07,-42,41,0,1,46.24,11281,753,100556
75326,117.07,-42,41,0,1,46.24,11281,753,100556
75376,117.07,-42,41,0,1,46.24,11281,753,100556
75426,117.07,-42,41,0,1,46.24,11281,753,100556
75476,117.07,-42,41,0,1,46.24,11281,753,100556
75526,0.00,-42,41,0,1,46.24,11281,753,100556
75576,0.00,-42,41,0,1,46.24,11281,753,100556
75626,0.00,-42,41,0,1,46.24,11281,753,100556
75676,0.00,-42,41,0,1,46.24,11281,753,100556
75726,0.00,-42,41,0,1,46.24,11281,753,100556
75776,0.00,-42,41,0,1,46.24,11281,753,100556
75826,0.00,-42,41,0,1,46.24,11281,753,100556
75876,0.00,-42,41,0,1,46.24,11281,753,100556
75926,0.00,-42,41,0,1,46.24,11281,753,100556
75976,0.00,-42,41,0,1,46.24,11281,753,100556
76026,0.00,-42,41,0,1,46.24,11281,753,100556
76076,0.00,-42,41,0,1,46.24,11281,753,100556
76126,0.00,-42,41,0,1,46.24,11281,753,100556
76176,0.00,-42,41,0,1,46.24,11281,753,100556
76226,0.00,-42,41,0,1,46.24,11281,753,100556
76276,0.00,-42,41,0,1,46.24,11281,753,100556
76326,0.00,-42,41,0,1,46.24,11281,753,100556
76376,0.00,-42,41,0,1,46.24,11281,753,100556
76426,0.00,-42,41,0,1,46.24,11281,753,100556
76476,0.00,-42,41,0,1,46.24,11281,753,100556
76526,0.00,-42,41,0,1,46.24,11281,753,100556
76576,0.00,-42,41,0,1,46.24,11281,753,100556
76626,0.00,-42,41,0,1,46.24,11281,753,100556
76676,0.00,-42,41,0,1,46.24,11281,753,100556
76726,0.00,-42,41,0,1,46.24,11281,753,100556
76776,0.00,-42,41,0,1,46.24,11281,753,100556
76826,0.00,-42,41,0,1,46.24,11281,753,100556
76876,0.00,-42,41,0,1,46.24,11281,753,100556
76926,0.00,-42,41,0,1,46.24,11281,753,100556
76976,0.00,-42,41,0,1,46.24,11281,753,100556
77026,0.00,-42,41,0,1,46.24,11281,753,100556
77076,0.00,-42,41,0,1,46.24,11281,753,100556
77126,0.00,-42,41,0,1,46.24,11281,753,100556
77176,0.00,-42,41,0,1,46.24,11281,753,100556
77227,0.00,-42,41,0,1,46.24,11281,753,100556
77277,0.00,-42,41,0,1,46.24,11281,753,100556
77327,0.00,-42,41,0,1,46.24,11281,753,100556
77377,0.00,-42,41,0,1,46.24,11281,753,100556
77427,0.00,-42,41,0,1,46.24,11281,753,100556
77477,0.00,-42,41,0,1,46.24,11281,753,100556
77527,0.00,-42,41,0,1,46.24,11281,753,100556
77577,0.00,-42,41,0,1,46.24,11281,753,100556
77627,0.00,-42,41,0,1,46.24,11281,753,100556
77677,0.00,-42,41,0,1,46.24,11281,753,100556
77727,0.00,-42,41,0,1,46.24,11281,753,100556
77777,0.00,-42,41,0,1,46.24,11281,753,100556
77827,0.00,-42,41,0,1,46.24,11281,753,100556
77877,0.00,-42,41,0,1,46.24,11281,753,100556
77927,0.00,-42,41,0,1,46.24,11281,753,100556
77977,0.00,-42,41,0,1,46.24,11281,753,100556
78027,0.00,-42,41,0,1,46.24,11281,753,100556
78077,0.00,-42,41,0,1,46.24,11281,753,100556
78127,0.00,-42,41,0,1,46.24,11281,753,100556
78177,0.00,-42,41,0,1,46.24,11281,753,100556
78227,0.00,-42,41,0,1,46.24,11281,753,100556
78277,0.00,-42,41,0,1,46.24,11281,753,100556
78327,0.00,-42,41,0,1,46.24,11281,753,100556
78377,0.00,-42,41,0,1,46.24,11281,753,100556
78427,0.00,-42,41,0,1,46.24,11281,753,100556
78477,0.00,-42,41,0,1,46.24,11281,753,100556
78527,0.00,-42,41,0,1,46.24,11281,753,100556
78577,0.00,-42,41,0,1,46.24,11281,753,100556
78627,0.00,-42,41,0,1,46.24,11281,753,100556
78678,0.00,-42,41,0,1,46.24,11281,753,100556
78728,0.00,-42,41,0,1,46.24,11281,753,100556
78778,0.00,-42,41,0,1,46.24,11281,753,100556
78828,0.00,-42,41,0,1,46.24,11281,753,100556
78878,0.00,-42,41,0,1,46.24,11281,753,100556
78928,0.00,-42,41,0,1,46.24,11281,753,100556
78978,0.00,-42,41,0,1,46.24,11281,753,100556
79028,0.00,-42,41,0,1,46.24,11281,753,100556
79078,0.00,-42,41,0,1,46.24,11281,753,100556
79128,0.00,-42,41,0,1,46.24,11281,753,100556
79178,0.00,-42,41,0,1,46.24,11281,753,100556
79228,0.00,-42,41,0,1,46.24,11281,753,100556
79278,0.00,-42,41,0,1,46.24,11281,753,100556
79328,0.00,-42,41,0,1,46.24,11281,753,100556
79378,0.00,-42,41,0,1,46.24,11281,753,100556
79428,0.00,-42,41,0,1,46.24,11281,753,100556
79478,0.00,-42,41,0,1,46.24,11281,753,100556
79528,0.00,-42,41,0,1,46.24,11281,753,100556
79578,0.00,-42,41,0,1,46.24,11281,753,100556
79628,0.00,-42,41,0,1,46.24,11281,753,100556
79678,0.00,-42,41,0,1,46.24,11281,753,100556
79728,0.00,-42,41,0,1,46.24,11281,753,100556
79778,0.00,-42,41,0,1,46.24,11281,753,100556
79828,0.00,-42,41,0,1,46.24,11281,753,100556
79878,0.00,-42,41,0,1,46.24,11281,753,100556
79928,0.00,-42,41,0,1,46.24,11281,753,100556
79978,0.00,-42,41,0,1,46.24,11281,753,100556
80028,0.00,-42,41,0,1,46.24,11281,753,100556
80078,0.00,-42,41,0,1,46.24,11281,753,100556
