------ Microcontroller Engine Governor - Version: 1.14 ------
-------------------------------------------------------------
PID Gains:        Kp: 0.020000   Ki: 0.005000   Kd: 8.000000
-------------------------------------------------------------
Set RPM:             3600    |  Min RPM:                300
                             |
RPM Precision        2       |  PID I Precision:         202
                             |
Start Steps:         800     |  Max Steps:               1200
                             |
RPM Calc Interval:   1       |  Num Magnets:             1
                             |
LCD Update Interval: 400     |  Serial Update Interval:  50
-------------------------------------------------------------

Time,RPM,Steps Remaining, PID p, PID i, PID d
1521,0.00,0,0,0,0
1571,0.00,0,0,0,0
1622,0.00,0,0,0,0
1672,0.00,0,0,0,0
1722,0.00,0,0,0,0
1772,0.00,0,0,0,0
1822,0.00,0,0,0,0
1872,0.00,0,0,0,0
1922,0.00,0,0,0,0
1972,0.00,0,0,0,0
2022,0.00,0,0,0,0
2072,0.00,0,0,0,0
2122,0.00,0,0,0,0
2172,0.00,0,0,0,0
2222,0.00,0,0,0,0
2272,0.00,0,0,0,0
2322,0.00,0,0,0,0
2372,0.00,0,0,0,0
2422,0.00,0,0,0,0
2472,0.00,0,0,0,0
2522,0.00,0,0,0,0
2572,0.00,0,0,0,0
2622,0.00,0,0,0,0
2672,0.00,0,0,0,0
2722,0.00,0,0,0,0
2772,0.00,0,0,0,0
2822,0.00,0,0,0,0
2872,0.00,0,0,0,0
2922,0.00,0,0,0,0
2972,0.00,0,0,0,0
3022,0.00,0,0,0,0
3072,0.00,0,0,0,0
3122,0.00,0,0,0,0
3172,0.00,0,0,0,0
3222,0.00,0,0,0,0
3272,0.00,0,0,0,0
3322,0.00,0,0,0,0
3372,0.00,0,0,0,0
3422,0.00,0,0,0,0
3472,0.00,0,0,0,0
3522,0.00,0,0,0,0
3572,0.00,0,0,0,0
3622,0.00,0,0,0,0
3672,0.00,0,0,0,0
3722,0.00,0,0,0,0
3772,0.00,0,0,0,0
3822,0.00,0,0,0,0
3872,0.00,0,0,0,0
3922,0.00,0,0,0,0
3972,0.00,0,0,0,0
4022,0.00,0,0,0,0
4072,0.00,0,0,0,0
4122,0.00,0,0,0,0
4172,0.00,0,0,0,0
4222,0.00,0,0,0,0
4272,0.00,0,0,0,0
4322,0.00,0,0,0,0
4372,0.00,0,0,0,0
4422,0.00,0,0,0,0
4472,0.00,0,0,0,0
4523,0.00,0,0,0,0
4573,0.00,0,0,0,0
4623,0.00,0,0,0,0
4673,0.00,0,0,0,0
4723,0.00,0,0,0,0
4773,0.00,0,0,0,0
4823,0.00,0,0,0,0
4873,0.00,0,0,0,0
4923,0.00,0,0,0,0
4973,0.00,0,0,0,0
5023,0.00,0,0,0,0
5073,0.00,0,0,0,0
5123,0.00,0,0,0,0
5173,0.00,0,0,0,0
5223,0.00,0,0,0,0
5273,0.00,0,0,0,0
5323,0.00,0,0,0,0
5373,0.00,0,0,0,0
5423,0.00,0,0,0,0
5473,0.00,0,0,0,0
5523,0.00,0,0,0,0
5573,0.00,0,0,0,0
5623,0.00,0,0,0,0
5673,0.00,0,0,0,0
5723,0.00,0,0,0,0
5773,0.00,0,0,0,0
5823,0.00,0,0,0,0
5873,0.00,0,0,0,0
5923,0.00,0,0,0,0
5974,0.00,0,0,0,0
6024,0.00,0,0,0,0
6074,0.00,0,0,0,0
6124,0.00,0,0,0,0
6174,0.00,0,0,0,0
6224,0.00,0,0,0,0
6274,0.00,0,0,0,0
6324,0.00,0,0,0,0
6374,0.00,0,0,0,0
6424,0.00,0,0,0,0
6474,0.00,0,0,0,0
6524,0.00,0,0,0,0
6574,0.00,0,0,0,0
6624,0.00,0,0,0,0
6674,0.00,0,0,0,0
6724,0.00,0,0,0,0
6774,0.00,0,0,0,0
6824,0.00,0,0,0,0
6874,0.00,0,0,0,0
6924,0.00,0,0,0,0
6974,0.00,0,0,0,0
7024,0.00,0,0,0,0
7074,0.00,0,0,0,0
7124,inf,0,0,0,0
7174,inf,0,0,0,0
7224,508.04,45,61,0,0
7274,508.04,0,61,0,0
7324,639.17,26,59,0,-11
7374,1095.37,0,50,0,-66
7424,1105.05,36,49,0,-1
7474,1499.25,-13,42,0,-78
7524,1530.30,1,41,0,-6
7574,1790.19,4,36,0,-17
7624,1992.83,24,32,0,-3
7674,2132.20,0,29,0,-39
7724,2412.35,-21,23,0,-68
7774,2510.04,-27,21,0,-72
7824,2635.74,45,19,0,30
7874,2815.84,-17,15,0,-42
7924,2866.97,-26,14,0,-58
7974,3015.68,-34,11,0,-52
8024,3165.22,-53,8,0,-78
8074,3027.25,56,11,0,53
8124,3166.56,14,8,0,7
8174,3176.62,64,8,0,71
8224,3351.96,0,4,0,0
8274,3477.05,0,2,0,-1
8324,3495.69,0,2,0,0
8374,3549.46,0,1,0,0
8424,3629.32,0,0,0,0
8474,3720.24,0,-2,0,0
8524,3713.79,0,-2,0,0
8574,3775.48,0,-3,0,0
8624,3759.40,0,-3,0,0
8674,3802.28,0,-4,0,0
8724,3790.75,-2,-3,0,0
8774,3770.74,-2,-3,-2,0
8824,3779.29,-17,-3,-20,0
8875,3785.01,-155,-3,-160,0
8925,3785.01,-1272,-3,-1278,0
8975,3562.95,-10212,0,-10221,0
9025,3541.08,-16220,1,-16230,0
9075,3346.72,208,5,0,210
9125,3342.25,88,5,0,87
9175,3165.89,41,8,0,49
9225,3176.62,82,8,0,85
9275,3277.97,-37,6,0,-47
9325,3165.89,-48,8,0,-72
9375,3081.35,37,10,0,35
9425,3008.42,0,11,0,-17
9475,3166.56,-47,8,0,-64
9525,3166.56,-48,8,0,-76
9575,3142.68,152,9,0,156
9625,3186.74,0,8,0,-4
9675,3176.62,42,8,0,53
9725,3246.05,114,7,0,120
9775,3351.96,0,4,0,-10
9825,3384.48,-25,4,0,-32
9875,3340.76,-26,5,0,-48
9925,3588.52,0,0,0,0
9975,3546.10,0,1,0,0
10025,3644.31,0,0,0,0
10075,3658.54,0,-1,0,0
10125,3734.13,-1,-2,0,0
10175,3802.28,-1,-4,0,0
10225,3781.19,0,-3,0,0
10275,3845.17,0,-4,0,0
10326,3840.25,0,-4,0,0
10376,3884.00,0,-5,0,0
10426,4170.14,-288,-11,0,-280
10476,3778.34,0,-3,0,0
10526,3954.65,-90,-7,0,-93
10576,3780.24,0,-3,0,0
10626,3760.34,0,-3,0,0
10676,3684.60,0,-1,0,0
10726,3669.28,0,-1,0,0
10776,3660.32,0,-1,0,0
10826,3620.56,0,0,0,0
10876,3621.44,0,0,0,0
10926,3537.74,0,1,0,0
10976,3528.58,0,1,0,0
11026,3533.57,0,1,0,0
11076,3494.87,0,2,0,0
11126,3508.77,0,1,0,0
11176,3485.94,0,2,0,0
11226,3481.89,0,2,0,0
11276,3485.94,0,2,0,0
11326,3518.65,0,1,0,0
11376,3521.13,0,1,0,0
11426,3568.03,0,0,0,0
11476,3563.79,0,0,0,0
11526,3602.31,0,0,0,0
11576,3588.52,0,0,0,0
11626,3612.72,0,0,0,0
11676,3579.10,0,0,0,0
11726,3631.08,0,0,0,0
11776,3626.69,0,0,0,0
11826,3664.79,0,-1,0,0
11876,3659.43,0,-1,0,0
11926,3699.14,0,-1,0,0
11976,3674.67,0,-1,0,0
12026,3636.36,0,0,0,0
12076,3664.79,0,-1,0,0
12126,3679.18,0,-1,0,0
12176,3660.32,0,-1,0,0
12226,3678.27,0,-1,0,0
12276,3630.20,0,0,0,0
12326,3593.67,0,0,0,0
12376,3568.03,0,0,0,0
12426,3558.72,0,0,0,0
12476,3522.78,0,1,0,0
12526,3585.09,0,0,0,0
12576,3547.78,0,1,0,0
12626,3527.75,0,1,0,0
12676,3512.88,0,1,0,0
12726,3567.18,0,0,0,0
12776,3556.19,0,0,0,0
12827,3523.61,0,1,0,0
12877,3565.49,0,0,0,0
12928,3620.56,0,0,0,0
12978,3554.50,0,0,0,0
13028,3573.98,0,0,0,0
13078,3573.98,0,0,0,0
13128,3602.31,0,0,0,0
13178,3588.52,0,0,0,0
13228,3588.52,0,0,0,0
13278,3631.08,0,0,0,0
13328,3596.26,0,0,0,0
13378,3620.56,0,0,0,0
13428,3616.20,0,0,0,0
13478,3607.50,0,0,0,0
13528,3617.07,0,0,0,0
13578,3640.78,0,0,0,0
13628,3626.69,0,0,0,0
13678,3617.07,0,0,0,0
13728,3605.77,0,0,0,0
13778,3597.12,0,0,0,0
13828,3635.48,0,0,0,0
13878,3616.20,0,0,0,0
13928,3615.33,0,0,0,0
13978,3606.64,0,0,0,0
14028,3607.50,0,0,0,0
14078,3608.37,0,0,0,0
14128,3664.79,0,-1,0,0
14178,3639.89,0,0,0,0
14228,3675.57,0,-1,0,0
14278,3649.63,0,0,0,0
14328,3639.89,0,0,0,0
14379,3573.13,0,0,0,0
14429,3573.98,0,0,0,0
14479,3560.41,0,0,0,0
14529,3611.85,0,0,0,0
14579,3597.98,0,0,0,0
14629,3583.37,0,0,0,0
14679,3545.26,0,1,0,0
14729,3592.81,0,0,0,0
14779,3521.13,0,1,0,0
14829,3528.58,0,1,0,0
14879,3630.20,0,0,0,0
14929,3542.75,0,1,0,0
14979,3574.83,0,0,0,0
15029,3556.19,0,0,0,0
15079,3611.85,0,0,0,0
15129,3597.98,0,0,0,0
15179,3645.20,0,0,0,0
15229,3631.08,0,0,0,0
15279,3668.38,0,-1,0,0
15329,3649.63,0,0,0,0
15379,3664.79,0,-1,0,0
15429,3648.75,0,0,0,0
15479,3607.50,0,0,0,0
15529,3636.36,0,0,0,0
15579,3654.97,0,-1,0,0
15629,3645.20,0,0,0,0
15679,3568.88,0,0,0,0
15729,3592.81,0,0,0,0
15779,3584.23,0,0,0,0
15830,3564.64,0,0,0,0
15880,3582.52,0,0,0,0
15930,3568.88,0,0,0,0
15980,3584.23,0,0,0,0
16030,3531.90,0,1,0,0
16080,3570.58,0,0,0,0
16130,3564.64,0,0,0,0
16180,3536.07,0,1,0,0
16230,3537.74,0,1,0,0
16280,3596.26,0,0,0,0
16330,3538.57,0,1,0,0
16380,3591.95,0,0,0,0
16430,3565.49,0,0,0,0
16480,3614.46,0,0,0,0
16530,3573.98,0,0,0,0
16580,3621.44,0,0,0,0
16630,3617.07,0,0,0,0
16680,3654.97,0,-1,0,0
16730,3638.13,0,0,0,0
16780,3664.79,0,-1,0,0
16830,3626.69,0,0,0,0
16880,3658.54,0,-1,0,0
16930,3621.44,0,0,0,0
16980,3665.69,0,-1,0,0
17030,3639.89,0,0,0,0
17080,3610.11,0,0,0,0
17130,3597.12,0,0,0,0
17180,3591.09,0,0,0,0
17230,3577.39,0,0,0,0
17280,3582.52,0,0,0,0
17330,3554.50,0,0,0,0
17380,3584.23,0,0,0,0
17430,3574.83,0,0,0,0
17480,3593.67,0,0,0,0
17530,3586.80,0,0,0,0
17580,3620.56,0,0,0,0
17630,3596.26,0,0,0,0
17680,3623.19,0,0,0,0
17730,3545.26,0,1,0,0
17780,3573.98,0,0,0,0
17830,3546.10,0,1,0,0
17880,3577.39,0,0,0,0
17930,3555.34,0,0,0,0
17980,3539.41,0,1,0,0
18030,3546.94,0,1,0,0
18080,3576.54,0,0,0,0
18130,3556.19,0,0,0,0
18180,3573.13,0,0,0,0
18231,3537.74,0,1,0,0
18281,3559.56,0,0,0,0
18331,3578.24,0,0,0,0
18381,3624.94,0,0,0,0
18432,3626.69,0,0,0,0
18482,3591.95,0,0,0,0
18532,3604.04,0,0,0,0
18582,3635.48,0,0,0,0
18632,3631.08,0,0,0,0
18682,3679.18,0,-1,0,0
18732,3659.43,0,-1,0,0
18782,3679.18,0,-1,0,0
18832,3659.43,0,-1,0,0
18882,3687.32,0,-1,0,0
18932,3673.77,0,-1,0,0
18982,3655.86,0,-1,0,0
19032,3639.89,0,0,0,0
19082,3646.09,0,0,0,0
19132,3624.94,0,0,0,0
19182,3645.20,0,0,0,0
19232,3606.64,0,0,0,0
19282,3617.07,0,0,0,0
19332,3608.37,0,0,0,0
19382,3616.20,0,0,0,0
19432,3585.09,0,0,0,0
19482,3556.19,0,0,0,0
19532,3527.75,0,1,0,0
19582,3557.87,0,0,0,0
19632,3521.95,0,1,0,0
19682,3568.03,0,0,0,0
19732,3546.10,0,1,0,0
19782,3573.98,0,0,0,0
19832,3563.79,0,0,0,0
19883,3584.23,0,0,0,0
19933,3573.98,0,0,0,0
19983,3621.44,0,0,0,0
20033,3597.98,0,0,0,0
20083,3602.31,0,0,0,0
20133,3597.98,0,0,0,0
20183,3557.03,0,0,0,0
20233,3587.66,0,0,0,0
20283,3583.37,0,0,0,0
20333,3588.52,0,0,0,0
20383,3579.10,0,0,0,0
20433,3601.44,0,0,0,0
20483,3556.19,0,0,0,0
20533,3592.81,0,0,0,0
20583,3573.13,0,0,0,0
20633,3564.64,0,0,0,0
20683,3546.94,0,1,0,0
20733,3540.24,0,1,0,0
20783,3521.13,0,1,0,0
20833,3568.88,0,0,0,0
20883,3545.26,0,1,0,0
20933,3586.80,0,0,0,0
20983,3564.64,0,0,0,0
21033,3611.85,0,0,0,0
21083,3546.94,0,1,0,0
21133,3621.44,0,0,0,0
21183,3617.07,0,0,0,0
21233,3635.48,0,0,0,0
21283,3621.44,0,0,0,0
21334,3665.69,0,-1,0,0
21384,3626.69,0,0,0,0
21434,3653.19,0,-1,0,0
21484,3639.89,0,0,0,0
21534,3674.67,0,-1,0,0
21584,3660.32,0,-1,0,0
21634,3626.69,0,0,0,0
21684,3588.52,0,0,0,0
21734,3629.32,0,0,0,0
21784,3607.50,0,0,0,0
21834,3607.50,0,0,0,0
21884,3587.66,0,0,0,0
21934,3621.44,0,0,0,0
21984,3617.07,0,0,0,0
22034,3645.20,0,0,0,0
22084,3630.20,0,0,0,0
22134,3672.87,0,-1,0,0
22184,3583.37,0,0,0,0
22234,3602.31,0,0,0,0
22284,3592.81,0,0,0,0
22334,3611.85,0,0,0,0
22384,3588.52,0,0,0,0
22434,3636.36,0,0,0,0
22484,3606.64,0,0,0,0
22534,3716.55,0,-2,0,0
22584,3629.32,0,0,0,0
22634,3617.07,0,0,0,0
22684,3617.07,0,0,0,0
22734,3655.86,0,-1,0,0
22784,3647.86,0,0,0,0
22834,3675.57,0,-1,0,0
22884,3659.43,0,-1,0,0
22934,3662.11,0,-1,0,0
22984,3649.63,0,0,0,0
23034,3659.43,0,-1,0,0
23084,3588.52,0,0,0,0
23134,3602.31,0,0,0,0
23184,3554.50,0,0,0,0
23234,3584.23,0,0,0,0
23284,3531.07,0,1,0,0
23334,3590.23,0,0,0,0
23384,3536.90,0,1,0,0
23434,3548.62,0,1,0,0
23484,3546.10,0,1,0,0
23534,3578.24,0,0,0,0
23584,3546.10,0,1,0,0
23634,3541.08,0,1,0,0
23684,3528.58,0,1,0,0
23734,3580.81,0,0,0,0
23784,3503.85,0,1,0,0
23834,3558.72,0,0,0,0
23884,3537.74,0,1,0,0
23934,3591.95,0,0,0,0
23984,3588.52,0,0,0,0
24034,3635.48,0,0,0,0
24084,3625.82,0,0,0,0
24134,3687.32,0,-1,0,0
24184,3639.89,0,0,0,0
24235,3674.67,0,-1,0,0
24285,3649.63,0,0,0,0
24335,3645.20,0,0,0,0
24385,3631.08,0,0,0,0
24435,3679.18,0,-1,0,0
24485,3647.86,0,0,0,0
24535,3658.54,0,-1,0,0
24585,3579.10,0,0,0,0
24635,3631.08,0,0,0,0
24685,3578.24,0,0,0,0
24735,3568.88,0,0,0,0
24785,3545.26,0,1,0,0
24835,3556.19,0,0,0,0
24885,3531.90,0,1,0,0
24935,3551.98,0,0,0,0
24985,3503.04,0,1,0,0
25035,3539.41,0,1,0,0
25085,3549.46,0,1,0,0
25135,3519.47,0,1,0,0
25185,3568.88,0,0,0,0
25235,3512.88,0,1,0,0
25285,3585.94,0,0,0,0
25335,3579.10,0,0,0,0
25385,3634.60,0,0,0,0
25435,3607.50,0,0,0,0
25485,3546.10,0,1,0,0
25535,3457.02,0,2,0,0
25585,3382.95,0,4,0,0
25635,3155.24,79,8,0,73
25686,3339.27,151,5,0,163
25736,3545.26,0,1,0,0
25786,3477.05,0,2,0,0
25836,3575.69,0,0,0,0
25886,3607.50,0,0,0,0
25936,3718.39,0,-2,0,0
25986,3728.56,0,-2,0,0
26036,3823.60,0,-4,0,0
26086,3909.30,-68,-6,0,-65
26136,3779.29,0,-3,0,0
26186,3944.25,-83,-6,0,-87
26236,3780.24,0,-3,0,0
26286,3933.91,-71,-6,0,-81
26336,3823.60,-1,-4,0,0
26386,3759.40,0,-3,0,0
26436,3744.38,0,-2,0,0
26486,3669.28,0,-1,0,0
26536,3630.20,0,0,0,0
26586,3564.64,0,0,0,0
26636,3555.34,0,0,0,0
26686,3538.57,0,1,0,0
26736,3557.87,0,0,0,0
26786,3477.05,0,2,0,0
26836,3528.58,0,1,0,0
26886,3494.06,1,2,0,0
26937,3540.24,0,1,0,0
26987,3537.74,0,1,0,0
27037,3547.78,0,1,0,0
27087,3579.10,0,0,0,0
27137,3556.19,0,0,0,0
27187,3512.88,0,1,0,0
27237,3438.00,0,3,0,0
27287,3358.71,0,4,0,0
27337,3341.50,-211,5,0,-220
27387,3337.04,-241,5,0,-263
27437,3175.28,62,8,0,64
27487,3340.76,-154,5,0,-164
27537,3349.71,-2,5,0,-8
27587,3453.04,0,2,0,0
27637,3495.69,0,2,0,0
27687,3623.19,0,0,0,0
27737,3639.89,0,0,0,0
27787,3740.65,0,-2,0,0
27837,3812.91,-2,-4,0,0
27887,3831.42,0,-4,0,0
27937,3884.00,0,-5,0,0
27987,3839.26,0,-4,0,0
28037,3890.04,0,-5,0,0
28087,3872.97,-3,-5,0,0
28137,3824.58,0,-4,0,0
28187,3846.15,0,-4,0,0
28237,3825.55,0,-4,0,0
28288,3781.19,0,-3,0,0
28338,3761.28,0,-3,0,0
28388,3695.49,0,-1,0,0
28438,3679.18,0,-1,0,0
28488,3639.89,0,0,0,0
28538,3646.09,0,0,0,0
28588,3630.20,0,0,0,0
28638,3611.85,0,0,0,0
28688,3597.98,0,0,0,0
28738,3564.64,0,0,0,0
28788,3537.74,0,1,0,0
28838,3531.90,0,1,0,0
28888,3548.62,0,1,0,0
28938,3500.58,0,1,0,0
28988,3516.17,0,1,0,0
29038,3512.06,0,1,0,0
29088,3494.87,0,2,0,0
29138,3406.77,0,3,0,0
29188,3330.37,24,5,0,24
29238,3165.22,35,8,0,45
29288,3340.76,179,5,0,187
29338,3350.46,0,4,0,-10
29388,3450.66,0,2,0,0
29438,3578.24,0,0,0,0
29488,3607.50,0,0,0,0
29538,3720.24,0,-2,0,0
29588,3738.78,0,-2,0,0
29638,3823.60,0,-4,0,0
29688,3830.44,0,-4,0,0
29739,3862.00,-3,-5,0,0
29789,4004.27,-114,-8,0,-112
29839,3779.29,0,-3,0,0
29889,4096.12,-162,-9,0,-167
29939,4109.59,-183,-10,0,-175
29989,3778.34,0,-3,0,0
30039,4061.74,-160,-9,0,-161
30089,3870.97,0,-5,0,0
30139,3793.63,-2,-3,0,0
30189,3752.81,0,-3,0,0
30239,3674.67,0,-1,0,0
30289,3607.50,0,0,0,0
30339,3564.64,0,0,0,0
30389,3486.75,0,2,0,0
30440,3445.11,2,3,0,0
30490,3416.86,0,3,0,0
30540,3468.21,0,2,0,-1
30590,3386.77,0,4,0,0
30640,3374.58,0,4,0,0
30690,3379.14,0,4,0,0
30740,3382.95,3,4,0,0
30790,3407.54,0,3,0,-13
30840,3407.54,0,3,0,0
30891,3407.54,0,3,0,0
30941,3413.75,0,3,4,0
30991,3402.13,31,3,32,0
31041,3522.78,0,1,0,0
31091,3615.33,0,0,0,0
31141,3630.20,0,0,0,0
31191,3718.39,0,-2,0,0
31241,3729.49,0,-2,0,0
31291,3810.98,0,-4,0,0
31341,3803.25,0,-4,0,0
31391,3846.15,0,-4,0,0
31441,3857.03,-2,-5,0,0
31491,3841.23,0,-4,0,0
31541,3867.97,0,-5,0,0
31591,3814.85,0,-4,0,0
31641,3825.55,0,-4,0,0
31691,3738.78,0,-2,0,0
31741,3769.79,-2,-3,0,0
31791,3607.50,0,0,0,0
31841,3556.19,0,0,0,0
31891,3537.74,0,1,0,0
31941,3531.90,0,1,0,0
31991,3457.02,0,2,0,0
32041,3458.61,0,2,0,-2
32091,3416.86,0,3,0,0
32141,3424.66,0,3,0,-2
32191,3427.79,1,3,0,0
32241,3390.60,0,4,0,0
32291,3512.06,0,1,0,0
32342,3456.22,0,2,0,0
32392,3519.47,0,1,0,0
32442,3528.58,0,1,0,0
32492,3596.26,0,0,0,0
32542,3597.98,0,0,0,0
32592,3674.67,0,-1,0,0
32642,3668.38,0,-1,0,0
32692,3698.22,0,-1,0,0
32742,3703.70,0,-2,0,0
32792,3744.38,0,-2,0,0
32842,3790.75,-2,-3,0,0
32892,3760.34,0,-3,0,0
32942,3766.95,0,-3,0,0
32992,3740.65,0,-2,0,0
33042,3728.56,0,-2,0,0
33092,3694.58,0,-1,0,0
33142,3669.28,0,-1,0,0
33192,3631.08,0,0,0,0
33242,3582.52,0,0,0,0
33292,3565.49,0,0,0,0
33342,3536.90,0,1,0,0
33392,3503.85,0,1,0,0
33442,3510.41,0,1,0,0
33492,3485.94,0,2,0,0
33542,3465.00,0,2,0,0
33593,3452.24,1,2,0,0
33643,3456.22,0,2,0,0
33693,3527.75,0,1,0,0
33743,3521.95,0,1,0,0
33793,3559.56,0,0,0,0
33843,3557.87,0,0,0,0
33893,3621.44,0,0,0,0
33943,3607.50,0,0,0,0
33993,3617.07,0,0,0,0
34043,3612.72,0,0,0,0
34093,3664.79,0,-1,0,0
34143,3631.08,0,0,0,0
34193,3666.59,0,-1,0,0
34243,3623.19,0,0,0,0
34293,3636.36,0,0,0,0
34343,3607.50,0,0,0,0
34393,3654.97,0,-1,0,0
34443,3639.89,0,0,0,0
34493,3646.09,0,0,0,0
34543,3630.20,0,0,0,0
34593,3617.07,0,0,0,0
34643,3638.13,0,0,0,0
34693,3635.48,0,0,0,0
34743,3626.69,0,0,0,0
34793,3626.69,0,0,0,0
34843,3645.20,0,0,0,0
34893,3631.08,0,0,0,0
34944,3625.82,0,0,0,0
34994,3621.44,0,0,0,0
35044,3696.40,0,-1,0,0
35094,3625.82,0,0,0,0
35144,3654.97,0,-1,0,0
35194,3588.52,0,0,0,0
35244,3630.20,0,0,0,0
35294,3605.77,0,0,0,0
35344,3581.66,0,0,0,0
35394,3573.13,0,0,0,0
35444,3624.06,0,0,0,0
35494,3586.80,0,0,0,0
35544,3563.79,0,0,0,0
35594,3573.98,0,0,0,0
35644,3592.81,0,0,0,0
35694,3523.61,0,1,0,0
35744,3521.13,0,1,0,0
35794,3583.37,0,0,0,0
35844,3560.41,0,0,0,0
35894,3610.11,0,0,0,0
35944,3537.74,0,1,0,0
35994,3573.13,0,0,0,0
36044,3556.19,0,0,0,0
36094,3611.85,0,0,0,0
36144,3587.66,0,0,0,0
36194,3654.97,0,-1,0,0
36244,3616.20,0,0,0,0
36294,3655.86,0,-1,0,0
36344,3631.08,0,0,0,0
36395,3636.36,0,0,0,0
36445,3607.50,0,0,0,0
36495,3621.44,0,0,0,0
36545,3597.12,0,0,0,0
36595,3640.78,0,0,0,0
36645,3621.44,0,0,0,0
36695,3655.86,0,-1,0,0
36745,3640.78,0,0,0,0
36795,3664.79,0,-1,0,0
36845,3695.49,0,-1,0,0
36895,3639.89,0,0,0,0
36945,3636.36,0,0,0,0
36995,3607.50,0,0,0,0
37045,3581.66,0,0,0,0
37095,3574.83,0,0,0,0
37145,3611.85,0,0,0,0
37195,3588.52,0,0,0,0
37245,3620.56,0,0,0,0
37295,3619.69,0,0,0,0
37345,3550.30,0,0,0,0
37395,3617.07,0,0,0,0
37445,3541.08,0,1,0,0
37495,3584.23,0,0,0,0
37545,3569.73,0,0,0,0
37595,3541.08,0,1,0,0
37645,3509.59,0,1,0,0
37695,3559.56,0,0,0,0
37745,3554.50,0,0,0,0
37795,3586.80,0,0,0,0
37846,3574.83,0,0,0,0
37896,3591.95,0,0,0,0
37946,3569.73,0,0,0,0
37996,3592.81,0,0,0,0
38046,3546.10,0,1,0,0
38096,3603.17,0,0,0,0
38146,3545.26,0,1,0,0
38196,3612.72,0,0,0,0
38246,3538.57,0,1,0,0
38296,3600.58,0,0,0,0
38346,3587.66,0,0,0,0
38396,3592.81,0,0,0,0
38446,3597.98,0,0,0,0
38496,3611.85,0,0,0,0
38546,3606.64,0,0,0,0
38596,3635.48,0,0,0,0
38646,3640.78,0,0,0,0
38696,3679.18,0,-1,0,0
38746,3649.63,0,0,0,0
38796,3639.89,0,0,0,0
38846,3617.07,0,0,0,0
38896,3631.08,0,0,0,0
38946,3626.69,0,0,0,0
38996,3597.98,0,0,0,0
39046,3577.39,0,0,0,0
39096,3631.08,0,0,0,0
39146,3624.94,0,0,0,0
39196,3617.94,0,0,0,0
39246,3597.98,0,0,0,0
39296,3639.89,0,0,0,0
39346,3586.80,0,0,0,0
39396,3620.56,0,0,0,0
39446,3596.26,0,0,0,0
39496,3592.81,0,0,0,0
39546,3586.80,0,0,0,0
39596,3621.44,0,0,0,0
39646,3597.98,0,0,0,0
39696,3601.44,0,0,0,0
39746,3573.13,0,0,0,0
39796,3620.56,0,0,0,0
39846,3587.66,0,0,0,0
39896,3620.56,0,0,0,0
39946,3607.50,0,0,0,0
39996,3617.07,0,0,0,0
40046,3598.85,0,0,0,0
40096,3621.44,0,0,0,0
40146,3574.83,0,0,0,0
40196,3621.44,0,0,0,0
40246,3587.66,0,0,0,0
40296,3621.44,0,0,0,0
40346,3617.07,0,0,0,0
40396,3654.97,0,-1,0,0
40446,3588.52,0,0,0,0
40496,3582.52,0,0,0,0
40546,3586.80,0,0,0,0
40596,3581.66,0,0,0,0
40646,3565.49,0,0,0,0
40696,3600.58,0,0,0,0
40747,3537.74,0,1,0,0
40797,3585.94,0,0,0,0
40847,3578.24,0,0,0,0
40897,3573.98,0,0,0,0
40947,3565.49,0,0,0,0
40997,3601.44,0,0,0,0
41047,3611.85,0,0,0,0
41097,3585.09,0,0,0,0
41147,3575.69,0,0,0,0
41197,3568.88,0,0,0,0
41247,3610.98,0,0,0,0
41297,3564.64,0,0,0,0
41347,3573.98,0,0,0,0
41397,3568.88,0,0,0,0
41447,3611.85,0,0,0,0
41497,3581.66,0,0,0,0
41547,3602.31,0,0,0,0
41597,3577.39,0,0,0,0
41647,3602.31,0,0,0,0
41697,3579.10,0,0,0,0
41747,3611.85,0,0,0,0
41797,3579.10,0,0,0,0
41847,3610.98,0,0,0,0
41897,3592.81,0,0,0,0
41947,3605.77,0,0,0,0
41997,3597.98,0,0,0,0
42047,3601.44,0,0,0,0
42097,3563.79,0,0,0,0
42147,3593.67,0,0,0,0
42198,3556.19,0,0,0,0
42248,3582.52,0,0,0,0
42298,3560.41,0,0,0,0
42348,3585.94,0,0,0,0
42398,3579.10,0,0,0,0
42448,3555.34,0,0,0,0
42498,3563.79,0,0,0,0
42548,3593.67,0,0,0,0
42598,3597.98,0,0,0,0
42648,3654.97,0,-1,0,0
42698,3601.44,0,0,0,0
42748,3592.81,0,0,0,0
42798,3579.10,0,0,0,0
42848,3610.98,0,0,0,0
42898,3586.80,0,0,0,0
42948,3610.11,0,0,0,0
42998,3574.83,0,0,0,0
43048,3611.85,0,0,0,0
43098,3581.66,0,0,0,0
43148,3621.44,0,0,0,0
43198,3597.12,0,0,0,0
43248,3568.88,0,0,0,0
43298,3555.34,0,0,0,0
43348,3612.72,0,0,0,0
43398,3588.52,0,0,0,0
43448,3621.44,0,0,0,0
43498,3599.71,0,0,0,0
43548,3646.09,0,0,0,0
43598,3579.95,0,0,0,0
43648,3602.31,0,0,0,0
43698,3607.50,0,0,0,0
43748,3622.31,0,0,0,0
43798,3607.50,0,0,0,0
43848,3607.50,0,0,0,0
43898,3547.78,0,1,0,0
43948,3664.79,0,-1,0,0
43998,3588.52,0,0,0,0
44048,3639.01,0,0,0,0
44098,3626.69,0,0,0,0
44148,3654.97,0,-1,0,0
44198,3631.08,0,0,0,0
44248,3626.69,0,0,0,0
44298,3606.64,0,0,0,0
44348,3645.20,0,0,0,0
44398,3589.38,0,0,0,0
44448,3565.49,0,0,0,0
44498,3555.34,0,0,0,0
44548,3565.49,0,0,0,0
44598,3546.10,0,1,0,0
44648,3584.23,0,0,0,0
44698,3555.34,0,0,0,0
44748,3611.85,0,0,0,0
44798,3588.52,0,0,0,0
44848,3591.09,0,0,0,0
44898,3640.78,0,0,0,0
44948,3575.69,0,0,0,0
44998,3622.31,0,0,0,0
45048,3594.54,0,0,0,0
45099,3565.49,0,0,0,0
45149,3555.34,0,0,0,0
45199,3536.07,0,1,0,0
45249,3536.07,0,1,0,0
45299,3574.83,0,0,0,0
45349,3554.50,0,0,0,0
45399,3592.81,0,0,0,0
45449,3565.49,0,0,0,0
45499,3611.85,0,0,0,0
45549,3588.52,0,0,0,0
45599,3603.17,0,0,0,0
45649,3587.66,0,0,0,0
45699,3631.08,0,0,0,0
45749,3626.69,0,0,0,0
45799,3654.97,0,-1,0,0
45849,3649.63,0,0,0,0
45899,3659.43,0,-1,0,0
45949,3620.56,0,0,0,0
45999,3655.86,0,-1,0,0
46049,3621.44,0,0,0,0
46099,3626.69,0,0,0,0
46149,3606.64,0,0,0,0
46199,3626.69,0,0,0,0
46249,3556.19,0,0,0,0
46299,3591.95,0,0,0,0
46349,3564.64,0,0,0,0
46399,3574.83,0,0,0,0
46449,3568.88,0,0,0,0
46499,3591.95,0,0,0,0
46550,3565.49,0,0,0,0
46600,3593.67,0,0,0,0
46650,3587.66,0,0,0,0
46700,3582.52,0,0,0,0
46750,3539.41,0,1,0,0
46800,3578.24,0,0,0,0
46850,3554.50,0,0,0,0
46900,3582.52,0,0,0,0
46950,3546.94,0,1,0,0
47000,3582.52,0,0,0,0
47050,3570.58,0,0,0,0
47100,3621.44,0,0,0,0
47150,3617.07,0,0,0,0
47200,3664.79,0,-1,0,0
47250,3628.45,0,0,0,0
47300,3620.56,0,0,0,0
47350,3607.50,0,0,0,0
47400,3592.81,0,0,0,0
47450,3555.34,0,0,0,0
47500,3602.31,0,0,0,0
47550,3579.10,0,0,0,0
47600,3602.31,0,0,0,0
47650,3597.98,0,0,0,0
47700,3610.98,0,0,0,0
47750,3582.52,0,0,0,0
47800,3611.85,0,0,0,0
47850,3586.80,0,0,0,0
47900,3556.19,0,0,0,0
47950,3554.50,0,0,0,0
48000,3600.58,0,0,0,0
48050,3563.79,0,0,0,0
48100,3577.39,0,0,0,0
48150,3573.13,0,0,0,0
48200,3601.44,0,0,0,0
48250,3578.24,0,0,0,0
48300,3588.52,0,0,0,0
48350,3653.19,0,-1,0,0
48400,3626.69,0,0,0,0
48450,3597.98,0,0,0,0
48500,3573.98,0,0,0,0
48550,3565.49,0,0,0,0
48600,3579.10,0,0,0,0
48650,3588.52,0,0,0,0
48700,3583.37,0,0,0,0
48750,3585.94,0,0,0,0
48800,3575.69,0,0,0,0
48850,3619.69,0,0,0,0
48900,3586.80,0,0,0,0
48950,3583.37,0,0,0,0
49000,3569.73,0,0,0,0
49050,3593.67,0,0,0,0
49100,3578.24,0,0,0,0
49150,3515.35,0,1,0,0
49200,3546.10,0,1,0,0
49250,3584.23,0,0,0,0
49300,3563.79,0,0,0,0
49350,3592.81,0,0,0,0
49400,3588.52,0,0,0,0
49451,3639.89,0,0,0,0
49501,3631.08,0,0,0,0
49551,3551.98,0,0,0,0
49601,3616.20,0,0,0,0
49651,3617.07,0,0,0,0
49701,3576.54,0,0,0,0
49751,3602.31,0,0,0,0
49801,3584.23,0,0,0,0
49851,3601.44,0,0,0,0
49901,3555.34,0,0,0,0
49951,3574.83,0,0,0,0
50001,3513.70,0,1,0,0
50051,3559.56,0,0,0,0
50101,3554.50,0,0,0,0
50151,3601.44,0,0,0,0
50201,3555.34,0,0,0,0
50251,3612.72,0,0,0,0
50301,3597.98,0,0,0,0
50351,3592.81,0,0,0,0
50401,3579.10,0,0,0,0
50451,3611.85,0,0,0,0
50501,3597.98,0,0,0,0
50551,3601.44,0,0,0,0
50601,3563.79,0,0,0,0
50651,3592.81,0,0,0,0
50701,3573.98,0,0,0,0
50751,3631.08,0,0,0,0
50801,3626.69,0,0,0,0
50851,3646.09,0,0,0,0
50902,3607.50,0,0,0,0
50952,3610.98,0,0,0,0
51002,3605.77,0,0,0,0
51052,3630.20,0,0,0,0
51102,3583.37,0,0,0,0
51152,3611.85,0,0,0,0
51202,3573.13,0,0,0,0
51252,3631.08,0,0,0,0
51302,3588.52,0,0,0,0
51352,3631.08,0,0,0,0
51402,3597.98,0,0,0,0
51452,3621.44,0,0,0,0
51502,3606.64,0,0,0,0
51552,3646.09,0,0,0,0
51602,3583.37,0,0,0,0
51652,3630.20,0,0,0,0
51702,3630.20,0,0,0,0
51752,3636.36,0,0,0,0
51802,3625.82,0,0,0,0
51852,3646.09,0,0,0,0
51902,3621.44,0,0,0,0
51952,3617.07,0,0,0,0
52002,3602.31,0,0,0,0
52052,3597.98,0,0,0,0
52102,3597.98,0,0,0,0
52152,3611.85,0,0,0,0
52202,3597.98,0,0,0,0
52252,3654.97,0,-1,0,0
52302,3617.07,0,0,0,0
52352,3646.09,0,0,0,0
52402,3626.69,0,0,0,0
52452,3634.60,0,0,0,0
52502,3617.07,0,0,0,0
52552,3654.97,0,-1,0,0
52602,3640.78,0,0,0,0
52652,3621.44,0,0,0,0
52702,3620.56,0,0,0,0
52752,3607.50,0,0,0,0
52802,3588.52,0,0,0,0
52852,3593.67,0,0,0,0
52902,3569.73,0,0,0,0
52952,3585.94,0,0,0,0
53002,3570.58,0,0,0,0
53052,3567.18,0,0,0,0
53102,3556.19,0,0,0,0
53152,3548.62,0,1,0,0
53202,3536.07,0,1,0,0
53252,3584.23,0,0,0,0
53302,3546.10,0,1,0,0
53352,3584.23,0,0,0,0
53402,3564.64,0,0,0,0
53452,3584.23,0,0,0,0
53502,3583.37,0,0,0,0
53552,3573.13,0,0,0,0
53602,3616.20,0,0,0,0
53652,3578.24,0,0,0,0
53702,3611.85,0,0,0,0
53752,3597.98,0,0,0,0
53803,3619.69,0,0,0,0
53853,3617.07,0,0,0,0
53903,3597.98,0,0,0,0
53953,3597.98,0,0,0,0
54003,3643.43,0,0,0,0
54053,3582.52,0,0,0,0
54103,3631.08,0,0,0,0
54153,3586.80,0,0,0,0
54203,3635.48,0,0,0,0
54253,3597.98,0,0,0,0
54303,3621.44,0,0,0,0
54353,3607.50,0,0,0,0
54403,3604.90,0,0,0,0
54453,3588.52,0,0,0,0
54503,3621.44,0,0,0,0
54553,3587.66,0,0,0,0
54603,3621.44,0,0,0,0
54653,3606.64,0,0,0,0
54703,3635.48,0,0,0,0
54753,3621.44,0,0,0,0
54803,3586.80,0,0,0,0
54853,3579.10,0,0,0,0
54903,3573.98,0,0,0,0
54953,3563.79,0,0,0,0
55003,3555.34,0,0,0,0
55053,3545.26,0,1,0,0
55103,3559.56,0,0,0,0
55153,3563.79,0,0,0,0
55203,3613.59,0,0,0,0
55254,3538.57,0,1,0,0
55304,3592.81,0,0,0,0
55354,3573.13,0,0,0,0
55404,3611.85,0,0,0,0
55454,3584.23,0,0,0,0
55504,3573.98,0,0,0,0
55554,3565.49,0,0,0,0
55604,3585.94,0,0,0,0
55654,3597.98,0,0,0,0
55704,3624.94,0,0,0,0
55754,3616.20,0,0,0,0
55804,3597.98,0,0,0,0
55854,3598.85,0,0,0,0
55904,3621.44,0,0,0,0
55954,3597.98,0,0,0,0
56004,3629.32,0,0,0,0
56054,3626.69,0,0,0,0
56104,3626.69,0,0,0,0
56154,3616.20,0,0,0,0
56204,3605.77,0,0,0,0
56254,3597.98,0,0,0,0
56304,3591.09,0,0,0,0
56354,3563.79,0,0,0,0
56404,3600.58,0,0,0,0
56454,3605.77,0,0,0,0
56504,3626.69,0,0,0,0
56554,3607.50,0,0,0,0
56604,3635.48,0,0,0,0
56654,3621.44,0,0,0,0
56704,3621.44,0,0,0,0
56754,3597.98,0,0,0,0
56804,3620.56,0,0,0,0
56854,3616.20,0,0,0,0
56904,3645.20,0,0,0,0
56954,3617.07,0,0,0,0
57004,3654.08,0,-1,0,0
57054,3617.07,0,0,0,0
57104,3655.86,0,-1,0,0
57154,3649.63,0,0,0,0
57204,3631.08,0,0,0,0
57254,3617.07,0,0,0,0
57304,3649.63,0,0,0,0
57354,3563.79,0,0,0,0
57404,3556.19,0,0,0,0
57454,3555.34,0,0,0,0
57504,3593.67,0,0,0,0
57554,3585.09,0,0,0,0
57604,3592.81,0,0,0,0
57654,3588.52,0,0,0,0
57704,3611.85,0,0,0,0
57754,3565.49,0,0,0,0
57804,3582.52,0,0,0,0
57854,3569.73,0,0,0,0
57904,3602.31,0,0,0,0
57954,3579.10,0,0,0,0
58004,3603.17,0,0,0,0
58054,3578.24,0,0,0,0
58104,3620.56,0,0,0,0
58155,3587.66,0,0,0,0
58205,3601.44,0,0,0,0
58255,3586.80,0,0,0,0
58305,3601.44,0,0,0,0
58355,3587.66,0,0,0,0
58405,3573.13,0,0,0,0
58455,3536.07,0,1,0,0
58505,3587.66,0,0,0,0
58555,3556.19,0,0,0,0
58605,3545.26,0,1,0,0
58655,3530.24,0,1,0,0
58705,3578.24,0,0,0,0
58755,3529.41,0,1,0,0
58805,3537.74,0,1,0,0
58855,3557.87,0,0,0,0
58905,3546.10,0,1,0,0
58955,3574.83,0,0,0,0
59005,3565.49,0,0,0,0
59055,3591.09,0,0,0,0
59105,3587.66,0,0,0,0
59155,3635.48,0,0,0,0
59205,3588.52,0,0,0,0
59255,3645.20,0,0,0,0
59305,3597.12,0,0,0,0
59355,3654.97,0,-1,0,0
59405,3639.89,0,0,0,0
59455,3694.58,0,-1,0,0
59505,3659.43,0,-1,0,0
59555,3688.22,0,-1,0,0
59606,3674.67,0,-1,0,0
59656,3669.28,0,-1,0,0
59706,3636.36,0,0,0,0
59756,3631.08,0,0,0,0
59806,3588.52,0,0,0,0
59856,3563.79,0,0,0,0
59906,3546.10,0,1,0,0
59956,3540.24,0,1,0,0
60006,3531.90,0,1,0,0
60056,3552.82,0,0,0,0
60106,3547.78,0,1,0,0
60156,3577.39,0,0,0,0
60206,3545.26,0,1,0,0
60256,3541.08,0,1,0,0
60306,3531.90,0,1,0,0
60356,3576.54,0,0,0,0
60406,3556.19,0,0,0,0
60456,3631.08,0,0,0,0
60506,3555.34,0,0,0,0
60556,3555.34,0,0,0,0
60606,3546.94,0,1,0,0
60656,3602.31,0,0,0,0
60706,3536.90,0,1,0,0
60756,3611.85,0,0,0,0
60806,3607.50,0,0,0,0
60856,3689.13,0,-1,0,0
60906,3597.98,0,0,0,0
60956,3646.09,0,0,0,0
61006,3625.82,0,0,0,0
61056,3646.09,0,0,0,0
61106,3624.94,0,0,0,0
61156,3546.10,0,1,0,0
61206,3457.02,0,2,0,0
61256,3383.71,3,4,0,0
61306,3328.16,4,5,0,15
61356,3340.01,-183,5,0,-197
61406,3186.07,0,8,0,-7
61456,3101.10,45,9,0,51
61506,3167.90,-50,8,0,-63
61556,2865.88,42,14,0,42
61606,2865.33,19,14,0,7
61656,2919.42,-15,13,0,-37
61706,2737.73,19,17,0,18
61756,2737.23,0,17,0,-16
61806,2675.70,30,18,0,17
61856,2510.46,35,21,0,22
61906,2543.23,22,21,0,12
61956,2410.41,31,23,0,19
62006,2418.18,27,23,0,16
62056,2317.68,34,25,0,17
62106,2317.68,9,25,0,-7
62156,2230.81,46,27,0,25
62206,2153.01,41,28,0,14
62256,2203.29,0,27,0,-14
62306,2079.00,33,30,0,19
62356,2079.00,23,30,0,-6
62406,2074.69,31,30,0,1
62456,1991.50,33,32,0,1
62507,1919.39,44,33,0,11
62557,1915.22,34,33,0,1
62607,1865.21,34,34,0,0
62657,1817.74,46,35,0,11
62707,1767.20,46,36,0,10
62757,1760.98,37,36,0,1
62807,1710.77,37,37,0,0
62857,1661.68,48,38,0,10
62907,1660.58,38,38,0,0
62957,1607.89,39,39,0,0
63007,1556.50,50,40,0,10
63057,1554.40,40,40,0,0
63107,1503.61,41,41,0,0
63157,1449.00,53,43,0,10
63207,1451.38,42,42,0,0
63257,1396.00,54,44,0,10
63307,1397.04,44,44,0,0
63357,1340.48,54,45,0,9
63407,1342.16,45,45,0,0
63457,1286.89,46,46,0,0
63507,1230.21,56,47,0,9
63557,1231.22,47,47,0,0
63607,1171.33,57,48,0,9
63657,1173.71,48,48,0,0
63707,1173.71,48,48,0,0
63757,1114.08,57,49,0,8
63807,1115.16,49,49,0,0
63857,1060.67,57,50,0,7
63907,1053.30,51,50,0,1
63958,996.28,59,52,0,7
64008,987.88,53,52,0,1
64058,987.88,53,52,0,1
64108,929.43,60,53,0,7
64158,919.96,54,53,0,1
64208,859.11,61,54,0,7
64258,859.11,61,54,0,7
64308,845.36,56,55,0,1
64358,777.56,62,56,0,6
64408,777.56,62,56,0,6
64458,766.36,57,56,0,1
64508,766.36,57,56,0,1
64558,701.49,63,57,0,6
64608,676.41,60,58,0,2
64658,676.41,60,58,0,2
64708,602.60,64,59,0,5
64758,602.60,64,59,0,5
64808,570.67,62,60,0,2
64858,570.67,62,60,0,2
64908,570.67,62,60,0,2
64958,483.42,67,62,0,5
65008,483.42,67,62,0,5
65058,483.42,67,62,0,5
65108,433.71,65,63,0,2
65158,433.71,65,63,0,2
65208,433.71,65,63,0,2
65258,433.71,65,63,0,2
65308,308.85,70,65,0,5
65358,308.85,70,65,0,5
65408,308.85,70,65,0,5
65458,308.85,70,65,0,5
66232,61.79,-70,65,0,5
66282,61.79,-70,65,0,5
66332,61.79,-70,65,0,5
66382,61.79,-70,65,0,5
66432,61.79,-70,65,0,5
66482,61.79,-70,65,0,5
66532,61.79,-70,65,0,5
66582,61.79,-70,65,0,5
66632,61.79,-70,65,0,5
66682,61.79,-70,65,0,5
66732,61.79,-70,65,0,5
66782,61.79,-70,65,0,5
66832,61.79,-70,65,0,5
66882,61.79,-70,65,0,5
66932,61.79,-70,65,0,5
66982,61.79,-70,65,0,5
67032,61.79,-70,65,0,5
67082,61.79,-70,65,0,5
67132,61.79,-70,65,0,5
67182,61.79,-70,65,0,5
67232,61.79,-70,65,0,5
67282,61.79,-70,65,0,5
67332,61.79,-70,65,0,5
67382,61.79,-70,65,0,5
67432,61.79,-70,65,0,5
67482,61.79,-70,65,0,5
67532,61.79,-70,65,0,5
67582,61.79,-70,65,0,5
67632,61.79,-70,65,0,5
67682,61.79,-70,65,0,5
67732,61.79,-70,65,0,5
67782,61.79,-70,65,0,5
67832,61.79,-70,65,0,5
67883,61.79,-70,65,0,5
67933,61.79,-70,65,0,5
67983,61.79,-70,65,0,5
68033,61.79,-70,65,0,5
68083,61.79,-70,65,0,5
68133,61.79,-70,65,0,5
