------ Microcontroller Engine Governoe
------ Microcontroller Engine Governor - Version: 1.16 ------
-------------------------------------------------------------
PID Gains:        Kp: 0.020000   Ki: 0.005000   Kd: 8.000000
-------------------------------------------------------------
Set RPM:             3600    |  Min RPM:                300
                             |
RPM Precision        2       |  PID I Precision:         202
                             |
Start Steps:         850     |  Max Steps:               1200
                             |
RPM Calc Interval:   1       |  Num Magnets:             1
                             |
LCD Update Interval: 400     |  Serial Update Interval:  50
-------------------------------------------------------------

Time,RPM,Steps Remaining, PID p, PID i, PID d, RPM Change
1629,0.00,0,0,0,0,0.00
1679,0.00,0,0,0,0,0.00
1729,0.00,0,0,0,0,0.00
1779,0.00,0,0,0,0,0.00
1829,0.00,0,0,0,0,0.00
1879,0.00,0,0,0,0,0.00
1929,0.00,0,0,0,0,0.00
1979,0.00,0,0,0,0,0.00
2029,0.00,0,0,0,0,0.00
2079,0.00,0,0,0,0,0.00
2129,0.00,0,0,0,0,0.00
2179,0.00,0,0,0,0,0.00
2229,0.00,0,0,0,0,0.00
2279,0.00,0,0,0,0,0.00
2329,0.00,0,0,0,0,0.00
2379,0.00,0,0,0,0,0.00
2429,0.00,0,0,0,0,0.00
2479,0.00,0,0,0,0,0.00
2529,0.00,0,0,0,0,0.00
2579,inf,0,0,0,0,inf
2629,inf,0,0,0,0,inf
2679,inf,0,0,0,0,inf
2729,inf,0,0,0,0,inf
4370,2850.12,13,14,0,0,inf
4420,5023.44,-274,-28,0,-254,-382.35
4470,4643.96,-13,-20,0,0,-1.44
4520,4641.09,-15,-20,0,0,1.44
4570,4641.09,-219,-20,0,-201,-327.02
4620,4312.82,-3,-14,0,0,1.24
4670,4314.06,-7,-14,0,0,-1.24
4720,4468.28,-286,-17,0,-270,-440.35
4770,4027.93,-1,-8,0,0,327.47
4820,4143.65,-51,-10,0,-55,-104.87
4870,4246.89,-258,-12,0,-249,-467.60
4920,3779.29,0,-3,0,0,351.80
4970,3908.29,-59,-6,0,-64,-128.04
5020,3558.72,0,0,0,0,439.15
5070,3801.32,0,-4,-1,0,-243.44
5120,3585.09,0,0,-7,0,27.63
5170,3364.74,0,4,0,0,163.01
5220,3412.97,0,3,0,0,33.72
5270,3332.59,13,5,0,14,31.39
5320,3174.60,81,8,0,74,166.90
5370,3309.07,55,5,0,65,80.00
5420,3340.76,-59,5,0,-73,-175.53
5470,3185.39,0,8,0,-7,-18.16
5520,3028.47,95,11,0,97,244.50
5570,3165.22,-40,8,0,-54,-136.76
5620,3018.11,10,11,0,15,38.13
5670,3028.47,79,11,0,76,181.46
5720,3113.32,-5,9,0,-32,-76.27
5770,3027.25,55,11,0,53,139.32
5820,3165.22,-45,8,0,-54,-136.76
5870,3115.91,36,9,0,40,102.28
5920,3186.74,0,8,0,-9,-21.52
5970,3175.95,53,8,0,64,153.69
6020,3200.34,128,7,0,133,316.66
6070,3260.16,0,6,0,-10,-25.31
6120,3294.53,-1,6,0,-26,-56.19
6170,3348.96,113,5,0,123,379.60
6220,3411.42,0,3,0,0,-51.20
6270,3427.00,0,3,0,0,30.81
6320,3523.61,0,1,0,0,-53.80
6370,3543.59,0,1,0,0,26.99
6420,3632.84,0,0,0,0,-42.61
6470,3648.75,0,0,0,0,14.26
6520,3716.55,0,-2,0,0,-49.07
6571,3722.08,0,-2,0,0,26.04
6621,3785.01,0,-3,0,0,-46.23
6671,3787.88,0,-3,-2,0,12.48
6721,3817.77,-3,-4,0,0,37.29
6771,3855.05,-1,-5,0,0,-17.75
6821,3840.25,0,-4,0,0,24.74
6871,3832.40,0,-4,0,0,5.88
6921,3790.75,0,-3,0,0,30.91
6971,3767.90,0,-3,0,0,-9.44
7022,3732.27,-1,-2,0,0,4.65
7072,3676.47,0,-1,0,0,19.93
7122,3687.32,0,-1,0,0,-29.67
7172,3615.33,0,0,0,0,21.03
7222,3557.87,0,0,0,0,-4.21
7272,3535.23,0,1,0,0,21.80
7322,3528.58,0,1,0,0,-1.66
7372,3521.13,0,1,0,0,-11.53
7422,3585.09,0,0,0,0,-82.87
7472,3504.67,0,1,0,0,-42.87
7522,3485.94,0,2,0,0,21.19
7572,3542.75,0,1,0,0,-50.32
7622,3530.24,0,1,0,0,16.70
7672,3496.50,0,2,0,0,-8.13
7723,3503.04,0,1,0,0,12.31
7773,3567.18,0,0,0,0,-47.71
7823,3553.66,0,0,0,0,12.67
7873,3618.82,0,0,0,0,-37.16
7923,3613.59,0,0,0,0,14.86
7973,3644.31,0,0,0,0,-14.99
8023,3629.32,0,0,0,0,24.76
8073,3663.00,0,-1,0,0,-24.88
8123,3647.86,0,0,0,0,25.01
8173,3697.31,0,-1,0,0,-29.83
8223,3691.85,0,-1,0,0,14.60
8273,3716.55,0,-2,0,0,-23.79
8323,3667.48,0,-1,0,0,28.92
8373,3687.32,0,-1,0,0,-19.83
8423,3677.37,0,-1,0,0,9.94
8473,3666.59,0,-1,0,0,6.28
8523,3604.04,0,0,0,0,29.68
8573,3609.24,0,0,0,0,-12.98
8623,3615.33,0,0,0,0,6.98
8673,3596.26,0,0,0,0,17.33
8723,3583.37,0,0,0,0,16.34
8773,3610.11,0,0,0,0,-15.57
8823,3587.66,0,0,0,0,30.29
8873,3606.64,0,0,0,0,42.11
8923,3605.77,0,0,0,0,23.56
8973,3608.37,0,0,0,0,-20.71
9023,3594.54,0,0,0,0,25.15
9073,3557.87,0,0,0,0,-14.29
9123,3530.24,0,1,0,0,7.49
9174,3574.83,0,0,0,0,-29.57
9224,3563.79,0,0,0,0,26.44
9274,3605.77,0,0,0,0,4.34
9324,3562.10,0,0,0,0,19.56
9374,3609.24,0,0,0,0,-36.96
9424,3563.79,0,0,0,0,8.49
9474,3610.98,0,0,0,0,-39.55
9524,3573.13,0,0,0,0,17.96
9574,3619.69,0,0,0,0,-32.89
9624,3596.26,0,0,0,0,26.05
9674,3620.56,0,0,0,0,-33.76
9724,3605.77,0,0,0,0,23.56
9774,3642.54,0,0,0,0,-27.22
9824,3614.46,0,0,0,0,29.86
9874,3615.33,0,0,0,0,7.86
9924,3604.04,0,0,0,0,30.56
9974,3663.90,0,-1,0,0,-35.45
10024,3629.32,0,0,0,0,33.68
10074,3644.31,0,0,0,0,-24.62
10124,3629.32,0,0,0,0,24.76
10174,3619.69,0,0,0,0,-32.89
10224,3615.33,0,0,0,0,23.68
10274,3644.31,0,0,0,0,-30.73
10324,3604.90,0,0,0,0,19.16
10374,3619.69,0,0,0,0,-23.43
10424,3596.26,0,0,0,0,25.18
10474,3600.58,0,0,0,0,24.23
10524,3596.26,0,0,0,0,13.85
10574,3619.69,0,0,0,0,-23.43
10624,3605.77,0,0,0,0,23.56
10674,3633.72,0,0,0,0,-28.82
10724,3604.04,0,0,0,0,29.68
10774,3591.09,0,0,0,0,-27.30
10824,3569.73,0,0,0,0,29.98
10874,3571.43,0,0,0,0,-13.55
10924,3552.82,0,0,0,0,39.14
10974,3556.19,0,0,0,0,-43.31
11024,3544.42,0,1,0,0,21.91
11074,3591.09,0,0,0,0,-37.43
11124,3528.58,0,1,0,0,16.68
11174,3594.54,0,0,0,0,-50.95
11224,3569.73,0,0,0,0,31.71
11274,3565.49,0,0,0,0,-16.87
11324,3563.79,0,0,0,0,11.04
11374,3619.69,0,0,0,0,-43.15
11424,3575.69,0,0,0,0,24.89
11474,3629.32,0,0,0,0,-42.52
11524,3597.12,0,0,0,0,16.46
11574,3643.43,0,0,0,0,-28.10
11624,3628.45,0,0,0,0,24.74
11674,3615.33,0,0,0,0,7.86
11724,3624.94,0,0,0,0,12.31
11774,3644.31,0,0,0,0,-5.30
11824,3637.25,0,0,0,0,25.76
11874,3644.31,0,0,0,0,3.54
11924,3604.04,0,0,0,0,30.56
11974,3624.06,0,0,0,0,-18.29
12024,3605.77,0,0,0,0,30.59
12075,3717.47,0,-2,0,0,-160.44
12125,3628.45,0,0,0,0,34.56
12175,3613.59,0,0,0,0,15.74
12225,3615.33,0,0,0,0,9.61
12275,3663.00,0,-1,0,0,-35.43
12325,3585.94,0,0,0,0,29.39
12375,3598.85,0,0,0,0,22.31
12425,3595.40,0,0,0,0,24.29
12475,3604.04,0,0,0,0,-40.24
12525,3576.54,0,0,0,0,23.17
12575,3600.58,0,0,0,0,31.13
12625,3583.37,0,0,0,0,16.34
12675,3610.11,0,0,0,0,-24.17
12725,3605.77,0,0,0,0,21.80
12775,3591.09,0,0,0,0,4.30
12825,3573.13,0,0,0,0,7.68
12875,3612.72,0,0,0,0,-36.18
12925,3605.77,0,0,0,0,23.56
12975,3624.94,0,0,0,0,-20.90
13025,3545.26,0,1,0,0,25.32
13075,3571.43,0,0,0,0,-16.93
13125,3554.50,0,0,0,0,26.30
13175,3562.10,0,0,0,0,0.85
13225,3545.26,0,1,0,0,29.57
13275,3520.30,0,1,0,0,24.96
13325,3520.30,0,1,0,0,-14.81
13375,3510.41,0,1,0,0,23.99
13425,3565.49,0,0,0,0,-35.24
13475,3554.50,0,0,0,0,39.17
13526,3565.49,0,0,0,0,-29.42
13576,3572.28,0,0,0,0,11.95
13626,3600.58,0,0,0,0,20.70
13676,3559.56,0,0,0,0,69.76
13726,3653.19,0,-1,0,0,-35.25
13776,3629.32,0,0,0,0,34.57
13826,3604.04,0,0,0,0,25.29
13876,3585.94,0,0,0,0,33.75
13926,3638.13,0,0,0,0,-41.87
13976,3619.69,0,0,0,0,34.39
14026,3643.43,0,0,0,0,-28.10
14076,3629.32,0,0,0,0,23.87
14126,3672.87,0,-1,0,0,-33.86
14176,3596.26,0,0,0,0,36.58
14226,3639.01,0,0,0,0,-53.07
14276,3563.79,0,0,0,0,17.02
14326,3619.69,0,0,0,0,-38.03
14376,3615.33,0,0,0,0,22.80
14426,3654.08,0,-1,0,0,-30.02
14476,3614.46,0,0,0,0,20.14
14526,3654.08,0,-1,0,0,-38.75
14576,3629.32,0,0,0,0,24.76
14626,3643.43,0,0,0,0,-39.39
14676,3615.33,0,0,0,0,28.10
14726,3653.19,0,-1,0,0,-33.50
14776,3639.01,0,0,0,0,32.06
14826,3633.72,0,0,0,0,-29.68
14876,3613.59,0,0,0,0,29.84
14926,3639.01,0,0,0,0,17.74
14976,3619.69,0,0,0,0,130.31
15026,3586.80,0,0,0,0,18.10
15076,3585.94,0,0,0,0,18.96
15126,3600.58,0,0,0,0,33.65
15176,3585.94,0,0,0,0,24.17
15226,3610.11,0,0,0,0,-36.13
15276,3562.10,0,0,0,0,31.58
15326,3553.66,0,0,0,0,21.17
15376,3543.59,0,1,0,0,14.29
15426,3591.95,0,0,0,0,-38.29
15476,3573.13,0,0,0,0,17.96
15526,3591.09,0,0,0,0,-18.82
15576,3580.81,0,0,0,0,11.15
15626,3626.69,0,0,0,0,-29.57
15676,3605.77,0,0,0,0,19.17
15726,3633.72,0,0,0,0,-28.82
15776,3577.39,0,0,0,0,29.25
15826,3610.98,0,0,0,0,-38.70
15876,3576.54,0,0,0,0,24.04
15926,3629.32,0,0,0,0,-33.06
15976,3586.80,0,0,0,0,26.79
16026,3540.24,0,1,0,0,-4.17
16076,3510.41,0,1,0,0,28.99
16126,3530.24,0,1,0,0,-28.84
16176,3536.07,0,1,0,0,20.12
16226,3601.44,0,0,0,0,28.87
16276,3597.12,0,0,0,0,32.20
16326,3653.19,0,-1,0,0,-38.73
16376,3615.33,0,0,0,0,28.10
16427,3598.85,0,0,0,0,24.91
16477,3585.09,0,0,0,0,35.48
16527,3609.24,0,0,0,0,-21.58
16577,3594.54,0,0,0,0,15.57
16627,3591.09,0,0,0,0,-4.29
16677,3577.39,0,0,0,0,31.85
16727,3628.45,0,0,0,0,-33.05
16777,3615.33,0,0,0,0,29.87
16827,3672.87,0,-1,0,0,-25.01
16877,3657.64,0,-1,0,0,19.73
16927,3663.00,0,-1,0,0,-13.37
16977,3648.75,0,0,0,0,24.12
17027,3653.19,0,-1,0,0,-30.00
17077,3639.01,0,0,0,0,23.99
17127,3615.33,0,0,0,0,0.00
17177,3604.04,0,0,0,0,25.29
17227,3624.94,0,0,0,0,-5.25
17277,3596.26,0,0,0,0,10.38
17327,3643.43,0,0,0,0,-35.93
17377,3628.45,0,0,0,0,34.56
17427,3644.31,0,0,0,0,-26.37
17477,3594.54,0,0,0,0,20.79
17527,3633.72,0,0,0,0,-27.08
17577,3605.77,0,0,0,0,27.95
17627,3628.45,0,0,0,0,-33.05
17677,3596.26,0,0,0,0,18.20
17727,3582.52,0,0,0,0,6.86
17777,3576.54,0,0,0,0,23.17
17827,3573.13,0,0,0,0,11.96
17878,3575.69,0,0,0,0,24.89
17928,3590.23,0,0,0,0,-3.43
17978,3591.09,0,0,0,0,10.35
18028,3589.38,0,0,0,0,7.75
18078,3568.88,0,0,0,0,30.83
18128,3581.66,0,0,0,0,-5.12
18178,3569.73,0,0,0,0,31.71
18228,3580.81,0,0,0,0,-26.30
18278,3561.25,0,0,0,0,38.46
18328,3556.19,0,0,0,0,-29.27
18378,3535.23,0,1,0,0,22.64
18428,3546.94,0,1,0,0,-18.36
18478,3530.24,0,1,0,0,16.70
18528,3594.54,0,0,0,0,-46.76
18578,3534.40,0,1,0,0,23.47
18628,3642.54,0,0,0,0,90.66
18678,3605.77,0,0,0,0,101.60
18728,3605.77,0,0,0,0,118.16
18778,3658.54,0,-1,0,0,137.01
18828,3653.19,0,-1,0,0,91.19
18878,3832.40,-3,-4,0,0,-273.68
18928,3697.31,0,-1,0,0,-1.82
18978,3677.37,0,-1,0,0,20.85
19028,3696.40,0,-1,0,0,-13.61
19078,3657.64,0,-1,0,0,39.67
19128,3653.19,0,-1,0,0,-5.33
19178,3614.46,0,0,0,0,29.86
19228,3594.54,0,0,0,0,34.79
19278,3575.69,0,0,0,0,24.89
19328,3540.24,0,1,0,0,12.58
19378,3503.04,0,1,0,0,25.55
19428,3529.41,0,1,0,0,-28.01
19478,3519.47,0,1,0,0,18.26
19528,3510.41,0,1,0,0,18.17
19578,3682.79,0,-1,0,0,49.48
19628,3549.46,0,1,0,0,176.33
19678,3620.56,0,0,0,0,-50.84
19728,3546.94,0,1,0,0,21.94
19778,3610.98,0,0,0,0,-39.55
19828,3535.23,0,1,0,0,27.71
19878,3600.58,0,0,0,0,19.57
19928,3594.54,0,0,0,0,25.15
19978,3613.59,0,0,0,0,-7.82
20028,3605.77,0,0,0,0,32.36
20078,3628.45,0,0,0,0,-32.19
20128,3549.46,0,1,0,0,86.91
20178,3663.00,0,-1,0,0,-38.06
20228,3655.86,0,-1,0,0,23.31
20278,3653.19,0,-1,0,0,-23.87
20328,3639.01,0,0,0,0,32.06
20378,3667.48,0,-1,0,0,-15.18
20428,3648.75,0,0,0,0,149.68
20478,3557.87,0,0,0,0,342.28
20528,3559.56,0,0,0,0,466.20
20578,3557.87,0,0,0,0,368.83
20629,3656.75,0,-1,0,0,-98.03
20679,3553.66,0,0,0,0,18.62
20729,3503.04,0,1,0,0,12.31
20779,3690.94,0,-1,0,0,-189.54
20829,3493.25,0,2,0,0,22.93
20879,3530.24,0,1,0,0,-19.83
20929,3521.13,0,1,0,0,25.81
20979,3511.24,0,1,0,0,-0.82
21029,3521.13,0,1,0,0,10.78
21079,3575.69,0,0,0,0,-47.10
21129,3562.10,0,0,0,0,20.42
21179,3617.94,0,0,0,0,-41.41
21229,3562.10,0,0,0,0,29.85
21279,3610.98,0,0,0,0,-49.72
21329,3605.77,0,0,0,0,24.43
21379,3624.06,0,0,0,0,-8.73
21429,3624.06,0,0,0,0,20.25
21479,3663.00,0,-1,0,0,-24.88
21529,3596.26,0,0,0,0,19.07
21579,3629.32,0,0,0,0,-33.06
21629,3618.82,0,0,0,0,32.59
21679,3605.77,0,0,0,0,23.56
21729,3586.80,0,0,0,0,32.89
21779,3653.19,0,-1,0,0,-47.42
21829,3623.19,0,0,0,0,20.24
21879,3590.23,0,0,0,0,-3.43
21929,3592.81,0,0,0,0,8.63
21979,3619.69,0,0,0,0,-23.43
22029,3604.04,0,0,0,0,25.29
22079,3644.31,0,0,0,0,-29.86
22129,3639.01,0,0,0,0,14.18
22179,3633.72,0,0,0,0,-18.39
22230,3624.94,0,0,0,0,8.78
22280,3624.94,0,0,0,0,4.39
22330,3615.33,0,0,0,0,18.39
22380,3595.40,0,0,0,0,13.84
22430,3586.80,0,0,0,0,32.02
22480,3572.28,0,0,0,0,23.12
22530,3543.59,0,1,0,0,38.93
22580,3557.03,0,0,0,0,-37.56
22630,3561.25,0,0,0,0,34.14
22680,3620.56,0,0,0,0,-33.76
22730,3595.40,0,0,0,0,14.71
22780,3627.57,0,0,0,0,-31.31
22830,3594.54,0,0,0,0,11.23
22880,3624.06,0,0,0,0,-18.29
22930,3605.77,0,0,0,0,15.67
22980,3653.19,0,-1,0,0,-38.73
23030,3648.75,0,0,0,0,14.26
23080,3691.85,0,-1,0,0,-43.99
23130,3647.86,0,0,0,0,29.51
23180,3624.94,0,0,0,0,13.19
23230,3615.33,0,0,0,0,18.39
23280,3653.19,0,-1,0,0,-30.00
23330,3615.33,0,0,0,0,18.39
23380,3630.20,0,0,0,0,-29.63
23430,3554.50,0,0,0,0,27.16
23480,3599.71,0,0,0,0,26.29
23530,3536.07,0,1,0,0,16.75
23580,3593.67,0,0,0,0,-48.41
23630,3576.54,0,0,0,0,23.17
23680,3574.83,0,0,0,0,-29.57
23730,3563.79,0,0,0,0,26.44
23780,3519.47,0,1,0,0,4.96
23830,3512.06,0,1,0,0,21.51
23880,3538.57,0,1,0,0,-27.33
23930,3521.13,0,1,0,0,25.81
23980,3526.92,0,1,0,0,26.74
24030,3594.54,0,0,0,0,8.63
24080,3577.39,0,0,0,0,28.38
24130,3610.11,0,0,0,0,-43.77
24180,3663.90,0,-1,0,0,-87.36
24230,3641.66,0,0,0,0,-29.81
24280,3634.60,0,0,0,0,89.33
24330,3682.79,0,-1,0,0,-34.04
24380,3610.98,0,0,0,0,214.58
24431,3738.78,-1,-2,0,0,-181.75
24481,3624.94,0,0,0,0,-9.61
24531,3572.28,0,0,0,0,18.82
24581,3610.11,0,0,0,0,-30.16
24631,3605.77,0,0,0,0,13.05
24681,3600.58,0,0,0,0,15.50
24731,3577.39,0,0,0,0,32.72
24781,3553.66,0,0,0,0,24.58
24832,3568.03,0,0,0,0,148.52
24882,3536.90,0,1,0,0,36.23
24932,3520.30,0,1,0,0,27.48
24982,3536.90,0,1,0,0,20.97
25032,3600.58,0,0,0,0,23.84
25082,3585.09,0,0,0,0,15.49
25132,3629.32,0,0,0,0,-33.06
25182,3629.32,0,0,0,0,23.87
25232,3634.60,0,0,0,0,-10.54
25282,3586.80,0,0,0,0,26.79
25332,3639.01,0,0,0,0,-44.47
25382,3580.81,0,0,0,0,32.78
25432,3600.58,0,0,0,0,27.28
25482,3596.26,0,0,0,0,33.06
25532,3619.69,0,0,0,0,-29.46
25582,3614.46,0,0,0,0,20.14
25632,3644.31,0,0,0,0,-28.99
25682,3586.80,0,0,0,0,27.66
25732,3642.54,0,0,0,0,-36.78
25782,3575.69,0,0,0,0,18.85
25832,3619.69,0,0,0,0,-33.75
25882,3605.77,0,0,0,0,13.05
25932,3619.69,0,0,0,0,-34.61
25982,3604.90,0,0,0,0,14.79
26032,3633.72,0,0,0,0,-18.39
26082,3629.32,0,0,0,0,23.87
26132,3671.97,0,-1,0,0,-24.11
26182,3660.32,0,-1,0,0,17.05
26232,3633.72,0,0,0,0,14.14
26283,3605.77,0,0,0,0,24.43
26333,3596.26,0,0,0,0,23.43
26383,3605.77,0,0,0,0,15.67
26433,3643.43,0,0,0,0,-28.97
26483,3628.45,0,0,0,0,126.25
26533,3610.98,0,0,0,0,188.42
26583,3551.14,0,0,0,0,292.06
26633,3600.58,0,-1,0,0,-17.79
26683,3600.58,0,-1,0,0,-108.08
26733,3638.13,0,0,0,0,56.45
26783,3610.11,0,0,0,0,164.43
26833,3634.60,0,0,0,0,219.46
26883,3559.56,0,0,0,0,400.31
26933,3639.01,0,0,0,0,142.18
26984,3655.86,0,-1,0,0,-30.05
27034,3629.32,0,0,0,0,33.68
27084,3628.45,0,0,0,0,-33.05
27134,3619.69,0,0,0,0,33.50
27184,3633.72,0,0,0,0,-27.95
27234,3562.95,0,0,0,0,19.57
27284,3619.69,0,0,0,0,-38.88
27334,3605.77,0,0,0,0,23.56
27384,3618.82,0,0,0,0,-14.78
27435,3605.77,0,0,0,0,13.92
27485,3643.43,0,0,0,0,-18.49
27535,3624.94,0,0,0,0,18.49
27585,3619.69,0,0,0,0,-34.61
27635,3595.40,0,0,0,0,33.93
27685,3624.06,0,0,0,0,-17.43
27735,3615.33,0,0,0,0,18.39
27785,3656.75,0,-1,0,0,-27.43
27835,3585.94,0,0,0,0,18.96
27885,3591.09,0,0,0,0,-13.70
27935,3576.54,0,0,0,0,24.90
27985,3545.26,0,1,0,0,21.92
28035,3552.82,0,0,0,0,23.72
28085,3610.11,0,0,0,0,-25.88
28135,3604.04,0,0,0,0,15.65
28185,3637.25,0,0,0,0,-21.92
28235,3624.94,0,0,0,0,18.49
28285,3619.69,0,0,0,0,-33.75
28335,3605.77,0,0,0,0,13.92
28385,3608.37,0,0,0,0,-12.11
28435,3604.90,0,0,0,0,14.79
28485,3585.94,0,0,0,0,18.96
28535,3571.43,0,0,0,0,20.53
28585,3603.17,0,0,0,0,-16.37
28635,3624.94,0,0,0,0,8.78
28685,3653.19,0,-1,0,0,-25.62
28735,3585.09,0,0,0,0,19.82
28785,3581.66,0,0,0,0,14.60
28835,3571.43,0,0,0,0,19.67
28886,3572.28,0,0,0,0,3.41
28936,3563.79,0,0,0,0,28.16
28986,3562.10,0,0,0,0,35.89
29036,3682.79,0,-1,0,0,30.08
29086,3559.56,0,0,0,0,156.07
29136,3619.69,0,0,0,0,30.83
29186,3610.11,0,0,0,0,79.93
29236,3577.39,0,0,0,0,29.25
29286,3580.81,0,0,0,0,6.85
29336,3643.43,0,0,0,0,-37.66
29386,3629.32,0,0,0,0,22.09
29436,3657.64,0,-1,0,0,-2.67
29486,3639.01,0,0,0,0,187.52
29536,3653.19,0,-1,0,0,93.06
29586,3708.28,-1,-2,0,0,-150.41
29636,3614.46,0,0,0,0,28.09
29686,3663.00,0,-1,0,0,-23.99
29736,3647.86,0,0,0,0,15.14
29786,3672.87,0,-1,0,0,-24.12
29836,3639.01,0,0,0,0,23.99
29886,3613.59,0,0,0,0,24.54
29936,3615.33,0,0,0,0,23.68
29986,3643.43,0,0,0,0,-28.10
30036,3629.32,0,0,0,0,23.87
30086,3653.19,0,-1,0,0,-23.87
30136,3628.45,0,0,0,0,25.63
30186,3644.31,0,0,0,0,-26.37
30236,3638.13,0,0,0,0,53.73
30286,3605.77,0,0,0,0,28.83
30336,3555.34,0,0,0,0,16.08
30386,3591.95,0,0,0,0,-19.67
30436,3585.09,0,0,0,0,25.02
30486,3590.23,0,0,0,0,-27.29
30536,3578.24,0,0,0,0,30.13
30586,3610.11,0,0,0,0,-39.53
30636,3568.03,0,0,0,0,36.01
30686,3557.87,0,0,0,0,-21.81
30736,3534.40,0,1,0,0,22.63
30786,3557.87,0,0,0,0,-14.29
30836,3567.18,0,0,0,0,-18.57
30886,3531.07,0,1,0,0,183.64
30936,3566.33,0,0,0,0,-29.43
30986,3552.82,0,0,0,0,22.87
31036,3610.11,0,0,0,0,-54.76
31086,3605.77,0,0,0,0,22.68
31136,3641.66,0,0,0,0,-35.89
31186,3624.06,0,0,0,0,19.37
31236,3682.79,0,-1,0,0,-44.66
31286,3624.06,0,0,0,0,19.37
31336,3624.94,0,0,0,0,8.78
31386,3629.32,0,0,0,0,27.43
31436,3680.08,0,-1,0,0,10.87
31486,3799.39,-2,-3,0,0,-240.67
31536,3657.64,0,-1,0,0,28.76
31586,3653.19,0,-1,0,0,-5.33
31636,3629.32,0,0,0,0,23.87
31686,3627.57,0,0,0,0,-40.77
31736,3605.77,0,0,0,0,31.48
31787,3590.23,0,0,0,0,-36.57
31837,3562.95,0,0,0,0,29.87
31887,3546.10,0,1,0,0,-24.97
31937,3547.78,0,1,0,0,-14.21
31987,3653.19,0,-1,0,0,77.22
32037,3530.24,0,1,0,0,185.39
32087,3502.22,0,1,0,0,26.36
32137,3566.33,0,0,0,0,-31.93
32187,3562.10,0,0,0,0,29.85
32237,3613.59,0,0,0,0,-38.75
32287,3573.13,0,0,0,0,17.10
32337,3610.98,0,0,0,0,-25.89
32387,3605.77,0,0,0,0,12.18
32437,3654.08,0,-1,0,0,-39.62
32487,3615.33,0,0,0,0,18.39
32537,3629.32,0,0,0,0,-44.24
32587,3632.84,0,0,0,0,11.47
32637,3664.79,0,-1,0,0,-16.93
32687,3667.48,0,-1,0,0,18.93
32737,3672.87,0,-1,0,0,-25.01
32787,3657.64,0,-1,0,0,29.67
32837,3647.86,0,0,0,0,26.81
32887,3628.45,0,0,0,0,200.04
32937,3747.19,-1,-2,0,0,-188.47
32987,3681.88,0,-1,0,0,-42.87
33037,3660.32,0,-1,0,0,26.09
33087,3653.19,0,-1,0,0,-16.83
33137,3596.26,0,0,0,0,28.68
33187,3572.28,0,0,0,0,23.98
33238,3545.26,0,1,0,0,21.92
33288,3583.37,0,0,0,0,-46.47
33338,3529.41,0,1,0,0,20.04
33388,3634.60,0,0,0,0,97.67
33438,3469.01,0,2,0,0,147.19
33488,3512.06,0,1,0,0,11.55
33538,3557.87,0,0,0,0,-29.29
33588,3562.10,0,0,0,0,13.59
33638,3591.95,0,0,0,0,-20.53
33688,3596.26,0,0,0,0,22.56
33738,3663.00,0,-1,0,0,-47.68
33788,3624.94,0,0,0,0,9.66
33838,3682.79,0,-1,0,0,-44.66
33888,3647.86,0,0,0,0,25.01
33938,3662.11,0,-1,0,0,-37.17
33988,3656.75,0,-1,0,0,16.12
34038,3677.37,0,-1,0,0,-19.73
34088,3657.64,0,-1,0,0,36.03
34138,3703.70,0,-2,0,0,176.28
34188,3625.82,0,0,0,0,266.24
34238,3814.85,-3,-4,0,0,-255.29
34288,3677.37,0,-1,0,0,-9.89
34338,3605.77,0,0,0,0,32.36
34388,3644.31,0,0,0,0,-29.86
34438,3573.13,0,0,0,0,22.27
34488,3619.69,0,0,0,0,-43.15
34538,3586.80,0,0,0,0,32.89
34588,3600.58,0,0,0,0,33.75
34638,3581.66,0,0,0,0,18.91
34688,3564.64,0,0,0,0,22.16
34738,3585.94,0,0,0,0,-43.19
34788,3605.77,0,0,0,0,108.94
34838,3598.85,0,-1,0,0,-178.64
34888,3568.03,0,0,0,0,30.82
34938,3600.58,0,0,0,0,19.61
34988,3596.26,0,0,0,0,13.85
35038,3638.13,0,0,0,0,-41.87
35088,3617.07,0,0,0,0,60.30
35138,3643.43,0,0,0,0,-31.58
35188,3639.01,0,0,0,0,32.06
35238,3653.19,0,-1,0,0,82.80
35288,3636.36,0,0,0,0,258.73
35338,3639.01,0,0,0,0,195.35
35388,3728.56,-1,-2,0,0,-169.84
35438,3586.80,0,0,0,0,38.14
35488,3618.82,0,0,0,0,-23.42
35538,3595.40,0,0,0,0,25.17
35588,3605.77,0,0,0,0,12.18
35638,3625.82,0,0,0,0,244.15
35688,3605.77,0,0,0,0,21.80
35738,3614.46,0,0,0,0,13.99
35788,3672.87,0,-1,0,0,-54.05
35838,3629.32,0,0,0,0,33.68
35888,3619.69,0,0,0,0,-32.89
35938,3614.46,0,0,0,0,21.91
35988,3633.72,0,0,0,0,-20.13
36038,3624.94,0,0,0,0,8.78
36088,3663.90,0,-1,0,0,-30.18
36139,3638.13,0,0,0,0,24.88
36189,3629.32,0,0,0,0,-34.79
36239,3623.19,0,0,0,0,21.13
36289,3663.00,0,-1,0,0,-47.68
36339,3638.13,0,0,0,0,24.88
36389,3672.87,0,-1,0,0,-25.01
36439,3657.64,0,-1,0,0,29.67
36489,3686.41,0,-1,0,0,-28.76
36539,3624.06,0,0,0,0,24.68
36589,3610.11,0,0,0,0,-28.45
36639,3596.26,0,0,0,0,23.43
36689,3643.43,0,0,0,0,-35.93
36739,3575.69,0,0,0,0,30.08
36789,3591.95,0,0,0,0,-20.53
36839,3595.40,0,0,0,0,14.71
36889,3629.32,0,0,0,0,-34.79
36939,3586.80,0,0,0,0,31.14
36989,3573.13,0,0,0,0,-5.10
37039,3570.58,0,0,0,0,20.52
37089,3552.82,0,0,0,0,24.57
37139,3554.50,0,0,0,0,30.58
37189,3566.33,0,0,0,0,-22.75
37239,3552.82,0,0,0,0,10.97
37289,3591.09,0,0,0,0,-38.28
37339,3577.39,0,0,0,0,32.72
37389,3555.34,0,0,0,0,31.46
37440,3512.06,0,1,0,0,16.52
37490,3566.33,0,0,0,0,-36.92
37540,3575.69,0,0,0,0,-27.91
37590,3742.51,0,-2,0,0,-11.17
37640,3562.95,0,0,0,0,4.24
37690,3519.47,0,1,0,0,5.79
37740,3584.23,0,0,0,0,-48.16
37790,3554.50,0,0,0,0,16.93
37840,3591.09,0,0,0,0,-28.15
37890,3621.44,0,0,0,0,-48.31
37940,3624.94,0,0,0,0,-19.17
37990,3629.32,0,0,0,0,23.87
38040,3624.94,0,0,0,0,13.19
38090,3615.33,0,0,0,0,22.80
38140,3672.87,0,-1,0,0,-34.74
38190,3647.86,0,0,0,0,34.93
38240,3696.40,0,-1,0,0,-28.02
38290,3686.41,0,-1,0,0,28.30
38340,3739.72,-1,-2,0,0,-181.84
38390,3624.94,0,0,0,0,12.31
38440,3590.23,0,0,0,0,10.34
38490,3597.12,0,0,0,0,20.82
38540,3707.36,-1,-2,0,0,-148.65
38590,3672.87,0,-1,0,0,-40.03
38640,3647.86,0,0,0,0,25.01
38690,3614.46,0,0,0,0,27.20
38740,3615.33,0,0,0,0,18.39
38790,3623.19,0,0,0,0,-3.50
38840,3615.33,0,0,0,0,28.10
38890,3629.32,0,0,0,0,-42.52
38940,3605.77,0,0,0,0,19.17
38990,3673.77,0,-1,0,0,-45.32
39040,3639.01,0,0,0,0,23.99
39090,3691.85,0,-1,0,0,-118.72
39140,3627.57,0,0,0,0,26.51
39190,3643.43,0,0,0,0,-33.32
39240,3573.13,0,0,0,0,22.27
39290,3610.11,0,0,0,0,-28.45
39340,3596.26,0,0,0,0,23.43
39390,3619.69,0,0,0,0,-42.30
39440,3606.64,0,0,0,0,21.81
39490,3585.94,0,0,0,0,-0.86
39540,3585.09,0,0,0,0,15.49
39590,3619.69,0,0,0,0,-36.32
39640,3606.64,0,0,0,0,21.81
39690,3634.60,0,0,0,0,-21.01
39740,3562.95,0,0,0,0,32.45
39790,3610.98,0,0,0,0,-36.14
39840,3534.40,0,1,0,0,29.39
39890,3588.52,0,0,0,0,-44.93
39940,3536.07,0,1,0,0,20.12
39990,3615.33,0,0,0,0,101.22
40040,3591.09,0,0,0,0,92.60
40090,3526.92,0,1,0,0,28.42
40140,3590.23,0,0,0,0,-32.36
40190,3562.10,0,0,0,0,29.85
40240,3619.69,0,0,0,0,-25.15
40290,3604.04,0,0,0,0,20.90
40340,3624.06,0,0,0,0,0.88
40390,3605.77,0,0,0,0,28.83
40440,3652.30,0,-1,0,0,-36.97
40491,3648.75,0,0,0,0,14.26
40541,3687.32,0,-1,0,0,-6.33
40591,3831.42,-3,-4,0,0,-272.70
40641,3672.87,0,-1,0,0,33.58
40691,3699.14,0,-1,0,0,-15.44
40741,3667.48,0,-1,0,0,18.93
40791,3634.60,0,0,0,0,-19.27
40841,3605.77,0,0,0,0,18.29
40891,3618.82,0,0,0,0,-32.02
40941,3536.07,0,1,0,0,35.36
40991,3556.19,0,0,0,0,-20.12
41041,3493.25,0,2,0,0,27.05
41091,3452.24,0,2,0,0,16.77
41141,3496.50,0,2,0,0,-16.23
41191,3494.87,0,2,0,0,12.26
41241,3483.51,0,2,0,0,27.72
41291,3501.40,0,1,0,0,13.95
41341,3537.74,0,1,0,0,-7.49
41391,3543.59,0,1,0,0,22.75
41441,3600.58,0,0,0,0,11.04
41491,3586.80,0,0,0,0,32.02
41541,3610.98,0,0,0,0,-25.03
41591,3613.59,0,0,0,0,23.66
41641,3663.90,0,-1,0,0,-25.77
41691,3604.04,0,0,0,0,20.90
41741,3662.11,0,-1,0,0,-47.65
41791,3647.86,0,0,0,0,25.01
41841,3644.31,0,0,0,0,-20.25
41891,3581.66,0,0,0,0,14.60
41942,3610.11,0,0,0,0,-34.42
41992,3605.77,0,0,0,0,22.68
42042,3585.09,0,0,0,0,21.55
42092,3586.80,0,0,0,0,21.57
42142,3632.84,0,0,0,0,-27.07
42192,3639.01,0,0,0,0,14.18
42242,3686.41,0,-1,0,0,-27.87
42292,3677.37,0,-1,0,0,9.04
42342,3681.88,0,-1,0,0,20.90
42392,3657.64,0,-1,0,0,38.76
42442,3663.00,0,-1,0,0,-44.19
42492,3657.64,0,-1,0,0,15.23
42542,3672.87,0,-1,0,0,-26.78
42592,3657.64,0,-1,0,0,26.95
42642,3654.08,0,-1,0,0,-23.00
42692,3604.90,0,0,0,0,131.09
42742,3639.01,0,0,0,0,191.43
42793,3689.13,0,-1,0,0,-130.41
42843,3581.66,0,0,0,0,14.60
42893,3701.88,0,-2,0,0,31.32
42943,3572.28,0,0,0,0,207.01
42993,3543.59,0,1,0,0,110.49
43043,3519.47,0,1,0,0,26.62
43094,3529.41,0,1,0,0,8.32
43144,3575.69,0,0,0,0,-37.11
43194,3562.95,0,0,0,0,22.14
43244,3566.33,0,0,0,0,-21.91
43294,3571.43,0,0,0,0,11.09
43344,3618.82,0,0,0,0,-34.59
43394,3605.77,0,0,0,0,15.67
43444,3634.60,0,0,0,0,-28.83
43494,3624.06,0,0,0,0,17.60
43544,3627.57,0,0,0,0,-37.33
43594,3614.46,0,0,0,0,21.91
43644,3643.43,0,0,0,0,-23.74
43694,3639.01,0,0,0,0,14.18
43744,3615.33,0,0,0,0,21.92
43794,3544.42,0,1,0,0,36.38
43844,3610.11,0,0,0,0,-47.16
43894,3595.40,0,0,0,0,24.29
43944,3637.25,0,0,0,0,-38.40
43994,3615.33,0,0,0,0,27.22
44044,3634.60,0,0,0,0,-10.54
44094,3605.77,0,0,0,0,28.83
44144,3643.43,0,0,0,0,-38.53
44194,3624.94,0,0,0,0,18.49
44244,3624.94,0,0,0,0,2.63
44294,3595.40,0,0,0,0,9.50
44344,3583.37,0,0,0,0,17.20
44394,3575.69,0,0,0,0,24.03
44444,3563.79,0,0,0,0,22.15
44494,3571.43,0,0,0,0,14.51
44544,3618.82,0,0,0,0,-42.28
44594,3604.04,0,0,0,0,17.40
44644,3643.43,0,0,0,0,-18.49
44694,3596.26,0,0,0,0,18.20
44744,3709.20,0,-2,0,0,-147.95
44794,3596.26,0,0,0,0,27.80
44844,3619.69,0,0,0,0,-42.30
44894,3615.33,0,0,0,0,14.00
44944,3591.09,0,0,0,0,4.30
44994,3546.10,0,1,0,0,26.18
45044,3604.04,0,0,0,0,-60.45
45094,3596.26,0,0,0,0,12.98
45144,3635.48,0,0,0,0,-30.58
45194,3615.33,0,0,0,0,18.39
45244,3639.01,0,0,0,0,-42.75
45294,3629.32,0,0,0,0,23.87
45344,3596.26,0,0,0,0,28.68
45394,3597.12,0,0,0,0,21.70
45444,3643.43,0,0,0,0,-28.10
45494,3596.26,0,0,0,0,17.33
45544,3612.72,0,0,0,0,-23.34
45594,3605.77,0,0,0,0,23.56
45644,3554.50,0,0,0,0,-0.84
45694,3553.66,0,0,0,0,22.03
45744,3600.58,0,0,0,0,18.71
45794,3586.80,0,0,0,0,23.31
45844,3610.11,0,0,0,0,-23.31
45894,3592.81,0,0,0,0,7.76
45944,3636.36,0,0,0,0,-30.59
45995,3573.13,0,0,0,0,11.96
46045,3610.98,0,0,0,0,-47.19
46095,3596.26,0,0,0,0,23.43
46145,3552.82,0,0,0,0,24.57
46195,3545.26,0,1,0,0,28.72
46245,3600.58,0,0,0,0,19.57
46295,3538.57,0,1,0,0,5.85
46345,3614.46,0,0,0,0,-60.80
46395,3586.80,0,0,0,0,24.18
46445,3590.23,0,0,0,0,-26.44
46495,3512.06,0,1,0,0,32.37
46545,3434.85,1,3,0,0,26.95
46595,3388.30,0,4,0,0,22.34
46645,3306.88,11,5,0,17,22.02
46695,3340.01,-60,5,0,-70,-174.12
46745,3166.56,5,8,0,12,31.73
46795,3027.25,50,11,0,49,123.35
46845,3179.99,-34,8,0,-63,-150.91
46895,3016.89,122,11,0,120,301.69
46945,2865.88,0,14,0,1,4.94
46995,2736.23,50,17,0,37,107.37
47045,2870.26,-16,14,0,-42,-115.95
47095,2737.73,0,17,0,-33,-93.16
47145,2642.24,33,19,0,35,102.00
47195,2635.28,46,19,0,29,86.06
47245,2510.04,22,21,0,6,20.75
47295,2510.04,0,21,0,-25,-75.77
47345,2409.25,41,23,0,25,79.96
47395,2410.41,0,23,0,-25,-75.42
47446,2317.32,27,25,0,7,22.05
47496,2232.47,31,27,0,6,20.45
47546,2252.59,0,26,0,-6,-20.12
47596,2148.69,37,29,0,29,107.63
47646,2157.65,14,28,0,1,5.91
47696,2071.82,38,30,0,8,28.72
47746,2088.85,26,30,0,-4,-17.02
47796,2021.56,32,31,0,1,4.92
47846,1970.83,33,32,0,1,5.71
47896,1928.52,44,33,0,11,42.32
47946,1876.88,45,34,0,11,44.48
47996,1873.59,34,34,0,0,3.28
48046,1862.20,18,34,0,-16,-70.08
48096,1778.73,55,36,0,19,83.47
48146,1728.31,47,37,0,10,46.63
48196,1725.13,37,37,0,0,3.18
48246,1676.54,38,38,0,0,2.06
48296,1628.13,49,39,0,10,48.41
48346,1627.43,39,39,0,0,0.71
48396,1579.11,40,40,0,0,-1.33
48446,1525.79,51,41,0,10,53.33
48496,1528.43,41,41,0,0,-2.64
48546,1476.38,52,42,0,10,52.05
48596,1425.31,53,43,0,10,53.68
48646,1426.67,43,43,0,0,-1.36
48696,1373.37,53,44,0,9,53.29
48746,1375.14,44,44,0,0,-1.76
48796,1321.00,54,45,0,9,54.13
48846,1324.15,45,45,0,0,-3.15
48896,1268.39,55,46,0,9,55.76
48946,1270.11,46,46,0,0,-1.72
48996,1213.40,56,47,0,9,56.71
49046,1217.73,47,47,0,0,-4.33
49096,1156.60,57,48,0,9,61.13
49146,1162.43,48,48,0,0,-5.83
49196,1102.45,57,49,0,8,59.98
49246,1105.54,49,49,0,0,-3.09
49296,1054.26,57,50,0,7,51.28
49346,1044.13,52,51,0,1,10.13
49396,979.82,60,52,0,8,64.32
49446,979.82,60,52,0,8,64.32
49496,983.03,52,52,0,0,-3.21
49546,919.46,60,53,0,7,63.57
49596,917.88,53,53,0,0,1.58
49646,917.88,53,53,0,0,1.58
49696,855.53,61,54,0,7,62.35
49746,848.18,55,55,0,0,7.35
49796,848.18,55,55,0,0,7.35
49846,783.90,62,56,0,6,64.27
49896,771.17,57,56,0,1,12.74
49946,771.17,57,56,0,1,12.74
49996,708.05,62,57,0,5,63.12
50046,708.05,62,57,0,5,63.12
50096,683.81,60,58,0,2,24.24
50146,683.81,60,58,0,2,24.24
50196,613.72,64,59,0,5,70.08
50246,613.72,64,59,0,5,70.08
50296,584.34,62,60,0,2,29.38
50347,584.34,62,60,0,2,29.38
50397,500.88,66,61,0,5,83.45
50447,500.88,66,61,0,5,83.45
50497,500.88,66,61,0,5,83.45
50547,457.75,64,62,0,2,43.14
50597,457.75,64,62,0,2,43.14
50647,457.75,64,62,0,2,43.14
50697,346.69,70,65,0,5,111.06
50747,346.69,70,65,0,5,111.06
50797,346.69,70,65,0,5,111.06
50847,346.69,70,65,0,5,111.06
51695,59.02,-70,65,0,5,111.06
51745,59.02,-70,65,0,5,111.06
51795,59.02,-70,65,0,5,111.06
51845,59.02,-70,65,0,5,111.06
51895,59.02,-70,65,0,5,111.06
51945,59.02,-70,65,0,5,111.06
51995,59.02,-70,65,0,5,111.06
52045,59.02,-70,65,0,5,111.06
52096,59.02,-70,65,0,5,111.06
52146,59.02,-70,65,0,5,111.06
52196,59.02,-70,65,0,5,111.06
52246,59.02,-70,65,0,5,111.06
52296,59.02,-70,65,0,5,111.06
52346,59.02,-70,65,0,5,111.06
52396,59.02,-70,65,0,5,111.06
52446,59.02,-70,65,0,5,111.06
52496,59.02,-70,65,0,5,111.06
52546,59.02,-70,65,0,5,111.06
52596,59.02,-70,65,0,5,111.06
52646,59.02,-70,65,0,5,111.06
52696,59.02,-70,65,0,5,111.06
52746,59.02,-70,65,0,5,111.06
52796,59.02,-70,65,0,5,111.06
52846,59.02,-70,65,0,5,111.06
52896,59.02,-70,65,0,5,111.06
52946,59.02,-70,65,0,5,111.06
52996,59.02,-70,65,0,5,111.06
53046,59.02,-70,65,0,5,111.06
53096,59.02,-70,65,0,5,111.06
53146,59.02,-70,65,0,5,111.06
53196,59.02,-70,65,0,5,111.06
53246,59.02,-70,65,0,5,111.06
53296,59.02,-70,65,0,5,111.06
53346,59.02,-70,65,0,5,111.06
53396,59.02,-70,65,0,5,111.06
53446,59.02,-70,65,0,5,111.06
53496,59.02,-70,65,0,5,111.06
53547,59.02,-70,65,0,5,111.06
53597,59.02,-70,65,0,5,111.06
53647,59.02,-70,65,0,5,111.06
53697,59.02,-70,65,0,5,111.06
53747,59.02,-70,65,0,5,111.06
53797,59.02,-70,65,0,5,111.06
53847,59.02,-70,65,0,5,111.06
53897,59.02,-70,65,0,5,111.06
53947,59.02,-70,65,0,5,111.06
53997,59.02,-70,65,0,5,111.06
54047,59.02,-70,65,0,5,111.06
54097,59.02,-70,65,0,5,111.06
54147,59.02,-70,65,0,5,111.06
54197,59.02,-70,65,0,5,111.06
54247,59.02,-70,65,0,5,111.06
54297,59.02,-70,65,0,5,111.06
54347,59.02,-70,65,0,5,111.06
54397,59.02,-70,65,0,5,111.06
54447,59.02,-70,65,0,5,111.06
54497,59.02,-70,65,0,5,111.06
54547,59.02,-70,65,0,5,111.06
54597,59.02,-70,65,0,5,111.06
54647,59.02,-70,65,0,5,111.06
54697,59.02,-70,65,0,5,111.06
54747,59.02,-70,65,0,5,111.06
54797,59.02,-70,65,0,5,111.06
54847,59.02,-70,65,0,5,111.06
54897,59.02,-70,65,0,5,111.06
54947,59.02,-70,65,0,5,111.06
54998,59.02,-70,65,0,5,111.06
55048,59.02,-70,65,0,5,111.06
55098,59.02,-70,65,0,5,111.06
55148,59.02,-70,65,0,5,111.06
55198,59.02,-70,65,0,5,111.06
55248,59.02,-70,65,0,5,111.06
55298,59.02,-70,65,0,5,111.06
55348,59.02,-70,65,0,5,111.06
55398,59.02,-70,65,0,5,111.06
55448,59.02,-70,65,0,5,111.06
55498,59.02,-70,65,0,5,111.06
55548,59.02,-70,65,0,5,111.06
55598,59.02,-70,65,0,5,111.06
55648,59.02,-70,65,0,5,111.06
55698,59.02,-70,65,0,5,111.06
55748,59.02,-70,65,0,5,111.06
55798,59.02,-70,65,0,5,111.06
55848,59.02,-70,65,0,5,111.06
55898,59.02,-70,65,0,5,111.06
55948,59.02,-70,65,0,5,111.06
55998,59.02,-70,65,0,5,111.06
56048,59.02,-70,65,0,5,111.06
