------ Microcontroller Engine Governor :  50
-------------------------------------------------------------

Time,RPM,Steps Remaining, PID p, PID i, PID d
e Interval:  50
-------------------------------------------------------------

Time,RPM,Steps Remaining, PID p, PID i, PID d
------ Microcontroller Engine Governor - Version: 1.14 ------
-------------------------------------------------------------
PID Gains:        Kp: 0.030000   Ki: 0.000000   Kd: 12.000000
-------------------------------------------------------------
Set RPM:             3600    |  Min RPM:                300
                             |
RPM Precision        2       |  PID I Precision:         202
                             |
Start Steps:         800     |  Max Steps:               1200
                             |
RPM Calc Interval:   1       |  Num Magnets:             1
                             |
LCD Update Interval: 400     |  Serial Update Interval:  50
-------------------------------------------------------------

Time,RPM,Steps Remaining, PID p, PID i, PID d
1544,0.00,0,0,0,0
1594,0.00,0,0,0,0
1644,0.00,0,0,0,0
1694,0.00,0,0,0,0
1744,0.00,0,0,0,0
1794,0.00,0,0,0,0
1844,0.00,0,0,0,0
1894,0.00,0,0,0,0
1944,0.00,0,0,0,0
1994,0.00,0,0,0,0
2044,0.00,0,0,0,0
2094,0.00,0,0,0,0
2144,0.00,0,0,0,0
2194,0.00,0,0,0,0
2244,0.00,0,0,0,0
2294,0.00,0,0,0,0
2344,0.00,0,0,0,0
2394,0.00,0,0,0,0
2444,0.00,0,0,0,0
2494,0.00,0,0,0,0
2544,0.00,0,0,0,0
2594,0.00,0,0,0,0
2644,0.00,0,0,0,0
2694,0.00,0,0,0,0
2744,0.00,0,0,0,0
2794,0.00,0,0,0,0
2844,0.00,0,0,0,0
2894,0.00,0,0,0,0
2944,inf,0,0,0,0
2994,inf,0,0,0,0
3044,inf,0,0,0,0
3094,403.94,77,95,0,0
3144,972.13,-27,78,0,-111
3194,972.13,0,78,0,-111
3244,964.13,37,79,0,1
3294,1294.67,71,69,0,3
3344,1428.84,18,65,0,-38
3394,1465.70,36,64,0,-10
3444,1708.43,0,56,0,-83
3494,1944.01,-14,49,0,-81
3544,2197.16,-35,42,0,-87
3594,2415.46,-84,35,0,-126
3644,2510.04,-20,32,0,-60
3694,2618.71,-23,29,0,-63
3744,2754.82,0,25,0,-23
3794,2866.97,-40,21,0,-64
3844,3007.82,-71,17,0,-100
3894,3117.21,-48,14,0,-64
3944,3167.23,-95,12,0,-120
3994,3351.96,-101,7,0,-116
4044,3362.47,-3,7,0,-14
4094,3428.57,4,5,0,0
4144,3465.00,0,4,0,0
4194,3582.52,0,0,0,0
4244,3608.37,0,0,0,0
4294,3711.03,-192,-3,0,-205
4344,3950.49,-323,-10,0,-314
4395,3572.28,0,0,0,0
4445,3814.85,-25,-6,0,-25
4495,3780.24,0,-5,0,0
4545,3879.98,-72,-8,0,-76
4595,3558.72,0,1,0,0
4645,3960.92,-317,-10,0,-324
4695,3741.58,-3,-4,0,0
4745,3540.24,0,1,0,0
4795,3839.26,-213,-7,0,-209
4845,3559.56,0,1,0,0
4895,3566.33,0,1,0,0
4945,3481.09,0,3,0,0
4995,3469.01,2,3,0,0
5045,3472.22,0,3,0,-1
5095,3451.45,0,4,0,0
5145,3498.95,0,3,0,0
5195,3477.86,0,3,0,0
5245,3495.69,0,3,0,0
5295,3500.58,0,2,0,0
5345,3572.28,0,0,0,0
5395,3574.83,0,0,0,0
5445,3644.31,0,-1,0,0
5495,3610.98,0,0,0,0
5545,3675.57,0,-2,0,0
5595,3541.91,0,1,0,0
5645,3861.00,-206,-7,0,-208
5695,3674.67,0,-2,0,0
5745,3839.26,-234,-7,0,-238
5795,3557.87,0,1,0,0
5846,3776.43,-1435,-5,0,-1443
5896,3559.56,0,1,0,0
5946,3540.24,0,1,0,0
5996,3460.21,0,4,0,0
6046,3445.90,0,4,0,0
6096,3397.51,0,6,0,0
6146,3426.22,-3,5,0,-11
6196,3401.36,0,5,0,-5
6246,3549.46,0,1,0,0
6296,3401.36,-6,5,0,-22
6346,3557.87,0,1,0,0
6396,3441.16,0,4,0,-3
6446,3444.32,1,4,0,0
6496,3503.85,1,2,0,0
6546,3544.42,0,1,0,0
6596,3540.24,0,1,0,0
6646,3608.37,0,0,0,0
6696,3599.71,0,0,0,0
6746,3540.24,0,1,0,0
6796,3898.13,-288,-8,0,-297
6846,3784.06,-3,-5,0,0
6896,3754.69,-269,-4,0,-269
6946,3559.56,0,1,0,0
6996,3949.45,-315,-10,0,-313
7046,3559.56,0,1,0,0
7096,3985.12,-320,-11,0,-320
7146,3559.56,0,1,0,0
7196,3915.43,-260,-9,0,-266
7246,3557.87,0,1,0,0
7296,3540.24,0,1,0,0
7346,3637.25,0,-1,0,0
7396,3532.74,0,2,0,0
7446,3452.24,0,4,0,0
7496,3430.92,0,5,0,-10
7546,3350.46,0,7,0,0
7596,3166.56,121,13,0,110
7646,3362.47,-43,7,0,-63
7696,3523.61,0,2,0,0
7746,3416.86,-5,5,0,-19
7796,3422.31,0,5,0,0
7846,3481.09,0,3,0,-1
7896,3486.75,1,3,0,0
7946,3535.23,0,1,0,0
7996,3573.13,0,0,0,0
8046,3541.08,0,1,0,0
8096,3558.72,0,1,0,0
8147,3766.01,-1201,-4,0,-1198
8197,3631.96,0,0,0,0
8247,3689.13,0,-2,0,0
8297,3541.91,0,1,0,0
8347,3839.26,-225,-7,0,-223
8397,3540.24,0,1,0,0
8448,3869.97,-248,-8,0,-248
8498,3540.24,0,1,0,0
8548,3817.77,-190,-6,0,-194
8598,3557.87,0,1,0,0
8648,3703.70,-499,-3,0,-508
8698,3541.91,0,1,0,0
8748,3523.61,0,2,0,0
8798,3434.07,0,4,0,0
8848,3432.49,0,5,0,-3
8898,3366.25,5,7,0,0
8948,3368.52,0,6,0,0
8998,3340.01,0,7,0,-2
9048,3367.00,0,6,0,0
9098,3340.01,5,7,0,4
9148,3438.00,0,4,0,0
9198,3508.77,0,2,0,0
9248,3523.61,0,2,0,0
9298,3595.40,0,0,0,0
9348,3622.31,0,0,0,0
9398,3743.45,-820,-4,0,-817
9448,3557.87,0,1,0,0
9498,3915.43,-290,-9,0,-285
9548,3559.56,0,1,0,0
9598,3785.01,-40,-5,0,-43
9648,3557.87,0,1,0,0
9698,3766.95,0,-5,0,0
9748,3541.91,0,1,0,0
9798,3816.79,-185,-6,0,-194
9848,3559.56,0,1,0,0
9899,3547.78,0,1,0,0
9949,3500.58,0,2,0,0
9999,3498.95,0,3,0,0
10049,3451.45,0,4,0,0
10099,3461.80,0,4,0,-3
10149,3447.48,0,4,0,0
10199,3481.09,0,3,0,-1
10249,3490.00,2,3,0,0
10299,3478.66,0,3,0,0
10349,3551.98,0,1,0,0
10399,3557.03,0,1,0,0
10449,3603.17,0,0,0,0
10499,3544.42,0,1,0,0
10549,3785.97,-1592,-5,0,-1602
10599,3557.87,0,1,0,0
10649,3897.12,-254,-8,0,-263
10699,3893.07,-275,-8,0,-268
10749,3559.56,0,1,0,0
10799,3704.62,-512,-3,0,-510
10849,3540.24,0,1,0,0
10899,3517.82,1,2,0,0
10949,3469.01,0,3,0,0
10999,3409.87,0,5,0,0
11049,3423.88,0,5,0,0
11099,3404.45,0,5,0,0
11149,3435.64,-1,4,0,-10
11199,3419.97,3,5,0,0
11249,3378.38,0,6,0,0
11299,3434.85,0,4,0,-12
11350,3407.54,0,5,0,0
11400,3458.61,0,4,0,-5
11450,3406.77,0,5,0,0
11500,3475.44,0,3,0,-1
11550,3469.01,1,3,0,0
11600,3549.46,0,1,0,0
11650,3562.10,0,1,0,0
11700,3562.95,0,1,0,0
11750,3611.85,0,0,0,0
11800,3611.85,0,0,0,0
11851,3817.77,-213,-6,0,-208
11901,3541.08,0,1,0,0
11951,3904.22,-265,-9,0,-259
12001,3540.24,0,1,0,0
12051,3938.04,-286,-10,0,-283
12101,3541.91,0,1,0,0
12151,3795.55,-1768,-5,0,-1772
12201,3622.31,0,0,0,0
12251,3598.85,0,0,0,0
12301,3531.07,0,2,0,0
12351,3490.00,0,3,0,0
12401,3481.09,0,3,0,0
12451,3460.21,1,4,0,0
12502,3407.54,4,5,0,0
12552,3417.63,0,5,0,-15
12602,3416.86,0,5,0,0
12652,3434.85,0,4,0,-14
12702,3428.57,0,5,0,0
12752,3500.58,0,2,0,0
12802,3507.95,0,2,0,0
12852,3554.50,0,1,0,0
12902,3564.64,0,1,0,0
12952,3621.44,0,0,0,0
13002,3631.96,0,0,0,0
13052,3690.94,0,-2,0,0
13102,3541.08,0,1,0,0
13152,3860.01,-227,-7,0,-225
13202,3540.24,0,1,0,0
13252,3838.28,-223,-7,0,-224
13302,3621.44,0,0,0,0
13352,3555.34,0,1,0,0
13402,3490.00,0,3,0,0
13452,3445.90,0,4,0,-2
13502,3412.19,4,5,0,0
13552,3367.76,0,6,0,0
13602,3409.09,0,5,0,-18
13652,3388.30,0,6,0,0
13702,3386.00,-11,6,0,-22
13752,3382.19,4,6,0,0
13802,3398.28,0,6,0,0
13852,3442.74,0,4,0,0
13902,3427.00,0,5,0,0
13952,3489.18,0,3,0,0
14002,3491.62,0,3,0,0
14052,3545.26,0,1,0,0
14102,3555.34,0,1,0,0
14152,3631.96,0,0,0,0
14202,3621.44,0,0,0,0
14252,3650.52,0,-1,0,0
14302,3665.69,0,-1,0,0
14352,3868.97,-243,-8,0,-244
14402,3541.08,0,1,0,0
14452,3850.10,-229,-7,0,-233
14502,3664.79,0,-1,0,0
14552,3683.69,0,-2,0,0
14602,3607.50,0,0,0,0
14652,3582.52,0,0,0,0
14702,3566.33,0,1,0,0
14752,3606.64,0,0,0,0
14802,3579.95,0,0,0,0
14852,3508.77,0,2,0,0
14902,3498.95,0,3,0,0
14952,3539.41,0,1,0,0
15002,3523.61,0,2,0,0
15052,3582.52,0,0,0,0
15102,3556.19,0,1,0,0
15152,3583.37,0,0,0,0
15202,3574.83,0,0,0,0
15252,3631.96,0,0,0,0
15302,3610.98,0,0,0,0
15352,3660.32,0,-1,0,0
15403,3656.75,0,-1,0,0
15453,3689.13,0,-2,0,0
15503,3646.09,0,-1,0,0
15553,3689.13,0,-2,0,0
15603,3542.75,0,1,0,0
15653,3714.71,-595,-3,0,-603
15703,3541.08,0,1,0,0
15753,3562.10,0,1,0,0
15803,3507.95,0,2,0,0
15853,3552.82,0,1,0,0
15903,3498.95,0,3,0,0
15953,3541.91,0,1,0,0
16003,3541.08,0,1,0,0
16053,3571.43,0,0,0,0
16103,3547.78,0,1,0,0
16153,3609.24,0,0,0,0
16203,3607.50,0,0,0,0
16253,3646.97,0,-1,0,0
16303,3646.09,0,-1,0,0
16353,3689.13,0,-2,0,0
16403,3665.69,0,-1,0,0
16453,3641.66,0,-1,0,0
16503,3631.08,0,0,0,0
16553,3654.08,0,-1,0,0
16603,3631.08,0,0,0,0
16653,3665.69,0,-1,0,0
16703,3636.36,0,-1,0,0
16753,3608.37,0,0,0,0
16803,3589.38,0,0,0,0
16854,3626.69,0,0,0,0
16904,3601.44,0,-1,0,0
16954,3573.13,0,0,0,0
17004,3537.74,0,1,0,0
17054,3487.56,0,3,0,0
17104,3481.09,0,3,0,0
17154,3540.24,0,1,0,0
17204,3554.50,0,1,0,0
17254,3541.08,0,1,0,0
17304,3541.08,0,1,0,0
17355,3749.06,-978,-4,0,-975
17405,3559.56,0,1,0,0
17455,3776.43,-1352,-5,0,-1348
17505,3541.08,0,1,0,0
17555,3775.48,-1240,-5,0,-1238
17605,3559.56,0,1,0,0
17655,3500.58,0,2,0,0
17705,3481.09,2,3,0,0
17755,3425.44,0,5,0,0
17805,3435.64,0,4,0,-13
17855,3386.77,0,6,0,0
17905,3378.38,0,6,0,-9
17955,3366.25,4,7,0,0
18006,3166.56,110,13,0,113
18056,3341.50,0,7,0,-9
18106,3397.51,0,6,0,0
18156,3467.41,0,3,0,-3
18206,3469.01,0,3,0,0
18256,3531.07,0,2,0,0
18306,3531.07,0,2,0,0
18356,3587.66,0,0,0,0
18406,3589.38,0,0,0,0
18456,3675.57,0,-2,0,0
18506,3665.69,0,-1,0,0
18556,3709.20,-140,-3,0,-142
18606,3540.24,0,1,0,0
18656,3915.43,-267,-9,0,-266
18706,3539.41,0,1,0,0
18756,3805.17,-168,-6,0,-173
18806,3557.87,0,1,0,0
18856,3596.26,0,0,0,0
18906,3564.64,0,1,0,0
18956,3541.91,0,1,0,0
19006,3531.90,0,2,0,0
19056,3536.90,0,1,0,0
19106,3513.70,0,2,0,0
19156,3518.65,0,2,0,0
19206,3514.53,0,2,0,0
19256,3508.77,0,2,0,0
19306,3522.78,0,2,0,0
19356,3540.24,0,1,0,0
19406,3555.34,0,1,0,0
19456,3566.33,0,1,0,0
19506,3631.96,0,0,0,0
19556,3630.20,0,0,0,0
19606,3675.57,0,-2,0,0
19656,3650.52,0,-1,0,0
19706,3849.11,-253,-7,0,-247
19756,3542.75,0,1,0,0
19806,3786.92,-1484,-5,0,-1481
19856,3650.52,0,-1,0,0
19906,3598.85,0,0,0,0
19956,3586.80,0,0,0,0
20006,3547.78,0,1,0,0
20056,3499.77,0,3,0,0
20106,3481.09,0,3,0,0
20156,3461.01,0,4,0,0
20206,3455.42,0,4,0,-5
20256,3416.86,0,5,0,0
20306,3481.09,0,3,0,-1
20356,3477.86,0,3,0,0
20406,3535.23,0,1,0,0
20456,3538.57,0,1,0,0
20506,3578.24,0,0,0,0
20556,3589.38,0,0,0,0
20606,3646.09,0,-1,0,0
20656,3631.96,0,0,0,0
20706,3680.08,0,-2,0,0
20756,3540.24,0,1,0,0
20806,3859.02,-242,-7,0,-239
20856,3541.91,0,1,0,0
20907,3808.07,-199,-6,0,-200
20957,3559.56,0,1,0,0
21007,3541.91,0,1,0,0
21057,3460.21,0,4,0,0
21107,3412.19,2,5,0,0
21157,3432.49,0,5,0,-8
21207,3553.66,0,1,0,0
21257,3418.41,-1,5,0,-17
21307,3359.46,0,7,0,0
21357,3341.50,4,7,0,2
21407,3416.86,3,5,0,0
21457,3498.95,2,3,0,0
21507,3521.95,0,2,0,0
21557,3540.24,0,1,0,0
21607,3612.72,0,0,0,0
21657,3606.64,0,0,0,0
21707,3685.50,0,-2,0,0
21757,3665.69,0,-1,0,0
21807,3559.56,0,1,0,0
21857,3893.07,-257,-8,0,-251
21907,3541.91,0,1,0,0
21957,3839.26,-225,-7,0,-223
22007,3541.08,0,1,0,0
22057,3745.32,-843,-4,0,-846
22107,3559.56,0,1,0,0
22157,3625.82,0,0,0,0
22207,3538.57,0,1,0,0
22257,3531.07,0,2,0,0
22307,3469.01,0,3,0,0
22358,3522.78,0,2,0,0
22408,3498.95,2,3,0,0
22458,3473.03,0,3,0,0
22508,3496.50,0,3,0,0
22558,3498.95,0,3,0,0
22608,3535.23,0,1,0,0
22658,3549.46,0,1,0,0
22708,3606.64,0,0,0,0
22758,3598.85,0,0,0,0
22808,3646.09,0,-1,0,0
22858,3636.36,0,-1,0,0
22908,3690.04,0,-2,0,0
22958,3541.91,0,1,0,0
23008,3826.53,-193,-6,0,-200
23058,3558.72,0,1,0,0
23108,3733.20,-722,-3,0,-734
23158,3557.87,0,1,0,0
23208,3729.49,-840,-3,0,-853
23258,3541.08,0,1,0,0
23308,3627.57,0,0,0,0
23358,3601.44,0,-1,0,0
23408,3579.10,0,0,0,0
23458,3541.91,0,1,0,0
23508,3552.82,0,1,0,0
23558,3503.85,0,2,0,0
23608,3517.00,0,2,0,0
23658,3503.85,0,2,0,0
23708,3523.61,0,2,0,0
23758,3513.70,0,2,0,0
23808,3582.52,0,0,0,0
23858,3579.95,0,0,0,0
23908,3597.98,0,0,0,0
23958,3598.85,0,0,0,0
24008,3646.97,0,-1,0,0
24058,3631.08,0,0,0,0
24108,3680.08,0,-2,0,0
24158,3541.08,0,1,0,0
24208,3776.43,-1248,-5,0,-1252
24258,3631.08,0,0,0,0
24308,3599.71,0,0,0,0
24358,3564.64,0,1,0,0
24408,3575.69,0,0,0,0
24458,3539.41,0,1,0,0
24508,3559.56,0,1,0,0
24558,3536.90,0,1,0,0
24608,3543.59,0,1,0,0
24658,3536.90,0,1,0,0
24708,3559.56,0,1,0,0
24758,3546.10,0,1,0,0
24808,3587.66,0,0,0,0
24858,3570.58,0,0,0,0
24908,3585.94,0,0,0,0
24958,3579.95,0,0,0,0
25008,3588.52,0,0,0,0
25058,3546.10,0,1,0,0
25108,3540.24,0,1,0,0
25158,3557.87,0,1,0,0
25208,3558.72,0,1,0,0
25259,3557.87,0,1,0,0
25309,3540.24,0,1,0,0
25359,3540.24,0,1,0,0
25409,3540.24,0,1,0,0
25459,3537.74,0,1,0,0
25509,3546.10,0,1,0,0
25559,3578.24,0,0,0,0
25609,3509.59,0,2,0,0
25659,3544.42,0,1,0,0
25709,3521.95,0,2,0,0
25759,3541.91,0,1,0,0
25809,3541.91,0,1,0,0
25859,3581.66,0,0,0,0
25909,3547.78,0,1,0,0
25959,3587.66,0,0,0,0
26009,3578.24,0,0,0,0
26059,3620.56,0,0,0,0
26109,3617.94,0,0,0,0
26159,3655.86,0,-1,0,0
26209,3631.08,0,0,0,0
26259,3663.00,0,-1,0,0
26309,3650.52,0,-1,0,0
26359,3689.13,0,-2,0,0
26409,3541.91,0,1,0,0
26459,3839.26,-205,-7,0,-209
26509,3541.08,0,1,0,0
26559,3807.11,-179,-6,0,-186
26609,3557.87,0,1,0,0
26659,3637.25,0,-1,0,0
26710,3612.72,0,0,0,0
26760,3593.67,0,0,0,0
26810,3589.38,0,0,0,0
26860,3594.54,0,0,0,0
26910,3565.49,0,1,0,0
26960,3576.54,0,0,0,0
27010,3490.00,0,3,0,0
27060,3552.82,0,1,0,0
27110,3531.07,0,2,0,0
27160,3597.12,0,0,0,0
27210,3579.95,0,0,0,0
27260,3631.96,0,0,0,0
27310,3607.50,0,0,0,0
27360,3604.90,0,0,0,0
27410,3587.66,0,0,0,0
27460,3646.97,0,-1,0,0
27510,3580.81,0,0,0,0
27560,3655.86,0,-1,0,0
27610,3621.44,0,0,0,0
27660,3636.36,0,-1,0,0
27710,3612.72,0,0,0,0
27760,3635.48,0,-1,0,0
27810,3611.85,0,0,0,0
27860,3627.57,0,0,0,0
27910,3599.71,0,0,0,0
27960,3646.09,0,-1,0,0
28010,3598.85,0,0,0,0
28060,3611.85,0,0,0,0
28110,3590.23,0,0,0,0
28160,3636.36,0,-1,0,0
28210,3606.64,0,0,0,0
28260,3636.36,0,-1,0,0
28310,3598.85,0,-2,0,0
28360,3594.54,0,0,0,0
28410,3565.49,0,1,0,0
28460,3604.04,0,0,0,0
28510,3558.72,0,1,0,0
28560,3597.12,0,0,0,0
28610,3579.95,0,0,0,0
28660,3595.40,0,0,0,0
28710,3569.73,0,0,0,0
28760,3587.66,0,0,0,0
28810,3555.34,0,1,0,0
28860,3541.91,0,1,0,0
28910,3547.78,0,1,0,0
28960,3597.12,0,0,0,0
29010,3589.38,0,0,0,0
29060,3636.36,0,-1,0,0
29110,3612.72,0,0,0,0
29160,3655.86,0,-1,0,0
29210,3639.89,0,-1,0,0
29260,3640.78,0,-1,0,0
29310,3631.96,0,0,0,0
29360,3636.36,0,-1,0,0
29410,3630.20,0,0,0,0
29460,3626.69,0,0,0,0
29510,3621.44,0,0,0,0
29560,3646.97,0,-1,0,0
29611,3579.95,0,0,0,0
29661,3574.83,0,0,0,0
29711,3556.19,0,1,0,0
29761,3578.24,0,0,0,0
29811,3573.98,0,0,0,0
29861,3621.44,0,0,0,0
29911,3557.03,0,1,0,0
29961,3540.24,0,1,0,0
30011,3532.74,0,2,0,0
30061,3578.24,0,0,0,0
30111,3575.69,0,0,0,0
30161,3621.44,0,0,0,0
30211,3598.85,0,0,0,0
30261,3622.31,0,0,0,0
30311,3610.98,0,0,0,0
30361,3665.69,0,-1,0,0
30411,3636.36,0,-1,0,0
30461,3665.69,0,-1,0,0
30511,3631.96,0,0,0,0
30561,3675.57,0,-2,0,0
30611,3645.20,0,-1,0,0
30661,3608.37,0,0,0,0
30711,3603.17,0,0,0,0
30761,3588.52,0,0,0,0
30811,3579.95,0,0,0,0
30861,3584.23,0,0,0,0
30911,3574.83,0,0,0,0
30961,3622.31,0,0,0,0
31011,3569.73,0,0,0,0
31062,3568.88,0,0,0,0
31112,3555.34,0,1,0,0
31162,3541.08,0,1,0,0
31212,3541.91,0,1,0,0
31262,3587.66,0,0,0,0
31312,3568.88,0,0,0,0
31362,3541.08,0,1,0,0
31412,3585.94,0,0,0,0
31462,3557.03,0,1,0,0
31512,3591.09,0,0,0,0
31562,3583.37,0,0,0,0
31612,3636.36,0,-1,0,0
31662,3621.44,0,0,0,0
31712,3666.59,0,-1,0,0
31762,3655.86,0,-1,0,0
31812,3650.52,0,-1,0,0
31862,3646.09,0,-1,0,0
31912,3688.22,-1,-2,0,0
31962,3630.20,0,0,0,0
32012,3552.82,0,1,0,0
32062,3557.87,0,1,0,0
32112,3541.91,0,1,0,0
32162,3521.95,0,2,0,0
32212,3562.10,0,1,0,0
32262,3547.78,0,1,0,0
32312,3573.13,0,0,0,0
32362,3579.95,0,0,0,0
32412,3612.72,0,0,0,0
32462,3609.24,0,0,0,0
32512,3587.66,0,0,0,0
32562,3597.98,0,0,0,0
32612,3646.09,0,-1,0,0
32662,3640.78,0,-1,0,0
32712,3670.17,0,-2,0,0
32762,3655.86,0,-1,0,0
32812,3631.96,0,0,0,0
32862,3620.56,0,0,0,0
32912,3660.32,0,-1,0,0
32962,3588.52,0,0,0,0
33012,3622.31,0,0,0,0
33062,3591.95,0,0,0,0
33112,3578.24,0,0,0,0
33162,3517.00,0,2,0,0
33212,3562.10,0,1,0,0
33262,3532.74,0,2,0,0
33312,3541.08,0,1,0,0
33362,3503.85,0,2,0,0
33412,3541.08,0,1,0,0
33462,3469.01,0,3,0,0
33512,3441.95,1,4,0,0
33562,3547.78,0,1,0,0
33612,3606.64,0,0,0,0
33662,3608.37,0,0,0,0
33712,3665.69,0,-1,0,0
33762,3665.69,0,-1,0,0
33812,3859.02,-255,-7,0,-253
33862,3541.08,0,1,0,0
33912,3928.76,-296,-9,0,-296
33963,3557.87,0,1,0,0
34013,3807.11,-194,-6,0,-199
34063,3557.87,0,1,0,0
34113,3602.31,0,0,0,0
34163,3522.78,0,2,0,0
34213,3481.89,0,3,0,0
34263,3438.79,0,4,0,0
34313,3405.22,0,5,0,-3
34363,3392.90,0,6,0,-14
34413,3472.22,0,3,0,0
34463,3418.41,-6,5,0,-23
34513,3451.45,0,4,0,0
34563,3498.95,0,3,0,0
34613,3507.95,0,2,0,0
34663,3568.03,0,0,0,0
34713,3588.52,0,0,0,0
34763,3666.59,0,-1,0,0
34813,3665.69,0,-1,0,0
34863,3881.99,-274,-8,0,-272
34913,3540.24,0,1,0,0
34963,3938.04,-283,-10,0,-283
35013,3559.56,0,1,0,0
35063,3926.70,-290,-9,0,-295
35113,3541.91,0,1,0,0
35163,3734.13,-382,-4,0,-393
35213,3558.72,0,1,0,0
35263,3542.75,0,1,0,0
35313,3541.91,0,1,0,0
35363,3562.10,0,1,0,0
35414,3546.94,0,1,0,0
35464,3517.00,0,2,0,0
35514,3481.89,0,3,0,0
35564,3502.22,0,2,0,0
35614,3469.01,0,3,0,0
35664,3522.78,0,2,0,0
35714,3482.70,0,3,0,0
35764,3553.66,0,1,0,0
35814,3556.19,0,1,0,0
35864,3575.69,0,0,0,0
35914,3579.95,0,0,0,0
35964,3716.55,-604,-3,0,-605
36014,3557.87,0,1,0,0
36064,3817.77,-209,-6,0,-208
36114,3557.87,0,1,0,0
36164,3795.55,-1660,-5,0,-1661
36214,3636.36,0,-1,0,0
36264,3679.18,0,-2,0,0
36314,3616.20,0,0,0,0
36364,3621.44,0,0,0,0
36414,3598.85,0,0,0,0
36464,3546.94,0,1,0,0
36514,3538.57,0,1,0,0
36564,3568.03,0,0,0,0
36614,3556.19,0,1,0,0
36664,3568.03,0,0,0,0
36714,3521.95,0,2,0,0
36764,3521.13,0,2,0,0
36814,3517.00,1,2,0,0
36864,3531.07,0,2,0,0
36914,3576.54,0,0,0,0
36964,3568.03,0,0,0,0
37014,3629.32,0,0,0,0
37064,3641.66,0,-1,0,0
37115,3797.47,-1711,-5,0,-1707
37165,3547.78,0,1,0,0
37215,3723.01,-673,-3,0,-672
37265,3542.75,0,1,0,0
37315,3557.03,0,1,0,0
37365,3554.50,0,1,0,0
37415,3517.00,0,2,0,0
37465,3477.05,0,3,0,0
37515,3416.08,0,5,0,0
37565,3357.96,0,7,0,0
37615,3409.09,-13,5,0,-23
37665,3426.22,3,5,0,0
37715,3417.63,0,5,0,0
37765,3544.42,0,1,0,0
37815,3441.95,0,4,0,0
37865,3523.61,0,2,0,0
37915,3551.14,0,1,0,0
37965,3593.67,0,0,0,0
38016,3612.72,0,0,0,0
38066,3666.59,0,-1,0,0
38116,3655.86,0,-1,0,0
38166,3588.52,0,0,0,0
38216,3490.00,0,3,0,0
38266,3419.97,0,5,0,0
38316,3330.37,24,8,0,20
38366,3165.89,71,13,0,75
38416,3165.89,10,13,0,7
38466,3166.56,-70,13,0,-86
38516,3008.42,71,17,0,68
38566,3095.34,-34,15,0,-54
38616,3009.03,-76,17,0,-106
38666,2866.42,0,22,0,-24
38716,2787.07,52,24,0,35
38766,2736.23,0,25,0,-22
38816,2624.21,58,29,0,47
38866,2618.71,0,29,0,-20
38916,2536.35,61,31,0,54
38966,2425.22,122,35,0,88
39016,2452.58,38,34,0,7
39066,2410.41,-22,35,0,-59
39116,2358.86,35,37,0,24
39166,2309.82,0,38,0,-45
39216,2158.89,96,43,0,71
39266,2221.23,18,41,0,-8
39316,2078.71,58,45,0,20
39366,2087.68,59,45,0,15
39416,1986.23,84,48,0,40
39467,1997.34,77,48,0,29
39517,1952.87,66,49,0,17
39567,1961.81,21,49,0,-28
39617,1852.08,68,52,0,16
39667,1843.43,55,52,0,3
39717,1793.83,55,54,0,1
39767,1747.84,71,55,0,16
39817,1693.58,73,57,0,16
39867,1689.95,58,57,0,1
39917,1642.94,73,58,0,15
39967,1590.67,75,60,0,15
40017,1587.64,60,60,0,0
40067,1535.16,77,61,0,16
40117,1535.78,61,61,0,0
40167,1482.95,63,63,0,0
40217,1426.40,81,65,0,16
40267,1430.07,64,65,0,-1
40317,1372.87,81,66,0,15
40367,1376.40,66,66,0,0
40417,1318.33,83,68,0,15
40467,1318.91,68,68,0,0
40517,1263.05,84,70,0,14
40567,1256.39,71,70,0,1
40617,1198.94,85,72,0,13
40667,1195.31,72,72,0,0
40717,1168.13,78,72,0,6
40767,1149.69,77,73,0,4
40817,1090.20,87,75,0,12
40867,1089.88,75,75,0,0
40918,1035.70,87,76,0,11
40968,1024.94,79,77,0,2
41018,959.82,91,79,0,12
41068,959.82,91,79,0,12
41118,961.91,79,79,0,0
41168,891.05,93,81,0,12
41218,894.40,81,81,0,0
41268,894.40,81,81,0,0
41318,825.90,94,83,0,11
41368,822.14,83,83,0,0
41418,822.14,83,83,0,0
41468,756.47,94,85,0,9
41518,741.00,87,85,0,2
41568,741.00,87,85,0,2
41618,674.43,95,87,0,8
41668,674.43,95,87,0,8
41718,648.68,91,88,0,3
41768,648.68,91,88,0,3
41818,572.52,98,90,0,8
41868,572.52,98,90,0,8
41918,539.30,94,91,0,3
41968,539.30,94,91,0,3
42018,539.30,94,91,0,3
42068,447.33,102,94,0,8
42118,447.33,102,94,0,8
42168,447.33,102,94,0,8
42218,393.21,100,96,0,4
42268,393.21,100,96,0,4
42318,393.21,100,96,0,4
42368,393.21,100,96,0,4
43171,61.73,-100,96,0,4
43222,61.73,-100,96,0,4
43272,61.73,-100,96,0,4
43322,61.73,-100,96,0,4
43372,61.73,-100,96,0,4
43422,61.73,-100,96,0,4
43472,61.73,-100,96,0,4
43522,61.73,-100,96,0,4
43572,61.73,-100,96,0,4
43622,61.73,-100,96,0,4
43672,61.73,-100,96,0,4
43722,61.73,-100,96,0,4
43772,61.73,-100,96,0,4
43822,61.73,-100,96,0,4
43872,61.73,-100,96,0,4
43922,61.73,-100,96,0,4
43972,61.73,-100,96,0,4
44022,61.73,-100,96,0,4
44072,61.73,-100,96,0,4
44122,61.73,-100,96,0,4
44172,61.73,-100,96,0,4
44222,61.73,-100,96,0,4
44272,61.73,-100,96,0,4
44322,61.73,-100,96,0,4
44372,61.73,-100,96,0,4
44422,61.73,-100,96,0,4
44472,61.73,-100,96,0,4
44522,61.73,-100,96,0,4
44572,61.73,-100,96,0,4
44622,61.73,-100,96,0,4
44672,61.73,-100,96,0,4
44722,61.73,-100,96,0,4
44772,61.73,-100,96,0,4
44822,61.73,-100,96,0,4
44872,61.73,-100,96,0,4
44922,61.73,-100,96,0,4
44972,61.73,-100,96,0,4
45022,61.73,-100,96,0,4
45072,61.73,-100,96,0,4
45122,61.73,-100,96,0,4
45172,61.73,-100,96,0,4
45222,61.73,-100,96,0,4
45272,61.73,-100,96,0,4
45322,61.73,-100,96,0,4
45372,61.73,-100,96,0,4
45422,61.73,-100,96,0,4
45472,61.73,-100,96,0,4
45522,61.73,-100,96,0,4
45572,61.73,-100,96,0,4
45622,61.73,-100,96,0,4
45672,61.73,-100,96,0,4
45722,61.73,-100,96,0,4
45772,61.73,-100,96,0,4
45822,61.73,-100,96,0,4
45872,61.73,-100,96,0,4
45922,61.73,-100,96,0,4
45972,61.73,-100,96,0,4
46022,61.73,-100,96,0,4
46072,61.73,-100,96,0,4
46123,61.73,-100,96,0,4
46173,61.73,-100,96,0,4
46223,61.73,-100,96,0,4
46273,61.73,-100,96,0,4
46323,61.73,-100,96,0,4
46373,61.73,-100,96,0,4
46423,61.73,-100,96,0,4
