------ Microcontroller Engine Govehange
------ Microcontroller Engine Governor - Version: 1.14 ------
-------------------------------------------------------------
PID Gains:        Kp: 0.030000   Ki: 0.000000   Kd: 12.000000
-------------------------------------------------------------
Set RPM:             3600    |  Min RPM:                300
                             |
RPM Precision        2       |  PID I Precision:         202
                             |
Start Steps:         800     |  Max Steps:               1200
                             |
RPM Calc Interval:   1       |  Num Magnets:             1
                             |
LCD Update Interval: 400     |  Serial Update Interval:  50
-------------------------------------------------------------

Time,RPM,Steps Remaining, PID p, PID i, PID d, RPM Change
1589,0.00,0,0,0,0,0.00
1639,0.00,0,0,0,0,0.00
1689,0.00,0,0,0,0,0.00
1739,0.00,0,0,0,0,0.00
1789,0.00,0,0,0,0,0.00
1839,0.00,0,0,0,0,0.00
1889,0.00,0,0,0,0,0.00
1939,0.00,0,0,0,0,0.00
1989,0.00,0,0,0,0,0.00
2039,0.00,0,0,0,0,0.00
2089,0.00,0,0,0,0,0.00
2139,0.00,0,0,0,0,0.00
2189,0.00,0,0,0,0,0.00
2239,0.00,0,0,0,0,0.00
2289,0.00,0,0,0,0,0.00
2339,0.00,0,0,0,0,0.00
2390,0.00,0,0,0,0,0.00
2440,0.00,0,0,0,0,0.00
2490,0.00,0,0,0,0,0.00
2540,inf,0,0,0,0,inf
2590,inf,0,0,0,0,inf
2640,547.67,89,91,0,0,inf
2690,547.67,41,91,0,0,inf
2740,643.58,19600,88,0,19520,-95.92
2790,1076.35,-15539,75,0,-15616,-432.77
2840,1076.35,-15495,75,0,-15616,-432.77
2890,1515.30,7609,62,0,7552,-412.77
2940,1586.63,29874,60,0,29824,-71.33
2990,1785.29,52,54,0,0,-22.24
3040,1990.97,26139,48,0,26112,-205.69
3090,2217.29,-9417,41,0,-9472,-168.11
3140,2415.46,18327,35,0,18304,-217.66
3190,2516.36,18321,32,0,18304,-100.51
3240,2741.73,5,25,0,0,-143.43
3290,3027.25,10,17,0,0,-166.29
3340,3073.77,0,15,0,0,13.28
3390,3389.06,0,6,0,0,-121.09
3440,3512.88,0,2,0,0,0.00
3490,3759.40,0,-4,0,0,-126.56
3540,3859.02,0,-7,0,0,1.99
3590,3973.51,-8,-11,0,0,50.10
3640,4035.51,-10,-13,0,0,-8.67
3690,4311.58,-18,-21,0,0,-161.06
3740,4508.57,-17,-27,0,0,-174.56
3790,4503.15,-23,-27,0,0,-244.21
3840,4418.26,-14,-24,0,0,-107.92
3890,4322.77,-13,-21,0,0,49.14
3940,4279.60,-16,-20,0,0,294.96
3990,4239.68,-11,-19,0,0,26.53
4040,4481.63,-23,-26,0,0,-290.51
4090,4024.68,0,-12,0,0,324.40
4140,4026.85,-10,-12,0,0,150.26
4190,4066.14,-5,-13,0,0,-40.38
4240,3956.74,0,-10,0,0,8.37
4290,3829.46,-5,-6,0,0,24.60
4340,3740.65,-1,-4,0,0,30.09
4390,3665.69,0,-1,0,0,15.29
4440,3613.59,0,0,0,0,26.31
4490,3530.24,0,2,0,0,26.79
4540,3439.58,3,4,0,0,37.47
4590,3388.30,0,6,0,0,29.34
4640,3345.97,0,7,0,0,23.30
4690,3267.26,1,9,0,0,28.72
4740,3327.42,5,8,0,0,-42.27
4790,3339.27,0,7,0,0,-46.91
4840,3356.46,0,7,0,0,18.12
4890,3455.42,0,4,0,0,-57.92
4940,3344.48,59,7,0,60,143.89
4990,3575.69,0,0,0,0,24.89
5040,3585.94,0,0,0,0,19.83
5090,3642.54,0,-1,0,0,-43.70
5140,3650.52,0,-1,0,0,15.17
5190,3734.13,0,-4,0,0,-49.53
5241,4306.63,-11,-21,0,0,24819.58
5291,3779.29,0,-5,0,0,260.57
5341,3744.38,0,-4,0,0,20.68
5392,3714.71,-2,-3,0,0,23.14
5442,3740.65,-1,-4,0,0,-36.94
5492,3669.28,0,-2,0,0,38.09
5542,3608.37,0,0,0,0,21.83
5592,3574.83,0,0,0,0,18.84
5642,3540.24,0,1,0,0,26.09
5692,3521.13,0,2,0,0,41.82
5742,3520.30,1,2,0,0,-31.12
5792,3484.32,0,3,0,0,1.62
5842,3481.89,0,3,0,0,103.19
5892,3493.25,0,3,0,0,-3.25
5942,3489.18,0,3,0,0,22.87
5992,3530.24,0,2,0,0,-49.96
6042,3531.90,0,2,0,0,11.68
6092,3591.95,0,0,0,0,-43.34
6142,3583.37,0,0,0,0,30.21
6192,3665.69,0,-1,0,0,-47.74
6242,3632.84,0,0,0,0,31.95
6292,3700.05,0,-3,0,0,-45.08
6342,3674.67,0,-2,0,0,19.00
6392,3735.99,0,-4,0,0,-50.49
6443,3709.20,0,-3,0,0,14.73
6493,3699.14,0,-2,0,0,-41.49
6543,3670.17,0,-2,0,0,30.79
6593,3639.89,0,-1,0,0,20.43
6643,3573.98,0,0,0,0,136.13
6693,3605.77,0,0,0,0,79.73
6743,3581.66,0,0,0,0,84.03
6793,3540.24,0,1,0,0,24.40
6843,3530.24,0,2,0,0,15.02
6893,3568.88,0,0,0,0,-34.48
6943,3531.90,0,2,0,0,25.97
6993,3568.03,0,0,0,0,-17.73
7043,3547.78,0,1,0,0,28.76
7093,3594.54,0,0,0,0,-29.05
7143,3587.66,0,0,0,0,27.67
7193,3591.95,0,0,0,0,-2.58
7243,3583.37,0,0,0,0,8.58
7293,3622.31,0,0,0,0,-39.80
7343,3608.37,0,0,0,0,13.94
7393,3617.07,0,0,0,0,-4.36
7443,3607.50,0,0,0,0,23.58
7493,3608.37,0,0,0,0,11.32
7543,3598.85,0,0,0,0,21.72
7593,3654.97,0,-1,0,0,-47.47
7643,3621.44,0,0,0,0,24.65
7693,3622.31,0,0,0,0,-22.60
7743,3616.20,0,0,0,0,14.88
7793,3607.50,0,0,0,0,5.21
7843,3598.85,0,0,0,0,32.23
7894,3645.20,0,-1,0,0,-44.62
7944,3632.84,0,0,0,0,23.02
7994,3636.36,0,-1,0,0,-24.52
8044,3602.31,0,0,0,0,34.06
8094,3621.44,0,0,0,0,0.00
8144,3597.98,0,0,0,0,33.10
8194,3595.40,0,0,0,0,-29.91
8244,3573.98,0,0,0,0,18.83
8294,3593.67,0,0,0,0,-20.54
8344,3521.95,0,2,0,0,33.39
8394,3606.64,0,0,0,0,-54.66
8444,3546.94,0,1,0,0,20.24
8494,3582.52,0,0,0,0,-37.26
8544,3513.70,0,2,0,0,27.37
8594,3558.72,0,1,0,0,-30.97
8644,3546.94,0,1,0,0,33.87
8694,3588.52,0,0,0,0,-38.22
8744,3579.95,0,0,0,0,28.42
8794,3633.72,0,-1,0,0,-38.32
8844,3621.44,0,0,0,0,19.34
8894,3673.77,0,-2,0,0,-41.81
8944,3648.75,0,-1,0,0,40.38
8994,3688.22,0,-2,0,0,-33.25
9044,3639.89,0,-1,0,0,21.32
9094,3669.28,0,-2,0,0,-23.19
9144,3645.20,0,-1,0,0,33.98
9194,3644.31,0,-1,0,0,-45.47
9244,3631.08,0,0,0,0,27.45
9294,3614.46,0,0,0,0,-31.08
9344,3558.72,0,1,0,0,43.59
9394,3540.24,0,1,0,0,15.10
9444,3521.95,1,2,0,0,30.02
9494,3552.82,0,1,0,0,-21.75
9544,3541.91,0,1,0,0,28.67
9594,3577.39,0,0,0,0,-31.29
9644,3567.18,0,0,0,0,18.76
9694,3595.40,0,0,0,0,-14.59
9744,3570.58,0,0,0,0,33.46
9794,3619.69,0,0,0,0,-44.01
9844,3591.95,0,0,0,0,28.61
9894,3654.97,0,-1,0,0,-38.77
9944,3616.20,0,0,0,0,29.89
9994,3646.09,0,-1,0,0,-22.90
10044,3584.23,0,0,0,0,32.84
10094,3618.82,0,0,0,0,-55.03
10144,3597.98,0,0,0,0,14.73
10194,3612.72,0,0,0,0,-14.73
10244,3610.98,0,0,0,0,25.39
10294,3627.57,0,0,0,0,-38.19
10344,3596.26,0,0,0,0,38.34
10394,3611.85,0,0,0,0,-14.72
10444,3603.17,0,0,0,0,27.03
10494,3610.98,0,0,0,0,-22.46
10544,3589.38,0,0,0,0,30.32
10594,3612.72,0,0,0,0,-34.47
10644,3567.18,0,0,0,0,26.49
10694,3583.37,0,0,0,0,-8.54
10744,3579.10,0,0,0,0,24.07
10795,3577.39,0,0,0,0,23.19
10845,3821.66,0,-6,0,0,-91.24
10895,3636.36,0,-1,0,0,-24.52
10945,3621.44,0,0,0,0,33.53
10995,3665.69,0,-1,0,0,-34.61
11045,3640.78,0,-1,0,0,19.55
11095,3709.20,-1,-3,0,0,-53.34
11145,3690.04,0,-2,0,0,25.59
11195,3735.06,0,-4,0,0,-35.92
11245,3700.05,0,-3,0,0,20.19
11295,3675.57,0,-2,0,0,13.56
11345,3631.08,0,0,0,0,18.55
11395,3650.52,0,-1,0,0,-16.80
11445,3606.64,0,0,0,0,39.45
11495,3604.90,0,0,0,0,-39.42
11545,3568.88,0,0,0,0,34.29
11595,3552.82,0,1,0,0,-22.58
11645,3513.70,0,2,0,0,39.12
11695,3528.58,0,2,0,0,-33.71
11745,3499.77,0,3,0,0,36.30
11795,3520.30,1,2,0,0,-52.89
11845,3547.78,0,1,0,0,-56.97
11895,3678.27,0,-2,0,0,50.29
11945,3583.37,0,0,0,0,123.99
11995,3562.95,0,1,0,0,81.37
12045,3612.72,0,0,0,0,-37.03
12095,3617.94,0,0,0,0,13.14
12145,3672.87,0,-2,0,0,-36.51
12195,3668.38,0,-2,0,0,50.02
12246,3671.07,-1,-2,0,0,27.15
12296,3676.47,0,-2,0,0,-49.78
12346,3656.75,0,-1,0,0,25.13
12396,3640.78,0,-1,0,0,19.55
12446,3623.19,0,0,0,0,30.89
12496,3619.69,0,0,0,0,-21.71
12546,3597.98,0,0,0,0,24.33
12596,3596.26,0,0,0,0,-40.92
12646,3579.10,0,0,0,0,25.80
12696,3593.67,0,0,0,0,-18.84
12746,3568.88,0,0,0,0,33.43
12796,3581.66,0,0,0,0,-50.59
12846,3581.66,0,0,0,0,24.11
12896,3592.81,0,0,0,0,-4.30
12946,3587.66,0,0,0,0,25.06
12996,3646.09,0,-1,0,0,-38.58
13046,3584.23,0,0,0,0,12.89
13096,3602.31,0,0,0,0,-13.79
13146,3621.44,0,0,0,0,-50.86
13196,3577.39,0,0,0,0,234.55
13246,3619.69,0,0,0,0,170.10
13296,3585.94,0,0,0,0,236.69
13346,3624.06,0,0,0,0,179.18
13396,3546.94,0,1,0,0,239.03
13446,3595.40,0,0,0,0,75.67
13496,3589.38,0,0,0,0,23.34
13546,3624.06,0,0,0,0,-34.69
13596,3613.59,0,0,0,0,26.31
13646,3632.84,0,0,0,0,-21.86
13696,3608.37,0,0,0,0,47.49
13746,3673.77,0,-2,0,0,-92.11
13796,3633.72,0,-1,0,0,31.97
13846,3662.11,0,-1,0,0,34.29
13897,3667.48,-1,-2,0,0,-32.88
13947,3597.98,0,0,0,0,13.86
13997,3630.20,0,0,0,0,-33.08
14047,3613.59,0,0,0,0,32.50
14097,3665.69,0,-1,0,0,-44.25
14147,3606.64,0,0,0,0,14.80
14197,3665.69,0,-1,0,0,-44.25
14247,3597.98,0,0,0,0,18.22
14297,3634.60,0,-1,0,0,-32.30
14347,3611.85,0,0,0,0,34.24
14397,3646.09,0,-1,0,0,-16.76
14447,3602.31,0,0,0,0,34.06
14497,3597.98,0,0,0,0,13.86
14547,3579.95,0,0,0,0,26.68
14597,3576.54,0,0,0,0,-18.66
14647,3547.78,0,1,0,0,30.47
14697,3548.62,0,1,0,0,8.42
14747,3552.82,0,1,0,0,-23.41
14797,3582.52,0,0,0,0,146.04
14848,3557.87,0,1,0,0,-10.94
14898,3552.82,0,1,0,0,27.13
14948,3597.98,0,0,0,0,-24.85
14998,3581.66,0,0,0,0,23.24
15048,3631.96,0,0,0,0,-38.29
15098,3604.04,0,0,0,0,34.97
15148,3655.86,0,-1,0,0,-31.80
15198,3645.20,0,-1,0,0,24.08
15248,3699.14,0,-2,0,0,-45.95
15298,3649.63,0,-1,0,0,125.85
15348,3671.97,-1,-2,0,0,25.34
15398,3699.14,0,-2,0,0,-34.34
15448,3670.17,0,-2,0,0,35.36
15498,3667.48,0,-2,0,0,-27.59
15548,3646.09,0,-1,0,0,33.09
15598,3611.85,0,0,0,0,24.52
15648,3568.88,0,0,0,0,43.84
15698,3562.95,0,1,0,0,-31.87
15748,3486.75,2,3,0,0,20.38
15798,3490.00,0,3,0,0,17.96
15848,3507.95,0,2,0,0,222.46
15898,3481.09,0,3,0,0,20.31
15948,3520.30,0,2,0,0,-40.02
15998,3522.78,0,2,0,0,20.81
16048,3587.66,0,0,0,0,-44.07
16098,3583.37,0,0,0,0,13.75
16148,3631.08,0,0,0,0,-20.97
16198,3623.19,0,0,0,0,32.67
16248,3655.86,0,-1,0,0,-38.79
16299,3650.52,0,-1,0,0,15.17
16349,3699.14,0,-2,0,0,-34.34
16399,3680.08,0,-2,0,0,23.62
16449,3729.49,0,-3,0,0,-29.44
16499,3719.32,-2,-3,0,0,-6.44
16549,3677.37,0,-2,0,0,27.25
16599,3679.18,0,-2,0,0,-32.20
16649,3635.48,0,-1,0,0,33.79
16699,3626.69,0,0,0,0,-14.85
16749,3565.49,0,1,0,0,18.74
16799,3578.24,0,0,0,0,-32.98
16849,3529.41,0,2,0,0,41.17
16899,3490.00,0,3,0,0,22.06
16949,3512.06,0,2,0,0,119.90
16999,3475.44,0,3,0,0,21.06
17049,3488.37,0,3,0,0,-7.29
17099,3490.00,0,3,0,0,29.48
17149,3543.59,0,1,0,0,-38.91
17199,3531.90,0,2,0,0,20.91
17249,3597.12,0,0,0,0,-50.18
17299,3588.52,0,0,0,0,25.94
17349,3612.72,0,0,0,0,-15.59
17399,3606.64,0,0,0,0,25.32
17449,3655.86,0,-1,0,0,-24.78
17499,3646.09,0,-1,0,0,23.19
17549,3690.94,0,-2,0,0,-36.86
17599,3654.08,0,-1,0,0,32.33
17649,3705.53,0,-3,0,0,-29.06
17699,3660.32,0,-1,0,0,4.47
17750,3700.05,0,-3,0,0,-45.08
17800,3664.79,0,-1,0,0,34.34
17850,3635.48,0,-1,0,0,-6.16
17900,3610.98,0,0,0,0,34.22
17950,3597.98,0,0,0,0,16.47
18000,3598.85,0,0,0,0,17.35
18050,3597.98,0,0,0,0,7.78
18100,3549.46,0,1,0,0,16.03
18150,3517.82,0,2,0,0,13.25
18200,3517.82,0,2,0,0,57.86
18250,3526.92,0,2,0,0,-14.04
18300,3516.17,0,2,0,0,16.56
18350,3545.26,0,1,0,0,-23.31
18400,3522.78,0,2,0,0,20.81
18450,3587.66,0,0,0,0,-56.58
18500,3581.66,0,0,0,0,14.60
18550,3617.94,0,0,0,0,-33.72
18600,3611.85,0,0,0,0,25.40
18650,3671.97,0,-2,0,0,-41.77
18700,3651.41,0,-1,0,0,18.76
18750,3693.67,0,-2,0,0,-22.60
18800,3665.69,0,-1,0,0,28.89
18850,3645.20,0,-1,0,0,22.28
18900,3635.48,0,-1,0,0,12.38
18950,3647.86,0,-1,0,0,-12.38
19000,3633.72,0,-1,0,0,29.28
19050,3646.09,0,-1,0,0,-34.24
19100,3565.49,0,1,0,0,32.50
19150,3593.67,0,0,0,0,-20.54
19200,3578.24,0,0,0,0,24.06
19250,3556.19,0,1,0,0,13.54
19300,3539.41,0,1,0,0,20.16
19350,3551.98,0,1,0,0,-30.85
19400,3531.07,0,2,0,0,22.59
19450,3578.24,0,0,0,0,-38.84
19500,3565.49,0,1,0,0,22.17
19550,3585.94,0,0,0,0,-20.46
19600,3512.88,0,2,0,0,26.52
19650,3581.66,0,0,0,0,-51.42
19700,3539.41,0,1,0,0,10.89
19750,3587.66,0,0,0,0,-41.56
19800,3623.19,0,0,0,0,-104.54
19850,3748.13,0,-4,0,0,-20.49
19900,3613.59,0,0,0,0,214.90
19950,3609.24,0,0,0,0,247.79
20000,3642.54,0,-1,0,0,28.53
20050,3659.43,0,-1,0,0,-12.46
20100,3654.08,0,-1,0,0,28.71
20150,3700.05,0,-3,0,0,-37.94
20200,3677.37,0,-2,0,0,5.42
20250,3704.62,0,-3,0,0,-32.65
20300,3649.63,0,-1,0,0,29.54
20350,3659.43,0,-1,0,0,-13.34
20400,3590.23,0,0,0,0,18.14
20450,3612.72,0,0,0,0,-19.04
20500,3544.42,0,1,0,0,17.68
20550,3554.50,0,1,0,0,-24.26
20600,3531.90,0,2,0,0,25.13
20651,3530.24,0,2,0,0,-44.30
20701,3526.92,1,2,0,0,16.66
20751,3561.25,0,1,0,0,-40.13
20801,3568.03,0,0,0,0,-32.80
20851,3623.19,0,0,0,0,166.60
20901,3601.44,0,-3,0,0,129.90
20951,3601.44,0,-4,0,0,136.41
21001,3659.43,0,-1,0,0,-38.86
21051,3646.09,0,-1,0,0,88.97
21101,3658.54,0,-1,0,0,30.59
21151,3694.58,0,-2,0,0,-25.31
21201,3679.18,0,-2,0,0,27.27
21251,3716.55,0,-3,0,0,-27.42
21301,3690.04,0,-2,0,0,33.90
21351,3704.62,0,-3,0,0,-29.95
21401,3690.94,0,-2,0,0,-93.82
21451,3645.20,0,-1,0,0,-23.76
21501,3588.52,0,0,0,0,37.30
21551,3591.95,0,0,0,0,-22.23
21601,3573.13,0,0,0,0,19.68
21651,3531.90,0,2,0,0,32.73
21701,3489.18,0,3,0,0,36.08
21751,3493.25,0,3,0,0,-11.35
21803,3469.01,2,3,0,0,-52.93
21853,3459.41,0,4,0,0,17.64
21903,3570.58,0,0,0,0,91.53
21953,3510.41,0,2,0,0,28.99
22003,3570.58,0,0,0,0,-43.66
22053,3584.23,0,0,0,0,12.89
22103,3660.32,0,-1,0,0,-66.65
22153,3646.09,0,-1,0,0,27.68
22203,3672.87,0,-2,0,0,-10.76
22253,3654.08,0,-1,0,0,41.41
22303,3697.31,0,-2,0,0,5.48
22353,3723.01,-1,-3,0,0,-34.79
22403,3700.96,-1,-3,0,0,22.97
22453,3721.16,0,-3,0,0,-21.11
22503,3680.08,0,-2,0,0,24.54
22553,3691.85,0,-2,0,0,-21.68
22603,3641.66,0,-1,0,0,23.13
22653,3645.20,0,-1,0,0,-38.56
22703,3565.49,0,1,0,0,23.89
22753,3577.39,0,0,0,0,-13.60
22803,3536.90,0,1,0,0,31.98
22853,3546.10,0,1,0,0,-14.19
22903,3511.24,0,2,0,0,31.51
22953,3525.26,0,3,0,0,-47.41
23003,3539.41,0,1,0,0,-48.60
23053,3527.75,0,2,0,0,188.80
23103,3514.53,0,2,0,0,30.73
23153,3529.41,0,2,0,0,18.36
23203,3603.17,0,2,0,0,-52.88
23254,3532.74,0,1,0,0,25.98
23304,3595.40,0,0,0,0,-48.46
23354,3557.03,0,1,0,0,39.23
23404,3623.19,0,1,0,0,-53.46
23454,3598.85,0,0,0,0,24.34
23504,3654.97,0,-1,0,0,-44.86
23554,3623.19,0,-1,0,0,32.67
23605,3656.75,0,-1,0,0,-29.18
23655,3637.25,0,-1,0,0,37.42
23705,3700.05,0,-1,0,0,-44.19
23755,3676.47,0,-1,0,0,62.31
23805,3676.47,0,-1,0,0,29.06
23855,3723.93,-1,-3,0,0,-32.99
23905,3675.57,0,-3,0,0,29.96
23955,3756.57,0,-4,0,0,-104.27
24005,3729.49,0,-3,0,0,-94.01
24055,3655.86,0,-1,0,0,-23.90
24105,3631.96,0,0,0,0,28.36
24155,3626.69,0,0,0,0,-4.38
24205,3606.64,0,0,0,0,20.06
24255,3578.24,0,0,0,0,-22.06
24305,3521.95,0,2,0,0,17.45
24355,3587.66,0,0,0,0,-39.04
24406,3530.24,0,2,0,0,20.05
24456,3507.95,0,2,0,0,14.83
24506,3494.87,1,3,0,0,32.88
24556,3548.62,0,1,0,0,-50.48
24606,3534.40,0,1,0,0,-13.27
24656,3536.07,0,1,0,0,183.25
24706,3574.83,0,0,0,0,0.00
24756,3573.98,0,0,0,0,13.68
24806,3631.08,0,0,0,0,-39.13
24856,3618.82,0,0,0,0,36.15
24906,3640.78,0,-1,0,0,-42.79
24956,3633.72,0,-1,0,0,33.76
25006,3646.09,0,-1,0,0,-37.72
25056,3636.36,0,-1,0,0,36.51
25106,3693.67,0,-2,0,0,-21.70
25156,3686.41,-1,-2,0,0,-36.77
25206,3665.69,0,-1,0,0,22.53
25256,3704.62,0,-3,0,0,-31.75
25306,3684.60,0,-2,0,0,9.07
25356,3696.40,0,-2,0,0,-16.32
25406,3663.00,0,-1,0,0,29.76
25456,3653.19,0,-1,0,0,41.39
25506,3624.06,0,0,0,0,25.57
25556,3589.38,0,0,0,0,8.61
25606,3507.13,0,2,0,0,16.48
25656,3536.90,0,1,0,0,-24.02
25706,3476.25,1,3,0,0,14.56
25756,3486.75,0,4,0,0,-28.14
25806,3496.50,0,3,0,0,-42.67
25856,3495.69,0,3,0,0,16.37
25906,3529.41,0,2,0,0,-53.97
25956,3516.17,0,2,0,0,14.90
26006,3594.54,0,0,0,0,-53.46
26056,3596.26,0,0,0,0,15.59
26106,3655.86,0,-1,0,0,-47.49
26156,3621.44,0,0,0,0,15.81
26206,3675.57,0,-2,0,0,-44.49
26256,3670.17,0,-2,0,0,28.05
26306,3723.93,0,-3,0,0,-43.85
26356,3707.36,0,-3,0,0,28.63
26406,3704.62,0,-3,0,0,-24.54
26456,3678.27,0,-2,0,0,289.98
26506,3680.98,-1,-2,0,0,29.13
26556,3636.36,0,-1,0,0,-5.28
26606,3610.98,0,0,0,0,24.50
26656,3626.69,0,0,0,0,-20.92
26706,3579.95,0,0,0,0,28.42
26756,3586.80,0,0,0,0,-2.57
26806,3574.83,0,0,0,0,22.29
26856,3611.85,0,0,0,0,-44.66
26906,3555.34,0,1,0,0,21.19
26956,3654.08,0,-1,0,0,76.33
27006,3557.03,0,1,0,0,102.40
27056,3550.30,0,1,0,0,21.98
27106,3543.59,0,1,0,0,-4.18
27156,3547.78,0,1,0,0,20.25
27206,3605.77,0,0,0,0,-41.98
27256,3603.17,0,0,0,0,17.39
27307,3616.20,0,0,0,0,-8.70
27357,3607.50,0,0,0,0,23.58
27407,3637.25,0,-1,0,0,-19.30
27457,3618.82,0,0,0,0,27.27
27507,3636.36,0,-1,0,0,-14.92
27557,3621.44,0,0,0,0,24.65
27607,3646.09,0,-1,0,0,-25.52
27657,3640.78,0,-1,0,0,24.91
27707,3631.08,0,0,0,0,16.78
27757,3629.32,0,0,0,0,21.20
27807,3635.48,0,-1,0,0,101.44
27857,3622.31,0,0,0,0,219.90
27907,3654.08,0,-1,0,0,306.84
27958,3687.32,-1,-2,0,0,-52.71
28008,3646.97,0,-1,0,0,32.20
28058,3664.79,0,-1,0,0,-33.71
28108,3631.08,0,0,0,0,23.89
28158,3660.32,0,-1,0,0,-24.84
28208,3636.36,0,-1,0,0,32.91
28258,3709.20,0,-3,0,0,-175.63
28308,3611.85,0,0,0,0,21.87
28358,3578.24,0,0,0,0,26.66
28408,3565.49,0,1,0,0,13.61
28459,3576.54,0,0,0,0,-14.44
28509,3521.95,0,2,0,0,37.61
28559,3525.26,0,2,0,0,-16.49
28609,3512.88,1,2,0,0,31.54
28659,3501.40,0,2,0,0,66.63
28709,3629.32,0,0,0,0,101.09
28759,3567.18,0,0,0,0,116.51
28809,3582.52,0,0,0,0,-9.39
28859,3585.94,0,0,0,0,18.96
28909,3631.08,0,0,0,0,-39.99
28959,3628.45,0,0,0,0,27.41
29009,3660.32,0,-1,0,0,-23.08
29059,3654.97,0,-1,0,0,86.61
29109,3668.38,0,-2,0,0,37.16
29159,3649.63,0,-1,0,0,1.78
29209,3638.13,0,-1,0,0,6.19
29259,3668.38,0,-2,0,0,-21.41
29309,3645.20,0,-1,0,0,24.08
29359,3649.63,0,-1,0,0,-12.39
29409,3612.72,0,0,0,0,33.37
29459,3607.50,0,0,0,0,-32.67
29509,3565.49,0,1,0,0,18.74
29559,3569.73,0,0,0,0,-4.24
29609,3565.49,0,1,0,0,20.46
29659,3536.90,0,1,0,0,36.23
29709,3639.01,0,-1,0,0,91.41
29759,3558.72,0,1,0,0,134.04
29809,3551.98,0,1,0,0,101.21
29859,3539.41,0,1,0,0,19.31
29910,3595.40,0,0,0,0,-29.91
29960,3585.09,0,0,0,0,16.35
30010,3640.78,0,-1,0,0,-53.12
30060,3621.44,0,0,0,0,22.88
30110,3617.94,0,0,0,0,4.37
30160,3620.56,0,0,0,0,18.45
30210,3673.77,0,-2,0,0,-2.70
30260,3664.79,0,-1,0,0,8.98
30311,3651.41,0,-1,0,0,25.96
30361,3646.09,0,-1,0,0,-26.40
30411,3617.07,0,0,0,0,19.29
30461,3591.95,0,0,0,0,31.23
30511,3568.88,0,0,0,0,29.97
30561,3574.83,0,0,0,0,-35.43
30611,3579.95,0,0,0,0,-31.34
30661,3769.79,0,-5,0,0,-41.23
30711,3728.56,0,-3,0,0,-2.78
30761,3592.81,0,0,0,0,276.16
30811,3661.22,0,-1,0,0,310.19
30862,3670.17,-1,-2,0,0,-35.57
30912,3654.97,0,-1,0,0,27.82
30962,3645.20,0,-1,0,0,-41.16
31012,3622.31,0,0,0,0,23.77
31062,3670.17,0,-2,0,0,-36.45
31112,3639.89,0,-1,0,0,22.22
31162,3610.98,0,0,0,0,-22.46
31212,3588.52,0,0,0,0,28.56
31262,3573.98,0,0,0,0,5.97
31312,3550.30,0,1,0,0,26.24
31362,3596.26,0,0,0,0,-29.93
31412,3540.24,0,1,0,0,25.25
31462,3521.95,0,2,0,0,14.95
31512,3615.33,0,0,0,0,127.19
31562,3555.34,0,1,0,0,148.36
31612,3599.71,0,0,0,0,-4.31
31662,3588.52,0,0,0,0,24.20
31712,3645.20,0,-1,0,0,-36.83
31762,3614.46,0,0,0,0,33.40
31812,3651.41,0,-1,0,0,-24.72
31862,3601.44,0,-1,0,0,50.86
31912,3653.19,0,-1,0,0,42.30
31962,3649.63,0,-1,0,0,209.38
32012,3632.84,0,0,0,0,169.44
32062,3624.94,0,0,0,0,276.23
32112,3608.37,0,0,0,0,225.00
32162,3638.13,0,-1,0,0,-36.69
32212,3610.11,0,0,0,0,35.98
32262,3665.69,0,-1,0,0,-44.25
32312,3646.97,0,-1,0,0,25.00
32362,3674.67,0,-2,0,0,-25.92
32412,3640.78,0,-1,0,0,19.55
32462,3659.43,0,-1,0,0,-23.07
32512,3640.78,0,-1,0,0,21.33
32562,3679.18,0,-2,0,0,-41.05
32612,3599.71,0,0,0,0,31.37
32662,3655.86,0,-1,0,0,-38.79
32712,3591.95,0,0,0,0,29.49
32762,3593.67,0,0,0,0,-20.54
32812,3583.37,0,0,0,0,20.66
32862,3538.57,0,1,0,0,34.56
32912,3503.85,0,2,0,0,23.07
32962,3498.13,0,2,0,0,9.00
33012,3496.50,0,3,0,0,-29.90
33062,3473.83,0,3,0,0,131.94
33112,3546.94,0,1,0,0,-47.17
33162,3534.40,0,1,0,0,25.16
33212,3595.40,0,0,0,0,-45.94
33262,3591.95,0,0,0,0,19.02
33312,3657.64,0,-1,0,0,-39.70
33362,3659.43,0,-1,0,0,11.64
33412,3649.63,0,-1,0,0,8.01
33462,3636.36,0,-1,0,0,39.21
33512,3682.79,0,-2,0,0,-28.71
33562,3669.28,0,-2,0,0,30.77
33612,3693.67,0,-2,0,0,29.34
33662,3666.59,0,-1,0,0,-17.84
33712,3643.43,0,-1,0,0,16.89
33762,3639.01,0,-1,0,0,9.74
33812,3611.85,0,0,0,0,24.52
33862,3579.95,0,0,0,0,22.35
33912,3586.80,0,0,0,0,-43.21
33963,3540.24,0,1,0,0,13.42
34013,3552.82,0,1,0,0,-37.47
34063,3555.34,0,1,0,0,173.22
34113,3566.33,0,1,0,0,25.62
34163,3551.14,0,1,0,0,22.84
34213,3617.07,0,0,0,0,-48.19
34263,3588.52,0,0,0,0,43.44
34313,3584.23,0,0,0,0,15.48
34363,3597.98,0,0,0,0,20.83
34413,3620.56,0,0,0,0,-20.85
34463,3612.72,0,0,0,0,19.24
34513,3625.82,0,0,0,0,-23.51
34563,3576.54,0,0,0,0,37.05
34613,3613.59,0,0,0,0,-41.31
34663,3587.66,0,0,0,0,23.32
34713,3575.69,0,0,0,0,28.35
34763,3571.43,0,0,0,0,26.56
34813,3586.80,0,0,0,0,-5.14
34863,3569.73,0,0,0,0,18.79
34913,3604.90,0,0,0,0,-22.39
34963,3610.11,0,0,0,0,11.33
35013,3649.63,0,-1,0,0,-22.07
35063,3618.82,0,0,0,0,27.27
35113,3648.75,0,0,0,0,-30.80
35163,3617.07,0,0,0,0,23.70
35213,3646.09,0,-1,0,0,-40.32
35263,3617.94,0,0,0,0,29.03
35313,3598.85,0,0,0,0,15.61
35363,3581.66,0,0,0,0,30.18
35414,3596.26,0,0,0,0,-23.98
35464,3590.23,0,0,0,0,5.16
35514,3622.31,0,0,0,0,-32.94
35564,3612.72,0,0,0,0,28.06
35614,3619.69,0,0,0,0,-2.62
35664,3549.46,0,1,0,0,14.34
35714,3546.10,0,1,0,0,17.69
35764,3541.91,0,1,0,0,20.19
35814,3582.52,0,0,0,0,-38.93
35864,3554.50,0,1,0,0,24.60
35914,3585.94,0,0,0,0,-27.22
35964,3574.83,0,0,0,0,17.98
36014,3612.72,0,0,0,0,-24.20
36064,3579.95,0,0,0,0,40.61
36114,3587.66,0,0,0,0,-45.75
36164,3563.79,0,1,0,0,33.33
36214,3610.98,0,0,0,0,-48.88
36264,3604.04,0,0,0,0,17.40
36314,3643.43,0,-1,0,0,-31.58
36364,3633.72,0,-1,0,0,23.92
36414,3674.67,0,-2,0,0,-45.34
36464,3646.09,0,-1,0,0,24.99
36514,3631.08,0,0,0,0,24.78
36564,3623.19,0,0,0,0,22.90
36614,3617.07,0,0,0,0,14.01
36664,3604.90,0,0,0,0,27.94
36714,3591.95,0,0,0,0,13.82
36764,3578.24,0,0,0,0,33.60
36814,3604.04,0,0,0,0,-35.16
36864,3586.80,0,0,0,0,20.70
36914,3625.82,0,0,0,0,-39.02
36964,3608.37,0,0,0,0,19.20
37014,3611.85,0,0,0,0,-37.01
37064,3609.24,0,0,0,0,22.72
37114,3595.40,0,0,0,0,16.45
37164,3573.98,0,0,0,0,22.28
37214,3573.98,0,0,0,0,5.97
37264,3567.18,0,0,0,0,24.77
37314,3535.23,0,1,0,0,31.10
37364,3534.40,0,1,0,0,17.58
37414,3578.24,0,0,0,0,-34.66
37464,3562.10,0,1,0,0,35.02
37514,3544.42,0,1,0,0,22.76
37564,3548.62,0,1,0,0,22.81
37614,3592.81,0,0,0,0,-24.78
37664,3583.37,0,0,0,0,22.40
37714,3618.82,0,0,0,0,-26.86
37764,3587.66,0,0,0,0,24.19
37814,3644.31,0,-1,0,0,-45.47
37864,3631.96,0,0,0,0,18.56
37914,3626.69,0,0,0,0,-11.36
37964,3622.31,0,0,0,0,60.48
38014,3645.20,0,-1,0,0,-24.64
38064,3646.09,0,-1,0,0,17.81
38114,3637.25,0,-1,0,0,8.84
38164,3631.08,0,0,0,0,23.89
38214,3632.84,0,0,0,0,1.76
38264,3608.37,0,0,0,0,19.20
38315,3599.71,0,0,0,0,18.23
38365,3585.09,0,0,0,0,15.49
38415,3592.81,0,0,0,0,-3.44
38465,3565.49,0,1,0,0,21.31
38515,3587.66,0,0,0,0,-25.56
38565,3571.43,0,0,0,0,8.52
38615,3614.46,0,0,0,0,-34.51
38665,3583.37,0,0,0,0,28.47
38715,3562.95,0,1,0,0,21.28
38765,3554.50,0,1,0,0,20.33
38815,3590.23,0,0,0,0,-25.60
38865,3567.18,0,0,0,0,24.77
38915,3573.98,0,1,0,0,-39.58
38965,3558.72,0,1,0,0,-6.74
39015,3714.71,0,-3,0,0,14.78
39065,3600.58,0,-6,0,0,218.16
39115,3604.04,0,0,0,0,229.34
39165,3643.43,0,-1,0,0,257.74
39215,3743.45,0,-4,0,0,196.66
39265,3667.48,-1,-2,0,0,20.74
39315,3679.18,0,-2,0,0,-14.38
39365,3674.67,0,-2,0,0,16.28
39415,3644.31,0,-1,0,0,25.86
39465,3635.48,0,-1,0,0,20.38
39515,3607.50,0,0,0,0,9.57
39565,3576.54,0,0,0,0,26.63
39615,3604.04,0,0,0,0,-29.20
39665,3571.43,0,0,0,0,19.67
39715,3573.98,0,0,0,0,0.85
39766,3547.78,0,1,0,0,26.20
39816,3539.41,0,1,0,0,-0.83
39866,3539.41,0,1,0,0,16.78
39916,3540.24,0,1,0,0,5.86
39966,3687.32,0,-2,0,0,-315.01
40016,3520.30,0,2,0,0,176.10
40066,3577.39,0,0,0,0,-39.66
40116,3549.46,0,1,0,0,38.20
40166,3579.10,0,0,0,0,-35.51
40216,3581.66,0,0,0,0,10.29
40266,3606.64,0,0,0,0,-7.79
40316,3598.85,0,0,0,0,22.59
40366,3651.41,0,-1,0,0,-53.43
40416,3631.08,0,0,0,0,15.00
40466,3679.18,0,-2,0,0,-38.40
40516,3648.75,0,-1,0,0,29.53
40566,3655.86,0,-1,0,0,-24.78
40616,3633.72,0,-1,0,0,34.66
40666,3680.98,0,-2,0,0,-21.55
40716,3645.20,0,-1,0,0,44.84
40766,3665.69,0,-1,0,0,154.99
40817,3726.71,-2,-3,0,0,-72.63
40867,3607.50,0,0,0,0,35.93
40918,3579.95,0,0,0,0,-3.41
40968,3560.41,0,1,0,0,30.69
41018,3529.41,1,2,0,0,29.31
41068,3528.58,0,2,0,0,-14.05
41118,3648.75,0,-1,0,0,70.57
41168,3517.00,0,2,0,0,148.69
41218,3527.75,0,2,0,0,25.91
41268,3572.28,0,0,0,0,-18.62
41318,3567.18,0,0,0,0,9.36
41368,3628.45,0,0,0,0,-51.06
41418,3621.44,0,0,0,0,21.99
41468,3655.86,0,-1,0,0,-48.36
41518,3619.69,0,0,0,0,17.55
41568,3644.31,0,-1,0,0,-17.62
41618,3638.13,0,-1,0,0,17.73
41668,3689.13,0,-2,0,0,-44.81
41718,3656.75,0,-1,0,0,24.23
41768,3679.18,0,-2,0,0,46.61
41818,3663.90,0,-1,0,0,299.11
41868,3659.43,0,-1,0,0,26.98
41918,3616.20,0,0,0,0,-3.48
41968,3590.23,0,0,0,0,15.53
42018,3605.77,0,0,0,0,-30.94
42068,3564.64,0,1,0,0,18.73
42118,3559.56,0,1,0,0,4.23
42168,3585.09,0,0,0,0,93.19
42218,3554.50,0,2,0,0,71.31
42268,3553.66,0,1,0,0,-36.66
42318,3531.07,0,2,0,0,21.75
42368,3538.57,0,1,0,0,-27.33
42418,3512.06,0,2,0,0,22.34
42468,3553.66,0,1,0,0,-19.26
42518,3573.98,0,0,0,0,17.11
42568,3617.07,0,0,0,0,-26.84
42618,3613.59,0,0,0,0,27.19
42668,3645.20,0,-1,0,0,-37.70
42718,3617.94,0,0,0,0,20.18
42768,3654.97,0,-1,0,0,-20.37
42818,3645.20,0,-1,0,0,15.12
42868,3677.37,0,-2,0,0,-33.06
42918,3617.07,0,0,0,0,18.41
42968,3629.32,0,0,0,0,3.52
43018,3622.31,0,0,0,0,22.00
43068,3647.86,0,-1,0,0,-14.14
43118,3641.66,0,-1,0,0,18.66
43168,3690.94,0,-2,0,0,-33.30
43218,3611.85,0,0,0,0,28.93
43268,3617.07,0,0,0,0,-14.77
43318,3571.43,0,0,0,0,20.53
43368,3611.85,0,0,0,0,-22.47
43418,3603.17,0,0,0,0,28.79
43468,3593.67,0,0,0,0,-19.69
43518,3548.62,0,0,0,0,19.41
43568,3560.41,0,1,0,0,-11.79
43618,3490.00,0,3,0,0,13.86
43668,3534.40,0,1,0,0,-31.37
43718,3522.78,0,2,0,0,30.88
43768,3538.57,0,1,0,0,-59.91
43819,3519.47,0,2,0,0,24.95
43869,3586.80,0,0,0,0,-45.72
43919,3580.81,0,0,0,0,12.01
43969,3603.17,0,0,0,0,-12.94
44019,3618.82,0,0,0,0,15.78
44069,3665.69,0,-1,0,0,-43.38
44119,3663.90,0,-1,0,0,15.28
44169,3690.94,0,-2,0,0,-34.19
44219,3657.64,0,-1,0,0,18.83
44269,3699.14,0,-2,0,0,-43.28
44319,3681.88,0,-2,0,0,17.25
44369,3665.69,0,-1,0,0,12.58
44419,3587.66,0,0,0,0,23.32
44469,3620.56,0,0,0,0,-22.58
44519,3550.30,0,1,0,0,5.05
44569,3593.67,0,0,0,0,-37.49
44619,3513.70,0,2,0,0,31.56
44669,3521.95,0,2,0,0,4.97
44719,3514.53,0,2,0,0,23.21
44769,3545.26,0,1,0,0,-23.31
44819,3531.07,0,2,0,0,17.54
44869,3606.64,0,0,0,0,-50.45
44919,3576.54,0,0,0,0,36.18
44969,3615.33,0,0,0,0,-43.90
45019,3602.31,0,0,0,0,29.66
45069,3626.69,0,0,0,0,-18.32
45119,3631.96,0,0,0,0,13.24
45169,3659.43,0,-1,0,0,-17.77
45219,3630.20,0,0,0,0,14.11
45270,3680.08,0,-2,0,0,-29.56
45320,3664.79,0,-1,0,0,23.43
45370,3655.86,0,-1,0,0,-25.66
45420,3639.89,0,-1,0,0,15.97
45470,3668.38,0,-2,0,0,-27.60
45520,3645.20,0,-1,0,0,33.98
45570,3637.25,0,-1,0,0,-29.74
45620,3601.44,0,0,0,0,28.76
45670,3639.89,0,-1,0,0,-41.91
45720,3560.41,0,1,0,0,16.98
45770,3604.90,0,0,0,0,-27.51
45820,3539.41,0,1,0,0,16.78
45870,3557.87,0,1,0,0,-10.10
45920,3537.74,0,1,0,0,29.45
45970,3543.59,0,1,0,0,-11.68
46020,3531.90,0,2,0,0,22.60
46070,3543.59,0,1,0,0,-34.81
46120,3518.65,0,2,0,0,17.42
46170,3534.40,0,1,0,0,34.48
46220,3582.52,0,0,0,0,147.90
46270,3544.42,0,1,0,0,68.29
46320,3615.33,0,0,0,0,-49.84
46370,3610.11,0,0,0,0,35.09
46420,3669.28,0,-2,0,0,-23.19
46470,3631.08,0,0,0,0,200.34
46520,3697.31,0,-2,0,0,74.37
46570,3721.16,-1,-3,0,0,-22.02
46620,3675.57,0,-2,0,0,16.28
46670,3684.60,0,-2,0,0,-16.22
46720,3636.36,0,-1,0,0,21.28
46770,3630.20,0,0,0,0,-2.63
46820,3591.95,0,0,0,0,10.35
46870,3613.59,0,0,0,0,-18.19
46920,3587.66,0,0,0,0,34.66
46970,3568.88,0,0,0,0,-29.47
47020,3555.34,0,1,0,0,32.31
47070,3552.82,0,1,0,0,-39.94
47120,3546.10,0,1,0,0,16.00
47170,3541.08,0,1,0,0,33.76
47220,3541.08,0,1,0,0,262.17
47270,3576.54,0,0,0,0,149.24
47320,3575.69,0,0,0,0,134.43
47370,3574.83,0,0,0,0,22.29
47420,3633.72,0,-1,0,0,-43.49
47470,3626.69,0,0,0,0,14.97
47520,3655.86,0,-1,0,0,-28.29
47570,3639.89,0,-1,0,0,71.14
47620,3657.64,0,-1,0,0,201.37
47670,3612.72,0,0,0,0,141.98
47720,3656.75,0,-1,0,0,190.39
47770,3774.53,0,-5,0,0,-46.90
47820,3830.44,0,-6,0,0,-119.41
47870,3760.34,-3,-4,0,0,-192.31
47920,3651.41,0,-1,0,0,-39.57
47970,3633.72,0,-1,0,0,-3.52
48020,3604.90,0,0,0,0,22.67
48070,3657.64,0,-1,0,0,-36.21
48120,3613.59,0,0,0,0,28.96
48171,3634.60,0,-1,0,0,-27.10
48221,3617.94,0,0,0,0,10.50
48271,3636.36,0,-1,0,0,-14.92
48321,3556.19,0,1,0,0,32.33
48371,3568.88,0,0,0,0,-3.39
48421,3558.72,0,1,0,0,28.94
48471,3532.74,0,2,0,0,21.77
48521,3601.44,0,-3,0,0,128.97
48571,3517.82,0,2,0,0,76.71
48621,3589.38,0,0,0,0,-31.50
48671,3589.38,0,0,0,0,39.07
48721,3610.98,0,0,0,0,-30.17
48771,3608.37,0,0,0,0,20.08
48821,3659.43,0,-1,0,0,-45.84
48871,3645.20,0,-1,0,0,32.17
48921,3669.28,0,-2,0,0,-14.31
48971,3646.97,0,-1,0,0,195.24
49021,3646.09,0,-1,0,0,45.77
49071,3689.13,-1,-2,0,0,-29.70
49121,3664.79,0,-1,0,0,19.80
49171,3655.86,0,-1,0,0,-25.66
49221,3645.20,0,-1,0,0,25.87
49271,3619.69,0,0,0,0,35.28
49321,3605.77,0,0,0,0,27.07
49371,3597.98,0,0,0,0,10.39
49421,3578.24,0,0,0,0,24.93
49471,3586.80,0,0,0,0,-47.40
49521,3558.72,0,1,0,0,45.32
49571,3547.78,0,1,0,0,-17.53
49622,3525.26,1,2,0,0,18.32
49672,3530.24,0,2,0,0,22.58
49722,3568.88,0,0,0,0,229.55
49772,3548.62,0,1,0,0,115.28
49822,3608.37,0,0,0,0,-52.18
49872,3566.33,0,1,0,0,22.18
49922,3585.09,0,0,0,0,-5.99
49972,3581.66,0,0,0,0,31.05
50022,3635.48,0,-1,0,0,-38.36
50072,3624.94,0,0,0,0,23.81
50122,3655.86,0,-1,0,0,-30.05
50172,3621.44,0,0,0,0,31.75
50222,3610.98,0,0,0,0,38.66
50272,3607.50,0,0,0,0,12.19
50322,3622.31,0,0,0,0,-31.22
50372,3601.44,0,-1,0,0,40.22
50422,3631.96,0,0,0,0,-42.59
50472,3601.44,0,-1,0,0,39.34
50522,3648.75,0,-1,0,0,25.02
50572,3603.17,0,0,0,0,30.55
50622,3644.31,0,-1,0,0,-44.60
50672,3609.24,0,0,0,0,69.03
50722,3633.72,0,-1,0,0,84.67
50772,3617.07,0,0,0,0,198.75
50822,3608.37,0,0,0,0,205.51
50872,3605.77,0,0,0,0,30.59
50922,3585.09,0,0,0,0,-20.45
50972,3537.74,0,1,0,0,32.84
51022,3591.09,0,0,0,0,-22.21
51072,3598.85,0,0,0,0,10.39
51122,3621.44,0,0,0,0,-30.34
51172,3591.09,0,0,0,0,24.23
51222,3639.89,0,-1,0,0,-28.92
51272,3631.08,0,0,0,0,8.81
51322,3630.20,0,0,0,0,-42.54
51372,3601.44,0,-1,0,0,34.04
51422,3646.09,0,-1,0,0,-25.52
51472,3629.32,0,0,0,0,7.04
51522,3640.78,0,-1,0,0,-4.41
51572,3619.69,0,0,0,0,29.94
51622,3611.85,0,0,0,0,-28.47
51672,3558.72,0,1,0,0,37.54
51722,3541.08,0,1,0,0,24.41
51772,3550.30,0,1,0,0,11.80
51822,3595.40,0,0,0,0,-39.21
51872,3561.25,0,1,0,0,16.99
51922,3603.17,0,0,0,0,-30.89
51972,3531.90,0,2,0,0,24.28
52022,3593.67,0,0,0,0,-40.86
52072,3604.90,0,0,0,0,-5.19
52122,3602.31,0,0,0,0,-5.18
52172,3605.77,0,0,0,0,14.80
52222,3639.01,0,-1,0,0,-28.90
52272,3623.19,0,0,0,0,21.13
52322,3673.77,0,-2,0,0,-33.88
52372,3640.78,0,-1,0,0,25.81
52422,3664.79,0,-1,0,0,-23.13
52472,3650.52,0,-1,0,0,28.65
52523,3630.20,0,0,0,0,-29.63
52573,3587.66,0,0,0,0,36.41
52623,3591.09,0,0,0,0,7.75
52673,3582.52,0,0,0,0,13.74
52723,3562.95,0,1,0,0,26.43
52773,3550.30,0,1,0,0,27.09
52823,3596.26,0,0,0,0,-40.92
52873,3559.56,0,1,0,0,27.24
52923,3591.95,0,0,0,0,-15.42
52973,3565.49,0,1,0,0,11.05
53023,3602.31,0,0,0,0,-29.18
53073,3582.52,0,0,0,0,20.65
53123,3586.80,0,0,0,0,-43.21
53173,3574.83,0,0,0,0,36.14
53223,3574.83,0,0,0,0,4.26
53273,3531.07,0,2,0,0,37.81
53323,3572.28,0,0,0,0,-42.04
53373,3573.13,0,0,0,0,13.67
53423,3596.26,0,0,0,0,-31.62
53473,3576.54,0,0,0,0,20.58
53523,3602.31,0,0,0,0,-31.73
53573,3596.26,0,0,0,0,33.06
53623,3646.09,0,-1,0,0,-34.24
53673,3624.06,0,0,0,0,31.80
53723,3641.66,0,-1,0,0,-21.10
53773,3632.84,0,0,0,0,35.54
53823,3670.17,0,-1,0,0,-33.81
53873,3617.07,0,0,0,0,21.05
53923,3655.86,0,-1,0,0,-34.42
53974,3624.94,0,0,0,0,15.84
54024,3669.28,0,-2,0,0,-44.34
54074,3609.24,0,0,0,0,20.09
54124,3632.84,0,0,0,0,-15.77
54174,3580.81,0,0,0,0,24.96
54224,3640.78,0,-1,0,0,-48.82
54274,3604.90,0,0,0,0,13.04
54324,3611.85,0,0,0,0,-8.68
54374,3587.66,0,0,0,0,32.91
54424,3582.52,0,0,0,0,-2.56
54474,3571.43,0,0,0,0,11.94
54524,3587.66,0,0,0,0,-12.83
54574,3541.91,0,1,0,0,45.75
54624,3543.59,0,1,0,0,-24.94
54674,3536.07,0,1,0,0,20.96
54724,3548.62,0,1,0,0,-11.71
54774,3537.74,0,1,0,0,26.06
54824,3569.73,0,0,0,0,-42.81
54874,3551.14,0,1,0,0,30.53
54924,3517.82,0,2,0,0,35.84
54974,3623.19,0,0,0,0,58.70
55024,3481.09,0,3,0,0,21.95
55074,3556.19,0,1,0,0,-44.95
55124,3546.94,0,1,0,0,20.24
55174,3604.04,0,0,0,0,-37.70
55224,3531.90,0,2,0,0,27.66
55274,3622.31,0,0,0,0,-44.92
55324,3607.50,0,0,0,0,23.58
55374,3655.86,0,-1,0,0,-38.79
55424,3646.97,0,-1,0,0,10.67
55474,3689.13,0,-2,0,0,-37.72
55524,3669.28,0,-2,0,0,26.22
55574,3601.44,0,0,0,0,10.41
55624,3507.95,0,2,0,0,27.28
55674,3421.53,0,5,0,0,32.30
55724,3337.04,3,7,0,0,39.06
55774,3267.26,8,9,0,0,15.01
55824,3258.04,0,10,0,0,-28.06
55874,3232.06,2,11,0,0,18.21
55924,3363.98,2,7,0,0,-71.62
55974,3417.63,3,5,0,0,24.31
56024,3496.50,0,3,0,0,8.99
56074,3648.75,0,-1,0,0,122.94
56124,3776.43,-3,-5,0,0,-42.30
56174,3805.17,-2,-6,0,0,25.26
56224,3894.08,0,-8,0,0,-44.97
56274,3904.22,0,-9,0,0,42.11
56324,3985.12,0,-11,0,0,-61.50
56374,4250.50,-14,-19,0,0,-474.06
56424,3773.58,0,-5,0,0,481.73
56474,4302.93,-5,-21,0,0,-527.44
56524,4278.38,-14,-20,0,0,-502.90
56574,3775.48,0,-5,0,0,414.46
56624,4185.27,-3,-17,0,0,-409.78
56674,3955.70,-7,-10,0,0,-22.82
56724,3884.00,-1,-8,0,0,22.25
56774,3840.25,0,-7,0,0,-0.98
56824,3766.95,0,-5,0,0,34.37
56875,3728.56,0,-3,0,0,-9.24
56925,3635.48,0,-1,0,0,41.89
56975,3624.94,0,0,0,0,-1.75
57025,3559.56,0,1,0,0,49.68
57075,3550.30,0,1,0,0,7.58
57125,3472.22,0,3,0,0,35.73
57175,3503.85,0,2,0,0,-26.80
57225,3472.22,0,3,0,0,39.01
57275,3396.74,0,6,0,0,30.27
57325,3427.79,1,5,0,0,13.37
57375,3497.32,1,3,0,0,-55.37
57425,3507.13,1,2,0,0,23.11
57475,3543.59,0,1,0,0,24.44
57525,3610.98,0,0,0,0,112.96
57575,3629.32,0,0,0,0,165.26
57625,3652.30,0,-1,0,0,25.97
57675,3709.20,-1,-3,0,0,-46.19
57725,3688.22,0,-2,0,0,38.49
57775,3739.72,0,-4,0,0,-35.10
57825,3724.86,0,-3,0,0,36.43
57875,3714.71,0,-3,0,0,-35.53
57925,3680.08,0,-2,0,0,34.63
57975,3654.08,0,-1,0,0,20.59
58025,3642.54,0,-1,0,0,33.02
58075,3639.89,0,-1,0,0,6.19
58125,3630.20,0,0,0,0,-105.77
58175,3548.62,0,1,0,0,16.87
58225,3531.07,0,2,0,0,30.18
58275,3535.23,0,1,0,0,-4.16
58326,3503.04,0,2,0,0,31.37
58376,3553.66,0,1,0,0,-34.19
58426,3498.13,0,3,0,0,18.86
58476,3562.95,0,1,0,0,-50.89
58526,3546.94,0,1,0,0,29.60
58576,3576.54,0,0,0,0,-28.76
58626,3582.52,0,0,0,0,5.14
58676,3631.08,0,0,0,0,-41.71
58726,3607.50,0,0,0,0,22.70
58776,3646.09,0,-1,0,0,-15.00
58826,3631.08,0,0,0,0,23.89
58876,3690.94,0,-2,0,0,-42.20
58926,3674.67,0,-2,0,0,35.45
58976,3704.62,0,-3,0,0,-24.54
59026,3654.97,0,-1,0,0,19.70
59076,3630.20,0,0,0,0,34.59
59126,3611.85,0,0,0,0,23.64
59176,3617.94,0,0,0,0,3.49
59226,3565.49,0,1,0,0,28.19
59276,3546.94,0,1,0,0,31.31
59326,3549.46,0,1,0,0,28.79
59376,3538.57,0,1,0,0,-38.80
59426,3530.24,0,2,0,0,32.70
59476,3578.24,0,0,0,0,-23.74
59526,3573.13,0,0,0,0,5.11
59576,3610.98,0,0,0,0,-26.75
59626,3562.95,0,1,0,0,22.14
59676,3556.19,0,1,0,0,20.35
59726,3597.12,0,0,0,0,-61.05
59776,3801.32,0,-6,0,0,-73.68
59826,3629.32,0,0,0,0,100.16
59876,3591.09,0,0,0,0,204.45
59926,3630.20,0,0,0,0,169.19
59977,3672.87,-1,-2,0,0,-47.93
60027,3655.86,0,-1,0,0,23.31
60077,3621.44,0,0,0,0,23.76
60127,3615.33,0,0,0,0,30.76
60177,3655.86,0,-1,0,0,-24.78
60227,3589.38,0,0,0,0,26.82
60277,3645.20,0,-1,0,0,-28.13
60327,3611.85,0,0,0,0,24.52
60377,3645.20,0,-1,0,0,-34.22
60427,3631.08,0,0,0,0,23.89
60477,3646.09,0,-1,0,0,-24.65
60527,3575.69,0,0,0,0,80.18
60577,3653.19,0,-1,0,0,-24.74
60627,3563.79,0,1,0,0,34.19
60677,3489.18,0,3,0,0,14.67
60728,3402.90,4,5,0,0,24.88
60778,3342.25,0,7,0,0,36.13
60828,3267.26,3,9,0,0,20.77
60878,3269.40,3,9,0,0,32.38
60928,3345.23,6,7,0,0,-39.08
60978,3396.74,0,6,0,0,-38.78
61028,3343.74,19,7,0,24,93.48
61078,3551.98,0,1,0,0,-80.56
61128,3596.26,0,0,0,0,7.78
61178,3716.55,0,-3,0,0,-82.83
61228,3733.20,0,-3,0,0,11.18
61278,3824.58,0,-6,0,0,-55.74
61328,3881.99,-5,-8,0,0,-65.19
61378,3865.98,-1,-7,0,0,17.01
61428,3933.91,0,-10,0,0,-42.86
61478,3923.62,0,-9,0,0,20.63
61528,3941.15,-8,-10,0,0,35.52
61578,3922.59,-2,-9,0,0,-27.50
61628,3873.97,0,-8,0,0,26.19
61678,3870.97,0,-8,0,0,-14.93
61728,3813.88,-5,-6,0,0,3.88
61778,3792.67,-1,-5,0,0,31.91
61828,3713.79,0,-3,0,0,21.27
61878,3655.86,0,-1,0,0,40.54
61928,3625.82,0,0,0,0,-18.31
61978,3565.49,0,1,0,0,28.19
62028,3523.61,0,2,0,0,12.46
62078,3457.81,1,4,0,0,18.43
62128,3457.81,0,4,0,0,25.70
62178,3517.00,0,2,0,0,157.67
62228,3395.97,0,6,0,0,27.91
62278,3404.45,0,5,0,0,-7.71
62328,3417.63,0,5,0,0,29.06
62379,3498.13,0,3,0,0,-41.12
62429,3510.41,0,2,0,0,27.32
62479,3605.77,0,0,0,0,-52.95
62529,3618.82,0,0,0,0,22.84
62579,3679.18,0,-2,0,0,-44.57
62629,3664.79,0,-1,0,0,34.34
62679,3735.99,0,-4,0,0,-45.95
62729,3734.13,0,-4,0,0,15.87
62779,3785.01,0,-5,0,0,-34.07
62829,3754.69,0,-4,0,0,10.37
62879,3777.39,0,-5,0,0,-16.10
62929,3745.32,-3,-4,0,0,12.20
62979,3704.62,-1,-3,0,0,40.70
63029,3694.58,0,-2,0,0,-15.41
63079,3654.97,0,-1,0,0,29.63
63129,3611.85,0,0,0,0,33.35
63179,3579.10,0,0,0,0,23.21
63229,3523.61,0,2,0,0,14.96
63279,3444.32,3,4,0,0,22.29
63329,3444.32,0,4,0,0,22.29
63379,3449.07,0,4,0,0,11.14
63429,3417.63,0,5,0,0,21.15
63479,3533.57,0,1,0,0,-189.09
63529,3475.44,0,3,0,0,18.62
63579,3557.87,0,1,0,0,-58.92
63629,3550.30,0,1,0,0,13.50
63679,3621.44,0,0,0,0,-38.92
63729,3631.08,0,0,0,0,15.00
63779,3690.94,0,-2,0,0,-35.97
63830,3680.08,0,-2,0,0,24.54
63880,3724.86,0,-3,0,0,-45.68
63930,3699.14,0,-2,0,0,25.72
63980,3738.78,0,-4,0,0,-33.25
64030,3726.71,0,-3,0,0,32.69
64080,3713.79,0,-3,0,0,-34.61
64130,3636.36,0,-1,0,0,54.58
64180,3653.19,0,-1,0,0,-12.41
64230,3605.77,0,0,0,0,140.48
64280,3633.72,0,-1,0,0,183.07
64330,3562.10,0,1,0,0,292.95
64380,3591.95,0,0,0,0,208.40
64430,3555.34,0,1,0,0,172.29
64480,3550.30,0,1,0,0,-4.20
64530,3512.88,0,2,0,0,23.19
64580,3510.41,0,2,0,0,-5.74
64630,3501.40,0,2,0,0,36.34
64680,3554.50,0,1,0,0,-32.55
64730,3555.34,0,1,0,0,22.90
64780,3622.31,0,0,0,0,-53.43
64830,3598.85,0,0,0,0,12.13
64880,3649.63,0,-1,0,0,-52.51
64930,3573.13,0,0,0,0,24.85
64980,3527.75,0,2,0,0,56.48
65030,3601.44,0,-1,0,0,41.99
65080,3631.08,0,0,0,0,-42.57
65130,3607.50,0,0,0,0,19.19
65180,3655.86,0,-1,0,0,-24.78
65230,3645.20,0,-1,0,0,24.08
65280,3699.14,0,-2,0,0,-43.28
65330,3654.97,0,-1,0,0,29.63
65380,3679.18,0,-2,0,0,-14.38
65430,3646.09,0,-1,0,0,23.19
65480,3650.52,0,-1,0,0,-5.32
65530,3611.85,0,0,0,0,25.40
65580,3596.26,0,0,0,0,-32.47
65630,3521.95,0,2,0,0,27.50
65680,3568.03,0,0,0,0,-21.93
65730,3537.74,0,1,0,0,38.80
65780,3466.60,0,4,0,0,22.58
65830,3380.66,0,6,0,0,29.20
65880,3296.70,8,9,0,0,27.76
65930,3247.46,0,10,0,0,17.67
65980,3155.24,6,13,0,0,35.57
66030,3104.95,0,14,0,0,27.23
66080,3165.89,3,13,0,0,-173.08
66130,2865.88,39,22,0,36,121.58
66180,2915.45,25,20,0,12,87.55
66230,2865.33,8,22,0,0,-99.84
66280,2735.73,4,25,0,0,33.84
66330,2708.56,69,26,0,48,144.24
66380,2617.34,20,29,0,0,14.23
66430,2616.89,16,29,0,0,-75.81
66480,2508.78,18,32,0,0,22.86
66530,2415.46,55,35,0,36,126.48
66580,2415.46,19,35,0,0,6.24
66630,2328.47,46,38,0,24,115.72
66680,2323.06,30,38,0,0,5.05
66731,2266.89,39,39,0,0,31.61
66781,2212.06,41,41,0,0,6.22
66831,2158.58,43,43,0,0,7.17
66881,2111.49,44,44,0,0,47.10
66931,2063.27,46,46,0,0,44.06
66981,2007.23,47,47,0,0,47.29
67031,2004.28,47,47,0,0,2.95
67081,1951.85,49,49,0,0,6.37
67131,1901.62,50,50,0,0,1.69
67181,1852.77,52,52,0,0,48.86
67231,1799.42,54,54,0,0,50.37
67281,1798.56,54,54,0,0,0.86
67331,1746.01,55,55,0,0,2.44
67381,1695.87,57,57,0,0,50.14
67431,1694.72,57,57,0,0,1.15
67481,1642.04,58,58,0,0,2.70
67531,1590.67,60,60,0,0,51.37
67581,1589.66,60,60,0,0,1.01
67631,1538.62,61,61,0,0,-2.05
67681,1483.68,63,63,0,0,54.94
67731,1483.97,63,63,0,0,-0.29
67781,1429.93,65,65,0,0,54.04
67831,1431.71,65,65,0,0,-1.77
67881,1376.90,66,66,0,0,-1.39
67931,1321.00,68,68,0,0,55.90
67981,1321.47,68,68,0,0,-0.47
68031,1264.22,70,70,0,0,57.25
68081,1267.11,69,69,0,0,-2.88
68131,1205.88,71,71,0,0,61.22
68182,1209.97,71,71,0,0,-4.09
68232,1146.70,73,73,0,0,63.27
68282,1152.43,73,73,0,0,-5.73
68332,1092.02,75,75,0,0,60.41
68382,1091.23,75,75,0,0,0.79
68432,1091.23,75,75,0,0,0.79
68482,1037.49,76,76,0,0,53.74
68532,1027.47,77,77,0,0,10.02
68582,960.80,79,79,0,0,66.67
68632,963.51,79,79,0,0,-2.72
68682,963.51,79,79,0,0,-2.72
68732,893.71,81,81,0,0,69.81
68782,895.68,81,81,0,0,-1.97
68832,831.81,83,83,0,0,63.87
68882,831.81,83,83,0,0,63.87
68932,823.05,83,83,0,0,8.76
68982,756.73,85,85,0,0,66.31
69032,756.73,85,85,0,0,66.31
69082,742.02,85,85,0,0,14.71
69132,742.02,85,85,0,0,14.71
69182,676.41,87,87,0,0,65.62
69232,676.41,87,87,0,0,65.62
69282,650.48,88,88,0,0,25.93
69332,650.48,88,88,0,0,25.93
69382,574.27,90,90,0,0,76.20
69432,574.27,90,90,0,0,76.20
69482,540.25,91,91,0,0,34.02
69532,540.25,91,91,0,0,34.02
69582,540.25,91,91,0,0,34.02
69632,448.81,94,94,0,0,91.44
69682,448.81,94,94,0,0,91.44
69732,448.81,94,94,0,0,91.44
69782,393.77,96,96,0,0,55.03
69832,393.77,96,96,0,0,55.03
69882,393.77,96,96,0,0,55.03
69932,393.77,96,96,0,0,55.03
70713,61.91,-96,96,0,0,331.87
70763,61.91,-96,96,0,0,331.87
70813,61.91,-96,96,0,0,331.87
70863,61.91,-96,96,0,0,331.87
70913,61.91,-96,96,0,0,331.87
70963,61.91,-96,96,0,0,331.87
71013,61.91,-96,96,0,0,331.87
71063,61.91,-96,96,0,0,331.87
71113,61.91,-96,96,0,0,331.87
71163,61.91,-96,96,0,0,331.87
71213,61.91,-96,96,0,0,331.87
71263,61.91,-96,96,0,0,331.87
71313,61.91,-96,96,0,0,331.87
71363,61.91,-96,96,0,0,331.87
71413,61.91,-96,96,0,0,331.87
71463,61.91,-96,96,0,0,331.87
71513,61.91,-96,96,0,0,331.87
71563,61.91,-96,96,0,0,331.87
71613,61.91,-96,96,0,0,331.87
71663,61.91,-96,96,0,0,331.87
71713,61.91,-96,96,0,0,331.87
71763,61.91,-96,96,0,0,331.87
71813,61.91,-96,96,0,0,331.87
71863,61.91,-96,96,0,0,331.87
71913,61.91,-96,96,0,0,331.87
71963,61.91,-96,96,0,0,331.87
72013,61.91,-96,96,0,0,331.87
72064,61.91,-96,96,0,0,331.87
72114,61.91,-96,96,0,0,331.87
72164,61.91,-96,96,0,0,331.87
72214,61.91,-96,96,0,0,331.87
72264,61.91,-96,96,0,0,331.87
72314,61.91,-96,96,0,0,331.87
72364,61.91,-96,96,0,0,331.87
72414,61.91,-96,96,0,0,331.87
72464,61.91,-96,96,0,0,331.87
72514,61.91,-96,96,0,0,331.87
72564,61.91,-96,96,0,0,331.87
72614,61.91,-96,96,0,0,331.87
72664,61.91,-96,96,0,0,331.87
72714,61.91,-96,96,0,0,331.87
72764,61.91,-96,96,0,0,331.87
72814,61.91,-96,96,0,0,331.87
72864,61.91,-96,96,0,0,331.87
