------ Microcontroller Engine Governor - Version: 1.14 ------
-------------------------------------------------------------
PID Gains:        Kp: 0.025000   Ki: 0.000000   Kd: 12.000000
-------------------------------------------------------------
Set RPM:             3600    |  Min RPM:                300
                             |
RPM Precision        2       |  PID I Precision:         202
                             |
Start Steps:         800     |  Max Steps:               1200
                             |
RPM Calc Interval:   1       |  Num Magnets:             1
                             |
LCD Update Interval: 400     |  Serial Update Interval:  50
-------------------------------------------------------------

Time,RPM,Steps Remaining, PID p, PID i, PID d
1519,0.00,0,0,0,0
1569,0.00,0,0,0,0
1619,0.00,0,0,0,0
1669,0.00,0,0,0,0
1719,0.00,0,0,0,0
1769,0.00,0,0,0,0
1819,0.00,0,0,0,0
1869,0.00,0,0,0,0
1920,0.00,0,0,0,0
1970,0.00,0,0,0,0
2020,0.00,0,0,0,0
2070,0.00,0,0,0,0
2120,0.00,0,0,0,0
2170,0.00,0,0,0,0
2220,0.00,0,0,0,0
2270,0.00,0,0,0,0
2320,0.00,0,0,0,0
2370,0.00,0,0,0,0
2420,0.00,0,0,0,0
2470,0.00,0,0,0,0
2520,0.00,0,0,0,0
2570,0.00,0,0,0,0
2620,0.00,0,0,0,0
2670,0.00,0,0,0,0
2720,0.00,0,0,0,0
2770,0.00,0,0,0,0
2820,0.00,0,0,0,0
2870,0.00,0,0,0,0
2920,0.00,0,0,0,0
2970,0.00,0,0,0,0
3020,0.00,0,0,0,0
3070,0.00,0,0,0,0
3120,0.00,0,0,0,0
3170,0.00,0,0,0,0
3220,0.00,0,0,0,0
3270,0.00,0,0,0,0
3320,0.00,0,0,0,0
3371,0.00,0,0,0,0
3421,0.00,0,0,0,0
3471,0.00,0,0,0,0
3521,0.00,0,0,0,0
3571,0.00,0,0,0,0
3621,0.00,0,0,0,0
3671,0.00,0,0,0,0
3721,0.00,0,0,0,0
3771,0.00,0,0,0,0
3821,0.00,0,0,0,0
3871,inf,0,0,0,0
3921,inf,0,0,0,0
3971,inf,0,0,0,0
4021,378.82,41,80,0,0
4071,907.55,-8,67,0,-96
4121,909.53,58,67,0,0
4171,1349.28,-46,56,0,-117
4221,1354.40,37,56,0,-1
4271,1617.95,-3,49,0,-85
4321,1869.86,-33,43,0,-90
4371,1981.51,-6,40,0,-47
4421,2050.02,0,38,0,-27
4471,2150.85,20,36,0,0
4521,2319.83,0,32,0,-46
4571,2380.20,24,30,0,6
4621,2468.32,26,28,0,11
4671,2547.55,21,26,0,7
4721,2615.52,12,24,0,8
4771,2758.87,22,21,0,6
4822,2743.74,58,21,0,48
4872,3007.22,-86,14,0,-119
4922,2884.62,158,17,0,150
4972,3027.86,38,14,0,40
5022,3155.24,118,11,0,113
5072,3187.42,37,10,0,31
5122,3366.25,-47,5,0,-69
5172,3407.54,0,4,0,0
5222,3418.41,0,4,0,0
5272,3477.05,0,3,0,0
5322,3495.69,0,2,0,0
5372,3578.24,0,0,0,0
5422,3587.66,0,0,0,0
5472,3655.86,0,-1,0,0
5522,3650.52,0,-1,0,0
5572,3891.05,-279,-7,0,-279
5622,3557.87,0,1,0,0
5672,3961.96,-342,-9,0,-345
5722,3559.56,0,1,0,0
5772,3959.87,-313,-8,0,-320
5822,3915.43,-291,-7,0,-285
5872,3541.08,0,1,0,0
5922,3703.70,-508,-2,0,-508
5972,3426.22,3,4,0,0
6022,3507.13,0,2,0,0
6072,3455.42,0,3,0,0
6122,3435.64,0,4,0,0
6172,3445.90,0,3,0,-6
6222,3419.97,0,4,0,0
6272,3419.97,0,4,0,0
6322,3413.75,2,4,0,0
6372,3406.77,0,4,0,0
6422,3463.40,0,3,0,-3
6472,3457.02,0,3,0,0
6522,3524.44,0,1,0,0
6572,3514.53,0,2,0,0
6622,3577.39,0,0,0,0
6672,3570.58,0,0,0,0
6722,3622.31,0,0,0,0
6772,3615.33,0,0,0,0
6822,3666.59,0,-1,0,0
6872,3660.32,0,-1,0,0
6922,3715.63,-93,-2,0,-101
6972,3540.24,0,1,0,0
7022,3850.10,-198,-6,0,-205
7072,3557.87,0,1,0,0
7122,3784.06,-1454,-4,0,-1465
7172,3557.87,0,1,0,0
7222,3617.94,0,0,0,0
7272,3527.75,0,1,0,0
7322,3578.24,0,0,0,0
7372,3540.24,0,1,0,0
7422,3552.82,0,1,0,0
7472,3474.64,0,3,0,0
7522,3528.58,0,1,0,0
7572,3498.95,0,2,0,0
7622,3523.61,0,1,0,0
7672,3496.50,0,2,0,0
7723,3541.08,0,1,0,0
7773,3538.57,0,1,0,0
7823,3603.17,0,0,0,0
7873,3590.23,0,0,0,0
7923,3666.59,0,-1,0,0
7973,3650.52,0,-1,0,0
8023,3709.20,-153,-2,0,-154
8073,3542.75,0,1,0,0
8123,3815.82,-180,-5,0,-180
8173,3559.56,0,1,0,0
8223,3753.75,-1087,-3,0,-1091
8273,3557.87,0,1,0,0
8323,3594.54,0,0,0,0
8373,3546.10,0,1,0,0
8423,3559.56,0,1,0,0
8473,3503.85,0,2,0,0
8523,3514.53,0,2,0,0
8573,3477.86,2,3,0,0
8623,3442.74,0,3,0,0
8673,3512.06,0,2,0,0
8723,3495.69,0,2,0,0
8773,3536.07,0,1,0,0
8823,3518.65,0,2,0,0
8873,3568.03,0,0,0,0
8923,3547.78,0,1,0,0
8973,3604.90,0,0,0,0
9023,3607.50,0,0,0,0
9073,3665.69,0,-1,0,0
9123,3627.57,0,0,0,0
9174,3679.18,0,-1,0,0
9224,3659.43,0,-1,0,0
9274,3699.14,0,-2,0,0
9324,3541.08,0,1,0,0
9374,3861.00,-218,-6,0,-226
9424,3541.08,0,1,0,0
9474,3808.07,-195,-5,0,-206
9524,3540.24,0,1,0,0
9574,3531.90,0,1,0,0
9624,3454.63,0,3,0,0
9674,3433.28,0,4,0,0
9724,3412.19,0,4,0,0
9774,3397.51,0,5,0,-2
9824,3351.21,5,6,0,0
9874,3346.72,24,6,0,34
9924,3362.47,0,5,0,-14
9974,3387.53,0,5,0,0
10024,3425.44,-2,4,0,-12
10074,3438.00,1,4,0,0
10124,3494.87,1,2,0,0
10174,3529.41,0,1,0,0
10224,3507.13,0,2,0,0
10274,3559.56,0,1,0,0
10324,3564.64,0,0,0,0
10374,3630.20,0,0,0,0
10424,3631.96,0,0,0,0
10474,3690.04,0,-2,0,0
10524,3541.08,0,1,0,0
10574,3860.01,-245,-6,0,-240
10624,3541.08,0,1,0,0
10674,3753.75,-963,-3,0,-962
10724,3557.87,0,1,0,0
10774,3547.78,0,1,0,0
10824,3579.95,0,0,0,0
10874,3531.07,0,1,0,0
10924,3345.97,267,6,0,275
10974,3495.69,0,2,0,0
11024,3495.69,0,2,0,0
11074,3536.07,0,1,0,0
11124,3531.07,0,1,0,0
11174,3558.72,0,1,0,0
11224,3503.85,0,2,0,0
11274,3568.88,0,0,0,0
11324,3538.57,0,1,0,0
11374,3595.40,0,0,0,0
11424,3579.10,0,0,0,0
11474,3634.60,0,0,0,0
11524,3631.08,0,0,0,0
11574,3620.56,0,0,0,0
11624,3621.44,0,0,0,0
11674,3665.69,0,-1,0,0
11724,3650.52,0,-1,0,0
11774,3690.04,0,-2,0,0
11824,3541.91,0,1,0,0
11874,3815.82,-175,-5,0,-180
11924,3541.91,0,1,0,0
11974,3764.12,-1071,-4,0,-1079
12024,3640.78,0,-1,0,0
12075,3541.08,0,1,0,0
12125,3693.67,0,-2,0,0
12175,3616.20,0,0,0,0
12225,3589.38,0,0,0,0
12275,3568.88,0,0,0,0
12325,3537.74,0,1,0,0
12375,3527.75,0,1,0,0
12425,3506.31,0,2,0,0
12475,3536.07,0,1,0,0
12525,3521.95,0,1,0,0
12575,3543.59,0,1,0,0
12625,3536.90,0,1,0,0
12675,3559.56,0,1,0,0
12725,3547.78,0,1,0,0
12775,3568.03,0,0,0,0
12825,3566.33,0,0,0,0
12875,3585.09,0,0,0,0
12925,3588.52,0,0,0,0
12975,3645.20,0,-1,0,0
13025,3631.08,0,0,0,0
13075,3665.69,0,-1,0,0
13125,3630.20,0,0,0,0
13175,3660.32,0,-1,0,0
13225,3631.08,0,0,0,0
13275,3660.32,0,-1,0,0
13325,3650.52,0,-1,0,0
13375,3689.13,0,-2,0,0
13425,3665.69,0,-1,0,0
13475,3665.69,0,-1,0,0
13526,3629.32,0,0,0,0
13576,3650.52,0,-1,0,0
13626,3597.12,0,0,0,0
13676,3620.56,0,0,0,0
13726,3579.10,0,0,0,0
13776,3578.24,0,0,0,0
13826,3546.10,0,1,0,0
13876,3587.66,0,0,0,0
13926,3512.88,0,2,0,0
13976,3560.41,0,0,0,0
14026,3513.70,0,2,0,0
14076,3551.14,0,1,0,0
14126,3568.88,0,0,0,0
14176,3540.24,0,1,0,0
14226,3557.87,0,1,0,0
14276,3403.68,0,4,0,0
14326,3557.87,0,1,0,0
14376,3445.11,0,3,0,0
14426,3559.56,0,1,0,0
14476,3560.41,0,0,0,0
14526,3559.56,0,1,0,0
14576,3522.78,0,1,0,0
14626,3550.30,0,1,0,0
14676,3531.07,0,1,0,0
14726,3512.88,0,2,0,0
14776,3466.60,0,3,0,0
14826,3492.43,0,2,0,0
14876,3511.24,0,2,0,0
14926,3573.13,0,0,0,0
14976,3555.34,0,1,0,0
15026,3622.31,0,0,0,0
15076,3598.85,0,0,0,0
15126,3636.36,0,0,0,0
15176,3631.08,0,0,0,0
15226,3660.32,0,-1,0,0
15276,3682.79,0,-2,0,0
15326,3690.94,0,-2,0,0
15376,3540.24,0,1,0,0
15426,3797.47,-1588,-4,0,-1590
15476,3559.56,0,1,0,0
15526,3774.53,-1309,-4,0,-1314
15576,3590.23,0,0,0,0
15626,3567.18,0,0,0,0
15676,3526.92,0,1,0,0
15726,3526.09,0,1,0,0
15776,3498.95,0,2,0,0
15826,3520.30,0,1,0,0
15876,3512.88,1,2,0,0
15926,3513.70,0,2,0,0
15976,3541.08,0,1,0,0
16026,3534.40,0,1,0,0
16076,3422.31,0,4,0,0
16126,3531.07,0,1,0,0
16176,3587.66,0,0,0,0
16226,3590.23,0,0,0,0
16276,3646.09,0,-1,0,0
16326,3640.78,0,-1,0,0
16376,3680.08,0,-2,0,0
16427,3666.59,0,-1,0,0
16477,3700.05,-66,-2,0,-78
16527,3839.26,-281,-5,0,-277
16577,3541.91,0,1,0,0
16627,3810.01,-288,-5,0,-285
16677,3565.49,0,0,0,0
16727,3565.49,0,0,0,0
16777,3540.24,0,1,0,0
16827,3485.94,0,2,0,0
16877,3511.24,0,2,0,0
16927,3440.37,0,3,0,0
16977,3446.69,0,3,0,-1
17027,3416.86,0,4,0,0
17077,3445.90,0,3,0,-3
17127,3424.66,3,4,0,0
17177,3445.11,0,3,0,0
17227,3478.66,0,3,0,0
17277,3426.22,0,4,0,0
17327,3509.59,0,2,0,0
17377,3506.31,0,2,0,0
17427,3568.88,0,0,0,0
17477,3551.98,0,1,0,0
17527,3604.90,0,0,0,0
17577,3608.37,0,0,0,0
17627,3665.69,0,-1,0,0
17677,3654.08,0,-1,0,0
17727,3677.37,0,-1,0,0
17777,3624.94,0,0,0,0
17827,3635.48,0,0,0,0
17878,3633.72,0,0,0,0
17928,3680.08,0,-2,0,0
17978,3608.37,0,0,0,0
18028,3636.36,0,0,0,0
18078,3621.44,0,0,0,0
18128,3646.09,0,-1,0,0
18178,3591.09,0,0,0,0
18228,3575.69,0,0,0,0
18278,3580.81,0,0,0,0
18328,3633.72,0,0,0,0
18378,3584.23,0,0,0,0
18428,3646.97,0,-1,0,0
18478,3631.96,0,0,0,0
18528,3636.36,0,0,0,0
18578,3619.69,0,0,0,0
18628,3646.09,0,-1,0,0
18678,3633.72,0,0,0,0
18728,3650.52,0,-1,0,0
18778,3622.31,0,0,0,0
18828,3671.97,0,-1,0,0
18878,3630.20,0,0,0,0
18928,3634.60,0,0,0,0
18978,3620.56,0,0,0,0
19028,3598.85,0,0,0,0
19078,3573.98,0,0,0,0
19128,3585.09,0,0,0,0
19178,3565.49,0,0,0,0
19228,3577.39,0,0,0,0
19278,3576.54,0,0,0,0
19328,3600.58,0,0,0,0
19378,3580.81,0,0,0,0
19428,3631.96,0,0,0,0
19478,3546.94,0,1,0,0
19528,3555.34,0,1,0,0
19578,3512.88,0,2,0,0
19628,3501.40,0,2,0,0
19678,3506.31,0,2,0,0
19728,3591.95,0,0,0,0
19778,3565.49,0,0,0,0
19828,3631.96,0,0,0,0
19878,3613.59,0,0,0,0
19928,3665.69,0,-1,0,0
19978,3647.86,0,-1,0,0
20028,3699.14,0,-2,0,0
20078,3680.08,0,-2,0,0
20128,3899.14,-286,-7,0,-286
20178,3559.56,0,1,0,0
20228,3806.14,-181,-5,0,-184
20278,3559.56,0,1,0,0
20328,3673.77,0,-1,0,0
20378,3510.41,0,2,0,0
20428,3480.28,0,2,0,0
20478,3440.37,0,3,0,0
20528,3449.07,0,3,0,-4
20578,3370.79,0,3,0,-4
20628,3384.48,0,5,0,0
20678,3399.05,-11,5,0,-28
20728,3361.72,0,5,0,-13
20779,3382.19,0,5,0,-11
20829,3368.52,3,5,0,0
20879,3376.10,0,5,0,0
20929,3434.85,0,4,0,-8
20979,3356.46,0,6,0,0
21029,3293.08,36,7,0,36
21079,3354.20,3,6,0,0
21129,3345.97,27,6,0,39
21179,3346.72,250,6,0,258
21229,3464.20,0,3,0,0
21279,3546.94,0,1,0,0
21329,3548.62,0,1,0,0
21379,3623.19,0,0,0,0
21429,3631.96,0,0,0,0
21479,3690.04,0,-2,0,0
21529,3542.75,0,1,0,0
21579,3919.52,-281,-7,0,-289
21630,3985.12,-349,-9,0,-341
21680,3559.56,0,1,0,0
21730,3958.83,-303,-8,0,-299
21780,3759.40,0,-3,0,0
21830,3829.46,-106,-5,0,-111
21880,3541.08,0,1,0,0
21931,3764.12,-1070,-4,0,-1079
21981,3470.62,0,3,0,0
22031,3596.26,0,0,0,0
22081,3532.74,0,1,0,0
22131,3451.45,0,3,0,0
22181,3364.74,0,5,0,0
22231,3341.50,6,6,0,3
22281,3330.37,21,6,0,32
22331,3186.74,79,10,0,81
22381,3362.47,0,5,0,0
22431,3165.89,116,10,0,109
22481,3346.72,52,6,0,64
22531,3573.13,0,0,0,0
22581,3423.88,0,4,0,0
22631,3512.88,0,2,0,0
22681,3531.07,0,1,0,0
22731,3622.31,0,0,0,0
22781,3610.98,0,0,0,0
22831,3699.14,0,-2,0,0
22881,3541.08,0,1,0,0
22931,3950.49,-308,-8,0,-312
22981,3559.56,0,1,0,0
23032,3779.29,-3,-4,0,0
23083,3852.08,-59,-6,0,-57
23133,3779.29,0,-4,0,0
23183,3842.21,-43,-6,0,-47
23233,3778.34,0,-4,0,0
23283,3774.53,-79,-4,0,-90
23333,3985.12,-387,-9,0,-379
23383,3558.72,0,1,0,0
23433,3774.53,-1145,-4,0,-1143
23483,3557.87,0,1,0,0
23533,3557.03,0,1,0,0
23584,3475.44,2,3,0,0
23634,3441.16,0,3,0,0
23684,3475.44,0,3,0,0
23734,3403.68,0,4,0,0
23784,3445.90,0,3,0,-8
23834,3424.66,0,4,0,0
23884,3412.19,0,4,0,0
23934,3422.31,3,4,0,0
23984,3427.79,0,4,0,0
24034,3481.09,0,2,0,-1
24084,3474.64,0,3,0,0
24134,3536.90,0,1,0,0
24184,3498.95,0,2,0,0
24235,3558.72,0,1,0,0
24285,3557.03,0,1,0,0
24335,3629.32,0,0,0,0
24385,3631.08,0,0,0,0
24435,3691.85,0,-2,0,0
24485,3541.91,0,1,0,0
24535,3904.22,-273,-7,0,-277
24585,3549.46,0,1,0,0
24635,3904.22,-251,-7,0,-259
24685,3675.57,0,-1,0,0
24735,3839.26,-243,-5,0,-239
24785,3665.69,0,-1,0,0
24835,3598.85,0,0,0,0
24885,3635.48,0,0,0,0
24935,3582.52,0,0,0,0
24985,3562.95,0,0,0,0
25035,3542.75,0,1,0,0
25085,3506.31,0,2,0,0
25135,3510.41,0,2,0,0
25185,3442.74,0,3,0,0
25235,3523.61,0,1,0,0
25285,3524.44,0,1,0,0
25335,3569.73,0,0,0,0
25385,3557.87,0,1,0,0
25435,3591.95,0,0,0,0
25485,3557.03,0,1,0,0
25535,3558.72,0,1,0,0
25585,3547.78,0,1,0,0
25635,3598.85,0,1,0,0
25686,3589.38,0,0,0,0
25736,3605.77,0,0,0,0
25786,3593.67,0,0,0,0
25836,3636.36,0,0,0,0
25886,3631.08,0,0,0,0
25936,3675.57,0,-1,0,0
25986,3631.08,0,0,0,0
26036,3680.08,0,-2,0,0
26086,3664.79,0,-1,0,0
26136,3690.04,0,-2,0,0
26186,3614.46,0,0,0,0
26236,3689.13,0,-2,0,0
26286,3665.69,0,-1,0,0
26336,3680.08,0,-2,0,0
26386,3598.85,0,0,0,0
26436,3646.09,0,-1,0,0
26486,3608.37,0,0,0,0
26536,3646.09,0,-1,0,0
26586,3568.88,0,0,0,0
26636,3595.40,0,0,0,0
26686,3532.74,0,1,0,0
26736,3578.24,0,0,0,0
26786,3546.10,0,1,0,0
26836,3535.23,0,1,0,0
26886,3529.41,0,1,0,0
26936,3532.74,0,1,0,0
26986,3523.61,0,1,0,0
27036,3568.88,0,0,0,0
27086,3540.24,0,1,0,0
27136,3597.12,0,0,0,0
27186,3579.95,0,0,0,0
27236,3612.72,0,0,0,0
27286,3598.85,0,0,0,0
27336,3675.57,0,-1,0,0
27386,3646.09,0,-1,0,0
27436,3680.08,0,-2,0,0
27486,3664.79,0,-1,0,0
27536,3689.13,0,-2,0,0
27586,3631.08,0,0,0,0
27636,3656.75,0,-1,0,0
27686,3631.08,0,0,0,0
27736,3612.72,0,0,0,0
27786,3598.85,0,0,0,0
27836,3636.36,0,0,0,0
27886,3605.77,0,0,0,0
27936,3586.80,0,0,0,0
27986,3567.18,0,0,0,0
28036,3540.24,0,1,0,0
28086,3526.09,0,1,0,0
28136,3562.10,0,0,0,0
28186,3528.58,0,1,0,0
28236,3568.88,0,0,0,0
28286,3569.73,0,0,0,0
28336,3541.91,0,1,0,0
28386,3585.09,0,0,0,0
28436,3579.10,0,0,0,0
28486,3591.95,0,0,0,0
28536,3569.73,0,0,0,0
28587,3568.88,0,0,0,0
28637,3557.03,0,1,0,0
28687,3585.09,0,0,0,0
28737,3581.66,0,0,0,0
28787,3585.09,0,0,0,0
28837,3574.83,0,0,0,0
28887,3603.17,0,0,0,0
28937,3599.71,0,0,0,0
28987,3584.23,0,0,0,0
29037,3579.95,0,0,0,0
29087,3621.44,0,0,0,0
29137,3599.71,0,0,0,0
29187,3606.64,0,0,0,0
29237,3597.98,0,0,0,0
29287,3598.85,0,0,0,0
29337,3584.23,0,0,0,0
29387,3637.25,0,0,0,0
29437,3574.83,0,0,0,0
29487,3622.31,0,0,0,0
29537,3573.98,0,0,0,0
29587,3621.44,0,0,0,0
29637,3589.38,0,0,0,0
29687,3597.12,0,0,0,0
29737,3580.81,0,0,0,0
29787,3622.31,0,0,0,0
29837,3598.85,0,0,0,0
29887,3627.57,0,0,0,0
29937,3603.17,0,0,0,0
29987,3636.36,0,0,0,0
30038,3583.37,0,0,0,0
30088,3628.45,0,0,0,0
30138,3610.98,0,0,0,0
30188,3646.09,0,-1,0,0
30238,3637.25,0,0,0,0
30288,3662.11,0,-1,0,0
30338,3621.44,0,0,0,0
30388,3608.37,0,0,0,0
30438,3548.62,0,1,0,0
30488,3588.52,0,0,0,0
30538,3579.95,0,0,0,0
30588,3612.72,0,0,0,0
30638,3592.81,0,0,0,0
30688,3622.31,0,0,0,0
30738,3557.03,0,1,0,0
30788,3576.54,0,0,0,0
30838,3531.07,0,1,0,0
30888,3560.41,0,0,0,0
30938,3555.34,0,1,0,0
30988,3603.17,0,0,0,0
31038,3583.37,0,0,0,0
31088,3603.17,0,0,0,0
31138,3589.38,0,0,0,0
31188,3631.96,0,0,0,0
31238,3597.98,0,0,0,0
31288,3626.69,0,0,0,0
31338,3608.37,0,0,0,0
31388,3636.36,0,0,0,0
31438,3583.37,0,0,0,0
31488,3503.85,0,2,0,0
31538,3425.44,3,4,0,0
31588,3394.43,0,5,0,0
31638,3341.50,0,6,0,3
31688,3328.16,6,6,0,8
31738,3432.49,-14,4,0,-23
31788,3551.98,0,1,0,0
31838,3576.54,0,0,0,0
31888,3574.83,0,0,0,0
31938,3675.57,0,-1,0,0
31988,3541.91,0,1,0,0
32038,3927.73,-299,-8,0,-295
32088,3557.87,0,1,0,0
32138,4067.25,-410,-11,0,-407
32188,3767.90,0,-4,0,0
32238,3921.57,-103,-8,0,-106
32288,4027.93,-263,-10,0,-255
32338,3780.24,0,-4,0,0
32388,3908.29,-103,-7,0,-103
32438,3779.29,0,-4,0,0
32488,3763.17,-65,-4,0,-73
32538,3540.24,0,1,0,0
32588,3881.99,-250,-7,0,-259
32638,3559.56,0,1,0,0
32688,3558.72,0,1,0,0
32738,3536.90,0,1,0,0
32788,3457.02,0,3,0,0
32838,3389.83,0,5,0,0
32888,3391.36,0,5,0,-8
32939,3275.11,91,8,0,86
32989,3477.05,0,3,0,-7
33039,3362.47,-27,5,0,-45
33089,3345.97,68,6,0,71
33139,3387.53,0,5,0,0
33189,3345.97,39,6,0,36
33239,3527.75,0,1,0,0
33289,3457.81,0,3,0,0
33339,3483.51,0,2,0,0
33389,3567.18,0,0,0,0
33439,3575.69,0,0,0,0
33489,3655.86,0,-1,0,0
33539,3665.69,0,-1,0,0
33589,3904.22,-282,-7,0,-289
33639,3559.56,0,1,0,0
33689,3779.29,-2,-4,0,0
33739,3859.02,-89,-6,0,-88
33789,3780.24,0,-4,0,0
33839,3992.55,-271,-9,0,-272
33889,3769.79,0,-4,0,0
33939,4018.22,-339,-10,0,-343
33989,3905.23,-246,-7,0,-240
34039,3513.70,1,2,0,0
34089,3801.32,-183,-5,0,-181
34139,3585.94,0,0,0,0
34189,3574.83,0,0,0,0
34239,3527.75,0,1,0,0
34289,3519.47,1,2,0,0
34339,3473.83,0,3,0,0
34390,3461.80,0,3,0,0
34440,3461.01,0,3,0,-1
34490,3456.22,0,3,0,0
34540,3513.70,0,2,0,0
34590,3505.49,0,2,0,0
34640,3568.03,0,0,0,0
34690,3556.19,0,1,0,0
34740,3615.33,0,0,0,0
34790,3572.28,0,0,0,0
34840,3645.20,0,-1,0,0
34890,3632.84,0,0,0,0
34940,3665.69,0,-1,0,0
34990,3661.22,0,-1,0,0
35040,3695.49,0,-2,0,0
35090,3547.78,0,1,0,0
35140,3859.02,-206,-6,0,-211
35190,3641.66,0,-1,0,0
35240,3608.37,0,0,0,0
35290,3603.17,0,0,0,0
35340,3603.17,0,0,0,0
35390,3589.38,0,0,0,0
35440,3538.57,0,1,0,0
35490,3508.77,0,2,0,0
35540,3526.09,0,1,0,0
35590,3512.88,0,2,0,0
35640,3540.24,0,1,0,0
35690,3537.74,0,1,0,0
35740,3531.90,0,1,0,0
35790,3532.74,0,1,0,0
35840,3585.94,0,0,0,0
35890,3576.54,0,0,0,0
35940,3637.25,0,0,0,0
35990,3641.66,0,-1,0,0
36040,3632.84,0,0,0,0
36090,3612.72,0,0,0,0
36140,3636.36,0,0,0,0
36190,3565.49,0,0,0,0
36240,3612.72,0,0,0,0
36290,3594.54,0,0,0,0
36340,3646.09,0,-1,0,0
36390,3598.85,0,0,0,0
36440,3637.25,0,0,0,0
36490,3625.82,0,0,0,0
36540,3646.97,0,-1,0,0
36590,3631.96,0,0,0,0
36640,3670.17,0,-1,0,0
36690,3631.08,0,0,0,0
36740,3656.75,0,-1,0,0
36790,3579.10,0,0,0,0
36840,3611.85,0,0,0,0
36890,3590.23,0,0,0,0
36940,3606.64,0,0,0,0
36990,3588.52,0,0,0,0
37040,3587.66,0,0,0,0
37090,3579.95,0,0,0,0
37140,3612.72,0,0,0,0
37190,3565.49,0,0,0,0
37240,3585.09,0,0,0,0
37291,3516.17,1,2,0,0
37341,3578.24,0,0,0,0
37391,3564.64,0,0,0,0
37441,3565.49,0,0,0,0
37491,3540.24,0,1,0,0
37541,3541.08,0,1,0,0
37591,3579.95,0,0,0,0
37641,3521.95,0,1,0,0
37691,3577.39,0,0,0,0
37741,3550.30,0,1,0,0
37791,3568.03,0,0,0,0
37841,3556.19,0,1,0,0
37891,3593.67,0,0,0,0
37941,3573.98,0,0,0,0
37991,3592.81,0,0,0,0
38041,3569.73,0,0,0,0
38091,3587.66,0,0,0,0
38141,3578.24,0,0,0,0
38191,3611.85,0,0,0,0
38241,3587.66,0,0,0,0
38291,3596.26,0,0,0,0
38341,3599.71,0,0,0,0
38391,3639.89,0,0,0,0
38441,3608.37,0,0,0,0
38491,3655.86,0,-1,0,0
38541,3631.08,0,0,0,0
38591,3665.69,0,-1,0,0
38641,3631.96,0,0,0,0
38691,3656.75,0,-1,0,0
38742,3622.31,0,0,0,0
38792,3636.36,0,0,0,0
38842,3631.08,0,0,0,0
38892,3655.86,0,-1,0,0
38942,3598.85,0,0,0,0
38992,3636.36,0,0,0,0
39042,3620.56,0,0,0,0
39092,3602.31,0,0,0,0
39142,3587.66,0,0,0,0
39192,3627.57,0,0,0,0
39242,3569.73,0,0,0,0
39292,3568.88,0,0,0,0
39342,3573.98,0,0,0,0
39392,3568.88,0,0,0,0
39442,3555.34,0,1,0,0
39492,3592.81,0,0,0,0
39542,3574.83,0,0,0,0
39592,3622.31,0,0,0,0
39642,3598.85,0,0,0,0
39692,3588.52,0,0,0,0
39742,3587.66,0,0,0,0
39792,3620.56,0,0,0,0
39842,3588.52,0,0,0,0
39892,3574.83,0,0,0,0
39942,3574.83,0,0,0,0
39992,3603.17,0,0,0,0
40042,3574.83,0,0,0,0
40092,3622.31,0,0,0,0
40142,3599.71,0,0,0,0
40192,3585.09,0,0,0,0
40242,3573.98,0,0,0,0
40292,3611.85,0,0,0,0
40342,3632.84,0,0,0,0
40392,3655.86,0,-1,0,0
40442,3607.50,0,0,0,0
40492,3636.36,0,0,0,0
40542,3597.98,0,0,0,0
40592,3583.37,0,0,0,0
40642,3569.73,0,0,0,0
40692,3622.31,0,0,0,0
40742,3603.17,0,0,0,0
40792,3636.36,0,0,0,0
40842,3619.69,0,0,0,0
40892,3608.37,0,0,0,0
40942,3598.85,0,0,0,0
40992,3585.94,0,0,0,0
41042,3568.88,0,0,0,0
41092,3577.39,0,0,0,0
41142,3568.88,0,0,0,0
41192,3564.64,0,0,0,0
41242,3531.90,0,1,0,0
41292,3597.12,0,0,0,0
41342,3589.38,0,0,0,0
41392,3612.72,0,0,0,0
41442,3610.98,0,0,0,0
41492,3655.86,0,-1,0,0
41542,3624.06,0,0,0,0
41592,3646.97,0,-1,0,0
41643,3616.20,0,0,0,0
41693,3670.17,0,-1,0,0
41743,3655.86,0,-1,0,0
41793,3646.97,0,-1,0,0
41843,3645.20,0,-1,0,0
41893,3637.25,0,0,0,0
41943,3628.45,0,0,0,0
41993,3634.60,0,0,0,0
42043,3617.07,0,0,0,0
42093,3603.17,0,0,0,0
42143,3531.90,0,1,0,0
42193,3560.41,0,0,0,0
42243,3532.74,0,1,0,0
42293,3568.88,0,0,0,0
42343,3545.26,0,1,0,0
42393,3560.41,0,0,0,0
42443,3539.41,0,1,0,0
42493,3578.24,0,0,0,0
42543,3603.17,0,0,0,0
42593,3570.58,0,0,0,0
42643,3612.72,0,0,0,0
42693,3599.71,0,0,0,0
42743,3617.07,0,0,0,0
42793,3603.17,0,0,0,0
42843,3589.38,0,0,0,0
42893,3589.38,0,0,0,0
42943,3617.07,0,0,0,0
42993,3601.44,0,-1,0,0
43043,3611.85,0,0,0,0
43094,3588.52,0,0,0,0
43144,3603.17,0,0,0,0
43194,3589.38,0,0,0,0
43244,3627.57,0,0,0,0
43294,3598.85,0,0,0,0
43344,3655.86,0,-1,0,0
43394,3574.83,0,0,0,0
43444,3612.72,0,0,0,0
43494,3589.38,0,0,0,0
43544,3612.72,0,0,0,0
43594,3590.23,0,0,0,0
43644,3612.72,0,0,0,0
43694,3579.95,0,0,0,0
43744,3587.66,0,0,0,0
43794,3569.73,0,0,0,0
43844,3568.88,0,0,0,0
43894,3564.64,0,0,0,0
43944,3593.67,0,0,0,0
43994,3589.38,0,0,0,0
44044,3629.32,0,0,0,0
44094,3608.37,0,0,0,0
44144,3603.17,0,0,0,0
44194,3598.85,0,0,0,0
44244,3590.23,0,0,0,0
44294,3576.54,0,0,0,0
44344,3621.44,0,0,0,0
44394,3605.77,0,0,0,0
44444,3636.36,0,0,0,0
44494,3631.08,0,0,0,0
44544,3680.08,0,-2,0,0
44594,3655.86,0,-1,0,0
44644,3670.17,0,-1,0,0
44694,3646.09,0,-1,0,0
44744,3605.77,0,0,0,0
44794,3575.69,0,0,0,0
44844,3568.03,0,0,0,0
44894,3521.95,0,1,0,0
44944,3578.24,0,0,0,0
44994,3513.70,0,2,0,0
45044,3521.95,0,1,0,0
45094,3526.09,0,1,0,0
45144,3540.24,0,1,0,0
45194,3540.24,0,1,0,0
45244,3604.04,0,0,0,0
45294,3589.38,0,0,0,0
45344,3621.44,0,0,0,0
45394,3568.03,0,0,0,0
45444,3623.19,0,0,0,0
45494,3608.37,0,0,0,0
45544,3667.48,0,-1,0,0
45594,3636.36,0,0,0,0
45644,3644.31,0,-1,0,0
45694,3633.72,0,0,0,0
45744,3612.72,0,0,0,0
45794,3608.37,0,0,0,0
45844,3649.63,0,-1,0,0
45894,3615.33,0,0,0,0
45944,3668.38,0,-1,0,0
45995,3640.78,0,-1,0,0
46045,3668.38,0,-1,0,0
46095,3613.59,0,0,0,0
46145,3660.32,0,-1,0,0
46195,3627.57,0,0,0,0
46245,3609.24,0,0,0,0
46295,3589.38,0,0,0,0
46345,3552.82,0,1,0,0
46395,3573.98,0,0,0,0
46445,3572.28,0,0,0,0
46495,3573.13,0,0,0,0
46545,3603.17,0,0,0,0
46595,3558.72,0,1,0,0
46645,3603.17,0,0,0,0
46695,3589.38,0,0,0,0
46745,3619.69,0,0,0,0
46795,3589.38,0,0,0,0
46845,3586.80,0,0,0,0
46895,3569.73,0,0,0,0
46945,3540.24,0,1,0,0
46995,3537.74,0,1,0,0
47045,3572.28,0,1,0,0
47095,3566.33,0,0,0,0
47145,3601.44,0,0,0,0
47195,3585.94,0,0,0,0
47246,3654.97,0,-1,0,0
47296,3608.37,0,0,0,0
47346,3665.69,0,-1,0,0
47396,3631.96,0,0,0,0
47446,3660.32,0,-1,0,0
47496,3650.52,0,-1,0,0
47546,3689.13,0,-2,0,0
47596,3659.43,0,-1,0,0
47646,3636.36,0,0,0,0
47696,3608.37,0,0,0,0
47746,3603.17,0,0,0,0
47796,3590.23,0,0,0,0
47846,3612.72,0,0,0,0
47896,3598.85,0,0,0,0
47946,3590.23,0,0,0,0
47996,3569.73,0,0,0,0
48046,3574.83,0,0,0,0
48096,3563.79,0,0,0,0
48146,3583.37,0,0,0,0
48196,3565.49,0,0,0,0
48246,3603.17,0,0,0,0
48296,3568.88,0,0,0,0
48346,3568.88,0,0,0,0
48396,3587.66,0,0,0,0
48446,3345.97,255,6,0,264
48496,3560.41,0,0,0,0
48546,3565.49,0,0,0,0
48596,3622.31,0,0,0,0
48646,3598.85,0,0,0,0
48696,3603.17,0,0,0,0
48746,3589.38,0,0,0,0
48796,3566.33,0,0,0,0
48846,3579.10,0,0,0,0
48896,3644.31,0,-1,0,0
48946,3631.96,0,0,0,0
48996,3679.18,0,-1,0,0
49046,3621.44,0,0,0,0
49096,3670.17,0,-1,0,0
49146,3655.86,0,-1,0,0
49196,3559.56,0,1,0,0
49246,3849.11,-209,-6,0,-204
49296,3654.08,0,-1,0,0
49346,3700.96,-111,-2,0,-113
49396,3541.91,0,1,0,0
49446,3733.20,-778,-3,0,-780
49496,3541.08,0,1,0,0
49546,3620.56,0,0,0,0
49596,3598.85,0,0,0,0
49646,3592.81,0,0,0,0
49696,3513.70,0,2,0,0
49746,3526.92,0,1,0,0
49796,3544.42,0,1,0,0
49846,3540.24,0,1,0,0
49896,3564.64,0,0,0,0
49946,3538.57,0,1,0,0
49996,3585.94,0,0,0,0
50046,3582.52,0,0,0,0
50096,3547.78,0,1,0,0
50146,3465.80,0,3,0,0
50196,3379.14,0,5,0,0
50246,3166.56,112,10,0,106
50296,3361.72,-42,5,0,-65
50347,3289.47,-76,7,0,-94
50397,3165.89,-80,10,0,-93
50447,3009.03,0,14,0,-20
50497,3009.63,-61,14,0,-78
50547,2866.97,0,18,0,-20
50597,2753.81,100,21,0,98
50647,2730.75,66,21,0,48
50697,2618.71,55,24,0,39
50747,2647.37,33,23,0,23
50797,2510.04,45,27,0,34
50847,2530.79,31,26,0,24
50897,2410.03,38,29,0,29
50947,2383.60,53,30,0,43
50997,2317.68,41,32,0,28
51047,2232.47,42,34,0,23
51097,2271.69,26,33,0,6
51147,2153.01,51,36,0,23
51197,2153.01,22,36,0,-12
51247,2103.20,34,37,0,20
51297,2010.18,44,39,0,18
51347,2009.65,27,39,0,-9
51397,1989.13,43,40,0,8
51447,1897.77,63,42,0,21
51497,1896.81,42,42,0,0
51547,1844.56,43,43,0,0
51597,1795.98,62,45,0,17
51647,1742.16,63,46,0,17
51697,1740.14,46,46,0,0
51747,1688.62,47,47,0,0
51798,1638.45,65,49,0,16
51848,1633.81,50,49,0,1
51898,1582.28,51,50,0,1
51948,1529.99,67,51,0,16
51998,1529.99,51,51,0,0
52048,1475.80,69,53,0,16
52098,1421.13,69,54,0,15
52148,1422.88,54,54,0,0
52198,1366.99,70,55,0,15
52248,1366.87,55,55,0,0
52298,1310.73,71,57,0,14
52348,1311.99,57,57,0,0
52398,1255.13,72,58,0,14
52448,1256.18,58,58,0,0
52498,1195.89,74,60,0,14
52548,1200.00,60,60,0,0
52598,1136.62,75,61,0,14
52648,1141.90,60,61,0,-1
52698,1082.02,75,62,0,13
52748,1081.16,62,62,0,0
52798,1025.78,75,64,0,11
52848,1015.85,66,64,0,2
52898,1015.85,66,64,0,2
52948,948.83,78,66,0,12
52998,950.51,66,66,0,0
53048,880.23,79,67,0,12
53098,880.23,79,67,0,12
53148,882.09,67,67,0,0
53198,816.42,79,69,0,10
53248,816.42,79,69,0,10
53298,808.15,70,69,0,1
53348,743.79,80,71,0,9
53398,743.79,80,71,0,9
53448,723.14,73,71,0,2
53498,723.14,73,71,0,2
53548,655.48,81,73,0,8
53598,655.48,81,73,0,8
53648,628.01,77,74,0,3
53698,628.01,77,74,0,3
53748,548.53,84,76,0,8
53798,548.53,84,76,0,8
53848,510.99,80,77,0,3
53898,510.99,80,77,0,3
53948,510.99,80,77,0,3
53998,413.20,87,79,0,8
54048,413.20,87,79,0,8
54098,413.20,87,79,0,8
54148,413.20,87,79,0,8
54198,346.87,85,81,0,4
54248,346.87,85,81,0,4
54298,346.87,85,81,0,4
54348,346.87,85,81,0,4
55119,61.97,-85,81,0,4
55169,61.97,-85,81,0,4
55219,61.97,-85,81,0,4
55269,61.97,-85,81,0,4
55319,61.97,-85,81,0,4
55369,61.97,-85,81,0,4
55419,61.97,-85,81,0,4
55469,61.97,-85,81,0,4
55519,61.97,-85,81,0,4
55569,61.97,-85,81,0,4
55619,61.97,-85,81,0,4
55669,61.97,-85,81,0,4
55719,61.97,-85,81,0,4
55769,61.97,-85,81,0,4
55819,61.97,-85,81,0,4
55869,61.97,-85,81,0,4
55919,61.97,-85,81,0,4
55969,61.97,-85,81,0,4
56019,61.97,-85,81,0,4
56069,61.97,-85,81,0,4
56119,61.97,-85,81,0,4
56169,61.97,-85,81,0,4
56219,61.97,-85,81,0,4
56269,61.97,-85,81,0,4
56320,61.97,-85,81,0,4
56370,61.97,-85,81,0,4
56420,61.97,-85,81,0,4
56470,61.97,-85,81,0,4
56520,61.97,-85,81,0,4
56570,61.97,-85,81,0,4
56620,61.97,-85,81,0,4
56670,61.97,-85,81,0,4
56720,61.97,-85,81,0,4
56770,61.97,-85,81,0,4
56820,61.97,-85,81,0,4
56870,61.97,-85,81,0,4
56920,61.97,-85,81,0,4
56970,61.97,-85,81,0,4
57020,61.97,-85,81,0,4
57070,61.97,-85,81,0,4
57120,61.97,-85,81,0,4
57170,61.97,-85,81,0,4
57220,61.97,-85,81,0,4
57270,61.97,-85,81,0,4
57320,61.97,-85,81,0,4
57370,61.97,-85,81,0,4
57420,61.97,-85,81,0,4
57470,61.97,-85,81,0,4
57520,61.97,-85,81,0,4
57570,61.97,-85,81,0,4
57620,61.97,-85,81,0,4
57670,61.97,-85,81,0,4
57720,61.97,-85,81,0,4
57771,61.97,-85,81,0,4
57821,61.97,-85,81,0,4
57871,61.97,-85,81,0,4
57921,61.97,-85,81,0,4
57971,61.97,-85,81,0,4
58021,61.97,-85,81,0,4
58071,61.97,-85,81,0,4
58121,61.97,-85,81,0,4
58171,61.97,-85,81,0,4
58221,61.97,-85,81,0,4
58271,61.97,-85,81,0,4
58321,61.97,-85,81,0,4
58371,61.97,-85,81,0,4
58421,61.97,-85,81,0,4
58471,61.97,-85,81,0,4
58521,61.97,-85,81,0,4
58571,61.97,-85,81,0,4
58621,61.97,-85,81,0,4
58671,61.97,-85,81,0,4
58721,61.97,-85,81,0,4
58771,61.97,-85,81,0,4
58821,61.97,-85,81,0,4
58871,61.97,-85,81,0,4
58921,61.97,-85,81,0,4
58971,61.97,-85,81,0,4
59021,61.97,-85,81,0,4
59071,61.97,-85,81,0,4
59121,61.97,-85,81,0,4
59171,61.97,-85,81,0,4
59222,61.97,-85,81,0,4
59272,61.97,-85,81,0,4
59322,61.97,-85,81,0,4
59372,61.97,-85,81,0,4
59422,61.97,-85,81,0,4
59472,61.97,-85,81,0,4
59522,61.97,-85,81,0,4
59572,61.97,-85,81,0,4
59622,61.97,-85,81,0,4
59672,61.97,-85,81,0,4
59722,61.97,-85,81,0,4
59772,61.97,-85,81,0,4
59822,61.97,-85,81,0,4
59872,61.97,-85,81,0,4
59922,61.97,-85,81,0,4
59972,61.97,-85,81,0,4
60022,61.97,-85,81,0,4
60072,61.97,-85,81,0,4
60122,61.97,-85,81,0,4
60172,61.97,-85,81,0,4
60222,61.97,-85,81,0,4
60272,61.97,-85,81,0,4
60322,61.97,-85,81,0,4
60372,61.97,-85,81,0,4
60422,61.97,-85,81,0,4
60472,61.97,-85,81,0,4
60522,61.97,-85,81,0,4
60572,61.97,-85,81,0,4
60622,61.97,-85,81,0,4
60672,61.97,-85,81,0,4
60722,61.97,-85,81,0,4
60772,61.97,-85,81,0,4
60822,61.97,-85,81,0,4
60872,61.97,-85,81,0,4
60922,61.97,-85,81,0,4
60972,61.97,-85,81,0,4
61022,61.97,-85,81,0,4
61072,61.97,-85,81,0,4
61122,61.97,-85,81,0,4
61172,61.97,-85,81,0,4
61222,61.97,-85,81,0,4
61272,61.97,-85,81,0,4
61322,61.97,-85,81,0,4
61372,61.97,-85,81,0,4
61422,61.97,-85,81,0,4
61472,61.97,-85,81,0,4
61522,61.97,-85,81,0,4
61572,61.97,-85,81,0,4
61622,61.97,-85,81,0,4
61672,61.97,-85,81,0,4
61722,61.97,-85,81,0,4
61772,61.97,-85,81,0,4
61822,61.97,-85,81,0,4
61872,61.97,-85,81,0,4
61922,61.97,-85,81,0,4
61972,61.97,-85,81,0,4
62022,61.97,-85,81,0,4
62072,61.97,-85,81,0,4
62123,61.97,-85,81,0,4
62173,61.97,-85,81,0,4
62223,61.97,-85,81,0,4
62273,61.97,-85,81,0,4
62323,61.97,-85,81,0,4
62373,61.97,-85,81,0,4
62423,61.97,-85,81,0,4
62473,61.97,-85,81,0,4
62523,61.97,-85,81,0,4
62573,61.97,-85,81,0,4
62623,61.97,-85,81,0,4
62673,61.97,-85,81,0,4
62723,61.97,-85,81,0,4
62773,61.97,-85,81,0,4
62823,61.97,-85,81,0,4
62873,61.97,-85,81,0,4
62923,61.97,-85,81,0,4
62973,61.97,-85,81,0,4
63023,61.97,-85,81,0,4
63073,61.97,-85,81,0,4
63123,61.97,-85,81,0,4
63173,61.97,-85,81,0,4
63223,61.97,-85,81,0,4
63273,61.97,-85,81,0,4
63323,61.97,-85,81,0,4
63373,61.97,-85,81,0,4
63423,61.97,-85,81,0,4
63473,61.97,-85,81,0,4
63523,61.97,-85,81,0,4
63574,61.97,-85,81,0,4
63624,61.97,-85,81,0,4
63674,61.97,-85,81,0,4
63724,61.97,-85,81,0,4
63774,61.97,-85,81,0,4
63824,61.97,-85,81,0,4
63874,61.97,-85,81,0,4
63924,61.97,-85,81,0,4
63974,61.97,-85,81,0,4
64024,61.97,-85,81,0,4
64074,61.97,-85,81,0,4
64124,61.97,-85,81,0,4
64174,61.97,-85,81,0,4
64224,61.97,-85,81,0,4
64274,61.97,-85,81,0,4
64324,61.97,-85,81,0,4
64374,61.97,-85,81,0,4
64424,61.97,-85,81,0,4
64474,61.97,-85,81,0,4
64524,61.97,-85,81,0,4
64574,61.97,-85,81,0,4
64624,61.97,-85,81,0,4
64674,61.97,-85,81,0,4
64724,61.97,-85,81,0,4
64774,61.97,-85,81,0,4
64824,61.97,-85,81,0,4
64874,61.97,-85,81,0,4
64924,61.97,-85,81,0,4
64974,61.97,-85,81,0,4
65024,61.97,-85,81,0,4
65074,61.97,-85,81,0,4
65124,61.97,-85,81,0,4
65174,61.97,-85,81,0,4
65224,61.97,-85,81,0,4
65274,61.97,-85,81,0,4
65324,61.97,-85,81,0,4
65374,61.97,-85,81,0,4
65424,61.97,-85,81,0,4
65474,61.97,-85,81,0,4
65524,61.97,-85,81,0,4
65574,61.97,-85,81,0,4
65624,61.97,-85,81,0,4
65674,61.97,-85,81,0,4
65724,61.97,-85,81,0,4
65774,61.97,-85,81,0,4
65824,61.97,-85,81,0,4
65874,61.97,-85,81,0,4
65924,61.97,-85,81,0,4
65974,61.97,-85,81,0,4
66024,61.97,-85,81,0,4
66074,61.97,-85,81,0,4
66124,61.97,-85,81,0,4
66174,61.97,-85,81,0,4
66224,61.97,-85,81,0,4
66274,61.97,-85,81,0,4
66324,61.97,-85,81,0,4
66374,61.97,-85,81,0,4
66424,61.97,-85,81,0,4
66475,61.97,-85,81,0,4
66525,61.97,-85,81,0,4
66575,61.97,-85,81,0,4
66625,61.97,-85,81,0,4
66675,61.97,-85,81,0,4
66725,61.97,-85,81,0,4
66775,61.97,-85,81,0,4
66825,61.97,-85,81,0,4
66875,61.97,-85,81,0,4
66925,61.97,-85,81,0,4
66975,61.97,-85,81,0,4
67025,61.97,-85,81,0,4
67075,61.97,-85,81,0,4
67125,61.97,-85,81,0,4
67175,61.97,-85,81,0,4
67225,61.97,-85,81,0,4
67275,61.97,-85,81,0,4
67325,61.97,-85,81,0,4
67375,61.97,-85,81,0,4
67425,61.97,-85,81,0,4
67475,61.97,-85,81,0,4
67525,61.97,-85,81,0,4
