
------ Microcontroller Engine Governor - Version: 1.13 ------
-------------------------------------------------------------
PID Gains:        Kp: 0.020000   Ki: 0.000000   Kd: 8.000000
-------------------------------------------------------------
Set RPM:             3600    |  Min RPM:                300
                             |
RPM Precision        2       |  PID I Precision:         202
                             |
Start Steps:         900     |  Max Steps:               1200
                             |
RPM Calc Interval:   1       |  Num Magnets:             1
                             |
LCD Update Interval: 400     |  Serial Update Interval:  50
-------------------------------------------------------------

Time,RPM,Steps Remaining, PID p, PID i, PID d
1735,0.00,0,0,0,0
1785,0.00,0,0,0,0
1835,0.00,0,0,0,0
1885,0.00,0,0,0,0
1935,0.00,0,0,0,0
1985,0.00,0,0,0,0
2035,0.00,0,0,0,0
2085,0.00,0,0,0,0
2135,0.00,0,0,0,0
2185,0.00,0,0,0,0
2235,0.00,0,0,0,0
2285,0.00,0,0,0,0
2335,0.00,0,0,0,0
2385,0.00,0,0,0,0
2435,0.00,0,0,0,0
2485,0.00,0,0,0,0
2535,0.00,0,0,0,0
2585,0.00,0,0,0,0
2635,0.00,0,0,0,0
2685,0.00,0,0,0,0
2735,0.00,0,0,0,0
2785,0.00,0,0,0,0
2835,0.00,0,0,0,0
2885,0.00,0,0,0,0
2935,0.00,0,0,0,0
2985,0.00,0,0,0,0
3035,0.00,0,0,0,0
3085,0.00,0,0,0,0
3135,0.00,0,0,0,0
3185,0.00,0,0,0,0
3235,0.00,0,0,0,0
3286,0.00,0,0,0,0
3336,0.00,0,0,0,0
3386,0.00,0,0,0,0
3436,0.00,0,0,0,0
3486,0.00,0,0,0,0
3536,0.00,0,0,0,0
3586,0.00,0,0,0,0
3636,0.00,0,0,0,0
3686,0.00,0,0,0,0
3736,0.00,0,0,0,0
3786,0.00,0,0,0,0
3836,0.00,0,0,0,0
3886,0.00,0,0,0,0
3936,0.00,0,0,0,0
3986,0.00,0,0,0,0
4036,0.00,0,0,0,0
4086,0.00,0,0,0,0
4136,0.00,0,0,0,0
4186,0.00,0,0,0,0
4236,0.00,0,0,0,0
4286,0.00,0,0,0,0
4336,0.00,0,0,0,0
4386,0.00,0,0,0,0
4436,0.00,0,0,0,0
4486,0.00,0,0,0,0
4536,0.00,0,0,0,0
4586,0.00,0,0,0,0
4636,0.00,0,0,0,0
4686,0.00,0,0,0,0
4736,0.00,0,0,0,0
4786,0.00,0,0,0,0
4836,0.00,0,0,0,0
4886,0.00,0,0,0,0
4936,0.00,0,0,0,0
4986,0.00,0,0,0,0
5036,0.00,0,0,0,0
5086,0.00,0,0,0,0
5136,0.00,0,0,0,0
5186,0.00,0,0,0,0
5236,0.00,0,0,0,0
5286,0.00,0,0,0,0
5336,0.00,0,0,0,0
5386,0.00,0,0,0,0
5436,0.00,0,0,0,0
5486,0.00,0,0,0,0
5536,0.00,0,0,0,0
5586,0.00,0,0,0,0
5636,0.00,0,0,0,0
5686,0.00,0,0,0,0
5736,0.00,0,0,0,0
5786,0.00,0,0,0,0
5836,0.00,0,0,0,0
5886,0.00,0,0,0,0
5936,0.00,0,0,0,0
5986,0.00,0,0,0,0
6036,0.00,0,0,0,0
6086,0.00,0,0,0,0
6136,0.00,0,0,0,0
6187,0.00,0,0,0,0
6237,0.00,0,0,0,0
6287,0.00,0,0,0,0
6337,0.00,0,0,0,0
6387,0.00,0,0,0,0
6437,0.00,0,0,0,0
6487,0.00,0,0,0,0
6537,0.00,0,0,0,0
6587,0.00,0,0,0,0
6637,0.00,0,0,0,0
6687,0.00,0,0,0,0
6737,0.00,0,0,0,0
6787,0.00,0,0,0,0
6837,0.00,0,0,0,0
6887,0.00,0,0,0,0
6937,0.00,0,0,0,0
6987,0.00,0,0,0,0
7037,0.00,0,0,0,0
7087,0.00,0,0,0,0
7137,0.00,0,0,0,0
7187,0.00,0,0,0,0
7237,0.00,0,0,0,0
7287,0.00,0,0,0,0
7337,inf,0,0,0,0
7387,inf,0,0,0,0
7437,inf,0,0,0,0
7487,inf,0,0,0,0
7537,352.53,19,64,0,0
7587,873.52,0,54,0,-60
7638,852.85,51,54,0,2
7688,1114.74,9,49,0,-38
7738,1114.74,0,49,0,-38
7788,1402.39,0,43,0,-49
7838,1457.73,17,42,0,-10
7888,1665.00,0,38,0,-46
7938,1884.90,-7,34,0,-52
7988,2090.88,-17,30,0,-48
8038,2102.02,3,29,0,-3
8088,2315.89,0,25,0,-31
8138,2407.70,6,23,0,3
8188,2570.25,0,20,0,-26
8238,2689.14,0,18,0,-18
8288,2781.90,-11,16,0,-36
8338,2881.84,-9,14,0,-40
8388,3088.96,-79,10,0,-94
8438,3008.42,0,11,0,-11
8488,3165.89,-45,8,0,-61
8538,3340.01,-57,5,0,-64
8588,3340.76,0,5,0,-14
8638,3419.19,-4,3,0,-20
8688,3503.85,0,1,0,0
8738,3567.18,0,0,0,0
8788,3579.95,0,0,0,0
8838,3685.50,0,-1,0,0
8888,3670.17,0,-1,0,0
8938,3719.32,0,-2,0,0
8988,3724.86,0,-2,0,0
9038,3782.15,0,-3,0,0
9088,3824.58,-27,-4,0,-24
9138,3778.34,0,-3,0,0
9188,3750.94,0,-3,0,0
9238,3660.32,0,-1,0,0
9288,3617.07,0,0,0,0
9338,3579.95,0,0,0,0
9388,3593.67,0,0,0,0
9438,3561.25,0,0,0,0
9488,3568.88,0,0,0,0
9538,3527.75,0,1,0,0
9588,3521.95,0,1,0,0
9638,3512.88,0,1,0,0
9688,3529.41,0,1,0,0
9738,3560.41,0,0,0,0
9788,3528.58,0,1,0,0
9838,3541.91,0,1,0,0
9888,3529.41,0,1,0,0
9938,3583.37,0,0,0,0
9988,3557.03,0,0,0,0
10038,3603.17,0,0,0,0
10088,3598.85,0,0,0,0
10138,3608.37,0,0,0,0
10188,3617.07,0,0,0,0
10238,3656.75,0,-1,0,0
10288,3641.66,0,0,0,0
10338,3690.94,0,-1,0,0
10388,3660.32,0,-1,0,0
10438,3660.32,0,-1,0,0
10488,3651.41,0,-1,0,0
10539,3742.51,-1,-2,0,0
10589,3627.57,0,0,0,0
10639,3616.20,0,0,0,0
10689,3655.86,0,-1,0,0
10739,3607.50,0,0,0,0
10789,3655.86,0,-1,0,0
10839,3608.37,0,0,0,0
10889,3644.31,0,0,0,0
10939,3608.37,0,0,0,0
10989,3646.97,0,0,0,0
11039,3626.69,0,0,0,0
11089,3656.75,0,-1,0,0
11139,3617.07,0,0,0,0
11189,3652.30,0,-1,0,0
11239,3617.94,0,0,0,0
11289,3626.69,0,0,0,0
11339,3578.24,0,0,0,0
11389,3610.98,0,0,0,0
11439,3597.12,0,0,0,0
11489,3646.09,0,0,0,0
11539,3608.37,0,0,0,0
11589,3631.96,0,0,0,0
11639,3607.50,0,0,0,0
11689,3636.36,0,0,0,0
11739,3617.94,0,0,0,0
11789,3625.82,0,0,0,0
11839,3617.94,0,0,0,0
11889,3636.36,0,0,0,0
11939,3617.94,0,0,0,0
11990,3598.85,0,0,0,0
12040,3565.49,0,0,0,0
12090,3612.72,0,0,0,0
12140,3598.85,0,0,0,0
12190,3644.31,0,0,0,0
12240,3598.85,0,0,0,0
12290,3612.72,0,0,0,0
12340,3589.38,0,0,0,0
12390,3568.03,0,0,0,0
12440,3556.19,0,0,0,0
12490,3575.69,0,0,0,0
12540,3563.79,0,0,0,0
12590,3568.88,0,0,0,0
12640,3556.19,0,0,0,0
12690,3585.09,0,0,0,0
12740,3604.04,0,0,0,0
12790,3362.47,0,4,0,0
12840,3602.31,0,0,0,0
12890,3598.85,0,-2,0,0
12940,3622.31,0,0,0,0
12990,3607.50,0,0,0,0
13040,3615.33,0,0,0,0
13090,3608.37,0,0,0,0
13140,3646.09,0,0,0,0
13190,3625.82,0,0,0,0
13240,3675.57,0,-1,0,0
13290,3781.19,-2,-3,0,0
13340,3631.96,0,0,0,0
13390,3687.32,0,-1,0,0
13440,3654.08,0,-1,0,0
13490,3680.08,0,-1,0,0
13540,3640.78,0,0,0,0
13590,3680.08,0,-1,0,0
13640,3641.66,0,0,0,0
13690,3646.97,0,0,0,0
13740,3582.52,0,0,0,0
13790,3538.57,0,1,0,0
13840,3532.74,0,1,0,0
13890,3577.39,0,0,0,0
13940,3556.19,0,0,0,0
13990,3594.54,0,0,0,0
14040,3529.41,0,1,0,0
14090,3530.24,0,1,0,0
14140,3565.49,0,0,0,0
14190,3546.10,0,1,0,0
14240,3549.46,0,1,0,0
14290,3460.21,0,2,0,0
14340,3340.01,0,5,0,1
14390,3166.56,5,8,0,0
14440,3024.80,145,11,0,149
14490,3165.22,8,8,0,9
14540,3165.22,14,8,0,9
14590,3028.47,81,11,0,85
14640,3341.50,-61,5,0,-73
14690,3363.23,-2,4,0,-10
14740,3287.31,17,6,0,29
14790,3392.13,0,4,0,0
14840,3436.43,-5,3,0,-18
14891,3477.86,0,2,0,-1
14941,3477.86,0,2,0,0
14991,3578.24,0,0,0,0
15041,3568.88,0,0,0,0
15091,3650.52,0,-1,0,0
15141,3631.96,0,0,0,0
15191,3690.04,0,-1,0,0
15241,3694.58,0,-1,0,0
15291,3766.01,0,-3,0,0
15341,3739.72,0,-2,0,0
15391,4003.20,-231,-8,0,-237
15441,3559.56,0,0,0,0
15491,3922.59,-73,-6,0,-84
15541,3900.16,-58,-6,0,-56
15591,3778.34,0,-3,0,0
15641,3846.15,-30,-4,0,-35
15691,3778.34,0,-3,0,0
15741,3811.94,-5,-4,0,-16
15791,3558.72,0,0,0,0
15841,3558.72,0,0,0,0
15891,3876.97,-168,-5,0,-166
15941,3675.57,0,-1,0,0
15991,3650.52,0,-1,0,0
16041,3589.38,0,0,0,0
16091,3549.46,0,1,0,0
16141,3518.65,0,1,0,0
16191,3512.88,0,1,0,0
16242,3478.66,1,2,0,0
16292,3460.21,0,2,0,0
16342,3510.41,0,1,0,0
16392,3486.75,0,2,0,0
16442,3521.13,0,1,0,0
16492,3512.88,0,1,0,0
16542,3587.66,0,0,0,0
16592,3608.37,0,0,0,0
16642,3675.57,0,-1,0,0
16692,3663.00,0,-1,0,0
16742,3729.49,0,-2,0,0
16792,3716.55,0,-2,0,0
16842,3777.39,0,-3,0,0
16892,4025.76,-254,-8,0,-248
16942,3779.29,0,-3,0,0
16992,3750.94,0,-3,0,0
17042,3716.55,0,-2,0,0
17092,3679.18,0,-1,0,0
17142,3617.94,0,0,0,0
17192,3608.37,0,0,0,0
17242,3589.38,0,0,0,0
17292,3557.03,0,0,0,0
17342,3546.10,0,1,0,0
17392,3568.88,0,0,0,0
17442,3485.94,0,2,0,0
17492,3499.77,0,2,0,0
17542,3477.05,0,2,0,0
17592,3529.41,0,1,0,0
17642,3531.07,0,1,0,0
17692,3542.75,0,1,0,0
17742,3568.88,0,0,0,0
17792,3565.49,0,0,0,0
17842,3587.66,0,0,0,0
17892,3562.95,0,0,0,0
17942,3631.96,0,0,0,0
17992,3591.95,0,0,0,0
18042,3603.17,0,0,0,0
18092,3598.85,0,0,0,0
18142,3646.97,0,0,0,0
18192,3626.69,0,0,0,0
18242,3665.69,0,-1,0,0
18292,3650.52,0,-1,0,0
18342,3655.86,0,-1,0,0
18392,3637.25,0,0,0,0
18442,3655.86,0,-1,0,0
18492,3627.57,0,0,0,0
18542,3644.31,0,0,0,0
18592,3761.28,-2,-3,0,0
18642,3631.96,0,0,0,0
18692,3648.75,0,0,0,0
18742,3621.44,0,0,0,0
18792,3603.17,0,0,0,0
18842,3589.38,0,0,0,0
18892,3636.36,0,0,0,0
18942,3608.37,0,0,0,0
18992,3655.86,0,-1,0,0
19042,3617.94,0,0,0,0
19092,3547.78,0,1,0,0
19142,3546.94,0,1,0,0
19192,3601.44,0,0,0,0
19243,3589.38,0,0,0,0
19293,3643.43,0,0,0,0
19343,3598.85,0,0,0,0
19393,3627.57,0,0,0,0
19443,3617.07,0,0,0,0
19493,3646.97,0,0,0,0
19543,3640.78,0,0,0,0
19593,3617.94,0,0,0,0
19643,3589.38,0,0,0,0
19693,3612.72,0,0,0,0
19743,3598.85,0,0,0,0
19793,3612.72,0,0,0,0
19843,3556.19,0,0,0,0
19893,3592.81,0,0,0,0
19943,3579.95,0,0,0,0
19993,3584.23,0,0,0,0
20043,3579.95,0,0,0,0
20093,3614.46,0,0,0,0
20143,3612.72,0,0,0,0
20193,3606.64,0,0,0,0
20243,3622.31,0,0,0,0
20293,3720.24,-1,-2,0,0
20343,3631.08,0,0,0,0
20393,3620.56,0,0,0,0
20443,3617.94,0,0,0,0
20493,3612.72,0,0,0,0
20543,3589.38,0,0,0,0
20593,3612.72,0,0,0,0
20643,3570.58,0,0,0,0
20694,3636.36,0,0,0,0
20744,3608.37,0,0,0,0
20794,3621.44,0,0,0,0
20844,3584.23,0,0,0,0
20894,3612.72,0,0,0,0
20944,3575.69,0,0,0,0
20994,3646.09,0,0,0,0
21044,3621.44,0,0,0,0
21094,3588.52,0,0,0,0
21144,3637.25,0,0,0,0
21194,3570.58,0,0,0,0
21244,3603.17,0,0,0,0
21294,3608.37,0,0,0,0
21344,3627.57,0,0,0,0
21394,3640.78,0,0,0,0
21444,3680.08,0,-1,0,0
21494,3825.55,-136,-4,0,-133
21544,3558.72,0,0,0,0
21594,3665.69,0,-1,0,0
21644,3631.08,0,0,0,0
21694,3598.85,0,0,0,0
21744,3557.03,0,0,0,0
21794,3573.98,0,0,0,0
21844,3566.33,0,0,0,0
21894,3562.95,0,0,0,0
21944,3542.75,0,1,0,0
21994,3512.88,0,1,0,0
22044,3558.72,0,0,0,0
22094,3556.19,0,0,0,0
22144,3583.37,0,0,0,0
22194,3574.83,0,0,0,0
22244,3575.69,0,0,0,0
22294,3584.23,0,0,0,0
22344,3615.33,0,0,0,0
22394,3608.37,0,0,0,0
22444,3622.31,0,0,0,0
22494,3606.64,0,0,0,0
22544,3627.57,0,0,0,0
22594,3617.94,0,0,0,0
22644,3608.37,0,0,0,0
22694,3608.37,0,0,0,0
22744,3639.89,0,0,0,0
22794,3617.94,0,0,0,0
22844,3631.96,0,0,0,0
22894,3606.64,0,0,0,0
22944,3637.25,0,0,0,0
22994,3617.94,0,0,0,0
23044,3626.69,0,0,0,0
23094,3608.37,0,0,0,0
23144,3605.77,0,0,0,0
23194,3598.85,0,0,0,0
23244,3626.69,0,0,0,0
23294,3625.82,0,0,0,0
23344,3608.37,0,0,0,0
23394,3598.85,0,0,0,0
23444,3603.17,0,0,0,0
23494,3579.95,0,0,0,0
23544,3635.48,0,0,0,0
23595,3617.07,0,0,0,0
23645,3629.32,0,0,0,0
23695,3608.37,0,0,0,0
23745,3645.20,0,0,0,0
23795,3640.78,0,0,0,0
23845,3665.69,0,-1,0,0
23895,3612.72,0,0,0,0
23945,3655.86,0,-1,0,0
23995,3625.82,0,0,0,0
24045,3631.96,0,0,0,0
24095,3573.98,0,0,0,0
24145,3620.56,0,0,0,0
24195,3573.98,0,0,0,0
24245,3574.83,0,0,0,0
24295,3537.74,0,1,0,0
24345,3594.54,0,0,0,0
24395,3536.90,0,1,0,0
24445,3593.67,0,0,0,0
24495,3536.90,0,1,0,0
24545,3559.56,0,0,0,0
24595,3564.64,0,0,0,0
24645,3601.44,0,0,0,0
24695,3547.78,0,1,0,0
24745,3573.98,0,0,0,0
24795,3564.64,0,0,0,0
24845,3584.23,0,0,0,0
24895,3532.74,0,1,0,0
24945,3585.94,0,0,0,0
24995,3574.83,0,0,0,0
25046,3593.67,0,0,0,0
25096,3536.90,0,1,0,0
25146,3575.69,0,0,0,0
25196,3579.95,0,0,0,0
25246,3568.03,0,0,0,0
25296,3565.49,0,0,0,0
25346,3558.72,0,0,0,0
25396,3555.34,0,0,0,0
25446,3603.17,0,0,0,0
25496,3538.57,0,1,0,0
25546,3556.19,0,0,0,0
25596,3558.72,0,0,0,0
25646,3546.94,0,1,0,0
25696,3585.09,0,0,0,0
25746,3569.73,0,0,0,0
25796,3583.37,0,0,0,0
25846,3547.78,0,1,0,0
25896,3514.53,0,1,0,0
25946,3513.70,0,1,0,0
25996,3550.30,0,0,0,0
26046,3546.94,0,1,0,0
26096,3603.17,0,0,0,0
26146,3589.38,0,0,0,0
26196,3621.44,0,0,0,0
26246,3608.37,0,0,0,0
26296,3665.69,0,-1,0,0
26346,3599.71,0,0,0,0
26396,3631.96,0,0,0,0
26446,3616.20,0,0,0,0
26496,3636.36,0,0,0,0
26546,3592.81,0,0,0,0
26596,3598.85,0,0,0,0
26646,3589.38,0,0,0,0
26696,3612.72,0,0,0,0
26746,3564.64,0,0,0,0
26796,3617.07,0,0,0,0
26846,3565.49,0,0,0,0
26896,3622.31,0,0,0,0
26946,3574.83,0,0,0,0
26996,3631.96,0,0,0,0
27046,3617.07,0,0,0,0
27096,3665.69,0,-1,0,0
27146,3597.98,0,0,0,0
27196,3646.09,0,0,0,0
27246,3617.94,0,0,0,0
27296,3656.75,0,-1,0,0
27346,3641.66,0,0,0,0
27396,3637.25,0,0,0,0
27446,3566.33,0,0,0,0
27496,3631.96,0,0,0,0
27546,3608.37,0,0,0,0
27596,3666.59,0,-1,0,0
27646,3640.78,0,0,0,0
27696,3630.20,0,0,0,0
27746,3617.94,0,0,0,0
27796,3621.44,0,0,0,0
27846,3608.37,0,0,0,0
27896,3538.57,0,1,0,0
27947,3538.57,0,1,0,0
27997,3592.81,0,0,0,0
28047,3578.24,0,0,0,0
28097,3594.54,0,0,0,0
28147,3589.38,0,0,0,0
28197,3584.23,0,0,0,0
28247,3582.52,0,0,0,0
28297,3611.85,0,0,0,0
28347,3579.95,0,0,0,0
28397,3631.96,0,0,0,0
28447,3608.37,0,0,0,0
28497,3589.38,0,0,0,0
28547,3589.38,0,0,0,0
28597,3565.49,0,0,0,0
28647,3494.87,0,2,0,0
28697,3551.14,0,0,0,0
28747,3538.57,0,1,0,0
28797,3415.30,2,3,0,0
28847,3166.56,73,8,0,78
28897,3186.07,74,8,0,74
28947,3165.89,14,8,0,8
28997,3167.90,0,8,0,-7
29047,3125.65,20,9,0,18
29097,3212.68,-16,7,0,-42
29147,3186.74,55,8,0,58
29197,3349.71,-61,5,0,-72
29247,3340.01,-75,5,0,-81
29297,3340.76,0,5,0,-17
29347,3340.01,0,5,0,2
29398,3478.66,0,2,0,-1
29448,3477.05,0,2,0,0
29498,3585.94,0,0,0,0
29548,3579.95,0,0,0,0
29598,3678.27,0,-1,0,0
29648,3675.57,0,-1,0,0
29698,3760.34,0,-3,0,0
29748,3750.94,0,-3,0,0
29798,3824.58,-16,-4,0,-26
29848,3857.03,-45,-5,0,-41
29898,3780.24,0,-3,0,0
29948,3900.16,-63,-6,0,-64
29998,3575.69,0,0,0,0
30048,3878.98,-47,-5,0,-54
30098,3780.24,0,-3,0,0
30148,3778.34,-1,-3,0,0
30198,3865.98,-41,-5,0,-42
30248,3779.29,0,-3,0,0
30298,3782.15,0,-3,0,0
30348,3704.62,0,-2,0,0
30398,3720.24,0,-2,0,0
30448,3650.52,0,-1,0,0
30498,3621.44,0,0,0,0
30548,3562.95,0,0,0,0
30598,3577.39,0,0,0,0
30648,3538.57,0,1,0,0
30698,3559.56,0,0,0,0
30748,3519.47,0,1,0,0
30798,3504.67,0,1,0,0
30848,3485.94,0,2,0,0
30898,3465.80,0,2,0,0
30948,3448.28,0,3,0,0
30998,3494.87,1,2,0,0
31048,3509.59,0,1,0,0
31098,3485.94,0,2,0,0
31148,3541.08,0,1,0,0
31198,3523.61,0,1,0,0
31248,3595.40,0,0,0,0
31298,3568.88,0,0,0,0
31348,3631.96,0,0,0,0
31398,3597.98,0,0,0,0
31448,3652.30,0,-1,0,0
31498,3589.38,0,0,0,0
31548,3636.36,0,0,0,0
31598,3617.94,0,0,0,0
31648,3655.86,0,-1,0,0
31698,3612.72,0,0,0,0
31748,3655.86,0,-1,0,0
31798,3640.78,0,0,0,0
31848,3660.32,0,-1,0,0
31898,3640.78,0,0,0,0
31948,3685.50,0,-1,0,0
31998,3650.52,0,-1,0,0
32048,3559.56,0,0,0,0
32098,3770.74,-2,-3,0,0
32148,3597.98,0,0,0,0
32198,3610.98,0,0,0,0
32248,3563.79,0,0,0,0
32299,3603.17,0,0,0,0
32349,3557.03,0,0,0,0
32399,3557.03,0,0,0,0
32449,3568.88,0,0,0,0
32499,3543.59,0,1,0,0
32549,3559.56,0,0,0,0
32599,3512.88,0,1,0,0
32649,3557.87,0,0,0,0
32699,3565.49,0,0,0,0
32749,3631.96,0,0,0,0
32799,3608.37,0,0,0,0
32849,3646.09,0,0,0,0
32899,3640.78,0,0,0,0
32949,3700.05,0,-2,0,0
32999,3704.62,0,-2,0,0
33049,3724.86,0,-2,0,0
33099,3933.91,-204,-6,0,-200
33149,3555.34,0,0,0,0
33199,3911.34,-178,-6,0,-176
33249,3665.69,0,-1,0,0
33299,3670.17,0,-1,0,0
33349,3608.37,0,0,0,0
33399,3637.25,0,0,0,0
33449,3556.19,0,0,0,0
33499,3513.70,0,1,0,0
33549,3485.94,0,2,0,0
33599,3492.43,0,2,0,0
33649,3504.67,0,1,0,0
33699,3634.60,0,0,0,0
33750,3550.30,0,0,0,0
33800,3547.78,0,1,0,0
33850,3566.33,0,0,0,0
33900,3556.19,0,0,0,0
33950,3584.23,0,0,0,0
34000,3579.95,0,0,0,0
34050,3634.60,0,0,0,0
34100,3608.37,0,0,0,0
34150,3629.32,0,0,0,0
34200,3637.25,0,0,0,0
34250,3685.50,0,-1,0,0
34300,3650.52,0,-1,0,0
34350,3627.57,0,0,0,0
34400,3617.94,0,0,0,0
34450,3680.08,0,-1,0,0
34500,3650.52,0,-1,0,0
34550,3655.86,0,-1,0,0
34600,3690.04,0,-1,0,0
34650,3637.25,0,0,0,0
34700,3612.72,0,0,0,0
34750,3691.85,0,-1,0,0
34800,3613.59,0,0,0,0
34850,3608.37,0,0,0,0
34900,3622.31,0,0,0,0
34950,3622.31,0,0,0,0
35000,3612.72,0,0,0,0
35050,3582.52,0,0,0,0
35100,3537.74,0,1,0,0
35150,3592.81,0,0,0,0
35200,3566.33,0,0,0,0
35250,3597.98,0,0,0,0
35300,3564.64,0,0,0,0
35350,3612.72,0,0,0,0
35400,3597.98,0,0,0,0
35450,3626.69,0,0,0,0
35500,3608.37,0,0,0,0
35550,3636.36,0,0,0,0
35600,3616.20,0,0,0,0
35650,3640.78,0,0,0,0
35700,3608.37,0,0,0,0
35750,3665.69,0,-1,0,0
35800,3608.37,0,0,0,0
35850,3574.83,0,0,0,0
35900,3574.83,0,0,0,0
35950,3603.17,0,0,0,0
36000,3598.85,0,0,0,0
36050,3611.85,0,0,0,0
36100,3616.20,0,0,0,0
36150,3611.85,0,0,0,0
36200,3597.12,0,0,0,0
36250,3646.09,0,0,0,0
36300,3608.37,0,0,0,0
36350,3589.38,0,0,0,0
36400,3579.10,0,0,0,0
36450,3602.31,0,0,0,0
36500,3579.10,0,0,0,0
36550,3622.31,0,0,0,0
36600,3547.78,0,1,0,0
36651,3585.94,0,0,0,0
36701,3574.83,0,0,0,0
36751,3557.03,0,0,0,0
36801,3564.64,0,0,0,0
36851,3601.44,0,0,0,0
36901,3532.74,0,1,0,0
36951,3592.81,0,0,0,0
37001,3532.74,0,1,0,0
37051,3597.12,0,0,0,0
37101,3574.83,0,0,0,0
37151,3555.34,0,0,0,0
37201,3538.57,0,1,0,0
37251,3534.40,0,1,0,0
37301,3587.66,0,0,0,0
37351,3621.44,0,0,0,0
37401,3598.85,0,0,0,0
37451,3612.72,0,0,0,0
37501,3608.37,0,0,0,0
37551,3636.36,0,0,0,0
37601,3631.08,0,0,0,0
37651,3629.32,0,0,0,0
37701,3617.94,0,0,0,0
37751,3626.69,0,0,0,0
37801,3589.38,0,0,0,0
37851,3593.67,0,0,0,0
37901,3589.38,0,0,0,0
37951,3603.17,0,0,0,0
38001,3598.85,0,0,0,0
38051,3574.83,0,0,0,0
38102,3573.13,0,0,0,0
38152,3582.52,0,0,0,0
38202,3579.95,0,0,0,0
38252,3566.33,0,0,0,0
38302,3566.33,0,0,0,0
38352,3612.72,0,0,0,0
38402,3589.38,0,0,0,0
38452,3584.23,0,0,0,0
38502,3582.52,0,0,0,0
38552,3612.72,0,0,0,0
38602,3608.37,0,0,0,0
38652,3655.86,0,-1,0,0
38702,3641.66,0,0,0,0
38752,3655.86,0,-1,0,0
38802,3631.08,0,0,0,0
38852,3666.59,0,-1,0,0
38902,3650.52,0,-1,0,0
38952,3666.59,0,-1,0,0
39002,3627.57,0,0,0,0
39052,3635.48,0,0,0,0
39102,3608.37,0,0,0,0
39152,3655.86,0,-1,0,0
39202,3574.83,0,0,0,0
39252,3612.72,0,0,0,0
39302,3579.95,0,0,0,0
39352,3593.67,0,0,0,0
39402,3579.10,0,0,0,0
39452,3591.95,0,0,0,0
39502,3556.19,0,0,0,0
39552,3585.09,0,0,0,0
39602,3522.78,0,1,0,0
39652,3549.46,0,1,0,0
39702,3536.90,0,1,0,0
39752,3603.17,0,0,0,0
39802,3565.49,0,0,0,0
39852,3622.31,0,0,0,0
39902,3566.33,0,0,0,0
39952,3635.48,0,0,0,0
40002,3624.94,0,0,0,0
40052,3603.17,0,0,0,0
40102,3636.36,0,0,0,0
40152,3670.17,0,-1,0,0
40202,3660.32,0,-1,0,0
40252,3689.13,0,-1,0,0
40302,3660.32,0,-1,0,0
40352,3699.14,0,-1,0,0
40402,3670.17,0,-1,0,0
40452,3680.08,0,-1,0,0
40502,3630.20,0,0,0,0
40552,3646.09,0,0,0,0
40602,3606.64,0,0,0,0
40652,3629.32,0,0,0,0
40702,3598.85,0,0,0,0
40752,3613.59,0,0,0,0
40802,3598.85,0,0,0,0
40852,3585.09,0,0,0,0
40902,3568.03,0,0,0,0
40952,3564.64,0,0,0,0
41003,3537.74,0,1,0,0
41053,3578.24,0,0,0,0
41103,3527.75,0,1,0,0
41153,3518.65,0,1,0,0
41203,3514.53,0,1,0,0
41253,3551.14,0,0,0,0
41303,3563.79,0,0,0,0
41353,3527.75,0,1,0,0
41403,3594.54,0,0,0,0
41453,3589.38,0,0,0,0
41503,3637.25,0,0,0,0
41553,3621.44,0,0,0,0
41603,3627.57,0,0,0,0
41653,3608.37,0,0,0,0
41703,3611.85,0,0,0,0
41753,3607.50,0,0,0,0
41803,3631.08,0,0,0,0
41853,3621.44,0,0,0,0
41903,3664.79,0,-1,0,0
41953,3631.08,0,0,0,0
42003,3763.17,-2,-3,0,0
42053,3655.86,0,-1,0,0
42103,3591.95,0,0,0,0
42153,3637.25,0,0,0,0
42203,3617.07,0,0,0,0
42253,3636.36,0,0,0,0
42303,3599.71,0,0,0,0
42353,3594.54,0,0,0,0
42403,3564.64,0,0,0,0
42454,3620.56,0,0,0,0
42504,3582.52,0,0,0,0
42554,3630.20,0,0,0,0
42604,3598.85,0,0,0,0
42654,3573.98,0,0,0,0
42704,3574.83,0,0,0,0
42754,3585.09,0,0,0,0
42804,3593.67,0,0,0,0
42854,3570.58,0,0,0,0
42904,3564.64,0,0,0,0
42954,3557.03,0,0,0,0
43004,3575.69,0,0,0,0
43054,3579.10,0,0,0,0
43104,3630.20,0,0,0,0
43154,3573.13,0,0,0,0
43204,3622.31,0,0,0,0
43254,3588.52,0,0,0,0
43304,3593.67,0,0,0,0
43354,3598.85,0,0,0,0
43404,3646.09,0,0,0,0
43454,3622.31,0,0,0,0
43504,3655.86,0,-1,0,0
43554,3608.37,0,0,0,0
43604,3646.09,0,0,0,0
43654,3579.10,0,0,0,0
43704,3620.56,0,0,0,0
43754,3608.37,0,0,0,0
43804,3621.44,0,0,0,0
43854,3599.71,0,0,0,0
43904,3586.80,0,0,0,0
43954,3570.58,0,0,0,0
44004,3612.72,0,0,0,0
44054,3598.85,0,0,0,0
44104,3588.52,0,0,0,0
44154,3523.61,0,1,0,0
44204,3579.10,0,0,0,0
44254,3565.49,0,0,0,0
44304,3602.31,0,0,0,0
44354,3579.10,0,0,0,0
44404,3604.04,0,0,0,0
44454,3579.95,0,0,0,0
44504,3612.72,0,0,0,0
44554,3584.23,0,0,0,0
44604,3622.31,0,0,0,0
44654,3608.37,0,0,0,0
44704,3622.31,0,0,0,0
44754,3597.12,0,0,0,0
44804,3636.36,0,0,0,0
44854,3608.37,0,0,0,0
44904,3622.31,0,0,0,0
44954,3598.85,0,0,0,0
45004,3628.45,0,0,0,0
45054,3607.50,0,0,0,0
45104,3613.59,0,0,0,0
45154,3588.52,0,0,0,0
45204,3621.44,0,0,0,0
45254,3617.07,0,0,0,0
45304,3637.25,0,0,0,0
45355,3611.85,0,0,0,0
45405,3636.36,0,0,0,0
45455,3606.64,0,0,0,0
45505,3636.36,0,0,0,0
45555,3627.57,0,0,0,0
45605,3621.44,0,0,0,0
45655,3617.94,0,0,0,0
45705,3665.69,0,-1,0,0
45755,3640.78,0,0,0,0
45805,3656.75,0,-1,0,0
45855,3589.38,0,0,0,0
45905,3636.36,0,0,0,0
45955,3608.37,0,0,0,0
46005,3646.09,0,0,0,0
46055,3573.13,0,0,0,0
46105,3593.67,0,0,0,0
46155,3580.81,0,0,0,0
46205,3603.17,0,0,0,0
