------ Microcontroller Engine Governor - Ver
-------------------------------------------------------------

Time,RPM,Steps Remaining, PID p, PID i, PID d, RPM Change
 50
-------------------------------------------------------------

Time,RPM,Steps Remaining, PID p, PID i, PID d, RPM Change
------ Microcontroller Engine Governor - Version: 1.13 ------
-------------------------------------------------------------
PID Gains:        Kp: 0.040000   Ki: 0.000000   Kd: 16.000000
-------------------------------------------------------------
Set RPM:             3600    |  Min RPM:                300
                             |
RPM Precision        2       |  PID I Precision:         202
                             |
Start Steps:         850     |  Max Steps:               1200
                             |
RPM Calc Interval:   1       |  Num Magnets:             1
                             |
LCD Update Interval: 400     |  Serial Update Interval:  50
-------------------------------------------------------------

Time,RPM,Steps Remaining, PID p, PID i, PID d, RPM Change
1643,0.00,0,0,0,0,0.00
1693,0.00,0,0,0,0,0.00
1743,0.00,0,0,0,0,0.00
1793,0.00,0,0,0,0,0.00
1843,0.00,0,0,0,0,0.00
1893,0.00,0,0,0,0,0.00
1943,0.00,0,0,0,0,0.00
1993,0.00,0,0,0,0,0.00
2043,0.00,0,0,0,0,0.00
2093,0.00,0,0,0,0,0.00
2143,0.00,0,0,0,0,0.00
2193,0.00,0,0,0,0,0.00
2243,0.00,0,0,0,0,0.00
2293,0.00,0,0,0,0,0.00
2343,0.00,0,0,0,0,0.00
2393,0.00,0,0,0,0,0.00
2443,0.00,0,0,0,0,0.00
2493,0.00,0,0,0,0,0.00
2543,0.00,0,0,0,0,0.00
2593,0.00,0,0,0,0,0.00
2643,0.00,0,0,0,0,0.00
2693,0.00,0,0,0,0,0.00
2743,0.00,0,0,0,0,0.00
2793,0.00,0,0,0,0,0.00
2843,0.00,0,0,0,0,0.00
2893,0.00,0,0,0,0,0.00
2944,0.00,0,0,0,0,0.00
2994,0.00,0,0,0,0,0.00
3044,0.00,0,0,0,0,0.00
3094,0.00,0,0,0,0,0.00
3144,0.00,0,0,0,0,0.00
3194,0.00,0,0,0,0,0.00
3244,0.00,0,0,0,0,0.00
3294,0.00,0,0,0,0,0.00
3344,0.00,0,0,0,0,0.00
3394,0.00,0,0,0,0,0.00
3444,0.00,0,0,0,0,0.00
3494,0.00,0,0,0,0,0.00
3544,0.00,0,0,0,0,0.00
3594,0.00,0,0,0,0,0.00
3644,0.00,0,0,0,0,0.00
3694,0.00,0,0,0,0,0.00
3744,0.00,0,0,0,0,0.00
3794,inf,0,0,0,0,inf
3844,inf,0,0,0,0,inf
3894,inf,0,0,0,0,inf
3944,390.83,94,128,0,0,inf
3994,954.93,-17,105,0,-143,-564.10
4044,954.87,97,105,0,0,0.06
4094,1324.39,-24,91,0,-128,-369.52
4144,1352.94,62,89,0,-10,-28.55
4194,1556.50,0,81,0,-83,-203.56
4244,1774.73,-8,73,0,-88,-188.27
4294,1822.82,23,71,0,-23,-48.09
4344,2025.66,13,62,0,-35,-65.90
4395,2226.51,-17,54,0,-80,-131.25
4445,2318.03,10,51,0,-35,-60.70
4495,2428.76,95,46,0,57,90.56
4545,2634.81,-15,38,0,-65,-98.46
4595,2785.52,-43,32,0,-93,-128.30
4645,2866.97,-71,29,0,-103,-129.25
4695,3009.63,-162,23,0,-196,-245.16
4745,3010.23,-54,23,0,-97,-121.73
4795,3159.89,302,17,0,297,352.99
4845,3185.39,74,16,0,64,76.19
4895,3339.27,198,10,0,191,203.48
4945,3462.60,-7,5,0,-30,-106.15
4995,3558.72,0,1,0,0,412.69
5045,3580.81,0,0,0,0,9.43
5095,3690.04,0,-3,0,-2,-58.08
5145,3700.05,0,-4,0,0,22.96
5195,3916.45,-393,-12,0,-383,-359.42
5245,3558.72,0,1,0,0,312.25
5295,3908.29,-358,-12,0,-350,-350.41
5345,3780.24,0,-7,0,0,-45.18
5395,3689.13,0,-3,0,0,39.43
5445,3671.07,0,-2,0,0,-34.71
5495,3590.23,0,0,0,0,30.33
5545,3551.14,0,1,0,0,19.44
5595,3484.32,0,4,0,0,11.37
5645,3537.74,0,2,0,0,-43.68
5695,3488.37,1,4,0,0,28.63
5745,3570.58,0,1,0,-1,-53.58
5795,3557.03,0,1,0,0,21.21
5846,3558.72,0,1,0,0,4.23
5896,3536.07,1,2,0,0,22.65
5946,3602.31,0,0,0,0,-43.59
5996,3609.24,0,0,0,0,13.95
6046,3607.50,0,0,0,0,-4.33
6096,3622.31,0,0,0,0,22.00
6146,3681.88,-2,-3,0,0,-35.80
6196,3626.69,0,-1,0,0,24.72
6246,3690.04,0,-3,0,0,-48.38
6296,3694.58,0,-3,0,0,10.95
6346,3734.13,0,-5,0,0,-17.58
6396,3694.58,0,-3,0,0,19.21
6446,3700.96,0,-4,0,0,-14.55
6496,3636.36,0,-1,0,0,14.16
6546,3606.64,0,0,0,0,47.44
6596,3557.03,0,1,0,0,28.05
6646,3536.07,0,2,0,0,20.12
6696,3521.95,0,3,0,0,20.80
6746,3534.40,0,2,0,0,-30.55
6796,3518.65,0,3,0,0,34.17
6846,3532.74,0,2,0,0,-0.83
6896,3528.58,0,2,0,0,23.40
6946,3592.81,0,0,0,0,-13.72
6996,3573.98,0,1,0,0,20.55
7046,3646.97,0,-1,0,0,-43.80
7096,3636.36,0,-1,0,0,20.39
7146,3690.04,-1,-3,0,0,-43.95
7196,3655.86,0,-2,0,0,14.31
7246,3665.69,0,-2,0,0,-15.17
7296,3636.36,0,-1,0,0,23.96
7346,3641.66,0,-1,0,0,-3.53
7396,3576.54,0,0,0,0,11.98
7446,3573.13,0,1,0,0,-21.15
7496,3566.33,0,1,0,0,17.90
7546,3556.19,0,1,0,0,0.00
7596,3551.14,0,1,0,0,17.74
7646,3594.54,0,0,0,0,-18.85
7696,3599.71,0,0,0,0,-43.24
7746,3585.09,0,0,0,0,9.45
7796,3564.64,0,1,0,0,-5.92
7846,3550.30,0,1,0,0,182.90
7896,3553.66,0,1,0,0,275.80
7946,3580.81,0,0,0,0,31.04
7996,3632.84,0,-1,0,0,-49.47
8046,3612.72,0,0,0,0,34.26
8096,3639.89,0,-1,0,0,96.10
8146,3557.03,0,1,0,0,236.60
8196,3550.30,0,1,0,0,251.02
8246,3572.28,0,1,0,0,17.96
8296,3545.26,0,2,0,0,14.30
8346,3512.88,0,3,0,0,20.69
8396,3543.59,0,2,0,0,-30.71
8446,3494.87,0,4,0,0,30.39
8496,3511.24,0,3,0,-2,-35.80
8546,3506.31,0,3,0,0,22.27
8596,3553.66,0,1,0,0,-40.78
8646,3560.41,0,1,0,0,7.62
8696,3597.98,0,0,0,0,-24.00
8747,3594.54,0,0,0,0,37.42
8797,3613.59,0,0,0,0,-37.05
8847,3622.31,0,0,0,0,14.93
8897,3660.32,0,-2,0,0,-28.36
8947,3652.30,0,-2,0,0,29.58
8997,3685.50,0,-3,0,0,-15.33
9047,3685.50,0,-3,0,0,20.03
9097,3699.14,0,-3,0,0,-4.56
9147,3621.44,0,0,0,0,24.65
9197,3640.78,0,-1,0,0,-13.21
9247,3611.85,0,0,0,0,16.60
9297,3593.67,0,0,0,0,-3.44
9347,3568.03,0,1,0,0,17.06
9397,3532.74,0,2,0,0,27.67
9447,3498.95,0,4,0,0,18.05
9497,3562.95,0,1,0,0,-40.99
9547,3488.37,0,4,0,0,15.48
9597,3528.58,0,2,0,-1,-43.45
9647,3521.95,0,3,0,0,23.31
9697,3551.14,0,1,0,0,-7.55
9747,3550.30,0,1,0,0,27.09
9797,3632.84,0,-1,0,-1,-52.89
9847,3621.44,0,0,0,0,25.53
9897,3666.59,0,-2,0,0,-44.27
9947,3650.52,0,-2,0,0,29.56
9997,3621.44,0,0,0,0,14.04
10047,3608.37,0,0,0,0,43.93
10097,3636.36,0,-1,0,0,-32.33
10147,3614.46,0,0,0,0,12.23
10198,3627.57,0,-1,0,0,-9.62
10248,3622.31,0,0,0,0,6.13
10298,3628.45,0,-1,0,0,-6.13
10348,3612.72,0,0,0,0,19.24
10398,3637.25,0,-1,0,0,-14.93
10448,3603.17,0,0,0,0,24.40
10498,3646.97,0,-1,0,0,-43.80
10548,3621.44,0,0,0,0,25.53
10598,3636.36,0,-1,0,0,-19.29
10648,3593.67,0,0,0,0,43.57
10698,3591.95,0,0,0,0,-34.92
10748,3585.09,0,0,0,0,11.17
10798,3604.04,0,0,0,0,-19.81
10848,3557.87,0,1,0,0,28.07
10898,3603.17,0,0,0,0,-27.49
10948,3556.19,0,1,0,0,28.90
10998,3559.56,0,1,0,0,-12.63
11048,3556.19,0,1,0,0,22.06
11098,3583.37,0,0,0,0,-27.19
11148,3573.98,0,1,0,0,18.83
11198,3597.98,0,0,0,0,-31.65
11248,3575.69,0,0,0,0,20.57
11298,3641.66,-1,-1,0,-1,-52.29
11348,3622.31,0,0,0,0,24.66
11398,3638.13,0,-1,0,0,-15.81
11448,3612.72,0,0,0,0,24.53
11498,3589.38,0,0,0,0,23.34
11548,3565.49,0,1,0,0,23.03
11598,3602.31,0,0,0,0,-46.12
11648,3616.20,0,0,0,0,-44.77
11698,3550.30,0,1,0,0,241.41
11748,3557.03,0,1,0,0,308.95
11798,3557.87,0,1,0,0,387.42
11848,3557.03,0,1,0,0,363.51
11898,3557.87,0,1,0,0,373.97
11948,3557.03,0,1,0,0,329.99
11998,3551.98,0,1,0,0,22.86
12048,3549.46,0,2,0,0,-0.84
12098,3526.92,0,2,0,0,25.06
12148,3560.41,0,1,0,0,-33.49
12198,3541.91,0,2,0,0,21.88
12248,3558.72,0,1,0,0,-26.81
12298,3521.95,0,3,0,0,18.29
12348,3578.24,0,0,0,0,-37.17
12398,3564.64,0,1,0,0,29.04
12448,3617.07,0,0,0,0,-50.74
12498,3585.09,0,0,0,0,8.59
12548,3632.84,0,-1,0,0,-43.47
12598,3612.72,0,0,0,0,27.18
12648,3666.59,0,-2,0,0,-44.27
12698,3650.52,0,-2,0,0,29.56
12748,3694.58,0,-3,0,0,-44.06
12798,3670.17,0,-2,0,0,24.41
12848,3588.52,0,0,0,0,32.92
12898,3571.43,0,1,0,0,34.34
12948,3623.19,0,0,0,0,-33.81
12998,3541.91,0,2,0,0,25.27
13048,3551.14,0,1,0,0,-13.40
13099,3540.24,0,2,0,0,28.64
13149,3571.43,0,1,0,0,-49.48
13199,3567.18,0,1,0,0,20.48
13249,3632.84,0,-1,0,-1,-53.74
13299,3557.87,0,1,0,0,26.35
13349,3631.96,0,-1,0,0,-40.87
13399,3603.17,0,0,0,0,27.03
13449,3631.96,0,-1,0,0,-42.59
13499,3622.31,0,0,0,0,15.81
13549,3612.72,0,0,0,0,14.85
13599,3591.09,0,0,0,0,30.34
13649,3613.59,0,0,0,0,-25.07
13699,3571.43,0,1,0,0,30.88
13749,3586.80,0,0,0,0,-44.89
13799,3575.69,0,0,0,0,24.89
13849,3623.19,0,0,0,0,-32.95
13899,3621.44,0,0,0,0,15.81
13949,3627.57,0,-1,0,0,-5.26
13999,3603.17,0,0,0,0,34.07
14049,3621.44,0,0,0,0,-27.76
14099,3612.72,0,0,0,0,14.85
14149,3637.25,0,-1,0,0,-24.53
14199,3655.86,0,-2,0,0,-44.88
14249,3617.94,0,0,0,0,-14.77
14299,3579.10,0,0,0,0,24.94
14349,3621.44,0,0,0,0,-40.63
14399,3599.71,0,0,0,0,-29.51
14449,3621.44,0,0,0,0,-21.73
14499,3590.23,0,0,0,0,13.80
14550,3585.94,0,0,0,0,-5.14
14600,3592.81,0,0,0,0,24.26
14650,3627.57,0,-1,0,0,-18.33
14700,3590.23,0,0,0,0,28.58
14750,3567.18,0,1,0,0,-24.43
14800,3548.62,0,2,0,0,38.18
14850,3613.59,0,0,0,0,-37.90
14900,3603.17,0,0,0,0,29.67
14950,3623.19,0,0,0,0,-33.81
15000,3614.46,0,0,0,0,12.23
15050,3591.09,0,0,0,0,9.48
15100,3591.09,0,0,0,0,25.98
15150,3575.69,0,0,0,0,5.12
15200,3557.03,0,1,0,0,21.21
15250,3596.26,0,0,0,0,-26.53
15300,3565.49,0,1,0,0,19.60
15350,3631.96,0,-1,0,-1,-52.86
15400,3624.06,0,0,0,0,22.91
15450,3604.90,0,0,0,0,-38.57
15500,3588.52,0,0,0,0,25.07
15550,3622.31,0,0,0,0,-41.51
15600,3579.10,0,0,0,0,34.49
15650,3621.44,0,0,0,0,-40.63
15700,3612.72,0,0,0,0,14.85
15750,3637.25,0,-1,0,0,-28.01
15800,3624.06,0,0,0,0,12.30
15850,3670.17,0,-2,0,0,-32.93
15900,3646.09,0,-1,0,0,14.24
15950,3660.32,0,-2,0,0,-24.84
16000,3579.10,0,0,0,0,24.94
16050,3573.98,0,1,0,0,-16.11
16100,3557.03,0,1,0,0,27.20
16151,3525.26,1,2,0,0,-11.56
16201,3534.40,0,2,0,0,-27.27
16251,3550.30,0,1,0,0,181.05
16301,3582.52,0,0,0,0,132.19
16351,3568.03,0,1,0,0,30.82
16401,3606.64,0,0,0,0,-41.15
16451,3585.94,0,0,0,0,39.00
16501,3613.59,0,0,0,0,-34.49
16551,3590.23,0,0,0,0,21.61
16601,3636.36,0,-1,0,0,-37.52
16651,3622.31,0,0,0,0,24.66
16701,3650.52,0,-2,0,0,-15.04
16751,3612.72,0,0,0,0,22.77
16801,3637.25,0,-1,0,0,-16.68
16851,3611.85,0,0,0,0,31.58
16901,3640.78,0,-1,0,0,42.01
16951,3622.31,0,0,0,0,17.58
17001,3641.66,0,-1,0,0,3.54
17051,3591.95,0,0,0,0,128.28
17101,3586.80,0,0,0,0,68.17
17152,3566.33,0,1,0,0,22.18
17202,3561.25,0,1,0,0,7.63
17252,3556.19,0,1,0,0,21.20
17302,3588.52,0,0,0,0,-23.03
17352,3565.49,0,1,0,0,23.03
17402,3615.33,0,0,0,0,-48.99
17452,3601.44,0,-1,0,0,-46.04
17502,3632.84,0,-1,0,-1,-52.03
17552,3612.72,0,0,0,0,32.48
17602,3585.09,0,0,0,0,-9.40
17652,3579.95,0,0,0,0,26.68
17702,3621.44,0,0,0,0,-21.73
17752,3599.71,0,0,0,0,-21.63
17802,3628.45,0,-1,0,0,-15.73
17852,3567.18,0,1,0,0,21.33
17902,3613.59,0,0,0,0,-37.90
17952,3575.69,0,0,0,0,18.85
18002,3623.19,0,0,0,0,-41.53
18052,3599.71,0,0,0,0,-31.23
18102,3637.25,0,-1,0,0,-26.27
18152,3601.44,0,-1,0,0,-25.26
18202,3627.57,0,-1,0,0,-25.26
18252,3612.72,0,0,0,0,55.66
18302,3628.45,0,-1,0,0,-16.60
18352,3576.54,0,0,0,0,22.31
18402,3613.59,0,0,0,0,-24.21
18452,3599.71,0,0,0,0,-29.51
18502,3541.91,0,2,0,0,7.54
18552,3532.74,0,2,0,0,28.52
18603,3573.98,0,1,0,0,-19.48
18653,3557.87,0,1,0,0,22.08
18703,3578.24,0,0,0,0,-7.67
18753,3574.83,0,1,0,0,22.29
18803,3612.72,0,0,0,0,-31.91
18853,3607.50,0,0,0,0,15.68
18903,3637.25,0,-1,0,0,-15.81
18953,3622.31,0,0,0,0,24.66
19003,3599.71,0,0,0,0,22.00
19053,3599.71,0,0,0,0,-39.00
19103,3627.57,0,-1,0,0,-24.40
19153,3612.72,0,0,0,0,22.77
19203,3656.75,0,-2,0,0,-44.04
19253,3612.72,0,0,0,0,28.94
19303,3645.20,0,-1,0,0,-42.03
19353,3622.31,0,0,0,0,15.81
19403,3650.52,0,-2,0,0,-23.83
19453,3603.17,0,0,0,0,39.37
19503,3587.66,0,0,0,0,-20.48
19553,3557.03,0,1,0,0,22.07
19603,3606.64,0,0,0,0,-42.00
19653,3576.54,0,0,0,0,11.98
19703,3584.23,0,0,0,0,-8.54
19753,3564.64,0,1,0,0,32.48
19803,3543.59,0,2,0,0,-20.81
19853,3531.07,0,2,0,0,40.35
19903,3553.66,0,1,0,0,-34.19
19953,3551.14,0,1,0,0,16.89
20003,3614.46,0,0,0,0,-29.37
20054,3590.23,0,0,0,0,23.35
20104,3627.57,0,-1,0,0,-16.59
20154,3622.31,0,0,0,0,15.81
20204,3670.17,0,-2,0,0,-32.93
20254,3637.25,0,-1,0,0,24.86
20304,3670.17,0,-2,0,0,-24.09
20354,3635.48,0,-1,0,0,34.69
20404,3666.59,0,-2,0,0,-44.27
20454,3627.57,0,-1,0,0,32.75
20504,3628.45,0,-1,0,0,-19.21
20554,3434.07,0,6,0,0,91.20
20604,3167.23,150,17,0,135,152.09
20654,3193.53,139,16,0,137,154.69
20704,3165.89,11,17,0,1,1.34
20754,3165.89,33,17,0,17,20.85
20804,3166.56,-72,17,0,-101,-127.05
20854,3165.22,183,17,0,173,194.99
20904,3186.74,121,16,0,106,120.14
20954,3342.25,-137,10,0,-160,-171.00
21004,3299.60,61,12,0,58,69.67
21054,3567.18,-6,1,0,-13,-226.42
21104,3333.33,95,10,0,87,98.38
21154,3552.82,0,1,0,0,-9.23
21204,3527.75,0,2,0,-4,-65.95
21254,3517.82,0,3,0,0,134.48
21304,3597.12,0,0,0,0,-49.35
21354,3589.38,0,0,0,0,41.71
21404,3666.59,0,-2,0,-2,-54.74
21454,3646.09,0,-1,0,0,47.58
21504,3700.05,0,-4,0,0,-8.20
21555,3736.92,-5,-5,0,-1,-53.23
21605,3700.05,-1,-4,0,0,35.01
21655,3730.42,0,-5,0,0,-31.28
21705,3675.57,0,-3,0,0,34.55
21755,3705.53,0,-4,0,0,-39.84
21805,3664.79,0,-2,0,0,40.74
21855,3660.32,0,-2,0,0,-18.66
21905,3627.57,0,-1,0,0,32.75
21955,3650.52,0,-2,0,0,-22.95
22005,3589.38,0,0,0,0,29.44
22055,3622.31,0,0,0,0,-41.51
22105,3589.38,0,0,0,0,33.81
22155,3624.06,0,0,0,0,-43.26
22205,3589.38,0,0,0,0,24.21
22255,3623.19,0,0,0,0,-29.51
22305,3580.81,0,0,0,0,23.23
22355,3613.59,0,0,0,0,-37.05
22405,3579.10,0,0,0,0,25.80
22455,3602.31,0,0,0,0,-26.62
22505,3580.81,0,0,0,0,25.83
22555,3612.72,0,0,0,0,-23.34
22605,3589.38,0,0,0,0,33.81
22656,3625.82,0,-1,0,0,-21.78
22706,3593.67,0,0,0,0,38.29
22756,3613.59,0,0,0,0,-31.93
22806,3581.66,0,0,0,0,31.93
22856,3596.26,0,0,0,0,-26.53
22906,3566.33,0,1,0,0,30.79
22956,3606.64,0,0,0,0,-41.15
23006,3562.95,0,1,0,0,43.69
23056,3613.59,0,0,0,0,-32.78
23106,3590.23,0,0,0,0,23.35
23156,3631.96,0,-1,0,0,-37.42
23206,3612.72,0,0,0,0,23.65
23256,3636.36,0,-1,0,0,-33.19
23306,3593.67,0,0,0,0,47.99
23356,3622.31,0,0,0,0,-28.64
23406,3585.09,0,0,0,0,47.75
23456,3579.10,0,0,0,0,-18.69
23506,3556.19,0,1,0,0,37.49
23556,3612.72,0,0,0,0,-37.03
23606,3575.69,0,0,0,0,20.57
23656,3622.31,0,0,0,0,-38.08
23706,3571.43,0,1,0,0,32.61
23756,3595.40,0,0,0,0,-46.78
23806,3569.73,0,1,0,0,37.77
23856,3613.59,0,0,0,0,-33.63
23906,3566.33,0,1,0,0,27.34
23956,3622.31,0,0,0,0,-33.80
24006,3593.67,0,0,0,0,37.41
24056,3646.09,0,-1,0,0,-42.05
24107,3622.31,0,0,0,0,24.66
24157,3670.17,0,-2,0,0,-42.60
24207,3627.57,0,-1,0,0,32.75
24257,3660.32,0,-2,0,0,-32.75
24307,3627.57,0,-1,0,0,34.54
24357,3656.75,0,-2,0,0,-34.44
24407,3593.67,0,0,0,0,42.69
24457,3592.81,0,0,0,0,-42.52
24507,3565.49,0,1,0,0,27.33
24557,3602.31,0,0,0,0,-46.96
24607,3571.43,0,1,0,0,43.03
24657,3522.78,0,3,0,0,25.84
24707,3512.88,2,3,0,0,28.20
24757,3531.90,0,2,0,0,29.35
24807,3550.30,0,1,0,0,182.90
24857,3554.50,0,1,0,0,251.64
24907,3550.30,0,1,0,0,168.10
24957,3587.66,0,0,0,0,134.43
25007,3551.14,0,1,0,0,193.25
25057,3617.07,0,0,0,0,22.82
25107,3624.06,0,0,0,0,46.11
25157,3579.10,0,0,0,0,120.95
25207,3625.82,0,-1,0,0,74.23
25257,3550.30,0,1,0,0,202.52
25307,3553.66,0,1,0,0,285.60
25357,3622.31,0,0,0,0,90.56
25407,3553.66,0,1,0,0,265.08
25457,3557.03,0,1,0,0,367.62
25508,3680.08,-9,-3,0,-7,-110.35
25558,3613.59,0,0,0,0,-19.91
25608,3588.52,0,0,0,0,-15.39
25658,3550.30,0,1,0,0,181.05
25708,3557.87,0,1,0,0,304.12
25758,3555.34,0,1,0,0,253.70
25808,3545.26,0,2,0,0,113.28
25858,3509.59,0,3,0,0,42.38
25908,3477.05,0,4,0,0,41.60
25958,3527.75,0,2,0,0,29.28
26008,3559.56,0,1,0,0,-32.64
26058,3505.49,0,3,0,0,36.42
26108,3535.23,0,2,0,0,-31.38
26158,3503.85,0,3,0,0,33.88
26208,3562.10,0,1,0,0,-41.80
26258,3541.08,0,2,0,0,28.65
26308,3595.40,0,0,0,0,-39.21
26358,3581.66,0,0,0,0,38.90
26408,3622.31,0,0,0,0,-27.78
26458,3604.04,0,0,0,0,33.21
26508,3636.36,0,-1,0,0,-22.78
26558,3617.94,0,0,0,0,38.81
26608,3660.32,0,-2,0,0,-32.75
26658,3646.09,0,-1,0,0,24.09
26708,3670.17,0,-2,0,0,-33.81
26758,3588.52,0,0,0,0,33.80
26808,3637.25,0,-1,0,0,-33.21
26858,3598.85,0,0,0,0,-21.74
26908,3637.25,0,-1,0,0,-34.07
26958,3611.85,0,0,0,0,25.40
27008,3599.71,0,0,0,0,42.03
27058,3579.10,0,0,0,0,24.94
27108,3622.31,0,0,0,0,-41.51
27158,3579.95,0,0,0,0,33.63
27208,3623.19,0,0,0,0,-32.95
27258,3569.73,0,1,0,0,34.31
27308,3585.94,0,0,0,0,-9.41
27358,3551.14,0,1,0,0,16.89
27408,3583.37,0,0,0,0,-32.24
27458,3567.18,0,1,0,0,24.77
27508,3568.03,0,1,0,0,-1.70
27558,3548.62,0,2,0,0,27.92
27608,3607.50,0,0,0,0,-41.17
27658,3575.69,0,0,0,0,21.44
27708,3614.46,0,0,0,0,-43.88
27758,3556.19,0,1,0,0,22.91
27808,3597.12,0,0,0,0,-31.64
27858,3580.81,0,0,0,0,32.78
27908,3580.81,0,0,0,0,38.88
27958,3551.14,0,1,0,0,224.35
28008,3555.34,0,1,0,0,265.34
28058,3557.87,0,1,0,0,297.18
28108,3705.53,-12,-4,0,-9,-146.81
28158,3627.57,0,-1,0,0,25.62
28208,3661.22,-1,-2,0,0,-34.52
28258,3627.57,0,-1,0,0,30.07
28308,3656.75,0,-2,0,0,-34.44
28358,3625.82,0,-1,0,0,35.40
28408,3651.41,0,-2,0,0,-15.05
28459,3622.31,0,0,0,0,19.35
28509,3617.94,0,0,0,0,-14.77
28559,3581.66,0,0,0,0,31.93
28609,3560.41,0,1,0,0,11.87
28659,3541.91,0,2,0,0,26.12
28709,3550.30,0,1,0,0,-8.38
28759,3552.82,0,1,0,0,-33.34
28809,3550.30,0,1,0,0,181.05
28859,3551.14,0,1,0,0,193.25
28909,3564.64,0,1,0,0,139.98
28959,3597.98,0,0,0,0,26.08
29009,3566.33,0,1,0,0,27.34
29059,3597.12,0,0,0,0,-23.99
29109,3575.69,0,0,0,0,22.30
29159,3605.77,0,0,0,0,-36.89
29209,3579.10,0,0,0,0,24.94
29259,3612.72,0,0,0,0,-31.91
29309,3566.33,0,1,0,0,28.20
29359,3576.54,0,0,0,0,-38.80
29409,3548.62,0,2,0,0,28.77
29459,3567.18,0,1,0,0,-38.60
29509,3526.92,0,2,0,0,31.80
29559,3578.24,0,0,0,0,-42.18
29609,3565.49,0,1,0,0,22.17
29659,3605.77,0,0,0,0,-34.34
29709,3580.81,0,0,0,0,26.70
29759,3623.19,0,0,0,0,-44.09
29809,3599.71,0,0,0,0,-28.65
29859,3627.57,0,-1,0,0,-24.40
29910,3604.04,0,0,0,0,42.94
29960,3637.25,0,-1,0,0,-32.34
30010,3612.72,0,0,0,0,34.26
30060,3636.36,0,-1,0,0,-36.65
30110,3603.17,0,0,0,0,34.07
30160,3637.25,0,-1,0,0,-34.07
30210,3612.72,0,0,0,0,34.26
30260,3637.25,0,-1,0,0,-21.04
30310,3612.72,0,0,0,0,34.26
30360,3691.85,0,-3,0,0,1505.65
30410,3605.77,0,0,0,0,10.43
30460,3582.52,0,0,0,0,17.19
30510,3577.39,0,0,0,0,24.05
30560,3631.96,0,-1,0,0,-33.98
30610,3580.81,0,0,0,0,26.70
30660,3607.50,0,0,0,0,-33.52
30710,3585.94,0,0,0,0,7.73
30760,3630.20,0,-1,0,0,-31.35
30810,3610.98,0,0,0,0,26.27
30860,3636.36,0,-1,0,0,-36.65
30910,3631.96,0,-1,0,0,15.01
30960,3661.22,0,-2,0,0,-15.13
31010,3636.36,0,-1,0,0,23.96
31060,3628.45,0,-1,0,0,-6.13
31110,3612.72,0,0,0,0,29.83
31160,3558.72,0,1,0,0,-2.53
31210,3541.91,0,2,0,0,26.12
31260,3577.39,0,0,0,0,-28.77
31310,3575.69,0,0,0,0,12.83
31360,3623.19,0,0,0,0,-33.81
31410,3592.81,0,0,0,0,34.76
31460,3573.98,0,1,0,0,-17.79
31510,3566.33,0,1,0,0,22.18
31560,3595.40,0,0,0,0,-19.71
31610,3574.83,0,1,0,0,22.29
31660,3597.98,0,0,0,0,-24.00
31710,3566.33,0,1,0,0,27.34
31760,3623.19,0,0,0,0,-37.25
31810,3622.31,0,0,0,0,14.93
31860,3640.78,0,-1,0,0,-8.82
31910,3593.67,0,0,0,0,34.77
31960,3562.95,0,1,0,0,38.50
32010,3581.66,0,0,0,0,15.46
32060,3613.59,0,0,0,0,-24.21
32110,3599.71,0,0,0,0,-37.21
32160,3607.50,0,0,0,0,-4.33
32210,3611.85,0,0,0,0,20.11
32260,3598.85,0,0,0,0,21.00
32310,3599.71,0,0,0,0,-19.05
32360,3617.94,0,0,0,0,-6.97
32410,3601.44,0,-1,0,0,-43.68
32460,3628.45,0,-1,0,0,-15.73
32510,3565.49,0,1,0,0,19.60
32560,3568.88,0,1,0,0,-23.62
32610,3555.34,0,1,0,0,38.33
32660,3569.73,0,1,0,0,-33.66
32710,3556.19,0,1,0,0,36.63
32760,3573.98,0,1,0,0,-23.69
32811,3575.69,0,0,0,0,21.44
32861,3565.49,0,1,0,0,15.32
32911,3579.10,0,0,0,0,23.21
32961,3576.54,0,0,0,0,4.27
33011,3567.18,0,1,0,0,25.63
33061,3606.64,0,0,0,0,-39.45
33111,3585.09,0,0,0,0,-0.86
33161,3582.52,0,0,0,0,66.23
33211,3626.69,0,-1,0,0,34.52
33261,3550.30,0,1,0,0,188.49
33312,3755.63,-17,-6,0,-12,-198.60
33362,3613.59,0,0,0,0,24.54
33412,3576.54,0,0,0,0,9.41
33462,3550.30,0,1,0,0,185.69
33512,3540.24,0,2,0,0,154.34
33562,3521.95,0,3,0,0,23.31
33612,3559.56,0,1,0,0,-25.99
33662,3559.56,0,1,0,0,9.32
33712,3584.23,0,0,0,0,-25.51
33762,3568.88,0,1,0,0,32.56
33812,3583.37,0,0,0,0,-25.50
33862,3590.23,0,0,0,0,15.53
33912,3632.84,0,-1,0,0,-34.86
33963,3631.96,0,-1,0,0,15.01
34013,3660.32,0,-2,0,0,-25.72
34063,3627.57,0,-1,0,0,22.95
34113,3670.17,0,-2,0,0,-33.81
34163,3641.66,0,-1,0,0,40.22
34213,3627.57,0,-1,0,0,-12.24
34263,3603.17,0,0,0,0,33.19
34313,3646.97,0,-1,0,0,-35.13
34363,3612.72,0,0,0,0,21.00
34413,3617.94,0,0,0,0,-13.91
34463,3594.54,0,0,0,0,35.67
34513,3613.59,0,0,0,0,-15.60
34563,3585.09,0,0,0,0,44.24
34613,3568.03,0,1,0,0,-26.12
34663,3498.13,0,4,0,0,14.75
34713,3551.98,0,1,0,0,-46.49
34763,3512.88,0,3,0,0,31.54
34813,3578.24,0,0,0,0,-39.67
34863,3549.46,0,2,0,0,16.03
34913,3607.50,0,0,0,0,-32.67
34963,3599.71,0,0,0,0,-30.21
35013,3656.75,0,-2,0,0,-36.19
35063,3646.09,0,-1,0,0,24.99
35113,3665.69,0,-2,0,0,-9.83
35163,3651.41,0,-2,0,0,28.67
35213,3684.60,0,-3,0,0,-12.63
35263,3611.85,0,0,0,0,24.52
35313,3656.75,0,-2,0,0,-34.44
35363,3635.48,0,-1,0,0,25.73
35414,3608.37,0,0,0,0,-5.20
35464,3531.07,0,2,0,0,17.54
35514,3577.39,0,0,0,0,-44.65
35564,3532.74,0,2,0,0,31.90
35614,3499.77,0,4,0,0,14.76
35664,3503.85,0,3,0,0,24.73
35714,3516.17,0,3,0,0,1.65
35764,3531.07,0,2,0,0,16.70
35814,3597.12,0,0,0,0,-50.18
35864,3575.69,0,0,0,0,21.44
35914,3652.30,0,-2,0,-3,-62.07
35964,3631.96,0,-1,0,0,34.62
36014,3684.60,0,-3,0,0,-32.30
36064,3612.72,0,0,0,0,24.53
36114,3650.52,0,-2,0,0,-23.83
36164,3626.69,0,-1,0,0,30.95
36214,3671.07,0,-2,0,0,-24.99
36264,3645.20,0,-1,0,0,19.59
36314,3637.25,0,-1,0,0,-24.53
36364,3568.88,0,1,0,0,29.97
36414,3598.85,0,1,0,0,17.90
36464,3565.49,0,1,0,0,23.03
36514,3512.88,0,3,0,0,18.19
36564,3519.47,0,3,0,0,27.46
36614,3577.39,0,0,0,0,-36.31
36664,3549.46,0,2,0,0,24.53
36714,3583.37,0,0,0,0,-23.81
36764,3590.23,0,0,0,0,23.35
36814,3706.45,-10,-4,0,-9,-143.50
36864,3646.09,0,-1,0,0,36.70
36914,3626.69,0,-1,0,0,33.63
36964,3612.72,0,0,0,0,25.41
37014,3650.52,0,-2,0,0,-18.56
37064,3622.31,0,0,0,0,18.46
37114,3635.48,0,-1,0,0,-13.17
37164,3612.72,0,0,0,0,24.53
37214,3653.19,0,-2,0,0,-27.37
37264,3599.71,0,0,0,0,13.98
37314,3623.19,0,0,0,0,-32.95
37364,3574.83,0,1,0,0,19.70
37414,3602.31,0,0,0,0,-25.77
37464,3566.33,0,1,0,0,20.47
37514,3597.12,0,0,0,0,-31.64
37564,3579.95,0,0,0,0,24.08
37614,3581.66,0,0,0,0,-39.75
37664,3557.03,0,1,0,0,30.63
37714,3558.72,0,1,0,0,-10.10
37765,3547.78,1,2,0,0,30.47
37815,3554.50,0,1,0,0,3.37
37866,3546.94,1,2,0,0,32.16
37916,3605.77,0,0,0,0,-39.44
37966,3608.37,0,0,0,0,14.82
38016,3649.63,0,-1,0,0,-36.92
38066,3576.54,0,0,0,0,11.98
38116,3644.31,0,-1,0,0,-45.47
38166,3611.85,0,0,0,0,25.40
38216,3641.66,0,-1,0,0,-14.97
38266,3645.20,0,-1,0,0,12.44
38316,3661.22,0,-2,0,0,-16.02
38366,3636.36,0,-1,0,0,15.05
38416,3662.11,0,-2,0,0,-24.86
38466,3655.86,0,-2,0,0,14.31
38516,3636.36,0,-1,0,0,14.16
38566,3621.44,0,0,0,0,14.92
38616,3590.23,0,0,0,0,22.48
38666,3565.49,0,1,0,0,23.03
38716,3613.59,0,0,0,0,-24.21
38766,3551.14,0,1,0,0,14.35
38816,3533.57,0,2,0,0,15.05
38866,3522.78,1,3,0,0,21.64
38917,3562.95,0,1,0,0,-40.16
38968,3522.78,2,3,0,0,26.68
39018,3560.41,0,1,0,0,-24.34
39068,3560.41,0,1,0,0,-16.82
39118,3550.30,0,1,0,0,181.05
39168,3554.50,0,1,0,0,284.76
39218,3622.31,0,0,0,0,60.48
39268,3550.30,0,1,0,0,241.41
39318,3557.87,0,1,0,0,340.25
39369,3715.63,-13,-4,0,-10,-158.60
39419,3617.94,0,0,0,0,-8.71
39470,3551.14,0,1,0,0,15.20
39520,3591.09,0,0,0,0,-34.06
39570,3580.81,0,0,0,0,24.10
39620,3630.20,0,-1,0,0,-31.35
39670,3548.62,1,2,0,0,34.76
39720,3551.14,0,1,0,0,13.50
39770,3769.79,0,-6,0,0,-35.66
39820,3559.56,0,1,0,0,88.30
39870,3613.59,0,0,0,0,-34.49
39920,3597.98,0,0,0,0,24.33
39970,3570.58,0,1,0,0,36.93
40020,3560.41,0,1,0,0,13.57
40070,3604.04,0,0,0,0,18.28
40120,3570.58,0,1,0,0,33.46
40170,3597.98,0,0,0,0,-32.50
40220,3590.23,0,0,0,0,22.48
40270,3557.87,0,1,0,0,22.08
40320,3556.19,0,1,0,0,31.47
40370,3594.54,0,0,0,0,-18.00
40420,3557.87,0,1,0,0,19.52
40470,3604.04,0,0,0,0,-18.95
40520,3590.23,0,0,0,0,13.80
40570,3566.33,0,1,0,0,23.90
40620,3481.09,0,4,0,0,31.79
40670,3404.45,1,7,0,0,20.99
40720,3314.18,40,11,0,31,37.77
40770,3340.76,-93,10,0,-119,-141.78
40820,3167.90,4,17,0,-4,-5.34
40870,3009.03,164,23,0,142,177.72
40920,3165.89,-98,17,0,-127,-150.82
40970,3009.63,-90,23,0,-114,-142.66
41020,3010.23,-64,23,0,-97,-121.73
41070,2736.73,126,34,0,110,159.03
41120,2867.52,-58,29,0,-91,-114.72
41170,2737.23,-23,34,0,-67,-92.66
41220,2654.40,107,37,0,84,116.20
41270,2515.93,104,43,0,79,114.26
41320,2526.53,92,42,0,71,102.28
41370,2510.46,28,43,0,9,13.94
41420,2500.00,-27,44,0,-95,-149.27
41470,2496.26,-26,44,0,-95,-142.95
41520,2398.85,-19,48,0,-89,-134.01
41570,2232.47,100,54,0,66,107.62
41620,2232.47,42,54,0,4,7.33
41670,2157.65,56,57,0,10,18.78
41720,2153.32,61,57,0,9,15.25
41771,2097.02,64,60,0,31,56.29
41821,2079.87,10,60,0,-32,-56.12
41871,1945.78,96,66,0,38,75.51
41921,2008.84,30,63,0,-33,-63.06
41971,1902.83,88,67,0,21,43.96
42021,1854.60,91,69,0,22,44.13
42071,1840.94,76,70,0,6,13.66
42121,1798.35,75,72,0,3,7.58
42171,1749.68,96,74,0,22,48.67
42221,1749.88,74,74,0,0,-0.20
42271,1697.79,76,76,0,0,-0.38
42321,1649.44,98,78,0,20,48.35
42371,1596.93,100,80,0,20,48.34
42421,1596.08,80,80,0,0,0.85
42471,1544.64,103,82,0,21,51.44
42521,1544.96,82,82,0,0,-0.32
42571,1491.80,84,84,0,0,1.34
42621,1440.92,105,86,0,19,50.87
42671,1440.65,86,86,0,0,0.28
42721,1386.83,108,88,0,20,53.81
42771,1387.99,88,88,0,0,-1.15
42821,1333.10,109,90,0,19,54.89
42871,1334.88,90,90,0,0,-1.78
42921,1300.05,78,91,0,-13,-39.76
42971,1223.69,119,95,0,24,76.36
43021,1226.79,93,94,0,-1,-3.10
43071,1165.77,116,97,0,19,61.02
43121,1171.05,96,97,0,-1,-5.28
43171,1171.05,96,97,0,-1,-5.28
43222,1110.45,117,99,0,18,60.60
43272,1113.67,99,99,0,0,-3.22
43322,1059.10,116,101,0,15,54.57
43372,1051.16,103,101,0,2,7.94
43422,986.26,120,104,0,16,64.90
43472,988.86,104,104,0,0,-2.60
43522,988.86,104,104,0,0,-2.60
43572,923.59,123,107,0,16,65.27
43622,923.19,107,107,0,0,0.40
43672,856.51,124,109,0,15,66.68
43722,856.51,124,109,0,15,66.68
43772,852.71,109,109,0,0,3.80
43822,782.72,126,112,0,14,69.99
43872,782.72,126,112,0,14,69.99
43922,775.76,113,112,0,1,6.96
43972,775.76,113,112,0,1,6.96
44022,701.36,129,115,0,14,74.39
44072,697.25,116,116,0,0,4.11
44122,697.25,116,116,0,0,4.11
44172,616.95,132,119,0,13,80.30
44222,616.95,132,119,0,13,80.30
44272,587.08,124,120,0,4,29.87
44322,587.08,124,120,0,4,29.87
44372,587.08,124,120,0,4,29.87
44422,504.25,134,123,0,11,82.83
44472,504.25,134,123,0,11,82.83
44522,460.38,130,125,0,5,43.88
44572,460.38,130,125,0,5,43.88
44622,460.38,130,125,0,5,43.88
44672,460.38,130,125,0,5,43.88
44722,351.74,139,129,0,10,108.64
44772,351.74,139,129,0,10,108.64
44822,351.74,139,129,0,10,108.64
44872,351.74,139,129,0,10,108.64
45697,59.02,-139,129,0,10,108.64
45747,59.02,-139,129,0,10,108.64
45797,59.02,-139,129,0,10,108.64
45847,59.02,-139,129,0,10,108.64
45897,59.02,-139,129,0,10,108.64
45947,59.02,-139,129,0,10,108.64
45997,59.02,-139,129,0,10,108.64
46047,59.02,-139,129,0,10,108.64
46097,59.02,-139,129,0,10,108.64
46147,59.02,-139,129,0,10,108.64
46197,59.02,-139,129,0,10,108.64
46247,59.02,-139,129,0,10,108.64
46297,59.02,-139,129,0,10,108.64
46347,59.02,-139,129,0,10,108.64
46397,59.02,-139,129,0,10,108.64
46447,59.02,-139,129,0,10,108.64
46497,59.02,-139,129,0,10,108.64
46547,59.02,-139,129,0,10,108.64
46597,59.02,-139,129,0,10,108.64
46647,59.02,-139,129,0,10,108.64
46697,59.02,-139,129,0,10,108.64
46747,59.02,-139,129,0,10,108.64
46797,59.02,-139,129,0,10,108.64
46848,59.02,-139,129,0,10,108.64
46898,59.02,-139,129,0,10,108.64
46948,59.02,-139,129,0,10,108.64
46998,59.02,-139,129,0,10,108.64
47048,59.02,-139,129,0,10,108.64
47098,59.02,-139,129,0,10,108.64
47148,59.02,-139,129,0,10,108.64
47198,59.02,-139,129,0,10,108.64
47248,59.02,-139,129,0,10,108.64
47298,59.02,-139,129,0,10,108.64
47348,59.02,-139,129,0,10,108.64
47398,59.02,-139,129,0,10,108.64
47448,59.02,-139,129,0,10,108.64
47498,59.02,-139,129,0,10,108.64
47548,59.02,-139,129,0,10,108.64
47598,59.02,-139,129,0,10,108.64
47648,59.02,-139,129,0,10,108.64
47698,59.02,-139,129,0,10,108.64
47748,59.02,-139,129,0,10,108.64
47798,59.02,-139,129,0,10,108.64
47848,59.02,-139,129,0,10,108.64
47898,59.02,-139,129,0,10,108.64
47948,59.02,-139,129,0,10,108.64
47998,59.02,-139,129,0,10,108.64
48048,59.02,-139,129,0,10,108.64
48098,59.02,-139,129,0,10,108.64
48148,59.02,-139,129,0,10,108.64
48198,59.02,-139,129,0,10,108.64
48248,59.02,-139,129,0,10,108.64
48299,59.02,-139,129,0,10,108.64
48349,59.02,-139,129,0,10,108.64
48399,59.02,-139,129,0,10,108.64
48449,59.02,-139,129,0,10,108.64
48499,59.02,-139,129,0,10,108.64
48549,59.02,-139,129,0,10,108.64
48599,59.02,-139,129,0,10,108.64
48649,59.02,-139,129,0,10,108.64
48699,59.02,-139,129,0,10,108.64
48749,59.02,-139,129,0,10,108.64
48799,59.02,-139,129,0,10,108.64
48849,59.02,-139,129,0,10,108.64
48899,59.02,-139,129,0,10,108.64
48949,59.02,-139,129,0,10,108.64
48999,59.02,-139,129,0,10,108.64
49049,59.02,-139,129,0,10,108.64
49099,59.02,-139,129,0,10,108.64
49149,59.02,-139,129,0,10,108.64
49199,59.02,-139,129,0,10,108.64
49249,59.02,-139,129,0,10,108.64
49299,59.02,-139,129,0,10,108.64
49349,59.02,-139,129,0,10,108.64
49399,59.02,-139,129,0,10,108.64
49449,59.02,-139,129,0,10,108.64
49499,59.02,-139,129,0,10,108.64
49549,59.02,-139,129,0,10,108.64
49599,59.02,-139,129,0,10,108.64
49649,59.02,-139,129,0,10,108.64
49699,59.02,-139,129,0,10,108.64
49750,59.02,-139,129,0,10,108.64
49800,59.02,-139,129,0,10,108.64
49850,59.02,-139,129,0,10,108.64
49900,59.02,-139,129,0,10,108.64
49950,59.02,-139,129,0,10,108.64
50000,59.02,-139,129,0,10,108.64
50050,59.02,-139,129,0,10,108.64
50100,59.02,-139,129,0,10,108.64
50150,59.02,-139,129,0,10,108.64
50200,59.02,-139,129,0,10,108.64
50250,59.02,-139,129,0,10,108.64
50300,59.02,-139,129,0,10,108.64
50350,59.02,-139,129,0,10,108.64
50400,59.02,-139,129,0,10,108.64
50450,59.02,-139,129,0,10,108.64
50500,59.02,-139,129,0,10,108.64
50550,59.02,-139,129,0,10,108.64
50600,59.02,-139,129,0,10,108.64
50650,59.02,-139,129,0,10,108.64
50700,59.02,-139,129,0,10,108.64
50750,59.02,-139,129,0,10,108.64
50800,59.02,-139,129,0,10,108.64
50850,59.02,-139,129,0,10,108.64
50900,59.02,-139,129,0,10,108.64
50950,59.02,-139,129,0,10,108.64
51000,59.02,-139,129,0,10,108.64
51050,59.02,-139,129,0,10,108.64
51100,59.02,-139,129,0,10,108.64
51150,59.02,-139,129,0,10,108.64
51200,59.02,-139,129,0,10,108.64
51250,59.02,-139,129,0,10,108.64
51300,59.02,-139,129,0,10,108.64
51350,59.02,-139,129,0,10,108.64
51400,59.02,-139,129,0,10,108.64
51450,59.02,-139,129,0,10,108.64
51500,59.02,-139,129,0,10,108.64
51550,59.02,-139,129,0,10,108.64
51600,59.02,-139,129,0,10,108.64
51650,59.02,-139,129,0,10,108.64
51700,59.02,-139,129,0,10,108.64
51750,59.02,-139,129,0,10,108.64
51800,59.02,-139,129,0,10,108.64
51850,59.02,-139,129,0,10,108.64
51900,59.02,-139,129,0,10,108.64
51950,59.02,-139,129,0,10,108.64
52000,59.02,-139,129,0,10,108.64
52050,59.02,-139,129,0,10,108.64
52100,59.02,-139,129,0,10,108.64
52150,59.02,-139,129,0,10,108.64
52200,59.02,-139,129,0,10,108.64
52250,59.02,-139,129,0,10,108.64
52300,59.02,-139,129,0,10,108.64
52350,59.02,-139,129,0,10,108.64
52400,59.02,-139,129,0,10,108.64
52450,59.02,-139,129,0,10,108.64
52500,59.02,-139,129,0,10,108.64
52550,59.02,-139,129,0,10,108.64
52600,59.02,-139,129,0,10,108.64
52651,59.02,-139,129,0,10,108.64
52701,59.02,-139,129,0,10,108.64
52751,59.02,-139,129,0,10,108.64
52801,59.02,-139,129,0,10,108.64
52851,59.02,-139,129,0,10,108.64
52901,59.02,-139,129,0,10,108.64
52951,59.02,-139,129,0,10,108.64
53001,59.02,-139,129,0,10,108.64
53051,59.02,-139,129,0,10,108.64
53101,59.02,-139,129,0,10,108.64
53151,59.02,-139,129,0,10,108.64
53201,59.02,-139,129,0,10,108.64
53251,59.02,-139,129,0,10,108.64
53301,59.02,-139,129,0,10,108.64
53351,59.02,-139,129,0,10,108.64
53401,59.02,-139,129,0,10,108.64
53451,59.02,-139,129,0,10,108.64
53501,59.02,-139,129,0,10,108.64
53551,59.02,-139,129,0,10,108.64
53601,59.02,-139,129,0,10,108.64
53651,59.02,-139,129,0,10,108.64
53701,59.02,-139,129,0,10,108.64
53751,59.02,-139,129,0,10,108.64
53801,59.02,-139,129,0,10,108.64
53851,59.02,-139,129,0,10,108.64
53901,59.02,-139,129,0,10,108.64
53951,59.02,-139,129,0,10,108.64
54001,59.02,-139,129,0,10,108.64
54051,59.02,-139,129,0,10,108.64
54102,59.02,-139,129,0,10,108.64
54152,59.02,-139,129,0,10,108.64
