------ Microcontroller Engine Governor - Version: 1.13 ------
-------------------------------------------------------------
PID Gains:        Kp: 0.010000   Ki: 0.005000   Kd: 3.000000
-------------------------------------------------------------
Set RPM:             3600    |  Min RPM:                300
                             |
RPM Precision        2       |  PID I Precision:         202
                             |
Start Steps:         900     |  Max Steps:               1200
                             |
RPM Calc Interval:   1       |  Num Magnets:             1
                             |
LCD Update Interval: 400     |  Serial Update Interval:  50
-------------------------------------------------------------

Time,RPM,Steps Remaining, PID p, PID i, PID d
1727,0.00,0,0,0,0
1777,0.00,0,0,0,0
1827,0.00,0,0,0,0
1878,0.00,0,0,0,0
1928,0.00,0,0,0,0
1978,0.00,0,0,0,0
2028,0.00,0,0,0,0
2078,0.00,0,0,0,0
2128,0.00,0,0,0,0
2178,0.00,0,0,0,0
2228,0.00,0,0,0,0
2278,0.00,0,0,0,0
2328,0.00,0,0,0,0
2378,0.00,0,0,0,0
2428,0.00,0,0,0,0
2478,0.00,0,0,0,0
2528,0.00,0,0,0,0
2578,0.00,0,0,0,0
2628,0.00,0,0,0,0
2678,0.00,0,0,0,0
2728,0.00,0,0,0,0
2778,0.00,0,0,0,0
2828,0.00,0,0,0,0
2878,0.00,0,0,0,0
2928,0.00,0,0,0,0
2978,0.00,0,0,0,0
3028,0.00,0,0,0,0
3078,0.00,0,0,0,0
3128,0.00,0,0,0,0
3178,0.00,0,0,0,0
3228,0.00,0,0,0,0
3278,0.00,0,0,0,0
3328,0.00,0,0,0,0
3378,0.00,0,0,0,0
3428,0.00,0,0,0,0
3478,0.00,0,0,0,0
3528,0.00,0,0,0,0
3578,0.00,0,0,0,0
3628,0.00,0,0,0,0
3678,0.00,0,0,0,0
3728,0.00,0,0,0,0
3778,0.00,0,0,0,0
3828,0.00,0,0,0,0
3878,0.00,0,0,0,0
3928,0.00,0,0,0,0
3978,0.00,0,0,0,0
4028,0.00,0,0,0,0
4078,0.00,0,0,0,0
4128,0.00,0,0,0,0
4178,0.00,0,0,0,0
4228,0.00,0,0,0,0
4278,0.00,0,0,0,0
4328,0.00,0,0,0,0
4378,0.00,0,0,0,0
4428,0.00,0,0,0,0
4478,0.00,0,0,0,0
4528,0.00,0,0,0,0
4578,0.00,0,0,0,0
4628,0.00,0,0,0,0
4678,0.00,0,0,0,0
4728,0.00,0,0,0,0
4779,0.00,0,0,0,0
4829,0.00,0,0,0,0
4879,0.00,0,0,0,0
4929,0.00,0,0,0,0
4979,0.00,0,0,0,0
5029,0.00,0,0,0,0
5079,0.00,0,0,0,0
5129,0.00,0,0,0,0
5179,0.00,0,0,0,0
5229,0.00,0,0,0,0
5279,0.00,0,0,0,0
5329,0.00,0,0,0,0
5379,0.00,0,0,0,0
5429,0.00,0,0,0,0
5479,0.00,0,0,0,0
5529,0.00,0,0,0,0
5579,0.00,0,0,0,0
5629,0.00,0,0,0,0
5679,0.00,0,0,0,0
5729,0.00,0,0,0,0
5779,0.00,0,0,0,0
5829,0.00,0,0,0,0
5879,0.00,0,0,0,0
5929,0.00,0,0,0,0
5979,0.00,0,0,0,0
6029,0.00,0,0,0,0
6079,0.00,0,0,0,0
6129,0.00,0,0,0,0
6179,0.00,0,0,0,0
6230,0.00,0,0,0,0
6280,0.00,0,0,0,0
6330,0.00,0,0,0,0
6380,0.00,0,0,0,0
6430,0.00,0,0,0,0
6480,0.00,0,0,0,0
6530,0.00,0,0,0,0
6580,0.00,0,0,0,0
6630,0.00,0,0,0,0
6680,0.00,0,0,0,0
6730,0.00,0,0,0,0
6780,0.00,0,0,0,0
6830,0.00,0,0,0,0
6880,0.00,0,0,0,0
6930,0.00,0,0,0,0
6980,0.00,0,0,0,0
7030,0.00,0,0,0,0
7080,0.00,0,0,0,0
7130,0.00,0,0,0,0
7180,0.00,0,0,0,0
7230,0.00,0,0,0,0
7280,0.00,0,0,0,0
7330,0.00,0,0,0,0
7380,0.00,0,0,0,0
7430,0.00,0,0,0,0
7480,0.00,0,0,0,0
7530,0.00,0,0,0,0
7580,0.00,0,0,0,0
7630,0.00,0,0,0,0
7680,0.00,0,0,0,0
7730,0.00,0,0,0,0
7780,0.00,0,0,0,0
7830,0.00,0,0,0,0
7880,0.00,0,0,0,0
7930,0.00,0,0,0,0
7980,0.00,0,0,0,0
8030,0.00,0,0,0,0
8080,0.00,0,0,0,0
8130,0.00,0,0,0,0
8180,0.00,0,0,0,0
8230,0.00,0,0,0,0
8280,0.00,0,0,0,0
8330,0.00,0,0,0,0
8380,0.00,0,0,0,0
8430,0.00,0,0,0,0
8480,0.00,0,0,0,0
8530,0.00,0,0,0,0
8580,0.00,0,0,0,0
8630,0.00,0,0,0,0
8680,0.00,0,0,0,0
8730,0.00,0,0,0,0
8780,0.00,0,0,0,0
8830,0.00,0,0,0,0
8880,0.00,0,0,0,0
8930,0.00,0,0,0,0
8980,0.00,0,0,0,0
9030,0.00,0,0,0,0
9080,0.00,0,0,0,0
9131,0.00,0,0,0,0
9181,0.00,0,0,0,0
9231,0.00,0,0,0,0
9281,0.00,0,0,0,0
9331,0.00,0,0,0,0
9381,0.00,0,0,0,0
9431,0.00,0,0,0,0
9481,0.00,0,0,0,0
9531,0.00,0,0,0,0
9581,0.00,0,0,0,0
9631,0.00,0,0,0,0
9681,0.00,0,0,0,0
9731,0.00,0,0,0,0
9781,0.00,0,0,0,0
9831,0.00,0,0,0,0
9881,0.00,0,0,0,0
9931,0.00,0,0,0,0
9981,0.00,0,0,0,0
10031,0.00,0,0,0,0
10081,0.00,0,0,0,0
10131,0.00,0,0,0,0
10181,0.00,0,0,0,0
10231,0.00,0,0,0,0
10281,0.00,0,0,0,0
10331,0.00,0,0,0,0
10381,0.00,0,0,0,0
10431,0.00,0,0,0,0
10481,0.00,0,0,0,0
10531,0.00,0,0,0,0
10582,0.00,0,0,0,0
10632,0.00,0,0,0,0
10682,0.00,0,0,0,0
10732,0.00,0,0,0,0
10782,inf,0,0,0,0
10832,inf,0,0,0,0
10882,506.91,0,30,0,0
10932,506.91,0,30,0,0
10982,579.71,3,30,0,-2
11032,969.99,0,26,0,-18
11082,972.01,23,26,0,0
11132,1317.87,0,22,0,-23
11182,1327.79,10,22,0,0
11232,1572.16,0,20,0,-19
11282,1775.57,0,18,0,-17
11332,1779.57,0,18,0,0
11382,1949.32,9,16,0,0
11432,2090.88,0,15,0,-14
11482,2277.56,0,13,0,-24
11532,2355.16,0,12,0,-14
11582,2457.00,0,11,0,-12
11632,2571.58,0,10,0,-15
11682,2662.41,6,9,0,1
11732,2753.30,0,8,0,1
11782,2853.88,0,7,0,1
11832,3027.86,0,5,0,-11
11882,3106.88,0,4,0,-13
11932,3169.91,0,4,0,3
11982,3315.65,-13,2,0,-21
12032,3351.96,1,2,0,0
12082,3406.77,0,1,0,0
12132,3531.90,0,0,0,0
12182,3564.64,0,0,0,0
12232,3719.32,0,-1,0,0
12282,3646.09,0,0,0,0
12332,3714.71,0,-1,0,0
12382,3709.20,0,-1,0,0
12432,3749.06,0,-1,0,0
12482,3791.71,0,-1,0,0
12532,3770.74,0,-1,0,0
12582,3801.32,0,-2,-1,0
12632,3796.51,0,-1,-8,0
12682,3810.98,0,-2,0,0
12732,3792.67,0,-1,0,0
12782,3791.71,0,-1,0,0
12832,3812.91,0,-2,0,0
12882,3770.74,0,-1,0,0
12932,3758.46,0,-1,0,0
12982,3728.56,0,-1,0,0
13032,3698.22,0,0,0,0
13082,3679.18,0,0,0,0
13132,3645.20,0,0,0,0
13182,3636.36,0,0,0,0
13232,3646.09,0,0,0,0
13282,3617.07,0,0,0,0
13332,3655.86,0,0,0,0
13382,3636.36,0,0,0,0
13432,3647.86,0,0,0,0
13483,3631.08,0,0,0,0
13533,3617.07,0,0,0,0
13583,3597.98,0,0,0,0
13633,3585.09,0,0,0,0
13683,3611.85,0,0,0,0
13733,3577.39,0,0,0,0
13783,3588.52,0,0,0,0
13833,3562.10,0,0,0,0
13883,3591.09,0,0,0,0
13933,3572.28,0,0,0,0
13983,3570.58,0,0,0,0
14033,3588.52,0,0,0,0
14083,3579.95,0,0,0,0
14133,3611.85,0,0,0,0
14183,3597.98,0,0,0,0
14233,3600.58,0,0,0,0
14283,3573.98,0,0,0,0
14333,3612.72,0,0,0,0
14383,3546.10,0,0,0,0
14433,3612.72,0,0,0,0
14483,3579.10,0,0,0,0
14533,3612.72,0,0,0,0
14583,3536.90,0,0,0,0
14633,3567.18,0,0,0,0
14683,3554.50,0,0,0,0
14733,3601.44,0,0,0,0
14783,3586.80,0,0,0,0
14833,3602.31,0,0,0,0
14883,3577.39,0,0,0,0
14934,3573.13,0,0,0,0
14984,3546.94,0,0,0,0
15034,3567.18,0,0,0,0
15084,3538.57,0,0,0,0
15134,3546.94,0,0,0,0
15184,3520.30,0,0,0,0
15234,3521.95,0,0,0,0
15284,3460.21,0,1,0,0
15334,3450.66,0,1,0,0
15384,3395.97,0,2,0,0
15434,3324.47,0,2,0,5
15484,3238.34,0,3,0,3
15534,3174.60,0,4,0,4
15584,3081.98,1,5,0,5
15634,3020.54,0,5,0,6
15684,2987.45,0,6,0,1
15734,2881.29,0,7,0,2
15784,2818.49,5,7,0,2
15834,2906.41,0,6,0,3
15884,3031.53,0,5,0,-7
15934,3094.70,0,5,0,-14
15984,3181.34,1,4,0,3
16034,3337.04,-11,2,0,-14
16084,3428.57,0,1,0,0
16134,3492.43,0,1,0,0
16184,3631.08,0,0,0,0
16234,3686.41,0,0,0,0
16284,3812.91,0,-2,0,0
16334,3979.84,-42,-3,0,-43
16384,3778.34,0,-1,0,0
16434,4222.97,-89,-6,0,-95
16484,4329.00,-122,-7,0,-117
16534,4027.93,0,-4,0,0
16584,4058.44,0,-4,0,-7
16634,4044.22,-7,-4,0,-6
16684,4023.61,0,-4,0,0
16734,4046.40,0,-4,0,-7
16784,3990.42,0,-3,0,0
16834,3958.83,0,-3,0,0
16884,3945.29,0,-3,0,-1
16934,3922.59,-8,-3,0,-6
16984,3902.19,0,-3,0,0
17034,3900.16,0,-3,0,-3
17084,3874.97,0,-2,0,0
17134,3865.98,0,-2,0,0
17184,3825.55,0,-2,0,0
17234,3793.63,0,-1,0,0
17284,3790.75,0,-1,0,0
17334,3719.32,0,-1,0,0
17384,3700.05,0,-1,0,0
17434,3674.67,0,0,0,0
17484,3646.09,0,0,0,0
17534,3597.12,0,0,0,0
17584,3631.08,0,0,0,0
17634,3546.10,0,0,0,0
17684,3527.75,0,0,0,0
17734,3509.59,0,0,0,0
17784,3477.86,0,1,0,0
17835,3485.94,0,1,0,0
17885,3514.53,0,0,0,0
17935,3451.45,0,1,0,0
17985,3468.21,0,1,0,0
18035,3699.14,0,0,0,0
18085,3491.62,0,1,0,0
18135,3564.64,0,0,0,0
18185,3520.30,0,0,0,0
18235,3519.47,0,0,0,0
18285,3479.47,0,1,0,0
18335,3350.46,0,2,0,0
18385,3250.27,9,3,0,7
18435,3205.81,0,3,0,4
18485,3203.07,0,3,0,2
18535,3205.81,6,3,0,4
18585,3235.55,0,3,0,4
18635,3341.50,-16,2,0,-27
18685,3409.87,0,1,0,0
18735,3451.45,0,1,0,0
18785,3477.05,0,1,0,0
18835,3505.49,0,0,0,0
18885,3603.17,0,0,0,0
18935,3608.37,0,0,0,0
18985,3655.86,0,0,0,0
19035,3659.43,0,0,0,0
19085,3719.32,0,-1,0,0
19135,3769.79,0,-1,0,0
19185,3791.71,0,-1,-2,0
19235,3867.97,0,-2,0,0
19286,3857.03,0,-2,0,0
19336,3901.17,0,-3,0,-8
19386,4001.07,-41,-4,0,-41
19436,3778.34,0,-1,0,0
19486,3958.83,-27,-3,0,-35
19536,3781.19,0,-1,0,0
19586,3779.29,0,-1,0,0
19636,3909.30,-23,-3,0,-24
19686,3780.24,0,-1,0,0
19736,3793.63,0,-1,0,0
19786,3718.39,0,-1,0,0
19836,3739.72,0,-1,0,0
19886,3604.04,0,0,0,0
19936,3611.85,0,0,0,0
19986,3554.50,0,0,0,0
20036,3583.37,0,0,0,0
20086,3500.58,0,0,0,0
20136,3537.74,0,0,0,0
20186,3483.51,0,1,0,0
20236,3487.56,0,1,0,0
20286,3411.42,0,1,0,0
20336,3442.74,0,1,0,0
20386,3460.21,0,1,0,0
20436,3420.75,0,1,0,0
20486,3416.86,0,1,0,0
20536,3334.82,0,2,0,6
20586,3253.80,4,3,0,4
20636,3192.85,0,4,0,4
20686,3064.98,9,5,0,11
20736,3039.51,0,5,0,11
20786,3052.50,0,5,0,-10
20836,3069.37,0,5,0,-8
20886,3082.61,0,5,0,5
20936,3213.37,-7,3,0,-13
20986,3286.59,0,3,0,-15
21036,3321.52,0,2,0,4
21086,3460.21,0,1,0,0
21136,3493.25,0,1,0,0
21186,3602.31,0,0,0,0
21236,3607.50,0,0,0,0
21286,3714.71,0,-1,0,0
21336,3719.32,0,-1,0,0
21386,3821.66,0,-2,0,0
21436,3813.88,0,-2,0,0
21486,3853.07,-1,-2,0,0
21536,4025.76,-51,-4,0,-52
21586,3778.34,0,-1,0,0
21636,4060.64,-48,-4,0,-56
21686,4145.94,-77,-5,0,-73
21736,3952.57,0,-3,0,0
21786,3979.84,0,-3,0,-6
21836,3911.34,0,-3,0,0
21886,3895.09,0,-2,0,0
21936,3866.98,0,-2,0,0
21986,3846.15,0,-2,0,0
22036,3824.58,0,-2,0,0
22086,3738.78,0,-1,0,0
22136,3708.28,0,-1,0,0
22187,3675.57,0,0,0,0
22237,3645.20,0,0,0,0
22287,3646.09,0,0,0,0
22337,3616.20,0,0,0,0
22387,3591.09,0,0,0,0
22437,3529.41,0,0,0,0
22487,3538.57,0,0,0,0
22537,3565.49,0,0,0,0
22587,3527.75,0,0,0,0
22637,3546.10,0,0,0,0
22687,3517.82,0,0,0,0
22737,3518.65,0,0,0,0
22787,3509.59,0,0,0,0
22837,3510.41,0,0,0,0
22887,3502.22,0,0,0,0
22937,3510.41,0,0,0,0
22987,3442.74,0,1,0,0
23037,3494.87,0,1,0,0
23087,3503.04,0,0,0,0
23137,3591.09,0,0,0,0
23187,3541.08,0,0,0,0
23237,3500.58,0,0,0,0
23287,3565.49,0,0,0,0
23337,3555.34,0,0,0,0
23387,3611.85,0,0,0,0
23437,3607.50,0,0,0,0
23487,3635.48,0,0,0,0
23537,3613.59,0,0,0,0
23587,3598.85,0,0,0,0
23638,3509.59,0,0,0,0
23688,3492.43,0,1,0,0
23738,3408.32,0,1,0,0
23788,3312.72,6,2,0,8
23838,3258.04,0,3,0,4
23888,3161.89,0,4,0,7
23938,3108.81,2,4,0,0
23988,3056.23,0,5,0,2
24038,2960.33,7,6,0,4
24088,2904.72,0,6,0,4
24138,2846.30,0,7,0,5
24188,2912.62,-1,6,0,-14
24238,3008.42,0,5,0,-17
24288,3073.77,0,5,0,2
24338,3280.84,-16,3,0,-20
24388,3360.97,0,2,0,-10
24438,3416.86,0,1,0,0
24488,3577.39,0,0,0,0
24538,3626.69,0,0,0,0
24588,3746.25,0,-1,0,0
24638,3802.28,0,-2,0,0
24688,3880.98,-1,-2,0,0
24738,4029.01,-37,-4,0,-38
24788,3778.34,0,-1,0,0
24838,4261.36,-103,-6,0,-111
24888,4327.76,-112,-7,0,-109
24938,3779.29,0,-1,0,0
24988,4317.79,-116,-7,0,-124
25038,4057.34,-4,-4,0,-5
25088,4040.95,0,-4,0,0
25138,4038.77,-3,-4,0,0
25188,4056.25,0,-4,0,-1
25238,4014.99,0,-4,0,0
25288,4004.27,-2,-4,0,0
25338,3922.59,0,-3,0,0
25388,3895.09,0,-2,0,0
25438,3877.97,0,-2,0,0
25489,3857.03,-1,-2,0,0
25539,3757.52,0,-1,0,0
25589,3769.79,0,-1,0,0
25639,3669.28,0,0,0,0
25689,3655.86,0,0,0,0
25739,3578.24,0,0,0,0
25789,3593.67,0,0,0,0
25839,3509.59,0,0,0,0
25889,3514.53,0,0,0,0
25939,3459.41,0,1,0,0
25989,3459.41,0,1,0,0
26039,3660.32,0,0,0,0
26089,3482.70,0,1,0,0
26139,3522.78,0,0,0,0
26189,3519.47,0,0,0,0
26240,3557.03,0,0,0,0
26290,3546.10,0,0,0,0
26340,3556.19,0,0,0,0
26390,3554.50,0,0,0,0
26440,3593.67,0,0,0,0
26490,3597.98,0,0,0,0
26540,3621.44,0,0,0,0
26590,3597.98,0,0,0,0
26640,3634.60,0,0,0,0
26690,3626.69,0,0,0,0
26740,3674.67,0,0,0,0
26790,3636.36,0,0,0,0
26840,3685.50,0,0,0,0
26890,3626.69,0,0,0,0
26940,3664.79,0,0,0,0
26990,3655.86,0,0,0,0
27040,3685.50,0,0,0,0
27090,3645.20,0,0,0,0
27140,3674.67,0,0,0,0
27190,3664.79,0,0,0,0
27240,3675.57,0,0,0,0
27290,3696.40,0,0,0,0
27340,3654.97,0,0,0,0
27390,3715.63,0,-1,0,0
27440,3679.18,0,0,0,0
27490,3723.93,0,-1,0,0
27540,3699.14,0,0,0,0
27590,3684.60,0,0,0,0
27640,3665.69,0,0,0,0
27691,3684.60,0,0,0,0
27741,3645.20,0,0,0,0
27791,3674.67,0,0,0,0
27841,3625.82,0,0,0,0
27891,3674.67,0,0,0,0
27941,3646.09,0,0,0,0
27991,3665.69,0,0,0,0
28041,3654.97,0,0,0,0
28091,3695.49,0,0,0,0
28141,3664.79,0,0,0,0
28191,3674.67,0,0,0,0
28241,3637.25,0,0,0,0
28291,3654.97,0,0,0,0
28341,3738.78,0,-1,0,0
28391,3654.97,0,0,0,0
28441,3674.67,0,0,0,0
28491,3655.86,0,0,0,0
28541,3646.09,0,0,0,0
28591,3625.82,0,0,0,0
28641,3645.20,0,0,0,0
28691,3616.20,0,0,0,0
28741,3645.20,0,0,0,0
28791,3617.07,0,0,0,0
28841,3654.97,0,0,0,0
28891,3636.36,0,0,0,0
28941,3646.09,0,0,0,0
28991,3617.07,0,0,0,0
29041,3654.97,0,0,0,0
29091,3607.50,0,0,0,0
29142,3665.69,0,0,0,0
29192,3607.50,0,0,0,0
29242,3625.82,0,0,0,0
29292,3606.64,0,0,0,0
29342,3654.97,0,0,0,0
29392,3634.60,0,0,0,0
29442,3655.86,0,0,0,0
29492,3636.36,0,0,0,0
29542,3684.60,0,0,0,0
29592,3648.75,0,0,0,0
29642,3675.57,0,0,0,0
29692,3655.86,0,0,0,0
29742,3674.67,0,0,0,0
29792,3617.07,0,0,0,0
29842,3646.09,0,0,0,0
29892,3627.57,0,0,0,0
29942,3660.32,0,0,0,0
29992,3626.69,0,0,0,0
30042,3625.82,0,0,0,0
30092,3591.95,0,0,0,0
30142,3591.09,0,0,0,0
30192,3591.95,0,0,0,0
30242,3611.85,0,0,0,0
30292,3610.11,0,0,0,0
30342,3631.96,0,0,0,0
30392,3585.94,0,0,0,0
30442,3646.09,0,0,0,0
30492,3664.79,0,0,0,0
30542,3645.20,0,0,0,0
30592,3684.60,0,0,0,0
30642,3636.36,0,0,0,0
30692,3674.67,0,0,0,0
30742,3646.09,0,0,0,0
30792,3653.19,0,0,0,0
30842,3636.36,0,0,0,0
30892,3654.97,0,0,0,0
30942,3626.69,0,0,0,0
30992,3675.57,0,0,0,0
31042,3597.12,0,0,0,0
31092,3635.48,0,0,0,0
31142,3617.07,0,0,0,0
31192,3639.01,0,0,0,0
31242,3626.69,0,0,0,0
31292,3625.82,0,0,0,0
31342,3617.07,0,0,0,0
31392,3665.69,0,0,0,0
31442,3644.31,0,0,0,0
31492,3626.69,0,0,0,0
31542,3608.37,0,0,0,0
31592,3608.37,0,0,0,0
31642,3597.98,0,0,0,0
31692,3635.48,0,0,0,0
31742,3607.50,0,0,0,0
31792,3620.56,0,0,0,0
31842,3607.50,0,0,0,0
31892,3624.94,0,0,0,0
31942,3607.50,0,0,0,0
31992,3636.36,0,0,0,0
32043,3579.10,0,0,0,0
32093,3621.44,0,0,0,0
32143,3556.19,0,0,0,0
32193,3621.44,0,0,0,0
32243,3588.52,0,0,0,0
32293,3631.08,0,0,0,0
32343,3617.07,0,0,0,0
32393,3597.98,0,0,0,0
32443,3582.52,0,0,0,0
32493,3591.95,0,0,0,0
32543,3565.49,0,0,0,0
32593,3573.13,0,0,0,0
32643,3565.49,0,0,0,0
32693,3584.23,0,0,0,0
32743,3563.79,0,0,0,0
32793,3583.37,0,0,0,0
32843,3574.83,0,0,0,0
32893,3621.44,0,0,0,0
32943,3588.52,0,0,0,0
32993,3601.44,0,0,0,0
33043,3588.52,0,0,0,0
33093,3631.08,0,0,0,0
33143,3605.77,0,0,0,0
33193,3645.20,0,0,0,0
33243,3617.07,0,0,0,0
33293,3654.97,0,0,0,0
33343,3607.50,0,0,0,0
33393,3625.82,0,0,0,0
33443,3607.50,0,0,0,0
33494,3655.86,0,0,0,0
33544,3606.64,0,0,0,0
33594,3654.97,0,0,0,0
33644,3636.36,0,0,0,0
33694,3636.36,0,0,0,0
33744,3636.36,0,0,0,0
33794,3674.67,0,0,0,0
33844,3646.09,0,0,0,0
33894,3664.79,0,0,0,0
33944,3624.94,0,0,0,0
33994,3645.20,0,0,0,0
34044,3626.69,0,0,0,0
34094,3665.69,0,0,0,0
34144,3655.86,0,0,0,0
34194,3676.47,0,0,0,0
34244,3654.97,0,0,0,0
34294,3674.67,0,0,0,0
34344,3654.97,0,0,0,0
34394,3661.22,0,0,0,0
34444,3619.69,0,0,0,0
34494,3626.69,0,0,0,0
34544,3631.08,0,0,0,0
34594,3607.50,0,0,0,0
34644,3629.32,0,0,0,0
34694,3607.50,0,0,0,0
34744,3620.56,0,0,0,0
34794,3607.50,0,0,0,0
34844,3607.50,0,0,0,0
34894,3588.52,0,0,0,0
34944,3589.38,0,0,0,0
34994,3602.31,0,0,0,0
35044,3594.54,0,0,0,0
35094,3603.17,0,0,0,0
35144,3593.67,0,0,0,0
35194,3598.85,0,0,0,0
35244,3618.82,0,0,0,0
35294,3636.36,0,0,0,0
35344,3600.58,0,-1,0,0
35394,3610.11,0,0,0,0
35444,3563.79,0,0,0,0
35494,3546.10,0,0,0,0
35544,3537.74,0,0,0,0
35594,3565.49,0,0,0,0
35644,3603.17,0,0,0,0
35694,3536.90,0,0,0,0
35744,3528.58,0,0,0,0
35794,3556.19,0,0,0,0
35844,3536.07,0,0,0,0
35894,3564.64,0,0,0,0
35944,3546.94,0,0,0,0
35994,3573.13,0,0,0,0
36044,3565.49,0,0,0,0
36094,3563.79,0,0,0,0
36144,3546.94,0,0,0,0
36194,3563.79,0,0,0,0
36244,3537.74,0,0,0,0
36294,3573.13,0,0,0,0
36344,3556.19,0,0,0,0
36395,3555.34,0,0,0,0
36445,3541.91,0,0,0,0
36495,3498.13,0,1,0,0
36545,3532.74,0,0,0,0
36595,3520.30,0,0,0,0
36645,3574.83,0,0,0,0
36695,3536.07,0,0,0,0
36745,3526.92,0,0,0,0
36795,3536.90,0,0,0,0
36845,3533.57,0,0,0,0
36895,3537.74,0,0,0,0
36945,3573.13,0,0,0,0
36995,3546.94,0,0,0,0
37045,3582.52,0,0,0,0
37095,3565.49,0,0,0,0
37145,3602.31,0,0,0,0
37195,3568.03,0,0,0,0
37245,3576.54,0,0,0,0
37295,3556.19,0,0,0,0
37345,3545.26,0,0,0,0
37395,3545.26,0,0,0,0
37445,3566.33,0,0,0,0
37495,3574.83,0,0,0,0
37545,3545.26,0,0,0,0
37595,3588.52,0,0,0,0
37645,3494.06,0,1,0,0
37695,3556.19,0,0,0,0
37745,3545.26,0,0,0,0
37795,3593.67,0,0,0,0
37846,3577.39,0,0,0,0
37896,3556.19,0,0,0,0
37946,3555.34,0,0,0,0
37996,3611.85,0,0,0,0
38046,3539.41,0,0,0,0
38096,3592.81,0,0,0,0
38146,3546.10,0,0,0,0
38196,3574.83,0,0,0,0
38246,3555.34,0,0,0,0
38296,3565.49,0,0,0,0
38346,3554.50,0,0,0,0
38396,3610.98,0,0,0,0
38446,3581.66,0,0,0,0
38496,3629.32,0,0,0,0
38546,3578.24,0,0,0,0
38596,3563.79,0,0,0,0
38646,3545.26,0,0,0,0
38696,3593.67,0,0,0,0
38746,3565.49,0,0,0,0
38796,3602.31,0,0,0,0
38846,3592.81,0,0,0,0
38896,3611.85,0,0,0,0
38946,3597.98,0,0,0,0
38996,3636.36,0,0,0,0
39046,3574.83,0,0,0,0
39096,3611.85,0,0,0,0
39146,3579.10,0,0,0,0
39196,3603.17,0,0,0,0
39246,3536.07,0,0,0,0
39296,3589.38,0,0,0,0
39346,3582.52,0,0,0,0
39396,3583.37,0,0,0,0
39446,3589.38,0,0,0,0
39496,3579.95,0,0,0,0
39546,3646.09,0,0,0,0
39596,3630.20,0,0,0,0
39646,3611.85,0,0,0,0
39696,3597.98,0,0,0,0
39746,3617.07,0,0,0,0
39796,3598.85,0,0,0,0
39846,3636.36,0,0,0,0
39896,3554.50,0,0,0,0
39946,3583.37,0,0,0,0
39996,3569.73,0,0,0,0
40046,3602.31,0,0,0,0
40096,3588.52,0,0,0,0
40146,3601.44,0,0,0,0
40196,3578.24,0,0,0,0
40246,3619.69,0,0,0,0
40296,3597.98,0,0,0,0
40346,3621.44,0,0,0,0
40396,3578.24,0,0,0,0
40446,3630.20,0,0,0,0
40496,3597.98,0,0,0,0
40546,3593.67,0,0,0,0
40596,3563.79,0,0,0,0
40646,3611.85,0,0,0,0
40696,3577.39,0,0,0,0
40747,3545.26,0,0,0,0
40797,3537.74,0,0,0,0
40847,3556.19,0,0,0,0
40897,3536.90,0,0,0,0
40947,3584.23,0,0,0,0
40997,3563.79,0,0,0,0
41047,3592.81,0,0,0,0
41097,3579.10,0,0,0,0
41147,3611.85,0,0,0,0
41197,3597.98,0,0,0,0
41247,3645.20,0,0,0,0
41297,3573.98,0,0,0,0
41347,3631.08,0,0,0,0
41397,3597.12,0,0,0,0
41447,3626.69,0,0,0,0
41497,3606.64,0,0,0,0
41547,3621.44,0,0,0,0
41597,3597.98,0,0,0,0
41647,3610.11,0,0,0,0
41697,3596.26,0,0,0,0
41747,3635.48,0,0,0,0
41797,3617.07,0,0,0,0
41847,3617.07,0,0,0,0
41897,3605.77,0,0,0,0
41947,3631.08,0,0,0,0
41997,3607.50,0,0,0,0
42047,3621.44,0,0,0,0
42097,3596.26,0,0,0,0
42147,3610.11,0,0,0,0
42198,3597.98,0,0,0,0
42248,3601.44,0,0,0,0
42298,3556.19,0,0,0,0
42348,3603.17,0,0,0,0
42398,3579.95,0,0,0,0
42448,3575.69,0,0,0,0
42498,3556.19,0,0,0,0
42548,3601.44,0,0,0,0
42598,3577.39,0,0,0,0
42648,3621.44,0,0,0,0
42698,3597.12,0,0,0,0
42748,3621.44,0,0,0,0
42798,3586.80,0,0,0,0
42848,3600.58,0,0,0,0
42898,3597.12,0,0,0,0
42948,3629.32,0,0,0,0
42998,3597.98,0,0,0,0
43048,3603.17,0,0,0,0
43098,3587.66,0,0,0,0
43148,3639.89,0,0,0,0
43198,3617.07,0,0,0,0
43248,3626.69,0,0,0,0
43298,3597.98,0,0,0,0
43348,3636.36,0,0,0,0
43398,3564.64,0,0,0,0
43448,3602.31,0,0,0,0
43498,3589.38,0,0,0,0
43548,3602.31,0,0,0,0
43598,3588.52,0,0,0,0
43648,3621.44,0,0,0,0
43698,3548.62,0,0,0,0
43748,3612.72,0,0,0,0
43798,3588.52,0,0,0,0
43848,3611.85,0,0,0,0
43898,3574.83,0,0,0,0
43948,3585.09,0,0,0,0
43998,3608.37,0,0,0,0
44048,3583.37,0,0,0,0
44098,3595.40,0,0,0,0
44148,3570.58,0,0,0,0
44198,3616.20,0,0,0,0
44248,3597.98,0,0,0,0
44298,3617.07,0,0,0,0
44348,3607.50,0,0,0,0
44398,3605.77,0,0,0,0
44448,3586.80,0,0,0,0
44498,3499.77,0,1,0,0
44548,3596.26,0,0,0,0
44598,3612.72,0,0,0,0
44648,3596.26,0,0,0,0
44698,3615.33,0,0,0,0
44748,3607.50,0,0,0,0
44798,3612.72,0,0,0,0
44848,3577.39,0,0,0,0
44898,3602.31,0,0,0,0
44948,3573.13,0,0,0,0
44998,3610.11,0,0,0,0
45048,3598.85,0,0,0,0
45099,3621.44,0,0,0,0
45149,3608.37,0,0,0,0
45199,3626.69,0,0,0,0
45249,3605.77,0,0,0,0
45299,3631.08,0,0,0,0
45349,3587.66,0,0,0,0
45399,3639.89,0,0,0,0
45449,3617.07,0,0,0,0
45499,3655.86,0,0,0,0
45549,3626.69,0,0,0,0
45599,3617.07,0,0,0,0
45649,3588.52,0,0,0,0
45699,3637.25,0,0,0,0
45749,3565.49,0,0,0,0
45799,3611.85,0,0,0,0
45849,3597.98,0,0,0,0
45899,3620.56,0,0,0,0
45949,3608.37,0,0,0,0
45999,3644.31,0,0,0,0
46049,3627.57,0,0,0,0
46099,3624.94,0,0,0,0
46149,3626.69,0,0,0,0
46199,3607.50,0,0,0,0
46249,3588.52,0,0,0,0
46299,3626.69,0,0,0,0
46349,3605.77,0,0,0,0
46399,3625.82,0,0,0,0
46449,3616.20,0,0,0,0
46499,3610.11,0,0,0,0
46550,3610.98,0,0,0,0
46600,3597.98,0,0,0,0
46650,3569.73,0,0,0,0
46700,3622.31,0,0,0,0
46750,3635.48,0,0,0,0
46800,3588.52,0,0,0,0
46850,3586.80,0,0,0,0
46900,3611.85,0,0,0,0
46950,3610.11,0,0,0,0
47000,3610.11,0,0,0,0
47050,3592.81,0,0,0,0
47100,3630.20,0,0,0,0
47150,3593.67,0,0,0,0
47200,3645.20,0,0,0,0
47250,3610.11,0,0,0,0
47300,3616.20,0,0,0,0
47350,3636.36,0,0,0,0
47400,3617.07,0,0,0,0
47450,3645.20,0,0,0,0
47500,3626.69,0,0,0,0
47550,3635.48,0,0,0,0
47600,3617.07,0,0,0,0
47650,3636.36,0,0,0,0
47700,3605.77,0,0,0,0
47750,3630.20,0,0,0,0
47800,3563.79,0,0,0,0
47850,3573.98,0,0,0,0
47900,3569.73,0,0,0,0
47950,3611.85,0,0,0,0
48000,3621.44,0,0,0,0
48050,3541.91,0,0,0,0
48100,3583.37,0,0,0,0
48150,3546.94,0,0,0,0
48200,3564.64,0,0,0,0
48250,3555.34,0,0,0,0
48300,3601.44,0,0,0,0
48350,3596.26,0,0,0,0
48400,3631.08,0,0,0,0
48450,3573.13,0,0,0,0
48500,3602.31,0,0,0,0
48550,3573.98,0,0,0,0
48600,3602.31,0,0,0,0
48650,3563.79,0,0,0,0
48700,3602.31,0,0,0,0
48750,3546.94,0,0,0,0
48800,3573.13,0,0,0,0
48850,3565.49,0,0,0,0
48900,3591.95,0,0,0,0
48950,3554.50,0,0,0,0
49000,3556.19,0,0,0,0
49050,3511.24,0,0,0,0
49100,3556.19,0,0,0,0
49150,3536.90,0,0,0,0
49200,3545.26,0,0,0,0
49250,3518.65,0,0,0,0
49300,3528.58,0,0,0,0
49350,3567.18,0,0,0,0
49400,3518.65,0,0,0,0
49451,3546.94,0,0,0,0
49501,3491.62,0,1,0,0
49551,3536.07,0,0,0,0
49601,3527.75,0,0,0,0
49651,3565.49,0,0,0,0
49701,3555.34,0,0,0,0
49751,3586.80,0,0,0,0
49801,3579.10,0,0,0,0
49851,3564.64,0,0,0,0
49901,3511.24,0,0,0,0
49951,3575.69,0,0,0,0
50001,3545.26,0,0,0,0
50051,3574.83,0,0,0,0
50101,3563.79,0,0,0,0
50151,3650.52,0,0,0,0
50201,3537.74,0,0,0,0
50251,3591.95,0,0,0,0
50301,3587.66,0,0,0,0
50351,3629.32,0,0,0,0
50401,3607.50,0,0,0,0
50451,3597.98,0,0,0,0
50501,3577.39,0,0,0,0
50551,3671.97,0,0,0,0
50601,3598.85,0,0,0,0
50651,3645.20,0,0,0,0
50701,3615.33,0,0,0,0
50751,3620.56,0,0,0,0
50801,3607.50,0,0,0,0
50851,3630.20,0,0,0,0
50902,3588.52,0,0,0,0
50952,3632.84,0,0,0,0
51002,3607.50,0,0,0,0
51052,3573.98,0,0,0,0
51102,3573.13,0,0,0,0
51152,3621.44,0,0,0,0
51202,3587.66,0,0,0,0
51252,3631.08,0,0,0,0
51302,3617.07,0,0,0,0
51352,3639.89,0,0,0,0
51402,3597.12,0,0,0,0
51452,3605.77,0,0,0,0
51502,3586.80,0,0,0,0
51552,3611.85,0,0,0,0
51602,3588.52,0,0,0,0
51652,3611.85,0,0,0,0
51702,3597.12,0,0,0,0
51752,3604.90,0,0,0,0
51802,3597.98,0,0,0,0
51852,3630.20,0,0,0,0
51902,3565.49,0,0,0,0
51952,3610.98,0,0,0,0
52002,3587.66,0,0,0,0
52052,3610.98,0,0,0,0
52102,3631.08,0,0,0,0
52152,3624.94,0,0,0,0
52202,3574.83,0,0,0,0
52252,3563.79,0,0,0,0
52302,3621.44,0,0,0,0
52352,3582.52,0,0,0,0
52402,3628.45,0,0,0,0
52452,3597.12,0,0,0,0
52502,3645.20,0,0,0,0
52552,3629.32,0,0,0,0
52602,3606.64,0,0,0,0
52652,3597.98,0,0,0,0
52702,3648.75,0,0,0,0
52752,3645.20,0,0,0,0
52802,3573.98,0,0,0,0
52852,3564.64,0,0,0,0
52902,3573.98,0,0,0,0
52952,3546.94,0,0,0,0
53002,3568.88,0,0,0,0
53052,3556.19,0,0,0,0
53102,3573.13,0,0,0,0
53152,3537.74,0,0,0,0
53202,3583.37,0,0,0,0
53252,3509.59,0,0,0,0
53302,3584.23,0,0,0,0
53352,3527.75,0,0,0,0
53402,3541.08,0,0,0,0
53452,3519.47,0,0,0,0
53502,3556.19,0,0,0,0
53552,3536.90,0,0,0,0
53602,3584.23,0,0,0,0
53652,3509.59,0,0,0,0
53702,3573.13,0,0,0,0
53752,3547.78,0,0,0,0
53803,3574.83,0,0,0,0
53853,3584.23,0,0,0,0
53903,3582.52,0,0,0,0
53953,3555.34,0,0,0,0
54003,3564.64,0,0,0,0
54053,3603.17,0,0,0,0
54103,3597.98,0,0,0,0
54153,3664.79,0,0,0,0
54203,3645.20,0,0,0,0
54253,3675.57,0,0,0,0
54303,3639.89,0,0,0,0
54353,3626.69,0,0,0,0
54403,3625.82,0,0,0,0
54453,3770.74,0,-1,0,0
54503,3674.67,0,0,0,0
54553,3645.20,0,0,0,0
54603,3607.50,0,0,0,0
54653,3607.50,0,0,0,0
54703,3620.56,0,0,0,0
54753,3597.12,0,0,0,0
54803,3581.66,0,0,0,0
54853,3546.94,0,0,0,0
54903,3555.34,0,0,0,0
54953,3573.98,0,0,0,0
55003,3796.51,0,-1,0,0
55053,3591.95,0,0,0,0
55103,3587.66,0,0,0,0
55153,3628.45,0,0,0,0
55203,3617.07,0,0,0,0
55254,3646.09,0,0,0,0
55304,3619.69,0,0,0,0
55354,3617.07,0,0,0,0
55404,3664.79,0,0,0,0
55454,3654.97,0,0,0,0
55504,3674.67,0,0,0,0
55554,3636.36,0,0,0,0
55604,3684.60,0,0,0,0
55654,3653.19,0,0,0,0
55704,3645.20,0,0,0,0
55754,3646.09,0,0,0,0
55804,3625.82,0,0,0,0
55854,3625.82,0,0,0,0
55904,3655.86,0,0,0,0
55954,3646.09,0,0,0,0
56004,3655.86,0,0,0,0
56054,3655.86,0,0,0,0
56104,3665.69,0,0,0,0
56154,3655.86,0,0,0,0
56204,3677.37,0,0,0,0
56254,3646.09,0,0,0,0
56304,3674.67,0,0,0,0
56354,3655.86,0,0,0,0
56404,3675.57,0,0,0,0
56454,3654.97,0,0,0,0
56504,3694.58,0,0,0,0
56554,3646.09,0,0,0,0
56604,3689.13,0,0,0,0
56654,3704.62,0,-1,0,0
56704,3679.18,0,0,0,0
56754,3695.49,0,0,0,0
56804,3644.31,0,0,0,0
56854,3685.50,0,0,0,0
56904,3676.47,0,0,0,0
56954,3686.41,0,0,0,0
57004,3670.17,0,0,0,0
57054,3645.20,0,0,0,0
57104,3636.36,0,0,0,0
57154,3664.79,0,0,0,0
57204,3626.69,0,0,0,0
57254,3655.86,0,0,0,0
57304,3625.82,0,0,0,0
57354,3626.69,0,0,0,0
57404,3591.95,0,0,0,0
57454,3631.08,0,0,0,0
57504,3576.54,0,0,0,0
57554,3631.08,0,0,0,0
57604,3617.07,0,0,0,0
57654,3636.36,0,0,0,0
57704,3626.69,0,0,0,0
57754,3655.86,0,0,0,0
57804,3537.74,0,0,0,0
57854,3611.85,0,0,0,0
57904,3597.98,0,0,0,0
57954,3602.31,0,0,0,0
58004,3589.38,0,0,0,0
58054,3621.44,0,0,0,0
58104,3555.34,0,0,0,0
58155,3610.98,0,0,0,0
58205,3566.33,0,0,0,0
58255,3574.83,0,0,0,0
58305,3555.34,0,0,0,0
58355,3593.67,0,0,0,0
58405,3588.52,0,0,0,0
58455,3584.23,0,0,0,0
58505,3563.79,0,0,0,0
58555,3603.17,0,0,0,0
58605,3512.88,0,0,0,0
58655,3573.13,0,0,0,0
58705,3563.79,0,0,0,0
58755,3563.79,0,0,0,0
58805,3564.64,0,0,0,0
58855,3611.85,0,0,0,0
58905,3597.98,0,0,0,0
58955,3597.98,0,0,0,0
59005,3541.91,0,0,0,0
59055,3602.31,0,0,0,0
59105,3536.07,0,0,0,0
59155,3573.98,0,0,0,0
59205,3584.23,0,0,0,0
59255,3526.92,0,0,0,0
59305,3588.52,0,0,0,0
59355,3573.13,0,0,0,0
59405,3574.83,0,0,0,0
59455,3561.25,0,0,0,0
59505,3591.95,0,0,0,0
59555,3586.80,0,0,0,0
59606,3621.44,0,0,0,0
59656,3597.12,0,0,0,0
59706,3645.20,0,0,0,0
59756,3597.98,0,0,0,0
59806,3635.48,0,0,0,0
59856,3596.26,0,0,0,0
59906,3631.08,0,0,0,0
59956,3625.82,0,0,0,0
60006,3597.12,0,0,0,0
60056,3577.39,0,0,0,0
60106,3603.17,0,0,0,0
60156,3583.37,0,0,0,0
60206,3612.72,0,0,0,0
60256,3579.10,0,0,0,0
60306,3584.23,0,0,0,0
60356,3573.13,0,0,0,0
60406,3556.19,0,0,0,0
60456,3564.64,0,0,0,0
60506,3591.95,0,0,0,0
60556,3577.39,0,0,0,0
60606,3602.31,0,0,0,0
60656,3545.26,0,0,0,0
60706,3601.44,0,0,0,0
60756,3569.73,0,0,0,0
60806,3611.85,0,0,0,0
60856,3588.52,0,0,0,0
60906,3556.19,0,0,0,0
60956,3554.50,0,0,0,0
61006,3611.85,0,0,0,0
61056,3607.50,0,0,0,0
61106,3592.81,0,0,0,0
61156,3588.52,0,0,0,0
61206,3611.85,0,0,0,0
61256,3597.98,0,0,0,0
61306,3644.31,0,0,0,0
61356,3607.50,0,0,0,0
61406,3646.09,0,0,0,0
61456,3617.07,0,0,0,0
61506,3630.20,0,0,0,0
61556,3617.07,0,0,0,0
61606,3636.36,0,0,0,0
61656,3607.50,0,0,0,0
61706,3654.97,0,0,0,0
61756,3617.07,0,0,0,0
61806,3631.08,0,0,0,0
61856,3625.82,0,0,0,0
61906,3655.86,0,0,0,0
61956,3617.07,0,0,0,0
62006,3635.48,0,0,0,0
62056,3617.07,0,0,0,0
62106,3622.31,0,0,0,0
62156,3607.50,0,0,0,0
62206,3596.26,0,0,0,0
62256,3606.64,0,0,0,0
62306,3626.69,0,0,0,0
62356,3597.98,0,0,0,0
62406,3620.56,0,0,0,0
62456,3597.98,0,0,0,0
62507,3620.56,0,0,0,0
62557,3606.64,0,0,0,0
62607,3645.20,0,0,0,0
62657,3743.45,0,-1,0,0
62707,3646.09,0,0,0,0
62757,3574.83,0,0,0,0
62807,3631.08,0,0,0,0
62857,3616.20,0,0,0,0
62907,3619.69,0,0,0,0
62957,3607.50,0,0,0,0
63007,3645.20,0,0,0,0
63057,3610.11,0,0,0,0
63107,3635.48,0,0,0,0
63157,3598.85,0,0,0,0
63207,3588.52,0,0,0,0
63257,3579.10,0,0,0,0
63307,3611.85,0,0,0,0
63357,3597.98,0,0,0,0
63407,3621.44,0,0,0,0
63457,3590.23,0,0,0,0
63507,3620.56,0,0,0,0
63557,3597.12,0,0,0,0
63607,3591.95,0,0,0,0
63657,3577.39,0,0,0,0
63707,3574.83,0,0,0,0
63757,3569.73,0,0,0,0
63807,3630.20,0,0,0,0
63857,3610.11,0,0,0,0
63907,3639.89,0,0,0,0
63958,3617.07,0,0,0,0
64008,3621.44,0,0,0,0
64058,3588.52,0,0,0,0
64108,3616.20,0,0,0,0
64158,3587.66,0,0,0,0
64208,3619.69,0,0,0,0
64258,3559.56,0,0,0,0
64308,3603.17,0,0,0,0
64358,3574.83,0,0,0,0
64408,3601.44,0,0,0,0
64458,3587.66,0,0,0,0
64508,3593.67,0,0,0,0
64558,3588.52,0,0,0,0
64608,3631.08,0,0,0,0
64658,3575.69,0,0,0,0
64708,3631.08,0,0,0,0
64758,3547.78,0,0,0,0
64808,3591.95,0,0,0,0
64858,3586.80,0,0,0,0
64908,3592.81,0,0,0,0
64958,3579.10,0,0,0,0
65008,3584.23,0,0,0,0
65058,3566.33,0,0,0,0
65108,3602.31,0,0,0,0
65158,3588.52,0,0,0,0
65208,3620.56,0,0,0,0
65258,3606.64,0,0,0,0
65308,3635.48,0,0,0,0
65358,3597.98,0,0,0,0
65408,3640.78,0,0,0,0
65458,3620.56,0,0,0,0
65508,3664.79,0,0,0,0
65558,3587.66,0,0,0,0
65608,3617.07,0,0,0,0
65658,3597.98,0,0,0,0
65708,3646.09,0,0,0,0
65758,3626.69,0,0,0,0
65808,3655.86,0,0,0,0
65858,3577.39,0,0,0,0
65908,3600.58,0,0,0,0
65958,3564.64,0,0,0,0
66008,3602.31,0,0,0,0
66058,3597.98,0,0,0,0
66108,3631.08,0,0,0,0
66158,3606.64,0,0,0,0
66208,3628.45,0,0,0,0
66258,3573.13,0,0,0,0
66308,3619.69,0,0,0,0
66358,3586.80,0,0,0,0
66408,3600.58,0,0,0,0
66458,3587.66,0,0,0,0
66508,3610.98,0,0,0,0
66558,3565.49,0,0,0,0
66608,3622.31,0,0,0,0
66658,3583.37,0,0,0,0
66708,3621.44,0,0,0,0
66758,3608.37,0,0,0,0
66808,3611.85,0,0,0,0
66859,3565.49,0,0,0,0
66909,3563.79,0,0,0,0
66959,3556.19,0,0,0,0
67009,3602.31,0,0,0,0
67059,3579.10,0,0,0,0
67109,3565.49,0,0,0,0
67159,3622.31,0,0,0,0
67209,3607.50,0,0,0,0
67259,3611.85,0,0,0,0
67309,3584.23,0,0,0,0
67359,3589.38,0,0,0,0
67409,3554.50,0,0,0,0
67459,3583.37,0,0,0,0
67509,3583.37,0,0,0,0
67559,3583.37,0,0,0,0
67609,3573.13,0,0,0,0
67659,3610.11,0,0,0,0
67709,3586.80,0,0,0,0
67759,3611.85,0,0,0,0
67809,3578.24,0,0,0,0
67859,3611.85,0,0,0,0
67909,3588.52,0,0,0,0
67959,3573.13,0,0,0,0
68009,3556.19,0,0,0,0
68059,3591.95,0,0,0,0
68109,3587.66,0,0,0,0
68159,3636.36,0,0,0,0
68209,3582.52,0,0,0,0
68259,3610.98,0,0,0,0
68310,3597.98,0,0,0,0
68360,3573.13,0,0,0,0
68410,3565.49,0,0,0,0
68460,3584.23,0,0,0,0
68510,3568.03,0,0,0,0
68560,3573.13,0,0,0,0
68610,3557.03,0,0,0,0
68660,3601.44,0,0,0,0
68710,3577.39,0,0,0,0
68760,3610.98,0,0,0,0
68810,3568.03,0,0,0,0
68860,3583.37,0,0,0,0
68910,3527.75,0,0,0,0
68960,3584.23,0,0,0,0
69010,3573.13,0,0,0,0
69060,3602.31,0,0,0,0
69110,3565.49,0,0,0,0
69160,3612.72,0,0,0,0
69210,3578.24,0,0,0,0
69260,3582.52,0,0,0,0
69310,3520.30,0,0,0,0
69360,3574.83,0,0,0,0
69410,3529.41,0,0,0,0
69460,3533.57,0,0,0,0
69510,3567.18,0,0,0,0
69560,3537.74,0,0,0,0
69610,3556.19,0,0,0,0
69660,3537.74,0,0,0,0
69710,3536.07,0,0,0,0
69760,3536.90,0,0,0,0
69810,3530.24,0,0,0,0
69860,3509.59,0,0,0,0
69910,3578.24,0,0,0,0
69960,3536.07,0,0,0,0
70010,3574.83,0,0,0,0
70060,3554.50,0,0,0,0
70110,3584.23,0,0,0,0
70160,3573.13,0,0,0,0
70210,3621.44,0,0,0,0
70260,3573.13,0,0,0,0
70310,3631.08,0,0,0,0
70360,3555.34,0,0,0,0
70410,3621.44,0,0,0,0
70460,3597.98,0,0,0,0
70510,3611.85,0,0,0,0
70560,3597.98,0,0,0,0
70610,3600.58,0,0,0,0
70660,3621.44,0,0,0,0
70710,3639.01,0,0,0,0
70760,3574.83,0,0,0,0
70810,3639.89,0,0,0,0
70860,3626.69,0,0,0,0
70910,3629.32,0,0,0,0
70960,3607.50,0,0,0,0
71010,3621.44,0,0,0,0
71060,3597.98,0,0,0,0
71110,3620.56,0,0,0,0
71160,3607.50,0,0,0,0
71211,3636.36,0,0,0,0
71261,3627.57,0,0,0,0
71311,3636.36,0,0,0,0
71361,3627.57,0,0,0,0
71411,3664.79,0,0,0,0
71461,3588.52,0,0,0,0
71511,3624.94,0,0,0,0
71561,3606.64,0,0,0,0
71611,3629.32,0,0,0,0
71661,3626.69,0,0,0,0
71711,3654.97,0,0,0,0
71761,3597.98,0,0,0,0
71811,3654.97,0,0,0,0
71861,3636.36,0,0,0,0
71911,3658.54,0,0,0,0
71961,3646.09,0,0,0,0
72011,3664.79,0,0,0,0
72061,3646.09,0,0,0,0
72111,3664.79,0,0,0,0
72161,3645.20,0,0,0,0
72211,3655.86,0,0,0,0
72261,3654.97,0,0,0,0
72311,3634.60,0,0,0,0
72361,3636.36,0,0,0,0
72411,3684.60,0,0,0,0
72461,3625.82,0,0,0,0
72511,3674.67,0,0,0,0
72561,3636.36,0,0,0,0
72611,3684.60,0,0,0,0
72662,3644.31,0,0,0,0
72712,3674.67,0,0,0,0
72762,3636.36,0,0,0,0
72812,3664.79,0,0,0,0
72862,3675.57,0,0,0,0
72912,3665.69,0,0,0,0
72962,3636.36,0,0,0,0
73012,3636.36,0,0,0,0
73062,3654.97,0,0,0,0
73112,3645.20,0,0,0,0
73162,3645.20,0,0,0,0
73212,3634.60,0,0,0,0
73262,3631.08,0,0,0,0
73312,3607.50,0,0,0,0
73362,3635.48,0,0,0,0
73412,3606.64,0,0,0,0
73462,3664.79,0,0,0,0
73512,3646.09,0,0,0,0
73562,3636.36,0,0,0,0
73612,3617.07,0,0,0,0
73662,3655.86,0,0,0,0
73712,3608.37,0,0,0,0
73762,3644.31,0,0,0,0
73812,3626.69,0,0,0,0
73862,3666.59,0,0,0,0
73912,3626.69,0,0,0,0
73962,3669.28,0,0,0,0
74012,3654.97,0,0,0,0
74062,3684.60,0,0,0,0
74112,3664.79,0,0,0,0
74162,3675.57,0,0,0,0
74212,3636.36,0,0,0,0
74262,3665.69,0,0,0,0
74312,3636.36,0,0,0,0
74362,3664.79,0,0,0,0
74412,3636.36,0,0,0,0
74462,3665.69,0,0,0,0
74512,3654.97,0,0,0,0
74562,3655.86,0,0,0,0
74612,3655.86,0,0,0,0
74662,3588.52,0,0,0,0
74712,3611.85,0,0,0,0
74762,3579.10,0,0,0,0
74812,3621.44,0,0,0,0
74862,3589.38,0,0,0,0
74912,3603.17,0,0,0,0
74962,3588.52,0,0,0,0
75012,3588.52,0,0,0,0
75062,3607.50,0,0,0,0
75112,3565.49,0,0,0,0
75162,3593.67,0,0,0,0
75212,3576.54,0,0,0,0
75262,3611.85,0,0,0,0
75312,3588.52,0,0,0,0
75362,3639.89,0,0,0,0
75412,3606.64,0,0,0,0
75462,3587.66,0,0,0,0
75512,3574.83,0,0,0,0
75563,3696.40,0,0,0,0
75613,3565.49,0,0,0,0
75663,3573.13,0,0,0,0
75713,3565.49,0,0,0,0
75763,3583.37,0,0,0,0
75813,3555.34,0,0,0,0
75863,3602.31,0,0,0,0
75913,3592.81,0,0,0,0
75963,3596.26,0,0,0,0
76013,3579.10,0,0,0,0
76063,3631.08,0,0,0,0
76113,3605.77,0,0,0,0
76163,3602.31,0,0,0,0
76213,3569.73,0,0,0,0
76263,3555.34,0,0,0,0
76313,3537.74,0,0,0,0
76363,3575.69,0,0,0,0
76413,3556.19,0,0,0,0
76463,3584.23,0,0,0,0
76513,3573.13,0,0,0,0
76563,3574.83,0,0,0,0
76613,3568.03,0,0,0,0
76663,3610.98,0,0,0,0
76713,3587.66,0,0,0,0
76763,3621.44,0,0,0,0
76813,3554.50,0,0,0,0
76863,3603.17,0,0,0,0
76913,3579.10,0,0,0,0
76963,3546.10,0,0,0,0
77014,3529.41,0,0,0,0
77064,3520.30,0,0,0,0
77114,3528.58,0,0,0,0
77164,3477.05,0,1,0,0
77214,3573.98,0,0,0,0
77264,3560.41,0,0,0,0
77314,3573.13,0,0,0,0
77364,3565.49,0,0,0,0
77414,3602.31,0,0,0,0
77464,3588.52,0,0,0,0
77514,3639.89,0,0,0,0
77564,3576.54,0,0,0,0
77614,3624.94,0,0,0,0
77664,3607.50,0,0,0,0
77714,3626.69,0,0,0,0
77764,3605.77,0,0,0,0
77814,3593.67,0,0,0,0
77864,3579.10,0,0,0,0
77914,3622.31,0,0,0,0
77964,3617.07,0,0,0,0
78014,3654.97,0,0,0,0
78064,3607.50,0,0,0,0
78114,3636.36,0,0,0,0
78164,3563.79,0,0,0,0
78214,3621.44,0,0,0,0
78264,3606.64,0,0,0,0
78314,3646.09,0,0,0,0
78364,3588.52,0,0,0,0
78414,3636.36,0,0,0,0
78464,3616.20,0,0,0,0
78514,3592.81,0,0,0,0
78564,3574.83,0,0,0,0
78614,3603.17,0,0,0,0
78664,3579.10,0,0,0,0
78714,3622.31,0,0,0,0
78764,3617.07,0,0,0,0
78814,3624.94,0,0,0,0
78864,3607.50,0,0,0,0
78914,3625.82,0,0,0,0
78964,3626.69,0,0,0,0
79014,3654.97,0,0,0,0
79064,3597.98,0,0,0,0
79114,3631.08,0,0,0,0
79164,3574.83,0,0,0,0
79214,3621.44,0,0,0,0
79264,3616.20,0,0,0,0
79314,3617.07,0,0,0,0
79364,3626.69,0,0,0,0
79414,3607.50,0,0,0,0
79464,3597.98,0,0,0,0
79514,3635.48,0,0,0,0
79564,3564.64,0,0,0,0
79614,3592.81,0,0,0,0
79664,3586.80,0,0,0,0
79714,3563.79,0,0,0,0
79764,3556.19,0,0,0,0
79814,3573.13,0,0,0,0
79864,3565.49,0,0,0,0
79915,3592.81,0,0,0,0
79965,3537.74,0,0,0,0
80015,3573.13,0,0,0,0
80065,3556.19,0,0,0,0
80115,3573.98,0,0,0,0
80165,3565.49,0,0,0,0
80215,3593.67,0,0,0,0
80265,3588.52,0,0,0,0
80315,3592.81,0,0,0,0
80365,3588.52,0,0,0,0
80415,3630.20,0,0,0,0
80465,3597.98,0,0,0,0
80515,3639.89,0,0,0,0
80565,3573.13,0,0,0,0
80615,3629.32,0,0,0,0
80665,3586.80,0,0,0,0
80715,3610.98,0,0,0,0
80765,3586.80,0,0,0,0
80815,3619.69,0,0,0,0
80865,3607.50,0,0,0,0
80915,3631.08,0,0,0,0
80965,3564.64,0,0,0,0
81015,3573.98,0,0,0,0
81065,3574.83,0,0,0,0
81115,3593.67,0,0,0,0
81165,3588.52,0,0,0,0
81215,3626.69,0,0,0,0
81265,3554.50,0,0,0,0
81315,3554.50,0,0,0,0
81366,3546.10,0,0,0,0
81416,3600.58,0,0,0,0
81466,3586.80,0,0,0,0
81516,3625.82,0,0,0,0
81566,3589.38,0,0,0,0
81616,3601.44,0,0,0,0
81666,3578.24,0,0,0,0
81716,3593.67,0,0,0,0
81766,3574.83,0,0,0,0
81816,3579.10,0,0,0,0
81866,3582.52,0,0,0,0
81916,3570.58,0,0,0,0
81966,3573.98,0,0,0,0
82016,3556.19,0,0,0,0
82066,3603.17,0,0,0,0
82116,3577.39,0,0,0,0
82166,3602.31,0,0,0,0
82216,3562.95,0,0,0,0
82266,3573.13,0,0,0,0
82316,3546.94,0,0,0,0
82366,3582.52,0,0,0,0
82416,3621.44,0,0,0,0
82466,3612.72,0,0,0,0
82516,3536.90,0,0,0,0
82566,3603.17,0,0,0,0
82616,3587.66,0,0,0,0
82666,3612.72,0,0,0,0
82716,3598.85,0,0,0,0
82766,3579.10,0,0,0,0
82816,3599.71,0,0,0,0
82866,3583.37,0,0,0,0
82916,3579.10,0,0,0,0
82966,3601.44,0,0,0,0
83016,3586.80,0,0,0,0
83066,3592.81,0,0,0,0
83116,3596.26,0,0,0,0
83166,3592.81,0,0,0,0
83216,3650.52,0,0,0,0
83266,3572.28,0,0,0,0
83316,3570.58,0,0,0,0
83366,3602.31,0,0,0,0
83416,3546.94,0,0,0,0
83466,3593.67,0,0,0,0
83516,3579.10,0,0,0,0
83566,3621.44,0,0,0,0
83616,3676.47,0,0,0,0
83666,3636.36,0,0,0,0
83716,3597.98,0,0,0,0
83766,3645.20,0,0,0,0
83816,3607.50,0,0,0,0
83866,3654.97,0,0,0,0
83916,3592.81,0,0,0,0
83966,3645.20,0,0,0,0
84016,3629.32,0,0,0,0
84066,3607.50,0,0,0,0
84116,3624.94,0,0,0,0
84166,3645.20,0,0,0,0
84216,3624.94,0,0,0,0
84267,3635.48,0,0,0,0
84317,3573.98,0,0,0,0
84367,3631.08,0,0,0,0
84417,3600.58,0,0,0,0
84467,3629.32,0,0,0,0
84517,3586.80,0,0,0,0
84567,3631.08,0,0,0,0
84617,3617.07,0,0,0,0
84667,3636.36,0,0,0,0
84717,3626.69,0,0,0,0
84767,3664.79,0,0,0,0
84817,3629.32,0,0,0,0
84867,3636.36,0,0,0,0
84917,3636.36,0,0,0,0
84967,3617.07,0,0,0,0
85017,3617.07,0,0,0,0
85067,3654.97,0,0,0,0
85117,3626.69,0,0,0,0
85167,3616.20,0,0,0,0
85217,3488.37,0,1,0,0
85267,3625.82,0,0,0,0
85317,3617.07,0,0,0,0
85367,3645.20,0,0,0,0
85417,3598.85,0,0,0,0
85467,3664.79,0,0,0,0
85517,3597.98,0,0,0,0
85567,3646.09,0,0,0,0
85617,3636.36,0,0,0,0
85667,3684.60,0,0,0,0
85718,3654.97,0,0,0,0
85768,3694.58,0,0,0,0
85818,3674.67,0,0,0,0
85868,3655.86,0,0,0,0
85918,3685.50,0,0,0,0
85968,3664.79,0,0,0,0
86018,3694.58,0,0,0,0
86068,3646.09,0,0,0,0
86118,3684.60,0,0,0,0
86168,3645.20,0,0,0,0
86218,3645.20,0,0,0,0
86268,3636.36,0,0,0,0
86318,3664.79,0,0,0,0
86368,3655.86,0,0,0,0
86418,3646.09,0,0,0,0
86468,3627.57,0,0,0,0
86518,3639.01,0,0,0,0
86568,3626.69,0,0,0,0
86618,3674.67,0,0,0,0
86668,3635.48,0,0,0,0
86718,3684.60,0,0,0,0
86768,3607.50,0,0,0,0
86818,3646.09,0,0,0,0
86868,3630.20,0,0,0,0
86918,3674.67,0,0,0,0
86968,3635.48,0,0,0,0
87018,3665.69,0,0,0,0
87068,3655.86,0,0,0,0
87118,3674.67,0,0,0,0
87168,3665.69,0,0,0,0
87218,3675.57,0,0,0,0
87268,3607.50,0,0,0,0
87318,3654.97,0,0,0,0
87368,3620.56,0,0,0,0
87418,3626.69,0,0,0,0
87468,3596.26,0,0,0,0
87518,3573.13,0,0,0,0
87568,3582.52,0,0,0,0
87618,3597.98,0,0,0,0
87668,3588.52,0,0,0,0
87718,3617.07,0,0,0,0
87768,3597.98,0,0,0,0
87818,3644.31,0,0,0,0
87868,3607.50,0,0,0,0
87918,3655.86,0,0,0,0
87968,3611.85,0,0,0,0
88018,3636.36,0,0,0,0
88068,3689.13,0,0,0,0
88118,3646.09,0,0,0,0
88168,3646.09,0,0,0,0
88218,3636.36,0,0,0,0
88268,3626.69,0,0,0,0
88318,3617.07,0,0,0,0
88368,3605.77,0,0,0,0
88418,3587.66,0,0,0,0
88468,3619.69,0,0,0,0
88518,3597.12,0,0,0,0
88568,3602.31,0,0,0,0
88619,3579.10,0,0,0,0
88669,3602.31,0,0,0,0
88719,3565.49,0,0,0,0
88769,3612.72,0,0,0,0
88819,3608.37,0,0,0,0
88869,3646.09,0,0,0,0
88919,3597.12,0,0,0,0
88969,3630.20,0,0,0,0
89019,3607.50,0,0,0,0
89069,3612.72,0,0,0,0
89119,3597.98,0,0,0,0
89169,3631.08,0,0,0,0
89219,3556.19,0,0,0,0
89269,3583.37,0,0,0,0
89319,3582.52,0,0,0,0
89369,3610.98,0,0,0,0
89419,3586.80,0,0,0,0
89469,3610.11,0,0,0,0
89519,3592.81,0,0,0,0
89569,3593.67,0,0,0,0
89619,3611.85,0,0,0,0
89669,3579.10,0,0,0,0
89719,3622.31,0,0,0,0
89769,3650.52,0,0,0,0
89819,3592.81,0,0,0,0
89869,3579.95,0,0,0,0
89919,3574.83,0,0,0,0
89969,3563.79,0,0,0,0
90019,3574.83,0,0,0,0
90070,3549.46,0,0,0,0
90120,3603.17,0,0,0,0
90170,3579.10,0,0,0,0
90220,3554.50,0,0,0,0
90270,3556.19,0,0,0,0
90320,3582.52,0,0,0,0
90370,3565.49,0,0,0,0
90420,3611.85,0,0,0,0
90470,3576.54,0,0,0,0
90520,3563.79,0,0,0,0
90570,3556.19,0,0,0,0
90620,3584.23,0,0,0,0
90670,3554.50,0,0,0,0
90720,3573.98,0,0,0,0
90770,3565.49,0,0,0,0
90820,3564.64,0,0,0,0
90870,3550.30,0,0,0,0
90920,3565.49,0,0,0,0
90970,3554.50,0,0,0,0
91020,3574.83,0,0,0,0
91070,3536.90,0,0,0,0
91120,3565.49,0,0,0,0
91170,3537.74,0,0,0,0
91220,3582.52,0,0,0,0
91270,3546.10,0,0,0,0
91320,3526.92,0,0,0,0
91370,3565.49,0,0,0,0
91420,3546.10,0,0,0,0
91470,3584.23,0,0,0,0
91520,3577.39,0,0,0,0
91570,3619.69,0,0,0,0
91620,3587.66,0,0,0,0
91670,3621.44,0,0,0,0
91720,3597.98,0,0,0,0
91770,3645.20,0,0,0,0
91820,3581.66,0,0,0,0
91870,3629.32,0,0,0,0
91920,3586.80,0,0,0,0
91970,3630.20,0,0,0,0
92020,3563.79,0,0,0,0
92070,3610.98,0,0,0,0
92120,3587.66,0,0,0,0
92170,3621.44,0,0,0,0
92220,3587.66,0,0,0,0
92270,3630.20,0,0,0,0
92320,3562.95,0,0,0,0
92370,3610.98,0,0,0,0
92420,3546.94,0,0,0,0
92470,3582.52,0,0,0,0
92520,3564.64,0,0,0,0
92570,3546.10,0,0,0,0
92620,3537.74,0,0,0,0
92670,3591.95,0,0,0,0
92720,3537.74,0,0,0,0
92770,3573.98,0,0,0,0
92820,3527.75,0,0,0,0
92870,3556.19,0,0,0,0
92920,3528.58,0,0,0,0
92971,3582.52,0,0,0,0
93021,3509.59,0,0,0,0
93071,3565.49,0,0,0,0
93121,3573.13,0,0,0,0
93171,3504.67,0,0,0,0
93221,3546.94,0,0,0,0
93271,3529.41,0,0,0,0
93321,3556.19,0,0,0,0
93371,3546.10,0,0,0,0
93421,3573.98,0,0,0,0
93471,3554.50,0,0,0,0
93521,3556.19,0,0,0,0
93571,3527.75,0,0,0,0
93621,3573.13,0,0,0,0
93671,3546.94,0,0,0,0
93721,3591.95,0,0,0,0
93771,3565.49,0,0,0,0
93821,3565.49,0,0,0,0
93871,3556.19,0,0,0,0
93921,3593.67,0,0,0,0
93971,3518.65,0,0,0,0
94021,3583.37,0,0,0,0
94071,3578.24,0,0,0,0
94121,3565.49,0,0,0,0
94171,3556.19,0,0,0,0
94221,3542.75,0,0,0,0
94271,3555.34,0,0,0,0
94321,3556.19,0,0,0,0
94371,3591.95,0,0,0,0
94422,3556.19,0,0,0,0
94472,3602.31,0,0,0,0
94522,3526.92,0,0,0,0
94572,3582.52,0,0,0,0
94622,3565.49,0,0,0,0
94672,3574.83,0,0,0,0
94722,3563.79,0,0,0,0
94772,3565.49,0,0,0,0
94822,3554.50,0,0,0,0
94872,3591.95,0,0,0,0
94922,3565.49,0,0,0,0
94972,3583.37,0,0,0,0
95022,3573.13,0,0,0,0
95072,3538.57,0,0,0,0
95122,3537.74,0,0,0,0
95172,3573.13,0,0,0,0
95222,3556.19,0,0,0,0
95272,3601.44,0,0,0,0
95322,3573.13,0,0,0,0
95372,3574.83,0,0,0,0
95422,3555.34,0,0,0,0
95472,3602.31,0,0,0,0
95522,3579.95,0,0,0,0
95572,3591.95,0,0,0,0
95622,3611.85,0,0,0,0
95672,3521.13,0,0,2,0
95722,3568.03,0,0,16,0
95772,3541.08,113,0,128,0
95822,3540.24,1008,0,1022,0
95872,3541.08,8156,0,8170,0
95922,3760.34,-168,-1,-183,0
95972,4011.77,-44,-4,0,-43
96022,3779.29,0,-1,0,0
96072,4134.51,-70,-5,0,-76
96122,4364.27,-145,-7,0,-139
96172,4030.09,0,-4,0,0
96222,4141.36,-15,-5,0,-22
96272,4194.63,-35,-5,0,-33
96322,4030.09,0,-4,0,0
96372,4156.28,-17,-5,0,-27
96422,4070.56,-6,-4,0,-8
96472,4033.34,0,-4,0,0
96523,3961.96,-2,-3,0,0
96573,3945.29,0,-3,0,0
96623,3857.03,0,-2,0,0
96673,3846.15,0,-2,0,0
96723,3793.63,0,-1,0,0
96773,3720.24,0,-1,0,0
96823,3813.88,0,-2,0,0
96873,3636.36,0,0,0,0
96923,3587.66,0,0,0,0
96973,3536.90,0,0,0,0
97024,3509.59,0,0,0,0
97074,3630.20,0,0,0,0
97124,3451.45,0,1,0,0
97174,3459.41,0,1,0,0
97224,3416.86,0,1,0,0
97274,3451.45,0,1,0,0
97324,3394.43,0,2,0,0
97375,3477.86,0,1,0,0
97425,3496.50,0,1,0,0
97475,3448.28,0,1,0,0
97525,3503.85,0,0,0,0
97575,3493.25,0,1,0,0
97625,3530.24,0,0,0,0
97675,3519.47,0,0,0,0
97725,3574.83,0,0,0,0
97775,3564.64,0,0,0,0
97825,3584.23,0,0,0,0
97875,3565.49,0,0,0,0
97925,3611.85,0,0,0,0
97975,3563.79,0,0,0,0
98025,3593.67,0,0,0,0
98075,3556.19,0,0,0,0
98125,3631.08,0,0,0,0
98176,3563.79,0,0,0,0
98226,3582.52,0,0,0,0
98276,3577.39,0,0,0,0
98326,3602.31,0,0,0,0
98376,3597.12,0,0,0,0
98426,3646.09,0,0,0,0
98476,3616.20,0,0,0,0
98526,3654.97,0,0,0,0
98576,3607.50,0,0,0,0
98626,3645.20,0,0,0,0
98676,3626.69,0,0,0,0
98726,3625.82,0,0,0,0
98776,3626.69,0,0,0,0
98826,3646.09,0,0,0,0
98876,3563.79,0,0,0,0
98926,3482.70,0,1,0,0
98976,3399.82,2,2,1,0
99026,3341.50,0,2,0,4
99076,3261.58,0,3,0,3
99126,3169.91,5,4,0,5
99176,3107.52,0,4,0,6
99226,3038.28,0,5,0,2
99276,2980.92,0,6,0,2
99326,2884.06,8,7,0,6
99376,2826.99,0,7,0,5
99426,2766.51,0,8,0,6
99476,2695.90,8,9,0,2
99526,2640.84,3,9,0,1
99576,2587.99,0,10,0,1
99627,2530.79,0,10,0,1
99677,2474.43,0,11,0,0
99727,2416.24,0,11,0,1
99777,2361.83,0,12,0,0
99827,2307.34,0,12,0,0
99877,2248.54,3,13,0,1
99927,2196.84,10,14,0,1
99977,2147.46,0,14,0,5
100027,2098.49,0,15,0,4
100077,2044.43,6,15,0,4
100127,1990.45,17,16,0,4
100177,1986.23,0,16,0,0
100227,1933.74,6,16,0,0
100277,1885.37,0,17,0,4
100327,1832.17,7,17,0,4
100377,1829.94,17,17,0,0
100427,1775.15,18,18,0,0
100477,1727.12,22,18,0,4
100527,1674.48,23,19,0,4
100577,1672.43,19,19,0,0
100627,1622.67,23,19,0,4
100677,1569.53,23,20,0,3
100727,1566.58,20,20,0,0
100777,1514.23,23,20,0,3
100827,1514.08,20,20,0,0
100877,1497.75,16,21,0,-5
100927,1405.42,27,21,0,6
100977,1404.36,21,21,0,0
101027,1349.28,25,22,0,3
101078,1348.19,22,22,0,0
101128,1293.44,26,23,0,3
101178,1293.44,23,23,0,0
101228,1234.67,26,23,0,3
101278,1237.73,23,23,0,0
101328,1176.01,27,24,0,3
101378,1179.52,24,24,0,0
101428,1117.65,27,24,0,3
101478,1120.07,24,24,0,0
101528,1062.77,28,25,0,3
101578,1057.90,25,25,0,0
101628,1001.40,27,25,0,2
101678,989.64,26,26,0,0
101728,989.64,26,26,0,0
101778,924.27,29,26,0,3
101828,922.11,26,26,0,0
101878,855.33,29,27,0,2
101928,855.33,29,27,0,2
101978,850.20,27,27,0,0
102028,781.70,30,28,0,2
102078,781.70,30,28,0,2
102128,771.37,28,28,0,0
102178,771.37,28,28,0,0
102228,706.85,30,28,0,2
102278,682.66,29,29,0,0
102328,682.66,29,29,0,0
102378,609.46,31,29,0,2
102428,609.46,31,29,0,2
102478,578.95,30,30,0,0
102528,578.95,30,30,0,0
102578,578.95,30,30,0,0
102628,493.10,33,31,0,2
102678,493.10,33,31,0,2
102728,493.10,33,31,0,2
102778,447.88,32,31,0,1
102828,447.88,32,31,0,1
102878,447.88,32,31,0,1
102928,331.36,33,32,0,1
102978,331.36,33,32,0,1
103028,331.36,33,32,0,1
103078,331.36,33,32,0,1
103974,56.55,-33,32,0,1
104024,56.55,-33,32,0,1
104074,56.55,-33,32,0,1
104124,56.55,-33,32,0,1
104174,56.55,-33,32,0,1
104224,56.55,-33,32,0,1
104274,56.55,-33,32,0,1
104324,56.55,-33,32,0,1
104374,56.55,-33,32,0,1
104424,56.55,-33,32,0,1
104474,56.55,-33,32,0,1
104524,56.55,-33,32,0,1
104574,56.55,-33,32,0,1
104624,56.55,-33,32,0,1
104674,56.55,-33,32,0,1
104724,56.55,-33,32,0,1
104774,56.55,-33,32,0,1
104824,56.55,-33,32,0,1
104875,56.55,-33,32,0,1
104925,56.55,-33,32,0,1
104975,56.55,-33,32,0,1
105025,56.55,-33,32,0,1
105075,56.55,-33,32,0,1
105125,56.55,-33,32,0,1
105175,56.55,-33,32,0,1
105225,56.55,-33,32,0,1
105275,56.55,-33,32,0,1
105325,56.55,-33,32,0,1
105375,56.55,-33,32,0,1
105425,56.55,-33,32,0,1
105475,56.55,-33,32,0,1
105525,56.55,-33,32,0,1
105575,56.55,-33,32,0,1
105625,56.55,-33,32,0,1
105675,56.55,-33,32,0,1
105725,56.55,-33,32,0,1
105775,56.55,-33,32,0,1
105825,56.55,-33,32,0,1
105875,56.55,-33,32,0,1
105925,56.55,-33,32,0,1
105975,56.55,-33,32,0,1
106025,56.55,-33,32,0,1
106075,56.55,-33,32,0,1
106125,56.55,-33,32,0,1
106175,56.55,-33,32,0,1
106225,56.55,-33,32,0,1
106275,56.55,-33,32,0,1
106326,56.55,-33,32,0,1
106376,56.55,-33,32,0,1
106426,56.55,-33,32,0,1
106476,56.55,-33,32,0,1
106526,56.55,-33,32,0,1
106576,56.55,-33,32,0,1
106626,56.55,-33,32,0,1
106676,56.55,-33,32,0,1
106726,56.55,-33,32,0,1
106776,56.55,-33,32,0,1
106826,56.55,-33,32,0,1
106876,56.55,-33,32,0,1
106926,56.55,-33,32,0,1
106976,56.55,-33,32,0,1
107026,56.55,-33,32,0,1
107076,56.55,-33,32,0,1
107126,56.55,-33,32,0,1
107176,56.55,-33,32,0,1
107226,56.55,-33,32,0,1
107276,56.55,-33,32,0,1
107326,56.55,-33,32,0,1
107376,56.55,-33,32,0,1
107426,56.55,-33,32,0,1
107476,56.55,-33,32,0,1
107526,56.55,-33,32,0,1
107576,56.55,-33,32,0,1
107626,56.55,-33,32,0,1
107676,56.55,-33,32,0,1
107726,56.55,-33,32,0,1
107776,56.55,-33,32,0,1
107826,56.55,-33,32,0,1
107876,56.55,-33,32,0,1
107926,56.55,-33,32,0,1
107976,56.55,-33,32,0,1
108026,56.55,-33,32,0,1
108076,56.55,-33,32,0,1
108126,56.55,-33,32,0,1
108176,56.55,-33,32,0,1
108226,56.55,-33,32,0,1
108276,56.55,-33,32,0,1
108326,56.55,-33,32,0,1
108376,56.55,-33,32,0,1
108426,56.55,-33,32,0,1
108476,56.55,-33,32,0,1
108526,56.55,-33,32,0,1
108576,56.55,-33,32,0,1
