Time	RPM	Steps Remaining	 PID p	 PID i	 PID d
1617	0	0	0	0	0
1667	0	0	0	0	0
1717	0	0	0	0	0
1767	0	0	0	0	0
1817	0	0	0	0	0
1867	0	0	0	0	0
1917	0	0	0	0	0
1967	0	0	0	0	0
2017	0	0	0	0	0
2067	0	0	0	0	0
2117	0	0	0	0	0
2167	0	0	0	0	0
2217	0	0	0	0	0
2267	0	0	0	0	0
2317	0	0	0	0	0
2367	0	0	0	0	0
2417	0	0	0	0	0
2467	0	0	0	0	0
2518	0	0	0	0	0
2568	0	0	0	0	0
2618	0	0	0	0	0
2668	0	0	0	0	0
2718	0	0	0	0	0
2768	0	0	0	0	0
2818	0	0	0	0	0
2868	0	0	0	0	0
2918	0	0	0	0	0
2968	0	0	0	0	0
3018	0	0	0	0	0
3068	0	0	0	0	0
3118	0	0	0	0	0
3168	0	0	0	0	0
3218	0	0	0	0	0
3268	0	0	0	0	0
3318	0	0	0	0	0
3368	0	0	0	0	0
3418	0	0	0	0	0
3468	0	0	0	0	0
3518	0	0	0	0	0
3568	0	0	0	0	0
3618	0	0	0	0	0
3668	0	0	0	0	0
3718	0	0	0	0	0
3768	0	0	0	0	0
3818	0	0	0	0	0
3868	0	0	0	0	0
3918	0	0	0	0	0
3968	0	0	0	0	0
4018	0	0	0	0	0
4068	0	0	0	0	0
4118	0	0	0	0	0
4168	0	0	0	0	0
4218	0	0	0	0	0
4268	0	0	0	0	0
4318	0	0	0	0	0
4368	0	0	0	0	0
4418	0	0	0	0	0
4468	0	0	0	0	0
4518	0	0	0	0	0
4568	0	0	0	0	0
4618	0	0	0	0	0
4668	0	0	0	0	0
4718	0	0	0	0	0
4768	0	0	0	0	0
4818	0	0	0	0	0
4868	0	0	0	0	0
4918	0	0	0	0	0
4968	0	0	0	0	0
5018	0	0	0	0	0
5068	0	0	0	0	0
5118	0	0	0	0	0
5168	0	0	0	0	0
5218	0	0	0	0	0
5268	0	0	0	0	0
5318	0	0	0	0	0
5368	0	0	0	0	0
5419	0	0	0	0	0
5469	0	0	0	0	0
5519	0	0	0	0	0
5569	0	0	0	0	0
5619	0	0	0	0	0
5669	0	0	0	0	0
5719	0	0	0	0	0
5769	0	0	0	0	0
5819	0	0	0	0	0
5869	0	0	0	0	0
5919	0	0	0	0	0
5969	0	0	0	0	0
6019	0	0	0	0	0
6069	0	0	0	0	0
6119	0	0	0	0	0
6169	0	0	0	0	0
6219	0	0	0	0	0
6269	0	0	0	0	0
6319	0	0	0	0	0
6369	0	0	0	0	0
6419	0	0	0	0	0
6469	0	0	0	0	0
6519	0	0	0	0	0
6569	0	0	0	0	0
6619	0	0	0	0	0
6669	0	0	0	0	0
6719	0	0	0	0	0
6769	0	0	0	0	0
6819	0	0	0	0	0
6870	0	0	0	0	0
6920	0	0	0	0	0
6970	0	0	0	0	0
7020	0	0	0	0	0
7070	0	0	0	0	0
7120	0	0	0	0	0
7170	0	0	0	0	0
7220	0	0	0	0	0
7270	0	0	0	0	0
7320	0	0	0	0	0
7370	0	0	0	0	0
7420	0	0	0	0	0
7470	0	0	0	0	0
7520	0	0	0	0	0
7570	0	0	0	0	0
7620	0	0	0	0	0
7670	0	0	0	0	0
7720	0	0	0	0	0
7770	0	0	0	0	0
7820	0	0	0	0	0
7870	0	0	0	0	0
7920	0	0	0	0	0
7970	0	0	0	0	0
8020	0	0	0	0	0
8070	0	0	0	0	0
8120	0	0	0	0	0
8170	0	0	0	0	0
8220	0	0	0	0	0
8270	0	0	0	0	0
8320	0	0	0	0	0
8370	0	0	0	0	0
8420	inf	0	0	0	0
8470	inf	0	0	0	0
8520	470.12	57	62	0	0
8570	470.12	7	62	0	0
8620	578.88	51	60	0	-8
8670	578.88	2	60	0	-8
8720	1036.27	0	51	0	-63
8770	1037.99	15	51	0	0
8820	1499.4	25	42	0	-13
8870	1708.43	0	37	0	-47
8920	1945.53	-23	33	0	-58
8970	1990.71	0	32	0	-12
9020	2189.46	8	28	0	-3
9070	2412.35	0	23	0	-36
9120	2498.75	7	22	0	3
9170	2618.26	0	19	0	-7
9220	2753.81	39	16	0	28
9271	2983.89	-41	12	0	-66
9321	3027.86	0	11	0	-7
9371	3028.47	82	11	0	87
9421	3341.5	-51	5	0	-67
9472	3448.28	0	3	0	0
9522	3466.6	0	2	0	0
9572	3513.7	0	1	0	0
9622	3631.08	0	0	0	0
9672	3679.18	0	-1	0	0
9722	3774.53	0	-3	0	0
9772	3781.19	0	-3	-2	0
9822	3822.63	0	-4	0	0
9872	3828.48	0	-4	0	0
9922	3820.68	-3	-4	0	0
9972	3867.97	-1	-5	0	0
10022	3828.48	0	-4	0	0
10072	3844.18	0	-4	0	0
10122	3828.48	0	-4	0	0
10172	3812.91	0	-4	0	0
10222	3790.75	-1	-3	0	0
10272	3738.78	0	-2	0	0
10322	3735.99	0	-2	0	0
10372	3703.7	0	-2	0	0
10422	3734.13	0	-2	0	0
10472	3669.28	0	-1	0	0
10522	3679.18	0	-1	0	0
10572	3631.08	0	0	0	0
10622	3616.2	0	0	0	0
10672	3577.39	0	0	0	0
10722	3584.23	0	0	0	0
10772	3536.07	0	1	0	0
10822	3548.62	0	1	0	0
10872	3485.94	0	2	0	0
10923	3517.82	0	1	0	0
10973	3471.42	0	2	0	0
11023	3490.81	0	2	0	0
11073	3472.22	1	2	0	0
11123	3494.06	0	2	0	0
11173	3550.3	0	0	0	0
11223	3537.74	0	1	0	0
11273	3601.44	0	0	0	0
11323	3654.08	0	-1	0	0
11373	3600.58	0	0	0	0
11423	3587.66	0	0	0	0
11473	3655.86	0	-1	0	0
11523	3625.82	0	0	0	0
11573	3674.67	0	-1	0	0
11623	3659.43	0	-1	0	0
11673	3640.78	0	0	0	0
11723	3643.43	0	0	0	0
11773	3635.48	0	0	0	0
11823	3675.57	0	-1	0	0
11873	3659.43	0	-1	0	0
11923	3695.49	0	-1	0	0
11973	3684.6	0	-1	0	0
12023	3699.14	0	-1	0	0
12073	3649.63	0	0	0	0
12123	3677.37	0	-1	0	0
12173	3631.08	0	0	0	0
12223	3597.12	0	0	0	0
12273	3587.66	0	0	0	0
12323	3603.17	0	0	0	0
12374	3579.1	0	0	0	0
12424	3621.44	0	0	0	0
12474	3538.57	0	1	0	0
12524	3654.97	0	-1	0	0
12574	3565.49	0	0	0	0
12624	3536.9	0	1	0	0
12674	3512.88	0	1	0	0
12724	3494.06	1	2	0	0
12774	3516.17	0	1	0	0
12824	3518.65	0	1	0	0
12874	3550.3	0	0	0	0
12924	3558.72	0	0	0	0
12974	3583.37	0	0	0	0
13024	3579.1	0	0	0	0
13074	3630.2	0	0	0	0
13124	3597.98	0	0	0	0
13174	3626.69	0	0	0	0
13224	3617.07	0	0	0	0
13274	3646.09	0	0	0	0
13324	3616.2	0	0	0	0
13374	3664.79	0	-1	0	0
13424	3649.63	0	0	0	0
13474	3694.58	0	-1	0	0
13524	3688.22	0	-1	0	0
13574	3669.28	0	-1	0	0
13624	3688.22	0	-1	0	0
13674	3640.78	0	0	0	0
13724	3686.41	0	-1	0	0
13774	3649.63	0	0	0	0
13824	3635.48	0	0	0	0
13874	3616.2	0	0	0	0
13924	3620.56	0	0	0	0
13974	3607.5	0	0	0	0
14024	3621.44	0	0	0	0
14074	3597.98	0	0	0	0
14124	3557.03	0	0	0	0
14174	3597.98	0	0	0	0
14224	3635.48	0	0	0	0
14274	3564.64	0	0	0	0
14324	3593.67	0	0	0	0
14374	3579.1	0	0	0	0
14424	3568.88	0	0	0	0
14474	3536.9	0	1	0	0
14524	3578.24	0	0	0	0
14574	3584.23	0	0	0	0
14624	3545.26	0	1	0	0
14674	3573.98	0	0	0	0
14724	3565.49	0	0	0	0
14774	3573.13	0	0	0	0
14824	3556.19	0	0	0	0
14874	3531.9	0	1	0	0
14924	3513.7	0	1	0	0
14974	3541.08	0	1	0	0
15024	3536.9	0	1	0	0
15074	3592.81	0	0	0	0
15124	3536.9	0	1	0	0
15174	3602.31	0	0	0	0
15224	3597.98	0	0	0	0
15275	3640.78	0	0	0	0
15325	3616.2	0	0	0	0
15375	3617.07	0	0	0	0
15425	3625.82	0	0	0	0
15475	3654.97	0	-1	0	0
15525	3649.63	0	0	0	0
15575	3679.18	0	-1	0	0
15625	3649.63	0	0	0	0
15675	3679.18	0	-1	0	0
15725	3621.44	0	0	0	0
15775	3605.77	0	0	0	0
15825	3538.57	0	1	0	0
15875	3612.72	0	0	0	0
15925	3597.98	0	0	0	0
15975	3592.81	0	0	0	0
16025	3536.9	0	1	0	0
16075	3612.72	0	0	0	0
16125	3546.1	0	1	0	0
16175	3592.81	0	0	0	0
16225	3562.95	0	0	0	0
16275	3576.54	0	0	0	0
16325	3546.94	0	1	0	0
16375	3601.44	0	0	0	0
16425	3573.13	0	0	0	0
16475	3574.83	0	0	0	0
16525	3568.88	0	0	0	0
16575	3596.26	0	0	0	0
16625	3546.94	0	1	0	0
16675	3573.13	0	0	0	0
16726	3579.1	0	0	0	0
16776	3611.85	0	0	0	0
16826	3607.5	0	0	0	0
16876	3646.09	0	0	0	0
16926	3640.78	0	0	0	0
16976	3645.2	0	0	0	0
17026	3625.82	0	0	0	0
17076	3654.97	0	-1	0	0
17126	3640.78	0	0	0	0
17176	3669.28	0	-1	0	0
17226	3617.07	0	0	0	0
17276	3646.09	0	0	0	0
17326	3630.2	0	0	0	0
17376	3664.79	0	-1	0	0
17426	3588.52	0	0	0	0
17476	3603.17	0	0	0	0
17526	3577.39	0	0	0	0
17576	3539.41	0	1	0	0
17626	3536.9	0	1	0	0
17676	3550.3	0	0	0	0
17726	3546.1	0	1	0	0
17776	3578.24	0	0	0	0
17826	3545.26	0	1	0	0
17876	3557.87	0	0	0	0
17926	3531.9	0	1	0	0
17976	3568.03	0	0	0	0
18026	3577.39	0	0	0	0
18076	3666.59	0	-1	0	0
18126	3621.44	0	0	0	0
18176	3606.64	0	0	0	0
18226	3664.79	0	-1	0	0
18276	3801.32	-4	-4	-1	0
18326	3657.64	-7	-1	-8	0
18376	3785.01	-62	-3	-62	0
18426	3562.95	-488	0	-491	0
18476	3562.95	-3923	0	-3925	0
18526	3367	3	4	0	0
18576	3430.14	0	3	0	0
18626	3526.09	0	1	0	0
18676	3340.01	-69	5	0	-83
18726	3401.36	0	3	0	0
18776	3166.56	25	8	0	34
18826	3328.16	-68	5	0	-84
18876	3348.21	-50	5	0	-60
18926	3165.89	0	8	0	-18
18976	3016.29	69	11	0	68
19026	3166.56	13	8	0	8
19076	3017.5	115	11	0	119
19126	3165.22	8	8	0	8
19176	3166.56	8	8	0	3
19226	3308.34	65	5	0	77
19276	3357.96	0	4	0	0
19326	3457.81	0	2	0	0
19376	3449.86	0	3	0	0
19426	3596.26	0	0	0	0
19476	3620.56	0	0	0	0
19526	3718.39	0	-2	0	0
19576	3738.78	0	-2	0	0
19627	3800.35	0	-4	-1	0
19677	3793.63	0	-3	0	0
19727	3811.94	-2	-4	0	0
19777	3793.63	0	-3	0	0
19827	3759.4	0	-3	0	0
19877	3791.71	0	-3	0	0
19927	3750	0	-3	0	0
19977	3764.12	0	-3	0	0
20027	3749.06	0	-2	0	0
20077	3713.79	-1	-2	0	0
20127	3684.6	0	-1	0	0
20177	3649.63	0	0	0	0
20227	3646.09	0	0	0	0
20277	3573.13	0	0	0	0
20327	3556.19	0	0	0	0
20377	3514.53	0	1	0	0
20427	3550.3	0	0	0	0
20477	3549.46	0	1	0	0
20527	3528.58	0	1	0	0
20577	3534.4	0	1	0	0
20627	3512.06	0	1	0	0
20677	3516.17	0	1	0	0
20727	3496.5	0	2	0	0
20777	3542.75	0	1	0	0
20827	3537.74	0	1	0	0
20877	3601.44	0	0	0	0
20927	3596.26	0	0	0	0
20977	3625.82	0	0	0	0
21027	3631.08	0	0	0	0
21078	3665.69	0	-1	0	0
21128	3639.89	0	0	0	0
21178	3690.04	0	-1	0	0
21228	3670.17	0	-1	0	0
21278	3678.27	0	-1	0	0
21328	3649.63	0	0	0	0
21378	3645.2	0	0	0	0
21428	3597.12	0	0	0	0
21478	3617.07	0	0	0	0
21528	3607.5	0	0	0	0
21578	3635.48	0	0	0	0
21628	3616.2	0	0	0	0
21678	3613.59	0	0	0	0
21728	3598.85	0	0	0	0
21778	3636.36	0	0	0	0
21828	3588.52	0	0	0	0
21878	3612.72	0	0	0	0
21928	3556.19	0	0	0	0
21978	3601.44	0	0	0	0
22028	3554.5	0	0	0	0
22078	3611.85	0	0	0	0
22128	3588.52	0	0	0	0
22178	3626.69	0	0	0	0
22228	3621.44	0	0	0	0
22278	3621.44	0	0	0	0
22328	3597.98	0	0	0	0
22378	3588.52	0	0	0	0
22428	3565.49	0	0	0	0
22478	3611.85	0	0	0	0
22528	3577.39	0	0	0	0
22578	3593.67	0	0	0	0
22628	3565.49	0	0	0	0
22678	3592.81	0	0	0	0
22728	3568.03	0	0	0	0
22778	3600.58	0	0	0	0
22828	3554.5	0	0	0	0
22878	3592.81	0	0	0	0
22928	3574.83	0	0	0	0
22978	3620.56	0	0	0	0
23028	3578.24	0	0	0	0
23078	3610.98	0	0	0	0
23128	3587.66	0	0	0	0
23178	3602.31	0	0	0	0
23228	3588.52	0	0	0	0
23278	3602.31	0	0	0	0
23328	3589.38	0	0	0	0
23378	3621.44	0	0	0	0
23428	3593.67	0	0	0	0
23478	3603.17	0	0	0	0
23528	3554.5	0	0	0	0
23578	3558.72	0	0	0	0
23628	3532.74	0	1	0	0
23678	3585.94	0	0	0	0
23728	3573.13	0	0	0	0
23778	3536.9	0	1	0	0
23828	3597.12	0	0	0	0
23878	3596.26	0	0	0	0
23928	3654.97	0	-1	0	0
23979	3639.89	0	0	0	0
24029	3640.78	0	0	0	0
24079	3655.86	0	-1	0	0
24129	3649.63	0	0	0	0
24179	3689.13	0	-1	0	0
24229	3631.96	0	0	0	0
24279	3665.69	0	-1	0	0
24329	3631.08	0	0	0	0
24379	3645.2	0	0	0	0
24429	3617.07	0	0	0	0
24479	3606.64	0	0	0	0
24529	3579.1	0	0	0	0
24579	3612.72	0	0	0	0
24629	3580.81	0	0	0	0
24679	3573.13	0	0	0	0
24729	3565.49	0	0	0	0
24779	3583.37	0	0	0	0
24829	3586.8	0	0	0	0
24879	3597.98	0	0	0	0
24929	3582.52	0	0	0	0
24979	3602.31	0	0	0	0
25029	3574.83	0	0	0	0
25079	3621.44	0	0	0	0
25129	3546.94	0	1	0	0
25179	3565.49	0	0	0	0
25229	3604.04	0	0	0	0
25279	3582.52	0	0	0	0
25329	3600.58	0	-3	0	0
25379	3577.39	0	0	0	0
25430	3611.85	0	0	0	0
25480	3542.75	0	1	0	0
25530	3591.95	0	0	0	0
25580	3588.52	0	0	0	0
25630	3611.85	0	0	0	0
25680	3597.12	0	0	0	0
25730	3596.26	0	0	0	0
25780	3579.95	0	0	0	0
25830	3601.44	0	0	0	0
25880	3568.88	0	0	0	0
25930	3611.85	0	0	0	0
25980	3588.52	0	0	0	0
26030	3634.6	0	0	0	0
26080	3607.5	0	0	0	0
26130	3626.69	0	0	0	0
26180	3597.98	0	0	0	0
26230	3655.86	0	-1	0	0
26280	3626.69	0	0	0	0
26330	3626.69	0	0	0	0
26380	3626.69	0	0	0	0
26430	3635.48	0	0	0	0
26480	3617.07	0	0	0	0
26530	3654.97	0	-1	0	0
26580	3606.64	0	0	0	0
26630	3654.97	0	-1	0	0
26680	3610.98	0	0	0	0
26730	3610.98	0	0	0	0
26780	3597.12	0	0	0	0
26830	3636.36	0	0	0	0
26880	3611.85	0	0	0	0
26930	3622.31	0	0	0	0
26980	3556.19	0	0	0	0
27030	3603.17	0	0	0	0
27080	3536.9	0	1	0	0
27130	3584.23	0	0	0	0
27180	3554.5	0	0	0	0
27230	3593.67	0	0	0	0
27280	3565.49	0	0	0	0
27330	3591.95	0	0	0	0
27380	3568.88	0	0	0	0
27430	3592.81	0	0	0	0
27480	3579.1	0	0	0	0
27530	3583.37	0	0	0	0
27580	3563.79	0	0	0	0
27630	3602.31	0	0	0	0
27680	3546.94	0	1	0	0
27730	3612.72	0	0	0	0
27780	3563.79	0	0	0	0
27830	3603.17	0	0	0	0
27880	3579.95	0	0	0	0
27930	3593.67	0	0	0	0
27980	3554.5	0	0	0	0
28030	3469.01	0	2	0	0
28080	3388.3	3	4	0	0
28130	3339.27	0	5	0	11
28180	3328.16	3	5	0	10
28230	3343.74	0	5	0	-1
28280	3423.88	0	3	0	0
28331	3453.83	0	2	0	0
28381	3568.03	0	0	0	0
28431	3577.39	0	0	0	0
28481	3684.6	0	-1	0	0
28531	3694.58	0	-1	0	0
28581	3785.01	0	-3	0	0
28631	3793.63	0	-3	0	0
28681	3845.17	0	-4	0	0
28731	3830.44	0	-4	0	0
28782	3840.25	-3	-4	0	0
28832	3857.03	0	-5	0	0
28882	3830.44	0	-4	0	0
28932	3846.15	0	-4	0	0
28982	3814.85	0	-4	0	0
29032	3789.79	0	-3	0	0
29082	3750	-1	-3	0	0
29132	3674.67	0	-1	0	0
29182	3655.86	0	-1	0	0
29232	3569.73	0	0	0	0
29282	3567.18	0	0	0	0
29332	3485.94	1	2	0	0
29382	3454.63	0	2	0	0
29432	3457.81	0	2	0	0
29483	3367	0	4	0	0
29533	3153.91	69	8	0	67
29583	3207.18	70	7	0	65
29633	3165.22	0	8	0	-19
29683	3167.23	3	8	0	3
29733	3154.57	69	8	0	64
29783	3363.23	0	4	0	-18
29833	3326.68	0	5	0	3
29883	3441.95	0	3	0	0
29933	3577.39	0	0	0	0
29983	3608.37	0	0	0	0
30033	3724.86	0	-2	0	0
30083	3750	0	-3	0	0
30133	3834.36	0	-4	0	0
30183	3834.36	-3	-4	0	0
30233	3841.23	0	-4	0	0
30283	3896.1	0	-5	0	0
30333	3779.29	0	-3	0	0
30383	4059.54	-142	-9	0	-148
30433	4059.54	-155	-9	0	-149
30483	3779.29	0	-3	0	0
30533	3910.32	-64	-6	0	-69
30583	3780.24	0	-3	0	0
30633	3770.74	0	-3	0	0
30683	3748.13	-1	-2	0	0
30733	3693.67	0	-1	0	0
30783	3625.82	0	0	0	0
30833	3597.98	0	0	0	0
30883	3573.98	0	0	0	0
30934	3556.19	0	0	0	0
30984	3521.13	0	1	0	0
31034	3526.92	0	1	0	0
31084	3500.58	0	1	0	0
31134	3490	0	2	0	0
31184	3471.42	0	2	0	0
31234	3482.7	0	2	0	0
31284	3398.28	0	4	1	0
31334	3426.22	6	3	8	0
31384	3406.77	1	3	0	0
31434	3423.09	0	3	0	0
31484	3508.77	0	1	0	0
31534	3530.24	0	1	0	0
31584	3612.72	0	0	0	0
31634	3607.5	0	0	0	0
31684	3654.97	0	-1	0	0
31734	3674.67	0	-1	0	0
31784	3745.32	0	-2	0	0
31834	3921.57	-186	-6	0	-181
31884	3753.75	0	-3	0	0
31934	3802.28	0	-4	0	0
31984	3735.99	0	-2	0	0
32034	3694.58	0	-1	0	0
32084	3669.28	0	-1	0	0
32134	3649.63	0	0	0	0
32184	3607.5	0	0	0	0
32234	3645.2	0	0	0	0
32284	3556.19	0	0	0	0
32334	3563.79	0	0	0	0
32384	3537.74	0	1	0	0
32434	3504.67	0	1	0	0
32484	3415.3	0	3	0	0
32534	3340.01	10	5	0	7
32584	3166.56	48	8	0	55
32634	3348.21	0	5	0	4
32684	3155.24	71	8	0	67
32734	3443.53	2	3	0	0
32784	3355.7	0	4	0	0
32834	3449.86	0	3	0	0
32884	3481.09	0	2	0	0
32934	3585.09	0	0	0	0
32984	3607.5	0	0	0	0
33034	3684.6	0	-1	0	0
33084	3703.7	0	-2	0	0
33134	3785.01	0	-3	0	0
33185	3845.17	-3	-4	0	0
33235	3823.6	0	-4	0	0
33285	3856.04	0	-5	0	0
33335	3818.74	0	-4	0	0
33385	3878.98	0	-5	0	0
33435	3802.28	0	-4	0	0
33485	3812.91	-2	-4	0	0
33536	3762.23	0	-3	0	0
33586	3674.67	0	-1	0	0
33636	3665.69	0	-1	0	0
33686	3597.98	0	0	0	0
33736	3573.98	0	0	0	0
33786	3536.07	0	1	0	0
33836	3463.4	0	2	0	0
33886	3445.9	2	3	0	0
33936	3490.81	0	2	0	0
33986	3440.37	0	3	0	0
34036	3423.09	0	3	0	0
34086	3373.82	0	4	0	0
34136	3318.58	22	5	0	21
34186	3340.01	-5	5	0	-28
34236	3427	0	3	0	0
34286	3463.4	0	2	0	0
34336	3674.67	0	-1	0	0
34386	3588.52	0	0	0	0
34436	3684.6	0	-1	0	0
34486	3705.53	0	-2	0	0
34536	3786.92	0	-3	0	0
34586	3802.28	-2	-4	0	0
34636	3802.28	0	-4	0	0
34686	3856.04	0	-5	0	0
34736	3821.66	0	-4	0	0
34786	3857.03	0	-5	0	0
34836	3814.85	0	-4	0	0
34886	3812.91	-1	-4	0	0
34936	3755.63	0	-3	0	0
34987	3693.67	0	-1	0	0
35037	3669.28	0	-1	0	0
35087	3588.52	0	0	0	0
35137	3595.4	0	0	0	0
35187	3514.53	0	1	0	0
35237	3498.13	0	2	0	0
35287	3462.6	0	2	0	0
35338	3490.81	1	2	0	0
35387	3445.9	0	3	0	0
35437	3428.57	0	3	0	0
35487	3483.51	0	2	0	0
35537	3475.44	0	2	0	0
35587	3534.4	0	1	0	0
35637	3538.57	0	1	0	0
35687	3601.44	0	0	0	0
35737	3579.1	0	0	0	0
35787	3592.81	0	0	0	0
35837	3579.1	0	0	0	0
35887	3645.2	0	0	0	0
35937	3641.66	0	0	0	0
35987	3694.58	0	-1	0	0
36037	3669.28	0	-1	0	0
36087	3708.28	0	-2	0	0
36137	3713.79	0	-2	0	0
36187	3735.99	0	-2	0	0
36237	3723.93	0	-2	0	0
36287	3754.69	0	-3	0	0
36337	3747.19	-1	-2	0	0
36387	3669.28	0	-1	0	0
36438	3655.86	0	-1	0	0
36488	3578.24	0	0	0	0
36538	3577.39	0	0	0	0
36588	3563.79	0	0	0	0
36638	3559.56	0	0	0	0
36688	3527.75	0	1	0	0
36738	3477.05	0	2	0	0
36788	3480.28	0	2	0	0
36838	3445.9	0	3	0	0
36888	3476.25	0	2	0	0
36938	3471.42	0	2	0	0
36988	3498.13	0	2	0	0
37038	3494.87	0	2	0	0
37088	3558.72	0	0	0	0
37138	3443.53	2	3	0	0
37188	3576.54	0	0	0	0
37238	3588.52	0	0	0	0
37288	3648.75	0	0	0	0
37338	3639.89	0	0	0	0
37388	3684.6	0	-1	0	0
37438	3668.38	0	-1	0	0
37488	3708.28	0	-2	0	0
37538	3694.58	0	-1	0	0
37588	3753.75	0	-3	0	0
37638	3703.7	0	-2	0	0
37688	3718.39	0	-2	0	0
37738	3685.5	0	-1	0	0
37788	3665.69	0	-1	0	0
37838	3631.08	0	0	0	0
37888	3620.56	0	0	0	0
37938	3624.94	0	0	0	0
37988	3635.48	0	0	0	0
38038	3597.98	0	0	0	0
38088	3616.2	0	0	0	0
38138	3586.8	0	0	0	0
38188	3584.23	0	0	0	0
38238	3569.73	0	0	0	0
38288	3585.94	0	0	0	0
38338	3556.19	0	0	0	0
38388	3573.98	0	0	0	0
38438	3528.58	0	1	0	0
38488	3549.46	0	1	0	0
38538	3477.05	0	2	0	0
38588	3521.13	0	1	0	0
38638	3531.07	0	1	0	0
38688	3568.03	0	0	0	0
38738	3554.5	0	0	0	0
38788	3587.66	0	0	0	0
38838	3573.98	0	0	0	0
38888	3564.64	0	0	0	0
38938	3578.24	0	0	0	0
38988	3584.23	0	0	0	0
39038	3631.08	0	0	0	0
39088	3610.11	0	0	0	0
39138	3664.79	0	-1	0	0
39188	3658.54	0	-1	0	0
39238	3630.2	0	0	0	0
39288	3655.86	0	-1	0	0
39339	3640.78	0	0	0	0
39389	3684.6	0	-1	0	0
39439	3649.63	0	0	0	0
39489	3655.86	0	-1	0	0
39539	3631.08	0	0	0	0
39589	3625.82	0	0	0	0
39639	3597.98	0	0	0	0
39689	3583.37	0	0	0	0
39739	3579.1	0	0	0	0
39789	3611.85	0	0	0	0
39839	3597.98	0	0	0	0
39889	3573.98	0	0	0	0
39939	3573.13	0	0	0	0
39989	3554.5	0	0	0	0
40039	3554.5	0	0	0	0
40089	3610.98	0	0	0	0
40139	3573.13	0	0	0	0
40189	3573.98	0	0	0	0
40239	3584.23	0	0	0	0
40289	3570.58	0	0	0	0
40339	3621.44	0	0	0	0
40389	3591.09	0	0	0	0
40439	3573.98	0	0	0	0
40489	3573.98	0	0	0	0
40539	3574.83	0	0	0	0
40589	3554.5	0	0	0	0
40639	3584.23	0	0	0	0
40689	3579.1	0	0	0	0
40739	3563.79	0	0	0	0
40790	3558.72	0	0	0	0
40840	3611.85	0	0	0	0
40890	3573.13	0	0	0	0
40940	3631.08	0	0	0	0
40990	3546.1	0	1	0	0
41040	3567.18	0	0	0	0
41090	3528.58	0	1	0	0
41140	3568.03	0	0	0	0
41190	3557.87	0	0	0	0
41240	3602.31	0	0	0	0
41290	3597.12	0	0	0	0
41340	3636.36	0	0	0	0
41390	3607.5	0	0	0	0
41440	3674.67	0	-1	0	0
41490	3649.63	0	0	0	0
41540	3669.28	0	-1	0	0
41590	3632.84	0	0	0	0
41640	3654.97	0	-1	0	0
41690	3607.5	0	0	0	0
41740	3664.79	0	-1	0	0
41790	3640.78	0	0	0	0
41840	3654.97	0	-1	0	0
41890	3617.07	0	0	0	0
41940	3597.98	0	0	0	0
41990	3583.37	0	0	0	0
42040	3620.56	0	0	0	0
42090	3611.85	0	0	0	0
42140	3654.97	0	-1	0	0
42190	3639.89	0	0	0	0
42240	3610.11	0	0	0	0
42290	3586.8	0	0	0	0
42340	3610.98	0	0	0	0
42390	3557.03	0	0	0	0
42440	3563.79	0	0	0	0
42490	3527.75	0	1	0	0
42540	3578.24	0	0	0	0
42590	3545.26	0	1	0	0
42640	3548.62	0	1	0	0
42690	3537.74	0	1	0	0
42740	3592.81	0	0	0	0
42790	3524.44	0	1	0	0
42840	3587.66	0	0	0	0
42890	3556.19	0	0	0	0
42940	3601.44	0	0	0	0
42990	3556.19	0	0	0	0
43040	3603.17	0	0	0	0
43090	3597.98	0	0	0	0
43140	3593.67	0	0	0	0
43190	3583.37	0	0	0	0
43240	3603.17	0	0	0	0
43290	3587.66	0	0	0	0
43340	3620.56	0	0	0	0
43390	3597.98	0	0	0	0
43440	3654.97	0	-1	0	0
43490	3639.89	0	0	0	0
43540	3674.67	0	-1	0	0
43590	3554.5	0	0	0	0
43640	3655.86	0	-1	0	0
43691	3639.89	0	0	0	0
43741	3664.79	0	-1	0	0
43791	3639.89	0	0	0	0
43841	3626.69	0	0	0	0
43891	3617.07	0	0	0	0
43941	3625.82	0	0	0	0
43991	3605.77	0	0	0	0
44041	3626.69	0	0	0	0
44091	3588.52	0	0	0	0
44141	3602.31	0	0	0	0
44191	3573.13	0	0	0	0
44241	3556.19	0	0	0	0
44291	3536.9	0	1	0	0
44341	3593.67	0	0	0	0
44391	3546.1	0	1	0	0
44441	3583.37	0	0	0	0
44491	3577.39	0	0	0	0
44541	3593.67	0	0	0	0
44591	3578.24	0	0	0	0
44641	3541.08	0	1	0	0
44691	3548.62	0	1	0	0
44741	3524.44	0	1	0	0
44791	3558.72	0	0	0	0
44841	3564.64	0	0	0	0
44891	3611.85	0	0	0	0
44941	3597.98	0	0	0	0
44991	3635.48	0	0	0	0
45041	3617.07	0	0	0	0
45091	3655.86	0	-1	0	0
45142	3630.2	0	0	0	0
45192	3644.31	0	0	0	0
45242	3607.5	0	0	0	0
45292	3639.89	0	0	0	0
45342	3664.79	0	-1	0	0
45392	3639.89	0	0	0	0
45442	3674.67	0	-1	0	0
45492	3649.63	0	0	0	0
45542	3624.94	0	0	0	0
45592	3577.39	0	0	0	0
45642	3591.09	0	0	0	0
45692	3588.52	0	0	0	0
45742	3644.31	0	0	0	0
45792	3607.5	0	0	0	0
45842	3636.36	0	0	0	0
45892	3597.98	0	0	0	0
45942	3635.48	0	0	0	0
45992	3563.79	0	0	0	0
46042	3565.49	0	0	0	0
46092	3565.49	0	0	0	0
46142	3574.83	0	0	0	0
46192	3564.64	0	0	0	0
46242	3556.19	0	0	0	0
46292	3584.23	0	0	0	0
46342	3555.34	0	0	0	0
46392	3592.81	0	0	0	0
46442	3589.38	0	0	0	0
46492	3583.37	0	0	0	0
46542	3565.49	0	0	0	0
46592	3555.34	0	0	0	0
46642	3530.24	0	1	0	0
46692	3586.8	0	0	0	0
46742	3545.26	0	1	0	0
46792	3611.85	0	0	0	0
46842	3546.94	0	1	0	0
46892	3591.95	0	0	0	0
46942	3573.13	0	0	0	0
46992	3592.81	0	0	0	0
47042	3569.73	0	0	0	0
47092	3602.31	0	0	0	0
47142	3574.83	0	0	0	0
47192	3591.95	0	0	0	0
47242	3594.54	0	0	0	0
47292	3610.11	0	0	0	0
47342	3597.12	0	0	0	0
47392	3630.2	0	0	0	0
47442	3626.69	0	0	0	0
47492	3646.09	0	0	0	0
47542	3597.98	0	0	0	0
47592	3617.07	0	0	0	0
47642	3602.31	0	0	0	0
47692	3603.17	0	0	0	0
47742	3607.5	0	0	0	0
47792	3636.36	0	0	0	0
47842	3635.48	0	0	0	0
47892	3675.57	0	-1	0	0
47942	3639.01	0	0	0	0
47992	3674.67	0	-1	0	0
48043	3662.11	0	-1	0	0
48093	3664.79	0	-1	0	0
48143	3639.89	0	0	0	0
48193	3607.5	0	0	0	0
48243	3588.52	0	0	0	0
48293	3621.44	0	0	0	0
48343	3597.98	0	0	0	0
48393	3621.44	0	0	0	0
48443	3541.08	0	1	0	0
48493	3610.98	0	0	0	0
48543	3577.39	0	0	0	0
48593	3584.23	0	0	0	0
48643	3565.49	0	0	0	0
48693	3582.52	0	0	0	0
48743	3556.19	0	0	0	0
48793	3602.31	0	0	0	0
48843	3576.54	0	0	0	0
48893	3573.98	0	0	0	0
48943	3565.49	0	0	0	0
48993	3563.79	0	0	0	0
49043	3546.94	0	1	0	0
49093	3585.94	0	0	0	0
49143	3537.74	0	1	0	0
49193	3600.58	0	0	0	0
49243	3582.52	0	0	0	0
49293	3587.66	0	0	0	0
49343	3555.34	0	0	0	0
49393	3549.46	0	1	0	0
49443	3582.52	0	0	0	0
49494	3556.19	0	0	0	0
49544	3593.67	0	0	0	0
49594	3573.98	0	0	0	0
49644	3600.58	0	0	0	0
49694	3588.52	0	0	0	0
49744	3600.58	0	0	0	0
49794	3587.66	0	0	0	0
49844	3573.13	0	0	0	0
49894	3579.1	0	0	0	0
49944	3622.31	0	0	0	0
49994	3573.98	0	0	0	0
50044	3611.85	0	0	0	0
50094	3597.98	0	0	0	0
50144	3640.78	0	0	0	0
50194	3621.44	0	0	0	0
50244	3636.36	0	0	0	0
50294	3617.07	0	0	0	0
50344	3626.69	0	0	0	0
50394	3624.94	0	0	0	0
50444	3646.09	0	0	0	0
50494	3616.2	0	0	0	0
50544	3646.09	0	0	0	0
50594	3616.2	0	0	0	0
50644	3645.2	0	0	0	0
50694	3579.1	0	0	0	0
50744	3631.08	0	0	0	0
50794	3607.5	0	0	0	0
50844	3639.89	0	0	0	0
50894	3597.12	0	0	0	0
50944	3646.09	0	0	0	0
50994	3629.32	0	0	0	0
51044	3655.86	0	-1	0	0
51094	3591.95	0	0	0	0
51144	3611.85	0	0	0	0
51194	3583.37	0	0	0	0
51244	3607.5	0	0	0	0
51294	3579.95	0	0	0	0
51344	3583.37	0	0	0	0
51394	3579.1	0	0	0	0
51444	3610.98	0	0	0	0
51494	3546.94	0	1	0	0
51544	3603.17	0	0	0	0
51594	3521.95	0	1	0	0
51644	3592.81	0	0	0	0
51694	3578.24	0	0	0	0
51744	3603.17	0	0	0	0
51794	3597.98	0	0	0	0
51844	3645.2	0	0	0	0
51894	3607.5	0	0	0	0
51944	3597.98	0	0	0	0
51994	3579.1	0	0	0	0
52044	3585.09	0	0	0	0
52094	3577.39	0	0	0	0
52144	3563.79	0	0	0	0
52194	3565.49	0	0	0	0
52244	3582.52	0	0	0	0
52294	3582.52	0	0	0	0
52344	3639.89	0	0	0	0
52395	3631.08	0	0	0	0
52445	3640.78	0	0	0	0
52495	3631.08	0	0	0	0
52545	3635.48	0	0	0	0
52595	3617.07	0	0	0	0
52645	3646.09	0	0	0	0
52695	3607.5	0	0	0	0
52745	3630.2	0	0	0	0
52795	3616.2	0	0	0	0
52845	3617.07	0	0	0	0
52895	3615.33	0	0	0	0
52945	3635.48	0	0	0	0
52995	3588.52	0	0	0	0
53045	3598.85	0	0	0	0
53095	3597.98	0	0	0	0
53145	3635.48	0	0	0	0
53195	3631.08	0	0	0	0
53245	3601.44	0	0	0	0
53295	3585.09	0	0	0	0
53345	3645.2	0	0	0	0
53395	3629.32	0	0	0	0
53445	3645.2	0	0	0	0
53495	3588.52	0	0	0	0
53545	3630.2	0	0	0	0
53595	3586.8	0	0	0	0
53645	3545.26	0	1	0	0
53695	3515.35	0	1	0	0
53745	3557.87	0	0	0	0
53795	3555.34	0	0	0	0
53846	3592.81	0	0	0	0
53896	3588.52	0	0	0	0
53946	3629.32	0	0	0	0
53996	3597.98	0	0	0	0
54046	3650.52	0	-1	0	0
54096	3642.54	0	0	0	0
54146	3636.36	0	0	0	0
54196	3616.2	0	0	0	0
54246	3665.69	0	-1	0	0
54296	3639.89	0	0	0	0
54346	3645.2	0	0	0	0
54396	3617.07	0	0	0	0
54446	3636.36	0	0	0	0
54496	3631.96	0	0	0	0
54546	3655.86	0	-1	0	0
54596	3640.78	0	0	0	0
54646	3636.36	0	0	0	0
54696	3616.2	0	0	0	0
54746	3617.07	0	0	0	0
54796	3574.83	0	0	0	0
54846	3620.56	0	0	0	0
54896	3583.37	0	0	0	0
54946	3591.95	0	0	0	0
54996	3578.24	0	0	0	0
55046	3602.31	0	0	0	0
55096	3588.52	0	0	0	0
55146	3602.31	0	0	0	0
55196	3589.38	0	0	0	0
55246	3602.31	0	0	0	0
55296	3568.03	0	0	0	0
55346	3603.17	0	0	0	0
55396	3530.24	0	1	0	0
55446	3596.26	0	0	0	0
55496	3555.34	0	0	0	0
55546	3550.3	0	0	0	0
55596	3536.07	0	1	0	0
55646	3575.69	0	0	0	0
55696	3564.64	0	0	0	0
55746	3596.26	0	0	0	0
55796	3563.79	0	0	0	0
55846	3583.37	0	0	0	0
55896	3579.1	0	0	0	0
55946	3631.08	0	0	0	0
55996	3605.77	0	0	0	0
56046	3607.5	0	0	0	0
56096	3603.17	0	0	0	0
56146	3635.48	0	0	0	0
56196	3631.08	0	0	0	0
56246	3640.78	0	0	0	0
56296	3620.56	0	0	0	0
56346	3674.67	0	-1	0	0
56396	3605.77	0	0	0	0
56446	3664.79	0	-1	0	0
56496	3565.49	0	0	0	0
56546	3654.97	0	-1	0	0
56596	3639.01	0	0	0	0
56646	3636.36	0	0	0	0
56696	3631.08	0	0	0	0
56747	3625.82	0	0	0	0
56797	3577.39	0	0	0	0
56847	3619.69	0	0	0	0
56897	3572.28	0	0	0	0
56947	3622.31	0	0	0	0
56997	3596.26	0	0	0	0
57047	3584.23	0	0	0	0
57097	3563.79	0	0	0	0
57147	3592.81	0	0	0	0
57197	3565.49	0	0	0	0
57247	3603.17	0	0	0	0
57297	3587.66	0	0	0	0
57347	3620.56	0	0	0	0
57397	3617.07	0	0	0	0
57447	3546.1	0	1	0	0
57497	3546.94	0	1	0	0
57547	3594.54	0	0	0	0
57597	3563.79	0	0	0	0
57647	3545.26	0	1	0	0
57697	3611.85	0	0	0	0
57747	3601.44	0	-1	0	0
57797	3626.69	0	0	0	0
57847	3587.66	0	0	0	0
57897	3591.95	0	0	0	0
57947	3573.98	0	0	0	0
57997	3611.85	0	0	0	0
58047	3597.98	0	0	0	0
58097	3612.72	0	0	0	0
58147	3607.5	0	0	0	0
58198	3634.6	0	0	0	0
58248	3621.44	0	0	0	0
58298	3676.47	0	-1	0	0
58348	3621.44	0	0	0	0
58398	3617.07	0	0	0	0
58448	3616.2	0	0	0	0
58498	3640.78	0	0	0	0
58548	3625.82	0	0	0	0
58598	3597.98	0	0	0	0
58648	3621.44	0	0	0	0
58698	3598.85	0	0	0	0
58748	3602.31	0	0	0	0
58798	3631.96	0	0	0	0
58848	3556.19	0	0	0	0
58898	3561.25	0	0	0	0
58948	3563.79	0	0	0	0
58998	3556.19	0	0	0	0
59048	3554.5	0	0	0	0
59098	3592.81	0	0	0	0
59148	3564.64	0	0	0	0
59198	3611.85	0	0	0	0
59248	3578.24	0	0	0	0
59298	3586.8	0	0	0	0
59348	3588.52	0	0	0	0
59398	3584.23	0	0	0	0
59448	3554.5	0	0	0	0
59498	3573.98	0	0	0	0
59548	3563.79	0	0	0	0
59598	3554.5	0	0	0	0
59648	3545.26	0	1	0	0
59698	3568.03	0	0	0	0
59748	3536.07	0	1	0	0
59798	3557.87	0	0	0	0
59848	3537.74	0	1	0	0
59898	3592.81	0	0	0	0
59948	3588.52	0	0	0	0
59998	3621.44	0	0	0	0
60048	3605.77	0	0	0	0
60098	3664.79	0	-1	0	0
60148	3649.63	0	0	0	0
60198	3689.13	0	-1	0	0
60248	3616.2	0	0	0	0
60298	3639.89	0	0	0	0
60348	3606.64	0	0	0	0
60398	3611.85	0	0	0	0
60448	3598.85	0	0	0	0
60498	3579.95	0	0	0	0
60548	3579.1	0	0	0	0
60598	3593.67	0	0	0	0
60648	3588.52	0	0	0	0
60698	3583.37	0	0	0	0
60748	3586.8	0	0	0	0
60798	3621.44	0	0	0	0
60848	3563.79	0	0	0	0
60898	3574.83	0	0	0	0
60948	3618.82	0	0	0	0
60998	3602.31	0	0	0	0
61048	3597.98	0	0	0	0
61099	3584.23	0	0	0	0
61149	3513.7	0	1	0	0
61199	3585.94	0	0	0	0
61249	3585.09	0	0	0	0
61299	3621.44	0	0	0	0
61349	3639.89	0	0	0	0
61399	3572.28	0	0	0	0
61449	3607.5	0	0	0	0
61499	3579.1	0	0	0	0
61549	3584.23	0	0	0	0
61599	3583.37	0	0	0	0
61649	3619.69	0	0	0	0
61699	3617.07	0	0	0	0
61749	3579.1	0	0	0	0
61799	3620.56	0	0	0	0
61849	3654.97	0	-1	0	0
61899	3634.6	0	0	0	0
61949	3611.85	0	0	0	0
61999	3579.1	0	0	0	0
62049	3611.85	0	0	0	0
62099	3607.5	0	0	0	0
62149	3632.84	0	0	0	0
62199	3654.97	0	-1	0	0
62249	3587.66	0	0	0	0
62299	3568.88	0	0	0	0
62349	3588.52	0	0	0	0
62399	3551.98	0	0	0	0
62449	3601.44	0	0	0	0
62499	3563.79	0	0	0	0
62550	3578.24	0	0	0	0
62600	3586.8	0	0	0	0
62650	3610.11	0	0	0	0
62700	3538.57	0	1	0	0
62750	3595.4	0	0	0	0
62800	3578.24	0	0	0	0
62850	3593.67	0	0	0	0
62900	3579.95	0	0	0	0
62950	3602.31	0	0	0	0
63000	3588.52	0	0	0	0
63050	3603.17	0	0	0	0
63100	3573.98	0	0	0	0
63150	3611.85	0	0	0	0
63200	3573.13	0	0	0	0
63250	3619.69	0	0	0	0
63300	3563.79	0	0	0	0
63350	3603.17	0	0	0	0
63400	3588.52	0	0	0	0
63450	3603.17	0	0	0	0
63500	3598.85	0	0	0	0
63550	3645.2	0	0	0	0
63600	3597.98	0	0	0	0
63650	3583.37	0	0	0	0
63700	3588.52	0	0	0	0
63750	3631.08	0	0	0	0
63800	3597.98	0	0	0	0
63850	3610.98	0	0	0	0
63900	3597.98	0	0	0	0
63950	3626.69	0	0	0	0
64000	3607.5	0	0	0	0
64050	3620.56	0	0	0	0
64100	3596.26	0	0	0	0
64150	3605.77	0	0	0	0
64200	3597.98	0	0	0	0
64250	3617.07	0	0	0	0
64300	3598.85	0	0	0	0
64350	3620.56	0	0	0	0
64400	3617.07	0	0	0	0
64450	3654.97	0	-1	0	0
64500	3573.98	0	0	0	0
64550	3640.78	0	0	0	0
64600	3597.12	0	0	0	0
64650	3630.2	0	0	0	0
64700	3584.23	0	0	0	0
64750	3573.13	0	0	0	0
64800	3568.03	0	0	0	0
64850	3612.72	0	0	0	0
64900	3556.19	0	0	0	0
64950	3602.31	0	0	0	0
65000	3592.81	0	0	0	0
65050	3611.85	0	0	0	0
65100	3573.13	0	0	0	0
65150	3630.2	0	0	0	0
65200	3555.34	0	0	0	0
65250	3583.37	0	0	0	0
65300	3579.1	0	0	0	0
65350	3573.98	0	0	0	0
65400	3583.37	0	0	0	0
65451	3602.31	0	0	0	0
65501	3578.24	0	0	0	0
65551	3611.85	0	0	0	0
65601	3596.26	0	0	0	0
65651	3592.81	0	0	0	0
65701	3579.95	0	0	0	0
65751	3602.31	0	0	0	0
65801	3579.1	0	0	0	0
65851	3611.85	0	0	0	0
65901	3573.13	0	0	0	0
65951	3601.44	0	0	0	0
66001	3573.98	0	0	0	0
66051	3611.85	0	0	0	0
66101	3579.1	0	0	0	0
66151	3631.08	0	0	0	0
66201	3607.5	0	0	0	0
66251	3582.52	0	0	0	0
66301	3585.09	0	0	0	0
66351	3596.26	0	0	0	0
66401	3564.64	0	0	0	0
66451	3563.79	0	0	0	0
66501	3573.13	0	0	0	0
66551	3565.49	0	0	0	0
66601	3597.98	0	0	0	0
66651	3564.64	0	0	0	0
66701	3602.31	0	0	0	0
66751	3597.98	0	0	0	0
66801	3634.6	0	0	0	0
66851	3611.85	0	0	0	0
66902	3631.08	0	0	0	0
66952	3555.34	0	0	0	0
67002	3615.33	0	0	0	0
67052	3586.8	0	0	0	0
67102	3620.56	0	0	0	0
67152	3579.1	0	0	0	0
67202	3602.31	0	0	0	0
67252	3607.5	0	0	0	0
67302	3635.48	0	0	0	0
67352	3615.33	0	0	0	0
67402	3649.63	0	0	0	0
67452	3607.5	0	0	0	0
67502	3654.97	0	-1	0	0
67552	3588.52	0	0	0	0
67602	3621.44	0	0	0	0
67652	3597.98	0	0	0	0
67702	3611.85	0	0	0	0
67752	3607.5	0	0	0	0
67802	3631.08	0	0	0	0
67852	3545.26	0	1	0	0
67902	3586.8	0	0	0	0
67952	3522.78	0	1	0	0
68002	3585.94	0	0	0	0
68052	3538.57	0	1	0	0
68102	3586.8	0	0	0	0
68152	3556.19	0	0	0	0
68202	3605.77	0	0	0	0
68252	3597.98	0	0	0	0
68302	3635.48	0	0	0	0
68352	3616.2	0	0	0	0
68402	3602.31	0	0	0	0
68452	3597.98	0	0	0	0
68502	3611.85	0	0	0	0
68552	3607.5	0	0	0	0
68602	3591.09	0	0	0	0
68652	3586.8	0	0	0	0
68702	3602.31	0	0	0	0
68752	3565.49	0	0	0	0
68802	3611.85	0	0	0	0
68852	3607.5	0	0	0	0
68902	3655.86	0	-1	0	0
68952	3635.48	0	0	0	0
69002	3562.1	0	0	0	0
69052	3584.23	0	0	0	0
69102	3601.44	0	0	0	0
69152	3578.24	0	0	0	0
69202	3601.44	0	0	0	0
69252	3596.26	0	0	0	0
69302	3645.2	0	0	0	0
69352	3573.98	0	0	0	0
69402	3568.03	0	0	0	0
69452	3608.37	0	0	0	0
69502	3654.97	0	-1	0	0
69552	3621.44	0	0	0	0
69602	3611.85	0	0	0	0
69652	3597.98	0	0	0	0
69702	3586.8	0	0	0	0
69752	3579.1	0	0	0	0
69803	3639.89	0	0	0	0
69853	3605.77	0	0	0	0
69903	3654.97	0	-1	0	0
69953	3639.01	0	0	0	0
70003	3617.07	0	0	0	0
70053	3597.98	0	0	0	0
70103	3645.2	0	0	0	0
70153	3563.79	0	0	0	0
70203	3603.17	0	0	0	0
70253	3579.1	0	0	0	0
70303	3576.54	0	0	0	0
70353	3564.64	0	0	0	0
70403	3546.1	0	1	0	0
70453	3536.9	0	1	0	0
70503	3591.95	0	0	0	0
70553	3546.94	0	1	0	0
70603	3521.13	0	1	0	0
70653	3437.21	2	3	0	0
70703	3380.66	0	4	0	0
70753	3301.06	19	5	0	25
70803	3214.74	16	7	0	14
70853	3166.56	0	8	0	-21
70903	3008.42	43	11	0	41
70953	3028.47	24	11	0	33
71003	2885.17	111	14	0	105
71053	2979.15	0	12	0	-30
71103	2866.97	-30	14	0	-47
71153	2736.23	0	17	0	-10
71203	2634.81	72	19	0	69
71254	2675.7	3	18	0	6
71304	2618.71	-17	19	0	-37
71354	2410.03	68	23	0	48
71404	2528.23	0	21	0	-18
71454	2317.32	56	25	0	35
71504	2391.58	15	24	0	-5
71554	2319.11	20	25	0	22
71604	2401.15	-42	23	0	-89
71654	2232.47	2	27	0	-5
71704	2153.01	20	28	0	7
71754	2153.01	0	28	0	-27
71804	2092.63	16	30	0	16
71854	2150.23	-15	28	0	-63
71904	1945.27	37	33	0	13
71954	1986.75	0	32	0	-11
72004	1906.7	33	33	0	0
72054	1855.75	34	34	0	0
72104	1809.41	46	35	0	11
72154	1803.54	36	35	0	1
72204	1788.91	22	36	0	-14
72254	1706.29	55	37	0	18
72304	1655.45	48	38	0	10
72354	1654.53	38	38	0	0
72404	1602.74	49	39	0	10
72454	1550.55	50	40	0	10
72504	1552.15	40	40	0	0
72554	1498.8	52	42	0	10
72604	1499.1	42	42	0	0
72654	1447.46	43	43	0	0
72704	1391.08	54	44	0	10
72754	1392.89	44	44	0	0
72804	1337.38	54	45	0	9
72854	1340.48	45	45	0	0
72904	1283.7	55	46	0	9
72954	1286.45	46	46	0	0
73004	1228.6	56	47	0	9
73054	1230.31	47	47	0	0
73104	1171.14	57	48	0	9
73154	1176.1	48	48	0	0
73204	1113.92	58	49	0	9
73254	1118.15	49	49	0	0
73304	1060.67	58	50	0	8
73354	1057.08	50	50	0	0
73404	1001.4	58	51	0	7
73454	1001.4	58	51	0	7
73504	991.01	53	52	0	1
73554	925.18	61	53	0	8
73604	924.39	53	53	0	0
73654	924.39	53	53	0	0
73704	860.78	61	54	0	7
73754	853.53	54	54	0	0
73804	853.53	54	54	0	0
73854	780.4	63	56	0	7
73904	782.8	56	56	0	0
73954	782.8	56	56	0	0
74004	711.41	63	57	0	6
74054	687.79	60	58	0	2
74104	687.79	60	58	0	2
74155	615.86	64	59	0	5
74205	615.86	64	59	0	5
74255	586.12	62	60	0	2
74305	586.12	62	60	0	2
74355	586.12	62	60	0	2
74405	501.35	66	61	0	5
74455	501.35	66	61	0	5
74505	501.35	66	61	0	5
74555	453.51	64	62	0	2
74605	453.51	64	62	0	2
74655	453.51	64	62	0	2
74705	345.43	69	65	0	4
74755	345.43	69	65	0	4
74805	345.43	69	65	0	4
74855	345.43	69	65	0	4
75650	61.85	-69	65	0	4
75700	61.85	-69	65	0	4
75750	61.85	-69	65	0	4
75800	61.85	-69	65	0	4
75850	61.85	-69	65	0	4
75900	61.85	-69	65	0	4
75950	61.85	-69	65	0	4
76000	61.85	-69	65	0	4
76050	61.85	-69	65	0	4
76100	61.85	-69	65	0	4
76150	61.85	-69	65	0	4
76200	61.85	-69	65	0	4
76250	61.85	-69	65	0	4
76300	61.85	-69	65	0	4
76350	61.85	-69	65	0	4
76400	61.85	-69	65	0	4
76450	61.85	-69	65	0	4
76500	61.85	-69	65	0	4
76550	61.85	-69	65	0	4
76600	61.85	-69	65	0	4
76650	61.85	-69	65	0	4
76700	61.85	-69	65	0	4
76750	61.85	-69	65	0	4
76800	61.85	-69	65	0	4
76850	61.85	-69	65	0	4
76900	61.85	-69	65	0	4
76950	61.85	-69	65	0	4
77000	61.85	-69	65	0	4
77050	61.85	-69	65	0	4
77100	61.85	-69	65	0	4
77150	61.85	-69	65	0	4
77200	61.85	-69	65	0	4
77250	61.85	-69	65	0	4
77300	61.85	-69	65	0	4
77350	61.85	-69	65	0	4
77400	61.85	-69	65	0	4
77450	61.85	-69	65	0	4
77500	61.85	-69	65	0	4
77550	61.85	-69	65	0	4
77600	61.85	-69	65	0	4
77650	61.85	-69	65	0	4
77700	61.85	-69	65	0	4
77750	61.85	-69	65	0	4
77800	61.85	-69	65	0	4
77850	61.85	-69	65	0	4
77900	61.85	-69	65	0	4
77950	61.85	-69	65	0	4
78000	61.85	-69	65	0	4
78050	61.85	-69	65	0	4
78100	61.85	-69	65	0	4
78150	61.85	-69	65	0	4
78200	61.85	-69	65	0	4
78251	61.85	-69	65	0	4
78301	61.85	-69	65	0	4
78351	61.85	-69	65	0	4
78401	61.85	-69	65	0	4
78451	61.85	-69	65	0	4
78501	61.85	-69	65	0	4
78551	61.85	-69	65	0	4
