------ Microcontroller Engine Governor -
------ Microcontroller Engine Governor - Version: 1.13 ------
-------------------------------------------------------------
PID Gains:        Kp: 0.060000   Ki: 0.000000   Kd: 24.000000
-------------------------------------------------------------
Set RPM:             3600    |  Min RPM:                300
                             |
RPM Precision        2       |  PID I Precision:         202
                             |
Start Steps:         850     |  Max Steps:               1200
                             |
RPM Calc Interval:   1       |  Num Magnets:             1
                             |
LCD Update Interval: 400     |  Serial Update Interval:  50
-------------------------------------------------------------

Time,RPM,Steps Remaining, PID p, PID i, PID d, RPM Change
1629,0.00,0,0,0,0,0.00
1679,0.00,0,0,0,0,0.00
1729,0.00,0,0,0,0,0.00
1779,0.00,0,0,0,0,0.00
1829,0.00,0,0,0,0,0.00
1879,0.00,0,0,0,0,0.00
1929,0.00,0,0,0,0,0.00
1979,0.00,0,0,0,0,0.00
2029,0.00,0,0,0,0,0.00
2079,0.00,0,0,0,0,0.00
2129,0.00,0,0,0,0,0.00
2179,0.00,0,0,0,0,0.00
2229,0.00,0,0,0,0,0.00
2279,0.00,0,0,0,0,0.00
2329,0.00,0,0,0,0,0.00
2379,0.00,0,0,0,0,0.00
2429,0.00,0,0,0,0,0.00
2479,0.00,0,0,0,0,0.00
2529,0.00,0,0,0,0,0.00
2579,0.00,0,0,0,0,0.00
2629,0.00,0,0,0,0,0.00
2679,0.00,0,0,0,0,0.00
2729,0.00,0,0,0,0,0.00
2779,0.00,0,0,0,0,0.00
2829,0.00,0,0,0,0,0.00
2879,inf,0,0,0,0,inf
2929,inf,0,0,0,0,inf
2979,inf,0,0,0,0,inf
3030,491.19,147,186,0,0,inf
3080,491.19,98,186,0,0,inf
3130,589.07,120,180,0,-23,-97.88
3180,1010.17,0,155,0,-171,-421.10
3230,1021.94,131,154,0,-4,-11.77
3280,1410.17,-63,131,0,-221,-388.23
3330,1482.65,50,127,0,-42,-72.48
3380,1825.71,-14,106,0,-136,-181.51
3430,1994.42,64,96,0,-27,-34.91
3480,2094.68,0,90,0,-85,-100.26
3530,2399.62,-140,72,0,-236,-256.45
3580,2509.20,-169,65,0,-258,-258.30
3630,2635.28,278,57,0,224,214.81
3680,2638.52,163,57,0,114,109.74
3730,2885.17,19,42,0,-6,-6.09
3780,3028.47,118,34,0,91,75.84
3830,3165.89,-108,26,0,-153,-127.61
3880,3179.31,740,25,0,728,546.47
3930,3662.11,-8,-3,0,-15,-298.88
3980,3517.82,0,4,0,0,85.35
4030,3639.01,0,-2,0,-5,-76.91
4080,3667.48,0,-4,0,0,8.99
4130,3744.38,0,-8,0,0,-40.68
4180,3749.06,0,-8,0,0,15.05
4230,3791.71,0,-11,0,0,-38.89
4281,3807.11,-11,-12,0,0,-26.86
4331,3723.01,-4,-7,0,0,26.05
4381,3715.63,-1,-6,0,0,-34.65
4431,3689.13,0,-5,0,0,35.73
4481,3661.22,0,-3,0,0,3.58
4531,3640.78,0,-2,0,0,24.91
4581,3612.72,0,0,0,0,13.98
4631,3541.08,0,3,0,0,26.11
4681,3495.69,1,6,0,0,12.26
4731,3480.28,3,7,0,0,14.60
4781,3526.92,2,4,0,-1,-37.74
4832,3523.61,3,4,0,0,26.69
4882,3606.64,0,0,0,0,-48.76
4932,3592.81,0,0,0,0,30.37
4982,3623.19,0,-1,0,0,-38.96
5032,3626.69,0,-1,0,0,10.55
5082,3665.69,-1,-3,0,0,-24.03
5132,3655.86,-1,-3,0,0,18.81
5182,3716.55,-2,-6,0,0,-41.88
5232,3699.14,0,-5,0,0,25.72
5282,3730.42,0,-7,0,0,-45.82
5332,3684.60,0,-5,0,0,25.52
5382,3665.69,0,-3,0,0,8.98
5432,3630.20,0,-1,0,0,34.59
5482,3623.19,0,-1,0,0,-38.96
5532,3613.59,0,0,0,0,13.98
5582,3595.40,0,0,0,0,-5.16
5632,3559.56,0,2,0,0,18.68
5682,3497.32,1,6,0,0,61.40
5732,3535.23,0,3,0,0,27.71
5782,3543.59,0,3,0,0,-1.67
5832,3502.22,1,5,0,0,17.26
5882,3564.64,0,2,0,0,-47.64
5932,3567.18,0,1,0,0,18.76
5982,3616.20,0,0,0,0,-49.02
6032,3612.72,0,0,0,0,10.47
6082,3650.52,-1,-3,0,0,-28.21
6132,3631.08,0,-1,0,0,30.13
6182,3679.18,0,-4,0,0,-27.76
6232,3616.20,0,0,0,0,25.46
6282,3660.32,0,-3,0,0,-28.36
6332,3602.31,0,0,0,0,20.01
6382,3632.84,0,-1,0,0,-39.17
6432,3608.37,0,0,0,0,28.87
6482,3646.97,0,-2,0,0,-40.34
6532,3621.44,0,-1,0,0,29.97
6582,3628.45,0,-1,0,0,-24.41
6632,3590.23,0,0,0,0,21.61
6682,3613.59,0,0,0,0,-25.07
6732,3539.41,0,3,0,0,17.63
6782,3541.08,0,3,0,0,-39.68
6832,3504.67,4,5,0,0,8.21
6882,3517.82,0,4,0,0,16.58
6932,3797.47,-6,-11,0,-12,-195.16
6982,3559.56,0,2,0,0,410.79
7032,3554.50,0,2,0,0,260.35
7083,3750.00,-19,-9,0,-11,-190.44
7133,3548.62,2,3,0,0,198.57
7183,3835.34,-26,-14,0,-15,-280.83
7233,3555.34,0,2,0,0,278.03
7283,3730.42,-13,-7,0,-11,-180.12
7333,3612.72,0,0,0,0,69.17
7383,3579.95,0,1,0,0,27.55
7433,3511.24,2,5,0,0,19.84
7483,3520.30,2,4,0,0,5.79
7533,3483.51,5,6,0,0,24.44
7583,3460.21,0,8,0,0,29.79
7633,3513.70,0,5,0,0,44.17
7683,3517.82,0,4,0,0,17.41
7733,3691.85,-7,-5,0,-14,-262.50
7783,3550.30,0,2,0,0,240.45
7833,3670.17,0,-4,0,0,-49.61
7883,3646.09,0,-2,0,0,29.48
7933,3665.69,0,-3,0,0,-29.33
7983,3639.89,0,-2,0,0,24.90
8033,3670.17,0,-4,0,0,-14.31
8083,3659.43,0,-3,0,0,24.26
8133,3609.24,0,0,0,0,31.54
8183,3537.74,0,3,0,0,55.94
8233,3537.74,0,3,0,0,-16.61
8283,3482.70,0,7,0,0,12.17
8333,3551.14,0,2,0,0,-47.28
8383,3535.23,0,3,0,0,11.70
8433,3604.90,0,0,0,-1,-53.77
8483,3588.52,0,0,0,0,27.68
8534,3649.63,0,-2,0,0,-36.92
8584,3585.09,0,0,0,0,9.45
8634,3642.54,0,-2,0,-1,-51.45
8684,3616.20,0,0,0,0,21.04
8734,3665.69,0,-3,0,0,-24.91
8784,3640.78,0,-2,0,0,24.02
8834,3690.04,0,-5,0,0,-34.18
8884,3646.09,0,-2,0,0,24.09
8934,3673.77,0,-4,0,0,-22.36
8984,3626.69,0,-1,0,0,14.08
9034,3546.10,0,3,0,0,19.39
9084,3502.22,0,5,0,0,28.86
9134,3517.00,0,4,0,-2,-29.44
9184,3516.17,0,5,0,0,26.57
9234,3522.78,0,4,0,0,-14.83
9284,3531.07,0,4,0,0,23.43
9334,3516.17,0,5,0,0,51.01
9384,3594.54,0,0,0,0,22.54
9434,3646.97,0,-2,0,0,-42.94
9484,3646.09,0,-2,0,0,24.09
9534,3665.69,0,-3,0,0,-16.94
9584,3650.52,0,-3,0,0,15.17
9634,3651.41,0,-3,0,0,13.38
9684,3597.98,0,0,0,0,9.52
9734,3631.08,0,-1,0,0,-37.41
9784,3594.54,0,0,0,0,33.03
9834,3586.80,0,0,0,0,-19.62
9884,3575.69,0,1,0,0,16.27
9934,3591.95,0,0,0,0,-26.47
9984,3566.33,0,2,0,0,31.65
10034,3518.65,0,4,0,0,22.43
10084,3523.61,0,4,0,0,26.69
10135,3541.91,0,3,0,0,-25.74
10185,3544.42,0,3,0,0,21.91
10235,3625.82,0,-1,0,0,-50.98
10285,3625.82,0,-1,0,0,21.16
10335,3694.58,-1,-5,0,0,-49.38
10385,3664.79,0,-3,0,0,15.28
10435,3705.53,0,-6,0,0,-25.46
10485,3674.67,0,-4,0,0,25.38
10535,3694.58,0,-5,0,0,-24.41
10585,3635.48,0,-2,0,0,34.69
10635,3565.49,0,2,0,0,18.74
10685,3541.91,0,3,0,0,29.52
10735,3552.82,0,2,0,0,-10.07
10785,3541.91,0,3,0,0,32.07
10835,3499.77,1,6,0,0,-7.33
10885,3482.70,5,7,0,0,8.92
10935,3531.90,3,4,0,0,-27.23
10985,3546.10,2,3,0,0,19.39
11035,3606.64,0,0,0,0,-39.45
11085,3624.06,0,-1,0,0,18.48
11136,3684.60,-3,-5,0,0,-42.94
11186,3689.13,-2,-5,0,0,10.01
11236,3719.32,-3,-7,0,0,-30.19
11286,3685.50,0,-5,0,0,23.70
11336,3694.58,0,-5,0,0,-24.41
11386,3673.77,0,-4,0,0,72.48
11436,3654.97,0,-3,0,0,-8.88
11486,3594.54,0,0,0,0,27.78
11536,3623.19,0,-1,0,0,-30.37
11586,3551.14,0,2,0,0,23.70
11636,3518.65,0,4,0,0,18.25
11686,3498.95,1,6,0,0,35.45
11736,3526.09,0,4,0,-1,-37.72
11786,3521.13,2,4,0,0,143.67
11836,3564.64,1,2,0,0,-39.37
11886,3585.09,0,0,0,0,15.49
11936,3655.86,-3,-3,0,-1,-51.82
11986,3650.52,-1,-3,0,0,15.17
12036,3694.58,-3,-5,0,0,-14.50
12086,3680.08,0,-4,0,0,10.87
12136,3719.32,-2,-7,0,0,-24.73
12186,3646.09,0,-2,0,0,24.99
12236,3609.24,0,0,0,0,-6.93
12286,3541.91,0,3,0,0,26.97
12336,3554.50,0,2,0,0,-13.43
12386,3535.23,0,3,0,0,26.86
12436,3540.24,1,3,0,0,-24.89
12486,3533.57,2,3,0,0,40.41
12536,3597.12,0,0,0,0,-43.46
12587,3580.81,0,1,0,0,26.70
12637,3613.59,0,0,0,0,-20.77
12687,3592.81,0,0,0,0,30.37
12737,3635.48,-1,-2,0,0,-31.45
12787,3603.17,0,0,0,0,24.40
12837,3661.22,-1,-3,0,0,-44.14
12887,3612.72,0,0,0,0,19.24
12937,3616.20,0,0,0,0,-35.39
12987,3666.59,-9,-3,0,-7,-108.71
13037,3580.81,0,1,0,0,22.36
13087,3548.62,2,3,0,0,10.95
13137,3587.66,0,0,0,0,-37.36
13187,3586.80,0,0,0,0,-35.66
13237,3568.03,0,1,0,0,89.61
13287,3578.24,0,1,0,0,-0.85
13337,3550.30,0,2,0,0,25.39
13387,3607.50,0,0,0,0,-33.52
13437,3592.81,0,0,0,0,27.75
13487,3627.57,0,-1,0,0,-25.26
13537,3593.67,0,0,0,0,24.27
13587,3604.04,0,0,0,0,-11.22
13637,3567.18,0,1,0,0,21.33
13687,3600.58,0,2,0,0,17.90
13737,3602.31,0,0,0,0,20.88
13787,3646.09,0,-2,0,0,-42.05
13837,3631.96,0,-1,0,0,29.25
13887,3621.44,0,-1,0,0,5.25
13937,3603.17,0,0,0,0,28.79
13987,3631.96,0,-1,0,0,-14.89
14038,3617.94,0,-1,0,0,25.48
14088,3593.67,0,0,0,0,30.39
14138,3549.46,0,3,0,0,23.67
14188,3587.66,0,0,0,0,-37.36
14238,3577.39,0,1,0,0,23.19
14288,3572.28,0,1,0,0,-5.95
14338,3557.03,0,2,0,0,34.06
14388,3597.12,0,0,0,0,-22.29
14438,3567.18,0,1,0,0,20.48
14488,3625.82,0,-1,0,0,-45.01
14538,3617.07,0,-1,0,0,20.17
14588,3637.25,0,-2,0,0,-25.40
14638,3616.20,0,0,0,0,21.04
14688,3660.32,0,-3,0,0,-32.75
14738,3580.81,0,1,0,0,21.50
14788,3578.24,0,1,0,0,-27.95
14838,3574.83,0,1,0,0,16.26
14888,3587.66,0,0,0,0,-6.85
14938,3575.69,0,1,0,0,20.57
14988,3588.52,0,0,0,0,-8.56
15038,3585.09,0,0,0,0,16.35
15088,3646.97,0,-2,0,0,-42.94
15138,3631.96,0,-1,0,0,28.36
15188,3651.41,0,-3,0,0,-20.33
15238,3646.09,0,-2,0,0,29.48
15288,3665.69,0,-3,0,0,-19.60
15338,3584.23,0,0,0,0,38.08
15388,3594.54,0,0,0,0,-6.02
15438,3517.00,0,4,0,0,19.07
15488,3512.06,0,5,0,-3,-39.03
15538,3503.04,0,5,0,0,32.20
15588,3534.40,0,3,0,0,-36.27
15638,3525.26,0,4,0,0,14.14
15688,3606.64,0,0,0,0,-47.92
15738,3609.24,0,0,0,0,26.24
15788,3675.57,0,-4,0,0,-33.91
15838,3669.28,0,-4,0,0,26.22
15888,3719.32,0,-7,0,0,-34.72
15938,3659.43,0,-3,0,0,30.61
15988,3660.32,0,-3,0,0,-28.36
16038,3639.89,0,-2,0,0,15.97
16088,3609.24,0,0,0,0,-6.07
16138,3573.98,0,1,0,0,21.42
16188,3592.81,0,0,0,0,-7.73
16238,3551.98,0,2,0,0,66.84
16288,3581.66,0,1,0,0,-21.25
16338,3500.58,0,5,0,0,40.49
16388,3517.00,0,4,0,-1,-29.44
16438,3516.17,2,5,0,0,19.89
16488,3562.10,0,2,0,0,-21.02
16538,3560.41,0,2,0,0,20.40
16588,3635.48,-2,-2,0,-2,-56.38
16638,3641.66,0,-2,0,0,18.66
16688,3685.50,-3,-5,0,0,-40.30
16738,3655.86,0,-3,0,0,14.31
16788,3640.78,0,-2,0,0,24.91
16838,3622.31,0,-1,0,0,29.10
16888,3655.86,0,-3,0,0,-20.38
16939,3590.23,0,0,0,0,22.48
16989,3576.54,0,1,0,0,-7.66
17039,3557.03,0,2,0,0,26.34
17089,3591.95,0,0,0,0,-25.62
17139,3531.90,0,4,0,0,22.60
17189,3506.31,3,5,0,0,-4.91
17239,3534.40,0,3,0,0,-41.97
17289,3549.46,0,3,0,0,182.82
17339,3551.14,0,2,0,0,167.26
17389,3568.88,0,1,0,0,78.09
17439,3675.57,0,-4,0,-6,-98.18
17489,3550.30,0,2,0,0,183.83
17539,3557.87,0,2,0,0,373.97
17589,3877.97,-493,-16,0,-478,-319.25
17639,3557.03,0,2,0,0,355.33
17689,3910.32,-574,-18,0,-561,-350.76
17739,3558.72,0,2,0,0,354.67
17789,3865.98,-499,-15,0,-492,-308.10
17839,3558.72,0,2,0,0,291.38
17889,3663.90,-3,-3,0,-8,-114.44
17939,3576.54,0,1,0,0,16.28
17989,3551.98,0,2,0,0,-9.23
18039,3531.90,0,4,0,0,24.28
18089,3530.24,0,4,0,0,-9.12
18139,3532.74,0,4,0,0,17.56
18189,3526.09,1,4,0,0,15.82
18239,3540.24,1,3,0,0,13.42
18289,3601.44,0,2,0,0,23.03
18339,3613.59,0,0,0,0,8.73
18390,3680.08,-1,-4,0,0,-48.12
18440,3664.79,0,-3,0,0,15.28
18490,3714.71,-1,-6,0,0,-40.04
18540,3694.58,0,-5,0,0,20.13
18590,3711.03,0,-6,0,0,-26.44
18640,3662.11,0,-3,0,0,27.02
18690,3709.20,0,-6,0,0,-24.60
18740,3631.96,0,-1,0,0,33.73
18790,3661.22,0,-3,0,0,-30.13
18840,3640.78,0,-2,0,0,15.08
18890,3592.81,0,0,0,0,24.26
18940,3523.61,0,4,0,0,26.69
18990,3579.95,0,1,0,0,-43.05
19040,3510.41,0,5,0,0,25.65
19090,3564.64,0,2,0,0,-39.37
19140,3515.35,0,5,0,0,21.55
19190,3562.95,0,2,0,0,-28.54
19240,3566.33,0,2,0,0,24.76
19290,3631.96,0,-1,0,0,-48.59
19340,3627.57,0,-1,0,0,19.40
19390,3680.98,0,-4,0,0,-29.57
19440,3668.38,0,-4,0,0,42.66
19490,3641.66,0,-2,0,0,-12.34
19540,3626.69,0,-1,0,0,43.48
19590,3609.24,0,0,0,0,-2.60
19640,3599.71,0,0,0,0,-25.92
19690,3622.31,0,-1,0,0,-30.36
19740,3545.26,0,3,0,0,20.23
19790,3589.38,0,0,0,0,-47.46
19840,3528.58,0,4,0,0,20.87
19890,3562.95,0,2,0,0,-27.71
19940,3503.85,2,5,0,0,5.74
19990,3573.98,0,1,0,0,-50.37
20040,3551.14,1,2,0,0,25.40
20090,3620.56,-2,-1,0,-2,-54.23
20140,3603.17,0,0,0,0,29.67
20190,3675.57,-3,-4,0,0,-39.21
20240,3681.88,-2,-4,0,0,8.15
20290,3645.20,0,-2,0,0,24.08
20340,3608.37,0,0,0,0,33.29
20390,3616.20,0,0,0,0,-34.54
20440,3572.28,0,1,0,0,31.76
20490,3613.59,0,0,0,0,-13.88
20540,3550.30,0,2,0,0,19.43
20590,3562.95,0,2,0,0,-13.49
20640,3562.10,1,2,0,0,19.56
20690,3626.69,0,-1,0,0,-50.15
20740,3604.04,0,0,0,0,-13.80
20790,3550.30,0,2,0,0,181.05
20840,3557.03,0,2,0,0,298.02
20890,3557.03,0,2,0,0,343.12
20940,3557.87,0,2,0,0,302.14
20992,3699.14,-13,-5,0,-9,-140.42
21043,3637.25,0,-2,0,0,19.51
21093,3617.94,0,-1,0,0,23.72
21143,3574.83,0,1,0,0,19.70
21193,3596.26,0,0,0,0,-15.45
21243,3569.73,0,1,0,0,36.91
21293,3581.66,0,1,0,0,-42.26
21343,3574.83,0,1,0,0,13.68
21393,3622.31,0,-1,0,0,-32.08
21443,3604.04,0,0,0,0,18.28
21493,3637.25,0,-2,0,0,-24.53
21543,3607.50,0,0,0,0,28.86
21593,3640.78,0,-2,0,0,-22.83
21643,3617.94,0,-1,0,0,19.30
21693,3628.45,0,-1,0,0,-17.47
21743,3601.44,0,-1,0,0,-24.40
21793,3565.49,0,2,0,0,28.19
21843,3567.18,0,1,0,0,23.05
21893,3606.64,0,0,0,0,-30.95
21943,3569.73,0,1,0,0,4.25
21993,3550.30,0,2,0,0,182.90
22043,3557.87,0,2,0,0,322.10
22093,3551.14,0,2,0,0,188.58
22144,3573.98,0,1,0,0,46.58
22194,3532.74,0,4,0,0,35.29
22244,3580.81,0,1,0,0,-45.57
22294,3558.72,0,2,0,0,22.94
22344,3605.77,0,0,0,0,-30.08
22394,3589.38,0,0,0,0,26.82
22444,3605.77,0,0,0,0,-46.21
22494,3599.71,0,0,0,0,-29.34
22544,3650.52,0,-3,0,0,-33.45
22594,3585.09,0,0,0,0,9.45
22644,3613.59,0,0,0,0,-23.35
22694,3598.85,0,-2,0,0,-33.16
22744,3617.07,0,-1,0,0,-41.39
22794,3604.04,0,0,0,0,27.92
22844,3606.64,0,0,0,0,-48.76
22894,3599.71,0,0,0,0,-33.68
22944,3598.85,0,0,0,0,25.35
22994,3590.23,0,0,0,0,23.35
23044,3623.19,0,-1,0,0,-38.10
23094,3607.50,0,0,0,0,27.10
23144,3637.25,0,-2,0,0,-30.61
23194,3626.69,0,-1,0,0,21.17
23244,3631.96,0,-1,0,0,-11.40
23294,3597.12,0,0,0,0,41.01
23344,3607.50,0,0,0,0,-38.62
23394,3560.41,0,2,0,0,14.43
23444,3560.41,0,2,0,0,9.32
23494,3565.49,0,2,0,0,18.74
23544,3613.59,0,0,0,0,-24.21
23595,3602.31,0,0,0,0,25.26
23645,3641.66,0,-2,0,0,-24.59
23695,3626.69,0,-1,0,0,22.94
23745,3604.90,0,0,0,0,-6.05
23795,3564.64,0,2,0,0,33.35
23845,3544.42,0,3,0,0,5.03
23895,3526.92,0,4,0,0,14.15
23945,3589.38,0,0,0,0,-43.28
23995,3590.23,0,0,0,0,15.53
24045,3636.36,0,-2,0,0,-23.65
24095,3604.04,0,0,0,0,13.91
24145,3656.75,0,-3,0,0,-49.25
24195,3641.66,0,-2,0,0,18.66
24245,3685.50,0,-5,0,0,-41.19
24295,3689.13,0,-5,0,0,-25.23
24345,3641.66,0,-2,0,0,17.77
24395,3622.31,0,-1,0,0,38.01
24445,3625.82,0,-1,0,0,-45.01
24495,3560.41,0,2,0,0,15.28
24545,3605.77,0,0,0,0,-30.08
24595,3589.38,0,0,0,0,36.44
24645,3596.26,0,0,0,0,-18.87
24695,3581.66,0,1,0,0,25.84
24745,3576.54,0,1,0,0,-45.46
24795,3558.72,0,2,0,0,22.94
24845,3606.64,0,0,0,0,-31.80
24895,3551.98,0,2,0,0,17.75
24945,3605.77,0,0,0,0,-30.08
24995,3598.85,0,0,0,0,-39.66
25046,3646.97,0,-2,0,0,-34.26
25096,3642.54,0,-2,0,0,13.32
25146,3664.79,0,-3,0,0,-18.71
25196,3622.31,0,-1,0,0,38.01
25246,3624.06,0,-1,0,0,-33.83
25296,3580.81,0,1,0,0,31.91
25346,3614.46,0,0,0,0,-15.61
25396,3541.08,0,3,0,0,28.65
25446,3587.66,0,0,0,0,-37.36
25496,3524.44,0,4,0,0,26.70
25546,3585.94,0,0,0,-2,-54.87
25596,3381.42,9,13,0,0,87.59
25646,3297.43,110,18,0,110,83.23
25696,3161.22,483,26,0,469,352.48
25746,3166.56,45,26,0,25,20.18
25796,3341.50,-204,15,0,-220,-156.11
25846,3167.23,30,25,0,18,14.11
25896,3065.60,405,32,0,379,300.64
25946,3338.53,42,15,0,29,22.44
25996,3342.99,-174,15,0,-204,-144.70
26046,3324.47,65,16,0,60,47.83
26096,3342.25,0,15,0,-7,-5.95
26146,3341.50,2,15,0,-9,-7.43
26196,3599.71,0,14,0,0,324.22
26246,3512.06,4,5,0,0,40.76
26296,3628.45,-5,-1,0,-5,-75.63
26346,3624.94,0,-1,0,0,27.36
26396,3721.16,-8,-7,0,-4,-69.75
26446,3698.22,-1,-5,0,0,47.09
26496,3770.74,-5,-10,0,0,-50.50
26546,3733.20,0,-7,0,0,37.54
26596,3765.06,0,-9,0,0,-30.93
26646,3714.71,0,-6,0,0,24.07
26696,3744.38,0,-8,0,0,-30.59
26746,3699.14,0,-5,0,0,25.72
26796,3709.20,0,-6,0,0,-15.53
26846,3674.67,0,-4,0,0,34.53
26896,3550.30,0,2,0,0,218.55
26946,3749.06,-18,-8,0,-11,-189.50
26996,3624.94,0,-1,0,0,85.18
27046,3612.72,0,0,0,0,9.60
27096,3584.23,0,0,0,0,38.08
27146,3616.20,0,0,0,0,-36.25
27196,3571.43,0,1,0,0,43.90
27246,3597.98,0,0,0,0,-18.89
27296,3571.43,0,1,0,0,36.08
27346,3617.07,0,-1,0,0,-36.27
27396,3604.04,0,0,0,0,-11.22
27446,3551.14,0,2,0,0,241.53
27496,3555.34,0,2,0,0,268.26
27546,3557.87,0,2,0,0,317.09
27596,3558.72,0,2,0,0,310.25
27646,3550.30,0,2,0,0,242.37
27696,3550.30,0,2,0,0,165.33
27746,3565.49,0,2,0,0,29.91
27796,3605.77,0,0,0,0,-36.04
27846,3579.95,0,1,0,0,30.16
27896,3597.12,0,0,0,0,-17.17
27947,3566.33,0,2,0,0,31.65
27997,3606.64,0,0,0,0,-26.68
28047,3585.09,0,0,0,0,38.10
28097,3623.19,0,-1,0,0,-30.37
28147,3581.66,0,1,0,0,30.18
28197,3616.20,0,0,0,0,-37.10
28247,3581.66,0,1,0,0,34.54
28297,3641.66,0,-2,0,0,-48.85
28347,3602.31,0,0,0,0,27.90
28397,3631.96,0,-1,0,0,-33.98
28447,3607.50,0,0,0,0,29.74
28497,3594.54,0,0,0,0,-6.88
28547,3571.43,0,1,0,0,35.21
28597,3607.50,0,0,0,0,-36.08
28647,3570.58,0,1,0,0,36.06
28697,3605.77,0,0,0,0,-24.96
28747,3583.37,0,0,0,0,33.70
28797,3615.33,0,0,0,0,-43.90
28847,3592.81,0,0,0,0,30.37
28897,3623.19,0,-1,0,0,-29.51
28947,3604.04,0,0,0,0,27.92
28997,3646.97,0,-2,0,0,-40.34
29047,3606.64,0,0,0,0,30.61
29097,3632.84,0,-1,0,0,-39.17
29147,3645.20,0,-2,0,-3,-61.83
29197,3597.98,0,0,0,0,-17.18
29247,3562.10,0,2,0,0,45.40
29297,3566.33,0,2,0,0,-34.43
29347,3550.30,0,2,0,0,21.98
29398,3581.66,0,1,0,0,-32.21
29448,3561.25,0,2,0,0,40.19
29498,3590.23,0,0,0,0,-23.90
29548,3589.38,0,0,0,0,20.73
29598,3631.96,0,-1,0,0,-48.59
29648,3607.50,0,0,0,0,29.74
29698,3641.66,0,-2,0,0,-20.22
29748,3616.20,0,0,0,0,25.46
29798,3647.86,0,-2,0,0,-35.14
29848,3610.98,0,0,0,0,40.43
29898,3640.78,0,-2,0,0,-22.83
29948,3615.33,0,0,0,0,36.08
29998,3646.97,0,-2,0,0,-38.60
30048,3571.43,0,1,0,0,41.29
30098,3617.07,0,-1,0,0,-45.64
30148,3579.95,0,1,0,0,27.55
30198,3582.52,0,1,0,0,-16.18
30248,3567.18,0,1,0,0,23.05
30298,3576.54,0,1,0,0,-22.04
30348,3559.56,0,2,0,0,26.38
30398,3606.64,0,0,0,0,-39.45
30448,3581.66,0,1,0,0,34.54
30498,3623.19,0,-1,0,0,-32.95
30548,3585.09,0,0,0,0,46.88
30598,3571.43,0,1,0,0,-34.53
30648,3557.87,0,2,0,0,32.36
30698,3617.07,0,-1,0,0,-39.68
30748,3586.80,0,0,0,0,36.39
30798,3644.31,0,-2,0,0,-45.47
30848,3606.64,0,0,0,0,40.34
30898,3632.84,0,-1,0,0,-29.67
30948,3608.37,0,0,0,0,28.87
30998,3646.97,0,-2,0,0,-40.34
31048,3612.72,0,0,0,0,38.70
31098,3670.17,0,-4,0,0,-44.36
31148,3628.45,0,-1,0,0,41.73
31198,3631.08,0,-1,0,0,-14.01
31248,3593.67,0,0,0,0,39.17
31298,3582.52,0,1,0,0,-22.11
31348,3531.07,0,4,0,0,27.65
31398,3574.83,0,1,0,-1,-52.88
31448,3535.23,0,3,0,0,27.71
31498,3571.43,0,1,0,0,-29.52
31548,3545.26,0,3,0,0,26.17
31598,3610.98,0,0,0,0,-48.03
31648,3585.09,0,0,0,0,40.73
31698,3646.97,0,-2,0,0,-37.73
31748,3620.56,0,-1,0,0,30.85
31798,3660.32,0,-3,0,0,-28.36
31848,3636.36,0,-2,0,0,39.21
31898,3665.69,0,-3,0,0,-20.49
31948,3624.94,0,-1,0,0,36.28
31998,3651.41,0,-3,0,0,-29.10
32048,3598.85,0,-2,0,0,-19.35
32098,3604.04,0,0,0,0,-15.52
32148,3557.87,0,2,0,0,38.39
32198,3567.18,0,1,0,0,-9.31
32248,3526.92,1,4,0,0,19.18
32299,3537.74,1,3,0,0,-15.78
32349,3512.88,4,5,0,0,28.20
32399,3574.83,0,1,0,-1,-52.88
32449,3581.66,0,1,0,0,-38.91
32499,3550.30,0,2,0,0,181.05
32549,3557.87,0,2,0,0,329.14
32599,3558.72,0,2,0,0,396.98
32649,3555.34,0,2,0,0,251.76
32699,3790.75,-23,-11,0,-13,-232.03
32749,3565.49,1,2,0,0,220.48
32799,3790.75,-21,-11,0,-13,-239.61
32849,3549.46,0,3,0,0,225.08
32899,3745.32,-16,-8,0,-12,-195.86
32949,3584.23,0,0,0,0,67.18
32999,3597.98,0,0,0,0,-17.18
33049,3494.87,4,6,0,0,36.20
33099,3526.92,2,4,0,-1,-32.05
33149,3522.78,0,4,0,-1,-22.20
33199,3354.95,0,14,0,0,386.63
33249,3537.74,0,3,0,-14,-190.27
33299,3496.50,0,6,0,0,29.59
33349,3536.07,0,3,0,0,-38.75
33399,3522.78,0,4,0,0,36.78
33449,3595.40,0,0,0,0,-37.52
33499,3588.52,0,0,0,0,37.30
33549,3646.97,0,-2,0,0,-42.94
33599,3617.94,0,-1,0,0,52.23
33649,3650.52,0,-3,0,0,-32.58
33699,3636.36,0,-2,0,0,34.71
33750,3675.57,0,-4,0,0,-30.37
33800,3636.36,0,-2,0,0,38.31
33850,3664.79,0,-3,0,0,-18.71
33900,3640.78,0,-2,0,0,24.02
33950,3640.78,0,-2,0,0,-14.08
34000,3607.50,0,0,0,0,32.39
34050,3574.83,0,1,0,0,21.43
34100,3527.75,0,4,0,0,34.35
34150,3574.83,0,1,0,0,-42.93
34200,3531.90,0,4,0,0,40.37
34250,3546.10,0,3,0,0,-24.15
34300,3541.08,0,3,0,0,15.11
34350,3580.81,0,1,0,0,-44.74
34400,3547.78,0,3,0,0,37.31
34450,3614.46,0,0,0,0,-47.28
34500,3604.04,0,0,0,0,18.28
34550,3651.41,0,-3,0,0,-34.34
34600,3640.78,0,-2,0,0,20.44
34650,3675.57,0,-4,0,0,-31.25
34700,3659.43,0,-3,0,0,25.17
34750,3650.52,0,-3,0,0,5.34
34800,3695.49,-2,-5,0,-8,-118.10
34850,3646.97,0,-2,0,0,-32.52
34900,3592.81,0,0,0,0,34.76
34950,3587.66,0,0,0,0,-19.63
35000,3551.14,0,2,0,0,27.11
35050,3563.79,0,2,0,0,-22.72
35100,3535.23,0,3,0,0,27.71
35150,3567.18,0,1,0,0,-35.28
35200,3553.66,0,2,0,0,18.62
35250,3587.66,0,0,0,0,-31.47
35300,3573.98,0,1,0,0,23.14
35350,3605.77,0,0,0,0,-24.96
35400,3592.81,0,0,0,0,30.37
35450,3637.25,0,-2,0,0,-34.07
35500,3617.94,0,-1,0,0,29.03
35550,3656.75,0,-3,0,0,-44.04
35600,3624.94,0,-1,0,0,36.28
35650,3675.57,0,-4,0,0,-30.37
35700,3654.97,0,-3,0,0,15.20
35750,3690.04,0,-5,0,0,-39.51
35800,3621.44,0,-1,0,0,29.08
35850,3660.32,0,-3,0,0,-28.36
35900,3631.96,0,-1,0,0,23.90
35950,3559.56,0,2,0,0,21.24
36000,3554.50,0,2,0,0,26.30
36050,3580.81,0,1,0,0,-39.73
36100,3531.90,0,4,0,0,20.91
36150,3591.09,0,0,0,0,-50.85
36200,3580.81,0,1,0,0,24.10
36250,3601.44,0,2,0,0,29.06
36300,3583.37,0,0,0,0,13.75
36350,3605.77,0,0,0,0,-24.96
36400,3573.13,0,1,0,0,31.77
36450,3633.72,0,-2,0,-1,-52.91
36500,3604.04,0,0,0,0,13.91
36550,3646.97,0,-2,0,0,-38.60
36600,3631.96,0,-1,0,0,28.36
36651,3655.86,0,-3,0,0,-15.97
36701,3635.48,0,-2,0,0,34.69
36751,3641.66,0,-2,0,0,-9.70
36801,3575.69,0,1,0,0,46.63
36851,3557.03,0,2,0,0,22.92
36901,3536.07,0,3,0,0,29.42
36951,3525.26,0,4,0,0,8.30
37001,3498.13,2,6,0,0,7.36
37051,3551.14,0,2,0,0,-44.82
37101,3549.46,1,3,0,0,25.38
37151,3601.44,0,2,0,0,23.03
37201,3605.77,0,0,0,0,17.42
37251,3649.63,-1,-2,0,0,-27.32
37301,3641.66,0,-2,0,0,18.66
37351,3684.60,-2,-5,0,0,-38.51
37401,3670.17,0,-4,0,0,19.86
37451,3680.08,0,-4,0,0,-25.11
37501,3610.98,0,0,0,0,20.98
37551,3640.78,0,-2,0,0,-23.70
37601,3612.72,0,0,0,0,17.49
37651,3617.07,0,-1,0,0,-8.70
37701,3589.38,0,0,0,0,24.21
37751,3559.56,0,2,0,0,11.87
37801,3535.23,0,3,0,0,27.71
37851,3573.13,0,1,0,0,-32.05
37901,3550.30,0,2,0,0,18.58
37951,3573.13,0,1,0,0,-32.05
38002,3558.72,1,2,0,0,14.41
38052,3601.44,0,2,0,0,30.77
38102,3599.71,0,0,0,0,-25.82
38152,3637.25,-1,-2,0,0,-34.94
38202,3611.85,0,0,0,0,15.72
38252,3650.52,-1,-3,0,0,-29.08
38302,3645.20,0,-2,0,0,24.97
38352,3665.69,0,-3,0,0,-29.33
38402,3604.04,0,0,0,0,27.05
38452,3604.04,0,0,0,0,-18.95
38502,3580.81,0,1,0,0,32.78
38552,3594.54,0,0,0,0,-36.66
38602,3518.65,3,4,0,0,21.59
38652,3557.03,1,2,0,0,-31.77
38702,3553.66,0,2,0,0,-18.43
38752,3552.82,0,2,0,0,46.03
38802,3607.50,0,0,0,0,-37.77
38852,3593.67,0,0,0,0,23.40
38902,3646.97,0,-2,0,0,-36.00
38952,3608.37,0,0,0,0,36.83
39002,3639.89,0,-2,0,0,67.47
39052,3637.25,0,-2,0,0,6.18
39102,3649.63,0,-2,0,0,66.00
39153,3750.00,-19,-9,0,-11,-192.13
39203,3550.30,0,2,0,0,200.64
39254,3790.75,-21,-11,0,-13,-239.61
39304,3550.30,0,2,0,0,204.40
39354,3591.09,0,0,0,0,0.00
39404,3551.14,0,2,0,0,31.38
39454,3469.01,5,7,0,0,42.23
39504,3496.50,0,6,0,-4,-32.30
39554,3354.95,0,14,0,0,374.53
39604,3535.23,0,3,0,-15,-187.02
39654,3469.01,0,7,0,0,23.42
39704,3506.31,0,5,0,-5,-51.68
39754,3503.85,0,5,0,0,18.10
39804,3575.69,0,1,0,0,-45.44
39854,3579.95,0,1,0,0,31.02
39904,3656.75,0,-3,0,0,-47.51
39954,3669.28,0,-4,0,0,17.13
40004,3728.56,0,-7,0,0,-43.96
40054,3703.70,0,-6,0,0,31.36
40104,3729.49,0,-7,0,0,-30.35
40154,3699.14,0,-5,0,0,34.06
40204,3690.94,0,-5,0,0,-30.62
40254,3674.67,0,-4,0,0,30.86
40304,3704.62,0,-6,0,0,-32.65
40355,3730.42,-17,-7,0,-11,-172.54
40406,3584.23,0,0,0,0,67.18
40456,3559.56,1,2,0,0,22.95
40506,3510.41,0,5,0,0,10.71
40556,3527.75,0,4,0,0,-11.58
40606,3435.64,0,9,0,0,10.26
40656,3363.23,4,14,0,0,15.15
40706,3340.76,2,15,0,-8,-6.68
40756,3464.20,4,8,0,0,8.82
40806,3521.13,0,4,0,-3,-53.72
40856,3535.23,2,3,0,0,9.19
40906,3609.24,0,0,0,0,-48.83
40956,3626.69,0,-1,0,0,15.85
41006,3711.03,-7,-6,0,-2,-56.06
41056,3709.20,-3,-6,0,0,10.12
41106,3745.32,-3,-8,0,0,-31.53
41156,3739.72,-1,-8,0,0,19.68
41206,3749.06,0,-8,0,0,-15.86
41256,3787.88,-7,-11,0,-6,-86.00
41306,3557.87,0,2,0,0,300.15
41356,3822.63,-15,-13,0,-14,-264.76
41406,3596.26,0,0,0,0,93.78
41456,3541.08,0,3,0,0,18.49
41506,3532.74,0,4,0,0,-24.79
41556,3455.42,0,8,0,0,35.38
41606,3383.71,7,12,0,0,13.03
41656,3337.04,99,15,0,86,65.09
41706,3349.71,40,15,0,41,30.95
41756,3332.59,260,16,0,257,203.48
41806,3399.82,2,12,0,0,156.37
41856,3458.61,0,8,0,-13,-33.95
41906,3445.11,4,9,0,0,28.72
41956,3535.23,0,3,0,-2,-51.72
42006,3531.07,2,4,0,0,19.22
42056,3609.24,0,0,0,-1,-52.21
42106,3616.20,0,0,0,0,26.34
42156,3685.50,-3,-5,0,0,-43.84
42206,3675.57,-1,-4,0,0,33.63
42256,3733.20,-2,-7,0,0,-24.00
42306,3725.78,0,-7,0,0,17.67
42356,3735.06,0,-8,0,0,2.79
42406,3713.79,0,-6,0,0,29.66
42456,3748.13,0,-8,0,0,-23.27
42506,3704.62,0,-6,0,0,34.17
42556,3684.60,0,-5,0,0,19.11
42606,3602.31,0,0,0,0,28.78
42656,3568.88,0,1,0,0,-12.69
42706,3525.26,0,4,0,0,19.16
42756,3525.26,0,4,0,-1,-31.20
42806,3449.86,0,9,0,0,32.03
42856,3428.57,0,10,0,-8,-15.60
42906,3419.97,6,10,0,0,25.14
42956,3490.81,0,6,0,-8,-49.65
43006,3489.18,5,6,0,0,23.70
43056,3522.78,0,4,0,0,10.79
43106,3607.50,0,0,0,0,-36.08
43156,3621.44,0,-1,0,0,11.40
43206,3550.30,0,2,0,0,200.64
43256,3899.14,-559,-17,0,-544,-340.42
43307,3558.72,0,2,0,0,385.54
43357,4012.84,-744,-24,0,-726,-454.12
43407,3768.84,-1,-10,0,0,23.82
43457,3791.71,0,-11,0,0,-33.25
43507,3760.34,0,-9,0,0,31.37
43557,3713.79,0,-6,0,0,-4.59
43607,3684.60,0,-5,0,0,23.68
43657,3654.97,0,-3,0,0,15.20
43707,3550.30,0,2,0,0,174.56
43757,3587.66,0,0,0,0,101.47
43807,3546.94,0,3,0,0,69.26
43857,3540.24,0,3,0,0,-35.57
43907,3501.40,0,5,0,0,28.01
43957,3478.66,0,7,0,0,23.55
44007,3468.21,0,7,0,0,20.16
44057,3535.23,0,3,0,0,-43.61
44107,3537.74,0,3,0,0,25.21
44157,3591.09,0,0,0,0,-50.02
44207,3599.71,0,0,0,0,-47.30
44257,3670.17,0,-4,0,0,-48.73
44307,3670.17,0,-4,0,0,18.96
44357,3709.20,0,-6,0,0,-14.62
44407,3655.86,0,-3,0,0,23.31
44457,3670.17,0,-4,0,0,-5.38
44507,3692.76,0,-5,0,-4,-66.07
44557,3646.97,0,-2,0,0,-43.80
44607,3616.20,0,0,0,0,25.46
44657,3650.52,0,-3,0,0,-32.58
44707,3576.54,0,1,0,0,12.84
44758,3591.95,0,0,0,0,-31.55
44808,3570.58,0,1,0,0,36.06
44858,3562.95,0,2,0,0,-13.49
44908,3546.94,0,3,0,0,16.01
44958,3501.40,0,5,0,0,24.69
45008,3469.01,1,7,0,0,12.08
45058,3526.09,0,4,0,-1,-40.15
45108,3517.00,1,4,0,0,28.26
45158,3591.09,0,0,0,0,-50.85
45208,3593.67,0,0,0,0,21.65
45258,3628.45,0,-1,0,0,-20.94
45308,3675.57,-1,-4,0,0,-41.85
45358,3705.53,-2,-6,0,0,-30.86
45408,3698.22,0,-5,0,0,21.09
45458,3739.72,-1,-8,0,0,-15.78
45508,3728.56,0,-7,0,0,29.90
45558,3768.84,0,-10,0,0,-40.28
45608,3744.38,0,-8,0,0,34.91
45658,3791.71,0,-11,0,0,-33.25
45708,3743.45,0,-8,0,0,27.29
45758,3943.22,-633,-20,0,-615,-384.50
45808,3558.72,0,2,0,0,288.42
45858,3744.38,-16,-8,0,-12,-195.77
45908,3561.25,0,2,0,0,51.46
45958,3536.90,1,3,0,0,24.35
46009,3523.61,3,4,0,0,-13.19
46060,3512.88,4,5,0,0,19.02
46110,3493.25,0,6,0,0,38.66
46160,3526.92,0,4,0,0,-10.75
46210,3460.21,0,8,0,0,26.54
46260,3512.88,0,5,0,-3,-39.05
46310,3472.22,0,7,0,0,18.59
46360,3558.72,0,2,0,-1,-51.59
46410,3566.33,0,2,0,0,23.90
46460,3656.75,0,-3,0,-1,-53.58
46510,3665.69,0,-3,0,0,14.39
46560,3719.32,0,-7,0,0,-34.72
46610,3723.93,0,-7,0,0,11.13
46660,3720.24,0,-7,0,0,8.32
46710,3713.79,0,-6,0,0,20.34
46760,3738.78,0,-8,0,0,-14.85
46810,3932.88,-577,-19,0,-559,-373.32
46860,3558.72,0,2,0,0,401.15
46911,3791.71,-20,-11,0,-13,-233.83
46961,3549.46,0,3,0,0,202.42
47011,3729.49,-12,-7,0,-11,-179.19
47062,3557.03,0,2,0,0,65.28
47112,3546.10,0,3,0,0,-28.28
47162,3465.00,5,8,0,0,22.56
47212,3468.21,-3,7,0,-11,-38.07
47262,3442.74,0,9,0,-5,-11.03
47312,3440.37,0,9,0,0,9.49
47362,3487.56,0,6,0,-4,-26.56
47412,3499.77,0,6,0,0,11.47
47462,3548.62,0,3,0,0,-28.32
47512,3558.72,0,2,0,0,22.94
47562,3623.19,0,-1,0,0,-39.81
47612,3621.44,0,-1,0,0,34.42
47662,3670.17,0,-4,0,0,-47.86
47712,3675.57,0,-4,0,0,29.05
47762,3740.65,0,-8,0,0,-49.70
47812,3723.93,0,-7,0,0,19.52
47862,3764.12,0,-9,0,0,-15.05
47912,3769.79,-9,-10,0,0,-10.39
47962,3748.13,-6,-8,0,0,16.93
48012,3708.28,-2,-6,0,0,21.21
48062,3654.97,0,-3,0,0,15.20
48112,3612.72,0,0,0,0,17.49
48162,3532.74,0,4,0,0,25.14
48212,3463.40,5,8,0,0,24.16
48262,3439.58,0,9,0,0,3.16
48312,3334.07,259,15,0,258,182.92
48362,3456.22,0,8,0,-12,-34.69
48412,3436.43,0,9,0,0,15.02
48462,3478.66,0,7,0,-5,-20.85
48512,3494.87,1,6,0,0,15.54
48562,3558.72,0,2,0,0,-48.30
48612,3562.95,0,2,0,0,27.29
48662,3651.41,0,-3,0,-1,-53.43
48712,3654.97,0,-3,0,0,15.20
48762,3699.14,0,-5,0,0,-38.81
48812,3694.58,0,-5,0,0,19.21
48862,3743.45,0,-8,0,0,-39.75
48912,3730.42,0,-7,0,0,19.58
48962,3757.52,0,-9,0,0,-8.45
49012,3735.06,0,-8,0,0,39.47
49062,3660.32,0,-3,0,0,33.35
49112,3636.36,0,-2,0,0,41.01
49162,3628.45,0,-1,0,0,-13.99
49212,3540.24,0,3,0,0,41.42
49262,3531.90,0,4,0,0,-23.95
49312,3463.40,0,8,0,0,24.16
49362,3389.83,3,12,0,0,15.39
49412,3165.89,228,26,0,205,171.15
49462,3185.39,212,24,0,205,162.82
49512,3028.47,416,34,0,392,327.24
49562,3125.00,102,28,0,77,61.07
49612,3009.03,49,35,0,28,23.73
49662,2867.52,183,43,0,143,119.93
49712,3009.63,-127,35,0,-173,-137.72
49762,2737.73,199,51,0,164,143.56
49812,2737.73,50,51,0,3,3.00
49862,2721.83,98,52,0,56,53.89
49912,2619.63,64,58,0,21,21.68
49963,2619.17,63,58,0,24,22.14
50013,2510.46,64,65,0,21,20.33
50063,2400.77,190,71,0,142,142.04
50113,2499.17,0,66,0,-77,-73.94
50163,2398.85,0,72,0,-58,-63.13
50213,2306.98,132,77,0,78,88.80
50263,2232.81,150,82,0,87,98.92
50313,2232.47,76,82,0,10,12.03
50363,2153.93,88,86,0,12,14.64
50413,2162.63,90,86,0,4,5.31
50463,2101.13,139,89,0,50,61.49
50513,2047.78,100,93,0,7,9.27
50563,1999.47,103,96,0,7,9.10
50613,1953.13,133,98,0,35,46.34
50663,1905.25,135,101,0,34,46.35
50713,1852.08,137,104,0,33,46.17
50763,1851.17,104,104,0,0,0.91
50813,1801.37,108,107,0,1,1.73
50863,1749.48,146,111,0,35,51.89
50913,1749.68,111,111,0,0,-0.20
50963,1700.49,113,113,0,0,-1.35
51013,1647.63,152,117,0,35,52.86
51063,1596.93,152,120,0,32,49.97
51113,1595.91,120,120,0,0,1.02
51163,1544.32,154,123,0,31,51.59
51213,1545.75,123,123,0,0,-1.43
51263,1491.80,126,126,0,0,1.04
51313,1441.20,157,129,0,28,50.60
51363,1438.99,130,129,0,1,2.21
51414,1386.96,160,132,0,28,52.02
51464,1388.25,132,132,0,0,-1.28
51514,1331.44,166,136,0,30,56.81
51564,1333.21,136,136,0,0,-1.77
51614,1291.32,125,138,0,-13,-26.25
51664,1222.10,175,142,0,33,69.23
51714,1224.29,141,142,0,-1,-2.19
51764,1164.51,173,146,0,27,59.78
51814,1166.95,144,145,0,-1,-2.45
51864,1166.95,144,145,0,-1,-2.45
51914,1107.91,175,149,0,26,59.04
51964,1108.40,149,149,0,0,-0.49
52014,1054.93,174,152,0,22,53.48
52064,1044.71,157,153,0,4,10.21
52114,979.69,182,157,0,25,65.03
52164,982.32,156,157,0,-1,-2.63
52214,982.32,156,157,0,-1,-2.63
52264,918.95,183,160,0,23,63.37
52314,916.03,162,161,0,1,2.92
52364,852.66,185,164,0,21,63.37
52414,852.66,185,164,0,21,63.37
52464,843.98,167,165,0,2,8.68
52514,777.56,189,169,0,20,66.41
52564,777.56,189,169,0,20,66.41
52614,765.54,173,170,0,3,12.02
52664,765.54,173,170,0,3,12.02
52714,700.97,191,173,0,18,64.57
52764,675.37,181,175,0,6,25.60
52814,675.37,181,175,0,6,25.60
52864,603.31,196,179,0,17,72.07
52914,603.31,196,179,0,17,72.07
52964,603.31,196,179,0,17,72.07
53014,569.93,188,181,0,7,33.38
53064,569.93,188,181,0,7,33.38
53114,484.15,202,186,0,16,85.78
53164,484.15,202,186,0,16,85.78
53214,484.15,202,186,0,16,85.78
53264,434.00,197,189,0,8,50.15
53314,434.00,197,189,0,8,50.15
53364,434.00,197,189,0,8,50.15
53414,434.00,197,189,0,8,50.15
53464,312.23,212,197,0,15,121.78
53514,312.23,212,197,0,15,121.78
53564,312.23,212,197,0,15,121.78
53614,312.23,212,197,0,15,121.78
54437,59.02,-212,197,0,15,121.78
54487,59.02,-212,197,0,15,121.78
54537,59.02,-212,197,0,15,121.78
54587,59.02,-212,197,0,15,121.78
54637,59.02,-212,197,0,15,121.78
54687,59.02,-212,197,0,15,121.78
54737,59.02,-212,197,0,15,121.78
54787,59.02,-212,197,0,15,121.78
54837,59.02,-212,197,0,15,121.78
54887,59.02,-212,197,0,15,121.78
54937,59.02,-212,197,0,15,121.78
54987,59.02,-212,197,0,15,121.78
55037,59.02,-212,197,0,15,121.78
55087,59.02,-212,197,0,15,121.78
55137,59.02,-212,197,0,15,121.78
55187,59.02,-212,197,0,15,121.78
55237,59.02,-212,197,0,15,121.78
55287,59.02,-212,197,0,15,121.78
55337,59.02,-212,197,0,15,121.78
55387,59.02,-212,197,0,15,121.78
55437,59.02,-212,197,0,15,121.78
55487,59.02,-212,197,0,15,121.78
55537,59.02,-212,197,0,15,121.78
55587,59.02,-212,197,0,15,121.78
55638,59.02,-212,197,0,15,121.78
55688,59.02,-212,197,0,15,121.78
55738,59.02,-212,197,0,15,121.78
55788,59.02,-212,197,0,15,121.78
55838,59.02,-212,197,0,15,121.78
55888,59.02,-212,197,0,15,121.78
55938,59.02,-212,197,0,15,121.78
55988,59.02,-212,197,0,15,121.78
56038,59.02,-212,197,0,15,121.78
56088,59.02,-212,197,0,15,121.78
56138,59.02,-212,197,0,15,121.78
56188,59.02,-212,197,0,15,121.78
56238,59.02,-212,197,0,15,121.78
56288,59.02,-212,197,0,15,121.78
56338,59.02,-212,197,0,15,121.78
56388,59.02,-212,197,0,15,121.78
56438,59.02,-212,197,0,15,121.78
56488,59.02,-212,197,0,15,121.78
56538,59.02,-212,197,0,15,121.78
56588,59.02,-212,197,0,15,121.78
56638,59.02,-212,197,0,15,121.78
56688,59.02,-212,197,0,15,121.78
56738,59.02,-212,197,0,15,121.78
56788,59.02,-212,197,0,15,121.78
56838,59.02,-212,197,0,15,121.78
56888,59.02,-212,197,0,15,121.78
56938,59.02,-212,197,0,15,121.78
56988,59.02,-212,197,0,15,121.78
57038,59.02,-212,197,0,15,121.78
57088,59.02,-212,197,0,15,121.78
57138,59.02,-212,197,0,15,121.78
57188,59.02,-212,197,0,15,121.78
57238,59.02,-212,197,0,15,121.78
57288,59.02,-212,197,0,15,121.78
57338,59.02,-212,197,0,15,121.78
57388,59.02,-212,197,0,15,121.78
57438,59.02,-212,197,0,15,121.78
57488,59.02,-212,197,0,15,121.78
57538,59.02,-212,197,0,15,121.78
57588,59.02,-212,197,0,15,121.78
57638,59.02,-212,197,0,15,121.78
57688,59.02,-212,197,0,15,121.78
57738,59.02,-212,197,0,15,121.78
57788,59.02,-212,197,0,15,121.78
57838,59.02,-212,197,0,15,121.78
57888,59.02,-212,197,0,15,121.78
57938,59.02,-212,197,0,15,121.78
57988,59.02,-212,197,0,15,121.78
58038,59.02,-212,197,0,15,121.78
58088,59.02,-212,197,0,15,121.78
58138,59.02,-212,197,0,15,121.78
58188,59.02,-212,197,0,15,121.78
58238,59.02,-212,197,0,15,121.78
58288,59.02,-212,197,0,15,121.78
58338,59.02,-212,197,0,15,121.78
58388,59.02,-212,197,0,15,121.78
58438,59.02,-212,197,0,15,121.78
58488,59.02,-212,197,0,15,121.78
58539,59.02,-212,197,0,15,121.78
58589,59.02,-212,197,0,15,121.78
58639,59.02,-212,197,0,15,121.78
58689,59.02,-212,197,0,15,121.78
58739,59.02,-212,197,0,15,121.78
58789,59.02,-212,197,0,15,121.78
58839,59.02,-212,197,0,15,121.78
58889,59.02,-212,197,0,15,121.78
58939,59.02,-212,197,0,15,121.78
58989,59.02,-212,197,0,15,121.78
59039,59.02,-212,197,0,15,121.78
59089,59.02,-212,197,0,15,121.78
59139,59.02,-212,197,0,15,121.78
59189,59.02,-212,197,0,15,121.78
59239,59.02,-212,197,0,15,121.78
59289,59.02,-212,197,0,15,121.78
59339,59.02,-212,197,0,15,121.78
59389,59.02,-212,197,0,15,121.78
59439,59.02,-212,197,0,15,121.78
59489,59.02,-212,197,0,15,121.78
59539,59.02,-212,197,0,15,121.78
59589,59.02,-212,197,0,15,121.78
59639,59.02,-212,197,0,15,121.78
59689,59.02,-212,197,0,15,121.78
59739,59.02,-212,197,0,15,121.78
59789,59.02,-212,197,0,15,121.78
59839,59.02,-212,197,0,15,121.78
59889,59.02,-212,197,0,15,121.78
59939,59.02,-212,197,0,15,121.78
59990,59.02,-212,197,0,15,121.78
60040,59.02,-212,197,0,15,121.78
60090,59.02,-212,197,0,15,121.78
60140,59.02,-212,197,0,15,121.78
60190,59.02,-212,197,0,15,121.78
60240,59.02,-212,197,0,15,121.78
60290,59.02,-212,197,0,15,121.78
60340,59.02,-212,197,0,15,121.78
60390,59.02,-212,197,0,15,121.78
60440,59.02,-212,197,0,15,121.78
60490,59.02,-212,197,0,15,121.78
