No Throttle Input - No Load
Trial: 5
Date: 3-31-2023
Time: 10:35 AM
Ambient Temp: 80
Head Temp: 197.0

------ Microcontroller Engine Governor - Version: 1.16 ------
-------------------------------------------------------------
PID Gains:        Kp: 0.013000   Ki: 0.025000   Kd: 1.000000
-------------------------------------------------------------
Set RPM:             3600    |  Min RPM:                300
                             |
RPM Precision        10       |  PID I Precision:         70
                             |
Start Steps:         850     |  Max Steps:               1200
                             |
RPM Calc Interval:   1       |  Num Magnets:             1
                             |
LCD Update Interval: 400     |  Serial Update Interval:  50
-------------------------------------------------------------

Time,RPM,Steps Remaining, PID p, PID i, PID d, RPM Change, P Cmd, I Cmd, D Cmd
90,0.00,0,0,0,0,0.00,0,0,0
140,0.00,0,0,0,0,0.00,0,0,0
190,0.00,0,0,0,0,0.00,0,0,0
240,0.00,0,0,0,0,0.00,0,0,0
290,0.00,0,0,0,0,0.00,0,0,0
340,0.00,0,0,0,0,0.00,0,0,0
390,0.00,0,0,0,0,0.00,0,0,0
440,0.00,0,0,0,0,0.00,0,0,0
490,0.00,0,0,0,0,0.00,0,0,0
540,0.00,0,0,0,0,0.00,0,0,0
590,0.00,0,0,0,0,0.00,0,0,0
640,0.00,0,0,0,0,0.00,0,0,0
690,0.00,0,0,0,0,0.00,0,0,0
740,0.00,0,0,0,0,0.00,0,0,0
790,0.00,0,0,0,0,0.00,0,0,0
840,0.00,0,0,0,0,0.00,0,0,0
890,0.00,0,0,0,0,0.00,0,0,0
940,0.00,0,0,0,0,0.00,0,0,0
990,0.00,0,0,0,0,0.00,0,0,0
1040,0.00,0,0,0,0,0.00,0,0,0
1090,0.00,0,0,0,0,0.00,0,0,0
1140,0.00,0,0,0,0,0.00,0,0,0
1190,0.00,0,0,0,0,0.00,0,0,0
1240,0.00,0,0,0,0,0.00,0,0,0
1290,0.00,0,0,0,0,0.00,0,0,0
1340,0.00,0,0,0,0,0.00,0,0,0
1390,0.00,0,0,0,0,0.00,0,0,0
1440,0.00,0,0,0,0,0.00,0,0,0
1490,0.00,0,0,0,0,0.00,0,0,0
1540,0.00,0,0,0,0,0.00,0,0,0
1590,0.00,0,0,0,0,0.00,0,0,0
1640,0.00,0,0,0,0,0.00,0,0,0
1690,0.00,0,0,0,0,0.00,0,0,0
1740,0.00,0,0,0,0,0.00,0,0,0
1790,0.00,0,0,0,0,0.00,0,0,0
1840,0.00,0,0,0,0,0.00,0,0,0
1890,0.00,0,0,0,0,0.00,0,0,0
1940,0.00,0,0,0,0,0.00,0,0,0
1990,0.00,0,0,0,0,0.00,0,0,0
2040,0.00,0,0,0,0,0.00,0,0,0
2091,0.00,0,0,0,0,0.00,0,0,0
2141,0.00,0,0,0,0,0.00,0,0,0
2191,0.00,0,0,0,0,0.00,0,0,0
2241,0.00,0,0,0,0,0.00,0,0,0
2291,0.00,0,0,0,0,0.00,0,0,0
2341,0.00,0,0,0,0,0.00,0,0,0
2391,0.00,0,0,0,0,0.00,0,0,0
2441,0.00,0,0,0,0,0.00,0,0,0
2491,0.00,0,0,0,0,0.00,0,0,0
2541,0.00,0,0,0,0,0.00,0,0,0
2591,0.00,0,0,0,0,0.00,0,0,0
2641,0.00,0,0,0,0,0.00,0,0,0
2691,0.00,0,0,0,0,0.00,0,0,0
2741,0.00,0,0,0,0,0.00,0,0,0
2791,0.00,0,0,0,0,0.00,0,0,0
2841,0.00,0,0,0,0,0.00,0,0,0
2891,0.00,0,0,0,0,0.00,0,0,0
2941,0.00,0,0,0,0,0.00,0,0,0
2991,0.00,0,0,0,0,0.00,0,0,0
3041,0.00,0,0,0,0,0.00,0,0,0
3091,0.00,0,0,0,0,0.00,0,0,0
3141,0.00,0,0,0,0,0.00,0,0,0
3191,0.00,0,0,0,0,0.00,0,0,0
3241,0.00,0,0,0,0,0.00,0,0,0
3291,0.00,0,0,0,0,0.00,0,0,0
3341,0.00,0,0,0,0,0.00,0,0,0
3391,0.00,0,0,0,0,0.00,0,0,0
3441,0.00,0,0,0,0,0.00,0,0,0
3491,0.00,0,0,0,0,0.00,0,0,0
3542,0.00,0,0,0,0,0.00,0,0,0
3592,0.00,0,0,0,0,0.00,0,0,0
3642,0.00,0,0,0,0,0.00,0,0,0
3692,0.00,0,0,0,0,0.00,0,0,0
3742,0.00,0,0,0,0,0.00,0,0,0
3792,0.00,0,0,0,0,0.00,0,0,0
3842,0.00,0,0,0,0,0.00,0,0,0
3892,0.00,0,0,0,0,0.00,0,0,0
3942,0.00,0,0,0,0,0.00,0,0,0
3992,0.00,0,0,0,0,0.00,0,0,0
4042,0.00,0,0,0,0,0.00,0,0,0
4092,0.00,0,0,0,0,0.00,0,0,0
4142,0.00,0,0,0,0,0.00,0,0,0
4192,0.00,0,0,0,0,0.00,0,0,0
4242,0.00,0,0,0,0,0.00,0,0,0
4292,0.00,0,0,0,0,0.00,0,0,0
4342,0.00,0,0,0,0,0.00,0,0,0
4392,0.00,0,0,0,0,0.00,0,0,0
4442,0.00,0,0,0,0,0.00,0,0,0
4492,0.00,0,0,0,0,0.00,0,0,0
4542,0.00,0,0,0,0,0.00,0,0,0
4592,0.00,0,0,0,0,0.00,0,0,0
4642,0.00,0,0,0,0,0.00,0,0,0
4692,0.00,0,0,0,0,0.00,0,0,0
4742,0.00,0,0,0,0,0.00,0,0,0
4792,0.00,0,0,0,0,0.00,0,0,0
4842,0.00,0,0,0,0,0.00,0,0,0
4892,0.00,0,0,0,0,0.00,0,0,0
4942,0.00,0,0,0,0,0.00,0,0,0
4992,0.00,0,0,0,0,0.00,0,0,0
5042,0.00,0,0,0,0,0.00,0,0,0
5092,0.00,0,0,0,0,0.00,0,0,0
5142,0.00,0,0,0,0,0.00,0,0,0
5192,0.00,0,0,0,0,0.00,0,0,0
5242,0.00,0,0,0,0,0.00,0,0,0
5292,0.00,0,0,0,0,0.00,0,0,0
5342,0.00,0,0,0,0,0.00,0,0,0
5392,0.00,0,0,0,0,0.00,0,0,0
5442,0.00,0,0,0,0,0.00,0,0,0
5492,0.00,0,0,0,0,0.00,0,0,0
5542,0.00,0,0,0,0,0.00,0,0,0
5592,0.00,0,0,0,0,0.00,0,0,0
5642,0.00,0,0,0,0,0.00,0,0,0
5692,0.00,0,0,0,0,0.00,0,0,0
5742,0.00,0,0,0,0,0.00,0,0,0
5792,0.00,0,0,0,0,0.00,0,0,0
5842,0.00,0,0,0,0,0.00,0,0,0
5892,0.00,0,0,0,0,0.00,0,0,0
5942,0.00,0,0,0,0,0.00,0,0,0
5992,0.00,0,0,0,0,0.00,0,0,0
6042,0.00,0,0,0,0,0.00,0,0,0
6092,0.00,0,0,0,0,0.00,0,0,0
6142,0.00,0,0,0,0,0.00,0,0,0
6192,0.00,0,0,0,0,0.00,0,0,0
6242,0.00,0,0,0,0,0.00,0,0,0
6292,0.00,0,0,0,0,0.00,0,0,0
6342,0.00,0,0,0,0,0.00,0,0,0
6392,0.00,0,0,0,0,0.00,0,0,0
6443,0.00,0,0,0,0,0.00,0,0,0
6493,0.00,0,0,0,0,0.00,0,0,0
6543,0.00,0,0,0,0,0.00,0,0,0
6593,0.00,0,0,0,0,0.00,0,0,0
6643,0.00,0,0,0,0,0.00,0,0,0
6693,0.00,0,0,0,0,0.00,0,0,0
6743,0.00,0,0,0,0,0.00,0,0,0
6793,0.00,0,0,0,0,0.00,0,0,0
6843,0.00,0,0,0,0,0.00,0,0,0
6893,0.00,0,0,0,0,0.00,0,0,0
6943,0.00,0,0,0,0,0.00,0,0,0
6993,0.00,0,0,0,0,0.00,0,0,0
7043,0.00,0,0,0,0,0.00,0,0,0
7093,0.00,0,0,0,0,0.00,0,0,0
7143,0.00,0,0,0,0,0.00,0,0,0
7193,0.00,0,0,0,0,0.00,0,0,0
7243,0.00,0,0,0,0,0.00,0,0,0
7293,0.00,0,0,0,0,0.00,0,0,0
7343,0.00,0,0,0,0,0.00,0,0,0
7393,0.00,0,0,0,0,0.00,0,0,0
7443,0.00,0,0,0,0,0.00,0,0,0
7493,0.00,0,0,0,0,0.00,0,0,0
7543,0.00,0,0,0,0,0.00,0,0,0
7593,0.00,0,0,0,0,0.00,0,0,0
7643,0.00,0,0,0,0,0.00,0,0,0
7693,0.00,0,0,0,0,0.00,0,0,0
7743,0.00,0,0,0,0,0.00,0,0,0
7793,0.00,0,0,0,0,0.00,0,0,0
7843,0.00,0,0,0,0,0.00,0,0,0
7894,0.00,0,0,0,0,0.00,0,0,0
7944,0.00,0,0,0,0,0.00,0,0,0
7994,0.00,0,0,0,0,0.00,0,0,0
8044,0.00,0,0,0,0,0.00,0,0,0
8094,0.00,0,0,0,0,0.00,0,0,0
8144,0.00,0,0,0,0,0.00,0,0,0
8194,0.00,0,0,0,0,0.00,0,0,0
8244,0.00,0,0,0,0,0.00,0,0,0
8294,0.00,0,0,0,0,0.00,0,0,0
8344,0.00,0,0,0,0,0.00,0,0,0
8394,0.00,0,0,0,0,0.00,0,0,0
8444,0.00,0,0,0,0,0.00,0,0,0
8494,0.00,0,0,0,0,0.00,0,0,0
8544,0.00,0,0,0,0,0.00,0,0,0
8594,0.00,0,0,0,0,0.00,0,0,0
8644,0.00,0,0,0,0,0.00,0,0,0
8694,0.00,0,0,0,0,0.00,0,0,0
8744,0.00,0,0,0,0,0.00,0,0,0
8794,0.00,0,0,0,0,0.00,0,0,0
8844,0.00,0,0,0,0,0.00,0,0,0
8894,0.00,0,0,0,0,0.00,0,0,0
8944,0.00,0,0,0,0,0.00,0,0,0
8994,0.00,0,0,0,0,0.00,0,0,0
9044,0.00,0,0,0,0,0.00,0,0,0
9094,0.00,0,0,0,0,0.00,0,0,0
9144,0.00,0,0,0,0,0.00,0,0,0
9194,0.00,0,0,0,0,0.00,0,0,0
9244,0.00,0,0,0,0,0.00,0,0,0
9294,0.00,0,0,0,0,0.00,0,0,0
9344,0.00,0,0,0,0,0.00,0,0,0
9394,0.00,0,0,0,0,0.00,0,0,0
9444,0.00,0,0,0,0,0.00,0,0,0
9494,0.00,0,0,0,0,0.00,0,0,0
9544,0.00,0,0,0,0,0.00,0,0,0
9594,0.00,0,0,0,0,0.00,0,0,0
9644,0.00,0,0,0,0,0.00,0,0,0
9694,0.00,0,0,0,0,0.00,0,0,0
9744,0.00,0,0,0,0,0.00,0,0,0
9794,0.00,0,0,0,0,0.00,0,0,0
9844,0.00,0,0,0,0,0.00,0,0,0
9894,0.00,0,0,0,0,0.00,0,0,0
9944,0.00,0,0,0,0,0.00,0,0,0
9994,0.00,0,0,0,0,0.00,0,0,0
10044,0.00,0,0,0,0,0.00,0,0,0
10094,0.00,0,0,0,0,0.00,0,0,0
10144,0.00,0,0,0,0,0.00,0,0,0
10194,0.00,0,0,0,0,0.00,0,0,0
10244,0.00,0,0,0,0,0.00,0,0,0
10294,inf,0,0,0,0,0.00,0,0,0
10344,inf,0,0,0,0,0.00,0,0,0
10394,inf,0,0,0,0,0.00,0,0,0
10444,inf,0,0,0,0,0.00,0,0,0
10494,337.10,0,0,0,0,0.00,0,0,0
10544,337.10,0,0,0,0,0.00,0,0,0
10594,522.25,0,0,0,0,0.00,0,0,0
10644,522.25,0,0,0,0,0.00,0,0,0
10694,905.63,0,0,0,0,0.00,0,0,0
10744,903.07,0,0,0,0,0.00,0,0,0
10795,1349.16,0,0,0,0,0.00,0,0,0
10845,1664.45,0,0,0,0,0.00,0,0,0
10895,1670.38,0,0,0,0,0.00,0,0,0
10945,1902.59,0,0,0,0,0.00,0,0,0
10995,2068.68,0,0,0,0,0.00,0,0,0
11045,2216.97,0,0,0,0,0.00,0,0,0
11095,2343.02,0,0,0,0,0.00,0,0,0
11145,2460.63,0,0,0,0,0.00,0,0,0
11195,2564.98,0,0,0,0,0.00,0,0,0
11245,2644.10,0,0,0,0,0.00,0,0,0
11295,2706.60,0,0,0,0,0.00,0,0,0
11345,2757.86,0,0,0,0,0.00,0,0,0
11395,2735.23,0,0,0,0,0.00,0,0,0
11445,2832.86,0,0,0,0,0.00,0,0,0
11495,2882.40,0,0,0,0,0.00,0,0,0
11545,2929.12,0,0,0,0,0.00,0,0,0
11595,2936.00,0,0,0,0,0.00,0,0,0
11645,2963.26,0,0,0,0,0.00,0,0,0
11695,3048.78,0,0,0,0,0.00,0,0,0
11745,3048.78,0,0,0,0,0.00,0,0,0
11795,3077.55,0,0,0,0,0.00,0,0,0
11845,3145.31,0,0,0,0,0.00,0,0,0
11895,3177.97,0,0,0,0,0.00,0,0,0
11945,3177.97,0,0,0,0,0.00,0,0,0
11995,3145.97,0,0,0,0,0.00,0,0,0
12045,3234.15,0,0,0,0,0.00,0,0,0
12095,3241.84,0,0,0,0,0.00,0,0,0
12145,3275.11,0,0,0,0,0.00,0,0,0
12195,3309.07,0,0,0,0,0.00,0,0,0
12246,3300.33,0,0,0,0,0.00,0,0,0
12296,3327.42,0,0,0,0,0.00,0,0,0
12346,3326.68,0,0,0,0,0.00,0,0,0
12396,3335.56,0,0,0,0,0.00,0,0,0
12446,3335.56,0,0,0,0,0.00,0,0,0
12496,3345.23,0,0,0,0,0.00,0,0,0
12546,3397.51,0,0,0,0,0.00,0,0,0
12596,3397.51,0,0,0,0,0.00,0,0,0
12646,3406.77,0,0,0,0,0.00,0,0,0
12696,3416.08,0,0,0,0,0.00,0,0,0
12746,3389.06,0,0,0,0,0.00,0,0,0
12796,3415.30,0,0,0,0,0.00,0,0,0
12846,3424.66,0,0,0,0,0.00,0,0,0
12896,3463.40,0,0,0,0,0.00,0,0,0
12946,3471.42,0,0,0,0,0.00,0,0,0
12996,3447.48,0,0,0,0,0.00,0,0,0
13046,3480.28,0,0,0,0,0.00,0,0,0
13096,3461.01,0,0,0,0,0.00,0,0,0
13146,3518.65,0,0,0,0,0.00,0,0,0
13196,3509.59,0,0,0,0,0.00,0,0,0
13246,3490.81,0,0,0,0,0.00,0,0,0
13296,3490.00,0,0,0,0,0.00,0,0,0
13346,3499.77,0,0,0,0,0.00,0,0,0
13396,3470.62,0,0,0,0,0.00,0,0,0
13446,3461.80,0,0,0,0,0.00,0,0,0
13496,3503.85,0,0,0,0,0.00,0,0,0
13546,3490.81,0,0,0,0,0.00,0,0,0
13596,3538.57,0,0,0,0,0.00,0,0,0
13646,3529.41,0,0,0,0,0.00,0,0,0
13696,3529.41,0,0,0,0,0.00,0,0,0
13746,3596.26,0,0,0,0,0.00,0,0,0
13796,3490.00,0,0,0,0,0.00,0,0,0
13846,3498.95,0,0,0,0,0.00,0,0,0
13896,3557.87,0,0,0,0,0.00,0,0,0
13946,3558.72,0,0,0,0,0.00,0,0,0
13996,3568.03,0,0,0,0,0.00,0,0,0
14046,3547.78,0,0,0,0,0.00,0,0,0
14096,3579.10,0,0,0,0,0.00,0,0,0
14146,3548.62,0,0,0,0,0.00,0,0,0
14196,3597.12,0,0,0,0,0.00,0,0,0
14246,3581.66,0,0,0,0,0.00,0,0,0
14296,3549.46,0,0,0,0,0.00,0,0,0
14346,3581.66,0,0,0,0,0.00,0,0,0
14396,3565.49,0,0,0,0,0.00,0,0,0
14446,3557.87,0,0,0,0,0.00,0,0,0
14496,3558.72,0,0,0,0,0.00,0,0,0
14546,3527.75,0,0,0,0,0.00,0,0,0
14596,3528.58,0,0,0,0,0.00,0,0,0
14646,3588.52,0,0,0,0,0.00,0,0,0
14696,3572.28,0,0,0,0,0.00,0,0,0
14746,3589.38,0,0,0,0,0.00,0,0,0
14796,3508.77,0,0,0,0,0.00,0,0,0
14846,3557.03,0,0,0,0,0.00,0,0,0
14896,3548.62,0,0,0,0,0.00,0,0,0
14946,3606.64,0,0,0,0,0.00,0,0,0
14996,3557.87,0,0,0,0,0.00,0,0,0
15046,3588.52,0,0,0,0,0.00,0,0,0
15096,3580.81,0,0,0,0,0.00,0,0,0
15147,3577.39,0,0,0,0,0.00,0,0,0
15197,3568.03,0,0,0,0,0.00,0,0,0
15247,3618.82,0,0,0,0,0.00,0,0,0
15297,3537.74,0,0,0,0,0.00,0,0,0
15347,3597.12,0,0,0,0,0.00,0,0,0
15397,3547.78,0,0,0,0,0.00,0,0,0
15447,3598.85,0,0,0,0,0.00,0,0,0
15497,3590.23,0,0,0,0,0.00,0,0,0
15547,3632.84,0,0,0,0,0.00,0,0,0
15597,3612.72,0,0,0,0,0.00,0,0,0
15647,3623.19,0,0,0,0,0.00,0,0,0
15697,3603.17,0,0,0,0,0.00,0,0,0
15747,3617.07,0,0,0,0,0.00,0,0,0
15797,3613.59,0,0,0,0,0.00,0,0,0
15847,3643.43,0,0,0,0,0.00,0,0,0
15897,3633.72,0,0,0,0,0.00,0,0,0
15947,3666.59,0,0,0,0,0.00,0,0,0
15997,3654.97,0,0,0,0,0.00,0,0,0
16047,3664.79,0,0,0,0,0.00,0,0,0
16097,3644.31,0,0,0,0,0.00,0,0,0
16147,3674.67,0,0,0,0,0.00,0,0,0
16197,3642.54,0,0,0,0,0.00,0,0,0
16247,3664.79,0,0,0,0,0.00,0,0,0
16297,3624.06,0,0,0,0,0.00,0,0,0
16347,3664.79,0,0,0,0,0.00,0,0,0
16397,3644.31,0,0,0,0,0.00,0,0,0
16447,3624.06,0,0,0,0,0.00,0,0,0
16497,3603.17,0,0,0,0,0.00,0,0,0
16547,3633.72,0,0,0,0,0.00,0,0,0
16598,3623.19,0,0,0,0,0.00,0,0,0
16648,3665.69,0,0,0,0,0.00,0,0,0
16698,3644.31,0,0,0,0,0.00,0,0,0
16748,3675.57,0,0,0,0,0.00,0,0,0
16798,3654.08,0,0,0,0,0.00,0,0,0
16848,3686.41,0,0,0,0,0.00,0,0,0
16898,3665.69,0,0,0,0,0.00,0,0,0
16948,3654.97,0,0,0,0,0.00,0,0,0
16998,3633.72,0,0,0,0,0.00,0,0,0
17048,3624.06,0,0,0,0,0.00,0,0,0
17098,3624.06,0,0,0,0,0.00,0,0,0
17148,3633.72,0,0,0,0,0.00,0,0,0
17198,3612.72,0,0,0,0,0.00,0,0,0
17248,3654.97,0,0,0,0,0.00,0,0,0
17298,3634.60,0,0,0,0,0.00,0,0,0
17348,3586.80,0,0,0,0,0.00,0,0,0
17398,3675.57,0,0,0,0,0.00,0,0,0
17448,3664.79,0,0,0,0,0.00,0,0,0
17498,3642.54,0,0,0,0,0.00,0,0,0
17548,3603.17,0,0,0,0,0.00,0,0,0
17598,3633.72,0,0,0,0,0.00,0,0,0
17648,3611.85,0,0,0,0,0.00,0,0,0
17698,3627.57,0,0,0,0,0.00,0,0,0
17748,3613.59,0,0,0,0,0.00,0,0,0
17798,3644.31,0,0,0,0,0.00,0,0,0
17848,3624.06,0,0,0,0,0.00,0,0,0
17898,3665.69,0,0,0,0,0.00,0,0,0
17948,3654.97,0,0,0,0,0.00,0,0,0
17998,3624.06,0,0,0,0,0.00,0,0,0
18048,3613.59,0,0,0,0,0.00,0,0,0
18098,3643.43,0,0,0,0,0.00,0,0,0
18148,3603.17,0,0,0,0,0.00,0,0,0
18198,3635.48,0,0,0,0,0.00,0,0,0
18248,3613.59,0,0,0,0,0.00,0,0,0
18298,3623.19,0,0,0,0,0.00,0,0,0
18348,3592.81,0,0,0,0,0.00,0,0,0
18398,3641.66,0,0,0,0,0.00,0,0,0
18448,3612.72,0,0,0,0,0.00,0,0,0
18498,3654.08,0,0,0,0,0.00,0,0,0
18548,3642.54,0,0,0,0,0.00,0,0,0
18598,3665.69,0,0,0,0,0.00,0,0,0
18648,3644.31,0,0,0,0,0.00,0,0,0
18698,3644.31,0,0,0,0,0.00,0,0,0
18748,3624.06,0,0,0,0,0.00,0,0,0
18798,3654.97,0,0,0,0,0.00,0,0,0
18848,3603.17,0,0,0,0,0.00,0,0,0
18898,3644.31,0,0,0,0,0.00,0,0,0
18948,3611.85,0,0,0,0,0.00,0,0,0
18998,3644.31,0,0,0,0,0.00,0,0,0
19048,3624.06,0,0,0,0,0.00,0,0,0
19098,3627.57,0,0,0,0,0.00,0,0,0
19148,3623.19,0,0,0,0,0.00,0,0,0
19198,3664.79,0,0,0,0,0.00,0,0,0
19248,3644.31,0,0,0,0,0.00,0,0,0
19298,3664.79,0,0,0,0,0.00,0,0,0
19348,3633.72,0,0,0,0,0.00,0,0,0
19398,3654.08,0,0,0,0,0.00,0,0,0
19448,3644.31,0,0,0,0,0.00,0,0,0
19499,3675.57,0,0,0,0,0.00,0,0,0
19549,3654.97,0,0,0,0,0.00,0,0,0
19599,3675.57,0,0,0,0,0.00,0,0,0
19649,3654.08,0,0,0,0,0.00,0,0,0
19699,3602.31,0,0,0,0,0.00,0,0,0
19749,3643.43,0,0,0,0,0.00,0,0,0
19799,3633.72,0,0,0,0,0.00,0,0,0
19849,3633.72,0,0,0,0,0.00,0,0,0
19899,3623.19,0,0,0,0,0.00,0,0,0
19949,3642.54,0,0,0,0,0.00,0,0,0
19999,3633.72,0,0,0,0,0.00,0,0,0
20049,3675.57,0,0,0,0,0.00,0,0,0
20099,3654.97,0,0,0,0,0.00,0,0,0
20149,3644.31,0,0,0,0,0.00,0,0,0
20199,3633.72,0,0,0,0,0.00,0,0,0
20249,3686.41,0,0,0,0,0.00,0,0,0
20299,3642.54,0,0,0,0,0.00,0,0,0
20349,3633.72,0,0,0,0,0.00,0,0,0
20399,3634.60,0,0,0,0,0.00,0,0,0
20449,3664.79,0,0,0,0,0.00,0,0,0
20499,3591.95,0,0,0,0,0.00,0,0,0
20549,3654.08,0,0,0,0,0.00,0,0,0
20599,3605.77,0,0,0,0,0.00,0,0,0
20649,3635.48,0,0,0,0,0.00,0,0,0
20699,3604.04,0,0,0,0,0.00,0,0,0
20749,3617.07,0,0,0,0,0.00,0,0,0
20799,3612.72,0,0,0,0,0.00,0,0,0
20849,3654.97,0,0,0,0,0.00,0,0,0
20899,3591.09,0,0,0,0,0.00,0,0,0
20950,3653.19,0,0,0,0,0.00,0,0,0
21000,3612.72,0,0,0,0,0.00,0,0,0
21050,3632.84,0,0,0,0,0.00,0,0,0
21100,3624.06,0,0,0,0,0.00,0,0,0
21150,3624.06,0,0,0,0,0.00,0,0,0
21200,3603.17,0,0,0,0,0.00,0,0,0
21250,3591.95,0,0,0,0,0.00,0,0,0
21300,3573.98,0,0,0,0,0.00,0,0,0
21350,3632.84,0,0,0,0,0.00,0,0,0
21400,3610.98,0,0,0,0,0.00,0,0,0
21450,3627.57,0,0,0,0,0.00,0,0,0
21500,3613.59,0,0,0,0,0.00,0,0,0
21550,3610.11,0,0,0,0,0.00,0,0,0
21600,3581.66,0,0,0,0,0.00,0,0,0
21650,3608.37,0,0,0,0,0.00,0,0,0
21700,3582.52,0,0,0,0,0.00,0,0,0
21750,3573.98,0,0,0,0,0.00,0,0,0
21800,3579.95,0,0,0,0,0.00,0,0,0
21850,3538.57,0,0,0,0,0.00,0,0,0
21900,3557.03,0,0,0,0,0.00,0,0,0
21950,3618.82,0,0,0,0,0.00,0,0,0
22000,3590.23,0,0,0,0,0.00,0,0,0
22050,3616.20,0,0,0,0,0.00,0,0,0
22100,3591.95,0,0,0,0,0.00,0,0,0
22150,3607.50,0,0,0,0,0.00,0,0,0
22200,3600.58,0,0,0,0,0.00,0,0,0
22250,3654.08,0,0,0,0,0.00,0,0,0
22300,3568.03,0,0,0,0,0.00,0,0,0
22350,3598.85,0,0,0,0,0.00,0,0,0
22400,3591.95,0,0,0,0,0.00,0,0,0
22450,3607.50,0,0,0,0,0.00,0,0,0
22500,3593.67,0,0,0,0,0.00,0,0,0
22550,3643.43,0,0,0,0,0.00,0,0,0
22600,3573.98,0,0,0,0,0.00,0,0,0
22650,3624.06,0,0,0,0,0.00,0,0,0
22700,3603.17,0,0,0,0,0.00,0,0,0
22750,3599.71,0,0,0,0,0.00,0,0,0
22800,3581.66,0,0,0,0,0.00,0,0,0
22850,3628.45,0,0,0,0,0.00,0,0,0
22900,3613.59,0,0,0,0,0.00,0,0,0
22950,3643.43,0,0,0,0,0.00,0,0,0
23000,3623.19,0,0,0,0,0.00,0,0,0
23050,3664.79,0,0,0,0,0.00,0,0,0
23100,3624.06,0,0,0,0,0.00,0,0,0
23150,3611.85,0,0,0,0,0.00,0,0,0
23200,3591.95,0,0,0,0,0.00,0,0,0
23250,3641.66,0,0,0,0,0.00,0,0,0
23300,3574.83,0,0,0,0,0.00,0,0,0
23350,3618.82,0,0,0,0,0.00,0,0,0
23400,3611.85,0,0,0,0,0.00,0,0,0
23450,3632.84,0,0,0,0,0.00,0,0,0
23500,3604.04,0,0,0,0,0.00,0,0,0
23550,3644.31,0,0,0,0,0.00,0,0,0
23600,3573.98,0,0,0,0,0.00,0,0,0
23650,3618.82,0,0,0,0,0.00,0,0,0
23700,3603.17,0,0,0,0,0.00,0,0,0
23750,3643.43,0,0,0,0,0.00,0,0,0
23800,3593.67,0,0,0,0,0.00,0,0,0
23851,3644.31,0,0,0,0,0.00,0,0,0
23901,3634.60,0,0,0,0,0.00,0,0,0
23951,3644.31,0,0,0,0,0.00,0,0,0
24001,3601.44,0,0,0,0,0.00,0,0,0
24051,3654.08,0,0,0,0,0.00,0,0,0
24101,3632.84,0,0,0,0,0.00,0,0,0
24151,3614.46,0,0,0,0,0.00,0,0,0
24201,3591.09,0,0,0,0,0.00,0,0,0
24251,3634.60,0,0,0,0,0.00,0,0,0
24301,3613.59,0,0,0,0,0.00,0,0,0
24351,3641.66,0,0,0,0,0.00,0,0,0
24401,3611.85,0,0,0,0,0.00,0,0,0
24451,3643.43,0,0,0,0,0.00,0,0,0
24501,3624.06,0,0,0,0,0.00,0,0,0
24551,3633.72,0,0,0,0,0.00,0,0,0
24601,3585.09,0,0,0,0,0.00,0,0,0
24651,3632.84,0,0,0,0,0.00,0,0,0
24701,3583.37,0,0,0,0,0.00,0,0,0
24751,3608.37,0,0,0,0,0.00,0,0,0
24801,3593.67,0,0,0,0,0.00,0,0,0
24851,3607.50,0,0,0,0,0.00,0,0,0
24901,3593.67,0,0,0,0,0.00,0,0,0
24951,3601.44,0,0,0,0,0.00,0,0,0
25001,3558.72,0,0,0,0,0.00,0,0,0
25051,3586.80,0,0,0,0,0.00,0,0,0
25101,3591.95,0,0,0,0,0.00,0,0,0
25151,3608.37,0,0,0,0,0.00,0,0,0
25201,3602.31,0,0,0,0,0.00,0,0,0
25251,3634.60,0,0,0,0,0.00,0,0,0
25302,3573.98,0,0,0,0,0.00,0,0,0
25352,3618.82,0,0,0,0,0.00,0,0,0
25402,3575.69,0,0,0,0,0.00,0,0,0
25452,3606.64,0,0,0,0,0.00,0,0,0
25502,3603.17,0,0,0,0,0.00,0,0,0
25552,3607.50,0,0,0,0,0.00,0,0,0
25602,3583.37,0,0,0,0,0.00,0,0,0
25652,3564.64,0,0,0,0,0.00,0,0,0
25702,3573.98,0,0,0,0,0.00,0,0,0
25752,3624.94,0,0,0,0,0.00,0,0,0
25802,3603.17,0,0,0,0,0.00,0,0,0
25852,3573.13,0,0,0,0,0.00,0,0,0
25902,3563.79,0,0,0,0,0.00,0,0,0
25952,3614.46,0,0,0,0,0.00,0,0,0
26002,3603.17,0,0,0,0,0.00,0,0,0
26052,3644.31,0,0,0,0,0.00,0,0,0
26102,3612.72,0,0,0,0,0.00,0,0,0
26152,3633.72,0,0,0,0,0.00,0,0,0
26202,3557.03,0,0,0,0,0.00,0,0,0
26252,3617.07,0,0,0,0,0.00,0,0,0
26302,3592.81,0,0,0,0,0.00,0,0,0
26352,3618.82,0,0,0,0,0.00,0,0,0
26402,3603.17,0,0,0,0,0.00,0,0,0
26452,3633.72,0,0,0,0,0.00,0,0,0
26502,3634.60,0,0,0,0,0.00,0,0,0
26552,3603.17,0,0,0,0,0.00,0,0,0
26602,3603.17,0,0,0,0,0.00,0,0,0
26652,3654.08,0,0,0,0,0.00,0,0,0
26702,3633.72,0,0,0,0,0.00,0,0,0
26752,3664.79,0,0,0,0,0.00,0,0,0
26802,3654.08,0,0,0,0,0.00,0,0,0
26852,3675.57,0,0,0,0,0.00,0,0,0
26902,3644.31,0,0,0,0,0.00,0,0,0
26952,3613.59,0,0,0,0,0.00,0,0,0
27002,3603.17,0,0,0,0,0.00,0,0,0
27052,3643.43,0,0,0,0,0.00,0,0,0
27102,3624.06,0,0,0,0,0.00,0,0,0
27152,3632.84,0,0,0,0,0.00,0,0,0
27202,3613.59,0,0,0,0,0.00,0,0,0
27252,3633.72,0,0,0,0,0.00,0,0,0
27302,3613.59,0,0,0,0,0.00,0,0,0
27352,3613.59,0,0,0,0,0.00,0,0,0
27402,3601.44,0,0,0,0,0.00,0,0,0
27452,3653.19,0,0,0,0,0.00,0,0,0
27502,3592.81,0,0,0,0,0.00,0,0,0
27552,3626.69,0,0,0,0,0.00,0,0,0
27602,3591.95,0,0,0,0,0.00,0,0,0
27652,3608.37,0,0,0,0,0.00,0,0,0
27702,3591.95,0,0,0,0,0.00,0,0,0
27752,3635.48,0,0,0,0,0.00,0,0,0
27802,3564.64,0,0,0,0,0.00,0,0,0
27852,3627.57,0,0,0,0,0.00,0,0,0
27902,3601.44,0,0,0,0,0.00,0,0,0
27952,3606.64,0,0,0,0,0.00,0,0,0
28002,3603.17,0,0,0,0,0.00,0,0,0
28052,3644.31,0,0,0,0,0.00,0,0,0
28102,3603.17,0,0,0,0,0.00,0,0,0
28152,3653.19,0,0,0,0,0.00,0,0,0
28203,3585.09,0,0,0,0,0.00,0,0,0
28253,3595.40,0,0,0,0,0.00,0,0,0
28303,3591.95,0,0,0,0,0.00,0,0,0
28353,3598.85,0,0,0,0,0.00,0,0,0
28403,3592.81,0,0,0,0,0.00,0,0,0
28453,3624.06,0,0,0,0,0.00,0,0,0
28503,3601.44,0,0,0,0,0.00,0,0,0
28553,3603.17,0,0,0,0,0.00,0,0,0
28603,3592.81,0,0,0,0,0.00,0,0,0
28653,3631.96,0,0,0,0,0.00,0,0,0
28703,3611.85,0,0,0,0,0.00,0,0,0
28753,3593.67,0,0,0,0,0.00,0,0,0
28803,3557.87,0,0,0,0,0.00,0,0,0
28853,3608.37,0,0,0,0,0.00,0,0,0
28903,3573.98,0,0,0,0,0.00,0,0,0
28953,3618.82,0,0,0,0,0.00,0,0,0
29003,3582.52,0,0,0,0,0.00,0,0,0
29053,3597.12,0,0,0,0,0.00,0,0,0
29103,3564.64,0,0,0,0,0.00,0,0,0
29153,3609.24,0,0,0,0,0.00,0,0,0
29203,3568.03,0,0,0,0,0.00,0,0,0
29253,3618.82,0,0,0,0,0.00,0,0,0
29303,3613.59,0,0,0,0,0.00,0,0,0
29353,3633.72,0,0,0,0,0.00,0,0,0
29403,3603.17,0,0,0,0,0.00,0,0,0
29453,3591.95,0,0,0,0,0.00,0,0,0
29503,3592.81,0,0,0,0,0.00,0,0,0
29553,3624.94,0,0,0,0,0.00,0,0,0
29603,3584.23,0,0,0,0,0.00,0,0,0
29654,3608.37,0,0,0,0,0.00,0,0,0
29704,3583.37,0,0,0,0,0.00,0,0,0
29754,3617.94,0,0,0,0,0.00,0,0,0
29804,3622.31,0,0,0,0,0.00,0,0,0
29854,3602.31,0,0,0,0,0.00,0,0,0
29904,3592.81,0,0,0,0,0.00,0,0,0
29954,3643.43,0,0,0,0,0.00,0,0,0
30004,3613.59,0,0,0,0,0.00,0,0,0
30054,3654.97,0,0,0,0,0.00,0,0,0
30104,3633.72,0,0,0,0,0.00,0,0,0
30154,3635.48,0,0,0,0,0.00,0,0,0
30204,3603.17,0,0,0,0,0.00,0,0,0
30254,3644.31,0,0,0,0,0.00,0,0,0
30304,3633.72,0,0,0,0,0.00,0,0,0
30354,3623.19,0,0,0,0,0.00,0,0,0
30404,3624.06,0,0,0,0,0.00,0,0,0
30454,3644.31,0,0,0,0,0.00,0,0,0
30504,3633.72,0,0,0,0,0.00,0,0,0
30554,3665.69,0,0,0,0,0.00,0,0,0
30604,3603.17,0,0,0,0,0.00,0,0,0
30654,3643.43,0,0,0,0,0.00,0,0,0
30704,3593.67,0,0,0,0,0.00,0,0,0
30754,3597.98,0,0,0,0,0.00,0,0,0
30804,3591.95,0,0,0,0,0.00,0,0,0
30854,3643.43,0,0,0,0,0.00,0,0,0
30904,3624.06,0,0,0,0,0.00,0,0,0
30954,3642.54,0,0,0,0,0.00,0,0,0
31004,3624.06,0,0,0,0,0.00,0,0,0
31054,3633.72,0,0,0,0,0.00,0,0,0
31104,3624.06,0,0,0,0,0.00,0,0,0
31154,3654.08,0,0,0,0,0.00,0,0,0
31204,3644.31,0,0,0,0,0.00,0,0,0
31254,3675.57,0,0,0,0,0.00,0,0,0
31304,3675.57,0,0,0,0,0.00,0,0,0
31354,3665.69,0,0,0,0,0.00,0,0,0
31404,3665.69,0,0,0,0,0.00,0,0,0
31454,3664.79,0,0,0,0,0.00,0,0,0
31504,3643.43,0,0,0,0,0.00,0,0,0
31554,3664.79,0,0,0,0,0.00,0,0,0
31604,3675.57,0,0,0,0,0.00,0,0,0
31654,3612.72,0,0,0,0,0.00,0,0,0
31704,3664.79,0,0,0,0,0.00,0,0,0
31754,3603.17,0,0,0,0,0.00,0,0,0
31804,3608.37,0,0,0,0,0.00,0,0,0
31854,3593.67,0,0,0,0,0.00,0,0,0
31904,3598.85,0,0,0,0,0.00,0,0,0
31954,3573.98,0,0,0,0,0.00,0,0,0
32004,3585.09,0,0,0,0,0.00,0,0,0
32054,3593.67,0,0,0,0,0.00,0,0,0
32104,3551.98,0,0,0,0,0.00,0,0,0
32154,3598.85,0,0,0,0,0.00,0,0,0
32204,3537.74,0,0,0,0,0.00,0,0,0
32254,3609.24,0,0,0,0,0.00,0,0,0
32304,3583.37,0,0,0,0,0.00,0,0,0
32354,3598.85,0,0,0,0,0.00,0,0,0
32404,3568.88,0,0,0,0,0.00,0,0,0
32454,3618.82,0,0,0,0,0.00,0,0,0
32504,3603.17,0,0,0,0,0.00,0,0,0
32555,3632.84,0,0,0,0,0.00,0,0,0
32605,3583.37,0,0,0,0,0.00,0,0,0
32655,3618.82,0,0,0,0,0.00,0,0,0
32705,3584.23,0,0,0,0,0.00,0,0,0
32755,3616.20,0,0,0,0,0.00,0,0,0
32805,3603.17,0,0,0,0,0.00,0,0,0
32855,3621.44,0,0,0,0,0.00,0,0,0
32905,3613.59,0,0,0,0,0.00,0,0,0
32955,3654.08,0,0,0,0,0.00,0,0,0
33005,3624.06,0,0,0,0,0.00,0,0,0
33055,3675.57,0,0,0,0,0.00,0,0,0
33105,3593.67,0,0,0,0,0.00,0,0,0
33155,3654.97,0,0,0,0,0.00,0,0,0
33205,3602.31,0,0,0,0,0.00,0,0,0
33255,3574.83,0,0,0,0,0.00,0,0,0
33305,3575.69,0,0,0,0,0.00,0,0,0
33355,3598.85,0,0,0,0,0.00,0,0,0
33405,3537.74,0,0,0,0,0.00,0,0,0
33455,3608.37,0,0,0,0,0.00,0,0,0
33505,3614.46,0,0,0,0,0.00,0,0,0
33555,3607.50,0,0,0,0,0.00,0,0,0
33605,3584.23,0,0,0,0,0.00,0,0,0
33655,3618.82,0,0,0,0,0.00,0,0,0
33705,3604.04,0,0,0,0,0.00,0,0,0
33755,3625.82,0,0,0,0,0.00,0,0,0
33805,3613.59,0,0,0,0,0.00,0,0,0
33855,3626.69,0,0,0,0,0.00,0,0,0
33905,3610.98,0,0,0,0,0.00,0,0,0
33955,3623.19,0,0,0,0,0.00,0,0,0
34006,3584.23,0,0,0,0,0.00,0,0,0
34056,3616.20,0,0,0,0,0.00,0,0,0
34106,3593.67,0,0,0,0,0.00,0,0,0
34156,3618.82,0,0,0,0,0.00,0,0,0
34206,3603.17,0,0,0,0,0.00,0,0,0
34256,3607.50,0,0,0,0,0.00,0,0,0
34306,3591.95,0,0,0,0,0.00,0,0,0
34356,3635.48,0,0,0,0,0.00,0,0,0
34406,3613.59,0,0,0,0,0.00,0,0,0
34456,3618.82,0,0,0,0,0.00,0,0,0
34506,3603.17,0,0,0,0,0.00,0,0,0
34556,3592.81,0,0,0,0,0.00,0,0,0
34606,3592.81,0,0,0,0,0.00,0,0,0
34656,3642.54,0,0,0,0,0.00,0,0,0
34706,3602.31,0,0,0,0,0.00,0,0,0
34756,3597.12,0,0,0,0,0.00,0,0,0
34806,3589.38,0,0,0,0,0.00,0,0,0
34856,3614.46,0,0,0,0,0.00,0,0,0
34906,3602.31,0,0,0,0,0.00,0,0,0
34956,3618.82,0,0,0,0,0.00,0,0,0
35006,3592.81,0,0,0,0,0.00,0,0,0
35056,3618.82,0,0,0,0,0.00,0,0,0
35106,3602.31,0,0,0,0,0.00,0,0,0
35156,3617.94,0,0,0,0,0.00,0,0,0
35206,3603.17,0,0,0,0,0.00,0,0,0
35256,3635.48,0,0,0,0,0.00,0,0,0
35306,3623.19,0,0,0,0,0.00,0,0,0
35356,3654.97,0,0,0,0,0.00,0,0,0
35406,3624.06,0,0,0,0,0.00,0,0,0
35456,3644.31,0,0,0,0,0.00,0,0,0
35506,3546.94,0,0,0,0,0.00,0,0,0
35556,3625.82,0,0,0,0,0.00,0,0,0
35606,3591.95,0,0,0,0,0.00,0,0,0
35656,3608.37,0,0,0,0,0.00,0,0,0
35706,3593.67,0,0,0,0,0.00,0,0,0
35756,3572.28,0,0,0,0,0.00,0,0,0
35806,3558.72,0,0,0,0,0.00,0,0,0
35856,3597.98,0,0,0,0,0.00,0,0,0
35906,3579.95,0,0,0,0,0.00,0,0,0
35956,3583.37,0,0,0,0,0.00,0,0,0
36006,3580.81,0,0,0,0,0.00,0,0,0
36056,3618.82,0,0,0,0,0.00,0,0,0
36106,3546.94,0,0,0,0,0.00,0,0,0
36156,3598.85,0,0,0,0,0.00,0,0,0
36206,3592.81,0,0,0,0,0.00,0,0,0
36256,3558.72,0,0,0,0,0.00,0,0,0
36306,3517.00,0,0,0,0,0.00,0,0,0
36356,3618.82,0,0,0,0,0.00,0,0,0
36406,3582.52,0,0,0,0,0.00,0,0,0
36456,3626.69,0,0,0,0,0.00,0,0,0
36506,3583.37,0,0,0,0,0.00,0,0,0
36556,3631.96,0,0,0,0,0.00,0,0,0
36606,3604.04,0,0,0,0,0.00,0,0,0
36656,3597.12,0,0,0,0,0.00,0,0,0
36706,3590.23,0,0,0,0,0.00,0,0,0
36756,3633.72,0,0,0,0,0.00,0,0,0
36806,3624.06,0,0,0,0,0.00,0,0,0
36856,3654.08,0,0,0,0,0.00,0,0,0
36907,3583.37,0,0,0,0,0.00,0,0,0
36957,3607.50,0,0,0,0,0.00,0,0,0
37007,3567.18,0,0,0,0,0.00,0,0,0
37057,3616.20,0,0,0,0,0.00,0,0,0
37107,3601.44,0,0,0,0,0.00,0,0,0
37157,3587.66,0,0,0,0,0.00,0,0,0
37207,3573.98,0,0,0,0,0.00,0,0,0
37257,3608.37,0,0,0,0,0.00,0,0,0
37307,3593.67,0,0,0,0,0.00,0,0,0
37357,3601.44,0,0,0,0,0.00,0,0,0
37407,3581.66,0,0,0,0,0.00,0,0,0
37457,3628.45,0,0,0,0,0.00,0,0,0
37507,3603.17,0,0,0,0,0.00,0,0,0
37557,3609.24,0,0,0,0,0.00,0,0,0
37607,3593.67,0,0,0,0,0.00,0,0,0
37657,3584.23,0,0,0,0,0.00,0,0,0
37707,3584.23,0,0,0,0,0.00,0,0,0
37757,3557.87,0,0,0,0,0.00,0,0,0
37807,3558.72,0,0,0,0,0.00,0,0,0
37857,3598.85,0,0,0,0,0.00,0,0,0
37907,3557.03,0,0,0,0,0.00,0,0,0
37957,3629.32,0,0,0,0,0.00,0,0,0
38007,3583.37,0,0,0,0,0.00,0,0,0
38057,3588.52,0,0,0,0,0.00,0,0,0
38107,3584.23,0,0,0,0,0.00,0,0,0
38157,3582.52,0,0,0,0,0.00,0,0,0
38207,3539.41,0,0,0,0,0.00,0,0,0
38257,3579.10,0,0,0,0,0.00,0,0,0
38307,3559.56,0,0,0,0,0.00,0,0,0
38358,3562.95,0,0,0,0,0.00,0,0,0
38408,3604.04,0,0,0,0,0.00,0,0,0
38458,3583.37,0,0,0,0,0.00,0,0,0
38508,3593.67,0,0,0,0,0.00,0,0,0
38558,3563.79,0,0,0,0,0.00,0,0,0
38608,3613.59,0,0,0,0,0.00,0,0,0
38658,3551.98,0,0,0,0,0.00,0,0,0
38708,3597.98,0,0,0,0,0.00,0,0,0
38758,3573.98,0,0,0,0,0.00,0,0,0
38808,3577.39,0,0,0,0,0.00,0,0,0
38858,3565.49,0,0,0,0,0.00,0,0,0
38908,3608.37,0,0,0,0,0.00,0,0,0
38958,3592.81,0,0,0,0,0.00,0,0,0
39008,3608.37,0,0,0,0,0.00,0,0,0
39058,3601.44,0,0,0,0,0.00,0,0,0
39108,3652.30,0,0,0,0,0.00,0,0,0
39158,3591.95,0,0,0,0,0.00,0,0,0
39208,3643.43,0,0,0,0,0.00,0,0,0
39258,3613.59,0,0,0,0,0.00,0,0,0
39308,3654.08,0,0,0,0,0.00,0,0,0
39358,3583.37,0,0,0,0,0.00,0,0,0
39408,3608.37,0,0,0,0,0.00,0,0,0
39458,3592.81,0,0,0,0,0.00,0,0,0
39508,3642.54,0,0,0,0,0.00,0,0,0
39558,3603.17,0,0,0,0,0.00,0,0,0
39608,3603.17,0,0,0,0,0.00,0,0,0
39658,3613.59,0,0,0,0,0.00,0,0,0
39708,3622.31,0,0,0,0,0.00,0,0,0
39758,3603.17,0,0,0,0,0.00,0,0,0
39808,3654.08,0,0,0,0,0.00,0,0,0
39858,3634.60,0,0,0,0,0.00,0,0,0
39908,3654.08,0,0,0,0,0.00,0,0,0
39958,3674.67,0,0,0,0,0.00,0,0,0
40008,3626.69,0,0,0,0,0.00,0,0,0
40058,3622.31,0,0,0,0,0.00,0,0,0
40108,3644.31,0,0,0,0,0.00,0,0,0
40158,3576.54,0,0,0,0,0.00,0,0,0
40208,3618.82,0,0,0,0,0.00,0,0,0
40258,3592.81,0,0,0,0,0.00,0,0,0
40308,3618.82,0,0,0,0,0.00,0,0,0
40358,3591.95,0,0,0,0,0.00,0,0,0
40408,3598.85,0,0,0,0,0.00,0,0,0
40458,3593.67,0,0,0,0,0.00,0,0,0
40508,3588.52,0,0,0,0,0.00,0,0,0
40558,3575.69,0,0,0,0,0.00,0,0,0
40608,3577.39,0,0,0,0,0.00,0,0,0
40658,3585.09,0,0,0,0,0.00,0,0,0
40708,3573.98,0,0,0,0,0.00,0,0,0
40758,3567.18,0,0,0,0,0.00,0,0,0
40808,3587.66,0,0,0,0,0.00,0,0,0
40858,3548.62,0,0,0,0,0.00,0,0,0
40908,3587.66,0,0,0,0,0.00,0,0,0
40958,3574.83,0,0,0,0,0.00,0,0,0
41008,3549.46,0,0,0,0,0.00,0,0,0
41058,3537.74,0,0,0,0,0.00,0,0,0
41108,3579.10,0,0,0,0,0.00,0,0,0
41158,3610.11,0,0,0,0,0.00,0,0,0
41208,3609.24,0,0,0,0,0.00,0,0,0
41259,3581.66,0,0,0,0,0.00,0,0,0
41309,3626.69,0,0,0,0,0.00,0,0,0
41359,3603.17,0,0,0,0,0.00,0,0,0
41409,3652.30,0,0,0,0,0.00,0,0,0
41459,3593.67,0,0,0,0,0.00,0,0,0
41509,3588.52,0,0,0,0,0.00,0,0,0
41559,3578.24,0,0,0,0,0.00,0,0,0
41609,3577.39,0,0,0,0,0.00,0,0,0
41659,3573.98,0,0,0,0,0.00,0,0,0
41709,3597.98,0,0,0,0,0.00,0,0,0
41759,3537.74,0,0,0,0,0.00,0,0,0
41809,3578.24,0,0,0,0,0.00,0,0,0
41859,3557.03,0,0,0,0,0.00,0,0,0
41909,3547.78,0,0,0,0,0.00,0,0,0
41959,3599.71,0,0,0,0,0.00,0,0,0
42009,3558.72,0,0,0,0,0.00,0,0,0
42059,3591.95,0,0,0,0,0.00,0,0,0
42109,3582.52,0,0,0,0,0.00,0,0,0
42159,3562.10,0,0,0,0,0.00,0,0,0
42209,3547.78,0,0,0,0,0.00,0,0,0
42259,3586.80,0,0,0,0,0.00,0,0,0
42309,3538.57,0,0,0,0,0.00,0,0,0
42359,3514.53,0,0,0,0,0.00,0,0,0
42409,3573.98,0,0,0,0,0.00,0,0,0
42459,3578.24,0,0,0,0,0.00,0,0,0
42509,3567.18,0,0,0,0,0.00,0,0,0
42559,3588.52,0,0,0,0,0.00,0,0,0
42609,3568.88,0,0,0,0,0.00,0,0,0
42659,3618.82,0,0,0,0,0.00,0,0,0
42710,3547.78,0,0,0,0,0.00,0,0,0
42760,3584.23,0,0,0,0,0.00,0,0,0
42810,3591.95,0,0,0,0,0.00,0,0,0
42860,3597.98,0,0,0,0,0.00,0,0,0
42910,3565.49,0,0,0,0,0.00,0,0,0
42960,3558.72,0,0,0,0,0.00,0,0,0
43010,3529.41,0,0,0,0,0.00,0,0,0
43060,3577.39,0,0,0,0,0.00,0,0,0
43110,3558.72,0,0,0,0,0.00,0,0,0
43160,3540.24,0,0,0,0,0.00,0,0,0
43210,3582.52,0,0,0,0,0.00,0,0,0
43260,3597.12,0,0,0,0,0.00,0,0,0
43310,3583.37,0,0,0,0,0.00,0,0,0
43360,3617.07,0,0,0,0,0.00,0,0,0
43410,3591.95,0,0,0,0,0.00,0,0,0
43460,3607.50,0,0,0,0,0.00,0,0,0
43510,3539.41,0,0,0,0,0.00,0,0,0
43560,3544.42,0,0,0,0,0.00,0,0,0
43610,3575.69,0,0,0,0,0.00,0,0,0
43660,3598.85,0,0,0,0,0.00,0,0,0
43710,3573.98,0,0,0,0,0.00,0,0,0
43760,3597.98,0,0,0,0,0.00,0,0,0
43810,3585.09,0,0,0,0,0.00,0,0,0
43860,3615.33,0,0,0,0,0.00,0,0,0
43910,3593.67,0,0,0,0,0.00,0,0,0
43960,3589.38,0,0,0,0,0.00,0,0,0
44010,3583.37,0,0,0,0,0.00,0,0,0
44060,3624.94,0,0,0,0,0.00,0,0,0
44110,3611.85,0,0,0,0,0.00,0,0,0
44160,3626.69,0,0,0,0,0.00,0,0,0
44210,3603.17,0,0,0,0,0.00,0,0,0
44260,3615.33,0,0,0,0,0.00,0,0,0
44310,3603.17,0,0,0,0,0.00,0,0,0
44360,3643.43,0,0,0,0,0.00,0,0,0
44410,3623.19,0,0,0,0,0.00,0,0,0
44460,3613.59,0,0,0,0,0.00,0,0,0
44510,3548.62,0,0,0,0,0.00,0,0,0
44560,3629.32,0,0,0,0,0.00,0,0,0
44610,3603.17,0,0,0,0,0.00,0,0,0
44660,3640.78,0,0,0,0,0.00,0,0,0
44710,3624.06,0,0,0,0,0.00,0,0,0
44760,3664.79,0,0,0,0,0.00,0,0,0
44810,3624.06,0,0,0,0,0.00,0,0,0
44860,3624.94,0,0,0,0,0.00,0,0,0
44910,3603.17,0,0,0,0,0.00,0,0,0
44960,3625.82,0,0,0,0,0.00,0,0,0
45010,3603.17,0,0,0,0,0.00,0,0,0
45060,3623.19,0,0,0,0,0.00,0,0,0
45110,3565.49,0,0,0,0,0.00,0,0,0
45160,3618.82,0,0,0,0,0.00,0,0,0
45210,3603.17,0,0,0,0,0.00,0,0,0
45260,3644.31,0,0,0,0,0.00,0,0,0
45310,3603.17,0,0,0,0,0.00,0,0,0
45360,3635.48,0,0,0,0,0.00,0,0,0
45410,3613.59,0,0,0,0,0.00,0,0,0
45460,3644.31,0,0,0,0,0.00,0,0,0
45510,3634.60,0,0,0,0,0.00,0,0,0
45560,3654.97,0,0,0,0,0.00,0,0,0
45611,3613.59,0,0,0,0,0.00,0,0,0
45661,3634.60,0,0,0,0,0.00,0,0,0
45711,3613.59,0,0,0,0,0.00,0,0,0
45761,3644.31,0,0,0,0,0.00,0,0,0
45811,3603.17,0,0,0,0,0.00,0,0,0
45861,3654.08,0,0,0,0,0.00,0,0,0
45911,3624.06,0,0,0,0,0.00,0,0,0
45961,3654.08,0,0,0,0,0.00,0,0,0
46011,3611.85,0,0,0,0,0.00,0,0,0
46061,3664.79,0,0,0,0,0.00,0,0,0
46111,3633.72,0,0,0,0,0.00,0,0,0
46161,3633.72,0,0,0,0,0.00,0,0,0
46211,3633.72,0,0,0,0,0.00,0,0,0
46261,3644.31,0,0,0,0,0.00,0,0,0
46311,3623.19,0,0,0,0,0.00,0,0,0
46361,3653.19,0,0,0,0,0.00,0,0,0
46411,3612.72,0,0,0,0,0.00,0,0,0
46461,3677.37,0,0,0,0,0.00,0,0,0
46511,3634.60,0,0,0,0,0.00,0,0,0
46561,3664.79,0,0,0,0,0.00,0,0,0
46611,3633.72,0,0,0,0,0.00,0,0,0
46661,3664.79,0,0,0,0,0.00,0,0,0
46711,3624.06,0,0,0,0,0.00,0,0,0
46761,3664.79,0,0,0,0,0.00,0,0,0
46811,3641.66,0,0,0,0,0.00,0,0,0
46861,3654.08,0,0,0,0,0.00,0,0,0
46911,3613.59,0,0,0,0,0.00,0,0,0
46961,3664.79,0,0,0,0,0.00,0,0,0
47011,3604.04,0,0,0,0,0.00,0,0,0
47062,3644.31,0,0,0,0,0.00,0,0,0
47112,3687.32,0,0,0,0,0.00,0,0,0
47162,3633.72,0,0,0,0,0.00,0,0,0
47212,3675.57,0,0,0,0,0.00,0,0,0
47262,3644.31,0,0,0,0,0.00,0,0,0
47312,3622.31,0,0,0,0,0.00,0,0,0
47362,3613.59,0,0,0,0,0.00,0,0,0
47412,3654.97,0,0,0,0,0.00,0,0,0
47462,3592.81,0,0,0,0,0.00,0,0,0
47512,3609.24,0,0,0,0,0.00,0,0,0
47562,3603.17,0,0,0,0,0.00,0,0,0
47612,3617.94,0,0,0,0,0.00,0,0,0
47662,3603.17,0,0,0,0,0.00,0,0,0
47712,3611.85,0,0,0,0,0.00,0,0,0
47762,3580.81,0,0,0,0,0.00,0,0,0
47812,3617.94,0,0,0,0,0.00,0,0,0
47862,3573.13,0,0,0,0,0.00,0,0,0
47912,3588.52,0,0,0,0,0.00,0,0,0
47962,3581.66,0,0,0,0,0.00,0,0,0
48012,3623.19,0,0,0,0,0.00,0,0,0
48062,3580.81,0,0,0,0,0.00,0,0,0
48112,3629.32,0,0,0,0,0.00,0,0,0
48162,3603.17,0,0,0,0,0.00,0,0,0
48212,3632.84,0,0,0,0,0.00,0,0,0
48262,3633.72,0,0,0,0,0.00,0,0,0
48312,3624.06,0,0,0,0,0.00,0,0,0
48362,3613.59,0,0,0,0,0.00,0,0,0
48412,3653.19,0,0,0,0,0.00,0,0,0
48462,3634.60,0,0,0,0,0.00,0,0,0
48512,3664.79,0,0,0,0,0.00,0,0,0
48562,3654.97,0,0,0,0,0.00,0,0,0
48612,3601.44,0,0,0,0,0.00,0,0,0
48662,3591.95,0,0,0,0,0.00,0,0,0
48712,3644.31,0,0,0,0,0.00,0,0,0
48762,3583.37,0,0,0,0,0.00,0,0,0
48812,3634.60,0,0,0,0,0.00,0,0,0
48862,3624.06,0,0,0,0,0.00,0,0,0
48912,3654.97,0,0,0,0,0.00,0,0,0
48962,3624.06,0,0,0,0,0.00,0,0,0
49012,3675.57,0,0,0,0,0.00,0,0,0
49062,3654.97,0,0,0,0,0.00,0,0,0
49112,3664.79,0,0,0,0,0.00,0,0,0
49162,3642.54,0,0,0,0,0.00,0,0,0
49212,3654.08,0,0,0,0,0.00,0,0,0
49262,3654.97,0,0,0,0,0.00,0,0,0
49312,3675.57,0,0,0,0,0.00,0,0,0
49362,3654.97,0,0,0,0,0.00,0,0,0
49412,3664.79,0,0,0,0,0.00,0,0,0
49462,3624.06,0,0,0,0,0.00,0,0,0
49512,3654.97,0,0,0,0,0.00,0,0,0
49562,3644.31,0,0,0,0,0.00,0,0,0
49612,3654.97,0,0,0,0,0.00,0,0,0
49662,3624.06,0,0,0,0,0.00,0,0,0
49712,3675.57,0,0,0,0,0.00,0,0,0
49762,3664.79,0,0,0,0,0.00,0,0,0
49812,3675.57,0,0,0,0,0.00,0,0,0
49862,3685.50,0,0,0,0,0.00,0,0,0
49912,3675.57,0,0,0,0,0.00,0,0,0
49963,3686.41,0,0,0,0,0.00,0,0,0
50013,3612.72,0,0,0,0,0.00,0,0,0
50063,3635.48,0,0,0,0,0.00,0,0,0
50113,3624.06,0,0,0,0,0.00,0,0,0
50163,3609.24,0,0,0,0,0.00,0,0,0
50213,3601.44,0,0,0,0,0.00,0,0,0
50263,3626.69,0,0,0,0,0.00,0,0,0
50313,3583.37,0,0,0,0,0.00,0,0,0
50363,3635.48,0,0,0,0,0.00,0,0,0
50413,3542.75,0,0,0,0,0.00,0,0,0
50463,3654.97,0,0,0,0,0.00,0,0,0
50513,3585.09,0,0,0,0,0.00,0,0,0
50563,3626.69,0,0,0,0,0.00,0,0,0
50613,3613.59,0,0,0,0,0.00,0,0,0
50663,3607.50,0,0,0,0,0.00,0,0,0
50713,3591.95,0,0,0,0,0.00,0,0,0
50763,3605.77,0,0,0,0,0.00,0,0,0
50813,3602.31,0,0,0,0,0.00,0,0,0
50863,3652.30,0,0,0,0,0.00,0,0,0
50913,3634.60,0,0,0,0,0.00,0,0,0
50963,3624.06,0,0,0,0,0.00,0,0,0
51013,3613.59,0,0,0,0,0.00,0,0,0
51063,3633.72,0,0,0,0,0.00,0,0,0
51113,3623.19,0,0,0,0,0.00,0,0,0
51163,3654.97,0,0,0,0,0.00,0,0,0
51213,3585.09,0,0,0,0,0.00,0,0,0
51263,3597.12,0,0,0,0,0.00,0,0,0
51313,3602.31,0,0,0,0,0.00,0,0,0
51363,3626.69,0,0,0,0,0.00,0,0,0
51414,3582.52,0,0,0,0,0.00,0,0,0
51464,3629.32,0,0,0,0,0.00,0,0,0
51514,3592.81,0,0,0,0,0.00,0,0,0
51564,3608.37,0,0,0,0,0.00,0,0,0
51614,3537.74,0,0,0,0,0.00,0,0,0
51664,3598.85,0,0,0,0,0.00,0,0,0
51714,3576.54,0,0,0,0,0.00,0,0,0
51764,3629.32,0,0,0,0,0.00,0,0,0
51814,3592.81,0,0,0,0,0.00,0,0,0
51864,3644.31,0,0,0,0,0.00,0,0,0
51914,3602.31,0,0,0,0,0.00,0,0,0
51964,3592.81,0,0,0,0,0.00,0,0,0
52014,3592.81,0,0,0,0,0.00,0,0,0
52064,3588.52,0,0,0,0,0.00,0,0,0
52114,3558.72,0,0,0,0,0.00,0,0,0
52164,3568.88,0,0,0,0,0.00,0,0,0
52214,3557.87,0,0,0,0,0.00,0,0,0
52264,3607.50,0,0,0,0,0.00,0,0,0
52314,3607.50,0,0,0,0,0.00,0,0,0
52364,3610.11,0,0,0,0,0.00,0,0,0
52414,3618.82,0,0,0,0,0.00,0,0,0
52464,3562.95,0,0,0,0,0.00,0,0,0
52514,3624.06,0,0,0,0,0.00,0,0,0
52564,3582.52,0,0,0,0,0.00,0,0,0
52614,3624.06,0,0,0,0,0.00,0,0,0
52664,3592.81,0,0,0,0,0.00,0,0,0
52714,3623.19,0,0,0,0,0.00,0,0,0
52764,3623.19,0,0,0,0,0.00,0,0,0
52814,3593.67,0,0,0,0,0.00,0,0,0
52864,3583.37,0,0,0,0,0.00,0,0,0
52914,3626.69,0,0,0,0,0.00,0,0,0
52964,3557.87,0,0,0,0,0.00,0,0,0
53014,3598.85,0,0,0,0,0.00,0,0,0
53064,3580.81,0,0,0,0,0.00,0,0,0
53114,3617.07,0,0,0,0,0.00,0,0,0
53164,3592.81,0,0,0,0,0.00,0,0,0
53214,3615.33,0,0,0,0,0.00,0,0,0
53264,3654.08,0,0,0,0,0.00,0,0,0
53314,3654.08,0,0,0,0,0.00,0,0,0
53364,3583.37,0,0,0,0,0.00,0,0,0
53414,3624.94,0,0,0,0,0.00,0,0,0
53464,3612.72,0,0,0,0,0.00,0,0,0
53514,3628.45,0,0,0,0,0.00,0,0,0
53564,3603.17,0,0,0,0,0.00,0,0,0
53614,3618.82,0,0,0,0,0.00,0,0,0
53664,3611.85,0,0,0,0,0.00,0,0,0
53714,3654.08,0,0,0,0,0.00,0,0,0
53764,3603.17,0,0,0,0,0.00,0,0,0
53814,3609.24,0,0,0,0,0.00,0,0,0
53864,3603.17,0,0,0,0,0.00,0,0,0
53914,3654.08,0,0,0,0,0.00,0,0,0
53964,3583.37,0,0,0,0,0.00,0,0,0
54014,3644.31,0,0,0,0,0.00,0,0,0
54064,3620.56,0,0,0,0,0.00,0,0,0
54114,3622.31,0,0,0,0,0.00,0,0,0
54164,3613.59,0,0,0,0,0.00,0,0,0
54214,3624.06,0,0,0,0,0.00,0,0,0
54264,3623.19,0,0,0,0,0.00,0,0,0
54315,3654.97,0,0,0,0,0.00,0,0,0
54365,3675.57,0,0,0,0,0.00,0,0,0
54415,3634.60,0,0,0,0,0.00,0,0,0
54465,3634.60,0,0,0,0,0.00,0,0,0
54515,3580.81,0,0,0,0,0.00,0,0,0
54565,3632.84,0,0,0,0,0.00,0,0,0
54615,3623.19,0,0,0,0,0.00,0,0,0
54665,3642.54,0,0,0,0,0.00,0,0,0
54715,3623.19,0,0,0,0,0.00,0,0,0
54765,3631.96,0,0,0,0,0.00,0,0,0
54815,3624.06,0,0,0,0,0.00,0,0,0
54865,3624.94,0,0,0,0,0.00,0,0,0
54915,3613.59,0,0,0,0,0.00,0,0,0
54965,3654.97,0,0,0,0,0.00,0,0,0
55015,3643.43,0,0,0,0,0.00,0,0,0
55065,3677.37,0,0,0,0,0.00,0,0,0
55115,3665.69,0,0,0,0,0.00,0,0,0
55165,3633.72,0,0,0,0,0.00,0,0,0
55215,3613.59,0,0,0,0,0.00,0,0,0
55265,3663.90,0,0,0,0,0.00,0,0,0
55315,3581.66,0,0,0,0,0.00,0,0,0
55365,3617.07,0,0,0,0,0.00,0,0,0
55415,3591.95,0,0,0,0,0.00,0,0,0
55465,3644.31,0,0,0,0,0.00,0,0,0
55515,3633.72,0,0,0,0,0.00,0,0,0
55565,3675.57,0,0,0,0,0.00,0,0,0
55615,3622.31,0,0,0,0,0.00,0,0,0
55665,3654.08,0,0,0,0,0.00,0,0,0
55715,3634.60,0,0,0,0,0.00,0,0,0
55766,3654.08,0,0,0,0,0.00,0,0,0
55816,3644.31,0,0,0,0,0.00,0,0,0
55866,3623.19,0,0,0,0,0.00,0,0,0
55916,3613.59,0,0,0,0,0.00,0,0,0
55966,3634.60,0,0,0,0,0.00,0,0,0
56016,3613.59,0,0,0,0,0.00,0,0,0
56066,3582.52,0,0,0,0,0.00,0,0,0
56116,3601.44,0,0,0,0,0.00,0,0,0
56166,3608.37,0,0,0,0,0.00,0,0,0
56216,3603.17,0,0,0,0,0.00,0,0,0
56266,3633.72,0,0,0,0,0.00,0,0,0
56316,3622.31,0,0,0,0,0.00,0,0,0
56366,3664.79,0,0,0,0,0.00,0,0,0
56416,3644.31,0,0,0,0,0.00,0,0,0
56466,3633.72,0,0,0,0,0.00,0,0,0
56516,3613.59,0,0,0,0,0.00,0,0,0
56566,3654.97,0,0,0,0,0.00,0,0,0
56616,3654.97,0,0,0,0,0.00,0,0,0
56666,3685.50,0,0,0,0,0.00,0,0,0
56716,3675.57,0,0,0,0,0.00,0,0,0
56766,3675.57,0,0,0,0,0.00,0,0,0
56816,3696.40,0,0,0,0,0.00,0,0,0
56866,3631.96,0,0,0,0,0.00,0,0,0
56916,3685.50,0,0,0,0,0.00,0,0,0
56966,3613.59,0,0,0,0,0.00,0,0,0
57016,3676.47,0,0,0,0,0.00,0,0,0
57066,3644.31,0,0,0,0,0.00,0,0,0
57116,3643.43,0,0,0,0,0.00,0,0,0
57166,3613.59,0,0,0,0,0.00,0,0,0
57216,3654.97,0,0,0,0,0.00,0,0,0
57266,3633.72,0,0,0,0,0.00,0,0,0
57316,3654.08,0,0,0,0,0.00,0,0,0
57366,3654.97,0,0,0,0,0.00,0,0,0
57416,3676.47,0,0,0,0,0.00,0,0,0
57466,3644.31,0,0,0,0,0.00,0,0,0
57516,3654.08,0,0,0,0,0.00,0,0,0
57566,3633.72,0,0,0,0,0.00,0,0,0
57616,3664.79,0,0,0,0,0.00,0,0,0
57666,3644.31,0,0,0,0,0.00,0,0,0
57716,3654.97,0,0,0,0,0.00,0,0,0
57766,3632.84,0,0,0,0,0.00,0,0,0
57816,3654.97,0,0,0,0,0.00,0,0,0
57866,3654.08,0,0,0,0,0.00,0,0,0
57916,3675.57,0,0,0,0,0.00,0,0,0
57966,3665.69,0,0,0,0,0.00,0,0,0
58016,3696.40,0,0,0,0,0.00,0,0,0
58066,3654.97,0,0,0,0,0.00,0,0,0
58116,3654.08,0,0,0,0,0.00,0,0,0
58166,3675.57,0,0,0,0,0.00,0,0,0
58216,3624.06,0,0,0,0,0.00,0,0,0
58266,3665.69,0,0,0,0,0.00,0,0,0
58316,3643.43,0,0,0,0,0.00,0,0,0
58366,3612.72,0,0,0,0,0.00,0,0,0
58416,3592.81,0,0,0,0,0.00,0,0,0
58466,3626.69,0,0,0,0,0.00,0,0,0
58516,3602.31,0,0,0,0,0.00,0,0,0
58566,3644.31,0,0,0,0,0.00,0,0,0
58616,3644.31,0,0,0,0,0.00,0,0,0
58667,3675.57,0,0,0,0,0.00,0,0,0
58717,3664.79,0,0,0,0,0.00,0,0,0
58767,3686.41,0,0,0,0,0.00,0,0,0
58817,3654.08,0,0,0,0,0.00,0,0,0
58867,3696.40,0,0,0,0,0.00,0,0,0
58917,3654.97,0,0,0,0,0.00,0,0,0
58967,3632.84,0,0,0,0,0.00,0,0,0
59017,3644.31,0,0,0,0,0.00,0,0,0
59067,3675.57,0,0,0,0,0.00,0,0,0
59117,3665.69,0,0,0,0,0.00,0,0,0
59167,3665.69,0,0,0,0,0.00,0,0,0
59217,3654.97,0,0,0,0,0.00,0,0,0
59267,3633.72,0,0,0,0,0.00,0,0,0
59317,3613.59,0,0,0,0,0.00,0,0,0
59367,3635.48,0,0,0,0,0.00,0,0,0
59417,3593.67,0,0,0,0,0.00,0,0,0
59467,3643.43,0,0,0,0,0.00,0,0,0
59517,3633.72,0,0,0,0,0.00,0,0,0
59567,3675.57,0,0,0,0,0.00,0,0,0
59617,3665.69,0,0,0,0,0.00,0,0,0
59667,3644.31,0,0,0,0,0.00,0,0,0
59717,3617.94,0,0,0,0,0.00,0,0,0
59767,3665.69,0,0,0,0,0.00,0,0,0
59817,3674.67,0,0,0,0,0.00,0,0,0
59867,3633.72,0,0,0,0,0.00,0,0,0
59917,3643.43,0,0,0,0,0.00,0,0,0
59967,3603.17,0,0,0,0,0.00,0,0,0
60017,3633.72,0,0,0,0,0.00,0,0,0
60067,3624.06,0,0,0,0,0.00,0,0,0
60118,3665.69,0,0,0,0,0.00,0,0,0
60168,3624.06,0,0,0,0,0.00,0,0,0
60218,3664.79,0,0,0,0,0.00,0,0,0
60268,3593.67,0,0,0,0,0.00,0,0,0
60318,3624.06,0,0,0,0,0.00,0,0,0
60368,3603.17,0,0,0,0,0.00,0,0,0
60418,3618.82,0,0,0,0,0.00,0,0,0
60468,3603.17,0,0,0,0,0.00,0,0,0
60518,3664.79,0,0,0,0,0.00,0,0,0
60568,3633.72,0,0,0,0,0.00,0,0,0
60618,3624.94,0,0,0,0,0.00,0,0,0
60668,3603.17,0,0,0,0,0.00,0,0,0
60718,3583.37,0,0,0,0,0.00,0,0,0
60768,3589.38,0,0,0,0,0.00,0,0,0
60818,3635.48,0,0,0,0,0.00,0,0,0
60868,3603.17,0,0,0,0,0.00,0,0,0
60918,3654.97,0,0,0,0,0.00,0,0,0
60968,3644.31,0,0,0,0,0.00,0,0,0
61018,3675.57,0,0,0,0,0.00,0,0,0
61068,3654.08,0,0,0,0,0.00,0,0,0
61118,3675.57,0,0,0,0,0.00,0,0,0
61168,3654.97,0,0,0,0,0.00,0,0,0
61218,3623.19,0,0,0,0,0.00,0,0,0
61268,3593.67,0,0,0,0,0.00,0,0,0
61318,3629.32,0,0,0,0,0.00,0,0,0
61368,3624.06,0,0,0,0,0.00,0,0,0
61418,3633.72,0,0,0,0,0.00,0,0,0
61468,3633.72,0,0,0,0,0.00,0,0,0
61518,3664.79,0,0,0,0,0.00,0,0,0
61568,3633.72,0,0,0,0,0.00,0,0,0
61618,3654.08,0,0,0,0,0.00,0,0,0
61668,3633.72,0,0,0,0,0.00,0,0,0
61718,3674.67,0,0,0,0,0.00,0,0,0
61768,3654.08,0,0,0,0,0.00,0,0,0
61818,3675.57,0,0,0,0,0.00,0,0,0
61868,3632.84,0,0,0,0,0.00,0,0,0
61918,3675.57,0,0,0,0,0.00,0,0,0
61968,3613.59,0,0,0,0,0.00,0,0,0
62018,3654.08,0,0,0,0,0.00,0,0,0
62068,3591.09,0,0,0,0,0.00,0,0,0
62118,3593.67,0,0,0,0,0.00,0,0,0
62168,3622.31,0,0,0,0,0.00,0,0,0
62218,3664.79,0,0,0,0,0.00,0,0,0
62268,3644.31,0,0,0,0,0.00,0,0,0
62318,3654.97,0,0,0,0,0.00,0,0,0
62368,3633.72,0,0,0,0,0.00,0,0,0
62418,3604.04,0,0,0,0,0.00,0,0,0
62468,3583.37,0,0,0,0,0.00,0,0,0
62518,3634.60,0,0,0,0,0.00,0,0,0
62568,3611.85,0,0,0,0,0.00,0,0,0
62618,3644.31,0,0,0,0,0.00,0,0,0
62668,3623.19,0,0,0,0,0.00,0,0,0
62718,3624.06,0,0,0,0,0.00,0,0,0
62768,3664.79,0,0,0,0,0.00,0,0,0
62818,3633.72,0,0,0,0,0.00,0,0,0
62868,3686.41,0,0,0,0,0.00,0,0,0
62918,3663.90,0,0,0,0,0.00,0,0,0
62968,3654.08,0,0,0,0,0.00,0,0,0
63019,3654.97,0,0,0,0,0.00,0,0,0
63069,3677.37,0,0,0,0,0.00,0,0,0
63119,3633.72,0,0,0,0,0.00,0,0,0
63169,3675.57,0,0,0,0,0.00,0,0,0
63219,3664.79,0,0,0,0,0.00,0,0,0
63269,3654.08,0,0,0,0,0.00,0,0,0
63319,3633.72,0,0,0,0,0.00,0,0,0
63369,3675.57,0,0,0,0,0.00,0,0,0
63419,3623.19,0,0,0,0,0.00,0,0,0
63469,3644.31,0,0,0,0,0.00,0,0,0
63519,3633.72,0,0,0,0,0.00,0,0,0
63569,3675.57,0,0,0,0,0.00,0,0,0
63619,3644.31,0,0,0,0,0.00,0,0,0
63669,3675.57,0,0,0,0,0.00,0,0,0
63719,3644.31,0,0,0,0,0.00,0,0,0
63769,3685.50,0,0,0,0,0.00,0,0,0
63819,3654.97,0,0,0,0,0.00,0,0,0
63869,3654.08,0,0,0,0,0.00,0,0,0
63919,3653.19,0,0,0,0,0.00,0,0,0
63969,3634.60,0,0,0,0,0.00,0,0,0
64019,3654.97,0,0,0,0,0.00,0,0,0
64069,3644.31,0,0,0,0,0.00,0,0,0
64119,3665.69,0,0,0,0,0.00,0,0,0
64169,3644.31,0,0,0,0,0.00,0,0,0
64219,3664.79,0,0,0,0,0.00,0,0,0
64269,3664.79,0,0,0,0,0.00,0,0,0
64319,3685.50,0,0,0,0,0.00,0,0,0
64369,3654.97,0,0,0,0,0.00,0,0,0
64419,3675.57,0,0,0,0,0.00,0,0,0
64470,3664.79,0,0,0,0,0.00,0,0,0
64520,3696.40,0,0,0,0,0.00,0,0,0
64570,3624.06,0,0,0,0,0.00,0,0,0
64620,3675.57,0,0,0,0,0.00,0,0,0
64670,3633.72,0,0,0,0,0.00,0,0,0
64720,3654.97,0,0,0,0,0.00,0,0,0
64770,3644.31,0,0,0,0,0.00,0,0,0
64820,3664.79,0,0,0,0,0.00,0,0,0
64870,3643.43,0,0,0,0,0.00,0,0,0
64920,3633.72,0,0,0,0,0.00,0,0,0
64970,3624.06,0,0,0,0,0.00,0,0,0
65020,3644.31,0,0,0,0,0.00,0,0,0
65070,3633.72,0,0,0,0,0.00,0,0,0
65120,3664.79,0,0,0,0,0.00,0,0,0
65170,3582.52,0,0,0,0,0.00,0,0,0
65220,3642.54,0,0,0,0,0.00,0,0,0
65270,3624.06,0,0,0,0,0.00,0,0,0
65320,3654.97,0,0,0,0,0.00,0,0,0
65370,3614.46,0,0,0,0,0.00,0,0,0
65420,3675.57,0,0,0,0,0.00,0,0,0
65470,3664.79,0,0,0,0,0.00,0,0,0
65520,3644.31,0,0,0,0,0.00,0,0,0
65570,3665.69,0,0,0,0,0.00,0,0,0
65620,3623.19,0,0,0,0,0.00,0,0,0
65670,3633.72,0,0,0,0,0.00,0,0,0
65720,3613.59,0,0,0,0,0.00,0,0,0
65770,3664.79,0,0,0,0,0.00,0,0,0
65820,3654.08,0,0,0,0,0.00,0,0,0
65870,3686.41,0,0,0,0,0.00,0,0,0
65920,3644.31,0,0,0,0,0.00,0,0,0
65970,3643.43,0,0,0,0,0.00,0,0,0
66020,3633.72,0,0,0,0,0.00,0,0,0
66070,3633.72,0,0,0,0,0.00,0,0,0
66120,3603.17,0,0,0,0,0.00,0,0,0
66170,3644.31,0,0,0,0,0.00,0,0,0
66220,3602.31,0,0,0,0,0.00,0,0,0
66270,3654.08,0,0,0,0,0.00,0,0,0
66320,3644.31,0,0,0,0,0.00,0,0,0
66370,3675.57,0,0,0,0,0.00,0,0,0
66420,3645.20,0,0,0,0,0.00,0,0,0
66470,3675.57,0,0,0,0,0.00,0,0,0
66520,3644.31,0,0,0,0,0.00,0,0,0
66570,3665.69,0,0,0,0,0.00,0,0,0
66620,3644.31,0,0,0,0,0.00,0,0,0
66670,3633.72,0,0,0,0,0.00,0,0,0
66720,3622.31,0,0,0,0,0.00,0,0,0
66770,3654.97,0,0,0,0,0.00,0,0,0
66820,3603.17,0,0,0,0,0.00,0,0,0
66870,3654.08,0,0,0,0,0.00,0,0,0
66920,3643.43,0,0,0,0,0.00,0,0,0
66970,3685.50,0,0,0,0,0.00,0,0,0
67020,3644.31,0,0,0,0,0.00,0,0,0
67070,3654.97,0,0,0,0,0.00,0,0,0
67120,3613.59,0,0,0,0,0.00,0,0,0
67170,3664.79,0,0,0,0,0.00,0,0,0
67220,3622.31,0,0,0,0,0.00,0,0,0
67270,3644.31,0,0,0,0,0.00,0,0,0
67320,3644.31,0,0,0,0,0.00,0,0,0
67371,3624.06,0,0,0,0,0.00,0,0,0
67421,3654.97,0,0,0,0,0.00,0,0,0
67471,3613.59,0,0,0,0,0.00,0,0,0
67521,3644.31,0,0,0,0,0.00,0,0,0
67571,3624.06,0,0,0,0,0.00,0,0,0
67621,3674.67,0,0,0,0,0.00,0,0,0
67671,3624.06,0,0,0,0,0.00,0,0,0
67721,3664.79,0,0,0,0,0.00,0,0,0
67771,3627.57,0,0,0,0,0.00,0,0,0
67821,3664.79,0,0,0,0,0.00,0,0,0
67871,3645.20,0,0,0,0,0.00,0,0,0
67921,3697.31,0,0,0,0,0.00,0,0,0
67971,3644.31,0,0,0,0,0.00,0,0,0
68021,3685.50,0,0,0,0,0.00,0,0,0
68071,3633.72,0,0,0,0,0.00,0,0,0
68121,3674.67,0,0,0,0,0.00,0,0,0
68171,3653.19,0,0,0,0,0.00,0,0,0
68221,3686.41,0,0,0,0,0.00,0,0,0
68271,3675.57,0,0,0,0,0.00,0,0,0
68321,3697.31,0,0,0,0,0.00,0,0,0
68371,3675.57,0,0,0,0,0.00,0,0,0
68421,3665.69,0,0,0,0,0.00,0,0,0
68471,3644.31,0,0,0,0,0.00,0,0,0
68521,3654.97,0,0,0,0,0.00,0,0,0
68571,3574.83,0,0,0,0,0.00,0,0,0
68621,3665.69,0,0,0,0,0.00,0,0,0
68671,3675.57,0,0,0,0,0.00,0,0,0
68721,3664.79,0,0,0,0,0.00,0,0,0
68771,3675.57,0,0,0,0,0.00,0,0,0
68822,3654.97,0,0,0,0,0.00,0,0,0
68872,3686.41,0,0,0,0,0.00,0,0,0
68922,3664.79,0,0,0,0,0.00,0,0,0
68972,3704.62,0,0,0,0,0.00,0,0,0
69022,3685.50,0,0,0,0,0.00,0,0,0
69072,3676.47,0,0,0,0,0.00,0,0,0
69122,3654.08,0,0,0,0,0.00,0,0,0
69172,3685.50,0,0,0,0,0.00,0,0,0
69222,3665.69,0,0,0,0,0.00,0,0,0
69272,3698.22,0,0,0,0,0.00,0,0,0
69322,3664.79,0,0,0,0,0.00,0,0,0
69372,3592.81,0,0,0,0,0.00,0,0,0
69422,3604.04,0,0,0,0,0.00,0,0,0
69472,3664.79,0,0,0,0,0.00,0,0,0
69522,3592.81,0,0,0,0,0.00,0,0,0
69572,3643.43,0,0,0,0,0.00,0,0,0
69622,3622.31,0,0,0,0,0.00,0,0,0
69672,3644.31,0,0,0,0,0.00,0,0,0
69722,3642.54,0,0,0,0,0.00,0,0,0
69772,3686.41,0,0,0,0,0.00,0,0,0
69822,3644.31,0,0,0,0,0.00,0,0,0
69872,3654.97,0,0,0,0,0.00,0,0,0
69922,3675.57,0,0,0,0,0.00,0,0,0
69972,3645.20,0,0,0,0,0.00,0,0,0
70022,3665.69,0,0,0,0,0.00,0,0,0
70072,3591.95,0,0,0,0,0.00,0,0,0
70122,3635.48,0,0,0,0,0.00,0,0,0
70172,3632.84,0,0,0,0,0.00,0,0,0
70222,3654.08,0,0,0,0,0.00,0,0,0
70272,3644.31,0,0,0,0,0.00,0,0,0
70322,3654.97,0,0,0,0,0.00,0,0,0
70372,3633.72,0,0,0,0,0.00,0,0,0
70422,3664.79,0,0,0,0,0.00,0,0,0
70472,3654.08,0,0,0,0,0.00,0,0,0
70522,3654.97,0,0,0,0,0.00,0,0,0
70572,3645.20,0,0,0,0,0.00,0,0,0
70622,3623.19,0,0,0,0,0.00,0,0,0
70672,3613.59,0,0,0,0,0.00,0,0,0
70722,3654.08,0,0,0,0,0.00,0,0,0
70772,3644.31,0,0,0,0,0.00,0,0,0
70822,3644.31,0,0,0,0,0.00,0,0,0
70872,3624.06,0,0,0,0,0.00,0,0,0
70922,3664.79,0,0,0,0,0.00,0,0,0
70972,3643.43,0,0,0,0,0.00,0,0,0
71022,3654.08,0,0,0,0,0.00,0,0,0
71072,3592.81,0,0,0,0,0.00,0,0,0
71122,3653.19,0,0,0,0,0.00,0,0,0
71172,3633.72,0,0,0,0,0.00,0,0,0
71222,3629.32,0,0,0,0,0.00,0,0,0
71272,3622.31,0,0,0,0,0.00,0,0,0
71322,3644.31,0,0,0,0,0.00,0,0,0
71372,3568.03,0,0,0,0,0.00,0,0,0
71422,3499.77,0,0,0,0,0.00,0,0,0
71472,3415.30,0,0,0,0,0.00,0,0,0
71522,3343.74,0,0,0,0,0.00,0,0,0
71572,3282.99,0,0,0,0,0.00,0,0,0
71622,3201.02,0,0,0,0,0.00,0,0,0
71672,3131.52,0,0,0,0,0.00,0,0,0
71723,3070.62,0,0,0,0,0.00,0,0,0
71773,2983.89,0,0,0,0,0.00,0,0,0
71823,2929.12,0,0,0,0,0.00,0,0,0
71873,2850.63,0,0,0,0,0.00,0,0,0
71923,2801.12,0,0,0,0,0.00,0,0,0
71973,2746.75,0,0,0,0,0.00,0,0,0
72023,2693.97,0,0,0,0,0.00,0,0,0
72073,2600.55,0,0,0,0,0.00,0,0,0
72123,2549.72,0,0,0,0,0.00,0,0,0
72173,2494.59,0,0,0,0,0.00,0,0,0
72223,2437.04,0,0,0,0,0.00,0,0,0
72273,2386.63,0,0,0,0,0.00,0,0,0
72323,2330.28,0,0,0,0,0.00,0,0,0
72373,2272.38,0,0,0,0,0.00,0,0,0
72423,2216.64,0,0,0,0,0.00,0,0,0
72473,2196.51,0,0,0,0,0.00,0,0,0
72523,2138.88,0,0,0,0,0.00,0,0,0
72573,2083.04,0,0,0,0,0.00,0,0,0
72623,2026.48,0,0,0,0,0.00,0,0,0
72673,1987.81,0,0,0,0,0.00,0,0,0
72723,1931.25,0,0,0,0,0.00,0,0,0
72773,1910.83,0,0,0,0,0.00,0,0,0
72823,1853.22,0,0,0,0,0.00,0,0,0
72873,1810.28,0,0,0,0,0.00,0,0,0
72923,1752.13,0,0,0,0,0.00,0,0,0
72973,1736.11,0,0,0,0,0.00,0,0,0
73023,1677.10,0,0,0,0,0.00,0,0,0
73073,1629.90,0,0,0,0,0.00,0,0,0
73123,1615.68,0,0,0,0,0.00,0,0,0
73174,1553.12,0,0,0,0,0.00,0,0,0
73224,1503.01,0,0,0,0,0.00,0,0,0
73274,1490.61,0,0,0,0,0.00,0,0,0
73324,1438.71,0,0,0,0,0.00,0,0,0
73374,1427.08,0,0,0,0,0.00,0,0,0
73424,1388.12,0,0,0,0,0.00,0,0,0
73474,1304.69,0,0,0,0,0.00,0,0,0
73524,1294.11,0,0,0,0,0.00,0,0,0
73574,1234.06,0,0,0,0,0.00,0,0,0
73624,1225.79,0,0,0,0,0.00,0,0,0
73674,1160.99,0,0,0,0,0.00,0,0,0
73724,1155.98,0,0,0,0,0.00,0,0,0
73774,1086.01,0,0,0,0,0.00,0,0,0
73824,1086.01,0,0,0,0,0.00,0,0,0
73874,1051.60,0,0,0,0,0.00,0,0,0
73924,1045.51,0,0,0,0,0.00,0,0,0
73974,1002.20,0,0,0,0,0.00,0,0,0
74024,925.35,0,0,0,0,0.00,0,0,0
74074,921.26,0,0,0,0,0.00,0,0,0
74124,921.26,0,0,0,0,0.00,0,0,0
74174,841.66,0,0,0,0,0.00,0,0,0
74224,833.47,0,0,0,0,0.00,0,0,0
74274,833.47,0,0,0,0,0.00,0,0,0
74324,738.81,0,0,0,0,0.00,0,0,0
74374,738.81,0,0,0,0,0.00,0,0,0
74424,736.59,0,0,0,0,0.00,0,0,0
74474,657.03,0,0,0,0,0.00,0,0,0
74524,657.03,0,0,0,0,0.00,0,0,0
74574,628.56,0,0,0,0,0.00,0,0,0
74624,628.56,0,0,0,0,0.00,0,0,0
74674,628.56,0,0,0,0,0.00,0,0,0
74724,536.02,0,0,0,0,0.00,0,0,0
74774,536.02,0,0,0,0,0.00,0,0,0
74824,497.22,0,0,0,0,0.00,0,0,0
74874,497.22,0,0,0,0,0.00,0,0,0
74924,497.22,0,0,0,0,0.00,0,0,0
74974,385.04,0,0,0,0,0.00,0,0,0
75024,385.04,0,0,0,0,0.00,0,0,0
75074,385.04,0,0,0,0,0.00,0,0,0
75124,385.04,0,0,0,0,0.00,0,0,0
75174,310.06,0,0,0,0,0.00,0,0,0
75224,310.06,0,0,0,0,0.00,0,0,0
75274,310.06,0,0,0,0,0.00,0,0,0
75324,310.06,0,0,0,0,0.00,0,0,0
75374,0.00,0,0,0,0,0.00,0,0,0
75424,0.00,0,0,0,0,0.00,0,0,0
75474,0.00,0,0,0,0,0.00,0,0,0
75524,0.00,0,0,0,0,0.00,0,0,0
75574,0.00,0,0,0,0,0.00,0,0,0
75624,129.26,0,0,0,0,0.00,0,0,0
75674,129.26,0,0,0,0,0.00,0,0,0
75724,129.26,0,0,0,0,0.00,0,0,0
75774,129.26,0,0,0,0,0.00,0,0,0
75824,0.00,0,0,0,0,0.00,0,0,0
75874,0.00,0,0,0,0,0.00,0,0,0
75924,0.00,0,0,0,0,0.00,0,0,0
75974,0.00,0,0,0,0,0.00,0,0,0
76024,0.00,0,0,0,0,0.00,0,0,0
76075,0.00,0,0,0,0,0.00,0,0,0
76125,0.00,0,0,0,0,0.00,0,0,0
76175,0.00,0,0,0,0,0.00,0,0,0
76225,0.00,0,0,0,0,0.00,0,0,0
76275,0.00,0,0,0,0,0.00,0,0,0
76325,0.00,0,0,0,0,0.00,0,0,0
76375,0.00,0,0,0,0,0.00,0,0,0
76425,0.00,0,0,0,0,0.00,0,0,0
76475,0.00,0,0,0,0,0.00,0,0,0
76525,0.00,0,0,0,0,0.00,0,0,0
76575,0.00,0,0,0,0,0.00,0,0,0
76625,0.00,0,0,0,0,0.00,0,0,0
76675,0.00,0,0,0,0,0.00,0,0,0
76725,0.00,0,0,0,0,0.00,0,0,0
76775,0.00,0,0,0,0,0.00,0,0,0
76825,0.00,0,0,0,0,0.00,0,0,0
76875,0.00,0,0,0,0,0.00,0,0,0
76925,0.00,0,0,0,0,0.00,0,0,0
76975,0.00,0,0,0,0,0.00,0,0,0
77025,0.00,0,0,0,0,0.00,0,0,0
77075,0.00,0,0,0,0,0.00,0,0,0
77125,0.00,0,0,0,0,0.00,0,0,0
77175,0.00,0,0,0,0,0.00,0,0,0
77225,0.00,0,0,0,0,0.00,0,0,0
77275,0.00,0,0,0,0,0.00,0,0,0
77325,0.00,0,0,0,0,0.00,0,0,0
77375,0.00,0,0,0,0,0.00,0,0,0
77425,0.00,0,0,0,0,0.00,0,0,0
77475,0.00,0,0,0,0,0.00,0,0,0
77526,0.00,0,0,0,0,0.00,0,0,0
77576,0.00,0,0,0,0,0.00,0,0,0
77626,0.00,0,0,0,0,0.00,0,0,0
77676,0.00,0,0,0,0,0.00,0,0,0
77726,0.00,0,0,0,0,0.00,0,0,0
77776,0.00,0,0,0,0,0.00,0,0,0
77826,0.00,0,0,0,0,0.00,0,0,0
77876,0.00,0,0,0,0,0.00,0,0,0
77926,0.00,0,0,0,0,0.00,0,0,0
77976,0.00,0,0,0,0,0.00,0,0,0
78026,0.00,0,0,0,0,0.00,0,0,0
78076,0.00,0,0,0,0,0.00,0,0,0
78126,0.00,0,0,0,0,0.00,0,0,0
78176,0.00,0,0,0,0,0.00,0,0,0
78226,0.00,0,0,0,0,0.00,0,0,0
78276,0.00,0,0,0,0,0.00,0,0,0
78326,0.00,0,0,0,0,0.00,0,0,0
78376,0.00,0,0,0,0,0.00,0,0,0
78426,0.00,0,0,0,0,0.00,0,0,0
78476,0.00,0,0,0,0,0.00,0,0,0
78526,0.00,0,0,0,0,0.00,0,0,0
78576,0.00,0,0,0,0,0.00,0,0,0
78626,0.00,0,0,0,0,0.00,0,0,0
78676,0.00,0,0,0,0,0.00,0,0,0
78726,0.00,0,0,0,0,0.00,0,0,0
78776,0.00,0,0,0,0,0.00,0,0,0
78826,0.00,0,0,0,0,0.00,0,0,0
78876,0.00,0,0,0,0,0.00,0,0,0
78926,0.00,0,0,0,0,0.00,0,0,0
78976,0.00,0,0,0,0,0.00,0,0,0
79026,0.00,0,0,0,0,0.00,0,0,0
79076,0.00,0,0,0,0,0.00,0,0,0
79126,0.00,0,0,0,0,0.00,0,0,0
79176,0.00,0,0,0,0,0.00,0,0,0
79226,0.00,0,0,0,0,0.00,0,0,0
79276,0.00,0,0,0,0,0.00,0,0,0
79326,0.00,0,0,0,0,0.00,0,0,0
79376,0.00,0,0,0,0,0.00,0,0,0
79426,0.00,0,0,0,0,0.00,0,0,0
79476,0.00,0,0,0,0,0.00,0,0,0
79526,0.00,0,0,0,0,0.00,0,0,0
79576,0.00,0,0,0,0,0.00,0,0,0
79626,0.00,0,0,0,0,0.00,0,0,0
79676,0.00,0,0,0,0,0.00,0,0,0
79726,0.00,0,0,0,0,0.00,0,0,0
79776,0.00,0,0,0,0,0.00,0,0,0
79826,0.00,0,0,0,0,0.00,0,0,0
79876,0.00,0,0,0,0,0.00,0,0,0
79926,0.00,0,0,0,0,0.00,0,0,0
79976,0.00,0,0,0,0,0.00,0,0,0
80026,0.00,0,0,0,0,0.00,0,0,0
80076,0.00,0,0,0,0,0.00,0,0,0
80126,0.00,0,0,0,0,0.00,0,0,0
80176,0.00,0,0,0,0,0.00,0,0,0
80226,0.00,0,0,0,0,0.00,0,0,0
80276,0.00,0,0,0,0,0.00,0,0,0
80326,0.00,0,0,0,0,0.00,0,0,0
80376,0.00,0,0,0,0,0.00,0,0,0
80427,0.00,0,0,0,0,0.00,0,0,0
