No Throttle Input - No Load
Trial: 2
Date: 3-31-2023
Time: 10:28 AM
Ambient Temp: 79
Head Temp: 196.3

------ Microcontroller Engine Governor - Version: 1.16 ------
-------------------------------------------------------------
PID Gains:        Kp: 0.013000   Ki: 0.025000   Kd: 1.000000
-------------------------------------------------------------
Set RPM:             3600    |  Min RPM:                300
                             |
RPM Precision        10       |  PID I Precision:         70
                             |
Start Steps:         850     |  Max Steps:               1200
                             |
RPM Calc Interval:   1       |  Num Magnets:             1
                             |
LCD Update Interval: 400     |  Serial Update Interval:  50
-------------------------------------------------------------

Time,RPM,Steps Remaining, PID p, PID i, PID d, RPM Change, P Cmd, I Cmd, D Cmd
90,0.00,0,0,0,0,0.00,0,0,0
140,0.00,0,0,0,0,0.00,0,0,0
190,0.00,0,0,0,0,0.00,0,0,0
240,0.00,0,0,0,0,0.00,0,0,0
290,0.00,0,0,0,0,0.00,0,0,0
340,0.00,0,0,0,0,0.00,0,0,0
390,0.00,0,0,0,0,0.00,0,0,0
440,0.00,0,0,0,0,0.00,0,0,0
490,0.00,0,0,0,0,0.00,0,0,0
540,0.00,0,0,0,0,0.00,0,0,0
590,0.00,0,0,0,0,0.00,0,0,0
640,0.00,0,0,0,0,0.00,0,0,0
690,0.00,0,0,0,0,0.00,0,0,0
740,0.00,0,0,0,0,0.00,0,0,0
790,0.00,0,0,0,0,0.00,0,0,0
840,0.00,0,0,0,0,0.00,0,0,0
890,0.00,0,0,0,0,0.00,0,0,0
940,0.00,0,0,0,0,0.00,0,0,0
990,0.00,0,0,0,0,0.00,0,0,0
1040,0.00,0,0,0,0,0.00,0,0,0
1090,0.00,0,0,0,0,0.00,0,0,0
1140,0.00,0,0,0,0,0.00,0,0,0
1190,0.00,0,0,0,0,0.00,0,0,0
1240,0.00,0,0,0,0,0.00,0,0,0
1290,0.00,0,0,0,0,0.00,0,0,0
1340,0.00,0,0,0,0,0.00,0,0,0
1390,0.00,0,0,0,0,0.00,0,0,0
1440,0.00,0,0,0,0,0.00,0,0,0
1490,0.00,0,0,0,0,0.00,0,0,0
1540,0.00,0,0,0,0,0.00,0,0,0
1590,0.00,0,0,0,0,0.00,0,0,0
1640,0.00,0,0,0,0,0.00,0,0,0
1690,0.00,0,0,0,0,0.00,0,0,0
1740,0.00,0,0,0,0,0.00,0,0,0
1790,0.00,0,0,0,0,0.00,0,0,0
1840,0.00,0,0,0,0,0.00,0,0,0
1890,0.00,0,0,0,0,0.00,0,0,0
1940,0.00,0,0,0,0,0.00,0,0,0
1990,0.00,0,0,0,0,0.00,0,0,0
2040,0.00,0,0,0,0,0.00,0,0,0
2091,0.00,0,0,0,0,0.00,0,0,0
2141,0.00,0,0,0,0,0.00,0,0,0
2191,0.00,0,0,0,0,0.00,0,0,0
2241,0.00,0,0,0,0,0.00,0,0,0
2291,0.00,0,0,0,0,0.00,0,0,0
2341,0.00,0,0,0,0,0.00,0,0,0
2391,0.00,0,0,0,0,0.00,0,0,0
2441,0.00,0,0,0,0,0.00,0,0,0
2491,0.00,0,0,0,0,0.00,0,0,0
2541,0.00,0,0,0,0,0.00,0,0,0
2591,0.00,0,0,0,0,0.00,0,0,0
2641,0.00,0,0,0,0,0.00,0,0,0
2691,0.00,0,0,0,0,0.00,0,0,0
2741,0.00,0,0,0,0,0.00,0,0,0
2791,0.00,0,0,0,0,0.00,0,0,0
2841,0.00,0,0,0,0,0.00,0,0,0
2891,0.00,0,0,0,0,0.00,0,0,0
2941,0.00,0,0,0,0,0.00,0,0,0
2991,0.00,0,0,0,0,0.00,0,0,0
3041,0.00,0,0,0,0,0.00,0,0,0
3091,0.00,0,0,0,0,0.00,0,0,0
3141,0.00,0,0,0,0,0.00,0,0,0
3191,0.00,0,0,0,0,0.00,0,0,0
3241,0.00,0,0,0,0,0.00,0,0,0
3291,0.00,0,0,0,0,0.00,0,0,0
3341,0.00,0,0,0,0,0.00,0,0,0
3391,0.00,0,0,0,0,0.00,0,0,0
3441,0.00,0,0,0,0,0.00,0,0,0
3491,0.00,0,0,0,0,0.00,0,0,0
3542,0.00,0,0,0,0,0.00,0,0,0
3592,0.00,0,0,0,0,0.00,0,0,0
3642,0.00,0,0,0,0,0.00,0,0,0
3692,0.00,0,0,0,0,0.00,0,0,0
3742,0.00,0,0,0,0,0.00,0,0,0
3792,0.00,0,0,0,0,0.00,0,0,0
3842,0.00,0,0,0,0,0.00,0,0,0
3892,0.00,0,0,0,0,0.00,0,0,0
3942,0.00,0,0,0,0,0.00,0,0,0
3992,0.00,0,0,0,0,0.00,0,0,0
4042,0.00,0,0,0,0,0.00,0,0,0
4092,0.00,0,0,0,0,0.00,0,0,0
4142,0.00,0,0,0,0,0.00,0,0,0
4192,0.00,0,0,0,0,0.00,0,0,0
4242,0.00,0,0,0,0,0.00,0,0,0
4292,0.00,0,0,0,0,0.00,0,0,0
4342,0.00,0,0,0,0,0.00,0,0,0
4392,0.00,0,0,0,0,0.00,0,0,0
4442,0.00,0,0,0,0,0.00,0,0,0
4492,0.00,0,0,0,0,0.00,0,0,0
4542,0.00,0,0,0,0,0.00,0,0,0
4592,0.00,0,0,0,0,0.00,0,0,0
4642,0.00,0,0,0,0,0.00,0,0,0
4692,0.00,0,0,0,0,0.00,0,0,0
4742,0.00,0,0,0,0,0.00,0,0,0
4792,0.00,0,0,0,0,0.00,0,0,0
4842,0.00,0,0,0,0,0.00,0,0,0
4892,0.00,0,0,0,0,0.00,0,0,0
4942,0.00,0,0,0,0,0.00,0,0,0
4992,0.00,0,0,0,0,0.00,0,0,0
5042,0.00,0,0,0,0,0.00,0,0,0
5092,0.00,0,0,0,0,0.00,0,0,0
5142,0.00,0,0,0,0,0.00,0,0,0
5192,0.00,0,0,0,0,0.00,0,0,0
5242,0.00,0,0,0,0,0.00,0,0,0
5292,0.00,0,0,0,0,0.00,0,0,0
5342,0.00,0,0,0,0,0.00,0,0,0
5392,0.00,0,0,0,0,0.00,0,0,0
5442,0.00,0,0,0,0,0.00,0,0,0
5492,0.00,0,0,0,0,0.00,0,0,0
5542,0.00,0,0,0,0,0.00,0,0,0
5592,0.00,0,0,0,0,0.00,0,0,0
5642,0.00,0,0,0,0,0.00,0,0,0
5692,0.00,0,0,0,0,0.00,0,0,0
5742,0.00,0,0,0,0,0.00,0,0,0
5792,0.00,0,0,0,0,0.00,0,0,0
5842,0.00,0,0,0,0,0.00,0,0,0
5892,0.00,0,0,0,0,0.00,0,0,0
5942,0.00,0,0,0,0,0.00,0,0,0
5992,0.00,0,0,0,0,0.00,0,0,0
6042,0.00,0,0,0,0,0.00,0,0,0
6092,0.00,0,0,0,0,0.00,0,0,0
6142,0.00,0,0,0,0,0.00,0,0,0
6192,0.00,0,0,0,0,0.00,0,0,0
6242,0.00,0,0,0,0,0.00,0,0,0
6292,0.00,0,0,0,0,0.00,0,0,0
6342,0.00,0,0,0,0,0.00,0,0,0
6392,0.00,0,0,0,0,0.00,0,0,0
6443,0.00,0,0,0,0,0.00,0,0,0
6493,0.00,0,0,0,0,0.00,0,0,0
6543,0.00,0,0,0,0,0.00,0,0,0
6593,0.00,0,0,0,0,0.00,0,0,0
6643,0.00,0,0,0,0,0.00,0,0,0
6693,0.00,0,0,0,0,0.00,0,0,0
6743,0.00,0,0,0,0,0.00,0,0,0
6793,0.00,0,0,0,0,0.00,0,0,0
6843,0.00,0,0,0,0,0.00,0,0,0
6893,0.00,0,0,0,0,0.00,0,0,0
6943,0.00,0,0,0,0,0.00,0,0,0
6993,0.00,0,0,0,0,0.00,0,0,0
7043,0.00,0,0,0,0,0.00,0,0,0
7093,0.00,0,0,0,0,0.00,0,0,0
7143,0.00,0,0,0,0,0.00,0,0,0
7193,0.00,0,0,0,0,0.00,0,0,0
7243,0.00,0,0,0,0,0.00,0,0,0
7293,0.00,0,0,0,0,0.00,0,0,0
7343,0.00,0,0,0,0,0.00,0,0,0
7393,0.00,0,0,0,0,0.00,0,0,0
7443,0.00,0,0,0,0,0.00,0,0,0
7493,0.00,0,0,0,0,0.00,0,0,0
7543,0.00,0,0,0,0,0.00,0,0,0
7593,0.00,0,0,0,0,0.00,0,0,0
7643,0.00,0,0,0,0,0.00,0,0,0
7693,0.00,0,0,0,0,0.00,0,0,0
7743,0.00,0,0,0,0,0.00,0,0,0
7793,0.00,0,0,0,0,0.00,0,0,0
7843,0.00,0,0,0,0,0.00,0,0,0
7894,0.00,0,0,0,0,0.00,0,0,0
7944,0.00,0,0,0,0,0.00,0,0,0
7994,0.00,0,0,0,0,0.00,0,0,0
8044,0.00,0,0,0,0,0.00,0,0,0
8094,0.00,0,0,0,0,0.00,0,0,0
8144,0.00,0,0,0,0,0.00,0,0,0
8194,0.00,0,0,0,0,0.00,0,0,0
8244,0.00,0,0,0,0,0.00,0,0,0
8294,0.00,0,0,0,0,0.00,0,0,0
8344,0.00,0,0,0,0,0.00,0,0,0
8394,0.00,0,0,0,0,0.00,0,0,0
8444,0.00,0,0,0,0,0.00,0,0,0
8494,0.00,0,0,0,0,0.00,0,0,0
8544,0.00,0,0,0,0,0.00,0,0,0
8594,0.00,0,0,0,0,0.00,0,0,0
8644,0.00,0,0,0,0,0.00,0,0,0
8694,0.00,0,0,0,0,0.00,0,0,0
8744,0.00,0,0,0,0,0.00,0,0,0
8794,0.00,0,0,0,0,0.00,0,0,0
8844,0.00,0,0,0,0,0.00,0,0,0
8894,0.00,0,0,0,0,0.00,0,0,0
8944,0.00,0,0,0,0,0.00,0,0,0
8994,0.00,0,0,0,0,0.00,0,0,0
9044,0.00,0,0,0,0,0.00,0,0,0
9094,0.00,0,0,0,0,0.00,0,0,0
9144,0.00,0,0,0,0,0.00,0,0,0
9194,0.00,0,0,0,0,0.00,0,0,0
9244,0.00,0,0,0,0,0.00,0,0,0
9294,0.00,0,0,0,0,0.00,0,0,0
9344,0.00,0,0,0,0,0.00,0,0,0
9394,0.00,0,0,0,0,0.00,0,0,0
9444,0.00,0,0,0,0,0.00,0,0,0
9494,0.00,0,0,0,0,0.00,0,0,0
9544,0.00,0,0,0,0,0.00,0,0,0
9594,0.00,0,0,0,0,0.00,0,0,0
9644,0.00,0,0,0,0,0.00,0,0,0
9694,0.00,0,0,0,0,0.00,0,0,0
9744,0.00,0,0,0,0,0.00,0,0,0
9794,0.00,0,0,0,0,0.00,0,0,0
9844,0.00,0,0,0,0,0.00,0,0,0
9894,0.00,0,0,0,0,0.00,0,0,0
9944,0.00,0,0,0,0,0.00,0,0,0
9994,0.00,0,0,0,0,0.00,0,0,0
10044,0.00,0,0,0,0,0.00,0,0,0
10094,0.00,0,0,0,0,0.00,0,0,0
10144,0.00,0,0,0,0,0.00,0,0,0
10194,0.00,0,0,0,0,0.00,0,0,0
10244,inf,0,0,0,0,0.00,0,0,0
10294,inf,0,0,0,0,0.00,0,0,0
10344,503.54,0,0,0,0,0.00,0,0,0
10394,503.54,0,0,0,0,0.00,0,0,0
10444,612.22,0,0,0,0,0.00,0,0,0
10494,612.22,0,0,0,0,0.00,0,0,0
10544,1037.27,0,0,0,0,0.00,0,0,0
10594,1467.14,0,0,0,0,0.00,0,0,0
10644,1490.91,0,0,0,0,0.00,0,0,0
10694,1722.16,0,0,0,0,0.00,0,0,0
10744,1937.23,0,0,0,0,0.00,0,0,0
10795,2106.74,0,0,0,0,0.00,0,0,0
10845,2116.55,0,0,0,0,0.00,0,0,0
10895,2264.15,0,0,0,0,0.00,0,0,0
10945,2382.09,0,0,0,0,0.00,0,0,0
10995,2493.77,0,0,0,0,0.00,0,0,0
11045,2693.97,0,0,0,0,0.00,0,0,0
11095,2746.75,0,0,0,0,0.00,0,0,0
11145,2782.41,0,0,0,0,0.00,0,0,0
11195,2813.20,0,0,0,0,0.00,0,0,0
11245,2857.14,0,0,0,0,0.00,0,0,0
11295,2903.04,0,0,0,0,0.00,0,0,0
11345,2998.80,0,0,0,0,0.00,0,0,0
11395,3048.78,0,0,0,0,0.00,0,0,0
11445,3063.10,0,0,0,0,0.00,0,0,0
11495,3085.15,0,0,0,0,0.00,0,0,0
11545,3092.78,0,0,0,0,0.00,0,0,0
11595,3122.40,0,0,0,0,0.00,0,0,0
11645,3153.25,0,0,0,0,0.00,0,0,0
11695,3225.81,0,0,0,0,0.00,0,0,0
11745,3209.93,0,0,0,0,0.00,0,0,0
11795,3192.85,0,0,0,0,0.00,0,0,0
11845,3242.54,0,0,0,0,0.00,0,0,0
11895,3225.81,0,0,0,0,0.00,0,0,0
11945,3242.54,0,0,0,0,0.00,0,0,0
11995,3327.42,0,0,0,0,0.00,0,0,0
12045,3300.33,0,0,0,0,0.00,0,0,0
12095,3351.96,0,0,0,0,0.00,0,0,0
12145,3343.74,0,0,0,0,0.00,0,0,0
12195,3292.36,0,0,0,0,0.00,0,0,0
12246,3318.58,0,0,0,0,0.00,0,0,0
12296,3326.68,0,0,0,0,0.00,0,0,0
12346,3351.96,0,0,0,0,0.00,0,0,0
12396,3378.38,0,0,0,0,0.00,0,0,0
12446,3362.47,0,0,0,0,0.00,0,0,0
12496,3362.47,0,0,0,0,0.00,0,0,0
12546,3370.03,0,0,0,0,0.00,0,0,0
12596,3379.90,0,0,0,0,0.00,0,0,0
12646,3433.28,0,0,0,0,0.00,0,0,0
12696,3423.88,0,0,0,0,0.00,0,0,0
12746,3481.89,0,0,0,0,0.00,0,0,0
12796,3452.24,0,0,0,0,0.00,0,0,0
12846,3453.04,0,0,0,0,0.00,0,0,0
12896,3442.74,0,0,0,0,0.00,0,0,0
12946,3451.45,0,0,0,0,0.00,0,0,0
12996,3485.13,0,0,0,0,0.00,0,0,0
13046,3471.42,0,0,0,0,0.00,0,0,0
13096,3480.28,0,0,0,0,0.00,0,0,0
13146,3471.42,0,0,0,0,0.00,0,0,0
13196,3539.41,0,0,0,0,0.00,0,0,0
13246,3490.81,0,0,0,0,0.00,0,0,0
13296,3528.58,0,0,0,0,0.00,0,0,0
13346,3499.77,0,0,0,0,0.00,0,0,0
13396,3519.47,0,0,0,0,0.00,0,0,0
13446,3490.00,0,0,0,0,0.00,0,0,0
13496,3485.94,0,0,0,0,0.00,0,0,0
13546,3518.65,0,0,0,0,0.00,0,0,0
13596,3499.77,0,0,0,0,0.00,0,0,0
13646,3557.87,0,0,0,0,0.00,0,0,0
13696,3508.77,0,0,0,0,0.00,0,0,0
13746,3576.54,0,0,0,0,0.00,0,0,0
13796,3490.00,0,0,0,0,0.00,0,0,0
13846,3538.57,0,0,0,0,0.00,0,0,0
13896,3537.74,0,0,0,0,0.00,0,0,0
13946,3527.75,0,0,0,0,0.00,0,0,0
13996,3508.77,0,0,0,0,0.00,0,0,0
14046,3518.65,0,0,0,0,0.00,0,0,0
14096,3519.47,0,0,0,0,0.00,0,0,0
14146,3483.51,0,0,0,0,0.00,0,0,0
14196,3539.41,0,0,0,0,0.00,0,0,0
14246,3518.65,0,0,0,0,0.00,0,0,0
14296,3548.62,0,0,0,0,0.00,0,0,0
14346,3537.74,0,0,0,0,0.00,0,0,0
14396,3498.95,0,0,0,0,0.00,0,0,0
14446,3480.28,0,0,0,0,0.00,0,0,0
14496,3508.77,0,0,0,0,0.00,0,0,0
14546,3499.77,0,0,0,0,0.00,0,0,0
14596,3527.75,0,0,0,0,0.00,0,0,0
14646,3508.77,0,0,0,0,0.00,0,0,0
14696,3520.30,0,0,0,0,0.00,0,0,0
14746,3552.82,0,0,0,0,0.00,0,0,0
14796,3532.74,0,0,0,0,0.00,0,0,0
14846,3578.24,0,0,0,0,0.00,0,0,0
14896,3546.94,0,0,0,0,0.00,0,0,0
14946,3578.24,0,0,0,0,0.00,0,0,0
14996,3557.03,0,0,0,0,0.00,0,0,0
15046,3588.52,0,0,0,0,0.00,0,0,0
15096,3517.82,0,0,0,0,0.00,0,0,0
15147,3547.78,0,0,0,0,0.00,0,0,0
15197,3539.41,0,0,0,0,0.00,0,0,0
15247,3557.03,0,0,0,0,0.00,0,0,0
15297,3546.94,0,0,0,0,0.00,0,0,0
15347,3558.72,0,0,0,0,0.00,0,0,0
15397,3549.46,0,0,0,0,0.00,0,0,0
15447,3598.85,0,0,0,0,0.00,0,0,0
15497,3567.18,0,0,0,0,0.00,0,0,0
15547,3558.72,0,0,0,0,0.00,0,0,0
15597,3489.18,0,0,0,0,0.00,0,0,0
15647,3549.46,0,0,0,0,0.00,0,0,0
15697,3537.74,0,0,0,0,0.00,0,0,0
15747,3578.24,0,0,0,0,0.00,0,0,0
15797,3588.52,0,0,0,0,0.00,0,0,0
15847,3572.28,0,0,0,0,0.00,0,0,0
15897,3543.59,0,0,0,0,0.00,0,0,0
15947,3523.61,0,0,0,0,0.00,0,0,0
15997,3510.41,0,0,0,0,0.00,0,0,0
16047,3508.77,0,0,0,0,0.00,0,0,0
16097,3539.41,0,0,0,0,0.00,0,0,0
16147,3505.49,0,0,0,0,0.00,0,0,0
16197,3518.65,0,0,0,0,0.00,0,0,0
16247,3517.82,0,0,0,0,0.00,0,0,0
16297,3578.24,0,0,0,0,0.00,0,0,0
16347,3567.18,0,0,0,0,0.00,0,0,0
16397,3598.85,0,0,0,0,0.00,0,0,0
16447,3565.49,0,0,0,0,0.00,0,0,0
16497,3537.74,0,0,0,0,0.00,0,0,0
16547,3517.00,0,0,0,0,0.00,0,0,0
16598,3520.30,0,0,0,0,0.00,0,0,0
16648,3520.30,0,0,0,0,0.00,0,0,0
16698,3529.41,0,0,0,0,0.00,0,0,0
16748,3562.95,0,0,0,0,0.00,0,0,0
16798,3541.91,0,0,0,0,0.00,0,0,0
16848,3547.78,0,0,0,0,0.00,0,0,0
16898,3538.57,0,0,0,0,0.00,0,0,0
16948,3579.10,0,0,0,0,0.00,0,0,0
16998,3547.78,0,0,0,0,0.00,0,0,0
17048,3558.72,0,0,0,0,0.00,0,0,0
17098,3547.78,0,0,0,0,0.00,0,0,0
17148,3579.10,0,0,0,0,0.00,0,0,0
17198,3567.18,0,0,0,0,0.00,0,0,0
17248,3597.98,0,0,0,0,0.00,0,0,0
17298,3539.41,0,0,0,0,0.00,0,0,0
17348,3586.80,0,0,0,0,0.00,0,0,0
17398,3566.33,0,0,0,0,0.00,0,0,0
17448,3608.37,0,0,0,0,0.00,0,0,0
17498,3603.17,0,0,0,0,0.00,0,0,0
17548,3624.06,0,0,0,0,0.00,0,0,0
17598,3539.41,0,0,0,0,0.00,0,0,0
17648,3579.10,0,0,0,0,0.00,0,0,0
17698,3573.13,0,0,0,0,0.00,0,0,0
17748,3557.87,0,0,0,0,0.00,0,0,0
17798,3529.41,0,0,0,0,0.00,0,0,0
17848,3519.47,0,0,0,0,0.00,0,0,0
17898,3519.47,0,0,0,0,0.00,0,0,0
17948,3528.58,0,0,0,0,0.00,0,0,0
17998,3524.44,0,0,0,0,0.00,0,0,0
18048,3499.77,0,0,0,0,0.00,0,0,0
18098,3567.18,0,0,0,0,0.00,0,0,0
18148,3519.47,0,0,0,0,0.00,0,0,0
18198,3527.75,0,0,0,0,0.00,0,0,0
18248,3518.65,0,0,0,0,0.00,0,0,0
18298,3549.46,0,0,0,0,0.00,0,0,0
18348,3538.57,0,0,0,0,0.00,0,0,0
18398,3576.54,0,0,0,0,0.00,0,0,0
18448,3548.62,0,0,0,0,0.00,0,0,0
18498,3586.80,0,0,0,0,0.00,0,0,0
18548,3565.49,0,0,0,0,0.00,0,0,0
18598,3568.88,0,0,0,0,0.00,0,0,0
18648,3567.18,0,0,0,0,0.00,0,0,0
18698,3608.37,0,0,0,0,0.00,0,0,0
18748,3548.62,0,0,0,0,0.00,0,0,0
18798,3597.12,0,0,0,0,0.00,0,0,0
18848,3557.87,0,0,0,0,0.00,0,0,0
18898,3598.85,0,0,0,0,0.00,0,0,0
18948,3579.10,0,0,0,0,0.00,0,0,0
18998,3599.71,0,0,0,0,0.00,0,0,0
19048,3562.95,0,0,0,0,0.00,0,0,0
19098,3532.74,0,0,0,0,0.00,0,0,0
19148,3529.41,0,0,0,0,0.00,0,0,0
19198,3509.59,0,0,0,0,0.00,0,0,0
19248,3537.74,0,0,0,0,0.00,0,0,0
19298,3518.65,0,0,0,0,0.00,0,0,0
19348,3568.88,0,0,0,0,0.00,0,0,0
19398,3557.87,0,0,0,0,0.00,0,0,0
19448,3597.98,0,0,0,0,0.00,0,0,0
19499,3568.88,0,0,0,0,0.00,0,0,0
19549,3597.98,0,0,0,0,0.00,0,0,0
19599,3572.28,0,0,0,0,0.00,0,0,0
19649,3598.85,0,0,0,0,0.00,0,0,0
19699,3583.37,0,0,0,0,0.00,0,0,0
19749,3598.85,0,0,0,0,0.00,0,0,0
19799,3567.18,0,0,0,0,0.00,0,0,0
19849,3598.85,0,0,0,0,0.00,0,0,0
19899,3568.88,0,0,0,0,0.00,0,0,0
19949,3609.24,0,0,0,0,0.00,0,0,0
19999,3575.69,0,0,0,0,0.00,0,0,0
20049,3607.50,0,0,0,0,0.00,0,0,0
20099,3581.66,0,0,0,0,0.00,0,0,0
20149,3578.24,0,0,0,0,0.00,0,0,0
20199,3537.74,0,0,0,0,0.00,0,0,0
20249,3597.98,0,0,0,0,0.00,0,0,0
20299,3573.98,0,0,0,0,0.00,0,0,0
20349,3597.12,0,0,0,0,0.00,0,0,0
20399,3572.28,0,0,0,0,0.00,0,0,0
20449,3558.72,0,0,0,0,0.00,0,0,0
20499,3579.10,0,0,0,0,0.00,0,0,0
20549,3563.79,0,0,0,0,0.00,0,0,0
20599,3582.52,0,0,0,0,0.00,0,0,0
20649,3543.59,0,0,0,0,0.00,0,0,0
20699,3591.95,0,0,0,0,0.00,0,0,0
20749,3575.69,0,0,0,0,0.00,0,0,0
20799,3618.82,0,0,0,0,0.00,0,0,0
20849,3593.67,0,0,0,0,0.00,0,0,0
20899,3568.88,0,0,0,0,0.00,0,0,0
20950,3557.03,0,0,0,0,0.00,0,0,0
21000,3568.03,0,0,0,0,0.00,0,0,0
21050,3557.87,0,0,0,0,0.00,0,0,0
21100,3617.94,0,0,0,0,0.00,0,0,0
21150,3591.95,0,0,0,0,0.00,0,0,0
21200,3568.88,0,0,0,0,0.00,0,0,0
21250,3537.74,0,0,0,0,0.00,0,0,0
21300,3558.72,0,0,0,0,0.00,0,0,0
21350,3546.94,0,0,0,0,0.00,0,0,0
21400,3566.33,0,0,0,0,0.00,0,0,0
21450,3557.87,0,0,0,0,0.00,0,0,0
21500,3598.85,0,0,0,0,0.00,0,0,0
21550,3583.37,0,0,0,0,0.00,0,0,0
21600,3598.85,0,0,0,0,0.00,0,0,0
21650,3567.18,0,0,0,0,0.00,0,0,0
21700,3608.37,0,0,0,0,0.00,0,0,0
21750,3601.44,0,0,0,0,0.00,0,0,0
21800,3629.32,0,0,0,0,0.00,0,0,0
21850,3603.17,0,0,0,0,0.00,0,0,0
21900,3588.52,0,0,0,0,0.00,0,0,0
21950,3567.18,0,0,0,0,0.00,0,0,0
22000,3624.06,0,0,0,0,0.00,0,0,0
22050,3612.72,0,0,0,0,0.00,0,0,0
22100,3585.09,0,0,0,0,0.00,0,0,0
22150,3567.18,0,0,0,0,0.00,0,0,0
22200,3608.37,0,0,0,0,0.00,0,0,0
22250,3539.41,0,0,0,0,0.00,0,0,0
22300,3579.10,0,0,0,0,0.00,0,0,0
22350,3547.78,0,0,0,0,0.00,0,0,0
22400,3568.88,0,0,0,0,0.00,0,0,0
22450,3578.24,0,0,0,0,0.00,0,0,0
22500,3573.98,0,0,0,0,0.00,0,0,0
22550,3562.10,0,0,0,0,0.00,0,0,0
22600,3553.66,0,0,0,0,0.00,0,0,0
22650,3581.66,0,0,0,0,0.00,0,0,0
22700,3581.66,0,0,0,0,0.00,0,0,0
22750,3598.85,0,0,0,0,0.00,0,0,0
22800,3573.98,0,0,0,0,0.00,0,0,0
22850,3598.85,0,0,0,0,0.00,0,0,0
22900,3567.18,0,0,0,0,0.00,0,0,0
22950,3607.50,0,0,0,0,0.00,0,0,0
23000,3558.72,0,0,0,0,0.00,0,0,0
23050,3577.39,0,0,0,0,0.00,0,0,0
23100,3572.28,0,0,0,0,0.00,0,0,0
23150,3588.52,0,0,0,0,0.00,0,0,0
23200,3576.54,0,0,0,0,0.00,0,0,0
23250,3618.82,0,0,0,0,0.00,0,0,0
23300,3583.37,0,0,0,0,0.00,0,0,0
23350,3597.98,0,0,0,0,0.00,0,0,0
23400,3567.18,0,0,0,0,0.00,0,0,0
23450,3598.85,0,0,0,0,0.00,0,0,0
23500,3573.98,0,0,0,0,0.00,0,0,0
23550,3586.80,0,0,0,0,0.00,0,0,0
23600,3565.49,0,0,0,0,0.00,0,0,0
23650,3537.74,0,0,0,0,0.00,0,0,0
23700,3529.41,0,0,0,0,0.00,0,0,0
23750,3567.18,0,0,0,0,0.00,0,0,0
23800,3548.62,0,0,0,0,0.00,0,0,0
23851,3597.98,0,0,0,0,0.00,0,0,0
23901,3583.37,0,0,0,0,0.00,0,0,0
23951,3597.12,0,0,0,0,0.00,0,0,0
24001,3578.24,0,0,0,0,0.00,0,0,0
24051,3588.52,0,0,0,0,0.00,0,0,0
24101,3585.09,0,0,0,0,0.00,0,0,0
24151,3608.37,0,0,0,0,0.00,0,0,0
24201,3592.81,0,0,0,0,0.00,0,0,0
24251,3597.98,0,0,0,0,0.00,0,0,0
24301,3567.18,0,0,0,0,0.00,0,0,0
24351,3629.32,0,0,0,0,0.00,0,0,0
24401,3591.95,0,0,0,0,0.00,0,0,0
24451,3623.19,0,0,0,0,0.00,0,0,0
24501,3613.59,0,0,0,0,0.00,0,0,0
24551,3633.72,0,0,0,0,0.00,0,0,0
24601,3612.72,0,0,0,0,0.00,0,0,0
24651,3632.84,0,0,0,0,0.00,0,0,0
24701,3603.17,0,0,0,0,0.00,0,0,0
24751,3633.72,0,0,0,0,0.00,0,0,0
24801,3604.04,0,0,0,0,0.00,0,0,0
24851,3643.43,0,0,0,0,0.00,0,0,0
24901,3622.31,0,0,0,0,0.00,0,0,0
24951,3665.69,0,0,0,0,0.00,0,0,0
25001,3634.60,0,0,0,0,0.00,0,0,0
25051,3623.19,0,0,0,0,0.00,0,0,0
25101,3603.17,0,0,0,0,0.00,0,0,0
25151,3654.97,0,0,0,0,0.00,0,0,0
25201,3602.31,0,0,0,0,0.00,0,0,0
25251,3644.31,0,0,0,0,0.00,0,0,0
25302,3576.54,0,0,0,0,0.00,0,0,0
25352,3588.52,0,0,0,0,0.00,0,0,0
25402,3567.18,0,0,0,0,0.00,0,0,0
25452,3588.52,0,0,0,0,0.00,0,0,0
25502,3576.54,0,0,0,0,0.00,0,0,0
25552,3632.84,0,0,0,0,0.00,0,0,0
25602,3612.72,0,0,0,0,0.00,0,0,0
25652,3634.60,0,0,0,0,0.00,0,0,0
25702,3613.59,0,0,0,0,0.00,0,0,0
25752,3654.08,0,0,0,0,0.00,0,0,0
25802,3633.72,0,0,0,0,0.00,0,0,0
25852,3632.84,0,0,0,0,0.00,0,0,0
25902,3613.59,0,0,0,0,0.00,0,0,0
25952,3633.72,0,0,0,0,0.00,0,0,0
26002,3611.85,0,0,0,0,0.00,0,0,0
26052,3644.31,0,0,0,0,0.00,0,0,0
26102,3576.54,0,0,0,0,0.00,0,0,0
26152,3635.48,0,0,0,0,0.00,0,0,0
26202,3602.31,0,0,0,0,0.00,0,0,0
26252,3624.06,0,0,0,0,0.00,0,0,0
26302,3613.59,0,0,0,0,0.00,0,0,0
26352,3654.08,0,0,0,0,0.00,0,0,0
26402,3613.59,0,0,0,0,0.00,0,0,0
26452,3644.31,0,0,0,0,0.00,0,0,0
26502,3624.06,0,0,0,0,0.00,0,0,0
26552,3603.17,0,0,0,0,0.00,0,0,0
26602,3603.17,0,0,0,0,0.00,0,0,0
26652,3635.48,0,0,0,0,0.00,0,0,0
26702,3591.95,0,0,0,0,0.00,0,0,0
26752,3626.69,0,0,0,0,0.00,0,0,0
26802,3573.13,0,0,0,0,0.00,0,0,0
26852,3588.52,0,0,0,0,0.00,0,0,0
26902,3576.54,0,0,0,0,0.00,0,0,0
26952,3598.85,0,0,0,0,0.00,0,0,0
27002,3573.13,0,0,0,0,0.00,0,0,0
27052,3588.52,0,0,0,0,0.00,0,0,0
27102,3585.09,0,0,0,0,0.00,0,0,0
27152,3598.85,0,0,0,0,0.00,0,0,0
27202,3583.37,0,0,0,0,0.00,0,0,0
27252,3588.52,0,0,0,0,0.00,0,0,0
27302,3583.37,0,0,0,0,0.00,0,0,0
27352,3588.52,0,0,0,0,0.00,0,0,0
27402,3583.37,0,0,0,0,0.00,0,0,0
27452,3597.12,0,0,0,0,0.00,0,0,0
27502,3591.09,0,0,0,0,0.00,0,0,0
27552,3632.84,0,0,0,0,0.00,0,0,0
27602,3568.03,0,0,0,0,0.00,0,0,0
27652,3597.12,0,0,0,0,0.00,0,0,0
27702,3591.95,0,0,0,0,0.00,0,0,0
27752,3577.39,0,0,0,0,0.00,0,0,0
27802,3568.88,0,0,0,0,0.00,0,0,0
27852,3608.37,0,0,0,0,0.00,0,0,0
27902,3578.24,0,0,0,0,0.00,0,0,0
27952,3562.10,0,0,0,0,0.00,0,0,0
28002,3601.44,0,0,0,0,0.00,0,0,0
28052,3568.03,0,0,0,0,0.00,0,0,0
28102,3568.03,0,0,0,0,0.00,0,0,0
28152,3549.46,0,0,0,0,0.00,0,0,0
28203,3557.87,0,0,0,0,0.00,0,0,0
28253,3547.78,0,0,0,0,0.00,0,0,0
28303,3586.80,0,0,0,0,0.00,0,0,0
28353,3565.49,0,0,0,0,0.00,0,0,0
28403,3588.52,0,0,0,0,0.00,0,0,0
28453,3575.69,0,0,0,0,0.00,0,0,0
28503,3558.72,0,0,0,0,0.00,0,0,0
28553,3547.78,0,0,0,0,0.00,0,0,0
28603,3579.10,0,0,0,0,0.00,0,0,0
28653,3546.94,0,0,0,0,0.00,0,0,0
28703,3557.87,0,0,0,0,0.00,0,0,0
28753,3527.75,0,0,0,0,0.00,0,0,0
28803,3568.03,0,0,0,0,0.00,0,0,0
28853,3557.87,0,0,0,0,0.00,0,0,0
28903,3609.24,0,0,0,0,0.00,0,0,0
28953,3566.33,0,0,0,0,0.00,0,0,0
29003,3598.85,0,0,0,0,0.00,0,0,0
29053,3536.90,0,0,0,0,0.00,0,0,0
29103,3588.52,0,0,0,0,0.00,0,0,0
29153,3572.28,0,0,0,0,0.00,0,0,0
29203,3578.24,0,0,0,0,0.00,0,0,0
29253,3547.78,0,0,0,0,0.00,0,0,0
29303,3537.74,0,0,0,0,0.00,0,0,0
29353,3573.98,0,0,0,0,0.00,0,0,0
29403,3562.10,0,0,0,0,0.00,0,0,0
29453,3557.87,0,0,0,0,0.00,0,0,0
29503,3527.75,0,0,0,0,0.00,0,0,0
29553,3537.74,0,0,0,0,0.00,0,0,0
29603,3508.77,0,0,0,0,0.00,0,0,0
29654,3499.77,0,0,0,0,0.00,0,0,0
29704,3490.00,0,0,0,0,0.00,0,0,0
29754,3527.75,0,0,0,0,0.00,0,0,0
29804,3518.65,0,0,0,0,0.00,0,0,0
29854,3557.03,0,0,0,0,0.00,0,0,0
29904,3518.65,0,0,0,0,0.00,0,0,0
29954,3568.88,0,0,0,0,0.00,0,0,0
30004,3537.74,0,0,0,0,0.00,0,0,0
30054,3546.94,0,0,0,0,0.00,0,0,0
30104,3549.46,0,0,0,0,0.00,0,0,0
30154,3548.62,0,0,0,0,0.00,0,0,0
30204,3544.42,0,0,0,0,0.00,0,0,0
30254,3528.58,0,0,0,0,0.00,0,0,0
30304,3567.18,0,0,0,0,0.00,0,0,0
30354,3547.78,0,0,0,0,0.00,0,0,0
30404,3588.52,0,0,0,0,0.00,0,0,0
30454,3568.88,0,0,0,0,0.00,0,0,0
30504,3597.98,0,0,0,0,0.00,0,0,0
30554,3537.74,0,0,0,0,0.00,0,0,0
30604,3598.85,0,0,0,0,0.00,0,0,0
30654,3527.75,0,0,0,0,0.00,0,0,0
30704,3557.87,0,0,0,0,0.00,0,0,0
30754,3539.41,0,0,0,0,0.00,0,0,0
30804,3586.80,0,0,0,0,0.00,0,0,0
30854,3529.41,0,0,0,0,0.00,0,0,0
30904,3587.66,0,0,0,0,0.00,0,0,0
30954,3548.62,0,0,0,0,0.00,0,0,0
31004,3577.39,0,0,0,0,0.00,0,0,0
31054,3558.72,0,0,0,0,0.00,0,0,0
31104,3567.18,0,0,0,0,0.00,0,0,0
31154,3548.62,0,0,0,0,0.00,0,0,0
31204,3597.98,0,0,0,0,0.00,0,0,0
31254,3580.81,0,0,0,0,0.00,0,0,0
31304,3597.12,0,0,0,0,0.00,0,0,0
31354,3590.23,0,0,0,0,0.00,0,0,0
31404,3603.17,0,0,0,0,0.00,0,0,0
31454,3583.37,0,0,0,0,0.00,0,0,0
31504,3572.28,0,0,0,0,0.00,0,0,0
31554,3602.31,0,0,0,0,0.00,0,0,0
31604,3563.79,0,0,0,0,0.00,0,0,0
31654,3604.04,0,0,0,0,0.00,0,0,0
31704,3573.13,0,0,0,0,0.00,0,0,0
31754,3568.88,0,0,0,0,0.00,0,0,0
31804,3557.03,0,0,0,0,0.00,0,0,0
31854,3609.24,0,0,0,0,0.00,0,0,0
31904,3538.57,0,0,0,0,0.00,0,0,0
31954,3578.24,0,0,0,0,0.00,0,0,0
32004,3568.03,0,0,0,0,0.00,0,0,0
32054,3597.12,0,0,0,0,0.00,0,0,0
32104,3575.69,0,0,0,0,0.00,0,0,0
32154,3608.37,0,0,0,0,0.00,0,0,0
32204,3585.09,0,0,0,0,0.00,0,0,0
32254,3598.85,0,0,0,0,0.00,0,0,0
32304,3583.37,0,0,0,0,0.00,0,0,0
32354,3578.24,0,0,0,0,0.00,0,0,0
32404,3557.03,0,0,0,0,0.00,0,0,0
32454,3617.94,0,0,0,0,0.00,0,0,0
32504,3591.95,0,0,0,0,0.00,0,0,0
32555,3597.98,0,0,0,0,0.00,0,0,0
32605,3583.37,0,0,0,0,0.00,0,0,0
32655,3586.80,0,0,0,0,0.00,0,0,0
32705,3537.74,0,0,0,0,0.00,0,0,0
32755,3588.52,0,0,0,0,0.00,0,0,0
32805,3568.03,0,0,0,0,0.00,0,0,0
32855,3608.37,0,0,0,0,0.00,0,0,0
32905,3591.95,0,0,0,0,0.00,0,0,0
32955,3607.50,0,0,0,0,0.00,0,0,0
33005,3582.52,0,0,0,0,0.00,0,0,0
33055,3623.19,0,0,0,0,0.00,0,0,0
33105,3574.83,0,0,0,0,0.00,0,0,0
33155,3623.19,0,0,0,0,0.00,0,0,0
33205,3591.09,0,0,0,0,0.00,0,0,0
33255,3644.31,0,0,0,0,0.00,0,0,0
33305,3592.81,0,0,0,0,0.00,0,0,0
33355,3607.50,0,0,0,0,0.00,0,0,0
33405,3592.81,0,0,0,0,0.00,0,0,0
33455,3635.48,0,0,0,0,0.00,0,0,0
33505,3613.59,0,0,0,0,0.00,0,0,0
33555,3635.48,0,0,0,0,0.00,0,0,0
33605,3633.72,0,0,0,0,0.00,0,0,0
33655,3592.81,0,0,0,0,0.00,0,0,0
33705,3557.03,0,0,0,0,0.00,0,0,0
33755,3588.52,0,0,0,0,0.00,0,0,0
33805,3582.52,0,0,0,0,0.00,0,0,0
33855,3618.82,0,0,0,0,0.00,0,0,0
33905,3592.81,0,0,0,0,0.00,0,0,0
33955,3576.54,0,0,0,0,0.00,0,0,0
34006,3557.87,0,0,0,0,0.00,0,0,0
34056,3609.24,0,0,0,0,0.00,0,0,0
34106,3584.23,0,0,0,0,0.00,0,0,0
34156,3598.85,0,0,0,0,0.00,0,0,0
34206,3585.09,0,0,0,0,0.00,0,0,0
34256,3616.20,0,0,0,0,0.00,0,0,0
34306,3593.67,0,0,0,0,0.00,0,0,0
34356,3618.82,0,0,0,0,0.00,0,0,0
34406,3604.04,0,0,0,0,0.00,0,0,0
34456,3618.82,0,0,0,0,0.00,0,0,0
34506,3601.44,0,0,0,0,0.00,0,0,0
34556,3597.12,0,0,0,0,0.00,0,0,0
34606,3591.95,0,0,0,0,0.00,0,0,0
34656,3609.24,0,0,0,0,0.00,0,0,0
34706,3599.71,0,0,0,0,0.00,0,0,0
34756,3626.69,0,0,0,0,0.00,0,0,0
34806,3592.81,0,0,0,0,0.00,0,0,0
34856,3650.52,0,0,0,0,0.00,0,0,0
34906,3613.59,0,0,0,0,0.00,0,0,0
34956,3654.08,0,0,0,0,0.00,0,0,0
35006,3633.72,0,0,0,0,0.00,0,0,0
35056,3588.52,0,0,0,0,0.00,0,0,0
35106,3573.13,0,0,0,0,0.00,0,0,0
35156,3597.12,0,0,0,0,0.00,0,0,0
35206,3591.95,0,0,0,0,0.00,0,0,0
35256,3617.94,0,0,0,0,0.00,0,0,0
35306,3603.17,0,0,0,0,0.00,0,0,0
35356,3598.85,0,0,0,0,0.00,0,0,0
35406,3583.37,0,0,0,0,0.00,0,0,0
35456,3597.98,0,0,0,0,0.00,0,0,0
35506,3579.95,0,0,0,0,0.00,0,0,0
35556,3548.62,0,0,0,0,0.00,0,0,0
35606,3578.24,0,0,0,0,0.00,0,0,0
35656,3572.28,0,0,0,0,0.00,0,0,0
35706,3612.72,0,0,0,0,0.00,0,0,0
35756,3591.95,0,0,0,0,0.00,0,0,0
35806,3603.17,0,0,0,0,0.00,0,0,0
35856,3585.09,0,0,0,0,0.00,0,0,0
35906,3609.24,0,0,0,0,0.00,0,0,0
35956,3558.72,0,0,0,0,0.00,0,0,0
36006,3609.24,0,0,0,0,0.00,0,0,0
36056,3573.13,0,0,0,0,0.00,0,0,0
36106,3558.72,0,0,0,0,0.00,0,0,0
36156,3547.78,0,0,0,0,0.00,0,0,0
36206,3598.85,0,0,0,0,0.00,0,0,0
36256,3547.78,0,0,0,0,0.00,0,0,0
36306,3558.72,0,0,0,0,0.00,0,0,0
36356,3537.74,0,0,0,0,0.00,0,0,0
36406,3577.39,0,0,0,0,0.00,0,0,0
36456,3548.62,0,0,0,0,0.00,0,0,0
36506,3589.38,0,0,0,0,0.00,0,0,0
36556,3580.81,0,0,0,0,0.00,0,0,0
36606,3586.80,0,0,0,0,0.00,0,0,0
36656,3538.57,0,0,0,0,0.00,0,0,0
36706,3553.66,0,0,0,0,0.00,0,0,0
36756,3548.62,0,0,0,0,0.00,0,0,0
36806,3597.12,0,0,0,0,0.00,0,0,0
36856,3589.38,0,0,0,0,0.00,0,0,0
36907,3624.06,0,0,0,0,0.00,0,0,0
36957,3593.67,0,0,0,0,0.00,0,0,0
37007,3576.54,0,0,0,0,0.00,0,0,0
37057,3546.94,0,0,0,0,0.00,0,0,0
37107,3537.74,0,0,0,0,0.00,0,0,0
37157,3568.03,0,0,0,0,0.00,0,0,0
37207,3568.88,0,0,0,0,0.00,0,0,0
37257,3547.78,0,0,0,0,0.00,0,0,0
37307,3539.41,0,0,0,0,0.00,0,0,0
37357,3557.87,0,0,0,0,0.00,0,0,0
37407,3543.59,0,0,0,0,0.00,0,0,0
37457,3548.62,0,0,0,0,0.00,0,0,0
37507,3528.58,0,0,0,0,0.00,0,0,0
37557,3577.39,0,0,0,0,0.00,0,0,0
37607,3548.62,0,0,0,0,0.00,0,0,0
37657,3586.80,0,0,0,0,0.00,0,0,0
37707,3558.72,0,0,0,0,0.00,0,0,0
37757,3538.57,0,0,0,0,0.00,0,0,0
37807,3529.41,0,0,0,0,0.00,0,0,0
37857,3558.72,0,0,0,0,0.00,0,0,0
37907,3547.78,0,0,0,0,0.00,0,0,0
37957,3579.10,0,0,0,0,0.00,0,0,0
38007,3573.13,0,0,0,0,0.00,0,0,0
38057,3577.39,0,0,0,0,0.00,0,0,0
38107,3558.72,0,0,0,0,0.00,0,0,0
38157,3558.72,0,0,0,0,0.00,0,0,0
38207,3537.74,0,0,0,0,0.00,0,0,0
38257,3567.18,0,0,0,0,0.00,0,0,0
38307,3558.72,0,0,0,0,0.00,0,0,0
38358,3557.87,0,0,0,0,0.00,0,0,0
38408,3547.78,0,0,0,0,0.00,0,0,0
38458,3549.46,0,0,0,0,0.00,0,0,0
38508,3539.41,0,0,0,0,0.00,0,0,0
38558,3524.44,0,0,0,0,0.00,0,0,0
38608,3576.54,0,0,0,0,0.00,0,0,0
38658,3573.98,0,0,0,0,0.00,0,0,0
38708,3587.66,0,0,0,0,0.00,0,0,0
38758,3583.37,0,0,0,0,0.00,0,0,0
38808,3548.62,0,0,0,0,0.00,0,0,0
38858,3538.57,0,0,0,0,0.00,0,0,0
38908,3557.87,0,0,0,0,0.00,0,0,0
38958,3537.74,0,0,0,0,0.00,0,0,0
39008,3568.88,0,0,0,0,0.00,0,0,0
39058,3557.03,0,0,0,0,0.00,0,0,0
39108,3568.03,0,0,0,0,0.00,0,0,0
39158,3547.78,0,0,0,0,0.00,0,0,0
39208,3588.52,0,0,0,0,0.00,0,0,0
39258,3591.09,0,0,0,0,0.00,0,0,0
39308,3578.24,0,0,0,0,0.00,0,0,0
39358,3577.39,0,0,0,0,0.00,0,0,0
39408,3577.39,0,0,0,0,0.00,0,0,0
39458,3558.72,0,0,0,0,0.00,0,0,0
39508,3608.37,0,0,0,0,0.00,0,0,0
39558,3547.78,0,0,0,0,0.00,0,0,0
39608,3558.72,0,0,0,0,0.00,0,0,0
39658,3547.78,0,0,0,0,0.00,0,0,0
39708,3568.88,0,0,0,0,0.00,0,0,0
39758,3547.78,0,0,0,0,0.00,0,0,0
39808,3547.78,0,0,0,0,0.00,0,0,0
39858,3583.37,0,0,0,0,0.00,0,0,0
39908,3572.28,0,0,0,0,0.00,0,0,0
39958,3621.44,0,0,0,0,0.00,0,0,0
40008,3591.95,0,0,0,0,0.00,0,0,0
40058,3598.85,0,0,0,0,0.00,0,0,0
40108,3583.37,0,0,0,0,0.00,0,0,0
40158,3568.03,0,0,0,0,0.00,0,0,0
40208,3577.39,0,0,0,0,0.00,0,0,0
40258,3608.37,0,0,0,0,0.00,0,0,0
40308,3588.52,0,0,0,0,0.00,0,0,0
40358,3747.19,0,0,0,0,0.00,0,0,0
40408,3591.95,0,0,0,0,0.00,0,0,0
40458,3597.98,0,0,0,0,0.00,0,0,0
40508,3565.49,0,0,0,0,0.00,0,0,0
40558,3598.85,0,0,0,0,0.00,0,0,0
40608,3573.98,0,0,0,0,0.00,0,0,0
40658,3608.37,0,0,0,0,0.00,0,0,0
40708,3593.67,0,0,0,0,0.00,0,0,0
40758,3576.54,0,0,0,0,0.00,0,0,0
40808,3558.72,0,0,0,0,0.00,0,0,0
40858,3587.66,0,0,0,0,0.00,0,0,0
40908,3529.41,0,0,0,0,0.00,0,0,0
40958,3587.66,0,0,0,0,0.00,0,0,0
41008,3568.88,0,0,0,0,0.00,0,0,0
41058,3598.85,0,0,0,0,0.00,0,0,0
41108,3572.28,0,0,0,0,0.00,0,0,0
41158,3653.19,0,0,0,0,0.00,0,0,0
41208,3558.72,0,0,0,0,0.00,0,0,0
41259,3568.88,0,0,0,0,0.00,0,0,0
41309,3568.88,0,0,0,0,0.00,0,0,0
41359,3547.78,0,0,0,0,0.00,0,0,0
41409,3558.72,0,0,0,0,0.00,0,0,0
41459,3597.98,0,0,0,0,0.00,0,0,0
41509,3548.62,0,0,0,0,0.00,0,0,0
41559,3595.40,0,0,0,0,0.00,0,0,0
41609,3558.72,0,0,0,0,0.00,0,0,0
41659,3498.95,0,0,0,0,0.00,0,0,0
41709,3542.75,0,0,0,0,0.00,0,0,0
41759,3509.59,0,0,0,0,0.00,0,0,0
41809,3557.03,0,0,0,0,0.00,0,0,0
41859,3538.57,0,0,0,0,0.00,0,0,0
41909,3588.52,0,0,0,0,0.00,0,0,0
41959,3557.87,0,0,0,0,0.00,0,0,0
42009,3587.66,0,0,0,0,0.00,0,0,0
42059,3529.41,0,0,0,0,0.00,0,0,0
42109,3548.62,0,0,0,0,0.00,0,0,0
42159,3530.24,0,0,0,0,0.00,0,0,0
42209,3567.18,0,0,0,0,0.00,0,0,0
42259,3528.58,0,0,0,0,0.00,0,0,0
42309,3568.88,0,0,0,0,0.00,0,0,0
42359,3546.10,0,0,0,0,0.00,0,0,0
42409,3577.39,0,0,0,0,0.00,0,0,0
42459,3539.41,0,0,0,0,0.00,0,0,0
42509,3567.18,0,0,0,0,0.00,0,0,0
42559,3527.75,0,0,0,0,0.00,0,0,0
42609,3514.53,0,0,0,0,0.00,0,0,0
42659,3552.82,0,0,0,0,0.00,0,0,0
42710,3527.75,0,0,0,0,0.00,0,0,0
42760,3547.78,0,0,0,0,0.00,0,0,0
42810,3538.57,0,0,0,0,0.00,0,0,0
42860,3567.18,0,0,0,0,0.00,0,0,0
42910,3519.47,0,0,0,0,0.00,0,0,0
42960,3568.88,0,0,0,0,0.00,0,0,0
43010,3547.78,0,0,0,0,0.00,0,0,0
43060,3578.24,0,0,0,0,0.00,0,0,0
43110,3546.94,0,0,0,0,0.00,0,0,0
43160,3573.98,0,0,0,0,0.00,0,0,0
43210,3567.18,0,0,0,0,0.00,0,0,0
43260,3579.10,0,0,0,0,0.00,0,0,0
43310,3565.49,0,0,0,0,0.00,0,0,0
43360,3577.39,0,0,0,0,0.00,0,0,0
43410,3582.52,0,0,0,0,0.00,0,0,0
43460,3598.85,0,0,0,0,0.00,0,0,0
43510,3592.81,0,0,0,0,0.00,0,0,0
43560,3581.66,0,0,0,0,0.00,0,0,0
43610,3576.54,0,0,0,0,0.00,0,0,0
43660,3588.52,0,0,0,0,0.00,0,0,0
43710,3563.79,0,0,0,0,0.00,0,0,0
43760,3557.87,0,0,0,0,0.00,0,0,0
43810,3558.72,0,0,0,0,0.00,0,0,0
43860,3558.72,0,0,0,0,0.00,0,0,0
43910,3583.37,0,0,0,0,0.00,0,0,0
43960,3572.28,0,0,0,0,0.00,0,0,0
44010,3573.13,0,0,0,0,0.00,0,0,0
44060,3558.72,0,0,0,0,0.00,0,0,0
44110,3597.12,0,0,0,0,0.00,0,0,0
44160,3581.66,0,0,0,0,0.00,0,0,0
44210,3605.77,0,0,0,0,0.00,0,0,0
44260,3577.39,0,0,0,0,0.00,0,0,0
44310,3578.24,0,0,0,0,0.00,0,0,0
44360,3558.72,0,0,0,0,0.00,0,0,0
44410,3592.81,0,0,0,0,0.00,0,0,0
44460,3518.65,0,0,0,0,0.00,0,0,0
44510,3568.03,0,0,0,0,0.00,0,0,0
44560,3548.62,0,0,0,0,0.00,0,0,0
44610,3578.24,0,0,0,0,0.00,0,0,0
44660,3547.78,0,0,0,0,0.00,0,0,0
44710,3547.78,0,0,0,0,0.00,0,0,0
44760,3539.41,0,0,0,0,0.00,0,0,0
44810,3567.18,0,0,0,0,0.00,0,0,0
44860,3548.62,0,0,0,0,0.00,0,0,0
44910,3577.39,0,0,0,0,0.00,0,0,0
44960,3558.72,0,0,0,0,0.00,0,0,0
45010,3589.38,0,0,0,0,0.00,0,0,0
45060,3538.57,0,0,0,0,0.00,0,0,0
45110,3588.52,0,0,0,0,0.00,0,0,0
45160,3598.85,0,0,0,0,0.00,0,0,0
45210,3562.10,0,0,0,0,0.00,0,0,0
45260,3593.67,0,0,0,0,0.00,0,0,0
45310,3583.37,0,0,0,0,0.00,0,0,0
45360,3592.81,0,0,0,0,0.00,0,0,0
45410,3576.54,0,0,0,0,0.00,0,0,0
45460,3597.12,0,0,0,0,0.00,0,0,0
45510,3548.62,0,0,0,0,0.00,0,0,0
45560,3598.85,0,0,0,0,0.00,0,0,0
45611,3557.03,0,0,0,0,0.00,0,0,0
45661,3598.85,0,0,0,0,0.00,0,0,0
45711,3573.13,0,0,0,0,0.00,0,0,0
45761,3588.52,0,0,0,0,0.00,0,0,0
45811,3576.54,0,0,0,0,0.00,0,0,0
45861,3607.50,0,0,0,0,0.00,0,0,0
45911,3581.66,0,0,0,0,0.00,0,0,0
45961,3588.52,0,0,0,0,0.00,0,0,0
46011,3557.03,0,0,0,0,0.00,0,0,0
46061,3597.12,0,0,0,0,0.00,0,0,0
46111,3584.23,0,0,0,0,0.00,0,0,0
46161,3586.80,0,0,0,0,0.00,0,0,0
46211,3558.72,0,0,0,0,0.00,0,0,0
46261,3568.03,0,0,0,0,0.00,0,0,0
46311,3558.72,0,0,0,0,0.00,0,0,0
46361,3579.10,0,0,0,0,0.00,0,0,0
46411,3547.78,0,0,0,0,0.00,0,0,0
46461,3537.74,0,0,0,0,0.00,0,0,0
46511,3529.41,0,0,0,0,0.00,0,0,0
46561,3559.56,0,0,0,0,0.00,0,0,0
46611,3557.03,0,0,0,0,0.00,0,0,0
46661,3598.85,0,0,0,0,0.00,0,0,0
46711,3528.58,0,0,0,0,0.00,0,0,0
46761,3588.52,0,0,0,0,0.00,0,0,0
46811,3579.10,0,0,0,0,0.00,0,0,0
46861,3503.85,0,0,0,0,0.00,0,0,0
46911,3567.18,0,0,0,0,0.00,0,0,0
46961,3558.72,0,0,0,0,0.00,0,0,0
47011,3587.66,0,0,0,0,0.00,0,0,0
47062,3568.88,0,0,0,0,0.00,0,0,0
47112,3557.87,0,0,0,0,0.00,0,0,0
47162,3528.58,0,0,0,0,0.00,0,0,0
47212,3568.03,0,0,0,0,0.00,0,0,0
47262,3530.24,0,0,0,0,0.00,0,0,0
47312,3568.88,0,0,0,0,0.00,0,0,0
47362,3537.74,0,0,0,0,0.00,0,0,0
47412,3579.10,0,0,0,0,0.00,0,0,0
47462,3582.52,0,0,0,0,0.00,0,0,0
47512,3597.98,0,0,0,0,0.00,0,0,0
47562,3527.75,0,0,0,0,0.00,0,0,0
47612,3606.64,0,0,0,0,0.00,0,0,0
47662,3568.88,0,0,0,0,0.00,0,0,0
47712,3588.52,0,0,0,0,0.00,0,0,0
47762,3567.18,0,0,0,0,0.00,0,0,0
47812,3588.52,0,0,0,0,0.00,0,0,0
47862,3546.94,0,0,0,0,0.00,0,0,0
47912,3579.10,0,0,0,0,0.00,0,0,0
47962,3573.98,0,0,0,0,0.00,0,0,0
48012,3571.43,0,0,0,0,0.00,0,0,0
48062,3591.95,0,0,0,0,0.00,0,0,0
48112,3572.28,0,0,0,0,0.00,0,0,0
48162,3583.37,0,0,0,0,0.00,0,0,0
48212,3562.10,0,0,0,0,0.00,0,0,0
48262,3591.95,0,0,0,0,0.00,0,0,0
48312,3576.54,0,0,0,0,0.00,0,0,0
48362,3608.37,0,0,0,0,0.00,0,0,0
48412,3579.10,0,0,0,0,0.00,0,0,0
48462,3626.69,0,0,0,0,0.00,0,0,0
48512,3612.72,0,0,0,0,0.00,0,0,0
48562,3644.31,0,0,0,0,0.00,0,0,0
48612,3631.96,0,0,0,0,0.00,0,0,0
48662,3624.06,0,0,0,0,0.00,0,0,0
48712,3593.67,0,0,0,0,0.00,0,0,0
48762,3624.06,0,0,0,0,0.00,0,0,0
48812,3572.28,0,0,0,0,0.00,0,0,0
48862,3633.72,0,0,0,0,0.00,0,0,0
48912,3612.72,0,0,0,0,0.00,0,0,0
48962,3608.37,0,0,0,0,0.00,0,0,0
49012,3603.17,0,0,0,0,0.00,0,0,0
49062,3592.81,0,0,0,0,0.00,0,0,0
49112,3574.83,0,0,0,0,0.00,0,0,0
49162,3629.32,0,0,0,0,0.00,0,0,0
49212,3613.59,0,0,0,0,0.00,0,0,0
49262,3613.59,0,0,0,0,0.00,0,0,0
49312,3585.09,0,0,0,0,0.00,0,0,0
49362,3609.24,0,0,0,0,0.00,0,0,0
49412,3567.18,0,0,0,0,0.00,0,0,0
49462,3627.57,0,0,0,0,0.00,0,0,0
49512,3546.94,0,0,0,0,0.00,0,0,0
49562,3609.24,0,0,0,0,0.00,0,0,0
49612,3603.17,0,0,0,0,0.00,0,0,0
49662,3644.31,0,0,0,0,0.00,0,0,0
49712,3623.19,0,0,0,0,0.00,0,0,0
49762,3624.06,0,0,0,0,0.00,0,0,0
49812,3593.67,0,0,0,0,0.00,0,0,0
49862,3635.48,0,0,0,0,0.00,0,0,0
49912,3591.95,0,0,0,0,0.00,0,0,0
49963,3586.80,0,0,0,0,0.00,0,0,0
50013,3573.98,0,0,0,0,0.00,0,0,0
50063,3618.82,0,0,0,0,0.00,0,0,0
50113,3549.46,0,0,0,0,0.00,0,0,0
50163,3579.10,0,0,0,0,0.00,0,0,0
50213,3568.03,0,0,0,0,0.00,0,0,0
50263,3608.37,0,0,0,0,0.00,0,0,0
50313,3593.67,0,0,0,0,0.00,0,0,0
50363,3618.82,0,0,0,0,0.00,0,0,0
50413,3592.81,0,0,0,0,0.00,0,0,0
50463,3627.57,0,0,0,0,0.00,0,0,0
50513,3592.81,0,0,0,0,0.00,0,0,0
50563,3608.37,0,0,0,0,0.00,0,0,0
50613,3565.49,0,0,0,0,0.00,0,0,0
50663,3567.18,0,0,0,0,0.00,0,0,0
50713,3558.72,0,0,0,0,0.00,0,0,0
50763,3608.37,0,0,0,0,0.00,0,0,0
50813,3576.54,0,0,0,0,0.00,0,0,0
50863,3597.12,0,0,0,0,0.00,0,0,0
50913,3547.78,0,0,0,0,0.00,0,0,0
50963,3577.39,0,0,0,0,0.00,0,0,0
51013,3568.03,0,0,0,0,0.00,0,0,0
51063,3568.88,0,0,0,0,0.00,0,0,0
51113,3573.13,0,0,0,0,0.00,0,0,0
51163,3597.12,0,0,0,0,0.00,0,0,0
51213,3576.54,0,0,0,0,0.00,0,0,0
51263,3609.24,0,0,0,0,0.00,0,0,0
51313,3576.54,0,0,0,0,0.00,0,0,0
51363,3616.20,0,0,0,0,0.00,0,0,0
51414,3624.06,0,0,0,0,0.00,0,0,0
51464,3624.06,0,0,0,0,0.00,0,0,0
51514,3572.28,0,0,0,0,0.00,0,0,0
51564,3597.12,0,0,0,0,0.00,0,0,0
51614,3559.56,0,0,0,0,0.00,0,0,0
51664,3609.24,0,0,0,0,0.00,0,0,0
51714,3593.67,0,0,0,0,0.00,0,0,0
51764,3588.52,0,0,0,0,0.00,0,0,0
51814,3591.09,0,0,0,0,0.00,0,0,0
51864,3624.06,0,0,0,0,0.00,0,0,0
51914,3613.59,0,0,0,0,0.00,0,0,0
51964,3654.08,0,0,0,0,0.00,0,0,0
52014,3591.09,0,0,0,0,0.00,0,0,0
52064,3624.06,0,0,0,0,0.00,0,0,0
52114,3612.72,0,0,0,0,0.00,0,0,0
52164,3644.31,0,0,0,0,0.00,0,0,0
52214,3624.06,0,0,0,0,0.00,0,0,0
52264,3613.59,0,0,0,0,0.00,0,0,0
52314,3602.31,0,0,0,0,0.00,0,0,0
52364,3568.88,0,0,0,0,0.00,0,0,0
52414,3567.18,0,0,0,0,0.00,0,0,0
52464,3578.24,0,0,0,0,0.00,0,0,0
52514,3547.78,0,0,0,0,0.00,0,0,0
52564,3598.85,0,0,0,0,0.00,0,0,0
52614,3587.66,0,0,0,0,0.00,0,0,0
52664,3573.98,0,0,0,0,0.00,0,0,0
52714,3613.59,0,0,0,0,0.00,0,0,0
52764,3542.75,0,0,0,0,0.00,0,0,0
52814,3601.44,0,0,0,0,0.00,0,0,0
52864,3558.72,0,0,0,0,0.00,0,0,0
52914,3557.87,0,0,0,0,0.00,0,0,0
52964,3558.72,0,0,0,0,0.00,0,0,0
53014,3588.52,0,0,0,0,0.00,0,0,0
53064,3572.28,0,0,0,0,0.00,0,0,0
53114,3607.50,0,0,0,0,0.00,0,0,0
53164,3591.95,0,0,0,0,0.00,0,0,0
53214,3623.19,0,0,0,0,0.00,0,0,0
53264,3582.52,0,0,0,0,0.00,0,0,0
53314,3567.18,0,0,0,0,0.00,0,0,0
53364,3568.88,0,0,0,0,0.00,0,0,0
53414,3609.24,0,0,0,0,0.00,0,0,0
53464,3557.03,0,0,0,0,0.00,0,0,0
53514,3579.10,0,0,0,0,0.00,0,0,0
53564,3557.03,0,0,0,0,0.00,0,0,0
53614,3597.12,0,0,0,0,0.00,0,0,0
53664,3568.88,0,0,0,0,0.00,0,0,0
53714,3579.10,0,0,0,0,0.00,0,0,0
53764,3557.03,0,0,0,0,0.00,0,0,0
53814,3588.52,0,0,0,0,0.00,0,0,0
53864,3585.09,0,0,0,0,0.00,0,0,0
53914,3597.98,0,0,0,0,0.00,0,0,0
53964,3549.46,0,0,0,0,0.00,0,0,0
54014,3588.52,0,0,0,0,0.00,0,0,0
54064,3548.62,0,0,0,0,0.00,0,0,0
54114,3567.18,0,0,0,0,0.00,0,0,0
54164,3548.62,0,0,0,0,0.00,0,0,0
54214,3598.85,0,0,0,0,0.00,0,0,0
54264,3584.23,0,0,0,0,0.00,0,0,0
54315,3626.69,0,0,0,0,0.00,0,0,0
54365,3603.17,0,0,0,0,0.00,0,0,0
54415,3635.48,0,0,0,0,0.00,0,0,0
54465,3612.72,0,0,0,0,0.00,0,0,0
54515,3607.50,0,0,0,0,0.00,0,0,0
54565,3578.24,0,0,0,0,0.00,0,0,0
54615,3608.37,0,0,0,0,0.00,0,0,0
54665,3592.81,0,0,0,0,0.00,0,0,0
54715,3597.98,0,0,0,0,0.00,0,0,0
54765,3583.37,0,0,0,0,0.00,0,0,0
54815,3624.94,0,0,0,0,0.00,0,0,0
54865,3549.46,0,0,0,0,0.00,0,0,0
54915,3558.72,0,0,0,0,0.00,0,0,0
54965,3568.03,0,0,0,0,0.00,0,0,0
55015,3547.78,0,0,0,0,0.00,0,0,0
55065,3558.72,0,0,0,0,0.00,0,0,0
55115,3557.87,0,0,0,0,0.00,0,0,0
55165,3548.62,0,0,0,0,0.00,0,0,0
55215,3537.74,0,0,0,0,0.00,0,0,0
55265,3577.39,0,0,0,0,0.00,0,0,0
55315,3549.46,0,0,0,0,0.00,0,0,0
55365,3537.74,0,0,0,0,0.00,0,0,0
55415,3537.74,0,0,0,0,0.00,0,0,0
55465,3568.88,0,0,0,0,0.00,0,0,0
55515,3537.74,0,0,0,0,0.00,0,0,0
55565,3568.88,0,0,0,0,0.00,0,0,0
55615,3557.03,0,0,0,0,0.00,0,0,0
55665,3587.66,0,0,0,0,0.00,0,0,0
55715,3547.78,0,0,0,0,0.00,0,0,0
55766,3598.85,0,0,0,0,0.00,0,0,0
55816,3557.87,0,0,0,0,0.00,0,0,0
55866,3618.82,0,0,0,0,0.00,0,0,0
55916,3585.09,0,0,0,0,0.00,0,0,0
55966,3597.98,0,0,0,0,0.00,0,0,0
56016,3584.23,0,0,0,0,0.00,0,0,0
56066,3546.10,0,0,0,0,0.00,0,0,0
56116,3538.57,0,0,0,0,0.00,0,0,0
56166,3532.74,0,0,0,0,0.00,0,0,0
56216,3563.79,0,0,0,0,0.00,0,0,0
56266,3553.66,0,0,0,0,0.00,0,0,0
56316,3588.52,0,0,0,0,0.00,0,0,0
56366,3575.69,0,0,0,0,0.00,0,0,0
56416,3598.85,0,0,0,0,0.00,0,0,0
56466,3557.87,0,0,0,0,0.00,0,0,0
56516,3598.85,0,0,0,0,0.00,0,0,0
56566,3580.81,0,0,0,0,0.00,0,0,0
56616,3624.06,0,0,0,0,0.00,0,0,0
56666,3603.17,0,0,0,0,0.00,0,0,0
56716,3597.12,0,0,0,0,0.00,0,0,0
56766,3575.69,0,0,0,0,0.00,0,0,0
56816,3557.03,0,0,0,0,0.00,0,0,0
56866,3558.72,0,0,0,0,0.00,0,0,0
56916,3537.74,0,0,0,0,0.00,0,0,0
56966,3527.75,0,0,0,0,0.00,0,0,0
57016,3579.10,0,0,0,0,0.00,0,0,0
57066,3527.75,0,0,0,0,0.00,0,0,0
57116,3528.58,0,0,0,0,0.00,0,0,0
57166,3528.58,0,0,0,0,0.00,0,0,0
57216,3568.88,0,0,0,0,0.00,0,0,0
57266,3565.49,0,0,0,0,0.00,0,0,0
57316,3606.64,0,0,0,0,0.00,0,0,0
57366,3575.69,0,0,0,0,0.00,0,0,0
57416,3578.24,0,0,0,0,0.00,0,0,0
57466,3563.79,0,0,0,0,0.00,0,0,0
57516,3573.98,0,0,0,0,0.00,0,0,0
57566,3613.59,0,0,0,0,0.00,0,0,0
57616,3552.82,0,0,0,0,0.00,0,0,0
57666,3593.67,0,0,0,0,0.00,0,0,0
57716,3552.82,0,0,0,0,0.00,0,0,0
57766,3557.87,0,0,0,0,0.00,0,0,0
57816,3547.78,0,0,0,0,0.00,0,0,0
57866,3568.88,0,0,0,0,0.00,0,0,0
57916,3557.03,0,0,0,0,0.00,0,0,0
57966,3588.52,0,0,0,0,0.00,0,0,0
58016,3573.13,0,0,0,0,0.00,0,0,0
58066,3609.24,0,0,0,0,0.00,0,0,0
58116,3583.37,0,0,0,0,0.00,0,0,0
58166,3587.66,0,0,0,0,0.00,0,0,0
58216,3565.49,0,0,0,0,0.00,0,0,0
58266,3577.39,0,0,0,0,0.00,0,0,0
58316,3573.98,0,0,0,0,0.00,0,0,0
58366,3598.85,0,0,0,0,0.00,0,0,0
58416,3582.52,0,0,0,0,0.00,0,0,0
58466,3598.85,0,0,0,0,0.00,0,0,0
58516,3583.37,0,0,0,0,0.00,0,0,0
58566,3586.80,0,0,0,0,0.00,0,0,0
58616,3582.52,0,0,0,0,0.00,0,0,0
58667,3588.52,0,0,0,0,0.00,0,0,0
58717,3565.49,0,0,0,0,0.00,0,0,0
58767,3598.85,0,0,0,0,0.00,0,0,0
58817,3581.66,0,0,0,0,0.00,0,0,0
58867,3627.57,0,0,0,0,0.00,0,0,0
58917,3613.59,0,0,0,0,0.00,0,0,0
58967,3644.31,0,0,0,0,0.00,0,0,0
59017,3633.72,0,0,0,0,0.00,0,0,0
59067,3664.79,0,0,0,0,0.00,0,0,0
59117,3644.31,0,0,0,0,0.00,0,0,0
59167,3654.97,0,0,0,0,0.00,0,0,0
59217,3644.31,0,0,0,0,0.00,0,0,0
59267,3654.08,0,0,0,0,0.00,0,0,0
59317,3633.72,0,0,0,0,0.00,0,0,0
59367,3654.97,0,0,0,0,0.00,0,0,0
59417,3623.19,0,0,0,0,0.00,0,0,0
59467,3612.72,0,0,0,0,0.00,0,0,0
59517,3602.31,0,0,0,0,0.00,0,0,0
59567,3610.11,0,0,0,0,0.00,0,0,0
59617,3603.17,0,0,0,0,0.00,0,0,0
59667,3643.43,0,0,0,0,0.00,0,0,0
59717,3623.19,0,0,0,0,0.00,0,0,0
59767,3618.82,0,0,0,0,0.00,0,0,0
59817,3592.81,0,0,0,0,0.00,0,0,0
59867,3584.23,0,0,0,0,0.00,0,0,0
59917,3585.09,0,0,0,0,0.00,0,0,0
59967,3623.19,0,0,0,0,0.00,0,0,0
60017,3613.59,0,0,0,0,0.00,0,0,0
60067,3633.72,0,0,0,0,0.00,0,0,0
60118,3619.69,0,0,0,0,0.00,0,0,0
60168,3654.08,0,0,0,0,0.00,0,0,0
60218,3581.66,0,0,0,0,0.00,0,0,0
60268,3643.43,0,0,0,0,0.00,0,0,0
60318,3613.59,0,0,0,0,0.00,0,0,0
60368,3643.43,0,0,0,0,0.00,0,0,0
60418,3604.04,0,0,0,0,0.00,0,0,0
60468,3577.39,0,0,0,0,0.00,0,0,0
60518,3573.98,0,0,0,0,0.00,0,0,0
60568,3558.72,0,0,0,0,0.00,0,0,0
60618,3547.78,0,0,0,0,0.00,0,0,0
60668,3598.85,0,0,0,0,0.00,0,0,0
60718,3547.78,0,0,0,0,0.00,0,0,0
60768,3568.03,0,0,0,0,0.00,0,0,0
60818,3568.03,0,0,0,0,0.00,0,0,0
60868,3606.64,0,0,0,0,0.00,0,0,0
60918,3631.08,0,0,0,0,0.00,0,0,0
60968,3606.64,0,0,0,0,0.00,0,0,0
61018,3575.69,0,0,0,0,0.00,0,0,0
61068,3598.85,0,0,0,0,0.00,0,0,0
61118,3582.52,0,0,0,0,0.00,0,0,0
61168,3633.72,0,0,0,0,0.00,0,0,0
61218,3613.59,0,0,0,0,0.00,0,0,0
61268,3608.37,0,0,0,0,0.00,0,0,0
61318,3592.81,0,0,0,0,0.00,0,0,0
61368,3597.98,0,0,0,0,0.00,0,0,0
61418,3583.37,0,0,0,0,0.00,0,0,0
61468,3607.50,0,0,0,0,0.00,0,0,0
61518,3591.95,0,0,0,0,0.00,0,0,0
61568,3623.19,0,0,0,0,0.00,0,0,0
61618,3613.59,0,0,0,0,0.00,0,0,0
61668,3624.94,0,0,0,0,0.00,0,0,0
61718,3591.09,0,0,0,0,0.00,0,0,0
61768,3615.33,0,0,0,0,0.00,0,0,0
61818,3591.95,0,0,0,0,0.00,0,0,0
61868,3631.08,0,0,0,0,0.00,0,0,0
61918,3603.17,0,0,0,0,0.00,0,0,0
61968,3643.43,0,0,0,0,0.00,0,0,0
62018,3623.19,0,0,0,0,0.00,0,0,0
62068,3617.07,0,0,0,0,0.00,0,0,0
62118,3576.54,0,0,0,0,0.00,0,0,0
62168,3618.82,0,0,0,0,0.00,0,0,0
62218,3582.52,0,0,0,0,0.00,0,0,0
62268,3628.45,0,0,0,0,0.00,0,0,0
62318,3575.69,0,0,0,0,0.00,0,0,0
62368,3589.38,0,0,0,0,0.00,0,0,0
62418,3585.09,0,0,0,0,0.00,0,0,0
62468,3624.06,0,0,0,0,0.00,0,0,0
62518,3611.85,0,0,0,0,0.00,0,0,0
62568,3622.31,0,0,0,0,0.00,0,0,0
62618,3603.17,0,0,0,0,0.00,0,0,0
62668,3592.81,0,0,0,0,0.00,0,0,0
62718,3572.28,0,0,0,0,0.00,0,0,0
62768,3629.32,0,0,0,0,0.00,0,0,0
62818,3593.67,0,0,0,0,0.00,0,0,0
62868,3577.39,0,0,0,0,0.00,0,0,0
62918,3557.87,0,0,0,0,0.00,0,0,0
62968,3608.37,0,0,0,0,0.00,0,0,0
63019,3585.09,0,0,0,0,0.00,0,0,0
63069,3617.94,0,0,0,0,0.00,0,0,0
63119,3603.17,0,0,0,0,0.00,0,0,0
63169,3601.44,0,0,0,0,0.00,0,0,0
63219,3583.37,0,0,0,0,0.00,0,0,0
63269,3629.32,0,0,0,0,0.00,0,0,0
63319,3579.95,0,0,0,0,0.00,0,0,0
63369,3624.06,0,0,0,0,0.00,0,0,0
63419,3613.59,0,0,0,0,0.00,0,0,0
63469,3616.20,0,0,0,0,0.00,0,0,0
63519,3603.17,0,0,0,0,0.00,0,0,0
63569,3601.44,0,0,0,0,0.00,0,0,0
63619,3592.81,0,0,0,0,0.00,0,0,0
63669,3634.60,0,0,0,0,0.00,0,0,0
63719,3514.53,0,0,0,0,0.00,0,0,0
63769,3588.52,0,0,0,0,0.00,0,0,0
63819,3576.54,0,0,0,0,0.00,0,0,0
63869,3609.24,0,0,0,0,0.00,0,0,0
63919,3593.67,0,0,0,0,0.00,0,0,0
63969,3626.69,0,0,0,0,0.00,0,0,0
64019,3557.87,0,0,0,0,0.00,0,0,0
64069,3548.62,0,0,0,0,0.00,0,0,0
64119,3612.72,0,0,0,0,0.00,0,0,0
64169,3524.44,0,0,0,0,0.00,0,0,0
64219,3591.95,0,0,0,0,0.00,0,0,0
64269,3591.09,0,0,0,0,0.00,0,0,0
64319,3623.19,0,0,0,0,0.00,0,0,0
64369,3558.72,0,0,0,0,0.00,0,0,0
64419,3558.72,0,0,0,0,0.00,0,0,0
64470,3548.62,0,0,0,0,0.00,0,0,0
64520,3598.85,0,0,0,0,0.00,0,0,0
64570,3582.52,0,0,0,0,0.00,0,0,0
64620,3597.98,0,0,0,0,0.00,0,0,0
64670,3568.03,0,0,0,0,0.00,0,0,0
64720,3598.85,0,0,0,0,0.00,0,0,0
64770,3585.09,0,0,0,0,0.00,0,0,0
64820,3618.82,0,0,0,0,0.00,0,0,0
64870,3603.17,0,0,0,0,0.00,0,0,0
64920,3644.31,0,0,0,0,0.00,0,0,0
64970,3572.28,0,0,0,0,0.00,0,0,0
65020,3608.37,0,0,0,0,0.00,0,0,0
65070,3593.67,0,0,0,0,0.00,0,0,0
65120,3598.85,0,0,0,0,0.00,0,0,0
65170,3592.81,0,0,0,0,0.00,0,0,0
65220,3584.23,0,0,0,0,0.00,0,0,0
65270,3568.03,0,0,0,0,0.00,0,0,0
65320,3597.98,0,0,0,0,0.00,0,0,0
65370,3573.13,0,0,0,0,0.00,0,0,0
65420,3597.12,0,0,0,0,0.00,0,0,0
65470,3583.37,0,0,0,0,0.00,0,0,0
65520,3568.88,0,0,0,0,0.00,0,0,0
65570,3537.74,0,0,0,0,0.00,0,0,0
65620,3588.52,0,0,0,0,0.00,0,0,0
65670,3573.98,0,0,0,0,0.00,0,0,0
65720,3608.37,0,0,0,0,0.00,0,0,0
65770,3585.09,0,0,0,0,0.00,0,0,0
65820,3558.72,0,0,0,0,0.00,0,0,0
65870,3547.78,0,0,0,0,0.00,0,0,0
65920,3568.88,0,0,0,0,0.00,0,0,0
65970,3566.33,0,0,0,0,0.00,0,0,0
66020,3587.66,0,0,0,0,0.00,0,0,0
66070,3577.39,0,0,0,0,0.00,0,0,0
66120,3608.37,0,0,0,0,0.00,0,0,0
66170,3593.67,0,0,0,0,0.00,0,0,0
66220,3618.82,0,0,0,0,0.00,0,0,0
66270,3591.95,0,0,0,0,0.00,0,0,0
66320,3600.58,0,0,0,0,0.00,0,0,0
66370,3580.81,0,0,0,0,0.00,0,0,0
66420,3558.72,0,0,0,0,0.00,0,0,0
66470,3557.03,0,0,0,0,0.00,0,0,0
66520,3573.13,0,0,0,0,0.00,0,0,0
66570,3561.25,0,0,0,0,0.00,0,0,0
66620,3558.72,0,0,0,0,0.00,0,0,0
66670,3587.66,0,0,0,0,0.00,0,0,0
66720,3574.83,0,0,0,0,0.00,0,0,0
66770,3597.98,0,0,0,0,0.00,0,0,0
66820,3593.67,0,0,0,0,0.00,0,0,0
66870,3635.48,0,0,0,0,0.00,0,0,0
66920,3622.31,0,0,0,0,0.00,0,0,0
66970,3663.00,0,0,0,0,0.00,0,0,0
67020,3592.81,0,0,0,0,0.00,0,0,0
67070,3599.71,0,0,0,0,0.00,0,0,0
67120,3591.95,0,0,0,0,0.00,0,0,0
67170,3623.19,0,0,0,0,0.00,0,0,0
67220,3591.95,0,0,0,0,0.00,0,0,0
67270,3643.43,0,0,0,0,0.00,0,0,0
67320,3592.81,0,0,0,0,0.00,0,0,0
67371,3639.01,0,0,0,0,0.00,0,0,0
67421,3591.95,0,0,0,0,0.00,0,0,0
67471,3643.43,0,0,0,0,0.00,0,0,0
67521,3604.04,0,0,0,0,0.00,0,0,0
67571,3617.94,0,0,0,0,0.00,0,0,0
67621,3592.81,0,0,0,0,0.00,0,0,0
67671,3626.69,0,0,0,0,0.00,0,0,0
67721,3558.72,0,0,0,0,0.00,0,0,0
67771,3628.45,0,0,0,0,0.00,0,0,0
67821,3612.72,0,0,0,0,0.00,0,0,0
67871,3610.11,0,0,0,0,0.00,0,0,0
67921,3604.04,0,0,0,0,0.00,0,0,0
67971,3587.66,0,0,0,0,0.00,0,0,0
68021,3576.54,0,0,0,0,0.00,0,0,0
68071,3608.37,0,0,0,0,0.00,0,0,0
68121,3603.17,0,0,0,0,0.00,0,0,0
68171,3617.07,0,0,0,0,0.00,0,0,0
68221,3591.95,0,0,0,0,0.00,0,0,0
68271,3644.31,0,0,0,0,0.00,0,0,0
68321,3568.03,0,0,0,0,0.00,0,0,0
68371,3618.82,0,0,0,0,0.00,0,0,0
68421,3603.17,0,0,0,0,0.00,0,0,0
68471,3623.19,0,0,0,0,0.00,0,0,0
68521,3603.17,0,0,0,0,0.00,0,0,0
68571,3624.94,0,0,0,0,0.00,0,0,0
68621,3611.85,0,0,0,0,0.00,0,0,0
68671,3644.31,0,0,0,0,0.00,0,0,0
68721,3623.19,0,0,0,0,0.00,0,0,0
68771,3633.72,0,0,0,0,0.00,0,0,0
68822,3623.19,0,0,0,0,0.00,0,0,0
68872,3644.31,0,0,0,0,0.00,0,0,0
68922,3624.06,0,0,0,0,0.00,0,0,0
68972,3633.72,0,0,0,0,0.00,0,0,0
69022,3613.59,0,0,0,0,0.00,0,0,0
69072,3624.06,0,0,0,0,0.00,0,0,0
69122,3604.04,0,0,0,0,0.00,0,0,0
69172,3622.31,0,0,0,0,0.00,0,0,0
69222,3603.17,0,0,0,0,0.00,0,0,0
69272,3633.72,0,0,0,0,0.00,0,0,0
69322,3624.06,0,0,0,0,0.00,0,0,0
69372,3602.31,0,0,0,0,0.00,0,0,0
69422,3602.31,0,0,0,0,0.00,0,0,0
69472,3644.31,0,0,0,0,0.00,0,0,0
69522,3562.95,0,0,0,0,0.00,0,0,0
69572,3613.59,0,0,0,0,0.00,0,0,0
69622,3593.67,0,0,0,0,0.00,0,0,0
69672,3602.31,0,0,0,0,0.00,0,0,0
69722,3560.41,0,0,0,0,0.00,0,0,0
69772,3588.52,0,0,0,0,0.00,0,0,0
69822,3567.18,0,0,0,0,0.00,0,0,0
69872,3586.80,0,0,0,0,0.00,0,0,0
69922,3588.52,0,0,0,0,0.00,0,0,0
69972,3614.46,0,0,0,0,0.00,0,0,0
70022,3613.59,0,0,0,0,0.00,0,0,0
70072,3654.08,0,0,0,0,0.00,0,0,0
70122,3623.19,0,0,0,0,0.00,0,0,0
70172,3654.08,0,0,0,0,0.00,0,0,0
70222,3633.72,0,0,0,0,0.00,0,0,0
70272,3633.72,0,0,0,0,0.00,0,0,0
70322,3623.19,0,0,0,0,0.00,0,0,0
70372,3623.19,0,0,0,0,0.00,0,0,0
70422,3601.44,0,0,0,0,0.00,0,0,0
70472,3624.06,0,0,0,0,0.00,0,0,0
70522,3624.06,0,0,0,0,0.00,0,0,0
70572,3602.31,0,0,0,0,0.00,0,0,0
70622,3519.47,0,0,0,0,0.00,0,0,0
70672,3442.74,0,0,0,0,0.00,0,0,0
70722,3361.72,0,0,0,0,0.00,0,0,0
70772,3283.71,0,0,0,0,0.00,0,0,0
70822,3225.81,0,0,0,0,0.00,0,0,0
70872,3145.97,0,0,0,0,0.00,0,0,0
70922,3063.10,0,0,0,0,0.00,0,0,0
70972,3012.05,0,0,0,0,0.00,0,0,0
71022,2916.02,0,0,0,0,0.00,0,0,0
71072,2864.24,0,0,0,0,0.00,0,0,0
71122,2813.20,0,0,0,0,0.00,0,0,0
71172,2735.23,0,0,0,0,0.00,0,0,0
71222,2682.88,0,0,0,0,0.00,0,0,0
71272,2627.43,0,0,0,0,0.00,0,0,0
71322,2574.67,0,0,0,0,0.00,0,0,0
71372,2518.05,0,0,0,0,0.00,0,0,0
71422,2497.09,0,0,0,0,0.00,0,0,0
71472,2404.62,0,0,0,0,0.00,0,0,0
71522,2347.42,0,0,0,0,0.00,0,0,0
71572,2292.53,0,0,0,0,0.00,0,0,0
71622,2232.47,0,0,0,0,0.00,0,0,0
71672,2178.97,0,0,0,0,0.00,0,0,0
71723,2120.74,0,0,0,0,0.00,0,0,0
71773,2079.00,0,0,0,0,0.00,0,0,0
71823,2023.47,0,0,0,0,0.00,0,0,0
71873,1964.12,0,0,0,0,0.00,0,0,0
71923,1948.31,0,0,0,0,0.00,0,0,0
71973,1885.61,0,0,0,0,0.00,0,0,0
72023,1846.61,0,0,0,0,0.00,0,0,0
72073,1785.50,0,0,0,0,0.00,0,0,0
72123,1767.83,0,0,0,0,0.00,0,0,0
72173,1709.01,0,0,0,0,0.00,0,0,0
72223,1662.05,0,0,0,0,0.00,0,0,0
72273,1648.90,0,0,0,0,0.00,0,0,0
72323,1587.64,0,0,0,0,0.00,0,0,0
72373,1535.63,0,0,0,0,0.00,0,0,0
72423,1524.70,0,0,0,0,0.00,0,0,0
72473,1472.03,0,0,0,0,0.00,0,0,0
72523,1405.68,0,0,0,0,0.00,0,0,0
72573,1394.70,0,0,0,0,0.00,0,0,0
72623,1339.05,0,0,0,0,0.00,0,0,0
72673,1329.32,0,0,0,0,0.00,0,0,0
72723,1269.57,0,0,0,0,0.00,0,0,0
72773,1259.55,0,0,0,0,0.00,0,0,0
72823,1196.94,0,0,0,0,0.00,0,0,0
72873,1190.29,0,0,0,0,0.00,0,0,0
72923,1122.25,0,0,0,0,0.00,0,0,0
72973,1118.32,0,0,0,0,0.00,0,0,0
73023,1045.08,0,0,0,0,0.00,0,0,0
73073,1041.74,0,0,0,0,0.00,0,0,0
73123,1041.74,0,0,0,0,0.00,0,0,0
73174,975.29,0,0,0,0,0.00,0,0,0
73224,959.45,0,0,0,0,0.00,0,0,0
73274,877.65,0,0,0,0,0.00,0,0,0
73324,877.65,0,0,0,0,0.00,0,0,0
73374,873.31,0,0,0,0,0.00,0,0,0
73424,786.25,0,0,0,0,0.00,0,0,0
73474,786.25,0,0,0,0,0.00,0,0,0
73524,781.74,0,0,0,0,0.00,0,0,0
73574,702.97,0,0,0,0,0.00,0,0,0
73624,702.97,0,0,0,0,0.00,0,0,0
73674,676.90,0,0,0,0,0.00,0,0,0
73724,676.90,0,0,0,0,0.00,0,0,0
73774,588.24,0,0,0,0,0.00,0,0,0
73824,588.24,0,0,0,0,0.00,0,0,0
73874,555.89,0,0,0,0,0.00,0,0,0
73924,555.89,0,0,0,0,0.00,0,0,0
73974,555.89,0,0,0,0,0.00,0,0,0
74024,454.60,0,0,0,0,0.00,0,0,0
74074,454.60,0,0,0,0,0.00,0,0,0
74124,454.60,0,0,0,0,0.00,0,0,0
74174,403.49,0,0,0,0,0.00,0,0,0
74224,403.49,0,0,0,0,0.00,0,0,0
74274,403.49,0,0,0,0,0.00,0,0,0
74324,403.49,0,0,0,0,0.00,0,0,0
74374,0.00,0,0,0,0,0.00,0,0,0
74424,243.99,0,0,0,0,0.00,0,0,0
74474,243.99,0,0,0,0,0.00,0,0,0
74524,243.99,0,0,0,0,0.00,0,0,0
74574,243.99,0,0,0,0,0.00,0,0,0
74624,0.00,0,0,0,0,0.00,0,0,0
74674,0.00,0,0,0,0,0.00,0,0,0
74724,0.00,0,0,0,0,0.00,0,0,0
74774,0.00,0,0,0,0,0.00,0,0,0
74824,0.00,0,0,0,0,0.00,0,0,0
74874,0.00,0,0,0,0,0.00,0,0,0
74924,0.00,0,0,0,0,0.00,0,0,0
74974,0.00,0,0,0,0,0.00,0,0,0
75024,0.00,0,0,0,0,0.00,0,0,0
75074,0.00,0,0,0,0,0.00,0,0,0
75124,0.00,0,0,0,0,0.00,0,0,0
75174,0.00,0,0,0,0,0.00,0,0,0
75224,0.00,0,0,0,0,0.00,0,0,0
75274,0.00,0,0,0,0,0.00,0,0,0
75324,0.00,0,0,0,0,0.00,0,0,0
75374,0.00,0,0,0,0,0.00,0,0,0
75424,0.00,0,0,0,0,0.00,0,0,0
75474,0.00,0,0,0,0,0.00,0,0,0
75524,0.00,0,0,0,0,0.00,0,0,0
75574,0.00,0,0,0,0,0.00,0,0,0
75624,0.00,0,0,0,0,0.00,0,0,0
75674,0.00,0,0,0,0,0.00,0,0,0
75724,0.00,0,0,0,0,0.00,0,0,0
75774,0.00,0,0,0,0,0.00,0,0,0
75824,0.00,0,0,0,0,0.00,0,0,0
75874,0.00,0,0,0,0,0.00,0,0,0
75924,0.00,0,0,0,0,0.00,0,0,0
75974,0.00,0,0,0,0,0.00,0,0,0
76024,0.00,0,0,0,0,0.00,0,0,0
76075,0.00,0,0,0,0,0.00,0,0,0
76125,0.00,0,0,0,0,0.00,0,0,0
76175,0.00,0,0,0,0,0.00,0,0,0
76225,0.00,0,0,0,0,0.00,0,0,0
76275,0.00,0,0,0,0,0.00,0,0,0
76325,0.00,0,0,0,0,0.00,0,0,0
76375,0.00,0,0,0,0,0.00,0,0,0
76425,0.00,0,0,0,0,0.00,0,0,0
76475,0.00,0,0,0,0,0.00,0,0,0
76525,0.00,0,0,0,0,0.00,0,0,0
76575,0.00,0,0,0,0,0.00,0,0,0
76625,0.00,0,0,0,0,0.00,0,0,0
76675,0.00,0,0,0,0,0.00,0,0,0
76725,0.00,0,0,0,0,0.00,0,0,0
76775,0.00,0,0,0,0,0.00,0,0,0
76825,0.00,0,0,0,0,0.00,0,0,0
76875,0.00,0,0,0,0,0.00,0,0,0
76925,0.00,0,0,0,0,0.00,0,0,0
76975,0.00,0,0,0,0,0.00,0,0,0
77025,0.00,0,0,0,0,0.00,0,0,0
77075,0.00,0,0,0,0,0.00,0,0,0
77125,0.00,0,0,0,0,0.00,0,0,0
77175,0.00,0,0,0,0,0.00,0,0,0
77225,0.00,0,0,0,0,0.00,0,0,0
77275,0.00,0,0,0,0,0.00,0,0,0
77325,0.00,0,0,0,0,0.00,0,0,0
77375,0.00,0,0,0,0,0.00,0,0,0
77425,0.00,0,0,0,0,0.00,0,0,0
77475,0.00,0,0,0,0,0.00,0,0,0
77526,0.00,0,0,0,0,0.00,0,0,0
77576,0.00,0,0,0,0,0.00,0,0,0
77626,0.00,0,0,0,0,0.00,0,0,0
77676,0.00,0,0,0,0,0.00,0,0,0
77726,0.00,0,0,0,0,0.00,0,0,0
77776,0.00,0,0,0,0,0.00,0,0,0
77826,0.00,0,0,0,0,0.00,0,0,0
77876,0.00,0,0,0,0,0.00,0,0,0
77926,0.00,0,0,0,0,0.00,0,0,0
77976,0.00,0,0,0,0,0.00,0,0,0
78026,0.00,0,0,0,0,0.00,0,0,0
78076,0.00,0,0,0,0,0.00,0,0,0
78126,0.00,0,0,0,0,0.00,0,0,0
78176,0.00,0,0,0,0,0.00,0,0,0
78226,0.00,0,0,0,0,0.00,0,0,0
78276,0.00,0,0,0,0,0.00,0,0,0
78326,0.00,0,0,0,0,0.00,0,0,0
78376,0.00,0,0,0,0,0.00,0,0,0
78426,0.00,0,0,0,0,0.00,0,0,0
78476,0.00,0,0,0,0,0.00,0,0,0
78526,0.00,0,0,0,0,0.00,0,0,0
78576,0.00,0,0,0,0,0.00,0,0,0
78626,0.00,0,0,0,0,0.00,0,0,0
78676,0.00,0,0,0,0,0.00,0,0,0
78726,0.00,0,0,0,0,0.00,0,0,0
78776,0.00,0,0,0,0,0.00,0,0,0
78826,0.00,0,0,0,0,0.00,0,0,0
78876,0.00,0,0,0,0,0.00,0,0,0
78926,0.00,0,0,0,0,0.00,0,0,0
78976,0.00,0,0,0,0,0.00,0,0,0
79026,0.00,0,0,0,0,0.00,0,0,0
79076,0.00,0,0,0,0,0.00,0,0,0
79126,0.00,0,0,0,0,0.00,0,0,0
79176,0.00,0,0,0,0,0.00,0,0,0
79226,0.00,0,0,0,0,0.00,0,0,0
79276,0.00,0,0,0,0,0.00,0,0,0
79326,0.00,0,0,0,0,0.00,0,0,0
79376,0.00,0,0,0,0,0.00,0,0,0
79426,0.00,0,0,0,0,0.00,0,0,0
79476,0.00,0,0,0,0,0.00,0,0,0
79526,0.00,0,0,0,0,0.00,0,0,0
79576,0.00,0,0,0,0,0.00,0,0,0
79626,0.00,0,0,0,0,0.00,0,0,0
79676,0.00,0,0,0,0,0.00,0,0,0
79726,0.00,0,0,0,0,0.00,0,0,0
79776,0.00,0,0,0,0,0.00,0,0,0
79826,0.00,0,0,0,0,0.00,0,0,0
79876,0.00,0,0,0,0,0.00,0,0,0
79926,0.00,0,0,0,0,0.00,0,0,0
79976,0.00,0,0,0,0,0.00,0,0,0
80026,0.00,0,0,0,0,0.00,0,0,0
80076,0.00,0,0,0,0,0.00,0,0,0
80126,0.00,0,0,0,0,0.00,0,0,0
80176,0.00,0,0,0,0,0.00,0,0,0
80226,0.00,0,0,0,0,0.00,0,0,0
80276,0.00,0,0,0,0,0.00,0,0,0
80326,0.00,0,0,0,0,0.00,0,0,0
